JOB 0
COORDS -6.6256693422e-01  5.0318444175e-01 -1.5751566680e+00 -3.3609789771e+00  2.4262069964e+00 -3.2183628449e+00 -3.9314646164e+00  1.0642045598e+00 -2.8377115783e+00 -2.4475271308e+00  1.2715101369e+00 -2.9440159856e+00 -3.7659497985e-03  7.0834074039e-01 -2.3217918179e-01 -3.0689489881e-01 -2.9464581456e-01 -2.4196451607e+00 -1.7180262433e+00  1.3482483045e+00 -1.7206752014e+00 -3.4544994443e+00  2.7705831035e+00 -4.2439964103e+00 -3.4070534042e+00  3.2056978078e+00 -2.4642592601e+00 -4.3419106464e+00  9.6724932419e-01 -1.8373903392e+00 -4.4188485144e+00  4.6115005037e-01 -3.5981593566e+00 -1.8932533871e+00  8.0341749207e-01 -3.7480460827e+00  3.4667344384e-01  1.7405976940e+00 -1.4129648206e-01  8.3513594398e-01  2.0439691795e-02 -1.3133335400e-01 -7.2740767690e-01  5.3582782140e-01  5.6982295064e-01
ENERGY -3.458364500888e+02

JOB 1
COORDS -6.1300161740e-01  5.3679724461e-01 -1.6045452617e+00 -3.3032875387e+00  2.4007001753e+00 -3.2501717934e+00 -3.9847337789e+00  1.1066469576e+00 -2.8211400691e+00 -2.4891215385e+00  1.1844690004e+00 -2.9220555583e+00  3.1167178131e-05  6.9501633757e-01 -2.3372212072e-01 -1.3996820300e-01 -1.1344832439e-01 -2.5157162865e+00 -1.7792620986e+00  1.2303973980e+00 -1.6849441964e+00 -3.3628635246e+00  2.7102148290e+00 -4.2894800341e+00 -3.2872252128e+00  3.2107752115e+00 -2.5277159300e+00 -4.4072300982e+00  1.0819186121e+00 -1.8214785864e+00 -4.5167267237e+00  5.1755569580e-01 -3.5624408213e+00 -1.9627871647e+00  6.4654156130e-01 -3.7003507489e+00  1.9510402206e-01  1.7521576944e+00 -3.1108028544e-02  9.2995724549e-01  1.2928902424e-01 -1.8546861045e-01 -6.9547065115e-01  3.3724103766e-01  5.3102461021e-01
ENERGY -3.458361870155e+02

JOB 2
COORDS -5.8354880623e-01  5.8963092380e-01 -1.6201189834e+00 -3.2391636970e+00  2.3695412998e+00 -3.2729239941e+00 -4.0242511290e+00  1.1523061000e+00 -2.8005083875e+00 -2.5286796541e+00  1.1015680211e+00 -2.8937624516e+00  5.0651687114e-04  6.8809110301e-01 -2.3119989142e-01 -2.4534690975e-02  1.0914699209e-01 -2.5862022075e+00 -1.8375176522e+00  1.1139279410e+00 -1.6454219313e+00 -3.2687063652e+00  2.6438560963e+00 -4.3233944276e+00 -3.1584307774e+00  3.2015578427e+00 -2.5803201732e+00 -4.4515820398e+00  1.1991025249e+00 -1.8037118913e+00 -4.6005322638e+00  5.8210930288e-01 -3.5231620730e+00 -2.0410656890e+00  5.0070062661e-01 -3.6510114679e+00  4.3845825845e-02  1.7352623830e+00  8.2317853746e-02  1.0012535277e+00  2.5724522910e-01 -2.2779766273e-01 -6.3739296060e-01  1.5819956614e-01  4.8209601422e-01
ENERGY -3.458362580470e+02

JOB 3
COORDS -5.7469734065e-01  6.5559410679e-01 -1.6320653484e+00 -3.1687220656e+00  2.3298351672e+00 -3.2954781700e+00 -4.0523278742e+00  1.1991647221e+00 -2.7841625069e+00 -2.5676393840e+00  1.0196112876e+00 -2.8696345443e+00 -1.8972462934e-03  6.8419253465e-01 -2.3538110105e-01  3.7791406467e-02  3.6340883451e-01 -2.6397386913e+00 -1.8912207518e+00  9.9712560027e-01 -1.6138464446e+00 -3.1732035347e+00  2.5689869429e+00 -4.3548415227e+00 -3.0183547343e+00  3.1754473465e+00 -2.6315025543e+00 -4.4758608203e+00  1.3147119976e+00 -1.7913679628e+00 -4.6734469533e+00  6.5520082688e-01 -3.4895389125e+00 -2.1307478579e+00  3.5955696518e-01 -3.6089156346e+00 -1.0299451713e-01  1.6874288807e+00  1.8904748190e-01  1.0491256874e+00  3.9896409336e-01 -2.6888153404e-01 -5.5567220370e-01 -2.6384295030e-03  4.1120109878e-01
ENERGY -3.458366304244e+02

JOB 4
COORDS -5.8809456655e-01  7.2008964153e-01 -1.6381412056e+00 -3.0925486417e+00  2.2800206953e+00 -3.3101576835e+00 -4.0704063267e+00  1.2430482962e+00 -2.7713095991e+00 -2.6076145553e+00  9.3474665742e-01 -2.8491536421e+00 -7.9522504138e-03  6.8367258207e-01 -2.4483673196e-01  4.4889119193e-02  6.2091826676e-01 -2.6697486204e+00 -1.9403315877e+00  8.7088794631e-01 -1.5907109932e+00 -3.0749514607e+00  2.4905919437e+00 -4.3752536289e+00 -2.8695681597e+00  3.1267740733e+00 -2.6684009379e+00 -4.4829778256e+00  1.4190689179e+00 -1.7828108242e+00 -4.7355056146e+00  7.3658860646e-01 -3.4642847765e+00 -2.2310141221e+00  2.2410983063e-01 -3.5759138765e+00 -2.4120591691e-01  1.6143646818e+00  2.8082330841e-01  1.0718753499e+00  5.5113462825e-01 -3.0469248007e-01 -4.5455531609e-01 -1.3555305906e-01  3.2602642556e-01
ENERGY -3.458370587530e+02

JOB 5
COORDS -6.1277516486e-01  7.8152529778e-01 -1.6419275568e+00 -3.0145577337e+00  2.2249717824e+00 -3.3194858953e+00 -4.0757388815e+00  1.2870055811e+00 -2.7567729140e+00 -2.6456640665e+00  8.5203050306e-01 -2.8377755158e+00 -2.0449871826e-02  6.9100697910e-01 -2.5631427486e-01  1.5338361760e-02  8.7141560913e-01 -2.6766987539e+00 -1.9739277392e+00  7.3844766916e-01 -1.5859107603e+00 -2.9835017226e+00  2.4133812869e+00 -4.3882095634e+00 -2.7136124617e+00  3.0609331345e+00 -2.6957736544e+00 -4.4637005436e+00  1.5139081554e+00 -1.7686465273e+00 -4.7873213672e+00  8.2774040235e-01 -3.4362933018e+00 -2.3400309758e+00  1.0223395743e-01 -3.5599951504e+00 -3.7530562601e-01  1.5249317120e+00  3.5657131431e-01  1.0667759565e+00  7.1523018409e-01 -3.2380566911e-01 -3.4476572735e-01 -2.3347015719e-01  2.3017687849e-01
ENERGY -3.458371670555e+02

JOB 6
COORDS -6.3985999996e-01  8.3565412158e-01 -1.6439464434e+00 -2.9465224034e+00  2.1633725000e+00 -3.3326682833e+00 -4.0700533903e+00  1.3255263341e+00 -2.7336082741e+00 -2.6814832185e+00  7.7323460869e-01 -2.8380858848e+00 -4.1160627988e-02  6.9087258779e-01 -2.6546719341e-01 -2.9507121397e-02  1.1100624282e+00 -2.6558644998e+00 -1.9841409142e+00  6.0359166139e-01 -1.6072051890e+00 -2.9197212411e+00  2.3320374716e+00 -4.4045852996e+00 -2.5641662401e+00  2.9818225821e+00 -2.7312389403e+00 -4.4145640475e+00  1.5965195256e+00 -1.7404330378e+00 -4.8323291533e+00  9.1515174185e-01 -3.3890865293e+00 -2.4603710995e+00 -6.2976061681e-03 -3.5610050551e+00 -4.9957168687e-01  1.4116740383e+00  4.1814053463e-01  1.0342162738e+00  8.5866861527e-01 -3.1690756810e-01 -2.4581120151e-01 -3.0873847185e-01  1.2874110647e-01
ENERGY -3.458365802408e+02

JOB 7
COORDS -6.5873932097e-01  8.9957673327e-01 -1.6362451506e+00 -2.8936186936e+00  2.1089530477e+00 -3.3642106772e+00 -4.0481553482e+00  1.3692287097e+00 -2.6992739545e+00 -2.7062470567e+00  7.1561557995e-01 -2.8467376886e+00 -6.4759514627e-02  6.8858719494e-01 -2.6370493005e-01 -7.3323696808e-02  1.3536826137e+00 -2.5962318508e+00 -1.9626532530e+00  4.9323026360e-01 -1.6519865557e+00 -2.8971056151e+00  2.2481860175e+00 -4.4406477092e+00 -2.4310807910e+00  2.9145162700e+00 -2.8045836191e+00 -4.3274958370e+00  1.6865226719e+00 -1.6992524265e+00 -4.8661803505e+00  9.9716660435e-01 -3.3090297346e+00 -2.5820211080e+00 -9.0857634339e-02 -3.5639354073e+00 -6.1518503086e-01  1.2780074227e+00  4.7565306971e-01  9.8332741369e-01  9.8645122108e-01 -2.7177127829e-01 -1.5357966526e-01 -3.6258564731e-01  2.5364039553e-02
ENERGY -3.458351802273e+02

JOB 8
COORDS -6.7427736379e-01  9.7492959418e-01 -1.6090686809e+00 -2.8664415385e+00  2.0620457536e+00 -3.4205866827e+00 -4.0162402643e+00  1.4148610994e+00 -2.6584040212e+00 -2.7205274668e+00  6.8184000828e-01 -2.8557456909e+00 -8.6482081124e-02  6.7448912330e-01 -2.4978649297e-01 -1.2442256563e-01  1.6042146212e+00 -2.4875560167e+00 -1.9177253731e+00  4.1879230885e-01 -1.7079698955e+00 -2.9272663807e+00  2.1521381419e+00 -4.5007712039e+00 -2.3349925991e+00  2.8686492035e+00 -2.9306273650e+00 -4.2141227524e+00  1.7888869555e+00 -1.6583961342e+00 -4.8902889874e+00  1.0618174263e+00 -3.1979278392e+00 -2.6958693548e+00 -1.5446449100e-01 -3.5487357420e+00 -7.1112956216e-01  1.1162364273e+00  5.3233637152e-01  9.2314249743e-01  1.0804236593e+00 -1.9327208603e-01 -6.6861493370e-02 -4.0586636978e-01 -8.0344362336e-02
ENERGY -3.458331338515e+02

JOB 9
COORDS -7.0176680129e-01  1.0667410759e+00 -1.5561220550e+00 -2.8617659056e+00  2.0139902777e+00 -3.5143961856e+00 -3.9786946605e+00  1.4705706221e+00 -2.6330730981e+00 -2.7282223645e+00  6.6849046060e-01 -2.8631344396e+00 -9.3644491581e-02  6.3795741635e-01 -2.3988269867e-01 -2.1633233328e-01  1.8779495540e+00 -2.3159551922e+00 -1.8691159798e+00  3.9149610751e-01 -1.7588241957e+00 -2.9979006956e+00  2.0216893676e+00 -4.5919246657e+00 -2.2718444274e+00  2.8335527038e+00 -3.1272943022e+00 -4.0883673043e+00  1.9230105492e+00 -1.6518824913e+00 -4.9035937761e+00  1.1199558849e+00 -3.0819971796e+00 -2.7957170909e+00 -2.0911091981e-01 -3.4992211521e+00 -7.7110538454e-01  8.8653433828e-01  5.8242398525e-01  8.6162537874e-01  1.1433577754e+00 -1.0067199167e-01  4.9712803376e-02 -4.4624991910e-01 -2.2845590632e-01
ENERGY -3.458310173501e+02

JOB 10
COORDS -7.6169425720e-01  1.1690280857e+00 -1.4600765469e+00 -2.8412470275e+00  1.9509284527e+00 -3.6286615958e+00 -3.9283618774e+00  1.5486694920e+00 -2.6428252131e+00 -2.7297134645e+00  6.6509105228e-01 -2.8549709224e+00 -6.2522344508e-02  5.8825670847e-01 -2.5095805161e-01 -4.0774147215e-01  2.1689770388e+00 -2.0503212916e+00 -1.8399120271e+00  4.0052864993e-01 -1.7698027652e+00 -3.0420570114e+00  1.8504011380e+00 -4.6918398500e+00 -2.1991410142e+00  2.7760838139e+00 -3.3575184934e+00 -3.9596681472e+00  2.1018301535e+00 -1.7086077951e+00 -4.8933238708e+00  1.2058072628e+00 -3.0050789178e+00 -2.8782271101e+00 -2.6178185887e-01 -3.3997098467e+00 -7.4528322580e-01  5.7378013746e-01  6.0366897127e-01  8.1414791721e-01  1.1913941978e+00 -1.6428014391e-02  2.3485579775e-01 -4.4535616867e-01 -4.4955043557e-01
ENERGY -3.458297951977e+02

JOB 11
COORDS -8.4828238824e-01  1.2185110396e+00 -1.3646843918e+00 -2.7845439355e+00  1.8763842996e+00 -3.7084795958e+00 -3.8636538902e+00  1.6303034730e+00 -2.6641065246e+00 -2.7383421009e+00  6.4769944598e-01 -2.8366453917e+00 -1.3736876309e-02  5.5423754843e-01 -2.9239489619e-01 -6.6761603894e-01  2.3449171676e+00 -1.7831151237e+00 -1.8326538167e+00  3.7567837089e-01 -1.7643460758e+00 -3.0269732368e+00  1.6994667170e+00 -4.7531729899e+00 -2.0873942373e+00  2.6791773022e+00 -3.5206741113e+00 -3.8217655775e+00  2.2616358603e+00 -1.7816531852e+00 -4.8623708218e+00  1.3332114440e+00 -2.9709851123e+00 -2.9693585668e+00 -3.0319973676e-01 -3.3044097840e+00 -6.4826146183e-01  2.6587329461e-01  5.5060412351e-01  7.6018189859e-01  1.2443923123e+00  4.2418683761e-02  4.4323288986e-01 -3.5851369371e-01 -6.8561669203e-01
ENERGY -3.458300764776e+02

JOB 12
COORDS -9.5357222353e-01  1.2218597928e+00 -1.2901561241e+00 -2.7637264577e+00  1.7989962309e+00 -3.7414590903e+00 -3.8286605800e+00  1.6672370798e+00 -2.6602419759e+00 -2.7718053988e+00  6.0950035395e-01 -2.8158657603e+00 -1.5491643626e-02  5.5621103767e-01 -3.0893459902e-01 -9.3417283526e-01  2.4032393626e+00 -1.5774852442e+00 -1.8314566971e+00  3.1400433890e-01 -1.7789721245e+00 -3.0402081757e+00  1.5943639682e+00 -4.7725675408e+00 -2.0218668432e+00  2.5713630917e+00 -3.6007529656e+00 -3.7260753884e+00  2.3430367920e+00 -1.8177867406e+00 -4.8497927891e+00  1.4147624704e+00 -2.9315132517e+00 -3.0740055816e+00 -3.4301185758e-01 -3.2363321725e+00 -5.8775767303e-01  9.9605488496e-02  5.0384092469e-01  6.7371814778e-01  1.2986374583e+00  9.2491009705e-02  5.4212158969e-01 -2.4271568352e-01 -8.0617571867e-01
ENERGY -3.458313073874e+02

JOB 13
COORDS -1.0056820586e+00  1.2143909578e+00 -1.2419366960e+00 -2.7395762682e+00  1.7501921364e+00 -3.7645469935e+00 -3.7803367913e+00  1.7036833987e+00 -2.6487926187e+00 -2.7784962360e+00  5.9391517904e-01 -2.8024522596e+00 -9.3675343496e-03  5.6191029609e-01 -3.1114843261e-01 -1.1034868970e+00  2.4126032159e+00 -1.4273489195e+00 -1.7804605758e+00  2.7247203200e-01 -1.8287556972e+00 -3.0486789868e+00  1.5387495809e+00 -4.7847378792e+00 -1.9597612915e+00  2.4916237036e+00 -3.6566030043e+00 -3.6315812420e+00  2.4100472559e+00 -1.8410533710e+00 -4.8157575975e+00  1.4784552040e+00 -2.8887989505e+00 -3.1419919432e+00 -3.5329744230e-01 -3.1842835667e+00 -5.3587571093e-01 -1.3922481842e-02  4.5556290263e-01  6.0464478504e-01  1.3307459410e+00  1.5704629409e-01  6.2320946280e-01 -1.3528049303e-01 -8.6809755552e-01
ENERGY -3.458324079325e+02

JOB 14
COORDS -1.0408545529e+00  1.2112350613e+00 -1.2048793549e+00 -2.7438969726e+00  1.7125512258e+00 -3.8018520925e+00 -3.7493576125e+00  1.7338420450e+00 -2.6497144196e+00 -2.7804437024e+00  5.9450845366e-01 -2.7996765838e+00 -1.2512773395e-02  5.6053862451e-01 -3.0845038989e-01 -1.2316959505e+00  2.4095305479e+00 -1.2905278276e+00 -1.7137656657e+00  2.6746726578e-01 -1.9039354980e+00 -3.0858915071e+00  1.4894438237e+00 -4.8086555047e+00 -1.9380784233e+00  2.4327350596e+00 -3.7308142194e+00 -3.5692374936e+00  2.4716719109e+00 -1.8795708177e+00 -4.7934933107e+00  1.5117271649e+00 -2.8529934683e+00 -3.1876297797e+00 -3.5250249336e-01 -3.1355383069e+00 -5.0695839005e-01 -1.0719758290e-01  4.0318192342e-01  5.3939928612e-01  1.3321389765e+00  2.2759535967e-01  6.7472286150e-01 -4.6599618009e-02 -9.0460845436e-01
ENERGY -3.458324936842e+02

JOB 15
COORDS -1.0781822168e+00  1.2171059739e+00 -1.1387712044e+00 -2.7631424724e+00  1.6803492671e+00 -3.8405276489e+00 -3.7264734803e+00  1.7854396332e+00 -2.6571582289e+00 -2.7872364591e+00  6.1743777442e-01 -2.7818125750e+00 -1.1848746652e-02  5.5098062683e-01 -2.9943934986e-01 -1.3580736162e+00  2.3997610965e+00 -1.0969353158e+00 -1.6595400851e+00  3.0851343810e-01 -1.9576675415e+00 -3.1406763468e+00  1.4274731092e+00 -4.8271231827e+00 -1.9308606083e+00  2.3758141215e+00 -3.8247745223e+00 -3.5162154223e+00  2.5584164185e+00 -1.9323004960e+00 -4.7782366146e+00  1.5643191855e+00 -2.8188966243e+00 -3.2298461324e+00 -3.3489050517e-01 -3.0523825774e+00 -4.6243350540e-01 -2.1946451732e-01  3.3319968834e-01  4.8064216949e-01  1.2997054313e+00  3.2042104164e-01  7.2033990645e-01  5.7827869072e-02 -9.4515039467e-01
ENERGY -3.458314460761e+02

JOB 16
COORDS -1.1344486704e+00  1.2118699904e+00 -1.0403388517e+00 -2.7691951795e+00  1.6204531147e+00 -3.8978407273e+00 -3.6902668867e+00  1.8495279093e+00 -2.7033916721e+00 -2.7964324329e+00  6.3927393104e-01 -2.7613011429e+00  1.5945641633e-02  5.4854396016e-01 -3.1671832647e-01 -1.5328761086e+00  2.3387267112e+00 -8.2156974849e-01 -1.6318089409e+00  3.6791855182e-01 -1.9785253355e+00 -3.1804262902e+00  1.3141440056e+00 -4.8553365615e+00 -1.9032625231e+00  2.2730237639e+00 -3.9553029561e+00 -3.4346234251e+00  2.6586671889e+00 -2.0356663165e+00 -4.7530366356e+00  1.6554423641e+00 -2.8220316576e+00 -3.2770109956e+00 -3.1585916928e-01 -2.9448802832e+00 -3.3417462860e-01 -3.5430984890e-01  1.9218727857e-01  4.3668663506e-01  1.2449560017e+00  4.0807524994e-01  7.8393586927e-01  2.4359605959e-01 -1.0333040364e+00
ENERGY -3.458301030197e+02

JOB 17
COORDS -1.1335899147e+00  5.2488612947e-01 -1.2371997709e+00 -3.5349624117e+00  2.2848361892e+00 -2.8847433160e+00 -3.5169062067e+00  7.9836173859e-01 -3.1978730389e+00 -2.2331861335e+00  1.5847937148e+00 -3.1710982634e+00  2.2716506830e-02  8.1228129724e-01 -3.0525551224e-01 -1.8554281489e+00 -4.4828778068e-01 -1.1649379215e+00 -1.2318873586e+00  1.5240894361e+00 -2.1547381717e+00 -3.9139228832e+00  2.9911086993e+00 -3.6179397846e+00 -3.7142600273e+00  2.5594098267e+00 -1.8492785222e+00 -3.7192778824e+00  1.1054490763e-01 -2.3899116727e+00 -3.8537498049e+00  4.7116941837e-01 -4.1778247121e+00 -1.7447836890e+00  1.7874978554e+00 -4.1187464106e+00  9.4714451308e-01  9.2959371230e-01 -8.7775920694e-01  1.2432107712e-01 -5.9202448814e-03  4.0718641386e-01 -1.5322270703e-01  1.7512098051e+00  2.2799357263e-01
ENERGY -3.458298430786e+02

JOB 18
COORDS -1.0411643713e+00  4.6349233157e-01 -1.3668730928e+00 -3.5002732874e+00  2.3499540584e+00 -2.9230804355e+00 -3.5481186013e+00  8.4191753613e-01 -3.0559935997e+00 -2.2373520003e+00  1.5690648631e+00 -3.1840562221e+00 -5.0088477051e-02  8.0744809201e-01 -2.7828644582e-01 -1.5620856511e+00 -6.2121234965e-01 -1.5183418171e+00 -1.2453556349e+00  1.5554803695e+00 -2.1586545637e+00 -3.8902979709e+00  2.9762380386e+00 -3.7205287492e+00 -3.6099988551e+00  2.7614234871e+00 -1.9240503143e+00 -3.7223779117e+00  2.5921911179e-01 -2.1613994756e+00 -3.9554146611e+00  4.0625215928e-01 -3.9637744904e+00 -1.7713653335e+00  1.6344773033e+00 -4.1623313242e+00  8.7865060750e-01  1.1792672823e+00 -7.2034555602e-01  1.5016123846e-01 -7.9188862726e-02  3.2264392786e-01 -4.5260287559e-01  1.6043766677e+00  3.5405037193e-01
ENERGY -3.458314308928e+02

JOB 19
COORDS -9.6667479026e-01  4.5838073626e-01 -1.4442130738e+00 -3.4901074772e+00  2.3840487415e+00 -2.9932848636e+00 -3.5654437352e+00  8.7122985769e-01 -2.9628333032e+00 -2.2433757439e+00  1.5568468686e+00 -3.1635858671e+00 -6.7965148027e-02  7.7344464581e-01 -2.7125805271e-01 -1.3364124135e+00 -6.5003568322e-01 -1.7679104230e+00 -1.2948698703e+00  1.6105024477e+00 -2.1005823314e+00 -3.8673162665e+00  2.9226334789e+00 -3.8579636261e+00 -3.5938945845e+00  2.9072270355e+00 -2.0475068613e+00 -3.7412644975e+00  3.9389153642e-01 -2.0061703772e+00 -3.9855259073e+00  3.4235185327e-01 -3.8128882609e+00 -1.7634081251e+00  1.5012404911e+00 -4.1360545129e+00  8.2316809238e-01  1.3064894876e+00 -6.1494383792e-01  2.1916554650e-01 -1.5305758770e-01  2.2519539121e-01 -5.8912129004e-01  1.4290371763e+00  4.3271199331e-01
ENERGY -3.458337954066e+02

JOB 20
COORDS -9.0485417114e-01  4.6290607906e-01 -1.4884576100e+00 -3.4846602700e+00  2.4067643592e+00 -3.0618653158e+00 -3.6137516100e+00  9.0185378235e-01 -2.9094685450e+00 -2.2664069672e+00  1.5295795748e+00 -3.1205904366e+00 -5.9205426610e-02  7.3989872356e-01 -2.6832629069e-01 -1.1355715466e+00 -6.3262147373e-01 -1.9548021959e+00 -1.3753823875e+00  1.6325215506e+00 -2.0131327984e+00 -3.8178698632e+00  2.8782909056e+00 -3.9817551417e+00 -3.6039181953e+00  3.0106280318e+00 -2.1675628699e+00 -3.8284218405e+00  5.1587915676e-01 -1.9186216013e+00 -4.0290765814e+00  3.1667873488e-01 -3.7239657657e+00 -1.7525039480e+00  1.3725462516e+00 -4.0642042318e+00  7.7211709978e-01  1.4003391649e+00 -5.3159646846e-01  3.2286865099e-01 -1.9963974914e-01  1.2984382082e-01 -6.5595577434e-01  1.2533816073e+00  4.9136823682e-01
ENERGY -3.458357633719e+02

JOB 21
COORDS -8.4482461137e-01  4.6926125588e-01 -1.5124491545e+00 -3.4708171867e+00  2.4244220311e+00 -3.1175575581e+00 -3.6885370607e+00  9.3738186959e-01 -2.8808673731e+00 -2.3035057082e+00  1.4854800389e+00 -3.0677670355e+00 -4.0659022681e-02  7.2192855612e-01 -2.5997515404e-01 -9.3083359034e-01 -5.9037936597e-01 -2.0974049595e+00 -1.4687913594e+00  1.6118132776e+00 -1.9197012079e+00 -3.7402843411e+00  2.8511210059e+00 -4.0790636533e+00 -3.6004682795e+00  3.0877138425e+00 -2.2680094605e+00 -3.9630666846e+00  6.2968001009e-01 -1.8768150735e+00 -4.1027885473e+00  3.2597662297e-01 -3.6765221168e+00 -1.7560298034e+00  1.2416193020e+00 -3.9727377474e+00  7.0384422757e-01  1.5018385124e+00 -4.4467182285e-01  4.5362940807e-01 -1.9947582292e-01  4.6492827266e-02 -6.9621937198e-01  1.0789260866e+00  5.3980680630e-01
ENERGY -3.458368956682e+02

JOB 22
COORDS -7.8454379175e-01  4.6976745329e-01 -1.5277100359e+00 -3.4451977557e+00  2.4315491159e+00 -3.1575805762e+00 -3.7754028608e+00  9.7233763117e-01 -2.8657757236e+00 -2.3504248139e+00  1.4208059737e+00 -3.0161283884e+00 -2.1333527452e-02  7.1244544943e-01 -2.4805076057e-01 -7.2074670565e-01 -5.3224517414e-01 -2.2101964292e+00 -1.5627547528e+00  1.5451500910e+00 -1.8344799672e+00 -3.6469771033e+00  2.8295088722e+00 -4.1475032112e+00 -3.5678660991e+00  3.1390932358e+00 -2.3435256118e+00 -4.1111955955e+00  7.3378352268e-01 -1.8614113440e+00 -4.1997489580e+00  3.5634360455e-01 -3.6527116136e+00 -1.7813456898e+00  1.1018088340e+00 -3.8825909183e+00  6.1322621969e-01  1.5972859300e+00 -3.5330268002e-01  5.9101273414e-01 -1.5934543248e-01 -1.9555820253e-02 -7.1855225618e-01  9.0562550727e-01  5.7251280569e-01
ENERGY -3.458371930067e+02

JOB 23
COORDS -7.2007833601e-01  4.7665467792e-01 -1.5518789913e+00 -3.4051017980e+00  2.4331075611e+00 -3.1918580855e+00 -3.8579335708e+00  1.0156456351e+00 -2.8563632192e+00 -2.3980769700e+00  1.3470936755e+00 -2.9783940795e+00 -6.0947346771e-03  7.0910965671e-01 -2.4212276542e-01 -5.0612660543e-01 -4.4051468289e-01 -2.3188304798e+00 -1.6439996644e+00  1.4512617882e+00 -1.7725654741e+00 -3.5467071324e+00  2.8064375815e+00 -4.2016252405e+00 -3.4979104960e+00  3.1784017994e+00 -2.4080925694e+00 -4.2401774091e+00  8.4625221123e-01 -1.8545478697e+00 -4.3084093908e+00  4.0464487672e-01 -3.6329119664e+00 -1.8282395418e+00  9.5281961201e-01 -3.8114941451e+00  4.9300703035e-01  1.6824158280e+00 -2.5575085721e-01  7.2576878383e-01 -8.2142257108e-02 -8.2560573833e-02 -7.2770710437e-01  7.2244475933e-01  5.7995385466e-01
ENERGY -3.458368924418e+02

