JOB 0
COORDS  1.0336313363e+00 -4.9557073204e-01 -3.5242776856e-01  1.9025438216e+00 -7.8099813472e-01  8.8074331127e-01  3.1327666280e+00 -1.6764397558e+00  6.2655745690e-01  4.1507207483e+00 -1.0559362765e+00 -3.5472154347e-01  4.8211727755e+00  2.4033132524e-01  1.2011988837e-01  3.7664210262e+00 -2.0771028306e+00  1.9746133274e+00  4.9722721257e+00 -3.0184854362e+00  1.8704156458e+00  3.4942665424e-01  3.3939947270e-01 -1.6676816146e-01  4.4355041679e-01 -1.3718329771e+00 -6.4236516986e-01  1.6401914915e+00 -2.0729670872e-01 -1.2170092042e+00  1.2813176223e+00 -1.2513257340e+00  1.6532121841e+00  2.2405535451e+00  1.6906559112e-01  1.3133261311e+00  2.7717015676e+00 -2.6031480586e+00  1.5359568624e-01  3.6566192835e+00 -8.6990897535e-01 -1.3147885312e+00  4.9262535347e+00 -1.7995766674e+00 -5.7007871688e-01  5.5326474772e+00  6.0181243889e-01 -6.3008325825e-01  5.3751636577e+00  9.4624503212e-02  1.0534145082e+00  4.0915643813e+00  1.0389252422e+00  2.8982671843e-01  4.0552791756e+00 -1.1738710424e+00  2.5274296236e+00  2.9910711688e+00 -2.5613178753e+00  2.5818034942e+00  5.2915315557e+00 -3.3541191336e+00  2.8631014320e+00  5.8323602637e+00 -2.5339964892e+00  1.3973448281e+00  4.7282065754e+00 -3.9101169336e+00  1.2805132840e+00
ENERGY -2.764499820137e+02

JOB 1
COORDS  6.3504023973e-01 -9.1377299423e-01 -9.6617576007e-02  1.6209674015e+00 -1.1446296600e+00  1.0638910676e+00  2.8585790429e+00 -1.9934536563e+00  7.0461945424e-01  3.8132622165e+00 -1.2810357199e+00 -2.7887143110e-01  4.5292725275e+00 -4.0412760545e-02  2.7279463556e-01  3.5657444026e+00 -2.4625379503e+00  1.9918888059e+00  4.7874389093e+00 -3.3613471465e+00  1.7665752448e+00  1.1115076122e-01  4.2522171655e-02  3.3643031804e-03 -1.1029794007e-01 -1.7131676427e+00 -1.6035490129e-01  1.1512639433e+00 -8.7631725340e-01 -1.0615568836e+00  1.0916319046e+00 -1.6248169524e+00  1.8956305260e+00  1.9615354299e+00 -1.7816793120e-01  1.4545260736e+00  2.4975562266e+00 -2.8971871651e+00  1.8917445466e-01  3.2545730027e+00 -9.9626976383e-01 -1.1777241745e+00  4.5650320545e+00 -2.0009876445e+00 -6.2192715337e-01  5.1728346099e+00  4.0279795100e-01 -4.9472236016e-01  5.1637051980e+00 -2.8301098455e-01  1.1315505516e+00  3.8225096314e+00  7.3258003736e-01  5.9172334345e-01  3.8585849454e+00 -1.5894453197e+00  2.5892713692e+00  2.8334613078e+00 -3.0073451921e+00  2.6011402117e+00  5.1708697057e+00 -3.7446501837e+00  2.7184424901e+00  5.6066509901e+00 -2.8263260487e+00  1.2757181565e+00  4.5325098418e+00 -4.2238880689e+00  1.1392366502e+00
ENERGY -2.764483299395e+02

JOB 2
COORDS  5.7349833992e-01 -9.2384617220e-01 -1.3009300940e-01  1.5781225781e+00 -1.1736312437e+00  1.0172797074e+00  2.7985324531e+00 -2.0347836091e+00  6.3064405985e-01  3.7332154224e+00 -1.3256179802e+00 -3.7430600879e-01  4.4838539880e+00 -1.0207121986e-01  1.6953816645e-01  3.5321768618e+00 -2.5135904358e+00  1.8987218140e+00  4.7372628058e+00 -3.4256047012e+00  1.6393916276e+00  2.5597223829e-01  1.2264713114e-01 -1.7719009893e-01 -3.2314279872e-01 -1.5425049787e+00 -2.4578097988e-02  1.0089439411e+00 -1.1586746519e+00 -1.1068661413e+00  1.0607332473e+00 -1.6590626228e+00  1.8529352032e+00  1.9358731886e+00 -2.1689160966e-01  1.4150278292e+00  2.4154346922e+00 -2.9331120093e+00  1.2206125819e-01  3.1486317795e+00 -1.0202617603e+00 -1.2499536305e+00  4.4632709642e+00 -2.0513229748e+00 -7.5076976511e-01  5.1013636624e+00  3.4792916218e-01 -6.1522438083e-01  5.1488814878e+00 -3.6566575685e-01  9.9839714430e-01  3.7983128228e+00  6.7226248905e-01  5.2914264985e-01  3.8502695969e+00 -1.6450591014e+00  2.4897283020e+00  2.8097697842e+00 -3.0514984882e+00  2.5257213953e+00  5.1430922157e+00 -3.8136974345e+00  2.5799578502e+00  5.5479903586e+00 -2.8991696046e+00  1.1256758452e+00  4.4554243827e+00 -4.2848916309e+00  1.0191613057e+00
ENERGY -2.764469898806e+02

JOB 3
COORDS  6.8132032686e-01 -8.2859134801e-01 -1.8836630575e-01  1.6347493981e+00 -1.1236093840e+00  9.9421053288e-01  2.8658643415e+00 -1.9779263162e+00  6.2988099236e-01  3.8060205868e+00 -1.2656367873e+00 -3.6745633861e-01  4.5272995432e+00 -2.5123432819e-02  1.7731634729e-01  3.5856018416e+00 -2.4456234976e+00  1.9095591552e+00  4.7957156300e+00 -3.3563064178e+00  1.6697578064e+00  5.7665629511e-01  2.4429452722e-01 -3.7806456076e-01 -3.2406998001e-01 -1.2170667256e+00  2.8271259568e-03  1.0286568334e+00 -1.2906047698e+00 -1.1180764701e+00  1.0827105352e+00 -1.6489780221e+00  1.7822187514e+00  1.9705720885e+00 -1.8604257170e-01  1.4516031960e+00  2.4933469006e+00 -2.8800544312e+00  1.2055972007e-01  3.2284102027e+00 -9.7738307272e-01 -1.2536099562e+00  4.5533131043e+00 -1.9827516966e+00 -7.2629473506e-01  5.1515386492e+00  4.2783878986e-01 -6.0037412390e-01  5.1813123954e+00 -2.7011238755e-01  1.0205937263e+00  3.8222592737e+00  7.4070206607e-01  5.1715301313e-01  3.8955709046e+00 -1.5722981952e+00  2.4976679936e+00  2.8573918316e+00 -2.9804579114e+00  2.5326123670e+00  5.1925326237e+00 -3.7366765562e+00  2.6172940281e+00  5.6103255027e+00 -2.8307968474e+00  1.1612058319e+00  4.5231499654e+00 -4.2206628647e+00  1.0524466955e+00
ENERGY -2.764467560719e+02

JOB 4
COORDS  7.3380841071e-01 -7.7657476289e-01 -2.0490981890e-01  1.6433830670e+00 -1.1475054625e+00  9.8712666624e-01  2.8678402020e+00 -2.0060578521e+00  6.1325077815e-01  3.8035210109e+00 -1.2952086987e+00 -3.8876264715e-01  4.5151261442e+00 -4.6641823938e-02  1.4988430105e-01  3.5920455779e+00 -2.4831663905e+00  1.8866291452e+00  4.7906145165e+00 -3.4060673387e+00  1.6358178337e+00  8.5636924008e-01  2.6769236720e-01 -5.0993033394e-01 -3.2311205123e-01 -8.9569050695e-01  5.6432854336e-02  9.2240660618e-01 -1.4111033733e+00 -1.0770355776e+00  1.0591735649e+00 -1.7132377289e+00  1.7229573124e+00  1.9711908465e+00 -2.4096582842e-01  1.5087623876e+00  2.4850691163e+00 -2.9029985629e+00  1.0264735421e-01  3.2218336498e+00 -1.0161047769e+00 -1.2751746764e+00  4.5554575273e+00 -2.0091305425e+00 -7.4429906802e-01  5.1384484867e+00  4.0649176763e-01 -6.2843448641e-01  5.1682316678e+00 -2.8219139921e-01  9.9663180553e-01  3.8030955662e+00  7.1562244503e-01  4.8344558488e-01  3.9162690892e+00 -1.6141416597e+00  2.4732925414e+00  2.8628919366e+00 -3.0107586927e+00  2.5148972093e+00  5.1886352915e+00 -3.7953535087e+00  2.5792128077e+00  5.6079184333e+00 -2.8866083137e+00  1.1253236172e+00  4.5054425612e+00 -4.2643860581e+00  1.0157650040e+00
ENERGY -2.764479080581e+02

JOB 5
COORDS  1.1712047913e+00 -3.8263715429e-01 -2.7867088631e-01  1.9684908542e+00 -9.2028545369e-01  9.2312256300e-01  3.1294076186e+00 -1.8621871968e+00  5.4823125852e-01  4.1461243525e+00 -1.2001220736e+00 -4.0653328677e-01  4.9208150896e+00 -1.3449978723e-02  1.8229699781e-01  3.7764712917e+00 -2.4391073470e+00  1.8219325278e+00  4.8937250016e+00 -3.4586412824e+00  1.5700659314e+00  1.5845634127e+00  5.5710498501e-01 -6.5964491251e-01  1.3583166831e-01 -1.6717719295e-01  7.8857146850e-03  1.1391739272e+00 -1.1057431788e+00 -1.1009666151e+00  1.2905829565e+00 -1.4809157452e+00  1.5790210191e+00  2.3409878597e+00 -8.5002916358e-02  1.5281666038e+00  2.6883910135e+00 -2.7069247505e+00 -2.8479808827e-03  3.6160871331e+00 -8.6703173264e-01 -1.3064230575e+00  4.8597323425e+00 -1.9577389573e+00 -7.5031103437e-01  5.6014050687e+00  4.1075871678e-01 -5.6368410710e-01  5.5250688828e+00 -3.0922972688e-01  1.0463275342e+00  4.2501278952e+00  7.8904190099e-01  5.0730465460e-01  4.1625539864e+00 -1.6200042966e+00  2.4419781061e+00  2.9875705865e+00 -2.9163323661e+00  2.4175511459e+00  5.2324153254e+00 -3.9078745546e+00  2.5099844450e+00  5.7663073933e+00 -3.0005749270e+00  1.0933983780e+00  4.5486222035e+00 -4.2705265889e+00  9.1870661430e-01
ENERGY -2.764497234753e+02

JOB 6
COORDS  1.3852644510e+00 -1.9832975595e-01 -3.6030929281e-01  2.1556199036e+00 -7.7065188401e-01  8.3722388151e-01  3.3564746360e+00 -1.6621359042e+00  4.6394350853e-01  4.3754892471e+00 -9.4761420569e-01 -4.4913114063e-01  5.0734221264e+00  2.6879643098e-01  1.7382544729e-01  3.9904416859e+00 -2.2490651603e+00  1.7403584771e+00  5.1435553439e+00 -3.2296149318e+00  1.4953465596e+00  1.9288496225e+00  6.1973177141e-01 -8.4423049029e-01  4.1817893410e-01  2.0667975358e-01 -4.2291486560e-02  1.1899990286e+00 -9.6901580941e-01 -1.1150890838e+00  1.4690276983e+00 -1.3728252416e+00  1.4460749929e+00  2.4870619002e+00  4.9242172494e-02  1.4867575602e+00  2.9587015682e+00 -2.5080103863e+00 -1.1773762081e-01  3.8659454738e+00 -6.3491474347e-01 -1.3677374404e+00  5.1345969368e+00 -1.6706430368e+00 -7.6873355629e-01  5.7708604697e+00  7.2064706712e-01 -5.3966415576e-01  5.6477028127e+00 -3.5301042679e-03  1.0656116573e+00  4.3566742369e+00  1.0433771377e+00  4.6659752596e-01  4.3365686842e+00 -1.4332730107e+00  2.3877961446e+00  3.2018449438e+00 -2.7624611457e+00  2.3054706495e+00  5.4679561932e+00 -3.6934925657e+00  2.4331996798e+00  6.0160333772e+00 -2.7348974913e+00  1.0566668474e+00  4.8410496163e+00 -4.0336797461e+00  8.1378787403e-01
ENERGY -2.764510303366e+02

JOB 7
COORDS  1.2542799490e+00 -3.2786065719e-01 -3.3597320250e-01  2.0591612552e+00 -8.7453971264e-01  8.4885993022e-01  3.2762522598e+00 -1.7419154374e+00  4.6929041480e-01  4.2858599649e+00 -1.0127805589e+00 -4.4271980644e-01  4.9421870904e+00  2.3300324702e-01  1.6719872972e-01  3.9205032359e+00 -2.3154164916e+00  1.7476766087e+00  5.0954941962e+00 -3.2710820141e+00  1.5082864711e+00  1.8625985621e+00  3.0570523342e-01 -9.8893709294e-01  4.0350634013e-01  2.6925711650e-01  9.2384413536e-03  8.5918252926e-01 -1.1444516169e+00 -9.5246646443e-01  1.3940726592e+00 -1.4758177446e+00  1.4818473953e+00  2.3918243358e+00 -3.9120788026e-02  1.4783353604e+00  2.8968940368e+00 -2.5972905884e+00 -1.1118077913e-01  3.7839898335e+00 -7.3190148771e-01 -1.3754615541e+00  5.0685046470e+00 -1.7206668834e+00 -7.3799762334e-01  5.6482628041e+00  6.8185500172e-01 -5.3965803040e-01  5.4989913087e+00 -5.5595860742e-03  1.0795576062e+00  4.2026394457e+00  9.9922058225e-01  4.2247635143e-01  4.2464097157e+00 -1.4921700646e+00  2.3962876392e+00  3.1415479851e+00 -2.8458397750e+00  2.3102516958e+00  5.4224123982e+00 -3.7301739690e+00  2.4476299947e+00  5.9610600677e+00 -2.7577993875e+00  1.0774199780e+00  4.8145877777e+00 -4.0798102555e+00  8.2299656436e-01
ENERGY -2.764511028517e+02

JOB 8
COORDS  1.1449394479e+00 -4.7962419713e-01 -2.0560530362e-01  2.0420320484e+00 -1.0122600676e+00  9.2086936205e-01  3.2087787420e+00 -1.9105240349e+00  4.6139825739e-01  4.2280241494e+00 -1.1783957875e+00 -4.3841566335e-01  4.9921943069e+00 -2.6992913833e-02  2.2910696785e-01  3.8626233815e+00 -2.5763493780e+00  1.6895810098e+00  5.0081974643e+00 -3.5440376654e+00  1.3696895547e+00  1.7250489141e+00 -1.0325293713e-01 -1.0534932682e+00  4.9322457183e-01  3.2614112914e-01  1.4727207887e-01  5.0211792354e-01 -1.2768451200e+00 -5.9816387763e-01  1.4235253372e+00 -1.5763531647e+00  1.6300305471e+00  2.4498517215e+00 -1.6899066592e-01  1.4925664721e+00  2.7789556560e+00 -2.7186899219e+00 -1.5096385958e-01  3.7132750667e+00 -7.9555511326e-01 -1.3266722268e+00  4.9489412593e+00 -1.9113836387e+00 -8.1770760312e-01  5.6969686815e+00  4.2598087461e-01 -4.7642736185e-01  5.5693947186e+00 -3.6847441718e-01  1.0947765283e+00  4.3187835736e+00  7.6526564492e-01  5.7211582571e-01  4.2210419875e+00 -1.8017989169e+00  2.3798322605e+00  3.0812596930e+00 -3.1210493084e+00  2.2346282392e+00  5.3412306277e+00 -4.0659789387e+00  2.2733843109e+00  5.8780890175e+00 -3.0274718080e+00  9.5169217529e-01  4.6934056598e+00 -4.3035279009e+00  6.4399086213e-01
ENERGY -2.764499715352e+02

JOB 9
COORDS  7.9422512149e-01 -8.1413991617e-01 -1.2755226728e-01  1.7750939403e+00 -1.2449171825e+00  9.7905440025e-01  2.9884586623e+00 -2.0604237806e+00  4.8583496904e-01  3.9599603263e+00 -1.2294670456e+00 -3.8139200907e-01  4.7119446426e+00 -1.1005192470e-01  3.5181179632e-01  3.6850657012e+00 -2.7418347143e+00  1.6806368257e+00  4.8809244325e+00 -3.6275857941e+00  1.3111624371e+00  1.2964363145e+00 -6.6767738756e-01 -1.0887268210e+00  2.6708318387e-01  1.1055081242e-01  1.2692623730e-01  3.6364438159e-02 -1.5879473129e+00 -2.9621673104e-01  1.2335256820e+00 -1.8328800819e+00  1.7296061278e+00  2.1429916935e+00 -3.5970758529e-01  1.5119658575e+00  2.6021890732e+00 -2.8636675779e+00 -1.6102206219e-01  3.4067233860e+00 -7.9258414972e-01 -1.2205792578e+00  4.6903568669e+00 -1.9071763060e+00 -8.3793429010e-01  5.3642536113e+00  4.3080810345e-01 -3.4220123566e-01  5.3430295998e+00 -5.0097152750e-01  1.1566292649e+00  4.0279192433e+00  6.2177542908e-01  7.9368219841e-01  4.0032004933e+00 -1.9798565829e+00  2.4038616384e+00  2.9393247525e+00 -3.3544141423e+00  2.2030028595e+00  5.2563165052e+00 -4.1630655609e+00  2.1899860872e+00  5.7131666819e+00 -3.0454560684e+00  9.0276650278e-01  4.6005958825e+00 -4.3760635089e+00  5.6035191392e-01
ENERGY -2.764483474805e+02

JOB 10
COORDS  8.1204651618e-01 -7.7672759682e-01 -1.9134716621e-01  1.7944722875e+00 -1.2109248923e+00  9.1973464620e-01  3.0034500269e+00 -2.0324923911e+00  4.2621697665e-01  3.9651975134e+00 -1.2052473465e+00 -4.5538444707e-01  4.7311528321e+00 -8.8678708386e-02  2.6769448066e-01  3.7101473012e+00 -2.7046430871e+00  1.6196468603e+00  4.9007458565e+00 -3.5950223965e+00  1.2442356057e+00  1.2478021527e+00 -8.8809118174e-01 -1.1892207090e+00  4.9650726057e-01  2.6540088984e-01 -8.2537308670e-02 -9.3074234008e-02 -1.3932821022e+00 -1.8104141447e-01  1.2553763978e+00 -1.8007840918e+00  1.6700234271e+00  2.1653568255e+00 -3.2967325951e-01  1.4559645628e+00  2.6105354273e+00 -2.8398830765e+00 -2.1114496666e-01  3.3985583938e+00 -7.6480986367e-01 -1.2840226286e+00  4.6866465326e+00 -1.8840189625e+00 -9.2458615585e-01  5.3685168514e+00  4.5631879041e-01 -4.3687559639e-01  5.3789207344e+00 -4.8263981665e-01  1.0576052940e+00  4.0554327390e+00  6.4020246590e-01  7.2703027046e-01  4.0369369647e+00 -1.9373487550e+00  2.3332834396e+00  2.9688883049e+00 -3.3118893722e+00  2.1545664000e+00  5.2858580375e+00 -4.1234721151e+00  2.1231040520e+00  5.7285996950e+00 -3.0172012866e+00  8.2103236828e-01  4.6109125443e+00 -4.3494995188e+00  5.0311841284e-01
ENERGY -2.764469995434e+02

JOB 11
COORDS  9.1944019168e-01 -6.8080774212e-01 -2.2884152247e-01  1.8532568218e+00 -1.1621347573e+00  9.0727470546e-01  3.0722776459e+00 -1.9802681827e+00  4.3510440261e-01  4.0384978912e+00 -1.1513726248e+00 -4.3971143424e-01  4.7757889977e+00 -1.7064124787e-02  2.8531955819e-01  3.7668687536e+00 -2.6422783735e+00  1.6408192192e+00  4.9640677980e+00 -3.5315104053e+00  1.2840988416e+00  1.2772181577e+00 -1.0029214846e+00 -1.2122488542e+00  8.4422699726e-01  4.1074695831e-01 -2.6506373396e-01 -9.5818816739e-02 -1.0715157022e+00 -1.1059351229e-01  1.2820809762e+00 -1.7838460172e+00  1.6066081369e+00  2.2012921774e+00 -3.0715198968e-01  1.4978982201e+00  2.6890200675e+00 -2.7917040503e+00 -2.0258758098e-01  3.4781241948e+00 -7.2687706870e-01 -1.2810172022e+00  4.7767138376e+00 -1.8246262639e+00 -8.9050125931e-01  5.4200175368e+00  5.2889044871e-01 -4.1221552263e-01  5.4125039604e+00 -3.9384288457e-01  1.0924658787e+00  4.0808811276e+00  7.0724814651e-01  7.2296680385e-01  4.0840892755e+00 -1.8695569845e+00  2.3528078340e+00  3.0212855526e+00 -3.2478222086e+00  2.1718017768e+00  5.3397468849e+00 -4.0550971126e+00  2.1699255175e+00  5.7954623589e+00 -2.9531043439e+00  8.6864595323e-01  4.6854798211e+00 -4.2899607620e+00  5.4273141379e-01
ENERGY -2.764467526047e+02

JOB 12
COORDS  9.6727259077e-01 -6.2710828612e-01 -2.2948349189e-01  1.8603298081e+00 -1.1832463442e+00  9.0131218118e-01  3.0704428510e+00 -2.0048104857e+00  4.1464140977e-01  4.0308961116e+00 -1.1770188692e+00 -4.6702946192e-01  4.7618264351e+00 -3.4881245881e-02  2.5179169402e-01  3.7722862295e+00 -2.6766410865e+00  1.6104104181e+00  4.9551337910e+00 -3.5780860565e+00  1.2369123107e+00  1.1788574782e+00 -1.1170511476e+00 -1.1861977049e+00  1.1407965741e+00  4.4204711275e-01 -3.9348522660e-01 -9.7046485581e-02 -7.5318461625e-01 -1.0343914931e-02  1.2595181032e+00 -1.8364314847e+00  1.5459030385e+00  2.2015502321e+00 -3.6801921315e-01  1.5496394834e+00  2.6744105762e+00 -2.8098179020e+00 -2.2310730172e-01  3.4650712011e+00 -7.6050134457e-01 -1.3086728408e+00  4.7719448281e+00 -1.8483075762e+00 -9.1611897260e-01  5.4026618027e+00  5.1210628553e-01 -4.4804201403e-01  5.4007392314e+00 -4.0418915936e-01  1.0607358123e+00  4.0618676069e+00  6.8656222612e-01  6.8639402477e-01  4.1073516099e+00 -1.9089403437e+00  2.3195352250e+00  3.0265883220e+00 -3.2745909694e+00  2.1499295464e+00  5.3351821190e+00 -4.1089569897e+00  2.1165096313e+00  5.7880051057e+00 -3.0071313609e+00  8.1411297471e-01  4.6598603060e+00 -4.3307230285e+00  4.9606933812e-01
ENERGY -2.764478968486e+02

JOB 13
COORDS  1.5172688076e+00 -6.0773155369e-02 -3.3724611216e-01  2.2968065927e+00 -5.7064626388e-01  8.8797568284e-01  3.3042840067e+00 -1.6953920629e+00  5.7933093612e-01  4.3522114805e+00 -1.2818510216e+00 -4.7647764687e-01  5.3023681998e+00 -1.5487640170e-01 -4.9676736796e-02  3.9312131292e+00 -2.2177256302e+00  1.8863131702e+00  4.8922518127e+00 -3.3995728683e+00  1.7108554666e+00  1.3844485988e+00 -8.5382856898e-01 -1.0822054480e+00  2.0528671533e+00  7.4872746948e-01 -8.4577963746e-01  5.3111091299e-01  3.2416023651e-01 -6.0225565362e-02  1.5857471384e+00 -9.6191482825e-01  1.6266641162e+00  2.8051905282e+00  2.6548564069e-01  1.3829903774e+00  2.7299082472e+00 -2.5255678926e+00  1.4049807172e-01  3.8287694423e+00 -9.7812077233e-01 -1.3904933485e+00  4.9434903652e+00 -2.1612229790e+00 -7.5656636994e-01  5.9968867397e+00  9.1220522665e-02 -8.6005609072e-01  5.9025358525e+00 -4.3573790833e-01  8.2213113566e-01  4.7584963552e+00  7.6102772145e-01  2.0480693761e-01  4.4503846718e+00 -1.3978798043e+00  2.3988862616e+00  3.1163448877e+00 -2.5189764913e+00  2.5571710736e+00  5.2134592431e+00 -3.7898853553e+00  2.6826780375e+00  5.7936887991e+00 -3.1159906096e+00  1.1582095102e+00  4.4133461951e+00 -4.2208629577e+00  1.1643631684e+00
ENERGY -2.764497091802e+02

JOB 14
COORDS  1.4044674736e+00 -1.2509069694e-01 -3.1119169649e-01  2.1859765616e+00 -6.3835654281e-01  9.0575698211e-01  3.2332936914e+00 -1.7234496448e+00  5.8680167783e-01  4.2622967780e+00 -1.2745088736e+00 -4.7261625306e-01  5.1519924919e+00 -9.3291769615e-02 -6.2761421372e-02  3.8832916391e+00 -2.2238296935e+00  1.8917506670e+00  4.8816452022e+00 -3.3741446544e+00  1.7150080718e+00  1.0753130442e+00 -9.5460032850e-01 -9.4841472311e-01  2.0145597868e+00  5.3629282095e-01 -9.3561370651e-01  5.1856984682e-01  4.4051505619e-01 -4.0991700535e-03  1.4780585381e+00 -1.0606029623e+00  1.6305805521e+00  2.6663444218e+00  2.0517973885e-01  1.4173414220e+00  2.6893344158e+00 -2.5749070944e+00  1.4955275597e-01  3.7287069726e+00 -1.0162324239e+00 -1.3944764378e+00  4.8985905879e+00 -2.1277419173e+00 -7.3389817368e-01  5.8453362647e+00  1.6570489606e-01 -8.7013210507e-01  5.7525857451e+00 -3.2396735108e-01  8.2341655449e-01  4.5620292425e+00  8.0157903492e-01  1.6208479244e-01  4.3776128844e+00 -1.3867422451e+00  2.4010710679e+00  3.0814371008e+00 -2.5501964673e+00  2.5665100251e+00  5.2148578719e+00 -3.7549917439e+00  2.6865569313e+00  5.7739247784e+00 -3.0613756002e+00  1.1632735002e+00  4.4294785567e+00 -4.2098089498e+00  1.1675018061e+00
ENERGY -2.764510155429e+02

JOB 15
COORDS  1.6133897261e+00 -6.9154706564e-03 -4.2152077396e-01  2.3866822382e+00 -5.3491827180e-01  7.9248823573e-01  3.4574807939e+00 -1.5981954147e+00  4.7535920183e-01  4.5135031511e+00 -1.1164026626e+00 -5.4213554517e-01  5.3593151896e+00  8.2834778799e-02 -9.3572187556e-02  4.0756436120e+00 -2.1173327430e+00  1.7892736028e+00  5.0983488009e+00 -3.2474680303e+00  1.6216930525e+00  1.0813684563e+00 -8.1661601439e-01 -9.3507272263e-01  2.2685573537e+00  4.8148059257e-01 -1.1492915076e+00  8.6384593693e-01  7.2976235971e-01 -1.1153239905e-01  1.6736615782e+00 -9.6890116860e-01  1.5050680572e+00  2.8558326165e+00  3.0688131741e-01  1.3178726622e+00  2.9404466752e+00 -2.4489810991e+00  4.8891314832e-03  4.0115384806e+00 -8.6746927626e-01 -1.4838666873e+00  5.1790741432e+00 -1.9532594019e+00 -7.8200432484e-01  6.0856379314e+00  3.5329805917e-01 -8.6750116309e-01  5.9208968139e+00 -1.3446100900e-01  8.2116877920e-01  4.7424016655e+00  9.6670470138e-01  9.9826078630e-02  4.5392211342e+00 -1.2836137981e+00  2.3321011748e+00  3.2585270560e+00 -2.4713152514e+00  2.4308818425e+00  5.4029981470e+00 -3.6454709943e+00  2.5957525141e+00  6.0046364437e+00 -2.9084611745e+00  1.1097968588e+00  4.6794878428e+00 -4.0771642048e+00  1.0396886621e+00
ENERGY -2.764511197854e+02

JOB 16
COORDS  1.2812773075e+00 -2.5194928547e-01 -2.7250377525e-01  2.1529580442e+00 -7.0358405587e-01  9.0796372082e-01  3.2043426270e+00 -1.7825759350e+00  5.7649537545e-01  4.2514051451e+00 -1.3194591093e+00 -4.5945141221e-01  5.1471423542e+00 -1.5395437821e-01 -1.8389997540e-02  3.8402918523e+00 -2.3017787708e+00  1.8823121161e+00  4.8670939773e+00 -3.4261090606e+00  1.7014870901e+00  5.2836669218e-01 -1.0085340503e+00 -5.2168509763e-01  1.8670647514e+00 -3.7622338582e-02 -1.1707254834e+00  7.3273141628e-01  6.6196243816e-01 -1.7309386047e-02  1.5010270526e+00 -1.0827747982e+00  1.7046880534e+00  2.6648179436e+00  1.6777067805e-01  1.3356356300e+00  2.6708619881e+00 -2.6308470457e+00  1.1972249502e-01  3.7395284587e+00 -1.0432919658e+00 -1.3880214960e+00  4.8839261211e+00 -2.1744996025e+00 -7.2338366799e-01  5.8640513411e+00  9.9221929129e-02 -8.0681660398e-01  5.7222158741e+00 -3.9936470387e-01  8.8064471080e-01  4.5660056769e+00  7.4871947517e-01  1.9690249847e-01  4.3050765426e+00 -1.4664769773e+00  2.4218574982e+00  3.0322852046e+00 -2.6616559999e+00  2.5319161329e+00  5.1838365787e+00 -3.8244111093e+00  2.6715573838e+00  5.7662199991e+00 -3.0816986709e+00  1.1806763222e+00  4.4462502963e+00 -4.2567827212e+00  1.1223269221e+00
ENERGY -2.764500154683e+02

JOB 17
COORDS  8.7855523874e-01 -5.2471324505e-01 -1.0922766959e-01  1.8440853004e+00 -8.9237039168e-01  1.0331869334e+00  2.9086596623e+00 -1.9483859901e+00  6.6937787008e-01  3.9352283253e+00 -1.4370178957e+00 -3.6541534124e-01  4.8662785577e+00 -3.1785487662e-01  1.2117724133e-01  3.5703414529e+00 -2.4910685867e+00  1.9518987113e+00  4.6169852256e+00 -3.5882122325e+00  1.7237703196e+00 -5.1253893814e-03 -1.1720288702e+00 -1.0653557296e-01  1.3486202740e+00 -5.9190125309e-01 -1.0944537105e+00  5.0936969787e-01  5.0083329333e-01  2.4987707331e-03  1.2636672644e+00 -1.2547669660e+00  1.8899781253e+00  2.3558275597e+00  1.0466532123e-02  1.3877749102e+00  2.3839638288e+00 -2.7933552711e+00  1.9668425927e-01  3.4018890254e+00 -1.0900348341e+00 -1.2577821282e+00  4.5442512188e+00 -2.2831775360e+00 -7.0347916881e-01  5.5488277869e+00 -1.2801015872e-02 -6.7929930114e-01  5.4795951165e+00 -6.3695961803e-01  9.7020135917e-01  4.3093470447e+00  5.7221734742e-01  4.3156366382e-01  4.0243924238e+00 -1.6620942790e+00  2.5100742470e+00  2.7782722875e+00 -2.8871214112e+00  2.6000060643e+00  4.9599843167e+00 -4.0048430595e+00  2.6770602081e+00  5.4986402751e+00 -3.2118442211e+00  1.1952477485e+00  4.2022606102e+00 -4.4121758497e+00  1.1308032369e+00
ENERGY -2.764483394923e+02

JOB 18
COORDS  8.0911774594e-01 -5.3201595749e-01 -1.8981380190e-01  1.7742404595e+00 -8.3587764841e-01  9.7843272678e-01  2.8993617062e+00 -1.8365967685e+00  6.4217497609e-01  3.9083018582e+00 -1.2747032149e+00 -3.8392228097e-01  4.7809244406e+00 -1.1371743771e-01  1.1300609386e-01  3.5722723375e+00 -2.3324584359e+00  1.9370755787e+00  4.6757238585e+00 -3.3767912084e+00  1.7296343378e+00 -1.5437766646e-01 -1.0337229754e+00 -5.3627280847e-02  1.2134110769e+00 -8.5289596828e-01 -1.1546153862e+00  5.9664055739e-01  5.3899362477e-01 -2.7226410656e-01  1.2028478225e+00 -1.2275274998e+00  1.8279090229e+00  2.2288637678e+00  9.4142480080e-02  1.3388443406e+00  2.4266939486e+00 -2.7117184807e+00  1.6978333823e-01  3.3631582792e+00 -9.4876785803e-01 -1.2774216346e+00  4.5597296776e+00 -2.0889509814e+00 -7.2157655901e-01  5.4458603862e+00  2.3393980005e-01 -6.8490889579e-01  5.4108085226e+00 -4.0864367886e-01  9.5859115977e-01  4.1789256432e+00  7.4333279722e-01  4.3226909454e-01  3.9773460410e+00 -1.4765356335e+00  2.4921676204e+00  2.7941701694e+00 -2.7627746906e+00  2.5803022347e+00  5.0338646134e+00 -3.7629206822e+00  2.6901649862e+00  5.5398826201e+00 -2.9619885847e+00  1.2009613900e+00  4.3078467651e+00 -4.2285784900e+00  1.1451549001e+00
ENERGY -2.764469781109e+02

JOB 19
COORDS  1.0689153277e+00 -3.0373631023e-01 -3.6330146006e-01  1.9633925077e+00 -6.3526967682e-01  8.5504586227e-01  3.0845717605e+00 -1.6553462811e+00  5.7118387080e-01  4.1177818534e+00 -1.1301208753e+00 -4.4984353753e-01  4.9787110610e+00  4.6688715517e-02  2.9557625190e-02  3.7250398742e+00 -2.1222392126e+00  1.8926185576e+00  4.8184510609e+00 -3.1858157697e+00  1.7360212821e+00  2.1011651769e-02 -5.5572341734e-01 -1.7291287378e-01  1.3693408643e+00 -8.7150250600e-01 -1.2503132146e+00  1.1094120256e+00  7.5579967042e-01 -6.3398657088e-01  1.3406022120e+00 -1.0369608791e+00  1.6628765886e+00  2.4059173538e+00  2.8204276169e-01  1.2597114948e+00  2.6102705401e+00 -2.5368131227e+00  1.1288168893e-01  3.5913175062e+00 -8.3272742547e-01 -1.3643860591e+00  4.7759091395e+00 -1.9549112834e+00 -7.4656716379e-01  5.6651566124e+00  3.6691827743e-01 -7.6157999289e-01  5.5853217756e+00 -2.1923046670e-01  9.0143554295e-01  4.3686630868e+00  9.1389660722e-01  3.0316528391e-01  4.1310902483e+00 -1.2562959471e+00  2.4310500355e+00  2.9289550207e+00 -2.5237682566e+00  2.5325846782e+00  5.1514143169e+00 -3.5510178916e+00  2.7136354843e+00  5.6987400500e+00 -2.7956905594e+00  1.2151883419e+00  4.4518356752e+00 -4.0480056107e+00  1.1661912460e+00
ENERGY -2.764467673558e+02

JOB 20
COORDS  1.2674089425e+00 -1.8173317114e-01 -4.3821638266e-01  2.0785619193e+00 -5.6481716174e-01  8.1892380735e-01  3.2023509194e+00 -1.5893650908e+00  5.6704229320e-01  4.2560655591e+00 -1.0753275768e+00 -4.3805296590e-01  5.0930619145e+00  1.1838820381e-01  4.1451763491e-02  3.8130499160e+00 -2.0482947748e+00  1.9049938814e+00  4.8986743745e+00 -3.1238944763e+00  1.7796139114e+00  1.9179247055e-01 -1.7508641020e-01 -2.3560363257e-01  1.4182719031e+00 -9.1390251895e-01 -1.2400767217e+00  1.5481390058e+00  7.9655623299e-01 -8.3988498776e-01  1.4011386420e+00 -9.9799946656e-01  1.5648042264e+00  2.4942160749e+00  3.3348036869e-01  1.2900399007e+00  2.7328114260e+00 -2.4714778106e+00  1.0542148414e-01  3.7478640523e+00 -7.9986227583e-01 -1.3696214866e+00  4.9285991168e+00 -1.8991144856e+00 -7.0368326415e-01  5.7970734628e+00  4.3174175277e-01 -7.3689188619e-01  5.6788193626e+00 -1.2574338279e-01  9.3380384850e-01  4.4668786725e+00  9.8362468841e-01  2.8347594641e-01  4.2180683054e+00 -1.1808954457e+00  2.4416968541e+00  3.0011361015e+00 -2.4348054023e+00  2.5343930171e+00  5.2090615889e+00 -3.4831908239e+00  2.7667924418e+00  5.7926192629e+00 -2.7466248249e+00  1.2727041106e+00  4.5351192447e+00 -3.9878163768e+00  1.2104350729e+00
ENERGY -2.764479412747e+02

JOB 21
COORDS  1.2696600844e+00 -2.3325597311e-01 -4.2858021708e-01  2.0384694186e+00 -6.0703423328e-01  8.5116742259e-01  3.2316394754e+00 -1.5558248971e+00  6.2430185899e-01  4.2649395711e+00 -9.8383877646e-01 -3.7003869299e-01  4.9918057402e+00  2.8418295466e-01  9.7777780978e-02  3.8485797568e+00 -1.9632410149e+00  1.9761062298e+00  4.9956402074e+00 -2.9762226010e+00  1.8799042072e+00  2.1337643219e-01 -3.8579074951e-02 -2.1594664384e-01  1.2899686409e+00 -1.0607795313e+00 -1.1483537415e+00  1.6896607355e+00  6.4429696224e-01 -9.2973581331e-01  1.3508327998e+00 -1.1049901940e+00  1.5463161131e+00  2.3725497971e+00  3.0105327283e-01  1.3675397581e+00  2.8279407955e+00 -2.4701753724e+00  1.6308957046e-01  3.7587781247e+00 -7.7371365754e-01 -1.3194175024e+00  5.0069350946e+00 -1.7574159974e+00 -5.9895212019e-01  5.6878553805e+00  6.3540263433e-01 -6.7151036222e-01  5.5725501260e+00  1.0848858736e-01  1.0093792988e+00  4.2923192225e+00  1.1012626952e+00  3.0403961207e-01  4.1958080090e+00 -1.0677496051e+00  2.5070857926e+00  3.0509687913e+00 -2.3877533031e+00  2.5993825709e+00  5.3123533779e+00 -3.3040645596e+00  2.8759838014e+00  5.8735196459e+00 -2.5546094093e+00  1.3798993348e+00  4.6903906238e+00 -3.8670372088e+00  1.3179498809e+00
ENERGY -2.764497456693e+02

JOB 22
COORDS  1.1561712159e+00 -3.2833268353e-01 -4.0036650724e-01  1.9325272375e+00 -6.9974744201e-01  8.7021243812e-01  3.1617706724e+00 -1.5992449058e+00  6.3374934866e-01  4.1678975187e+00 -9.9274471054e-01 -3.6751144825e-01  4.8235385410e+00  3.2153446801e-01  7.7055905433e-02  3.8011428327e+00 -1.9783587221e+00  1.9839998119e+00  4.9837215356e+00 -2.9496200763e+00  1.8873548571e+00  1.6880841551e-01  7.6241222405e-02 -1.5312120771e-01  9.9450329149e-01 -1.2104224591e+00 -1.0320061600e+00  1.6829590926e+00  4.1741681505e-01 -1.0041382168e+00  1.2580020515e+00 -1.2288875641e+00  1.5555546199e+00  2.2348003301e+00  2.1362829712e-01  1.3979429811e+00  2.7937044587e+00 -2.5311143161e+00  1.7744167107e-01  3.6583463314e+00 -8.3152919291e-01 -1.3243985114e+00  4.9510607937e+00 -1.7306917986e+00 -5.7544590580e-01  5.5150002752e+00  6.8643013175e-01 -6.9000817592e-01  5.3961040724e+00  1.9848819832e-01  1.0024049507e+00  4.0814969342e+00  1.1081814950e+00  2.5015984771e-01  4.1183477836e+00 -1.0684433381e+00  2.5092746189e+00  3.0225937863e+00 -2.4284278262e+00  2.6133702015e+00  5.3127589471e+00 -3.2649331638e+00  2.8834955710e+00  5.8457200656e+00 -2.4973276439e+00  1.3865628680e+00  4.7102204932e+00 -3.8513880891e+00  1.3264956906e+00
ENERGY -2.764510303912e+02

JOB 23
COORDS  1.0194496620e+00 -4.6887625074e-01 -3.6011019056e-01  1.8293259820e+00 -8.1207254200e-01  8.9561294236e-01  3.0763974841e+00 -1.6857636959e+00  6.5207046630e-01  4.0709928328e+00 -1.0645555896e+00 -3.5168041436e-01  4.6821787009e+00  2.7732973055e-01  7.3234397350e-02  3.7264737371e+00 -2.0467324632e+00  2.0030957246e+00  4.9303351531e+00 -2.9919208836e+00  1.9104172717e+00  1.5279496404e-01  1.5158369463e-01 -1.0706819143e-01  6.5489018284e-01 -1.3739354533e+00 -8.5993349696e-01  1.6133766250e+00  9.4437481739e-02 -1.0869852373e+00  1.1775936556e+00 -1.3361367746e+00  1.6063736482e+00  2.1295467722e+00  1.1655720235e-01  1.3978199708e+00  2.7292392281e+00 -2.6280575971e+00  2.0030582407e-01  3.5690542621e+00 -9.3877939275e-01 -1.3176108794e+00  4.8783152391e+00 -1.7819721741e+00 -5.3714501852e-01  5.3797698679e+00  6.4155464839e-01 -6.8857666321e-01  5.2383831552e+00  1.9204561972e-01  1.0127649589e+00  3.9166066477e+00  1.0480214758e+00  2.1153147285e-01  4.0234682338e+00 -1.1282055295e+00  2.5253407119e+00  2.9586257449e+00 -2.5120318987e+00  2.6343652625e+00  5.2632966900e+00 -3.2984315812e+00  2.9080159126e+00  5.7839558395e+00 -2.5219163847e+00  1.4116739484e+00  4.6780048526e+00 -3.9003315937e+00  1.3503448715e+00
ENERGY -2.764511078986e+02

