JOB 0
COORDS  4.4059243994e+00 -4.0537004681e+00  1.2154308306e+00  4.5428874875e+00 -4.6945489054e+00  2.4467432711e+00  4.0840678768e+00 -2.5923863215e+00  3.5836233480e+00  6.9818203034e+00 -3.7813939872e+00 -2.2200637185e+00  7.3902885476e+00 -1.8326574699e+00 -1.2480699739e+00  8.0012623315e+00 -2.8102221258e+00 -2.0160702543e+00  4.1081981979e+00 -2.6900096271e+00  1.1507566377e+00  4.3827689390e+00 -3.9544937307e+00  3.6200571006e+00  3.9463597671e+00 -1.9677849963e+00  2.3421780458e+00  5.0146663316e+00 -1.3833861326e+00 -5.9845911678e-01  5.8371046774e+00 -3.4305308133e+00 -1.6314298530e+00  6.1071318656e+00 -2.2677317988e+00 -9.9624871639e-01  9.3058693930e+00 -2.8224286698e+00 -2.5514589935e+00  3.9124455710e+00 -2.0930719763e+00 -8.0263425086e-02  4.5549409895e+00 -4.7464548714e+00  5.1771166270e+00  3.5514048866e+00 -2.6143432240e-01  2.2879848252e+00  4.5373815702e+00 -4.5861442357e+00  2.7960011878e-01  4.7740610127e+00 -5.7535458219e+00  2.4958742198e+00  3.9522494516e+00 -2.0263867011e+00  4.4991092599e+00  7.0453897636e+00 -4.7169062519e+00 -2.7643034086e+00  7.7678225344e+00 -9.0417782234e-01 -8.4000358955e-01  5.4216473706e+00 -6.6616968971e-01  1.2221102016e-01  4.6217511345e+00 -8.5259718444e-01 -1.4700971879e+00  9.6711163907e+00 -3.7648570950e+00 -2.6439811064e+00  9.9566646488e+00 -2.2691987494e+00 -2.0035703448e+00
ENERGY -1.546357916393e+03

JOB 1
COORDS  4.4310895021e+00 -4.0210906187e+00  1.1599413529e+00  4.6772110705e+00 -4.6618421836e+00  2.3742637402e+00  4.2955013598e+00 -2.5655373214e+00  3.5487477695e+00  6.9220036110e+00 -3.7479989270e+00 -2.2523851872e+00  7.3056226617e+00 -1.8740768375e+00 -1.1324616937e+00  7.9568887271e+00 -2.8507074195e+00 -1.8685432358e+00  4.1155720025e+00 -2.6601458317e+00  1.1223231341e+00  4.6087787068e+00 -3.9248964613e+00  3.5584064613e+00  4.0492955277e+00 -1.9405795369e+00  2.3243904525e+00  4.8850805671e+00 -1.3610601509e+00 -6.9668479375e-01  5.7304836790e+00 -3.3569760407e+00 -1.7950252391e+00  5.9784592883e+00 -2.2380488538e+00 -1.0801622214e+00  9.3175623649e+00 -2.9152654632e+00 -2.2353730387e+00  3.8183690183e+00 -2.0649493669e+00 -8.7747949958e-02  4.9179535757e+00 -4.7163016135e+00  5.0944951649e+00  3.6408537178e+00 -2.3678133808e-01  2.3055191194e+00  4.4870967140e+00 -4.5539437968e+00  2.1655578424e-01  4.9215305315e+00 -5.7186385331e+00  2.4018239948e+00  4.2359460867e+00 -2.0016317746e+00  4.4730350333e+00  7.0047653789e+00 -4.6570695213e+00 -2.8372754836e+00  7.6750991055e+00 -9.9013430097e-01 -6.2977138904e-01  5.3008586396e+00 -5.9535377403e-01 -3.3937982624e-02  4.4407640609e+00 -8.9279634068e-01 -1.5782971988e+00  9.6388097300e+00 -3.8727245701e+00 -2.3367418569e+00  9.9208287009e+00 -2.4344280000e+00 -1.5760082544e+00
ENERGY -1.546360032787e+03

JOB 2
COORDS  4.4698916162e+00 -4.0029639869e+00  1.0868065859e+00  4.8163141078e+00 -4.6512709472e+00  2.2722522266e+00  4.4568593171e+00 -2.5790571261e+00  3.4972424755e+00  6.8577765566e+00 -3.6982901564e+00 -2.2803850146e+00  7.1947293775e+00 -1.9106198510e+00 -1.0139709174e+00  7.8816646891e+00 -2.8877850157e+00 -1.7166725812e+00  4.1143074188e+00 -2.6512735535e+00  1.0873582552e+00  4.8072549260e+00 -3.9291575745e+00  3.4674024333e+00  4.1121430159e+00 -1.9472856839e+00  2.3004519923e+00  4.7542040905e+00 -1.3358197550e+00 -7.6886749736e-01  5.6392789711e+00 -3.2594255032e+00 -1.9544985203e+00  5.8548491756e+00 -2.1883119774e+00 -1.1626746974e+00  9.2731475498e+00 -3.0141517802e+00 -1.9140278733e+00  3.7272834611e+00 -2.0503198018e+00 -9.2926943726e-02  5.2413158454e+00 -4.7290542272e+00  4.9684351446e+00  3.6637378211e+00 -2.5404057186e-01  2.3294979116e+00  4.4752270702e+00 -4.5255676432e+00  1.3590908785e-01  5.0914181944e+00 -5.7008450505e+00  2.2692723827e+00  4.4452208238e+00 -2.0274706235e+00  4.4308022971e+00  6.9659091391e+00 -4.5762530986e+00 -2.9070744834e+00  7.5419476199e+00 -1.0767235758e+00 -4.1889008183e-01  5.1665998349e+00 -5.3681073335e-01 -1.4520657127e-01  4.2619717059e+00 -9.1444558535e-01 -1.6471479488e+00  9.5511354297e+00 -3.9815110182e+00 -2.0450715179e+00  9.8108880928e+00 -2.6192420106e+00 -1.1492462122e+00
ENERGY -1.546361762699e+03

JOB 3
COORDS  4.5056301012e+00 -3.9797123721e+00  9.9869575233e-01  4.9422990935e+00 -4.6350343186e+00  2.1497577664e+00  4.6298571765e+00 -2.5850454804e+00  3.4229588703e+00  6.8130425009e+00 -3.6307438349e+00 -2.2974365420e+00  7.0820765773e+00 -1.9320098026e+00 -8.9767391150e-01  7.7985112105e+00 -2.9133699826e+00 -1.5636276195e+00  4.1265397226e+00 -2.6348373127e+00  1.0403081839e+00  5.0008315167e+00 -3.9281329340e+00  3.3525650089e+00  4.1953732299e+00 -1.9454670045e+00  2.2599321291e+00  4.6432879195e+00 -1.2954805808e+00 -8.3969844089e-01  5.5882237845e+00 -3.1361643468e+00 -2.1007988455e+00  5.7610305639e+00 -2.1124762428e+00 -1.2390397487e+00  9.1951404452e+00 -3.1117622239e+00 -1.5953448690e+00  3.6596376038e+00 -2.0274230803e+00 -1.0605216174e-01  5.5486399001e+00 -4.7383392595e+00  4.8103009025e+00  3.7267676880e+00 -2.5941989651e-01  2.3393729999e+00  4.4576134453e+00 -4.4922568137e+00  4.3321886398e-02  5.2354353684e+00 -5.6791041898e+00  2.1145651955e+00  4.6717867917e+00 -2.0445286870e+00  4.3621246342e+00  6.9542279411e+00 -4.4766263012e+00 -2.9605856590e+00  7.3935957299e+00 -1.1508402160e+00 -2.1756947393e-01  5.0357107475e+00 -4.6203395659e-01 -2.5023120379e-01  4.1113005307e+00 -9.2631392670e-01 -1.7170629376e+00  9.4360765193e+00 -4.0846463991e+00 -1.7554485405e+00  9.6509204543e+00 -2.7966181073e+00 -7.4506066204e-01
ENERGY -1.546363315719e+03

JOB 4
COORDS  4.5541397302e+00 -3.9627672578e+00  9.1334721107e-01  5.0570951224e+00 -4.6237143219e+00  2.0333572003e+00  4.7665349654e+00 -2.5955305890e+00  3.3460931723e+00  6.7886060145e+00 -3.5594182808e+00 -2.3267042013e+00  6.9823024321e+00 -1.9751149968e+00 -7.8641478315e-01  7.7155828583e+00 -2.9591287785e+00 -1.4284110527e+00  4.1516430525e+00 -2.6260454613e+00  9.8932856439e-01  5.1590426325e+00 -3.9302220959e+00  3.2411637080e+00  4.2657819858e+00 -1.9502283197e+00  2.2131144317e+00  4.5708539411e+00 -1.2580261471e+00 -8.9975805876e-01  5.5804554919e+00 -2.9975248015e+00 -2.2441127466e+00  5.7096501617e+00 -2.0320477389e+00 -1.3091428872e+00  9.0906696485e+00 -3.2498274393e+00 -1.3077843498e+00  3.6271878511e+00 -2.0144727084e+00 -1.2789676494e-01  5.7910155013e+00 -4.7469979980e+00  4.6606503202e+00  3.7746476357e+00 -2.7346124090e-01  2.3345816141e+00  4.4725182526e+00 -4.4651475551e+00 -4.5371141678e-02  5.3684884941e+00 -5.6611812422e+00  1.9706046198e+00  4.8431284855e+00 -2.0654514676e+00  4.2890355826e+00  6.9632320620e+00 -4.3649300222e+00 -3.0308670962e+00  7.2506692830e+00 -1.2632153478e+00 -1.7707367720e-02  4.9343046119e+00 -3.9842610710e-01 -3.3000498817e-01  4.0107826966e+00 -9.3216169934e-01 -1.7755343052e+00  9.2898133001e+00 -4.2274597521e+00 -1.4942204982e+00  9.4593257557e+00 -3.0077788475e+00 -3.9369703223e-01
ENERGY -1.546364543298e+03

JOB 5
COORDS  4.6262122370e+00 -3.9523111315e+00  8.8122921426e-01  5.1807171027e+00 -4.5845478553e+00  1.9929339522e+00  4.8778245004e+00 -2.5491753994e+00  3.2908316250e+00  6.8038243095e+00 -3.4753880059e+00 -2.3694566383e+00  6.8884049134e+00 -2.0187534984e+00 -6.9850024239e-01  7.6457091978e+00 -2.9912751582e+00 -1.3271186217e+00  4.1910705405e+00 -2.6255405673e+00  9.5341515323e-01  5.3033240695e+00 -3.8738584184e+00  3.1889999125e+00  4.3233872781e+00 -1.9331122585e+00  2.1663149516e+00  4.5104135890e+00 -1.2510073849e+00 -9.6250376603e-01  5.6202190575e+00 -2.8606338484e+00 -2.3789846915e+00  5.6887858070e+00 -1.9559383713e+00 -1.3754978542e+00  8.9815209432e+00 -3.3646651900e+00 -1.0730823633e+00  3.6211408074e+00 -2.0450783868e+00 -1.5568386636e-01  6.0037466821e+00 -4.6555803095e+00  4.5959618725e+00  3.7891351832e+00 -2.6985281789e-01  2.2852479802e+00  4.5308620697e+00 -4.4687261908e+00 -6.8967933961e-02  5.5181571140e+00 -5.6139502424e+00  1.9324923684e+00  4.9693171623e+00 -2.0050682345e+00  4.2244518607e+00  7.0256434819e+00 -4.2335466843e+00 -3.1119763029e+00  7.0979426288e+00 -1.3787809815e+00  1.4781038601e-01  4.8193969912e+00 -3.5880295119e-01 -4.1092110274e-01  3.9260480650e+00 -9.8288183555e-01 -1.8407755526e+00  9.1592938749e+00 -4.3333149064e+00 -1.3183610828e+00  9.2494182033e+00 -3.2144138280e+00 -1.0577864473e-01
ENERGY -1.546364966168e+03

JOB 6
COORDS  2.8761762823e+00 -2.3065141959e+00 -2.3296913166e+00  1.7804255196e+00 -2.7599617540e+00 -3.0697863806e+00  6.1571014181e-01 -3.3168356266e+00 -1.0179728071e+00  7.0795015860e+00 -2.8747538361e+00 -2.8996342420e+00  6.8777215225e+00 -2.8433224869e+00 -6.8949481774e-01  7.6285540019e+00 -3.4163334243e+00 -1.7029420491e+00  2.8509733052e+00 -2.3430501122e+00 -9.3029066422e-01  6.5966789778e-01 -3.2604032225e+00 -2.4120552737e+00  1.7092298481e+00 -2.8580166764e+00 -2.8710649688e-01  4.9671553811e+00 -1.1989739541e+00 -6.5727197953e-01  6.0687270658e+00 -2.0421172476e+00 -2.6471140621e+00  5.9488007594e+00 -2.0334468832e+00 -1.2999048009e+00  8.7499687940e+00 -4.2633893256e+00 -1.5958993532e+00  3.8634754819e+00 -1.9143954966e+00 -1.1283180151e-01 -7.1695174834e-01 -3.8378634021e+00 -3.3376089120e+00  1.6516006439e+00 -2.9214280453e+00  1.4601935819e+00  3.7589961016e+00 -1.9606900686e+00 -2.8549455876e+00  1.8111295444e+00 -2.7312860797e+00 -4.1540495787e+00 -2.5555309864e-01 -3.7068166961e+00 -5.0344329642e-01  7.3884500591e+00 -3.0561732998e+00 -3.9224090237e+00  6.9161420591e+00 -2.9526519681e+00  3.8585548896e-01  5.4175176126e+00 -7.0908206620e-01  2.0705275325e-01  4.6425122042e+00 -4.5435601755e-01 -1.3877035485e+00  8.8157351190e+00 -4.9096613650e+00 -2.3758380515e+00  8.7572526525e+00 -4.7908763546e+00 -7.2896915447e-01
ENERGY -1.546365600416e+03

JOB 7
COORDS  3.2301439364e+00 -2.8682802989e+00 -2.4611336578e+00  2.3371084601e+00 -3.4443996222e+00 -3.3691288707e+00  1.2940718036e+00 -4.6824405489e+00 -1.5646862605e+00  7.3803181470e+00 -2.5288923252e+00 -2.8698195860e+00  6.9341541263e+00 -3.2260605925e+00 -8.0878447848e-01  7.8083940901e+00 -3.4394701940e+00 -1.8628749366e+00  3.1620814606e+00 -3.1846355187e+00 -1.0987956315e+00  1.3760616089e+00 -4.3448647128e+00 -2.9167462248e+00  2.1865901810e+00 -4.1026406255e+00 -6.6608422288e-01  4.9570023518e+00 -1.6953433721e+00 -4.7715426421e-01  6.3216224599e+00 -1.8185634496e+00 -2.4752268819e+00  6.0649404986e+00 -2.2434478109e+00 -1.2173590811e+00  8.9318271991e+00 -4.2888679520e+00 -1.9150076509e+00  3.9772339490e+00 -2.6647808013e+00 -1.2746989765e-01  2.5441770772e-01 -5.0762648446e+00 -4.0530435928e+00  2.0844249363e+00 -4.5255864280e+00  1.0282309866e+00  3.9937094864e+00 -2.1965183636e+00 -2.8351923392e+00  2.4008636584e+00 -3.1949437284e+00 -4.4231848099e+00  5.4736069745e-01 -5.3844499308e+00 -1.2103790410e+00  7.8032937997e+00 -2.3684699931e+00 -3.8545440867e+00  6.8524696903e+00 -3.6869344493e+00  1.6616810362e-01  5.2981325398e+00 -1.3131438697e+00  4.8657430128e-01  4.5411127232e+00 -8.8373396774e-01 -1.0791062764e+00  9.0878023773e+00 -4.6592817172e+00 -2.8471233574e+00  8.8656020852e+00 -5.0608565677e+00 -1.2596155738e+00
ENERGY -1.546366017034e+03

JOB 8
COORDS  3.0785928722e+00 -2.2289889388e+00 -2.3054602607e+00  2.1016337485e+00 -2.9013611207e+00 -3.0449063968e+00  9.7662409801e-01 -3.5350784557e+00 -9.9304805696e-01  7.1432035940e+00 -2.6022126970e+00 -2.8496387446e+00  6.4673158511e+00 -2.9200583270e+00 -7.5747591577e-01  7.2534777365e+00 -3.4928984644e+00 -1.7459071637e+00  3.0130416595e+00 -2.1955989098e+00 -9.0714644332e-01  1.0584284542e+00 -3.5477312912e+00 -2.3865735088e+00  1.9541707033e+00 -2.8622190886e+00 -2.6347599764e-01  5.0029824886e+00 -8.6524947625e-01 -6.8373796194e-01  6.3436771163e+00 -1.5684591642e+00 -2.5723227229e+00  5.9609732047e+00 -1.7603852331e+00 -1.2905980822e+00  8.0578857297e+00 -4.6476541694e+00 -1.6667583801e+00  3.9121118146e+00 -1.5545834072e+00 -9.3687954092e-02 -1.6916238023e-01 -4.3975169875e+00 -3.3106366238e+00  1.8570092139e+00 -2.8500318658e+00  1.4826699076e+00  3.8984338529e+00 -1.7565618005e+00 -2.8337119224e+00  2.1628132238e+00 -2.9238394118e+00 -4.1279393957e+00  1.6631104024e-01 -4.0391521090e+00 -4.7799456842e-01  7.6090355699e+00 -2.6789267199e+00 -3.8250403636e+00  6.2304886784e+00 -3.2336973164e+00  2.4989753279e-01  5.4521423158e+00 -3.2735263050e-01  1.5387328458e-01  4.6907046918e+00 -1.6001009814e-01 -1.4581725933e+00  8.1128657268e+00 -5.1362537956e+00 -2.5548132247e+00  7.7384289540e+00 -5.2946222611e+00 -9.5307360967e-01
ENERGY -1.546365552834e+03

JOB 9
COORDS  3.4303592393e+00 -2.8406438500e+00 -2.4051925130e+00  2.6412893095e+00 -3.5322593332e+00 -3.3279175995e+00  1.5376003914e+00 -4.7005180513e+00 -1.5129002116e+00  7.5110675869e+00 -2.2892667801e+00 -2.6755056235e+00  6.6142551913e+00 -3.2956901925e+00 -9.0996399386e-01  7.5605669461e+00 -3.4840201475e+00 -1.9067453434e+00  3.2777026542e+00 -3.0635621514e+00 -1.0310591458e+00  1.7006916687e+00 -4.4555175467e+00 -2.8774391918e+00  2.3272184323e+00 -4.0058454338e+00 -5.9890685518e-01  4.9475646909e+00 -1.4523376704e+00 -4.3543678542e-01  6.5974801392e+00 -1.4352634760e+00 -2.2021998245e+00  6.0901298976e+00 -2.0421232607e+00 -1.1074950204e+00  8.4411226341e+00 -4.5709082326e+00 -2.0838288358e+00  3.9994422832e+00 -2.4300880825e+00 -5.0057936267e-02  7.0983617059e-01 -5.3313162896e+00 -4.0319132042e+00  2.1305222405e+00 -4.3170873846e+00  1.1103613691e+00  4.1758566835e+00 -2.1464095892e+00 -2.7755048392e+00  2.7686847237e+00 -3.3545228308e+00 -4.3906106936e+00  8.0727287054e-01 -5.4203704828e+00 -1.1602270975e+00  8.0952353320e+00 -2.0262504671e+00 -3.5495339003e+00  6.2839143954e+00 -3.9291175280e+00 -9.8620306420e-02  5.2472263479e+00 -9.9036032437e-01  5.0827532065e-01  4.5331187873e+00 -6.9456490722e-01 -1.1053973779e+00  8.6330467733e+00 -4.7507336736e+00 -3.0642950408e+00  8.0958498991e+00 -5.4227710462e+00 -1.6535355154e+00
ENERGY -1.546364079494e+03

JOB 10
COORDS  3.4774548352e+00 -2.8908549444e+00 -2.3969278614e+00  2.6726408125e+00 -3.5902990811e+00 -3.2994617803e+00  1.5015934955e+00 -4.6325488827e+00 -1.4493136704e+00  7.7374193281e+00 -2.1521726629e+00 -2.4844214731e+00  6.5500467877e+00 -3.3212770452e+00 -1.0151339515e+00  7.6080313589e+00 -3.4426879635e+00 -1.9056106913e+00  3.2982689719e+00 -3.0449708744e+00 -1.0167063626e+00  1.6908549775e+00 -4.4552064715e+00 -2.8208344733e+00  2.3060140004e+00 -3.9278951339e+00 -5.5554665089e-01  4.9575990145e+00 -1.4139003898e+00 -4.7781332797e-01  6.8250462902e+00 -1.3009351606e+00 -1.9998580802e+00  6.1405984348e+00 -2.0127793590e+00 -1.0821032683e+00  8.4333982143e+00 -4.5644013437e+00 -2.1335710963e+00  4.0389836553e+00 -2.3986096506e+00 -5.7116161824e-02  6.8103744139e-01 -5.3427375578e+00 -3.9487477639e+00  2.0755008536e+00 -4.1513971853e+00  1.1623137010e+00  4.2565885332e+00 -2.2450078221e+00 -2.7853586409e+00  2.8200084049e+00 -3.4662451859e+00 -4.3671512293e+00  7.3883981160e-01 -5.3066570539e+00 -1.0754622452e+00  8.4477257695e+00 -1.8160339355e+00 -3.2306618792e+00  6.0849149094e+00 -4.0312321577e+00 -3.4638475090e-01  5.2259304622e+00 -8.8029506458e-01  4.3714104017e-01  4.5284949362e+00 -7.1307170081e-01 -1.1991423421e+00  8.7469197213e+00 -4.6160810344e+00 -3.0977241858e+00  7.9748548666e+00 -5.4364558535e+00 -1.8898429188e+00
ENERGY -1.546361853976e+03

JOB 11
COORDS  5.6839542533e+00 -3.4669828830e+00  1.2033897311e+00  5.9936312629e+00 -4.3848814082e+00  2.2096788955e+00  3.7229144247e+00 -5.2337390473e+00  2.1311880883e+00  7.7727904643e+00 -1.7251056813e+00 -2.5962684542e+00  6.1397913166e+00 -3.1487745409e+00 -2.1019795677e+00  7.3418005766e+00 -3.0631078902e+00 -2.7928536953e+00  4.3948942488e+00 -3.4126491249e+00  6.5988809521e-01  5.0115878198e+00 -5.2613654233e+00  2.6668318883e+00  3.4207086249e+00 -4.3100012700e+00  1.1319174293e+00  4.8598774187e+00 -1.4752867529e+00 -6.5907135250e-01  6.9095276649e+00 -1.0359090059e+00 -1.8388660671e+00  5.9158172555e+00 -1.9026682100e+00 -1.5722499204e+00  7.9592274099e+00 -4.0490614670e+00 -3.5935767469e+00  4.0044755858e+00 -2.5455110944e+00 -3.3125614203e-01  5.3935423849e+00 -6.4223422554e+00  3.9254485648e+00  1.8087329311e+00 -4.2717988763e+00  4.6043198155e-01  6.4655393988e+00 -2.8138829453e+00  8.3256195163e-01  6.9957816129e+00 -4.4205173620e+00  2.6237462187e+00  2.9586320487e+00 -5.9165541019e+00  2.4856561571e+00  8.6662921575e+00 -1.2418214069e+00 -2.9736213611e+00  5.4368233785e+00 -3.9595070276e+00 -1.9787640752e+00  5.3153706116e+00 -1.0249904373e+00  2.2817486575e-01  4.2279278576e+00 -7.3666162322e-01 -1.1568138329e+00  7.6830011132e+00 -4.9889078744e+00 -3.3280640548e+00  8.9717781389e+00 -3.9836261637e+00 -3.5619816816e+00
ENERGY -1.546359832593e+03

JOB 12
COORDS  5.6824077328e+00 -3.3740770937e+00  1.1787155037e+00  6.0572612346e+00 -4.2997764677e+00  2.1554643477e+00  3.8491651206e+00 -5.2993679981e+00  2.0609715012e+00  7.8755845175e+00 -1.9216147651e+00 -2.2375581868e+00  5.9908876461e+00 -3.0959709769e+00 -2.1867868873e+00  7.2880028168e+00 -3.1368456349e+00 -2.6794797007e+00  4.3893371432e+00 -3.3931544188e+00  6.4172206351e-01  5.1401519753e+00 -5.2544494378e+00  2.5898046157e+00  3.4821637300e+00 -4.3692874063e+00  1.0900675095e+00  4.7643294151e+00 -1.4480453721e+00 -6.9144884711e-01  7.0155588955e+00 -1.1897328174e+00 -1.5190135593e+00  5.8668567810e+00 -1.8952187810e+00 -1.5329357176e+00  7.8786850061e+00 -4.1172171781e+00 -3.5049840581e+00  3.9317961739e+00 -2.5245261515e+00 -3.1916816348e-01  5.6079745985e+00 -6.4244973216e+00  3.8111257294e+00  1.8687732863e+00 -4.4238933931e+00  4.2087146385e-01  6.4165487685e+00 -2.6566997567e+00  8.3009536542e-01  7.0616520139e+00 -4.2793592837e+00  2.5651632253e+00  3.1348320587e+00 -6.0428261689e+00  2.3971847771e+00  8.8822361779e+00 -1.5585336237e+00 -2.4083482566e+00  5.1667935825e+00 -3.7903912432e+00 -2.2662541949e+00  5.1885479119e+00 -9.2206793177e-01  1.6813322293e-01  4.1088987243e+00 -7.7384556410e-01 -1.2479087237e+00  7.4207007170e+00 -5.0190454478e+00 -3.4207608072e+00  8.8685046819e+00 -4.2317521572e+00 -3.3107668852e+00
ENERGY -1.546361851555e+03

JOB 13
COORDS  5.6683574538e+00 -3.2972224292e+00  1.2288335838e+00  6.0669944071e+00 -4.2146270727e+00  2.2044404444e+00  3.9191119313e+00 -5.3277107185e+00  2.0400934253e+00  7.9292963469e+00 -2.0940063326e+00 -2.0045986969e+00  5.9333729341e+00 -3.0250102199e+00 -2.2956975090e+00  7.2641289716e+00 -3.1643458148e+00 -2.6623351321e+00  4.3930849340e+00 -3.3788086640e+00  6.5588037965e-01  5.1916058649e+00 -5.2216106324e+00  2.6041377180e+00  3.5283248876e+00 -4.4081992109e+00  1.0689259975e+00  4.7302677458e+00 -1.4497687224e+00 -7.2354896925e-01  7.0816150475e+00 -1.3590403254e+00 -1.2769588004e+00  5.8686988401e+00 -1.9109422205e+00 -1.4959360003e+00  7.8337220890e+00 -4.0987919460e+00 -3.5514954757e+00  3.9094111235e+00 -2.5228613444e+00 -3.0224639106e-01  5.6885814100e+00 -6.3802533614e+00  3.8256388083e+00  1.9381186986e+00 -4.5432580200e+00  3.5465510695e-01  6.3725972454e+00 -2.5372325039e+00  9.1048968664e-01  7.0577982821e+00 -4.1451333727e+00  2.6410473616e+00  3.2371052494e+00 -6.1122875452e+00  2.3487429326e+00  8.9823883002e+00 -1.8394788698e+00 -2.0281751559e+00  5.0532013096e+00 -3.6044291213e+00 -2.5369964408e+00  5.1212759532e+00 -8.5700383385e-01  1.0748508137e-01  4.0665928944e+00 -8.3652777553e-01 -1.3377302522e+00  7.2743337475e+00 -4.9412176660e+00 -3.6378811783e+00  8.7778245747e+00 -4.3560182135e+00 -3.2812669504e+00
ENERGY -1.546364079854e+03

JOB 14
COORDS  5.6634177084e+00 -3.2789238557e+00  1.3193538959e+00  6.0517295961e+00 -4.1594825656e+00  2.3328489568e+00  3.9441010173e+00 -5.3380314855e+00  2.1234947461e+00  7.9756678924e+00 -2.2196084086e+00 -1.9180127501e+00  5.9466573006e+00 -2.9530058924e+00 -2.4472348330e+00  7.2846086440e+00 -3.1291614488e+00 -2.7660495606e+00  4.4131440494e+00 -3.4123788863e+00  7.0301264681e-01  5.1918933508e+00 -5.1807242879e+00  2.7293170321e+00  3.5638393654e+00 -4.4561980892e+00  1.1143278212e+00  4.7451620825e+00 -1.5237951682e+00 -7.4863538072e-01  7.1355683815e+00 -1.5452972050e+00 -1.1281621145e+00  5.9049241037e+00 -1.9807045164e+00 -1.4783585251e+00  7.8480216500e+00 -3.9510489578e+00 -3.7628841212e+00  3.9348811324e+00 -2.5947131797e+00 -2.8873010512e-01  5.6763623911e+00 -6.2924292749e+00  3.9991937022e+00  2.0031580318e+00 -4.6559785293e+00  3.5054433740e-01  6.3576135539e+00 -2.5085907313e+00  1.0046089427e+00  7.0237286315e+00 -4.0493555974e+00  2.8021990174e+00  3.2733870354e+00 -6.1334693759e+00  2.4290302463e+00  9.0420294375e+00 -2.0379513994e+00 -1.8535250207e+00  5.0476585133e+00 -3.4295972045e+00 -2.8132153807e+00  5.1088980207e+00 -8.8788976081e-01  6.2442114715e-02  4.0771005356e+00 -9.5577852981e-01 -1.3996813512e+00  7.2457310861e+00 -4.7297168775e+00 -4.0096277901e+00  8.7582927753e+00 -4.3099667418e+00 -3.4927021554e+00
ENERGY -1.546365553006e+03

JOB 15
COORDS  5.5878106972e+00 -3.3575874361e+00  1.4131032067e+00  5.9167666562e+00 -4.1869834500e+00  2.4890881853e+00  3.7979048628e+00 -5.3404339551e+00  2.2538631914e+00  8.0110032569e+00 -2.3644552577e+00 -1.8554029492e+00  5.9828149310e+00 -2.8704330925e+00 -2.6053746718e+00  7.3257662199e+00 -3.0592909622e+00 -2.8916920502e+00  4.3621592756e+00 -3.5034770231e+00  7.5180913959e-01  5.0219904828e+00 -5.1704154786e+00  2.9030322424e+00  3.4765559528e+00 -4.5088072455e+00  1.1836225780e+00  4.7543972297e+00 -1.6653516828e+00 -7.6195676957e-01  7.1625052062e+00 -1.8012818808e+00 -9.9274535146e-01  5.9326668195e+00 -2.1085798577e+00 -1.4630671795e+00  7.9048596516e+00 -3.7062602929e+00 -4.0018550280e+00  3.9381084569e+00 -2.7340848217e+00 -3.0025349954e-01  5.4315462051e+00 -6.2193021896e+00  4.2507456121e+00  1.9427374845e+00 -4.7219744575e+00  3.6996638844e-01  6.3102642319e+00 -2.6206832564e+00  1.0825740339e+00  6.8705898824e+00 -4.0676038803e+00  2.9923632970e+00  3.1000328685e+00 -6.1063893405e+00  2.5735528601e+00  9.0796311442e+00 -2.2561391799e+00 -1.7117824068e+00  5.0839800633e+00 -3.2154079023e+00 -3.0980006112e+00  5.0921390257e+00 -1.0195370099e+00  5.2159913658e-02  4.0989457541e+00 -1.1108685925e+00 -1.4358778265e+00  7.2885122664e+00 -4.4003880494e+00 -4.4119660461e+00  8.7893784962e+00 -4.1463265820e+00 -3.7688438337e+00
ENERGY -1.546366016973e+03

JOB 16
COORDS  5.5849923545e+00 -3.4189260304e+00  1.4800765532e+00  5.8578897676e+00 -4.1355056791e+00  2.6488077101e+00  3.7071921054e+00 -5.2417964089e+00  2.4790305041e+00  8.0564014566e+00 -2.5026165150e+00 -1.8926852574e+00  6.0475125517e+00 -2.7587987542e+00 -2.8014633128e+00  7.3931079803e+00 -2.9475374655e+00 -3.0712295837e+00  4.3712347523e+00 -3.5963782771e+00  8.0505421011e-01  4.9198689741e+00 -5.0398013470e+00  3.1402542785e+00  3.4403717823e+00 -4.5196801678e+00  1.3180931172e+00  4.7826476143e+00 -1.8489491096e+00 -8.1910634498e-01  7.1921373301e+00 -2.0822056542e+00 -9.6812987066e-01  5.9715784731e+00 -2.2462682316e+00 -1.5274852832e+00  7.9980821585e+00 -3.3819000156e+00 -4.2678441233e+00  4.0018022687e+00 -2.9375200393e+00 -3.3806787081e-01  5.2597618542e+00 -5.9487176001e+00  4.6043094420e+00  1.9175023675e+00 -4.7667852782e+00  4.9328487360e-01  6.3413931902e+00 -2.7511472100e+00  1.0842778445e+00  6.8031778492e+00 -3.9936481048e+00  3.1623536225e+00  2.9757699037e+00 -5.9460413732e+00  2.8598129779e+00  9.1210699058e+00 -2.4691837122e+00 -1.6931896415e+00  5.1604056284e+00 -2.9547613367e+00 -3.3883908670e+00  5.0917456271e+00 -1.1864189400e+00 -7.3405924849e-03  4.1125699267e+00 -1.3240699497e+00 -1.5010260370e+00  7.3792333024e+00 -3.9578308328e+00 -4.8292571648e+00  8.8587930875e+00 -3.8920630150e+00 -4.0969224782e+00
ENERGY -1.546365600530e+03

JOB 17
COORDS  3.1885919226e+00 -3.7333227349e+00 -1.1501837302e+00  2.3716583518e+00 -4.2260856146e+00 -2.1664195478e+00  1.2888281347e+00 -2.0534441266e+00 -2.3311081215e+00  7.0581435860e+00 -3.5568410607e+00 -1.7883343009e+00  5.7387865124e+00 -1.8906057433e+00 -2.4237765572e+00  6.5211391465e+00 -2.9091738310e+00 -2.9381370135e+00  3.0718140622e+00 -2.4112782316e+00 -7.0992347127e-01  1.4288599401e+00 -3.3768175040e+00 -2.7498852495e+00  2.1155957748e+00 -1.5787422884e+00 -1.3101245560e+00  5.0585519473e+00 -1.2549006463e+00 -9.0245925104e-02  6.6374298660e+00 -2.9909119999e+00 -6.5637933140e-01  5.8540892346e+00 -1.9607972778e+00 -1.0512876148e+00  6.8116353847e+00 -3.1980371247e+00 -4.2872800188e+00  3.8779965877e+00 -1.9739921266e+00  3.1505527818e-01  3.9527464944e-01 -3.9788682538e+00 -4.0346252474e+00  1.9459659873e+00  8.2456833464e-02 -7.8173547344e-01  3.9451321654e+00 -4.3583695075e+00 -6.8599344817e-01  2.4673556015e+00 -5.2522540709e+00 -2.5056306810e+00  5.4943784202e-01 -1.4019541379e+00 -2.7837627753e+00  7.7406758649e+00 -4.3983491591e+00 -1.7514791126e+00  5.1330519756e+00 -1.1350442486e+00 -2.9053929541e+00  5.6319197676e+00 -1.1238382057e+00  8.2574384921e-01  4.7795929049e+00 -2.8867542240e-01 -5.1906549633e-01  6.0687290500e+00 -2.9082239525e+00 -4.9150345332e+00  7.0013406381e+00 -4.1843078937e+00 -4.4332605892e+00
ENERGY -1.546364974531e+03

JOB 18
COORDS  3.1418628553e+00 -3.7372453345e+00 -1.1356536223e+00  2.2796153186e+00 -4.2418465887e+00 -2.1083584588e+00  1.1659610619e+00 -2.0814506867e+00 -2.2255265592e+00  7.0359674818e+00 -3.6435019026e+00 -1.8039743733e+00  5.8796941934e+00 -1.8748601973e+00 -2.4784134110e+00  6.6705134745e+00 -2.9030135846e+00 -2.9636038942e+00  3.0313651451e+00 -2.4150515056e+00 -6.9495780022e-01  1.2986400879e+00 -3.4053962835e+00 -2.6451092339e+00  2.0392582479e+00 -1.5938058643e+00 -1.2506963484e+00  5.0414391366e+00 -1.2680059436e+00 -1.8277410794e-01  6.5113060953e+00 -3.1204415618e+00 -6.9356785576e-01  5.8142531951e+00 -2.0428237831e+00 -1.1131009350e+00  7.1073932697e+00 -3.1260513364e+00 -4.2861450631e+00  3.8773067036e+00 -1.9598541305e+00  2.9216463892e-01  2.0563749813e-01 -4.0245385951e+00 -3.8712993489e+00  1.8825805570e+00  6.8305658601e-02 -7.2094296298e-01  3.9249744980e+00 -4.3534349558e+00 -7.0529277521e-01  2.3683799753e+00 -5.2684821542e+00 -2.4480389034e+00  3.9772468579e-01 -1.4397790205e+00 -2.6427312255e+00  7.6663039959e+00 -4.5232710750e+00 -1.7416060734e+00  5.3694098000e+00 -1.0620585114e+00 -2.9771119375e+00  5.6286719197e+00 -1.0714244900e+00  7.1360053115e-01  4.7599650226e+00 -3.3305565464e-01 -6.7484679222e-01  6.4556032820e+00 -2.7662172422e+00 -4.9758630908e+00  7.2714477917e+00 -4.1104829022e+00 -4.4708325083e+00
ENERGY -1.546364543152e+03

JOB 19
COORDS  3.0436268670e+00 -3.7423786544e+00 -1.1229762687e+00  2.1284880392e+00 -4.2487340321e+00 -2.0455174891e+00  1.0414724832e+00 -2.0736456825e+00 -2.1430386789e+00  7.0201766972e+00 -3.7011384275e+00 -1.8342454585e+00  6.0252587963e+00 -1.8434025591e+00 -2.5249733763e+00  6.8361024644e+00 -2.8724836554e+00 -2.9760743966e+00  2.9726449526e+00 -2.4121904057e+00 -6.9883210208e-01  1.1351440110e+00 -3.4055349946e+00 -2.5477145728e+00  1.9667511991e+00 -1.5842831858e+00 -1.2184413195e+00  5.0100014465e+00 -1.2829741490e+00 -2.8673317602e-01  6.3751056749e+00 -3.2265817182e+00 -7.6551374715e-01  5.7633578232e+00 -2.1050579230e+00 -1.1994682034e+00  7.4312625517e+00 -3.0286184042e+00 -4.2458790588e+00  3.8672248519e+00 -1.9552091463e+00  2.4559311760e-01 -2.4532744225e-02 -4.0262504076e+00 -3.7101537929e+00  1.8550403395e+00  8.6558976199e-02 -7.0371846827e-01  3.8371802879e+00 -4.3628338481e+00 -7.1918305392e-01  2.1858113793e+00 -5.2817283101e+00 -2.3724827634e+00  2.6294058301e-01 -1.4271666712e+00 -2.5327578997e+00  7.6006050265e+00 -4.6132147655e+00 -1.7540600796e+00  5.6124046575e+00 -9.7963588054e-01 -3.0282457261e+00  5.6139044810e+00 -1.0361796753e+00  5.8706609930e-01  4.7198170518e+00 -3.7415304435e-01 -8.2138944373e-01  6.8819012423e+00 -2.6044091501e+00 -4.9863552393e+00  7.5889874270e+00 -4.0052506077e+00 -4.4728240775e+00
ENERGY -1.546363315671e+03

JOB 20
COORDS  2.9520610565e+00 -3.7708232543e+00 -1.1172316465e+00  1.9665837737e+00 -4.2730729748e+00 -1.9670427032e+00  8.8691447263e-01 -2.0925665129e+00 -1.9920992077e+00  7.0203187920e+00 -3.7590200239e+00 -1.8811781151e+00  6.1675873197e+00 -1.8346063840e+00 -2.5763272472e+00  7.0059424805e+00 -2.8602232507e+00 -2.9834619685e+00  2.9194346113e+00 -2.4387239574e+00 -6.9544680256e-01  9.4309584077e-01 -3.4262672694e+00 -2.3975765858e+00  1.8814438540e+00 -1.6069416856e+00 -1.1404076325e+00  4.9790419740e+00 -1.3135319989e+00 -4.1711182634e-01  6.2555217776e+00 -3.3258672984e+00 -8.7572458082e-01  5.7204593093e+00 -2.1688428982e+00 -1.3181990572e+00  7.7534266786e+00 -2.9636730864e+00 -4.1758125117e+00  3.8781901077e+00 -1.9820549576e+00  1.8557245109e-01 -3.0354375575e-01 -4.0441839049e+00 -3.4679052614e+00  1.8152148998e+00  6.4553867574e-02 -6.2017584768e-01  3.7696223856e+00 -4.3939382365e+00 -7.6978152085e-01  1.9929146733e+00 -5.3075799141e+00 -2.2931402970e+00  8.4953377447e-02 -1.4427709151e+00 -2.3245706639e+00  7.5573108452e+00 -4.6959940298e+00 -1.7865111175e+00  5.8449894169e+00 -9.3057118724e-01 -3.0750552587e+00  5.6052898303e+00 -1.0057644864e+00  4.2214098643e-01  4.6548887494e+00 -4.3893460874e-01 -9.8932885140e-01  7.3217963942e+00 -2.4670257878e+00 -4.9484988678e+00  7.9003893569e+00 -3.9302525673e+00 -4.4485349790e+00
ENERGY -1.546361763056e+03

JOB 21
COORDS  2.8677812141e+00 -3.7810395907e+00 -1.1141276245e+00  1.8161666174e+00 -4.2780667906e+00 -1.8840284748e+00  7.7413952289e-01 -2.0787617652e+00 -1.8651654532e+00  7.0169152070e+00 -3.8029770098e+00 -1.9547556793e+00  6.3242668588e+00 -1.8071048763e+00 -2.6254582528e+00  7.1776133066e+00 -2.8372061372e+00 -2.9866920791e+00  2.8875156219e+00 -2.4428781757e+00 -7.1156487952e-01  7.7953535543e-01 -3.4185808037e+00 -2.2537370859e+00  1.8337559259e+00 -1.5991890165e+00 -1.0922369341e+00  4.9659947893e+00 -1.3259211388e+00 -5.6747914226e-01  6.1402533473e+00 -3.4021968191e+00 -1.0313589873e+00  5.6930846363e+00 -2.2047248421e+00 -1.4678517687e+00  8.0707827136e+00 -2.8986531557e+00 -4.0769483517e+00  3.9102293674e+00 -1.9925195826e+00  9.9682268133e-02 -5.5014371496e-01 -4.0279454887e+00 -3.2242458220e+00  1.8275564824e+00  7.8706156607e-02 -5.8761339902e-01  3.6992065621e+00 -4.4113081363e+00 -8.1659314285e-01  1.8019659508e+00 -5.3173760395e+00 -2.1953750856e+00 -3.8827730516e-02 -1.4198136856e+00 -2.1493278355e+00  7.5025708996e+00 -4.7672593305e+00 -1.8565504758e+00  6.0992927382e+00 -8.6245689816e-01 -3.1025273263e+00  5.6191568050e+00 -9.7030054801e-01  2.3304750379e-01  4.6049545547e+00 -4.8014181993e-01 -1.1613841696e+00  7.7679174244e+00 -2.3281815145e+00 -4.8597219444e+00  8.2119391945e+00 -3.8506492516e+00 -4.3994305273e+00
ENERGY -1.546360032980e+03

JOB 22
COORDS  2.7897463853e+00 -3.8019954393e+00 -1.1552652113e+00  1.6813734971e+00 -4.2972054931e+00 -1.8422159341e+00  6.4057401188e-01 -2.1000918970e+00 -1.7344478078e+00  7.0039229882e+00 -3.8287470142e+00 -2.0216141093e+00  6.4672358810e+00 -1.7738536381e+00 -2.6542804012e+00  7.3352797822e+00 -2.8099492770e+00 -2.9576563520e+00  2.8385454774e+00 -2.4652942550e+00 -7.5133847165e-01  6.1778319657e-01 -3.4383907255e+00 -2.1272776707e+00  1.7564897903e+00 -1.6222185270e+00 -1.0440554711e+00  4.9120773800e+00 -1.3309971595e+00 -7.4284485538e-01  6.0173544166e+00 -3.4514991789e+00 -1.2063061489e+00  5.6591812879e+00 -2.2186837859e+00 -1.6304375684e+00  8.3703669711e+00 -2.8393797290e+00 -3.9149241155e+00  3.9173849502e+00 -2.0144289767e+00 -1.4611303708e-02 -7.8230477847e-01 -4.0471048220e+00 -2.9935883718e+00  1.7853324361e+00  5.2705294541e-02 -5.3042864109e-01  3.6440757519e+00 -4.4298599877e+00 -9.2618741509e-01  1.6441946085e+00 -5.3353776232e+00 -2.1554926066e+00 -1.9295749823e-01 -1.4413448314e+00 -1.9515853716e+00  7.4417311580e+00 -4.8153973281e+00 -1.9202400068e+00  6.3378636142e+00 -7.9587926624e-01 -3.0991860922e+00  5.5765057210e+00 -9.1005596536e-01  1.6767648641e-02  4.4952570075e+00 -5.2777104172e-01 -1.3598445747e+00  8.1961368480e+00 -2.2157860877e+00 -4.6962943031e+00  8.5340240682e+00 -3.7757491900e+00 -4.2706180604e+00
ENERGY -1.546357915463e+03

JOB 23
COORDS  2.7381605643e+00 -3.8214685970e+00 -1.1898486782e+00  1.5726102050e+00 -4.3199397020e+00 -1.7720380697e+00  5.3006084350e-01 -2.1330282754e+00 -1.5450814691e+00  6.9684415076e+00 -3.8651598868e+00 -2.1332379541e+00  6.6400130468e+00 -1.7363443727e+00 -2.6508083962e+00  7.4818094054e+00 -2.8023328960e+00 -2.9257476204e+00  2.8143532551e+00 -2.4879171726e+00 -7.8099739136e-01  4.7997895667e-01 -3.4681348042e+00 -1.9463050523e+00  1.7026026995e+00 -1.6512698618e+00 -9.5924972225e-01  4.8645210237e+00 -1.3194153479e+00 -9.3546289619e-01  5.9029184200e+00 -3.4847260548e+00 -1.4247916931e+00  5.6759979692e+00 -2.2025584078e+00 -1.7844849269e+00  8.6361714283e+00 -2.8258920554e+00 -3.7354840111e+00  3.9513071630e+00 -2.0300589084e+00 -1.4005167158e-01 -9.9172072426e-01 -4.0818419317e+00 -2.6802732056e+00  1.7665229239e+00  1.8313106452e-02 -4.3167933686e-01  3.6172066903e+00 -4.4410540023e+00 -1.0507777045e+00  1.5136614978e+00 -5.3556966630e+00 -2.0899535512e+00 -3.2542556129e-01 -1.4796190654e+00 -1.6755030606e+00  7.3297651330e+00 -4.8845595432e+00 -2.0597563606e+00  6.6313988690e+00 -7.1911930523e-01 -3.0206908554e+00  5.5150842177e+00 -7.9677130674e-01 -2.2840457929e-01  4.3688116863e+00 -5.9225168018e-01 -1.5877367924e+00  8.6125539429e+00 -2.1230819912e+00 -4.4670835903e+00  8.7870024088e+00 -3.7363934066e+00 -4.1578450044e+00
ENERGY -1.546355290805e+03

