JOB 0
COORDS -8.5698375635e-01  1.2202766627e+00  1.9982713069e+00  2.8784839150e+00 -1.5108102104e+00 -1.7449986609e+00  1.7590373864e+00 -1.1203545189e+00 -1.9372049741e+00  4.5318384281e+00 -1.8621086074e+00 -1.6629238471e-01 -2.2203878840e-01 -1.8886688772e-01 -1.0804399859e+00  5.9305267342e+00 -2.3910806381e+00 -4.8114187238e-02  6.1427003788e-01  1.5057959630e-01  1.5251636815e-01 -1.8352003293e-01  7.3648296174e-01  1.1609453389e+00  3.8206662888e+00 -1.4201791438e+00  6.9806163164e-01 -1.4014484563e+00 -6.3490697844e-02 -1.2099598332e+00  4.1083560123e+00 -1.9426442482e+00 -1.5058121008e+00  5.2530392600e-01 -6.9834713504e-01 -2.1590226194e+00  5.9652819848e+00 -3.4285840475e+00 -3.9209776180e-01  6.2518788288e+00 -2.3280744661e+00  9.9047218987e-01  6.6017107272e+00 -1.8097783032e+00 -6.8663916075e-01  1.1026297539e+00 -7.5339511956e-01  5.3049684126e-01  1.4209273844e+00  8.3223320792e-01 -1.3708136267e-01
ENERGY -6.253561051488e+02

JOB 1
COORDS -8.9940937365e-01  1.1182325349e+00  2.0379545559e+00  2.8983009543e+00 -1.4844988141e+00 -1.7692924518e+00  1.7905734875e+00 -1.0642765257e+00 -1.9660418136e+00  4.5260526151e+00 -1.8692764357e+00 -1.7495286868e-01 -2.0665903191e-01 -2.4447940217e-01 -1.0529079232e+00  5.9071725673e+00 -2.4380576811e+00 -3.5899370705e-02  6.2431644513e-01  2.4518609013e-01  1.3211044933e-01 -2.0200560780e-01  7.2556090083e-01  1.1728723630e+00  3.8202403360e+00 -1.3986971711e+00  6.7930033743e-01 -1.3928489578e+00 -3.4551287747e-01 -1.1141345833e+00  4.1127579960e+00 -1.9528123338e+00 -1.5163717462e+00  5.7055973657e-01 -5.9945696550e-01 -2.1777419742e+00  5.9132770069e+00 -3.4811619257e+00 -3.6441394768e-01  6.2209926592e+00 -2.3699807748e+00  1.0046784673e+00  6.6014584735e+00 -1.8870094722e+00 -6.7648564537e-01  1.2617703666e+00 -5.6722461175e-01  4.9641486758e-01  1.3003707009e+00  1.0353238701e+00 -2.1198807049e-01
ENERGY -6.253542538515e+02

JOB 2
COORDS -1.0003432552e+00  8.8124976711e-01  2.1014295584e+00  2.8979348271e+00 -1.5238483256e+00 -1.7617755714e+00  1.8351755302e+00 -1.0072144242e+00 -1.9764607745e+00  4.5622364502e+00 -1.8446210931e+00 -1.9209248566e-01 -1.7019868863e-01 -2.5118697202e-01 -1.0499605568e+00  5.9007292987e+00 -2.5033904185e+00 -3.3380480315e-02  5.9165100173e-01  3.5771526352e-01  1.2481233081e-01 -2.6913163322e-01  6.5058448262e-01  1.2061287621e+00  3.9352371559e+00 -1.2162445531e+00  6.2131673331e-01 -1.3243274521e+00 -5.3907744920e-01 -1.1012497953e+00  4.0788354430e+00 -2.0650019146e+00 -1.4935776262e+00  6.5352590928e-01 -4.5179153480e-01 -2.1874816970e+00  5.8081575888e+00 -3.5778516883e+00 -2.1531072721e-01  6.2724114592e+00 -2.3242736014e+00  9.7443832971e-01  6.6015302351e+00 -2.1035994795e+00 -7.7161363008e-01  1.3840130637e+00 -3.2865767152e-01  4.4204856469e-01  1.0894834400e+00  1.2690680173e+00 -2.2417028917e-01
ENERGY -6.253516858215e+02

JOB 3
COORDS -1.0570032185e+00  5.9545580003e-01  2.1645194845e+00  2.8909416386e+00 -1.5644762828e+00 -1.7288550147e+00  1.8856649624e+00 -9.5149532718e-01 -1.9683709907e+00  4.6159704530e+00 -1.8245242874e+00 -2.1090727387e-01 -1.2513434670e-01 -2.4524144012e-01 -1.0565035348e+00  5.9000365806e+00 -2.5800458207e+00 -3.1917584462e-02  5.2228427275e-01  4.8790843559e-01  1.1280298254e-01 -3.3183302632e-01  5.5498683626e-01  1.2358230053e+00  4.1005573830e+00 -1.0350043116e+00  5.3699523080e-01 -1.2181422598e+00 -7.0868116589e-01 -1.1238650648e+00  4.0301167335e+00 -2.1789185345e+00 -1.4401013222e+00  7.5321891557e-01 -3.0095249636e-01 -2.1791088268e+00  5.7004404034e+00 -3.6553219248e+00 -4.4804860217e-02  6.3566573612e+00 -2.2950484116e+00  9.1478189208e-01  6.5789734616e+00 -2.3614393007e+00 -8.6086504559e-01  1.4621771977e+00 -1.0998015921e-02  3.7382316152e-01  7.8199386191e-01  1.4956546525e+00 -2.3034559321e-01
ENERGY -6.253492136919e+02

JOB 4
COORDS -1.2650116513e+00  5.6204517472e-01  2.1211691238e+00  2.9282953690e+00 -1.5483806695e+00 -1.6488146961e+00  1.9444019448e+00 -9.0344115795e-01 -1.8946318414e+00  4.7265268829e+00 -1.8551182381e+00 -2.1691860214e-01 -9.2287222850e-02 -2.6780822888e-01 -1.0252619563e+00  5.9680880648e+00 -2.6881423699e+00 -8.5707670175e-02  3.7457095809e-01  6.2439875746e-01  1.1525766212e-01 -5.1062058209e-01  6.0103366517e-01  1.2157238430e+00  4.3143724317e+00 -1.0030710877e+00  5.2459225120e-01 -1.0799298090e+00 -9.2441862269e-01 -1.0997996791e+00  4.0399230921e+00 -2.2224863977e+00 -1.3908960016e+00  8.4172451911e-01 -2.0291822339e-01 -2.1070823635e+00  5.6999534490e+00 -3.7476844241e+00 -4.5445887767e-02  6.5001639098e+00 -2.4012724265e+00  8.2017352943e-01  6.6067994199e+00 -2.5435144342e+00 -9.6155996255e-01  1.3765883624e+00  2.9997199241e-01  4.1900345688e-01  4.7336123541e-01  1.6426650957e+00 -2.7670056053e-01
ENERGY -6.253473303863e+02

JOB 5
COORDS -1.6559227731e+00  6.5290312381e-01  1.9764651557e+00  3.0055664559e+00 -1.5216993775e+00 -1.5151005164e+00  2.0242060398e+00 -8.6753688551e-01 -1.7462717483e+00  4.9118954959e+00 -1.9040399809e+00 -2.3623296693e-01 -5.7933544130e-02 -2.7819040767e-01 -9.5001643252e-01  6.0871674071e+00 -2.8366439530e+00 -1.8272775550e-01  1.5758060075e-01  7.6928581407e-01  1.2871120402e-01 -8.2377098153e-01  7.1766843486e-01  1.1433521428e+00  4.6502827577e+00 -9.8619212498e-01  4.9352757351e-01 -9.1815722687e-01 -1.0932829528e+00 -1.0383948504e+00  4.0839912092e+00 -2.2654258197e+00 -1.3187145436e+00  9.4946626873e-01 -1.2218898869e-01 -1.9536829394e+00  5.7374281735e+00 -3.8659042873e+00 -6.2280787098e-02  6.7303779552e+00 -2.5589123560e+00  6.5102072732e-01  6.6437021212e+00 -2.7867338977e+00 -1.1228431184e+00  1.1579907274e+00  6.1621670932e-01  5.5033490346e-01  1.6304968691e-01  1.7525353546e+00 -3.5404540295e-01
ENERGY -6.253463835558e+02

JOB 6
COORDS -2.0897643734e+00  7.6248189767e-01  1.7531647993e+00  3.0951386648e+00 -1.5223115831e+00 -1.4040537890e+00  2.1136277960e+00 -8.4788005618e-01 -1.5636315576e+00  5.0895097765e+00 -1.9631240024e+00 -2.8108878934e-01 -9.2480248010e-03 -2.7936875957e-01 -8.1291541372e-01  6.2116989041e+00 -2.9606757510e+00 -2.9500453982e-01 -5.8051932505e-02  8.9417964522e-01  1.4938378438e-01 -1.1613781513e+00  8.3500085966e-01  1.0295018365e+00  4.9437880419e+00 -1.0105648809e+00  4.3540165373e-01 -7.4750847790e-01 -1.2083719298e+00 -8.9309885492e-01  4.1543324961e+00 -2.3074596316e+00 -1.2794752531e+00  1.0622736285e+00 -5.8259527324e-02 -1.7262573112e+00  5.8179745763e+00 -3.9625741756e+00 -1.0132410493e-01  6.9424801771e+00 -2.6915367416e+00  4.6632166756e-01  6.6821663034e+00 -2.9776661076e+00 -1.2820456130e+00  8.8318763428e-01  9.0495619053e-01  7.1131350574e-01 -8.3306665358e-02  1.8150329584e+00 -4.4309137531e-01
ENERGY -6.253469616274e+02

JOB 7
COORDS -2.3808478047e+00  8.5151971604e-01  1.5469315056e+00  3.1665403862e+00 -1.5217131266e+00 -1.3353413104e+00  2.1820049187e+00 -8.3904991503e-01 -1.4202560475e+00  5.1844723645e+00 -2.0430240503e+00 -2.8947583459e-01  5.7493489720e-02 -2.8080329269e-01 -6.3561513349e-01  6.2994664227e+00 -3.0431325838e+00 -3.9589136472e-01 -2.1676440483e-01  1.0030085279e+00  1.2880244499e-01 -1.3949212013e+00  9.3313031616e-01  9.0504200039e-01  5.0630497374e+00 -1.1383476481e+00  4.9041414755e-01 -5.5057873006e-01 -1.3043000270e+00 -6.1179484494e-01  4.2236713010e+00 -2.3170330385e+00 -1.2860311066e+00  1.1379859413e+00 -2.7799949055e-02 -1.5178115267e+00  5.9035403568e+00 -4.0538177756e+00 -2.6166330732e-01  7.0489094847e+00 -2.8297115333e+00  3.6493315944e-01  6.7476218932e+00 -2.9954560198e+00 -1.3923053076e+00  6.5143871644e-01  1.2047324649e+00  7.6689830127e-01 -2.7616249800e-01  1.8236563396e+00 -5.9373513006e-01
ENERGY -6.253492680152e+02

JOB 8
COORDS -2.6267012156e+00  8.5440603863e-01  1.3257701450e+00  3.2216864075e+00 -1.5102378660e+00 -1.2344120493e+00  2.2494908676e+00 -8.0580585666e-01 -1.2555398745e+00  5.2802242134e+00 -2.0976846672e+00 -3.0535110878e-01  1.2156004108e-01 -2.4310136413e-01 -4.7259977580e-01  6.3601237024e+00 -3.1247418889e+00 -4.8925737883e-01 -3.5486299975e-01  1.0829885383e+00  9.9475926337e-02 -1.5937590744e+00  9.6906891364e-01  7.6855680057e-01  5.2245358649e+00 -1.2030778642e+00  4.9277262489e-01 -3.7140717075e-01 -1.3225883492e+00 -3.5500468537e-01  4.2601294016e+00 -2.3295871122e+00 -1.2537910945e+00  1.2271622335e+00  3.8175816425e-02 -1.2982935842e+00  5.9453073733e+00 -4.1267926741e+00 -3.4750814158e-01  7.1565328343e+00 -2.9432078693e+00  2.3105727524e-01  6.7528665849e+00 -3.0728104082e+00 -1.5085777206e+00  4.1687390301e-01  1.4504948463e+00  7.8535119599e-01 -4.2284259314e-01  1.8063601715e+00 -7.1954790920e-01
ENERGY -6.253525489783e+02

JOB 9
COORDS -2.7489013522e+00  7.7959716162e-01  1.2047857694e+00  3.2686235460e+00 -1.4689821430e+00 -1.1715474658e+00  2.3136672964e+00 -7.4212892191e-01 -1.1399923831e+00  5.3288251595e+00 -2.1449680354e+00 -3.0748999817e-01  1.9742353285e-01 -1.8785035766e-01 -3.3224092876e-01  6.3778070775e+00 -3.1903432580e+00 -5.5495282717e-01 -4.5846485970e-01  1.1331036848e+00  4.4568399121e-02 -1.7084873686e+00  9.4985247040e-01  6.7655815541e-01  5.3102152386e+00 -1.2845393266e+00  5.2853900702e-01 -1.6889333169e-01 -1.2967286300e+00 -8.5059945063e-02  4.2868144428e+00 -2.3092179866e+00 -1.2475169604e+00  1.3082225454e+00  1.2418333239e-01 -1.1283422071e+00  5.9390729428e+00 -4.1865167997e+00 -4.4829710896e-01  7.1909480853e+00 -3.0602721446e+00  1.5775978335e-01  6.7541583964e+00 -3.1044902684e+00 -1.5781489666e+00  2.2626954650e-01  1.6748356496e+00  7.0652829973e-01 -5.7038052395e-01  1.7363239778e+00 -8.6204997763e-01
ENERGY -6.253558136132e+02

JOB 10
COORDS -2.8337124949e+00  6.8529585815e-01  1.0999141968e+00  3.3119297152e+00 -1.4117214319e+00 -1.1068403521e+00  2.3743803767e+00 -6.6625226244e-01 -1.0279120453e+00  5.3675805001e+00 -2.1795712705e+00 -3.1030243757e-01  2.6759923069e-01 -1.2174481975e-01 -2.0215027735e-01  6.3764028735e+00 -3.2492342674e+00 -6.1447635208e-01 -5.4260117998e-01  1.1549494812e+00 -1.6982336773e-02 -1.7936832470e+00  9.0798616505e-01  5.9085123383e-01  5.3904367820e+00 -1.3510688241e+00  5.5684495129e-01  1.7070148586e-02 -1.2235362900e+00  1.8543025889e-01  4.3061389604e+00 -2.2726068458e+00 -1.2393970976e+00  1.3861022170e+00  2.1840879742e-01 -9.6699445067e-01  5.9057612060e+00 -4.2335576921e+00 -5.3816152697e-01  7.2039801407e+00 -3.1736096389e+00  8.9423901800e-02  6.7401739550e+00 -3.1368624546e+00 -1.6396338664e+00  4.6970414738e-02  1.8445903239e+00  5.9706148037e-01 -6.7760922502e-01  1.6303935767e+00 -9.9357463480e-01
ENERGY -6.253580803622e+02

JOB 11
COORDS -2.1002440090e+00  2.4483720571e+00  4.1085748696e-01  3.2072895184e+00 -1.6904613259e+00 -8.8468341780e-01  2.0780292206e+00 -1.4287135935e+00 -5.7305303645e-01  5.4118067611e+00 -2.2042622556e+00 -3.1016282187e-01  3.8164667411e-01  1.0763019939e-01 -1.5784203016e-01  6.7329218769e+00 -2.4458697725e+00 -9.8149292745e-01 -1.0757646783e+00  7.1168657160e-02  2.8607199002e-01 -1.6415722623e+00  1.3634884095e+00  3.5638536323e-01  5.1529438271e+00 -2.2067517754e+00  8.6094315251e-01  1.0567225617e+00  1.0587068950e+00 -4.1702857721e-01  4.4337619146e+00 -1.9548919979e+00 -1.3003851154e+00  8.1868128456e-01 -1.2168362934e+00 -2.0896999682e-01  6.6493130825e+00 -3.2854841509e+00 -1.6771252953e+00  7.4873260870e+00 -2.6568275876e+00 -2.2490443840e-01  7.0184168313e+00 -1.5641282539e+00 -1.5622887067e+00 -1.6376075733e+00 -5.5289559267e-01 -4.1656285578e-01 -1.1267507432e+00 -4.2038521398e-01  1.2633418719e+00
ENERGY -6.253588169799e+02

JOB 12
COORDS -2.1168920536e+00  2.4109007456e+00  4.7732183949e-01  3.2073057437e+00 -1.6604257025e+00 -9.8427742859e-01  2.0618820150e+00 -1.4057574677e+00 -7.3105635398e-01  5.3716750663e+00 -2.2162994466e+00 -3.0564276426e-01  3.5735275654e-01  1.1660891984e-01 -2.8910509066e-01  6.7271585952e+00 -2.4461275214e+00 -9.0918687465e-01 -1.0157018801e+00  6.7323968012e-02  3.6895315281e-01 -1.6220811233e+00  1.3415986001e+00  4.3147063804e-01  5.0462887012e+00 -2.2652449174e+00  8.4799786917e-01  9.6860540346e-01  1.0718741909e+00 -6.6420489983e-01  4.4558024644e+00 -1.9122708256e+00 -1.3380666922e+00  7.8470233451e-01 -1.2063654622e+00 -4.2775461969e-01  6.6755433711e+00 -3.2556967100e+00 -1.6425588040e+00  7.4344888301e+00 -2.6970177146e+00 -1.2001941841e-01  7.0543584835e+00 -1.5451699914e+00 -1.4359433681e+00 -1.6468425668e+00 -6.2996677941e-01 -1.9119657969e-01 -8.9672576736e-01 -3.4610548069e-01  1.3763700398e+00
ENERGY -6.253580892221e+02

JOB 13
COORDS -2.0757883643e+00  2.3566475711e+00  6.6097791200e-01  3.1900490786e+00 -1.6523672640e+00 -1.1069062920e+00  2.0334928923e+00 -1.3943764702e+00 -9.1429406320e-01  5.3136475716e+00 -2.1819381825e+00 -2.9654380999e-01  3.3165061580e-01  1.2667128110e-01 -4.3692466502e-01  6.6967893489e+00 -2.4453248874e+00 -8.1815811974e-01 -9.2213394813e-01  4.8081068188e-02  4.2272665582e-01 -1.5585737759e+00  1.3019184598e+00  5.5841678422e-01  4.9280814081e+00 -2.1814345550e+00  8.3971082866e-01  8.5300319243e-01  1.0942276646e+00 -9.0252245767e-01  4.4560044982e+00 -1.9127137016e+00 -1.3862943595e+00  7.4405767001e-01 -1.1920956482e+00 -6.7352780581e-01  6.6761047024e+00 -3.2837705354e+00 -1.5199516582e+00  7.3598510746e+00 -2.6687147344e+00  1.6414234559e-02  7.0592100147e+00 -1.5690321895e+00 -1.3631405729e+00 -1.6037864806e+00 -6.8340727666e-01 -2.2943963342e-02 -6.3473912487e-01 -3.4051219517e-01  1.4060619974e+00
ENERGY -6.253558112660e+02

JOB 14
COORDS -1.9620419429e+00  2.3079002340e+00  8.6723720636e-01  3.1592907181e+00 -1.6509692441e+00 -1.2038264790e+00  1.9924289732e+00 -1.3998156021e+00 -1.0732496385e+00  5.2411925725e+00 -2.1579970408e+00 -2.8009219698e-01  2.8908181127e-01  1.2429844853e-01 -5.9804093948e-01  6.6505213139e+00 -2.4213344194e+00 -7.2633653953e-01 -8.0312330092e-01  2.6325727178e-02  4.5602077629e-01 -1.4423013887e+00  1.2646456938e+00  6.8801297782e-01  4.7985699946e+00 -2.1413730158e+00  8.3536078722e-01  6.8822832821e-01  1.0957543716e+00 -1.1630020725e+00  4.4390485724e+00 -1.9104807755e+00 -1.4155289440e+00  6.9453991972e-01 -1.1901575045e+00 -8.9734857707e-01  6.6703776248e+00 -3.2732548833e+00 -1.4117620153e+00  7.2722295783e+00 -2.6239137951e+00  1.4457789119e-01  7.0345043130e+00 -1.5532260991e+00 -1.2696441803e+00 -1.5276465321e+00 -7.2735985215e-01  1.3057485585e-01 -3.4798018166e-01 -3.4718383838e-01  1.3801477333e+00
ENERGY -6.253525499020e+02

JOB 15
COORDS -1.7771060774e+00  2.2560539978e+00  1.0691738381e+00  3.1162127048e+00 -1.6360736121e+00 -1.2939626227e+00  1.9397830771e+00 -1.4041111303e+00 -1.2251036651e+00  5.1458044311e+00 -2.1356066926e+00 -2.6002824941e-01  2.2183069263e-01  1.0646962247e-01 -7.6794182031e-01  6.5805173731e+00 -2.3859735550e+00 -6.2557941171e-01 -6.4470703337e-01  1.6050055694e-03  4.7550331019e-01 -1.2687365178e+00  1.2243154385e+00  8.0876449050e-01  4.6396477455e+00 -2.1342346506e+00  8.2861565000e-01  4.6126411307e-01  1.0685369896e+00 -1.4276702957e+00  4.4098919691e+00 -1.8779076475e+00 -1.4363096705e+00  6.3415731349e-01 -1.2050136906e+00 -1.1110835907e+00  6.6456797955e+00 -3.2270068185e+00 -1.3215206942e+00  7.1505970574e+00 -2.5989793906e+00  2.7757865878e-01  6.9914317387e+00 -1.5078653761e+00 -1.1319271591e+00 -1.3912785289e+00 -7.8120120961e-01  3.0524455847e-01 -8.0694801362e-03 -3.4114887575e-01  1.2993473186e+00
ENERGY -6.253492685500e+02

JOB 16
COORDS -1.4698609295e+00  2.2058870900e+00  1.2655624229e+00  3.0480532605e+00 -1.6246290108e+00 -1.3723657119e+00  1.8622625542e+00 -1.4307535189e+00 -1.3706483053e+00  5.0244735062e+00 -2.1042517294e+00 -2.3366514465e-01  1.3696872859e-01  5.8023049347e-02 -9.2594175224e-01  6.4840935676e+00 -2.3134429991e+00 -5.1708726128e-01 -4.5155997662e-01 -4.0841172612e-02  4.7018164110e-01 -1.0111859240e+00  1.1771710578e+00  9.1598411804e-01  4.4546300241e+00 -2.1413004888e+00  8.2271509777e-01  2.0366727713e-01  1.0053451906e+00 -1.6419564791e+00  4.3539078488e+00 -1.8331907211e+00 -1.4447019573e+00  5.5095749064e-01 -1.2463600568e+00 -1.3246063370e+00  6.6111459533e+00 -3.1408149421e+00 -1.2208557120e+00  7.0049139888e+00 -2.5284839463e+00  4.1489775507e-01  6.9023917118e+00 -1.4173962835e+00 -9.8438227483e-01 -1.2053801082e+00 -8.3524651008e-01  4.6393759452e-01  3.4744140055e-01 -3.6785660316e-01  1.1460329514e+00
ENERGY -6.253469612952e+02

JOB 17
COORDS -1.0288346197e+00  2.1056608922e+00  1.4865198323e+00  2.9601602348e+00 -1.6250675673e+00 -1.4805515530e+00  1.7727872112e+00 -1.4514125685e+00 -1.5469243275e+00  4.8697143180e+00 -2.0021460328e+00 -2.0504988372e-01  6.8679582208e-02  1.9939982594e-02 -1.0491293851e+00  6.3398112281e+00 -2.2454682400e+00 -3.8805960877e-01 -2.2310065312e-01 -1.2172741829e-01  4.3483420026e-01 -6.6305495327e-01  1.0852144252e+00  1.0221420702e+00  4.2424057851e+00 -1.9404289350e+00  8.1775786308e-01 -3.2417041199e-02  9.8016846011e-01 -1.7419207262e+00  4.2685750093e+00 -1.8315721968e+00 -1.4688606361e+00  4.6350268669e-01 -1.2540022552e+00 -1.5663242142e+00  6.4948201428e+00 -3.1325285121e+00 -1.0086405700e+00  6.8070469214e+00 -2.3809550919e+00  5.8627363028e-01  6.7931238187e+00 -1.3970871875e+00 -9.0861029599e-01 -9.7679355971e-01 -9.0740288506e-01  5.5544628129e-01  6.9049426273e-01 -4.7932646491e-01  9.2419796828e-01
ENERGY -6.253463835043e+02

JOB 18
COORDS -6.7061998579e-01  1.9508001182e+00  1.6569133471e+00  2.8931071845e+00 -1.6254666198e+00 -1.6211581551e+00  1.7076084705e+00 -1.4507154655e+00 -1.7123652146e+00  4.7108431430e+00 -1.8898749798e+00 -2.0601952313e-01  1.8782909970e-02 -3.4392609352e-03 -1.1119566411e+00  6.1810582712e+00 -2.1868666034e+00 -2.5800882095e-01  2.4537941546e-02 -2.0397866894e-01  3.9614720832e-01 -3.5384266781e-01  9.6290767296e-01  1.0964041157e+00  4.0211047515e+00 -1.6923307419e+00  7.5892901467e-01 -2.7623392170e-01  9.6555938476e-01 -1.7331662007e+00  4.1945183846e+00 -1.8537713459e+00 -1.5161673943e+00  4.0596278516e-01 -1.2167326878e+00 -1.7657130013e+00  6.3480327317e+00 -3.1482164199e+00 -7.5196619298e-01  6.5799714452e+00 -2.2098226218e+00  7.5508572501e-01  6.6929321538e+00 -1.4209237446e+00 -8.4740733166e-01 -6.5881050509e-01 -1.0287792752e+00  6.2633472441e-01  1.0279672815e+00 -5.2649033558e-01  6.9721498581e-01
ENERGY -6.253473293089e+02

JOB 19
COORDS -5.4172383540e-01  1.8180396164e+00  1.7516668281e+00  2.8648787623e+00 -1.6255891405e+00 -1.7055770456e+00  1.6844859916e+00 -1.4251757488e+00 -1.8066366223e+00  4.6167061980e+00 -1.8294454987e+00 -2.0964628768e-01 -2.9567908967e-02 -1.6173206064e-02 -1.1331369874e+00  6.0776348125e+00 -2.1699939412e+00 -1.7290360361e-01  2.1386355526e-01 -2.3074452617e-01  3.5640702220e-01 -1.9764534213e-01  8.7935151617e-01  1.1268027802e+00  3.8938506421e+00 -1.5323752014e+00  7.0551545495e-01 -5.2859666087e-01  9.1852245526e-01 -1.6728523969e+00  4.1537353601e+00 -1.8882018214e+00 -1.5371060510e+00  3.9412242911e-01 -1.1466086850e+00 -1.8928908794e+00  6.2377701153e+00 -3.1669162463e+00 -5.9290861335e-01  6.4302563800e+00 -2.1334877642e+00  8.5680470403e-01  6.6377441838e+00 -1.4598941118e+00 -7.8791769679e-01 -3.3714708156e-01 -1.1291594777e+00  6.5637633181e-01  1.2765527727e+00 -4.4028981373e-01  5.2110370824e-01
ENERGY -6.253492140656e+02

JOB 20
COORDS -7.0490712284e-01  1.5871746539e+00  1.8626149432e+00  2.8346898911e+00 -1.6736554666e+00 -1.7099621653e+00  1.6824654866e+00 -1.3671150554e+00 -1.8542682746e+00  4.5935452976e+00 -1.7739770143e+00 -2.1556248976e-01 -5.4267084437e-02  2.1130342650e-02 -1.1421294889e+00  6.0266614970e+00 -2.2099208887e+00 -1.3271396911e-01  3.5364213759e-01 -1.9956288965e-01  3.1262224831e-01 -2.2242534072e-01  7.6770338347e-01  1.1661053465e+00  3.9096184213e+00 -1.2810169533e+00  6.4396458452e-01 -7.0786855746e-01  9.0983039880e-01 -1.5900074543e+00  4.1005202538e+00 -2.0154388097e+00 -1.5097404162e+00  4.1936898595e-01 -1.0033337206e+00 -2.0014480456e+00  6.1074447586e+00 -3.2715362369e+00 -3.8236946034e-01  6.3995419046e+00 -2.0301715874e+00  8.7455328995e-01  6.6248064695e+00 -1.6540454519e+00 -8.6032010315e-01  3.8309827829e-02 -1.2060270668e+00  6.0880075631e-01  1.4457735477e+00 -1.7817923271e-01  3.9296134370e-01
ENERGY -6.253516853166e+02

JOB 21
COORDS -7.9706355484e-01  1.3611359407e+00  1.9550614058e+00  2.8076568369e+00 -1.6980698569e+00 -1.6968486253e+00  1.6893841534e+00 -1.3029425056e+00 -1.8857701874e+00  4.5864381410e+00 -1.7272570215e+00 -2.2214515399e-01 -8.5949997880e-02  3.8729553109e-02 -1.1490951827e+00  5.9866421496e+00 -2.2511070423e+00 -9.8248478656e-02  4.5345525171e-01 -1.5644942261e-01  2.6704813780e-01 -2.2764827394e-01  6.6657812048e-01  1.1919852246e+00  3.9578699218e+00 -1.0748434730e+00  5.7071421612e-01 -8.8751506898e-01  8.4157852239e-01 -1.5150765446e+00  4.0462591271e+00 -2.1095097219e+00 -1.4628226953e+00  4.5817250633e-01 -8.6458450232e-01 -2.0889059396e+00  5.9859956972e+00 -3.3402277154e+00 -1.9678524577e-01  6.3949595741e+00 -1.9607118309e+00  8.6863708297e-01  6.6052872424e+00 -1.8478300440e+00 -9.0497975800e-01  3.4582260694e-01 -1.2104873402e+00  5.4485191744e-01  1.5271540608e+00  5.7856744885e-02  2.8548047184e-01
ENERGY -6.253542539521e+02

JOB 22
COORDS -8.3768207573e-01  1.2609418471e+00  1.9848812132e+00  2.8165770708e+00 -1.6569980386e+00 -1.6974279408e+00  1.7099283794e+00 -1.2362139779e+00 -1.8994960192e+00  4.5859888582e+00 -1.7321582919e+00 -2.1000559757e-01 -1.4053157932e-01  2.3800373473e-03 -1.1451496536e+00  5.9688513039e+00 -2.2982201780e+00 -7.8338894087e-02  5.1450268876e-01 -8.6792863123e-02  2.3250100323e-01 -2.2100084207e-01  6.4460037650e-01  1.1920730247e+00  3.9716977809e+00 -1.0604512267e+00  5.7720093938e-01 -1.1032526167e+00  6.3898210151e-01 -1.4473180551e+00  4.0406399273e+00 -2.1024122913e+00 -1.4532015307e+00  4.9313125191e-01 -7.7383128261e-01 -2.1340457399e+00  5.9349942774e+00 -3.3871594494e+00 -1.7324261493e-01  6.3813498979e+00 -2.0173890424e+00  8.8958496879e-01  6.6032189741e+00 -1.9170483925e+00 -8.8357612988e-01  5.8469582674e-01 -1.1385699311e+00  5.2921319878e-01  1.5438112503e+00  2.8219900791e-01  1.7944847305e-01
ENERGY -6.253561048589e+02

JOB 23
COORDS -8.3430972051e-01  1.2251815897e+00  1.9984216608e+00  2.8424051142e+00 -1.5871990973e+00 -1.7244206419e+00  1.7317051734e+00 -1.1757925361e+00 -1.9236390488e+00  4.5586690424e+00 -1.7817035885e+00 -1.8611304121e-01 -1.9297342314e-01 -8.3670997489e-02 -1.1233134262e+00  5.9444060175e+00 -2.3412362326e+00 -5.7154846287e-02  5.7745655407e-01  1.6615993532e-02  1.9252270527e-01 -1.8930164837e-01  6.7595168322e-01  1.1793249713e+00  3.9052449554e+00 -1.1980018907e+00  6.3859231174e-01 -1.2949693696e+00  3.1682457012e-01 -1.3463762810e+00  4.0657740883e+00 -2.0337661672e+00 -1.4805597523e+00  5.0967112272e-01 -7.2716384775e-01 -2.1573380510e+00  5.9307292525e+00 -3.4162137646e+00 -2.5762276122e-01  6.3172060748e+00 -2.1505824101e+00  9.4812656548e-01  6.6016707954e+00 -1.8766403980e+00 -7.9761767567e-01  8.5238226068e-01 -9.8681341666e-01  5.3291371726e-01  1.5211540840e+00  5.4606891527e-01  2.7354239076e-02
ENERGY -6.253567237265e+02

