JOB 0
COORDS -1.0880425622e+00  5.4433615293e-01  1.2931181479e-02 -8.4263014798e-01  7.7928798281e-01 -2.4905509854e+00  4.9811813061e-02  3.1875600452e-02  4.3664637741e-01 -1.4820763825e+00  9.9326101216e-01 -1.1856671307e+00  2.1806191711e+00 -4.3863170087e-01  6.0556008049e-02 -2.0496485480e+00  6.4138814161e-01  9.4804743062e-01  1.0746200718e+00  8.2571007588e-02 -6.2607901455e-01 -1.5499594819e+00  1.1014592794e+00 -3.2543468157e+00  6.7419340479e-02  1.3728767239e+00 -2.5917664590e+00 -6.1963775665e-01 -2.7754745931e-01 -2.6520127620e+00 -2.4242738078e+00  1.3682292795e+00 -1.1796522667e+00  2.3915431870e+00  1.5830390574e-01  8.7853591815e-01  1.9619983943e+00 -1.3938821578e+00  3.9169000077e-01  2.9679935527e+00 -4.4816725270e-01 -6.0292467277e-01 -1.6812698583e+00  4.2238772682e-01  1.8238179985e+00
ENERGY -3.954390394383e+02

JOB 1
COORDS -1.0774809425e+00  5.5308469799e-01  8.8940130765e-03 -8.6512384120e-01  7.3420586815e-01 -2.4851485126e+00  3.7845435755e-02 -1.6594217733e-02  4.1478249002e-01 -1.4031666967e+00  1.1124627819e+00 -1.1677480485e+00  2.1925546378e+00 -4.0311742880e-01  6.6008035534e-02 -2.0736306747e+00  5.8324280137e-01  9.0994602722e-01  1.0988168595e+00  1.7717966678e-01 -5.9284174771e-01 -1.5666696270e+00  1.0916911369e+00 -3.2385301417e+00  1.0349264068e-01  1.2012224860e+00 -2.6681686293e+00 -7.7855822567e-01 -3.5126741896e-01 -2.5777698855e+00 -2.3321496236e+00  1.5204198789e+00 -1.1562265081e+00  2.3634699812e+00  9.4610677339e-02  9.5640192755e-01  1.9857046748e+00 -1.3953817731e+00  2.7168262418e-01  3.0014359704e+00 -3.1727187789e-01 -5.6541102900e-01 -1.7300735835e+00  3.5326096326e-01  1.7933541931e+00
ENERGY -3.954386724543e+02

JOB 2
COORDS -1.0496834332e+00  5.4978043481e-01 -2.0719672226e-03 -9.2842127101e-01  6.9682107670e-01 -2.4878883283e+00  4.7825743660e-02 -5.8163095592e-02  3.8828374333e-01 -1.3117243557e+00  1.2040008207e+00 -1.1536344909e+00  2.2283540280e+00 -3.4985225239e-01  9.0769893018e-02 -2.0832562960e+00  5.0683191594e-01  8.5310054577e-01  1.1294989148e+00  2.1936242191e-01 -5.7170584904e-01 -1.5056041861e+00  1.2546211750e+00 -3.2248150177e+00  1.2957175371e-01  8.6904061419e-01 -2.6843986140e+00 -1.1559183489e+00 -3.6842491379e-01 -2.5887863176e+00 -2.2281632650e+00  1.6410690468e+00 -1.1212594920e+00  2.3656834840e+00  1.1866273171e-01  1.0023206662e+00  2.0508749698e+00 -1.3556360611e+00  2.5297139879e-01  3.0465368517e+00 -2.1325885774e-01 -5.1954073812e-01 -1.7791076046e+00  2.2289318502e-01  1.7358793761e+00
ENERGY -3.954371935167e+02

JOB 3
COORDS -1.0122429658e+00  5.1696011292e-01 -2.8282001687e-02 -1.0339480751e+00  6.5615172753e-01 -2.5006499007e+00  7.4437810023e-02 -1.0978920760e-01  3.5421550522e-01 -1.2121472092e+00  1.2507079103e+00 -1.1546113996e+00  2.2832870991e+00 -2.6266855697e-01  1.4022638658e-01 -2.0806602817e+00  4.0759045628e-01  7.7434518157e-01  1.1707029707e+00  2.3213337725e-01 -5.6232796369e-01 -1.2079702377e+00  1.4429979029e+00 -3.2348436747e+00 -1.4242989887e-02  2.9448162049e-01 -2.6252017795e+00 -1.7382370803e+00 -1.6451112282e-01 -2.6684600692e+00 -2.0915891245e+00  1.7572424251e+00 -1.0781929143e+00  2.3814946606e+00  2.3780489314e-01  1.0393862825e+00  2.1518594650e+00 -1.2711594854e+00  3.2692141246e-01  3.1054152048e+00 -1.0252113687e-01 -4.5915179871e-01 -1.8196922608e+00  5.2327325869e-02  1.6458515420e+00
ENERGY -3.954347365494e+02

JOB 4
COORDS -9.7515743423e-01  5.2543537861e-01 -4.8390915751e-02 -1.1157845616e+00  6.2549301924e-01 -2.4941056467e+00  1.0459629029e-01 -9.1515736801e-02  3.5494402461e-01 -1.1047274781e+00  1.3014292429e+00 -1.1690368179e+00  2.3202563837e+00 -2.3174932163e-01  1.7824312387e-01 -2.0890398062e+00  3.4443435841e-01  6.7300495373e-01  1.2184316508e+00  3.0804355204e-01 -5.1127331711e-01 -1.1854218161e+00  1.3983542148e+00 -3.2599707260e+00 -1.8233120123e-01  8.1820520393e-02 -2.6423244628e+00 -1.9613652941e+00 -6.3235325378e-02 -2.5865316815e+00 -1.9357719089e+00  1.8822738372e+00 -1.0669791388e+00  2.3939702643e+00  1.9858246369e-01  1.1151734570e+00  2.1995371452e+00 -1.2530939399e+00  2.8256660338e-01  3.1526810383e+00 -1.5423390655e-02 -3.8847085869e-01 -1.8834062868e+00 -7.3100630846e-02  1.5323762108e+00
ENERGY -3.954311668717e+02

JOB 5
COORDS -9.1368824150e-01  6.1980303248e-01 -1.0986010127e-01 -1.1448116175e+00  7.2697687457e-01 -2.5259167023e+00  7.2411018923e-02 -8.9971304277e-02  3.6080180373e-01 -8.6213685444e-01  1.4185376144e+00 -1.2343800791e+00  2.2676322687e+00 -4.7396728406e-01  3.0660019687e-01 -2.0993330902e+00  5.1804984348e-01  5.0358827128e-01  1.2725801941e+00  2.0974266903e-01 -4.2204800663e-01 -2.1452291092e+00  2.8282695006e-01 -2.5420004140e+00 -1.0569651408e+00  1.4666933235e+00 -3.3221218082e+00 -3.9618045517e-01 -4.8690180292e-02 -2.6953892776e+00 -1.5359828294e+00  2.1750555256e+00 -1.1137939448e+00  2.3348750438e+00 -8.6498438419e-02  1.2622606813e+00  2.0338341376e+00 -1.4790766305e+00  3.6212065085e-01  3.1490050419e+00 -3.2986334129e-01 -2.0661970181e-01 -2.0195433815e+00  2.8129587905e-02  1.3459832400e+00
ENERGY -3.954271427366e+02

JOB 6
COORDS -9.1225617516e-01  4.0720893107e-01 -1.5434809847e-01 -1.6130190310e+00  5.9922135822e-01 -2.4965682017e+00  1.8765329025e-01  2.1284190884e-02  4.4586987922e-01 -1.0409088941e+00  1.2007267386e+00 -1.2615209170e+00  2.4172058979e+00 -1.6336598484e-02  3.7844498003e-01 -2.0593181643e+00  1.5428954486e-01  4.8203953835e-01  1.3304421268e+00  3.0529577508e-01 -4.5098431763e-01 -1.7950659685e+00  1.4035368227e+00 -3.2099086173e+00 -9.3719750104e-01 -1.4106585548e-01 -2.9361134773e+00 -2.5684343035e+00  1.3090705644e-01 -2.2576506565e+00 -1.5675213538e-01  1.6572817138e+00 -1.4721422223e+00  2.4061025312e+00  5.8546129172e-01  1.2193042561e+00  2.3473360905e+00 -1.0054453102e+00  6.7165482842e-01  3.2706320655e+00  1.4128153625e-01 -1.7645601029e-01 -1.9199528441e+00 -5.0589895328e-01  1.1876038445e+00
ENERGY -3.954292164822e+02

JOB 7
COORDS -8.4868888041e-01  3.5301798311e-01 -2.1998163407e-01 -1.7324584494e+00  6.4925812015e-01 -2.4965945488e+00  2.3196951660e-01 -1.5451033688e-02  4.3103072258e-01 -9.3935903525e-01  1.1228614394e+00 -1.3347710530e+00  2.4602508496e+00  2.2374326789e-02  4.7113543126e-01 -2.0176868899e+00  8.3510050568e-02  3.7050150657e-01  1.4079452771e+00  2.7122335850e-01 -4.2272523081e-01 -1.8622426873e+00  1.4871234793e+00 -3.1821528814e+00 -1.2314000762e+00 -1.7669748576e-01 -3.0106311495e+00 -2.7158964001e+00  3.2906655960e-01 -2.1534669515e+00 -3.3500712523e-02  1.4856026897e+00 -1.6166238530e+00  2.3925510555e+00  6.6410043733e-01  1.2792607428e+00  2.3988028301e+00 -9.5255985406e-01  8.1075187622e-01  3.3361041784e+00  1.7443241317e-01 -4.9168939282e-02 -1.8899235909e+00 -5.6011424200e-01  1.0926607703e+00
ENERGY -3.954348548199e+02

JOB 8
COORDS -7.9691941593e-01  2.9032398461e-01 -2.8030502655e-01 -1.8213449674e+00  6.9896361141e-01 -2.4883373229e+00  2.6719412799e-01 -5.6584706110e-02  4.1438142525e-01 -8.5443486231e-01  1.0193959167e+00 -1.4144348488e+00  2.4874663357e+00  6.3265783150e-02  5.4536142465e-01 -1.9811076911e+00  3.9698354974e-03  2.7121267294e-01  1.4674084563e+00  2.5023369819e-01 -3.9767303976e-01 -1.8862370286e+00  1.5598762593e+00 -3.1543542378e+00 -1.5060077767e+00 -1.8336887265e-01 -3.0534393401e+00 -2.8030333314e+00  5.2473002898e-01 -2.0504888154e+00  5.5587417261e-02  1.3064301048e+00 -1.7581298568e+00  2.3626134480e+00  7.2395277319e-01  1.3311842448e+00  2.4422853126e+00 -9.0359130583e-01  9.1018340647e-01  3.3799874984e+00  2.3036459541e-01  5.9232749630e-02 -1.8569905376e+00 -5.9021346458e-01  1.0348313725e+00
ENERGY -3.954392525895e+02

JOB 9
COORDS -7.5664156598e-01  2.1941812746e-01 -3.3547558070e-01 -1.8835505967e+00  7.4740393800e-01 -2.4725946000e+00  2.9538988127e-01 -9.6391873924e-02  3.9586353584e-01 -7.9062464651e-01  9.0170029821e-01 -1.4922278107e+00  2.5025228653e+00  1.0845341403e-01  6.0321856677e-01 -1.9496392200e+00 -9.5825351562e-02  1.8021633617e-01  1.5096912473e+00  2.6203170680e-01 -3.7273101066e-01 -1.8387975650e+00  1.5903809085e+00 -3.1626991506e+00 -1.7873587116e+00 -1.8994631035e-01 -3.0285149870e+00 -2.8418311970e+00  7.7057328515e-01 -1.9564478132e+00  1.1570658532e-01  1.1337375230e+00 -1.8804514860e+00  2.3304188585e+00  7.6567892697e-01  1.3830278428e+00  2.4736115459e+00 -8.5910085545e-01  9.6832231490e-01  3.4056446970e+00  3.0245996968e-01  1.4774909090e-01 -1.8280751925e+00 -6.2282546444e-01  9.9196955983e-01
ENERGY -3.954422028082e+02

JOB 10
COORDS -7.5746820134e-01  2.4005730102e-01 -3.6139530041e-01 -1.9196251526e+00  1.2961721213e+00 -2.2740385167e+00  1.8682145085e-01 -4.4733869435e-01  2.5575353998e-01 -7.2256618261e-01  7.8469647083e-01 -1.5840127230e+00  2.2811833535e+00 -1.1886295763e+00  1.4509710434e-01 -1.8782406433e+00  4.6176865950e-01  3.3413022862e-01  1.3169238318e+00 -6.0927728151e-01 -6.8778173035e-01 -2.4963233288e+00  1.9225867821e+00 -1.5947239039e+00 -1.5869841499e+00  1.9047491270e+00 -3.1151112285e+00 -2.5472701260e+00  4.7814433113e-01 -2.6385810209e+00  8.8334976911e-02  5.6946132577e-01 -2.1494272552e+00  2.4992812502e+00 -5.4389147976e-01  9.2397776030e-01  1.9086378615e+00 -2.0712704452e+00  5.3566412493e-01  3.1143001804e+00 -1.3649388361e+00 -4.3402907745e-01 -1.8113130944e+00  3.4324813320e-02  1.2084253721e+00
ENERGY -3.954437836062e+02

JOB 11
COORDS -7.7878030809e-01  1.5867865791e-01 -4.0196045831e-01 -1.9172141221e+00  1.3443065184e+00 -2.2481785278e+00  1.9118393872e-01 -4.6299224473e-01  2.4545695504e-01 -7.5967995734e-01  6.7122963769e-01 -1.6354156439e+00  2.3038233580e+00 -1.1519527489e+00  1.7013110425e-01 -1.9371845461e+00  2.9847050802e-01  2.5244737719e-01  1.3660213259e+00 -5.2023622954e-01 -6.5452261262e-01 -2.1485086142e+00  2.2752384881e+00 -1.7257697900e+00 -1.6618323941e+00  1.5671265951e+00 -3.2838135874e+00 -2.7910853018e+00  6.9111200841e-01 -2.2298121198e+00  1.0677905934e-01  6.1729086256e-01 -2.1527028820e+00  2.4547102276e+00 -5.8162052633e-01  1.0199005895e+00  1.9434005449e+00 -2.0803547937e+00  4.5014446773e-01  3.1732293636e+00 -1.2424455437e+00 -3.7424852437e-01 -1.8691705481e+00 -1.1723657049e-01  1.1322910264e+00
ENERGY -3.954441478158e+02

JOB 12
COORDS -8.0708346923e-01  1.0148612162e-01 -4.1768485185e-01 -1.8950849103e+00  1.3673250958e+00 -2.2443068916e+00  1.9202051485e-01 -4.3525750372e-01  2.5964242843e-01 -8.0769046967e-01  5.4922132593e-01 -1.6794426899e+00  2.3082677072e+00 -1.1151639683e+00  1.7428044614e-01 -1.9831311138e+00  1.6866484717e-01  2.1599563616e-01  1.3972169223e+00 -3.8778142110e-01 -6.0016364722e-01 -1.8606682895e+00  2.3915005053e+00 -1.8623550165e+00 -1.7785107810e+00  1.3769706510e+00 -3.3281479746e+00 -2.8574471242e+00  9.1973684566e-01 -1.9993683517e+00  8.7803949521e-02  5.7132098245e-01 -2.1497583536e+00  2.4127887692e+00 -6.5889234382e-01  1.0969279642e+00  1.9535607930e+00 -2.0766028531e+00  3.1484704358e-01  3.2022355541e+00 -1.1214876982e+00 -3.3691915474e-01 -1.8885860266e+00 -1.8442596785e-01  1.1204007872e+00
ENERGY -3.954437846062e+02

JOB 13
COORDS -7.2482390041e-01  3.3850629165e-01 -2.7120838083e-01 -1.6892416022e+00  1.6680949801e+00 -2.1200119515e+00  2.7881305201e-01 -1.1741074889e-01  4.5419894178e-01 -7.1695754978e-01  7.0688608207e-01 -1.5630960173e+00  2.4233992479e+00 -7.1460390996e-01  4.3251089723e-01 -1.9234413281e+00  3.5079828161e-01  3.2185580693e-01  1.5184035675e+00  1.9198730893e-02 -3.4485237208e-01 -1.4450169894e+00  2.6933220030e+00 -1.8264305020e+00 -1.6646492548e+00  1.5810690754e+00 -3.2066027023e+00 -2.6899944811e+00  1.4162026656e+00 -1.7731833318e+00  1.9406239064e-01  7.0008657697e-01 -2.0058058157e+00  2.4583813425e+00 -3.1168469491e-01  1.3847346838e+00  2.1110963309e+00 -1.6984806587e+00  4.9671121127e-01  3.3415680177e+00 -6.4678766895e-01 -2.9102598277e-02 -1.8272940264e+00  1.1151813182e-01  1.2625742648e+00
ENERGY -3.954422028134e+02

JOB 14
COORDS -7.7722563362e-01  2.5619220020e-01 -2.8409649221e-01 -1.6212098955e+00  1.7037351995e+00 -2.0963149690e+00  2.4506910933e-01 -1.5388556883e-01  4.3841419665e-01 -7.9961911893e-01  5.7964424731e-01 -1.5940518523e+00  2.4186561600e+00 -6.4017589903e-01  4.2536303014e-01 -1.9734982097e+00  2.2187270139e-01  3.1275002462e-01  1.4801391074e+00  5.1037736838e-02 -3.5322462481e-01 -1.1648194291e+00  2.6673349458e+00 -1.8504048222e+00 -1.7091835716e+00  1.6026041972e+00 -3.1784391064e+00 -2.6175387985e+00  1.6459611410e+00 -1.6606866524e+00  1.0516696363e-01  5.0283155801e-01 -2.0458452735e+00  2.4374774796e+00 -2.3525933880e-01  1.3770129084e+00  2.1522110474e+00 -1.6373377725e+00  4.9084771839e-01  3.3320192495e+00 -5.3051540057e-01 -3.7864412503e-02 -1.8633396430e+00  6.2675190138e-02  1.2688324612e+00
ENERGY -3.954392525964e+02

JOB 15
COORDS -8.4067030514e-01  1.7737738529e-01 -2.8740406255e-01 -1.5273415359e+00  1.7311580774e+00 -2.0667317680e+00  2.0440256154e-01 -1.8896935295e-01  4.2042485492e-01 -9.0191516428e-01  4.6374159439e-01 -1.6132553592e+00  2.4030075325e+00 -5.5522956355e-01  4.0389852009e-01 -2.0273567018e+00  1.0150530467e-01  3.2405249056e-01  1.4215275068e+00  6.2985209763e-02 -3.8525815666e-01 -8.9774352895e-01  2.5936888201e+00 -1.8276852982e+00 -1.6752467802e+00  1.6688532365e+00 -3.1452000594e+00 -2.5014802522e+00  1.8411915703e+00 -1.5909628169e+00 -1.4914049947e-02  2.9146106282e-01 -2.0770977760e+00  2.4089568430e+00 -1.2446396740e-01  1.3441207023e+00  2.1929528903e+00 -1.5634333951e+00  4.9804734347e-01  3.3046834466e+00 -4.0844560046e-01 -7.1908695530e-02 -1.9045576456e+00  5.2947558876e-03  1.2872522151e+00
ENERGY -3.954348548003e+02

JOB 16
COORDS -9.1543921633e-01  1.0219146254e-01 -2.8082621484e-01 -1.4039752972e+00  1.7486077435e+00 -2.0314209637e+00  1.5534725754e-01 -2.1851303924e-01  4.0442285264e-01 -1.0174279398e+00  3.7225854868e-01 -1.6182543677e+00  2.3732319937e+00 -4.5630338585e-01  3.6825141871e-01 -2.0865106206e+00 -2.1011189612e-02  3.5014331383e-01  1.3440281620e+00  7.0830610812e-02 -4.2882101302e-01 -6.1716322254e-01  2.4747784850e+00 -1.8043457184e+00 -1.5976519690e+00  1.7363814837e+00 -3.1043882138e+00 -2.3252129995e+00  2.0306565833e+00 -1.5205511263e+00 -1.6831585132e-01  8.7882686794e-02 -2.1006198093e+00  2.3767482306e+00  1.8599419382e-02  1.2867529351e+00  2.2201379677e+00 -1.4686298062e+00  5.1346116403e-01  3.2554569927e+00 -2.8537826730e-01 -1.3529459613e-01 -1.9489486710e+00 -9.5636197906e-02  1.3137824729e+00
ENERGY -3.954292165001e+02

JOB 17
COORDS -9.4510302212e-01 -6.6478113679e-02 -3.9466206521e-01 -9.4935997383e-01  1.6054725570e+00 -2.1572314378e+00  6.2008508528e-02 -5.4403285961e-02  4.3194429232e-01 -8.7165794701e-01  1.7151751132e-01 -1.7522938116e+00  2.2807982191e+00 -7.2831388446e-02  6.4646115498e-01 -2.1667293313e+00 -2.5736925793e-01  1.1876229196e-01  1.2928843352e+00  1.1800625573e-01 -3.4153787114e-01 -8.6604713145e-01  1.6462470095e+00 -3.2436177566e+00 -1.8885905087e+00  2.0699808483e+00 -1.8403079269e+00 -1.0713203831e-01  2.1512566724e+00 -1.7287498986e+00 -1.6328689984e+00 -3.3739865885e-01 -2.2022830283e+00  2.1533576988e+00  6.1451036954e-01  1.4075893305e+00  2.2122838981e+00 -1.0279948757e+00  1.0349229429e+00  3.1869781526e+00  6.3885714230e-02  1.7622343567e-01 -2.1165170443e+00 -5.2768621976e-01  1.0570724817e+00
ENERGY -3.954271425934e+02

JOB 18
COORDS -9.9719548844e-01 -9.4001959729e-02 -3.7308991425e-01 -8.3950216161e-01  1.5773569122e+00 -2.1599894393e+00  2.3367186538e-02 -3.6868058592e-02  4.4199367410e-01 -9.8694416524e-01  1.6477395244e-01 -1.7176100329e+00  2.2435657343e+00  4.8059860833e-04  6.1328850719e-01 -2.1910678453e+00 -3.8367112395e-01  1.6045142627e-01  1.2355621504e+00  2.0182490103e-01 -3.4807073316e-01 -8.1272138090e-01  1.5823696882e+00 -3.2499305572e+00 -1.6701602473e+00  2.1971262897e+00 -1.8081514631e+00  1.0300573796e-01  1.9855017229e+00 -1.7939552550e+00 -1.8221357525e+00 -2.4534371544e-01 -2.1331709402e+00  2.1071885895e+00  6.5348709592e-01  1.4029644686e+00  2.2047499833e+00 -9.7055177925e-01  9.6549126253e-01  3.1393949982e+00  1.7991423392e-01  1.3769883771e-01 -2.0928025221e+00 -7.1568362030e-01  1.0743722926e+00
ENERGY -3.954311668802e+02

JOB 19
COORDS -1.0366137876e+00 -9.9921691138e-02 -3.5678197616e-01 -7.5707418854e-01  1.5538813455e+00 -2.1785851973e+00 -6.1833627603e-03 -2.3719643016e-02  4.5085723494e-01 -1.0960701614e+00  1.9938742801e-01 -1.6811540583e+00  2.2113637892e+00  5.2872668754e-02  6.0561722719e-01 -2.1950628772e+00 -5.0056806450e-01  1.8650526528e-01  1.1944918680e+00  2.9144384974e-01 -3.3519321825e-01 -8.3794496615e-01  1.5362457813e+00 -3.2656097616e+00 -1.4382034580e+00  2.3079288682e+00 -1.7722101097e+00  2.6911799677e-01  1.8093418733e+00 -1.9182321046e+00 -1.9771378627e+00 -1.3499800970e-01 -2.0655500638e+00  2.0542280196e+00  6.4323480064e-01  1.4398569455e+00  2.2015512298e+00 -9.4144197683e-01  8.8826407907e-01  3.1008757058e+00  2.9352484066e-01  1.4557094252e-01 -2.0430331279e+00 -8.9049693330e-01  1.0689369293e+00
ENERGY -3.954347368685e+02

JOB 20
COORDS -1.0768408676e+00 -1.3884637302e-01 -3.6847664244e-01 -6.5219026302e-01  1.5135836312e+00 -2.1865171887e+00 -3.7863696965e-02 -8.4328421023e-02  4.3402837584e-01 -1.1934876205e+00  2.4397033334e-01 -1.6579306766e+00  2.1610483261e+00  1.4860448980e-01  6.3052389050e-01 -2.2073725794e+00 -6.2880580382e-01  1.6371644686e-01  1.1544273760e+00  3.1180864208e-01 -3.3405655545e-01 -1.1298233822e+00  1.6935959041e+00 -3.1492193416e+00 -8.7330119294e-01  2.3497982530e+00 -1.5167426428e+00  4.2316977581e-01  1.4445506903e+00 -2.3490153938e+00 -2.1053717228e+00 -6.7866136111e-03 -2.0287722683e+00  1.9620170774e+00  7.5531584929e-01  1.4439521321e+00  2.1856392203e+00 -8.3655729783e-01  9.4385080658e-01  3.0489414658e+00  4.1357962369e-01  1.8108188817e-01 -2.0146870991e+00 -1.0827677698e+00  1.0058693038e+00
ENERGY -3.954371933659e+02

JOB 21
COORDS -1.1056013672e+00 -1.4539195968e-01 -3.6186724495e-01 -5.9143857159e-01  1.4736545378e+00 -2.2091546530e+00 -4.9867020535e-02 -1.2618216457e-01  4.2444638348e-01 -1.2840238240e+00  3.2151531185e-01 -1.6083111691e+00  2.1298321326e+00  2.1096511149e-01  6.4594531793e-01 -2.2036351115e+00 -7.2027208380e-01  1.5673935851e-01  1.1262596636e+00  3.6143888741e-01 -3.2219197510e-01 -1.1950943085e+00  1.8145093993e+00 -3.0499662143e+00 -4.9814803407e-01  2.2937913669e+00 -1.4929174750e+00  3.9389100933e-01  1.1939920806e+00 -2.5843008063e+00 -2.2060343884e+00  1.0494242877e-01 -1.9724036363e+00  1.8959508184e+00  7.7933923038e-01  1.4777673743e+00  2.1932163879e+00 -7.8251545478e-01  9.2652557260e-01  3.0096775149e+00  5.2942511663e-01  2.1605714601e-01 -1.9706800842e+00 -1.2124966707e+00  9.6592415512e-01
ENERGY -3.954386724592e+02

JOB 22
COORDS -1.1166088964e+00 -1.4121101126e-01 -3.5374573279e-01 -5.6829274628e-01  1.4439402322e+00 -2.2430564189e+00 -4.0479850670e-02 -1.7663047393e-01  4.0622550718e-01 -1.3606030201e+00  4.2447366891e-01 -1.5428209363e+00  2.1185188434e+00  2.4074512941e-01  6.6639392569e-01 -2.1842417334e+00 -7.9004976981e-01  1.4396448997e-01  1.1059180998e+00  4.5343872616e-01 -2.8004963431e-01 -1.1765532117e+00  1.8174537840e+00 -3.0664642906e+00 -3.3111998600e-01  2.2812011677e+00 -1.5831791504e+00  3.4942320808e-01  1.0224935613e+00 -2.6565349087e+00 -2.2951664942e+00  2.3602179656e-01 -1.8884365832e+00  1.8578779787e+00  6.9534377016e-01  1.5582206684e+00  2.2307616691e+00 -7.7451966185e-01  8.2933862794e-01  2.9805575704e+00  6.5065301185e-01  2.8023225703e-01 -1.9256866139e+00 -1.2866387938e+00  9.4220431301e-01
ENERGY -3.954390394336e+02

JOB 23
COORDS -1.0901904564e+00  5.4422761118e-01  1.4487766441e-02 -8.2469689845e-01  8.3073906916e-01 -2.4884688086e+00  6.9754040160e-02  9.8651881109e-02  4.5442749287e-01 -1.5354392647e+00  8.7000360160e-01 -1.2048520791e+00  2.1701185192e+00 -4.7565201655e-01  5.6706959364e-02 -2.0273856206e+00  7.0629993415e-01  9.6604874433e-01  1.0389210850e+00 -4.4992346122e-02 -6.5126553444e-01 -1.5357574890e+00  1.1261714565e+00 -3.2595196398e+00  1.2095833931e-02  1.5320128435e+00 -2.5037859914e+00 -4.7303602971e-01 -1.7700363898e-01 -2.7159414331e+00 -2.4937348167e+00  1.2013676584e+00 -1.2043954404e+00  2.4331650058e+00  2.3985852542e-01  7.5588274137e-01  1.9520853796e+00 -1.3590429755e+00  5.4878107085e-01  2.9217653503e+00 -6.1263277728e-01 -6.3357806676e-01 -1.6611976532e+00  4.5773941558e-01  1.8346970265e+00
ENERGY -3.954390278672e+02

