JOB 0
COORDS  3.4648701601e+00  1.8116264973e+00  4.5064336514e-01  4.7386987317e+00  1.6705151391e+00  9.7392174772e-01  3.0964561498e+00  4.9019075724e-01  8.1103990680e-02  1.5935005400e+00 -1.2420263336e+00 -4.6455995319e-01  4.0452891032e+00 -4.0253733601e-01  3.6231663471e-01  5.0462221302e+00  3.4783800755e-01  9.0507440084e-01  1.9076762199e+00  1.5718720619e-01 -4.7267862700e-01  2.8839649349e+00  2.7158622316e+00  3.4072261139e-01  5.4272876987e+00  2.3978976747e+00  1.3836400344e+00  5.8693157466e-01 -1.3207392106e+00 -8.7789712402e-01  1.6179827437e+00 -1.6364642790e+00  5.5672602304e-01  2.3004117387e+00 -1.8061019137e+00 -1.0809129341e+00  5.8916146975e+00 -1.1390510889e-01  1.2065447158e+00
ENERGY -3.407856382025e+02

JOB 1
COORDS  3.4364116341e+00  1.7870402414e+00  4.6603119813e-01  4.7029018619e+00  1.6620094039e+00  1.0120072348e+00  3.1385747399e+00  4.8509891357e-01 -1.6916387821e-02  1.5710224309e+00 -1.2248909193e+00 -4.4490984648e-01  4.1179069012e+00 -3.8568420074e-01  2.2727339396e-01  5.0680585166e+00  3.6160663765e-01  8.5458812733e-01  1.9790395662e+00  1.3871740279e-01 -6.2686610222e-01  2.8180203050e+00  2.6710668886e+00  4.0836337073e-01  5.3487301087e+00  2.3838417966e+00  1.4946468397e+00  5.8017890832e-01 -1.3006486485e+00 -8.9577211636e-01  1.5218460773e+00 -1.4708832586e+00  6.2147324139e-01  2.2625491357e+00 -1.9130528244e+00 -9.4015748994e-01  5.9234945922e+00 -8.6521288916e-02  1.1487525847e+00
ENERGY -3.407841555362e+02

JOB 2
COORDS  3.4130840157e+00  1.7489430119e+00  4.9134245323e-01  4.6767133951e+00  1.6485230423e+00  1.0503404298e+00  3.1931301692e+00  4.7690155111e-01 -9.8875121408e-02  1.5524712824e+00 -1.1845125126e+00 -4.3066799966e-01  4.2151983699e+00 -3.5731444425e-01  9.5051445635e-02  5.1109806464e+00  3.8421755435e-01  7.9936233104e-01  2.0679645474e+00  1.1281015657e-01 -7.6693926761e-01  2.7490990214e+00  2.6012743201e+00  4.8968686941e-01  5.2775610868e+00  2.3620977674e+00  1.5988135956e+00  6.0532335088e-01 -1.2781484886e+00 -9.6499263372e-01  1.3818540666e+00 -1.2594820800e+00  6.4953201102e-01  2.2389958814e+00 -1.9759252896e+00 -7.4528539435e-01  5.9874551516e+00 -3.8618855425e-02  1.0688488790e+00
ENERGY -3.407823587107e+02

JOB 3
COORDS  3.3885301667e+00  1.6809425814e+00  5.2147459209e-01  4.6537890890e+00  1.6143416870e+00  1.0826557316e+00  3.2472983254e+00  4.4698705225e-01 -1.6458732615e-01  1.5275039395e+00 -1.1423929383e+00 -4.0810353413e-01  4.3199618525e+00 -3.3446187877e-01 -3.0496863672e-02  5.1639765005e+00  4.0122791876e-01  7.3660671346e-01  2.1567490743e+00  5.9054520412e-02 -8.8077444044e-01  2.6743437709e+00  2.4897507150e+00  5.7916313149e-01  5.2112002219e+00  2.3188264495e+00  1.6859805336e+00  6.5769189186e-01 -1.3010185275e+00 -1.0483959523e+00  1.2039224205e+00 -1.0210221126e+00  6.3298724319e-01  2.2066857761e+00 -1.9969351647e+00 -4.8382774524e-01  6.0704780394e+00  1.9583192251e-02  9.6624458233e-01
ENERGY -3.407808758326e+02

JOB 4
COORDS  3.3550376520e+00  1.6001644527e+00  5.6305721561e-01  4.6231820718e+00  1.5854355777e+00  1.1210753783e+00  3.2991672702e+00  4.0853648576e-01 -2.0589185646e-01  1.5042056745e+00 -1.0968333945e+00 -3.7758626539e-01  4.4245874209e+00 -3.0231484476e-01 -1.2193801895e-01  5.2158706447e+00  4.3632661329e-01  6.9481973758e-01  2.2471429297e+00 -1.5815757432e-02 -9.6140219280e-01  2.5881742737e+00  2.3539155923e+00  6.7094290198e-01  5.1335803605e+00  2.2866882104e+00  1.7682307962e+00  6.9376484397e-01 -1.3224125112e+00 -1.0734976215e+00  1.0855483942e+00 -7.9876850425e-01  5.9199543544e-01  2.1389680004e+00 -1.9797404720e+00 -2.4803803254e-01  6.1520934640e+00  1.1103752934e-01  8.9008385823e-01
ENERGY -3.407798880197e+02

JOB 5
COORDS  3.3291031531e+00  1.5033113174e+00  5.9138012405e-01  4.5976769156e+00  1.5506408796e+00  1.1456409909e+00  3.3551492131e+00  3.5395753982e-01 -2.4260059912e-01  1.4756337459e+00 -1.0446683169e+00 -3.6212019884e-01  4.5319312087e+00 -2.7155193724e-01 -2.0565497028e-01  5.2728546111e+00  4.7842385636e-01  6.4715839193e-01  2.3410662277e+00 -1.1226492942e-01 -1.0257307526e+00  2.5116602550e+00  2.1938892340e+00  7.4328481874e-01  5.0597746443e+00  2.2514829766e+00  1.8286111066e+00  7.1089947506e-01 -1.3256799794e+00 -1.0889341811e+00  9.9996118241e-01 -5.8300451883e-01  5.1245567142e-01  2.0334400578e+00 -1.9344312979e+00 -4.8635867813e-02  6.2336936535e+00  2.1637451304e-01  8.1638613125e-01
ENERGY -3.407793044145e+02

JOB 6
COORDS  3.3098492043e+00  1.3900565726e+00  6.3261990953e-01  4.5827414445e+00  1.5203293814e+00  1.1621787419e+00  3.4115419351e+00  2.8177031214e-01 -2.5205511200e-01  1.4422894643e+00 -9.9227323768e-01 -3.5664595055e-01  4.6364016012e+00 -2.4223694854e-01 -2.6720202648e-01  5.3336545485e+00  5.3380923662e-01  6.0014195455e-01  2.4363564805e+00 -2.3083528048e-01 -1.0547479839e+00  2.4444750590e+00  2.0060365048e+00  8.3292135272e-01  5.0003197219e+00  2.2286981193e+00  1.8657852659e+00  7.3126775991e-01 -1.3340315812e+00 -1.1112958077e+00  9.1940001642e-01 -3.7678212241e-01  3.8606489083e-01  1.8969867502e+00 -1.8568365618e+00  1.4123513271e-01  6.3163303796e+00  3.4541656142e-01  7.3863071046e-01
ENERGY -3.407790631354e+02

JOB 7
COORDS  3.2959660232e+00  1.2731625438e+00  6.8253393081e-01  4.5731849380e+00  1.4924849973e+00  1.1709235858e+00  3.4574170166e+00  2.0643391914e-01 -2.4533977911e-01  1.4043172211e+00 -9.3501170724e-01 -3.5987575191e-01  4.7203359967e+00 -2.0845813839e-01 -3.2463633328e-01  5.3830926437e+00  5.9690024671e-01  5.4477150767e-01  2.5155306888e+00 -3.5551719439e-01 -1.0526552203e+00  2.3929859471e+00  1.8077651071e+00  9.4159589414e-01  4.9539913948e+00  2.2073125865e+00  1.8887125354e+00  7.5611321735e-01 -1.3631761960e+00 -1.1266720041e+00  8.4472595748e-01 -1.7988769143e-01  2.0593161354e-01  1.7411438870e+00 -1.7247593699e+00  3.2209018125e-01  6.3814421375e+00  4.8298978254e-01  6.4664392585e-01
ENERGY -3.407792241734e+02

JOB 8
COORDS  3.2884763559e+00  1.1575585697e+00  7.4465029703e-01  4.5646252955e+00  1.4647830942e+00  1.1884591215e+00  3.4952401694e+00  1.3912484279e-01 -2.2852854939e-01  1.3742256278e+00 -8.7073511265e-01 -3.7556375538e-01  4.7834238212e+00 -1.6276211457e-01 -3.7839157785e-01  5.4159556703e+00  6.6674844761e-01  4.9242774277e-01  2.5808554300e+00 -4.7030276950e-01 -1.0300070918e+00  2.3592110369e+00  1.6029939421e+00  1.0698852356e+00  4.9155831149e+00  2.1802959891e+00  1.9205834606e+00  7.9952466144e-01 -1.4315583908e+00 -1.1146332067e+00  7.8671952545e-01 -3.7944916496e-03 -4.8166037826e-02  1.5904265125e+00 -1.5110726167e+00  4.8766993163e-01  6.4228158313e+00  6.2324152408e-01  5.5740181938e-01
ENERGY -3.407798212686e+02

JOB 9
COORDS  3.2863286161e+00  1.0376784945e+00  7.9435588599e-01  4.5569676038e+00  1.4283179900e+00  1.1884102308e+00  3.5222466226e+00  5.4171193733e-02 -2.0806576936e-01  1.3499053682e+00 -8.3421198948e-01 -3.7821755792e-01  4.8209624566e+00 -1.4925278659e-01 -4.2206797568e-01  5.4302657440e+00  7.0781974307e-01  4.3953335310e-01  2.6266316348e+00 -6.1606584406e-01 -9.7853299264e-01  2.3447750879e+00  1.4069586991e+00  1.1742257257e+00  4.8876341125e+00  2.1506981710e+00  1.9231595217e+00  7.9991893550e-01 -1.4822353216e+00 -1.0623608754e+00  7.9858178407e-01  1.0681536196e-01 -2.5582434603e-01  1.4507457320e+00 -1.3268947480e+00  5.9619984363e-01  6.4395552940e+00  7.3220473167e-01  4.6327830715e-01
ENERGY -3.407807208782e+02

JOB 10
COORDS  3.3042975956e+00  9.4995766138e-01  8.4540543160e-01  4.5646209986e+00  1.4167931401e+00  1.1891886770e+00  3.5581538099e+00 -3.8922200970e-03 -1.8099867782e-01  1.3523598508e+00 -7.9262242845e-01 -3.8801622650e-01  4.8567231095e+00 -1.2105606575e-01 -4.5457379713e-01  5.4474554465e+00  7.6113006073e-01  3.9492396823e-01  2.6796671031e+00 -7.4184882758e-01 -9.0588822777e-01  2.3602692432e+00  1.2529251457e+00  1.2740288175e+00  4.8805631143e+00  2.1493589505e+00  1.9202472796e+00  8.0239912030e-01 -1.4804490468e+00 -1.0317511382e+00  8.7293471181e-01  1.9413050136e-01 -4.2203575937e-01  1.3428267551e+00 -1.1672189220e+00  6.4297097033e-01  6.4532422985e+00  8.4960282291e-01  3.7534687739e-01
ENERGY -3.407815001931e+02

JOB 11
COORDS  3.3133532200e+00  8.7930319021e-01  8.9998700226e-01  4.5613183031e+00  1.4115991811e+00  1.1906905242e+00  3.5715633509e+00 -5.2717866733e-02 -1.4529413359e-01  1.3455870705e+00 -7.6216106728e-01 -4.0921472161e-01  4.8611200006e+00 -9.8647654584e-02 -4.7712183700e-01  5.4417083439e+00  8.0645062273e-01  3.5518931619e-01  2.7088743460e+00 -8.6000165782e-01 -8.1223184143e-01  2.3747960519e+00  1.1300684116e+00  1.3719307715e+00  4.8700968516e+00  2.1561338635e+00  1.9126447600e+00  7.9429554391e-01 -1.4657301044e+00 -1.0343720471e+00  9.5495207294e-01  2.5073505299e-01 -5.6953051343e-01  1.2216984143e+00 -1.0380603964e+00  6.4567188552e-01  6.4390754573e+00  9.5068739146e-01  2.8978816711e-01
ENERGY -3.407817987554e+02

JOB 12
COORDS  3.3308516763e+00  8.2162039767e-01  9.6639763096e-01  4.5658660838e+00  1.4107448139e+00  1.1948909319e+00  3.5764149005e+00 -9.2132710519e-02 -9.7807321173e-02  1.3412514634e+00 -7.3893995104e-01 -4.3862077113e-01  4.8475647718e+00 -7.6804039543e-02 -4.9629830364e-01  5.4295229167e+00  8.4776174131e-01  3.1324778352e-01  2.7251948115e+00 -9.6184171681e-01 -6.9848389288e-01  2.4070130008e+00  1.0270183519e+00  1.4870042507e+00  4.8770809695e+00  2.1661457323e+00  1.9044214731e+00  7.9833431964e-01 -1.4608039567e+00 -1.0502662656e+00  1.0436059407e+00  2.7865671810e-01 -7.2013895679e-01  1.1013949920e+00 -9.0980343003e-01  6.1871648741e-01  6.4136499052e+00  1.0409437719e+00  1.9495454669e-01
ENERGY -3.407815001853e+02

JOB 13
COORDS  3.3427911101e+00  7.6483795782e-01  1.0515892986e+00  4.5611915281e+00  1.4079139328e+00  1.2076510560e+00  3.5600135344e+00 -1.2832252613e-01 -3.6009890065e-02  1.3280167678e+00 -7.2842574491e-01 -4.7794814192e-01  4.8007903695e+00 -5.1761527094e-02 -5.1397693419e-01  5.3926697299e+00  8.8950764775e-01  2.6824543165e-01  2.7161380706e+00 -1.0485851702e+00 -5.7075723087e-01  2.4453715857e+00  9.2084396640e-01  1.6325302063e+00  4.8835535794e+00  2.1704225637e+00  1.9045680763e+00  8.0176761609e-01 -1.4911570112e+00 -1.0539466296e+00  1.1219949454e+00  2.6177354673e-01 -9.0156912571e-01  9.7803594178e-01 -7.6036789738e-01  5.6174576102e-01  6.3576376828e+00  1.1280717995e+00  9.0066104174e-02
ENERGY -3.407807208772e+02

JOB 14
COORDS  3.3805660179e+00  7.1253600321e-01  1.1642162964e+00  4.5763072105e+00  1.4083143718e+00  1.2417040117e+00  3.5565394067e+00 -1.5709253639e-01  5.0746321782e-02  1.3428970828e+00 -7.1933396183e-01 -5.1829902081e-01  4.7531987588e+00 -1.6697932885e-02 -5.1609324615e-01  5.3595055008e+00  9.3952577935e-01  2.3526446727e-01  2.7140192185e+00 -1.1137989217e+00 -4.2332312052e-01  2.5222435399e+00  8.1514577691e-01  1.8126592713e+00  4.9171187660e+00  2.1728535879e+00  1.9276073567e+00  8.2280875506e-01 -1.5440570260e+00 -1.0085720334e+00  1.2379477690e+00  1.9227879917e-01 -1.1182114659e+00  9.0104956365e-01 -5.5630078682e-01  4.7272555973e-01  6.2992763316e+00  1.2202183586e+00 -5.4101913853e-03
ENERGY -3.407798212687e+02

JOB 15
COORDS  3.4250413198e+00  6.4942143415e-01  1.2705905521e+00  4.5939685740e+00  1.3920514808e+00  1.2656133176e+00  3.5382093907e+00 -1.8398225302e-01  1.2274150575e-01  1.3547129908e+00 -6.9529863766e-01 -5.8587040502e-01  4.6722569239e+00  2.3880820301e-02 -5.4367957696e-01  5.3025673771e+00  9.8604521349e-01  1.7789290502e-01  2.6807592719e+00 -1.1539600959e+00 -2.9989253078e-01  2.6243087162e+00  6.8992044033e-01  1.9954858595e+00  4.9660555399e+00  2.1490149113e+00  1.9436772250e+00  7.9840853674e-01 -1.5675288823e+00 -9.3402200827e-01  1.3696409370e+00  7.0511371073e-02 -1.3704360205e+00  8.6742519386e-01 -2.8961964005e-01  3.0937704802e-01  6.2116696949e+00  1.3034173037e+00 -1.2684192004e-01
ENERGY -3.407792241748e+02

JOB 16
COORDS  3.4734385499e+00  5.9953539576e-01  1.3779129717e+00  4.6108341767e+00  1.3845767415e+00  1.2901671667e+00  3.5118670391e+00 -2.0303249503e-01  2.0501164955e-01  1.3780806997e+00 -6.8198427974e-01 -6.4917934616e-01  4.5732048932e+00  6.3157220745e-02 -5.5511935107e-01  5.2306165752e+00  1.0317385967e+00  1.3070491368e-01  2.6322326898e+00 -1.1773772405e+00 -1.6236097708e-01  2.7379513320e+00  5.8785192496e-01  2.1699649735e+00  5.0195431213e+00  2.1358030285e+00  1.9533685130e+00  7.7779810569e-01 -1.5588772318e+00 -8.9931248653e-01  1.5268068332e+00 -6.7977326622e-02 -1.5452713713e+00  8.6022225592e-01 -9.0803856582e-02  1.1645138792e-01  6.1013849572e+00  1.3841311161e+00 -2.4065021067e-01
ENERGY -3.407790631350e+02

JOB 17
COORDS  3.5244349132e+00  5.5939852671e-01  1.4812896713e+00  4.6349442260e+00  1.3705588848e+00  1.3154215987e+00  3.4715322049e+00 -2.0844081842e-01  2.8762286393e-01  1.3998271736e+00 -6.7832941679e-01 -7.0749617766e-01  4.4546573391e+00  1.0188092205e-01 -5.5772195572e-01  5.1511444400e+00  1.0665671516e+00  9.2668343692e-02  2.5607101405e+00 -1.1736634908e+00 -2.5056863734e-02  2.8605119861e+00  5.0810627926e-01  2.3326187708e+00  5.0887553412e+00  2.1114463138e+00  1.9606373282e+00  7.5560553532e-01 -1.5417075427e+00 -8.8526357772e-01  1.6789410638e+00 -2.2133665008e-01 -1.6637134075e+00  8.6749663808e-01  5.7128669913e-02 -9.1049680564e-02  5.9790494150e+00  1.4468969415e+00 -3.4372830091e-01
ENERGY -3.407793044180e+02

JOB 18
COORDS  3.5756917111e+00  5.3388212549e-01  1.5683352796e+00  4.6717355414e+00  1.3508132299e+00  1.3422750826e+00  3.4223104797e+00 -1.8653381853e-01  3.5513446169e-01  1.4190787517e+00 -6.8546088405e-01 -7.6541967704e-01  4.3285660834e+00  1.6169475355e-01 -5.5939608720e-01  5.0780420850e+00  1.1023696359e+00  6.6886512470e-02  2.4786210864e+00 -1.1344065005e+00  9.3192017460e-02  2.9825330277e+00  4.4822409923e-01  2.4676044794e+00  5.1790286023e+00  2.0670742755e+00  1.9752803813e+00  7.3681166380e-01 -1.5304278818e+00 -8.7738103866e-01  1.8103598852e+00 -3.9176926241e-01 -1.7451518964e+00  8.8699231500e-01  1.6073917064e-01 -3.1261196123e-01  5.8636153862e+00  1.5050747264e+00 -4.2419129923e-01
ENERGY -3.407798880172e+02

JOB 19
COORDS  3.6334058415e+00  4.9761302326e-01  1.6371037843e+00  4.7149406805e+00  1.3188463913e+00  1.3612453977e+00  3.3726350697e+00 -1.5868593660e-01  4.0643574219e-01  1.4377455360e+00 -7.0864618029e-01 -8.1702955253e-01  4.2032212322e+00  2.2967356187e-01 -5.6235345755e-01  5.0124893267e+00  1.1332800251e+00  4.6439041540e-02  2.3919900885e+00 -1.0777176298e+00  1.9096181468e-01  3.1125245893e+00  3.7229461499e-01  2.5754740153e+00  5.2767096512e+00  2.0022801350e+00  1.9844151865e+00  7.0185586828e-01 -1.5144157572e+00 -8.4721361426e-01  1.9190187312e+00 -6.0680579850e-01 -1.7944081504e+00  9.4421011423e-01  2.3397254991e-01 -5.5019902432e-01  5.7506438147e+00  1.5651603645e+00 -4.9090483426e-01
ENERGY -3.407808758337e+02

JOB 20
COORDS  3.6775276266e+00  4.7105268769e-01  1.6961207173e+00  4.7506980525e+00  1.2910049018e+00  1.3874054318e+00  3.3140043832e+00 -1.0720739231e-01  4.5181703257e-01  1.4571395845e+00 -7.2383096269e-01 -8.6498731150e-01  4.0728469431e+00  3.3058738082e-01 -5.5348939001e-01  4.9455218395e+00  1.1837858782e+00  4.5543382651e-02  2.2956642518e+00 -9.8752362879e-01  2.7044241668e-01  3.2259348435e+00  2.9702108294e-01  2.6621042883e+00  5.3670035133e+00  1.9298822366e+00  2.0063018818e+00  6.3985712757e-01 -1.4450262895e+00 -8.0766018954e-01  2.0072117386e+00 -8.5584931008e-01 -1.8012704358e+00  1.0598247195e+00  2.9668739438e-01 -8.1759604202e-01  5.6381044328e+00  1.6495896518e+00 -5.2276748844e-01
ENERGY -3.407823587105e+02

JOB 21
COORDS  3.7130964633e+00  4.4999583216e-01  1.7265792050e+00  4.7863586750e+00  1.2587201494e+00  1.3922241724e+00  3.2470687260e+00 -3.9183524552e-02  4.7737217486e-01  1.4690937188e+00 -7.3233007787e-01 -9.0928440773e-01  3.9470819357e+00  4.3981222420e-01 -5.5098965212e-01  4.8885024394e+00  1.2292975526e+00  3.6544062708e-02  2.1879382711e+00 -8.7076242349e-01  3.2486009057e-01  3.3231812474e+00  2.2993659999e-01  2.7098271825e+00  5.4607182150e+00  1.8426801030e+00  2.0048473377e+00  5.9702372492e-01 -1.3820485339e+00 -8.1902515387e-01  2.0825552067e+00 -1.0432504554e+00 -1.7601896469e+00  1.1539844169e+00  3.0677115189e-01 -1.0544677263e+00  5.5505751142e+00  1.7155780395e+00 -5.5023813581e-01
ENERGY -3.407841555354e+02

JOB 22
COORDS  3.4819626052e+00  1.8144635539e+00  4.0695115021e-01  4.7765133118e+00  1.6763770362e+00  8.7752417580e-01  3.0153101689e+00  4.7789498607e-01  2.8722912433e-01  1.6148131733e+00 -1.2385785377e+00 -5.1854757535e-01  3.9376540458e+00 -4.1906469921e-01  6.3510000437e-01  5.0091719888e+00  3.4215705735e-01  9.9813041447e-01  1.7819356023e+00  1.3810657883e-01 -1.5333119240e-01  2.9447316188e+00  2.7253966079e+00  1.8611921348e-01  5.5297153084e+00  2.4135187584e+00  1.1233286254e+00  5.9968771413e-01 -1.3187331950e+00 -9.1011081849e-01  1.7374761121e+00 -1.8923990590e+00  3.5051008258e-01  2.3425899141e+00 -1.5248618477e+00 -1.2850957598e+00  5.8519633220e+00 -1.1999983333e-01  1.3061719303e+00
ENERGY -3.407856384244e+02

JOB 23
COORDS  3.4722943259e+00  1.8255805564e+00  4.2943907555e-01  4.7562116557e+00  1.6798566409e+00  9.2550313361e-01  3.0464543221e+00  4.9285871527e-01  1.8116124106e-01  1.5997969868e+00 -1.2404586249e+00 -4.9335637469e-01  3.9773204869e+00 -4.0839847105e-01  4.9303386235e-01  5.0192544234e+00  3.4606661329e-01  9.4750125781e-01  1.8332115564e+00  1.6306879922e-01 -3.1657933507e-01  2.9184767666e+00  2.7387493947e+00  2.6643885240e-01  5.4817423885e+00  2.4121872109e+00  1.2547852036e+00  5.8951031871e-01 -1.3225250196e+00 -8.9651279512e-01  1.6722334622e+00 -1.7697355010e+00  4.6224526328e-01  2.3244817769e+00 -1.6699014629e+00 -1.1926090562e+00  5.8608198435e+00 -1.2043804498e-01  1.2521031536e+00
ENERGY -3.407862113361e+02

