JOB 0
COORDS -3.1874638552e+00  6.7240619801e-01  1.4142145541e+00 -1.7264385023e+00  2.5971776638e+00  2.0669566573e+00 -2.5044885290e+00  5.4879042032e-01  2.7036835402e-01 -1.0448970669e+00  2.4621930502e+00  9.2336180678e-01 -2.8762254290e+00  1.7089328011e+00  2.4600617987e+00  1.7267672573e+00  6.3830241976e-02 -1.4441610384e+00  1.3482221958e+00  1.1403080966e+00 -3.8570523816e-01  2.0910562365e-01 -1.6102906183e-01 -1.6997887653e+00 -1.3158151622e+00  1.3970909175e+00 -1.1408408984e-01 -7.0696510940e-02  5.0788316332e-01 -3.2667049868e-01 -4.0173099048e+00 -3.1665888235e-03  1.6179364603e+00 -1.4544696545e+00  3.3905731245e+00  2.7621393476e+00 -2.7907022523e+00 -2.2887217519e-01 -4.3789855729e-01 -2.2800912448e-01  3.1496183665e+00  7.1129080164e-01 -3.7699158655e+00  2.3205132212e+00  2.6574379872e+00 -2.6569469882e+00  1.2168383453e+00  3.4202879711e+00  2.3417194565e+00  3.8117463147e-01 -2.2912898174e+00  2.1918520764e+00 -8.1229977287e-01 -9.8198058970e-01  1.9224358068e+00  1.1827578529e+00  5.4369195990e-01  1.3298207273e+00  2.1398351068e+00 -8.3501710610e-01 -1.5415869960e-01  4.6296664948e-01 -2.5245608625e+00 -1.4098736962e-01 -1.1863377075e+00 -1.8529350454e+00 -1.5222812106e+00  1.8974736890e+00 -1.0739646853e+00 -6.7068255890e-02 -2.5867322750e-01  4.5742553995e-01
ENERGY -3.895027177723e+02

JOB 1
COORDS -3.1443346474e+00  6.4673094774e-01  1.5245994501e+00 -1.7274142628e+00  2.6606741718e+00  1.9652163642e+00 -2.5217227424e+00  4.7365483506e-01  3.5314896313e-01 -1.1044352820e+00  2.4737685256e+00  7.9577292892e-01 -2.8130856452e+00  1.7572219585e+00  2.4842870896e+00  1.7553718241e+00  8.3226520440e-02 -1.3906371207e+00  1.3120644874e+00  1.0383797496e+00 -2.4464741307e-01  2.6434448983e-01 -2.4250088833e-02 -1.8181704455e+00 -1.3864288448e+00  1.3318579966e+00 -1.5406313016e-01 -1.2399913232e-01  4.5978228312e-01 -3.9536597568e-01 -3.9353431674e+00 -4.2579661632e-02  1.8172117067e+00 -1.4527166710e+00  3.5117135519e+00  2.5872777510e+00 -2.8180131379e+00 -3.5728533297e-01 -2.8750094924e-01 -3.3571891378e-01  3.1814061200e+00  4.9193331950e-01 -3.7171583688e+00  2.3465938803e+00  2.7006032447e+00 -2.5154489259e+00  1.3349340475e+00  3.4566573446e+00  2.4684523939e+00  4.6915996279e-01 -2.1248453213e+00  2.1313817449e+00 -8.6817924376e-01 -1.0019207085e+00  1.7938857760e+00  9.4644987630e-01  7.3241327135e-01  1.3719298262e+00  2.0821948211e+00 -5.7004446218e-01  1.1585702514e-02  7.2978920151e-01 -2.5726237691e+00 -1.1002491659e-01 -9.9704690474e-01 -2.1520644984e+00 -1.6711000987e+00  1.7638130992e+00 -1.1263257803e+00 -1.9002272508e-01 -4.1202531091e-01  2.6620508493e-01
ENERGY -3.894997156445e+02

JOB 2
COORDS -3.0927428293e+00  6.3630284946e-01  1.6339293700e+00 -1.7330511880e+00  2.7280585320e+00  1.8400167018e+00 -2.5276004901e+00  3.9564758017e-01  4.4542652486e-01 -1.1661323798e+00  2.4732355893e+00  6.5497079390e-01 -2.7449405031e+00  1.8237591358e+00  2.4907042579e+00  1.7772965999e+00  1.2083549217e-01 -1.3484910750e+00  1.2631718366e+00  8.8583484649e-01 -9.6004193966e-02  3.2473275378e-01  1.4342608040e-01 -1.8990744375e+00 -1.4455796788e+00  1.2452502848e+00 -1.7897830998e-01 -1.7038737020e-01  3.8771146944e-01 -4.4700297331e-01 -3.8479369364e+00 -4.8443785398e-02  2.0176623264e+00 -1.4688666077e+00  3.6397661327e+00  2.3744615932e+00 -2.8314657117e+00 -4.8493534780e-01 -1.2084826179e-01 -4.5635421041e-01  3.1906335363e+00  2.4786117920e-01 -3.6566650725e+00  2.3947213945e+00  2.7233655598e+00 -2.3707338118e+00  1.4840049902e+00  3.4689942807e+00  2.5572296819e+00  5.9761175705e-01 -1.9492843950e+00  2.0972078996e+00 -8.9576662098e-01 -1.0995395762e+00  1.6654137541e+00  6.1646463612e-01  8.8454550438e-01  1.3699755609e+00  1.9656578397e+00 -2.3220480392e-01  1.5232117572e-01  1.0275253419e+00 -2.5240478084e+00 -4.6347395886e-02 -7.4008362138e-01 -2.4284799908e+00 -1.8026251238e+00  1.5863848428e+00 -1.1632168519e+00 -3.0387119019e-01 -5.8361794984e-01  4.2351529838e-02
ENERGY -3.894976169236e+02

JOB 3
COORDS -3.0375111230e+00  6.4981369747e-01  1.7329137555e+00 -1.7169429068e+00  2.7808412597e+00  1.6948236230e+00 -2.5346613660e+00  3.2653150985e-01  5.3594706607e-01 -1.2121843685e+00  2.4451120965e+00  5.0198700698e-01 -2.6557497562e+00  1.9017144216e+00  2.4779913326e+00  1.7907725746e+00  1.9322115527e-01 -1.2974612507e+00  1.1840898809e+00  6.8790656579e-01  4.4000617778e-02  3.8003524177e-01  3.3114850809e-01 -1.9302195948e+00 -1.4996197830e+00  1.1424172911e+00 -2.0097435215e-01 -2.2488015040e-01  2.9383711361e-01 -4.9722730610e-01 -3.7665522656e+00 -6.3075776616e-03  2.2067172022e+00 -1.4569896591e+00  3.7424006288e+00  2.1357695319e+00 -2.8585553634e+00 -5.9253505145e-01  4.7870029689e-02 -5.5636752074e-01  3.1466823334e+00 -1.1214348360e-02 -3.5618855398e+00  2.4694539267e+00  2.7380209942e+00 -2.2032152863e+00  1.6388213283e+00  3.4469307162e+00  2.6033339391e+00  7.8188303150e-01 -1.7333630360e+00  2.1073816826e+00 -8.5286264324e-01 -1.2395937862e+00  1.5190134708e+00  2.1182002231e-01  9.7033177480e-01  1.2911815496e+00  1.7697860573e+00  1.5443647145e-01  2.4435556166e-01  1.3197153324e+00 -2.3845148284e+00  5.1175287984e-02 -4.3073622531e-01 -2.6445219382e+00 -1.9216238577e+00  1.3871182388e+00 -1.1890351958e+00 -4.2255147974e-01 -7.4779801477e-01 -2.2249754124e-01
ENERGY -3.894979873021e+02

JOB 4
COORDS -2.9623031269e+00  6.5994461681e-01  1.8251787646e+00 -1.7082429568e+00  2.8162067000e+00  1.5498254167e+00 -2.5073943465e+00  2.5224095520e-01  6.3471790928e-01 -1.2505929113e+00  2.3982497436e+00  3.6408415914e-01 -2.5880673193e+00  1.9818231429e+00  2.4434135181e+00  1.7953094915e+00  2.8194821868e-01 -1.2312178110e+00  1.0915066605e+00  4.9981324515e-01  1.3551136257e-01  4.2435489215e-01  5.0950541564e-01 -1.9231619196e+00 -1.5469178712e+00  1.0417966684e+00 -2.2071854958e-01 -2.7512300728e-01  2.1902574512e-01 -5.6248471460e-01 -3.6446828577e+00  2.5130262403e-02  2.3890323867e+00 -1.4485192537e+00  3.8130058389e+00  1.9042482814e+00 -2.8213629001e+00 -7.1405263621e-01  2.4068001435e-01 -6.2818926236e-01  3.0656777863e+00 -2.3083118482e-01 -3.4992506540e+00  2.5452227344e+00  2.6952243943e+00 -2.0872444171e+00  1.8148572723e+00  3.4098861465e+00  2.6130954493e+00  9.6005246272e-01 -1.4925510659e+00  2.1439364449e+00 -7.4860201897e-01 -1.3505843303e+00  1.3748847675e+00 -1.5321425947e-01  9.6656753175e-01  1.1659474164e+00  1.5371759539e+00  4.7135909340e-01  2.9449749885e-01  1.5571987272e+00 -2.2178844063e+00  1.6103085561e-01 -1.2642671862e-01 -2.7745961481e+00 -2.0437869039e+00  1.2019651615e+00 -1.1927980889e+00 -5.1083692563e-01 -8.4856001180e-01 -4.9578381530e-01
ENERGY -3.895004053139e+02

JOB 5
COORDS -2.8490889773e+00  6.5751557929e-01  1.8927413242e+00 -1.7080173015e+00  2.8417187492e+00  1.4249543824e+00 -2.4712924624e+00  2.1101217282e-01  6.8930594744e-01 -1.3247091945e+00  2.3851613183e+00  2.2707373369e-01 -2.4826741211e+00  2.0197193248e+00  2.4211006883e+00  1.7842663906e+00  3.2429866029e-01 -1.1250857653e+00  9.6810369170e-01  3.5446767000e-01  1.9693215800e-01  4.7511348245e-01  6.4894304467e-01 -1.8969487315e+00 -1.6106168644e+00  9.9210089189e-01 -2.7318349119e-01 -3.3380959142e-01  2.0137206435e-01 -6.4410501746e-01 -3.4593723646e+00  2.4687296921e-02  2.5358806779e+00 -1.4602600791e+00  3.8623853099e+00  1.7140731367e+00 -2.7750351671e+00 -7.8455477333e-01  3.6637336039e-01 -7.7062744824e-01  3.0446546928e+00 -4.3957113948e-01 -3.3932313732e+00  2.5603217501e+00  2.7205415150e+00 -1.9011765464e+00  1.9162035975e+00  3.3506176579e+00  2.6125663246e+00  1.0324570769e+00 -1.2214932658e+00  2.1548492179e+00 -6.7946746078e-01 -1.3547521391e+00  1.1772703366e+00 -4.1877596800e-01  9.4221607755e-01  1.0155649211e+00  1.3313864761e+00  6.8572230332e-01  3.7443180820e-01  1.7236600789e+00 -2.0821196590e+00  2.8522953354e-01  1.1663634404e-01 -2.8344037357e+00 -2.1719565800e+00  1.0832414864e+00 -1.2190753366e+00 -5.9347887256e-01 -8.5916037697e-01 -7.3967773725e-01
ENERGY -3.895028895213e+02

JOB 6
COORDS -2.7052481964e+00  6.5185660510e-01  1.9402577498e+00 -1.7227142333e+00  2.8676835164e+00  1.3030229742e+00 -2.4287295252e+00  1.8531559684e-01  7.1720597122e-01 -1.4376181730e+00  2.3897574354e+00  8.6003811642e-02 -2.3439905554e+00  2.0407046132e+00  2.3972288684e+00  1.7617430817e+00  3.2911729884e-01 -9.9483006237e-01  8.2578144462e-01  2.2873045600e-01  2.4258217259e-01  5.3693923908e-01  7.7512858411e-01 -1.8432665387e+00 -1.6839420277e+00  9.6361116022e-01 -3.4031586604e-01 -3.9003781677e-01  2.1234039308e-01 -7.2552752331e-01 -3.2250014764e+00  1.4940094314e-02  2.6548841323e+00 -1.5093219977e+00  3.9109094889e+00  1.5330527280e+00 -2.7214285926e+00 -8.3066747022e-01  4.5268190064e-01 -9.9780165427e-01  3.0571226648e+00 -6.5307572224e-01 -3.2391510124e+00  2.5501061947e+00  2.7845750918e+00 -1.6594489780e+00  1.9854110221e+00  3.2581848626e+00  2.6071039881e+00  1.0206066907e+00 -9.3177546557e-01  2.1355934140e+00 -6.5141994765e-01 -1.3055719989e+00  9.5012382369e-01 -6.2884253673e-01  9.1002706937e-01  8.4112810814e-01  1.1449678817e+00  8.4032210054e-01  4.7799326623e-01  1.8647461174e+00 -1.9211641536e+00  4.2793923678e-01  3.4849964381e-01 -2.8452667650e+00 -2.3010241603e+00  9.8294624522e-01 -1.2541990977e+00 -6.5683844018e-01 -8.2358674214e-01 -9.6791929517e-01
ENERGY -3.895042239773e+02

JOB 7
COORDS -2.5607586871e+00  6.5765237793e-01  1.9757522682e+00 -1.7582782590e+00  2.8934814288e+00  1.1819488855e+00 -2.3770947930e+00  1.6253890859e-01  7.4668287841e-01 -1.5668107319e+00  2.3861276399e+00 -4.1598843187e-02 -2.2138922574e+00  2.0721214032e+00  2.3587636215e+00  1.7354811648e+00  3.0738277481e-01 -8.7990824353e-01  7.0058306545e-01  9.9725190406e-02  2.6281035396e-01  5.9700505457e-01  9.0756037718e-01 -1.7537505206e+00 -1.7515564987e+00  9.2986743480e-01 -3.9388988557e-01 -4.2824835111e-01  2.3626803134e-01 -7.9365429110e-01 -2.9885755410e+00  2.4774558023e-02  2.7521783319e+00 -1.5962129696e+00  3.9569279465e+00  1.3538595496e+00 -2.6510639472e+00 -8.7220454129e-01  5.4104490990e-01 -1.2559977342e+00  3.0508395654e+00 -8.4545377431e-01 -3.0823233100e+00  2.5536607705e+00  2.8325209577e+00 -1.4358917231e+00  2.0690565724e+00  3.1383330142e+00  2.5963941215e+00  9.4876288957e-01 -6.6976994821e-01  2.0977953058e+00 -6.4443495102e-01 -1.2806967075e+00  7.4514868364e-01 -8.2949856876e-01  8.3740974091e-01  6.9234304434e-01  9.4531624296e-01  9.5798904728e-01  5.7830380066e-01  1.9983468961e+00 -1.6809242192e+00  5.5704442992e-01  6.2484963200e-01 -2.8103093436e+00 -2.4153306134e+00  8.7111593420e-01 -1.2709279770e+00 -6.7601449109e-01 -7.6025350757e-01 -1.1812928609e+00
ENERGY -3.895040615695e+02

JOB 8
COORDS -2.4496482229e+00  6.9541986357e-01  2.0226881326e+00 -1.8268852832e+00  2.9276898048e+00  1.0769881525e+00 -2.2979898253e+00  1.4705824410e-01  8.1210072630e-01 -1.6703508921e+00  2.3672905097e+00 -1.2813984996e-01 -2.1710383756e+00  2.1454187616e+00  2.3164082731e+00  1.7241618130e+00  2.6113726990e-01 -8.3135588317e-01  6.3385966931e-01 -7.1512785994e-02  2.2725509409e-01  6.4720408557e-01  1.0452589191e+00 -1.6337201406e+00 -1.7859680543e+00  8.8636315437e-01 -4.0156680177e-01 -4.3818128916e-01  2.5667834679e-01 -8.4550765251e-01 -2.7949587911e+00  7.8909929426e-02  2.8515677792e+00 -1.7203170115e+00  4.0063632390e+00  1.1857250431e+00 -2.5169374983e+00 -9.1217943276e-01  6.7701068983e-01 -1.4436537417e+00  3.0040060387e+00 -9.8155477969e-01 -3.0417914864e+00  2.5998561854e+00  2.8121188079e+00 -1.3556622367e+00  2.2283061214e+00  3.0522229571e+00  2.6045371633e+00  8.1645565705e-01 -4.9486362922e-01  2.0570928185e+00 -6.3369206262e-01 -1.3666767412e+00  6.2309027168e-01 -1.0722839163e+00  6.6761855213e-01  6.2116088446e-01  6.6899018480e-01  1.0338103957e+00  6.5625856827e-01  2.1046421657e+00 -1.3638126638e+00  6.4823762640e-01  9.5616455915e-01 -2.7246537084e+00 -2.4947813419e+00  7.5002031791e-01 -1.2320713848e+00 -6.6539008770e-01 -6.6637606865e-01 -1.3944744239e+00
ENERGY -3.895022740572e+02

JOB 9
COORDS -3.0712020393e+00  1.9025829780e+00  8.4863043443e-02 -2.0849054171e+00  1.0248665526e+00  2.2116917837e+00 -1.8703442948e+00  2.3712725263e+00 -2.7232147257e-01 -8.8715300837e-01  1.4925930151e+00  1.8415036183e+00 -3.3177880476e+00  1.1332496676e+00  1.3548582731e+00  1.2388693035e+00 -4.7506622995e-01 -1.1074615402e+00 -3.6576085734e-02  3.6270364908e-01 -1.4053588826e+00  1.3440866908e+00  2.5859906788e-01  2.5852093359e-01 -6.0084834264e-01  2.1656059640e+00  5.1982113359e-01  4.4305254728e-01  1.3802747451e+00 -3.3383788683e-01 -3.9293308719e+00  2.0794836894e+00 -5.6227452432e-01 -2.1982631369e+00  5.4980155053e-01  3.1854426586e+00 -1.7723527012e+00  2.9189245124e+00 -1.2094836302e+00 -4.5131043431e-02  1.3911538737e+00  2.5245772820e+00 -4.1269151696e+00  1.6106000729e+00  1.9279128288e+00 -3.6998846937e+00  1.2824421324e-01  1.1163628294e+00  1.1380965846e+00 -1.5642160214e+00 -1.0893559817e+00  2.0643483581e+00 -2.0932311908e-01 -1.7754340932e+00 -1.9403477050e-01  7.3016061134e-01 -2.4235734366e+00 -9.4060775615e-01 -1.5918669249e-01 -1.0756900975e+00  8.2173614270e-01 -3.0091612973e-01  1.0395929048e+00  2.3370621050e+00  5.3918692245e-01  6.2417147103e-01 -1.6009331000e-01  3.1492532986e+00  7.3834763014e-01  1.0902277197e+00  2.1101362885e+00 -8.3575790042e-01
ENERGY -3.894997608726e+02

JOB 10
COORDS -3.1079559852e+00  1.7737092862e+00  1.2533129267e-01 -2.0389947617e+00  1.1296579056e+00  2.2975463159e+00 -1.9278191258e+00  2.2232035013e+00 -3.1629122894e-01 -8.6282689568e-01  1.5798888496e+00  1.8459003314e+00 -3.3038392982e+00  1.1502718969e+00  1.4814457043e+00  1.2578269792e+00 -4.5695034400e-01 -1.1544204761e+00  1.1020119099e-01  5.0859503212e-01 -1.5577656515e+00  1.1794500146e+00  1.3234404286e-01  2.8002154074e-01 -6.3852459917e-01  2.1523533186e+00  4.6661740323e-01  4.7387087093e-01  1.3829328030e+00 -3.2223712709e-01 -3.9865881357e+00  1.8579450290e+00 -5.1303723002e-01 -2.1082013086e+00  7.3058818106e-01  3.3087969095e+00 -1.8657732786e+00  2.6633628250e+00 -1.3109723795e+00  8.0676573701e-03  1.5380186063e+00  2.4987701420e+00 -4.0901164154e+00  1.6916536306e+00  2.0291772500e+00 -3.6954213546e+00  1.2700458195e-01  1.3703933652e+00  1.0827181019e+00 -1.5304748822e+00 -1.2715590294e+00  2.1992996777e+00 -1.9798228625e-01 -1.6492036089e+00  1.4810807817e-01  9.7869994910e-01 -2.5454473489e+00 -8.6800571722e-01  3.5287089620e-02 -1.4296479348e+00  4.9068894015e-01 -4.4528680102e-01  9.0351147464e-01  2.1123439641e+00  2.8673807048e-01  8.3174578171e-01 -2.7305737789e-01  3.1816656693e+00  5.9782468141e-01  1.2465975414e+00  2.0967590509e+00 -6.2938323328e-01
ENERGY -3.894981319540e+02

JOB 11
COORDS -3.1142838699e+00  1.6390836249e+00  1.6363644142e-01 -1.9739636436e+00  1.2377039590e+00  2.3606193545e+00 -1.9659044236e+00  2.1042061646e+00 -3.4165746215e-01 -8.3085748095e-01  1.7080238548e+00  1.8486821821e+00 -3.2507535154e+00  1.1202877759e+00  1.5708305514e+00  1.2346008998e+00 -4.5129553170e-01 -1.1881894471e+00  2.5304507962e-01  6.5464654759e-01 -1.6570459862e+00  9.7829302338e-01  1.6903876966e-02  2.6880549447e-01 -6.6321682473e-01  2.1580489475e+00  4.1817880218e-01  4.9182077548e-01  1.3838454367e+00 -2.9981163123e-01 -4.0118146198e+00  1.6376030851e+00 -4.5374275453e-01 -2.0061333851e+00  9.2367604707e-01  3.4031838536e+00 -1.9449312284e+00  2.4744744505e+00 -1.3655650585e+00  5.3642952405e-02  1.7652896674e+00  2.4821149565e+00 -4.0572906228e+00  1.6618988579e+00  2.0879629930e+00 -3.5858998312e+00  7.1392739619e-02  1.5536376685e+00  9.8927585080e-01 -1.4872901031e+00 -1.4401842246e+00  2.2614662295e+00 -2.4519884992e-01 -1.5066164523e+00  4.8176613646e-01  1.1987507594e+00 -2.5793311979e+00 -7.6848207944e-01  2.6855658927e-01 -1.7180986778e+00  1.4772784153e-01 -5.3354419326e-01  7.2104916383e-01  1.8187532981e+00  2.3862899728e-02  9.6996097106e-01 -3.5432545395e-01  3.2144735269e+00  4.4122354143e-01  1.3595136544e+00  2.0445848732e+00 -4.0252613725e-01
ENERGY -3.894983681400e+02

JOB 12
COORDS -3.0976619235e+00  1.5070851543e+00  2.0124459034e-01 -1.9045662108e+00  1.3446599379e+00  2.4027183510e+00 -1.9902869340e+00  2.0102942970e+00 -3.5701879655e-01 -8.0424507542e-01  1.8565129414e+00  1.8396258320e+00 -3.1711467936e+00  1.0603866428e+00  1.6381837647e+00  1.1835214379e+00 -4.5410339325e-01 -1.2087226531e+00  3.9580662943e-01  7.8502620469e-01 -1.7079691267e+00  7.6087611869e-01 -7.2216366169e-02  2.3433545550e-01 -6.8053454533e-01  2.1777854430e+00  3.7121659490e-01  4.9471052246e-01  1.3782473336e+00 -2.6795185084e-01 -4.0089211026e+00  1.4236074321e+00 -3.8988710525e-01 -1.9087693572e+00  1.1198104128e+00  3.4685273840e+00 -2.0155056631e+00  2.3338973836e+00 -1.3959802223e+00  7.7839190154e-02  2.0366276579e+00  2.4533745752e+00 -4.0215703173e+00  1.5518256519e+00  2.1341670610e+00 -3.4041636264e+00 -1.5029019111e-02  1.6860726307e+00  8.7834917735e-01 -1.4343005828e+00 -1.5868996982e+00  2.2614802662e+00 -3.3818486303e-01 -1.3602375476e+00  8.1455516498e-01  1.3701936053e+00 -2.5334623441e+00 -6.3465229785e-01  5.1438015067e-01 -1.9525075869e+00 -1.7720748699e-01 -5.6044883082e-01  5.1680182557e-01  1.4842612944e+00 -2.0915487867e-01  1.0438135294e+00 -4.0794487619e-01  3.2417150778e+00  2.8313383289e-01  1.4178251716e+00  1.9613676132e+00 -1.7546155145e-01
ENERGY -3.895002396478e+02

JOB 13
COORDS -3.0759004661e+00  1.3873029702e+00  2.4838830750e-01 -1.8507886665e+00  1.4444942162e+00  2.4365726954e+00 -2.0084463725e+00  1.9186731830e+00 -3.5967484563e-01 -7.9188605256e-01  1.9858470884e+00  1.8238805858e+00 -3.0996144278e+00  1.0188840022e+00  1.7090617650e+00  1.1299934005e+00 -4.5174162720e-01 -1.2445976712e+00  5.3675506331e-01  9.0107643219e-01 -1.7213542309e+00  5.7010028766e-01 -1.4385961230e-01  1.7021967258e-01 -6.9644711446e-01  2.1902065067e+00  3.3232926276e-01  4.8520495257e-01  1.3573336620e+00 -2.3022770415e-01 -3.9919277721e+00  1.2225946818e+00 -3.1778093068e-01 -1.8340228282e+00  1.3018177866e+00  3.5162921088e+00 -2.0733857373e+00  2.1855157005e+00 -1.4125801494e+00  8.0674220570e-02  2.2710911628e+00  2.4110696497e+00 -3.9807702891e+00  1.4703644352e+00  2.1888227202e+00 -3.2466467195e+00 -6.6942083496e-02  1.8208729256e+00  7.7771715221e-01 -1.3595015481e+00 -1.7433534816e+00  2.2244610675e+00 -4.4436506246e-01 -1.2603258488e+00  1.1252325693e+00  1.5068584199e+00 -2.4181161761e+00 -4.6495469260e-01  7.6097250581e-01 -2.1350541272e+00 -4.3203751967e-01 -5.6412761259e-01  3.0374078937e-01  1.1791893165e+00 -4.0619157103e-01  1.0400399209e+00 -4.4520789077e-01  3.2468178872e+00  1.4458258719e-01  1.4247572820e+00  1.8568634824e+00  3.4309119258e-02
ENERGY -3.895026232790e+02

JOB 14
COORDS -3.0764139970e+00  1.2817370299e+00  3.1119360759e-01 -1.8374072635e+00  1.5613501294e+00  2.4720128882e+00 -2.0316850784e+00  1.7928716117e+00 -3.5113308068e-01 -8.0255100320e-01  2.0835077381e+00  1.8040783560e+00 -3.0781920376e+00  1.0376267026e+00  1.7973418197e+00  1.1237404914e+00 -4.3209037803e-01 -1.3086262185e+00  6.8083855401e-01  1.0044482357e+00 -1.7042008899e+00  4.4117156281e-01 -2.2205928668e-01  7.1858750010e-02 -7.2215987873e-01  2.1653877077e+00  2.9889886325e-01  4.6888146023e-01  1.3092786632e+00 -1.9074233015e-01 -3.9885756702e+00  1.0358623130e+00 -2.3126271130e-01 -1.8056902746e+00  1.5095030822e+00  3.5595486148e+00 -2.1154681433e+00  1.9588595351e+00 -1.4233514846e+00  6.5358142980e-02  2.4437565336e+00  2.3561166439e+00 -3.9699328009e+00  1.4990172481e+00  2.2471539083e+00 -3.1881616444e+00 -3.9344639270e-02  2.0002132510e+00  7.6391239480e-01 -1.2573988646e+00 -1.9300443532e+00  2.2115996853e+00 -5.1122418522e-01 -1.2176341968e+00  1.3959333225e+00  1.6296560587e+00 -2.2481344032e+00 -2.6196200575e-01  9.8889822934e-01 -2.2573743678e+00 -5.8659092645e-01 -5.9858224965e-01  7.6255171079e-02  9.5602013057e-01 -5.9220008230e-01  9.6290151156e-01 -4.9053088330e-01  3.2054134225e+00  1.6518480377e-02  1.3899146254e+00  1.7357104511e+00  2.2552911490e-01
ENERGY -3.895041720752e+02

JOB 15
COORDS -3.1014479512e+00  1.1899848053e+00  4.0040537592e-01 -1.8537180358e+00  1.6956908295e+00  2.5124257066e+00 -2.0606077837e+00  1.6291866729e+00 -3.1673155139e-01 -8.2247245117e-01  2.1437575988e+00  1.7874719295e+00 -3.1068475691e+00  1.1238889941e+00  1.9042694844e+00  1.1750852830e+00 -3.8798770140e-01 -1.4049438273e+00  8.1593301229e-01  1.1039713748e+00 -1.6648359198e+00  3.6869038969e-01 -3.1815774871e-01 -7.6113629696e-02 -7.5500828421e-01  2.0964407567e+00  2.7936020841e-01  4.4707520314e-01  1.2305029131e+00 -1.5864580044e-01 -4.0056386634e+00  8.6346341874e-01 -1.1201962474e-01 -1.8084288937e+00  1.7445049531e+00  3.5996528700e+00 -2.1415896844e+00  1.6512183608e+00 -1.4023955551e+00  5.3118161635e-02  2.5468221985e+00  2.2963570822e+00 -3.9876715642e+00  1.6539484385e+00  2.2967861415e+00 -3.2394312770e+00  8.0748240223e-02  2.2315837486e+00  8.5065319840e-01 -1.1187832032e+00 -2.1515350955e+00  2.2464233087e+00 -5.2324944882e-01 -1.2271257988e+00  1.6047945984e+00  1.7611679809e+00 -2.0434962396e+00 -5.8708756184e-02  1.1984187108e+00 -2.3157463733e+00 -6.5890834287e-01 -6.7123284556e-01 -2.0398889861e-01  7.9790128579e-01 -7.9682342441e-01  8.0865595098e-01 -5.4714492369e-01  3.1127692658e+00 -9.3562410380e-02  1.3299985023e+00  1.5797338656e+00  3.9128917093e-01
ENERGY -3.895041050835e+02

JOB 16
COORDS -3.1365794075e+00  1.1111138512e+00  5.0194201972e-01 -1.8678423141e+00  1.8338807646e+00  2.5353353155e+00 -2.1043389855e+00  1.4743176834e+00 -2.6768133632e-01 -8.4483038086e-01  2.2020346129e+00  1.7557648866e+00 -3.1322579906e+00  1.2141280148e+00  2.0033556108e+00  1.2617343113e+00 -3.3653924086e-01 -1.4791445878e+00  9.4192148769e-01  1.1822581262e+00 -1.5999716173e+00  3.0456909304e-01 -4.0707436516e-01 -2.5350682976e-01 -7.9782919609e-01  2.0189457550e+00  2.5632383494e-01  4.1164733060e-01  1.1383407999e+00 -1.4050408318e-01 -4.0392704548e+00  7.1824007209e-01  3.5624634222e-02 -1.8055381452e+00  1.9869910288e+00  3.6119943073e+00 -2.1911547644e+00  1.3686753998e+00 -1.3488366125e+00  3.8969749361e-02  2.6480956439e+00  2.2120552029e+00 -4.0037783014e+00  1.7958478051e+00  2.3397195733e+00 -3.2745695000e+00  2.1584930700e-01  2.4459522128e+00  1.0258462843e+00 -9.7046491735e-01 -2.3389189479e+00  2.3038523419e+00 -5.1002117367e-01 -1.1934703256e+00  1.7672892494e+00  1.8677840960e+00 -1.8152528785e+00  1.3749021765e-01  1.3660797512e+00 -2.3209565836e+00 -7.0266757627e-01 -7.2211123576e-01 -5.4014372044e-01  6.2301076358e-01 -9.9665220201e-01  6.1097292492e-01 -6.1524358348e-01  3.0026244485e+00 -2.0571410072e-01  1.2416185341e+00  1.3876409806e+00  5.3217804520e-01
ENERGY -3.895024287408e+02

JOB 17
COORDS -3.1722286926e+00  1.0432014598e+00  6.0865897452e-01 -1.8563326710e+00  1.9526806653e+00  2.5341975579e+00 -2.1715895818e+00  1.3608947924e+00 -2.2035692189e-01 -8.6543889907e-01  2.2722932844e+00  1.6941421312e+00 -3.1217468195e+00  1.2653486188e+00  2.0962133753e+00  1.3524010669e+00 -2.9611040708e-01 -1.5053220169e+00  1.0684605192e+00  1.2339545321e+00 -1.5116912402e+00  2.2539083876e-01 -4.6172927305e-01 -4.4458290371e-01 -8.5644577028e-01  1.9598987134e+00  2.1510780548e-01  3.5754539211e-01  1.0573958427e+00 -1.4285914647e-01 -4.0827724979e+00  6.0282946990e-01  2.0422178350e-01 -1.7654312101e+00  2.1989790647e+00  3.5913481158e+00 -2.2932758413e+00  1.1753518825e+00 -1.2873139115e+00  2.0731433869e-02  2.7745693659e+00  2.0823577950e+00 -3.9950937799e+00  1.8548638774e+00  2.4137226539e+00 -3.2273774188e+00  3.0351918599e-01  2.6219392166e+00  1.2393279606e+00 -8.3582738308e-01 -2.4500736874e+00  2.3390274981e+00 -5.2212419434e-01 -1.0890684165e+00  1.9190432803e+00  1.9211807476e+00 -1.5562275513e+00  3.5720654613e-01  1.5027511100e+00 -2.3016945507e+00 -7.3354495080e-01 -7.0371563142e-01 -9.1049273162e-01  3.9458195722e-01 -1.1556227535e+00  3.8381451515e-01 -7.0242544645e-01  2.9031836178e+00 -3.3199403842e-01  1.1120358490e+00  1.1822184177e+00  6.4307013662e-01
ENERGY -3.894997805095e+02

JOB 18
COORDS -3.2069213853e+00  9.7761242564e-01  7.2418218169e-01 -1.8426364902e+00  2.0741219189e+00  2.5148145905e+00 -2.2399611225e+00  1.2326671386e+00 -1.6464707315e-01 -8.8653927903e-01  2.3317629987e+00  1.6151819131e+00 -3.1080921690e+00  1.3289943801e+00  2.1843648640e+00  1.4314866656e+00 -2.5392961795e-01 -1.5304477344e+00  1.1913603439e+00  1.2749080556e+00 -1.3855960578e+00  1.6869055359e-01 -4.9180085669e-01 -6.5401633648e-01 -9.1962392402e-01  1.8815237963e+00  1.7314516508e-01  3.0884276773e-01  9.7285476749e-01 -1.4352767591e-01 -4.1273791387e+00  4.9947881485e-01  3.9144453991e-01 -1.7215727890e+00  2.4165552899e+00  3.5417257238e+00 -2.4000558138e+00  9.6348657071e-01 -1.2075943203e+00  2.9580904003e-03  2.8806958912e+00  1.9244628230e+00 -3.9814366131e+00  1.9296538840e+00  2.4802383154e+00 -3.1766757589e+00  4.1577474307e-01  2.7959289781e+00  1.4305491485e+00 -6.7328579750e-01 -2.5407914703e+00  2.3468667643e+00 -5.7001646139e-01 -1.0206573957e+00  2.0593888907e+00  1.9276397213e+00 -1.2481508522e+00  5.8730842015e-01  1.6627322601e+00 -2.2143774969e+00 -7.2258834879e-01 -6.3165196235e-01 -1.2709656538e+00  2.0056191613e-01 -1.2889612616e+00  9.4203947673e-02 -8.0871801807e-01  2.7740410591e+00 -4.6210803749e-01  9.5623605228e-01  9.5512724793e-01  7.4030400668e-01
ENERGY -3.894977420858e+02

JOB 19
COORDS -3.2347245108e+00  9.0196808337e-01  8.5462194778e-01 -1.8315631628e+00  2.1980910498e+00  2.4771290834e+00 -2.2975684092e+00  1.0681297364e+00 -8.6183839899e-02 -9.0471765050e-01  2.3691443875e+00  1.5275041388e+00 -3.1010066795e+00  1.4173255391e+00  2.2629948608e+00  1.5123616060e+00 -1.9550203639e-01 -1.5503643561e+00  1.2875085626e+00  1.3070690420e+00 -1.2345010612e+00  1.3959867192e-01 -4.8677090989e-01 -8.8424687469e-01 -9.8349104680e-01  1.7753000095e+00  1.4177276911e-01  2.6189932057e-01  8.8148790632e-01 -1.4504032250e-01 -4.1574255581e+00  3.7914852292e-01  6.0563111201e-01 -1.6823140247e+00  2.6420176387e+00  3.4605715800e+00 -2.4812416745e+00  6.8178969595e-01 -1.0864262491e+00 -9.5779108333e-03  2.9494371035e+00  1.7513593357e+00 -3.9698546538e+00  2.0459646261e+00  2.5104573545e+00 -3.1507200455e+00  5.7931475749e-01  2.9756201294e+00  1.6390197092e+00 -4.8242970437e-01 -2.5983622722e+00  2.3420641197e+00 -6.0978395516e-01 -9.6920847013e-01  2.1481839896e+00  1.9097918815e+00 -9.2632740710e-01  7.8177842334e-01  1.8143203997e+00 -2.0642842867e+00 -6.5947170283e-01 -4.7947394971e-01 -1.6306708034e+00  3.4398967888e-02 -1.3856811828e+00 -2.7016000420e-01 -9.3281587907e-01  2.6043482243e+00 -5.8208703180e-01  7.9172830085e-01  7.0497814051e-01  7.9731761191e-01
ENERGY -3.894977766320e+02

JOB 20
COORDS -3.2410035781e+00  8.3050201623e-01  9.7799533266e-01 -1.8219835012e+00  2.3208736398e+00  2.4124201874e+00 -2.3317281348e+00  9.0783584116e-01 -1.1260509279e-03 -9.2136041893e-01  2.4040244290e+00  1.4262380786e+00 -3.0837214169e+00  1.5041372865e+00  2.3160306501e+00  1.5572556936e+00 -1.3609849855e-01 -1.5760518657e+00  1.3633275436e+00  1.3092958718e+00 -1.0497207712e+00  1.1472581923e-01 -4.4527275538e-01 -1.0948803656e+00 -1.0334085381e+00  1.6689048826e+00  1.1420413951e-01  2.1554360930e-01  7.8281385627e-01 -1.3695257372e-01 -4.1570864208e+00  2.6352403991e-01  8.1636744475e-01 -1.6559672096e+00  2.8673389041e+00  3.3399825910e+00 -2.5240335631e+00  4.0180912993e-01 -9.4436245071e-01 -2.9700793871e-02  3.0155974703e+00  1.5633535025e+00 -3.9569768152e+00  2.1440901417e+00  2.5142170287e+00 -3.1029222128e+00  7.5008957382e-01  3.1183347303e+00  1.7791918315e+00 -2.6733651885e-01 -2.6391787135e+00  2.3047942859e+00 -6.8006947845e-01 -9.9030500683e-01  2.2159363391e+00  1.8070732659e+00 -5.7618430525e-01  9.6224721914e-01  1.9659816376e+00 -1.8299746635e+00 -6.0328420958e-01 -2.6679222395e-01 -1.9017831720e+00 -9.4421930738e-02 -1.4225597039e+00 -6.5038874488e-01 -1.0331813227e+00  2.4182778062e+00 -6.9487251530e-01  6.1980648786e-01  4.4594439219e-01  8.2375445789e-01
ENERGY -3.895002151930e+02

JOB 21
COORDS -3.2357600875e+00  7.6615388857e-01  1.0934486215e+00 -1.8100005470e+00  2.4227920086e+00  2.3276170949e+00 -2.3604111431e+00  7.6934148253e-01  8.1052759672e-02 -9.4119735014e-01  2.4280404681e+00  1.3097960822e+00 -3.0586813914e+00  1.5803546254e+00  2.3486324429e+00  1.5915844142e+00 -6.2406483029e-02 -1.5949666680e+00  1.4045887160e+00  1.2901347260e+00 -8.5817466995e-01  1.1094771152e-01 -3.9140435788e-01 -1.2651714414e+00 -1.0847540181e+00  1.5749823778e+00  7.5416454267e-02  1.5895462205e-01  6.8794490896e-01 -1.4094690374e-01 -4.1352000599e+00  1.5528127556e-01  1.0249539284e+00 -1.6263314930e+00  3.0556132553e+00  3.1950679057e+00 -2.5574379647e+00  1.5774845392e-01 -7.9710587664e-01 -5.7363917836e-02  3.0634643497e+00  1.3606517353e+00 -3.9386922100e+00  2.2235609121e+00  2.5018619087e+00 -3.0444025859e+00  9.1454519820e-01  3.2255589338e+00  1.8832320245e+00 -3.1815090301e-02 -2.6488673414e+00  2.2816972060e+00 -7.2122346705e-01 -1.0589067156e+00  2.2297273682e+00  1.6548826741e+00 -2.3835909534e-01  1.1071008406e+00  2.0865178230e+00 -1.5496567927e+00 -5.4988890315e-01 -8.2703462188e-02 -2.0830467941e+00 -1.4297495580e-01 -1.4158403988e+00 -9.7793558823e-01 -1.1273649604e+00  2.2433144225e+00 -8.0168763528e-01  4.4467744754e-01  2.2070541494e-01  8.0788459962e-01
ENERGY -3.895034443249e+02

JOB 22
COORDS -3.2293380070e+00  7.2712554071e-01  1.2002885712e+00 -1.7814903086e+00  2.4943604226e+00  2.2376588235e+00 -2.4086018010e+00  6.7844114146e-01  1.4441959593e-01 -9.6520386788e-01  2.4426494133e+00  1.1785393610e+00 -3.0080293804e+00  1.6321921380e+00  2.3840129686e+00  1.6350905633e+00  6.1355318405e-03 -1.5745923210e+00  1.4060047393e+00  1.2540951185e+00 -6.7808870999e-01  1.2814820733e-01 -3.3712116666e-01 -1.4141798277e+00 -1.1523890490e+00  1.5030790527e+00  1.4061760459e-02  8.2571777520e-02  6.0598591473e-01 -1.7608630738e-01 -4.1130125908e+00  9.0491903891e-02  1.2243430738e+00 -1.5688672462e+00  3.1919734686e+00  3.0468842010e+00 -2.6322889141e+00 -6.5160991550e-04 -6.7708387078e-01 -9.4998845127e-02  3.0969917977e+00  1.1396139436e+00 -3.8937267506e+00  2.2673039224e+00  2.5382223423e+00 -2.9328866896e+00  1.0309440491e+00  3.3034153713e+00  2.0118477535e+00  1.7266199222e-01 -2.5879966773e+00  2.2730892388e+00 -7.3397468135e-01 -1.0819360393e+00  2.1705972493e+00  1.4968688814e+00  6.5796456218e-02  1.2034846491e+00  2.1493375393e+00 -1.2773209037e+00 -4.6592157528e-01  6.7026820889e-02 -2.2421002133e+00 -1.4607718498e-01 -1.3855975071e+00 -1.2660504533e+00 -1.2332151659e+00  2.1044943123e+00 -9.0751919955e-01  2.5726196120e-01  3.5171009334e-02  7.4281499875e-01
ENERGY -3.895053439568e+02

JOB 23
COORDS -3.2161526295e+00  6.9977607140e-01  1.3063733262e+00 -1.7476113232e+00  2.5456362182e+00  2.1532663105e+00 -2.4639387571e+00  6.1297918710e-01  2.0316035505e-01 -9.9827756640e-01  2.4510293691e+00  1.0486685288e+00 -2.9436904166e+00  1.6716920919e+00  2.4237276906e+00  1.6858098463e+00  4.6681813146e-02 -1.5147569772e+00  1.3814450341e+00  1.2071689592e+00 -5.2459996458e-01  1.6289739733e-01 -2.6510999101e-01 -1.5599354755e+00 -1.2341082220e+00  1.4482935266e+00 -5.4967480739e-02  2.9849204011e-04  5.4919803023e-01 -2.4572820020e-01 -4.0778544641e+00  4.3330476113e-02  1.4212721669e+00 -1.4996535971e+00  3.2910198480e+00  2.9080257893e+00 -2.7235213121e+00 -1.1616678493e-01 -5.6396047399e-01 -1.4821191159e-01  3.1200033398e+00  9.2288511710e-01 -3.8317898572e+00  2.2982194439e+00  2.5981052761e+00 -2.7992389673e+00  1.1236830204e+00  3.3677274889e+00  2.1774014195e+00  3.0273838436e-01 -2.4578231533e+00  2.2496838181e+00 -7.5861469247e-01 -1.0341674157e+00  2.0559295129e+00  1.3500898341e+00  3.2424603131e-01  1.2714144790e+00  2.1624272260e+00 -1.0511914657e+00 -3.2649619360e-01  2.3849739772e-01 -2.4016733897e+00 -1.4522609763e-01 -1.3147390912e+00 -1.5517819998e+00 -1.3692135220e+00  1.9992167993e+00 -1.0006897072e+00  8.2153600722e-02 -1.1706547090e-01  6.2093456735e-01
ENERGY -3.895050093642e+02

