JOB 0
COORDS -1.2920188085e+00  1.3951936420e+00 -1.1688995760e-01 -9.3066486990e-01  1.1991078714e+00 -2.4470284812e+00 -8.8582572698e-01  1.9501997777e+00 -1.1911327771e+00 -1.0908062134e+00 -1.5091602327e+00 -1.5591794552e+00 -1.9382198753e-01 -8.7465832512e-01 -3.9638394308e+00 -3.1492058136e-01 -5.2597668504e-01 -2.3694201567e+00 -1.2606653234e+00  1.9900159910e+00  7.9853224173e-01 -1.6739467330e+00  3.6983395949e-01 -4.2982781215e-02 -3.1010725450e-01  1.7156962268e+00 -3.1874178338e+00 -1.9519298125e+00  1.1625778226e+00 -2.8448546488e+00 -4.3416445945e-01 -1.8019225296e+00 -4.1374198995e+00  1.0354867558e+00 -3.8715006569e-01 -1.9762557619e+00
ENERGY -6.264181841538e+02

JOB 1
COORDS -1.2312332684e+00  1.3992166362e+00 -1.0807233148e-01 -9.6754747893e-01  1.1971519932e+00 -2.4595770362e+00 -1.0276367615e+00  1.9755155284e+00 -1.2262382996e+00 -1.2118618324e+00 -1.5358543530e+00 -1.6282638921e+00 -1.4323338620e-01 -8.5799489077e-01 -3.9495681976e+00 -3.7801485195e-01 -5.3943850056e-01 -2.3611199722e+00 -1.2843394232e+00  2.0310278741e+00  7.8123586857e-01 -1.3739231095e+00  3.2055171819e-01  3.1859088630e-02 -2.9520153210e-01  1.7080491996e+00 -3.1588808821e+00 -1.9576963802e+00  1.1831641721e+00 -2.9309891610e+00 -3.7604670806e-01 -1.7802324337e+00 -4.1573464858e+00  9.4334971762e-01 -4.1739949091e-01 -1.8709276412e+00
ENERGY -6.264177086188e+02

JOB 2
COORDS -1.2027044523e+00  1.4057966624e+00 -1.0327488878e-01 -9.8511268285e-01  1.1959008687e+00 -2.4628121452e+00 -1.1704088218e+00  1.9697559169e+00 -1.2440691781e+00 -1.2685109403e+00 -1.5465510485e+00 -1.6495431475e+00 -1.4822621964e-01 -8.5165067351e-01 -3.9432404760e+00 -4.1285232671e-01 -5.4989209095e-01 -2.3557100622e+00 -1.3465600344e+00  2.0430707139e+00  7.7192721236e-01 -1.1237688543e+00  3.2616069261e-01  7.4497008098e-02 -2.4605187190e-01  1.7136836100e+00 -3.0872327318e+00 -1.9239090263e+00  1.1981748479e+00 -3.0294686920e+00 -3.7797048360e-01 -1.7712098963e+00 -4.1658668751e+00  9.0269069926e-01 -4.4948215018e-01 -1.8430949658e+00
ENERGY -6.264172075697e+02

JOB 3
COORDS -1.1864437757e+00  1.4173830049e+00 -1.0017564529e-01 -9.9689415272e-01  1.1927198870e+00 -2.4621212604e+00 -1.3075912082e+00  1.9385605548e+00 -1.2540997182e+00 -1.3083861724e+00 -1.5519833347e+00 -1.6576711465e+00 -1.7576358080e-01 -8.4791494827e-01 -3.9458907092e+00 -4.4003823702e-01 -5.6131001232e-01 -2.3552522769e+00 -1.4194236688e+00  2.0404394567e+00  7.6594183237e-01 -8.9543985939e-01  3.7942934325e-01  1.0343551641e-01 -1.9561936998e-01  1.7238295605e+00 -2.9927631277e+00 -1.8720181070e+00  1.2117257252e+00 -3.1216614426e+00 -3.8378114305e-01 -1.7711807417e+00 -4.1744411125e+00  8.7801426023e-01 -4.8794104257e-01 -1.8431898514e+00
ENERGY -6.264163480709e+02

JOB 4
COORDS -6.9777925951e-01  1.7709956455e+00 -1.5575848688e-01 -1.4574511628e+00  7.4234353831e-01 -2.1689808503e+00 -1.6642148168e+00  1.4814825151e+00 -9.3145507204e-01  1.8229191123e-02 -1.1261444969e+00 -3.6760471067e+00  1.2744952307e+00  7.9767247194e-01 -2.3817205521e+00  4.2138103032e-02 -2.8337917938e-01 -2.4478622215e+00 -9.2880405265e-01  2.3389481500e+00  7.4822536423e-01  3.5588102671e-01  1.5199973584e+00 -3.2526241599e-01 -1.5336358423e+00  1.4370569246e+00 -3.0144603604e+00 -2.2946786471e+00  4.3625048341e-02 -2.2874275503e+00  1.9681728962e+00  5.6844495841e-01 -3.0264916146e+00  2.0956007995e-01 -9.9771312016e-01 -1.2377479651e+00
ENERGY -6.264167296958e+02

JOB 5
COORDS -6.9815453757e-01  1.7823716068e+00 -1.6636524852e-01 -1.4601287969e+00  7.3670669487e-01 -2.1636778589e+00 -1.6780381999e+00  1.3623579864e+00 -8.6316247931e-01  6.0988048500e-03 -1.1579764634e+00 -3.6641695383e+00  1.2567907163e+00  7.9110826436e-01 -2.4005169271e+00  3.0128748036e-02 -2.9958097851e-01 -2.4476855523e+00 -9.2741891290e-01  2.2619036430e+00  7.8785818733e-01  3.5878232784e-01  1.7204070419e+00 -4.5197027892e-01 -1.4762644805e+00  1.5014470182e+00 -2.9497406705e+00 -2.3056551448e+00  7.0566699371e-02 -2.3685836414e+00  1.9843837309e+00  5.1992979284e-01 -2.9892468899e+00  2.0138849117e-01 -9.9591149160e-01 -1.2277279337e+00
ENERGY -6.264169241618e+02

JOB 6
COORDS -7.0189912036e-01  1.8134242844e+00 -1.8330516225e-01 -1.4541470090e+00  7.2632435642e-01 -2.1524251510e+00 -1.6602606414e+00  1.2415296722e+00 -7.9853111705e-01  7.6996035210e-04 -1.1565071434e+00 -3.6874078743e+00  1.2542963501e+00  7.5634810002e-01 -2.3719449817e+00  2.0375675871e-02 -3.2510136154e-01 -2.4526609823e+00 -9.0485762751e-01  2.2011975783e+00  8.1739686418e-01  3.0877371237e-01  1.9592391563e+00 -5.8376540649e-01 -1.4270730192e+00  1.5423556552e+00 -2.8846590040e+00 -2.3096445813e+00  9.5796534537e-02 -2.4156168300e+00  1.9917323765e+00  4.8339780470e-01 -2.9472026860e+00  1.7384667001e-01 -1.0446748231e+00 -1.2448665007e+00
ENERGY -6.264170962541e+02

JOB 7
COORDS -7.0105280605e-01  1.8874472105e+00 -2.1963626054e-01 -1.4406093149e+00  6.9795137961e-01 -2.1183784296e+00 -1.5872582486e+00  1.1233987387e+00 -7.2476833631e-01  1.0693070156e-02 -1.0540428708e+00 -3.7968202954e+00  1.2657426921e+00  6.7262881396e-01 -2.2459118019e+00  1.1112941470e-02 -3.5953984833e-01 -2.4797089897e+00 -8.2889562213e-01  2.1959306038e+00  8.2018994662e-01  1.7784185160e-01  2.2665350403e+00 -7.5530802154e-01 -1.4241188361e+00  1.5411807371e+00 -2.8203629244e+00 -2.3078200622e+00  8.5109646610e-02 -2.3858842809e+00  2.0130015709e+00  4.4249347672e-01 -2.8264231946e+00  1.0327551025e-01 -1.2057631140e+00 -1.3519762434e+00
ENERGY -6.264177911020e+02

JOB 8
COORDS -7.1229789523e-01  1.9623190476e+00 -2.5666462633e-01 -1.4130120542e+00  6.7235981982e-01 -2.0828433095e+00 -1.4786435072e+00  1.0318269220e+00 -6.6873597843e-01  3.9320356457e-02 -9.3529629030e-01 -3.8868595968e+00  1.2961271271e+00  5.2875976000e-01 -2.0911063383e+00  1.0019186992e-02 -4.0317833451e-01 -2.4959524356e+00 -7.3956948106e-01  2.2215552687e+00  8.0357084827e-01 -2.9719214888e-02  2.5331253246e+00 -8.9984809347e-01 -1.3969227051e+00  1.5337904228e+00 -2.7643766114e+00 -2.3005192415e+00  8.2784143433e-02 -2.3376812293e+00  2.0018956964e+00  4.3670076225e-01 -2.7551426538e+00  1.5234478707e-02 -1.3714170322e+00 -1.4693488070e+00
ENERGY -6.264192957472e+02

JOB 9
COORDS -7.5499143024e-01  2.0113343792e+00 -2.5348839975e-01 -1.3723840308e+00  6.7029327904e-01 -2.0606113257e+00 -1.3710677669e+00  9.6510887654e-01 -6.3611737131e-01  2.5913241400e-02 -9.1837241276e-01 -3.9278487267e+00  1.3178133528e+00  4.5254434093e-01 -2.0823958375e+00  1.3296938275e-02 -4.3712439992e-01 -2.5181236700e+00 -7.1458107515e-01  2.2317579897e+00  8.1482422935e-01 -2.6276285897e-01  2.7182777353e+00 -9.3593242472e-01 -1.3201211221e+00  1.5530172170e+00 -2.7150387857e+00 -2.2860502105e+00  1.2191853942e-01 -2.3149875610e+00  2.0236609129e+00  3.6662545358e-01 -2.7469038909e+00 -6.8132042886e-03 -1.4420511839e+00 -1.5283650677e+00
ENERGY -6.264207735137e+02

JOB 10
COORDS -8.2192687049e-01  2.0608950555e+00 -2.2787472943e-01 -1.3113706964e+00  6.8220046678e-01 -2.0428499086e+00 -1.2533916310e+00  9.2842430905e-01 -6.1446806500e-01 -6.5536176383e-03 -9.3326315731e-01 -3.9583094764e+00  1.3636889392e+00  3.6945808753e-01 -2.1209197529e+00  2.3243121380e-02 -4.7081432488e-01 -2.5424152175e+00 -7.4398355808e-01  2.2552311402e+00  8.4334464054e-01 -5.2169562290e-01  2.8668830913e+00 -9.1300730861e-01 -1.2218918418e+00  1.5782378693e+00 -2.6767309009e+00 -2.2517873966e+00  1.7609514061e-01 -2.2881959602e+00  2.0546641797e+00  2.6680302738e-01 -2.7985184142e+00 -1.7082258892e-02 -1.4868208913e+00 -1.5650437384e+00
ENERGY -6.264215519995e+02

JOB 11
COORDS -9.0242717985e-01  2.1061167568e+00 -1.9234587012e-01 -1.2378600214e+00  7.0455672225e-01 -2.0264780657e+00 -1.1225435273e+00  9.2142585148e-01 -5.9767534539e-01 -5.4971635210e-02 -9.5979218426e-01 -3.9849553943e+00  1.4141604829e+00  3.0210457893e-01 -2.1954638934e+00  3.5809180867e-02 -4.9581886817e-01 -2.5720535158e+00 -8.0047144972e-01  2.2851742267e+00  8.7959880043e-01 -8.0330837178e-01  2.9722754749e+00 -8.6294919103e-01 -1.1220214838e+00  1.6055961809e+00 -2.6494417472e+00 -2.2042405006e+00  2.3756835079e-01 -2.2490668639e+00  2.1027962403e+00  1.2542570288e-01 -2.8600209470e+00 -1.3008987959e-02 -1.5113029791e+00 -1.5941367983e+00
ENERGY -6.264214799332e+02

JOB 12
COORDS -9.8572046830e-01  2.1403323049e+00 -1.5618552697e-01 -1.1544389323e+00  7.3568760598e-01 -2.0138340312e+00 -9.8432548203e-01  9.4476852483e-01 -5.8704610031e-01 -1.0683907182e-01 -9.8570424896e-01 -4.0006463467e+00  1.4726349964e+00  2.1932462995e-01 -2.2664685906e+00  4.9474119490e-02 -5.1864604170e-01 -2.5940828014e+00 -8.7085717072e-01  2.3167356591e+00  9.1505628953e-01 -1.0868438725e+00  3.0228051373e+00 -8.0516543794e-01 -1.0143792400e+00  1.6324721871e+00 -2.6369742538e+00 -2.1470038352e+00  3.1177340432e-01 -2.2069327059e+00  2.1350850639e+00 -4.7623783142e-04 -2.9446221248e+00 -1.4873360473e-02 -1.5257431107e+00 -1.6080872014e+00
ENERGY -6.264205524595e+02

JOB 13
COORDS -1.0701113503e+00  2.1561181370e+00 -1.2103822160e-01 -1.0668984550e+00  7.8036983485e-01 -2.0107558592e+00 -8.5629912562e-01  9.9306598056e-01 -5.8559121325e-01 -1.6905085939e-01 -1.0289082901e+00 -3.9899973873e+00  1.5275610178e+00  1.4551758380e-01 -2.3487083735e+00  6.2176151682e-02 -5.3532909746e-01 -2.6027013240e+00 -9.3778040063e-01  2.3259081015e+00  9.4941282110e-01 -1.3715082793e+00  3.0177037546e+00 -7.3535019026e-01 -8.8842104066e-01  1.6647357908e+00 -2.6398566039e+00 -2.0834807277e+00  4.0950730557e-01 -2.1867457441e+00  2.1532411199e+00 -1.2093683793e-01 -3.0447861613e+00 -7.5153043062e-03 -1.5144224490e+00 -1.5888705742e+00
ENERGY -6.264190186269e+02

JOB 14
COORDS -1.1435470288e+00  2.1533156975e+00 -9.1591774115e-02 -9.8361640173e-01  8.3355331318e-01 -2.0171932312e+00 -7.3290018477e-01  1.0621847956e+00 -5.9625782813e-01 -2.2637737694e-01 -1.0744244610e+00 -3.9622283576e+00  1.5731323894e+00  7.5729469416e-02 -2.4199774194e+00  7.1257344331e-02 -5.4540422402e-01 -2.6007822882e+00 -9.8246024991e-01  2.3306276267e+00  9.7380659841e-01 -1.6474130082e+00  2.9470005448e+00 -6.6345708587e-01 -7.6302037556e-01  1.7015192638e+00 -2.6531981053e+00 -2.0218080736e+00  5.2334042879e-01 -2.1849611617e+00  2.1545655770e+00 -2.2888353653e-01 -3.1384324000e+00 -5.8998647169e-03 -1.4852291040e+00 -1.5507157785e+00
ENERGY -6.264174141258e+02

JOB 15
COORDS -1.2092640552e+00  2.1357739475e+00 -6.8174309765e-02 -9.0106744023e-01  8.9417938157e-01 -2.0284765376e+00 -6.1766053629e-01  1.1543275116e+00 -6.1621867378e-01 -2.8981897112e-01 -1.1142118876e+00 -3.9199930094e+00  1.6112233935e+00  8.0785805093e-03 -2.4844276757e+00  7.7536405572e-02 -5.4772318312e-01 -2.5907918473e+00 -1.0138954038e+00  2.3391760774e+00  9.8682850742e-01 -1.9108756263e+00  2.8054766432e+00 -5.8840050308e-01 -6.3774232429e-01  1.7418765494e+00 -2.6732183333e+00 -1.9575052155e+00  6.5067834904e-01 -2.1975460021e+00  2.1447789203e+00 -3.3287502484e-01 -3.2234586947e+00 -3.7964001445e-03 -1.4414271305e+00 -1.5011117522e+00
ENERGY -6.264164550455e+02

JOB 16
COORDS -1.4379943185e+00  1.9127534753e+00 -1.1388118359e-01 -1.0631106857e+00  6.8896105956e-01 -2.0733846583e+00 -6.7665160271e-01  1.1001812267e+00 -7.2468331203e-01 -4.5366807883e-01 -2.0920633187e+00 -1.9706445566e+00 -1.6726144658e-01 -6.7924636375e-01 -4.1775524674e+00 -6.8994325898e-02 -7.7284709779e-01 -2.5428110726e+00 -1.1522620925e+00  2.2469784746e+00  8.8554780981e-01 -2.3827486340e+00  2.3009041246e+00 -5.2391755861e-01 -8.7244962564e-01  1.4949786969e+00 -2.7926609933e+00 -2.1252214928e+00  4.2025222678e-01 -2.1575895630e+00 -1.5898872159e-01 -1.5677700887e+00 -4.5743759932e+00  1.2559660099e+00 -3.6932496274e-01 -2.2719353932e+00
ENERGY -6.264170767784e+02

JOB 17
COORDS -1.4647258373e+00  1.8511016924e+00 -9.8162027969e-02 -1.0019112146e+00  7.7047934946e-01 -2.1194109421e+00 -6.1056943070e-01  1.2107808883e+00 -7.8651507931e-01 -5.0073531600e-01 -2.0194474091e+00 -1.8883407896e+00 -1.9324884349e-01 -7.3019210082e-01 -4.1687740791e+00 -7.1254737633e-02 -7.4853075974e-01 -2.5336474235e+00 -1.1775765648e+00  2.2104627548e+00  8.9194554428e-01 -2.4921301863e+00  2.0592904086e+00 -4.3291549975e-01 -7.5341703222e-01  1.5479829645e+00 -2.8523183017e+00 -2.0761044428e+00  5.5517898781e-01 -2.2236861523e+00 -2.3498203048e-01 -1.6359449577e+00 -4.5221450373e+00  1.2732706214e+00 -3.8740436560e-01 -2.3039191537e+00
ENERGY -6.264186431057e+02

JOB 18
COORDS -1.4786394566e+00  1.7775499061e+00 -9.0650909365e-02 -9.5656802382e-01  8.5505321458e-01 -2.1719018769e+00 -5.6825808008e-01  1.3258919670e+00 -8.5327166792e-01 -5.4181280386e-01 -1.9299620210e+00 -1.7979504470e+00 -2.1922904384e-01 -7.7808759352e-01 -4.1491023989e+00 -7.7265657628e-02 -7.1230617121e-01 -2.5173267223e+00 -1.1999310728e+00  2.1488338880e+00  8.9732361868e-01 -2.5441713922e+00  1.8106638494e+00 -3.6256821460e-01 -6.5260892540e-01  1.5942184572e+00 -2.9232008308e+00 -2.0364868294e+00  6.7643501393e-01 -2.2950037439e+00 -3.0988110221e-01 -1.6990309297e+00 -4.4503716873e+00  1.2814673730e+00 -3.8550212807e-01 -2.3238640619e+00
ENERGY -6.264202292842e+02

JOB 19
COORDS -1.4714879329e+00  1.7008479800e+00 -9.0779561169e-02 -9.3002464156e-01  9.3769435226e-01 -2.2280163079e+00 -5.4643553073e-01  1.4472479448e+00 -9.2508726433e-01 -6.1275114257e-01 -1.8365564042e+00 -1.7203676309e+00 -2.2953880259e-01 -8.0970625732e-01 -4.1210508807e+00 -9.8388668340e-02 -6.7266495649e-01 -2.4933786868e+00 -1.2000824022e+00  2.0789922676e+00  8.9648170561e-01 -2.5410957571e+00  1.5565922838e+00 -3.0268215421e-01 -5.8013367785e-01  1.6274972475e+00 -3.0051468267e+00 -2.0120224938e+00  7.8015354973e-01 -2.3639971444e+00 -3.5125672936e-01 -1.7397018160e+00 -4.3808053409e+00  1.2698327642e+00 -3.8663873874e-01 -2.3030588496e+00
ENERGY -6.264212984074e+02

JOB 20
COORDS -1.4542272394e+00  1.6133727114e+00 -1.0000799618e-01 -9.1032277117e-01  1.0222509110e+00 -2.2879508734e+00 -5.4962890863e-01  1.5683691142e+00 -9.9345249976e-01 -6.8618862375e-01 -1.7259193619e+00 -1.6348107681e+00 -2.4108168233e-01 -8.4077475352e-01 -4.0831222359e+00 -1.2364117774e-01 -6.2404743898e-01 -2.4637199322e+00 -1.1966408403e+00  1.9941703178e+00  8.8980558252e-01 -2.4915072395e+00  1.2878988348e+00 -2.6447158437e-01 -5.1367003854e-01  1.6637708015e+00 -3.0826813813e+00 -1.9906057172e+00  8.7902683143e-01 -2.4476045277e+00 -3.9778963715e-01 -1.7770468158e+00 -4.2976713812e+00  1.2519188609e+00 -3.7731369913e-01 -2.2722013444e+00
ENERGY -6.264216540872e+02

JOB 21
COORDS -1.4271359594e+00  1.5247019609e+00 -1.1560494739e-01 -8.9835694516e-01  1.0996659658e+00 -2.3449004316e+00 -5.8130299542e-01  1.6865961887e+00 -1.0537120362e+00 -7.6693446404e-01 -1.6161354895e+00 -1.5591858953e+00 -2.5041152070e-01 -8.6633485479e-01 -4.0396879700e+00 -1.5583984355e-01 -5.7461033211e-01 -2.4313049394e+00 -1.1926010065e+00  1.9221634867e+00  8.7333665923e-01 -2.3886583881e+00  1.0072006948e+00 -2.3951686031e-01 -4.5089082863e-01  1.6970381812e+00 -3.1459193451e+00 -1.9730235924e+00  9.7181593618e-01 -2.5428491428e+00 -4.4203524674e-01 -1.8048166762e+00 -4.2123501170e+00  1.2238057758e+00 -3.6352760900e-01 -2.2261939161e+00
ENERGY -6.264212866233e+02

JOB 22
COORDS -1.3946743697e+00  1.4472305241e+00 -1.3022267990e-01 -8.9253862032e-01  1.1608665847e+00 -2.3923223555e+00 -6.4752750532e-01  1.7960178497e+00 -1.1024019189e+00 -8.4739917065e-01 -1.5270449088e+00 -1.5018673951e+00 -2.6157768264e-01 -8.8531060679e-01 -3.9985441624e+00 -1.9437101269e-01 -5.3430165544e-01 -2.4011923020e+00 -1.2059528385e+00  1.8892135744e+00  8.4973683626e-01 -2.2234918191e+00  7.3183253155e-01 -2.1306686179e-01 -3.8517856220e-01  1.7223553707e+00 -3.1830328482e+00 -1.9556133057e+00  1.0578515783e+00 -2.6489940634e+00 -4.8175366391e-01 -1.8227100009e+00 -4.1405230349e+00  1.1866935359e+00 -3.5224338861e-01 -2.1754581562e+00
ENERGY -6.264203369802e+02

JOB 23
COORDS -1.3476805383e+00  1.4063232945e+00 -1.2965418438e-01 -9.0609893942e-01  1.1915158827e+00 -2.4266922690e+00 -7.5071380969e-01  1.8885575616e+00 -1.1487990743e+00 -9.6258844797e-01 -1.4972623899e+00 -1.5076277399e+00 -2.3801436457e-01 -8.8536376273e-01 -3.9752382040e+00 -2.5154709970e-01 -5.1943453248e-01 -2.3801670474e+00 -1.2253268452e+00  1.9244419233e+00  8.2360091819e-01 -1.9769254674e+00  5.0783195013e-01 -1.4167796578e-01 -3.3899983367e-01  1.7225184564e+00 -3.1980208926e+00 -1.9520713714e+00  1.1229872793e+00 -2.7501370848e+00 -4.7283203034e-01 -1.8186773686e+00 -4.1211957848e+00  1.1194137328e+00 -3.5968084134e-01 -2.0822796132e+00
ENERGY -6.264191142267e+02

