JOB 0
COORDS -6.2939463975e+00 -3.8132038054e+00 -3.0497524706e+00 -5.0964403185e+00 -4.5064077127e+00 -2.6894982733e+00 -6.1021775853e+00 -2.5093780507e+00 -2.6745279386e+00 -4.2655176418e+00 -3.5740077497e+00 -2.1215735318e+00 -2.3539285706e-01 -1.9959572001e+00 -6.9431673790e-01 -2.9117227043e+00 -3.7339767630e+00 -1.5767760654e+00  1.5822658625e+00 -3.3925453039e+00 -1.5748869001e+00  1.4673940193e+00 -9.6893425632e-01 -2.2908650987e+00  1.6548878600e+00 -2.7328799243e+00  8.2508115565e-01  1.4389165433e+00 -3.1719040719e-01  1.2210668098e-01  3.3143874046e+00 -1.7439457976e+00 -7.7722191320e-01  6.3817072112e-01 -2.2162493327e+00 -1.9369292556e+00  6.6042760521e-01 -1.5989457490e+00  4.9581237210e-01  2.5135812769e+00 -3.0107408142e+00 -4.1542205059e-01  2.3480967893e+00 -5.8431889883e-01 -1.0900920219e+00 -1.2031201677e+00 -2.7539326265e+00 -2.8814895849e-01 -2.3308133526e+00 -4.8048117017e+00 -1.5336048231e+00 -4.8766590254e+00 -2.3436054691e+00 -2.1092724652e+00 -2.3924429667e+00 -2.5588264061e+00 -1.1426049342e+00 -7.1779221205e+00 -4.2220895409e+00 -3.5207990022e+00 -4.8615285584e+00 -5.5535850205e+00 -2.8214126741e+00 -6.7148284914e+00 -1.6208553632e+00 -2.7378433948e+00  9.8851783525e-01 -4.2780458102e+00 -1.3297436292e+00  2.1650598687e+00 -3.6189394485e+00 -2.4769104435e+00  2.0928421019e+00 -1.1859005070e+00 -3.1653739149e+00  8.0404727783e-01 -1.4066466715e-01 -2.5650259266e+00  2.2835531864e+00 -2.4362532175e+00  1.6744369332e+00  1.0956789695e+00 -3.6268352466e+00  1.1206834260e+00  7.4349133610e-01  5.0166060817e-01 -1.0127999125e-01  2.0339624243e+00 -3.0353254429e-03  9.8841616660e-01  3.9575887004e+00 -1.9372791713e+00 -1.6451559805e+00  3.9739847204e+00 -1.4711011867e+00  5.6084468746e-02  1.3482660167e-02 -2.5097574009e+00 -2.7871695546e+00  1.2308331709e-02 -1.4096467386e+00  1.3539603066e+00  3.2019067945e+00 -3.8404107751e+00 -2.1504222123e-01  2.9193858081e+00  3.2067695195e-01 -1.3274962437e+00
ENERGY -8.623288194482e+02

JOB 1
COORDS -6.0708340666e+00 -3.8650990446e+00 -3.2322912249e+00 -4.8787310622e+00 -4.5025589753e+00 -2.7668274414e+00 -5.9785345259e+00 -2.5567264662e+00 -2.8356387735e+00 -4.1506720070e+00 -3.5357442278e+00 -2.1205771726e+00 -2.6810257848e-01 -1.9342222256e+00 -5.0048784009e-01 -2.8467208167e+00 -3.6357991175e+00 -1.4534194357e+00  1.3722360166e+00 -3.4039794766e+00 -1.5631961665e+00  1.2791857005e+00 -9.7297387383e-01 -2.2608833442e+00  1.7043520795e+00 -2.7499690968e+00  8.2366164811e-01  1.5229451473e+00 -3.2310143032e-01  1.4783405121e-01  3.2354640127e+00 -1.8246629646e+00 -9.3691680716e-01  4.4224584606e-01 -2.1909153381e+00 -1.8263988853e+00  7.3098624108e-01 -1.5710110868e+00  6.0075450748e-01  2.4242913845e+00 -3.0596055871e+00 -4.9684298969e-01  2.2898056742e+00 -6.2665868191e-01 -1.1528701461e+00 -1.2887391945e+00 -2.5729407413e+00 -4.2418917094e-02 -2.2198535830e+00 -4.6782106431e+00 -1.3655429910e+00 -4.8195558675e+00 -2.3364077160e+00 -2.1597622775e+00 -2.4248303455e+00 -2.4402883400e+00 -9.7485814170e-01 -6.8869039823e+00 -4.3124145524e+00 -3.7840200691e+00 -4.5815277960e+00 -5.5359304538e+00 -2.8809578246e+00 -6.6258236549e+00 -1.6985397374e+00 -2.9510899181e+00  7.7013046070e-01 -4.2663423937e+00 -1.2618932853e+00  1.8580948694e+00 -3.6518135212e+00 -2.5154174845e+00  1.8058404026e+00 -1.2068778328e+00 -3.1940583202e+00  6.2340725192e-01 -1.1854717656e-01 -2.4648777157e+00  2.4271040323e+00 -2.4847702421e+00  1.6057635437e+00  1.1411233883e+00 -3.6219698932e+00  1.1726377415e+00  8.4457118532e-01  5.2588646861e-01 -3.1976599794e-03  2.2191902292e+00 -3.8231475135e-02  9.4600678154e-01  3.7805466908e+00 -2.0407352399e+00 -1.8645663495e+00  3.9853685022e+00 -1.5807131458e+00 -1.7390112926e-01 -2.8536014848e-01 -2.4524763603e+00 -2.5999776617e+00  1.7511670225e-01 -1.3611121807e+00  1.5172518091e+00  3.0960246091e+00 -3.9154521797e+00 -3.6136192150e-01  2.8703470002e+00  2.5501499686e-01 -1.4485066446e+00
ENERGY -8.623482293538e+02

JOB 2
COORDS -5.9266649919e+00 -3.8957138518e+00 -3.3056210442e+00 -4.7769618804e+00 -4.5057598476e+00 -2.7138110447e+00 -5.8470430621e+00 -2.5628807075e+00 -2.9976107130e+00 -4.0841075739e+00 -3.4998844482e+00 -2.0888692503e+00 -2.7073927399e-01 -1.9037010095e+00 -3.9057646751e-01 -2.8303099563e+00 -3.5608333181e+00 -1.3270753768e+00  1.2596303970e+00 -3.3903520473e+00 -1.5825223972e+00  1.1696457245e+00 -9.4306576686e-01 -2.2220312997e+00  1.7425270590e+00 -2.7839207687e+00  7.9445363460e-01  1.5808645292e+00 -3.3951328696e-01  1.7674866818e-01  3.1871753524e+00 -1.8581247896e+00 -1.0383357447e+00  3.3770109073e-01 -2.1560490076e+00 -1.7595980668e+00  7.8730295707e-01 -1.5766288454e+00  6.5537499200e-01  2.3778888106e+00 -3.0844601138e+00 -5.7187197474e-01  2.2560405190e+00 -6.3731310542e-01 -1.1754716355e+00 -1.3542648786e+00 -2.3972517434e+00  8.8907618931e-02 -2.2231576403e+00 -4.5984158833e+00 -1.1237455709e+00 -4.7351257414e+00 -2.3023514434e+00 -2.2597326856e+00 -2.4299316625e+00 -2.3347267064e+00 -9.1148364935e-01 -6.7077574880e+00 -4.3762477561e+00 -3.8795981959e+00 -4.4845963087e+00 -5.5466036570e+00 -2.7329599184e+00 -6.4750070155e+00 -1.7110148008e+00 -3.2185003437e+00  6.6173895507e-01 -4.2488717258e+00 -1.2613834253e+00  1.6852775418e+00 -3.6295237809e+00 -2.5651429643e+00  1.6292157494e+00 -1.1663141025e+00 -3.1925040909e+00  5.1826601204e-01 -7.2900128573e-02 -2.3652144693e+00  2.5158614905e+00 -2.5518019707e+00  1.5375289135e+00  1.1808782528e+00 -3.6506298388e+00  1.1590930521e+00  9.1559182944e-01  5.2791135887e-01  8.5002645512e-02  2.3335952972e+00 -8.8029079942e-02  9.3374228700e-01  3.6704562167e+00 -2.0680009551e+00 -2.0009711996e+00  3.9869291342e+00 -1.6432649595e+00 -3.1837042525e-01 -4.4561638211e-01 -2.3819840718e+00 -2.4868292820e+00  2.9076671376e-01 -1.3736484766e+00  1.6073481688e+00  3.0390504664e+00 -3.9549788974e+00 -4.8841740825e-01  2.8358710441e+00  2.3686025862e-01 -1.4939133981e+00
ENERGY -8.623629255275e+02

JOB 3
COORDS -5.7898570025e+00 -3.9863437150e+00 -3.3525543776e+00 -4.6704598144e+00 -4.5414706353e+00 -2.6575369955e+00 -5.7345196499e+00 -2.6341362892e+00 -3.1377605632e+00 -4.0182499277e+00 -3.4868345772e+00 -2.0703615861e+00 -2.7292954976e-01 -1.8675427496e+00 -3.2996416502e-01 -2.8074536469e+00 -3.4823293627e+00 -1.2393182381e+00  1.1654233249e+00 -3.3727795266e+00 -1.6134288104e+00  1.1167853502e+00 -9.0580196541e-01 -2.1785822283e+00  1.7307654300e+00 -2.8346256475e+00  7.6686690990e-01  1.6339389272e+00 -3.6968989431e-01  2.1728673951e-01  3.1480128643e+00 -1.9060858585e+00 -1.0880376950e+00  2.6860584365e-01 -2.1123920635e+00 -1.7222431129e+00  8.1422178004e-01 -1.5910364532e+00  6.9185332547e-01  2.3182001925e+00 -3.1199489170e+00 -6.2548957208e-01  2.2490471810e+00 -6.5634630284e-01 -1.1657627462e+00 -1.4129493957e+00 -2.1981521396e+00  1.5290275021e-01 -2.2064462752e+00 -4.4977598185e+00 -9.3296130099e-01 -4.6656683204e+00 -2.3109729469e+00 -2.3620001689e+00 -2.4401679693e+00 -2.2249256408e+00 -8.9242479591e-01 -6.5360941969e+00 -4.5142553924e+00 -3.9312576740e+00 -4.3717945904e+00 -5.5782081507e+00 -2.5856628060e+00 -6.3543371049e+00 -1.8062650038e+00 -3.4528266447e+00  5.5754941480e-01 -4.2259901758e+00 -1.2964850417e+00  1.5586192680e+00 -3.5968358007e+00 -2.6128907890e+00  1.5332568179e+00 -1.1128050107e+00 -3.1718543448e+00  4.8357841733e-01 -1.5637266698e-02 -2.2725890785e+00  2.5325310492e+00 -2.6490438388e+00  1.4924944751e+00  1.1520449221e+00 -3.6930729520e+00  1.1244367295e+00  9.9558338162e-01  5.2110924378e-01  1.7184283217e-01  2.4221037221e+00 -1.6391572342e-01  9.5169624152e-01  3.5943728548e+00 -2.1063348378e+00 -2.0703340715e+00  3.9760125788e+00 -1.7310474594e+00 -3.8949893769e-01 -5.4744875967e-01 -2.2917013506e+00 -2.4241556455e+00  3.5084138415e-01 -1.3975241095e+00  1.6625597732e+00  2.9572067456e+00 -4.0095153460e+00 -5.7928866087e-01  2.8427074338e+00  2.0754538098e-01 -1.4868294351e+00
ENERGY -8.623724869923e+02

JOB 4
COORDS -5.6960352282e+00 -4.0559415590e+00 -3.3509994260e+00 -4.5895850359e+00 -4.5506503936e+00 -2.5925286190e+00 -5.6685988685e+00 -2.6929857447e+00 -3.2118184045e+00 -3.9732106947e+00 -3.4529970994e+00 -2.0467683813e+00 -2.7619535322e-01 -1.8391037259e+00 -3.0719158932e-01 -2.7889305068e+00 -3.3815074296e+00 -1.1810255031e+00  1.1062946522e+00 -3.3538037863e+00 -1.6547461468e+00  1.0904670226e+00 -8.7141675871e-01 -2.1485775248e+00  1.7078799668e+00 -2.8788061987e+00  7.3389557677e-01  1.6710865453e+00 -3.9860197782e-01  2.4600821641e-01  3.1223489184e+00 -1.9388754239e+00 -1.1205972422e+00  2.2835302204e-01 -2.0777099530e+00 -1.7107843149e+00  8.2537690121e-01 -1.6078885893e+00  7.0470674997e-01  2.2735487215e+00 -3.1448303376e+00 -6.7255835591e-01  2.2494706514e+00 -6.6892021547e-01 -1.1556163624e+00 -1.4575946031e+00 -1.9827964654e+00  1.6612358415e-01 -2.1793229906e+00 -4.3679148099e+00 -8.0524728663e-01 -4.6294921539e+00 -2.3071921573e+00 -2.4245258830e+00 -2.4578736598e+00 -2.0988684118e+00 -8.9444467188e-01 -6.4157797878e+00 -4.6288069944e+00 -3.9204288172e+00 -4.2766617776e+00 -5.5761789779e+00 -2.4527502339e+00 -6.2916539735e+00 -1.8952761448e+00 -3.5916452856e+00  4.9037158385e-01 -4.2065065713e+00 -1.3522916108e+00  1.4860144438e+00 -3.5580941618e+00 -2.6635423867e+00  1.4798406669e+00 -1.0589607835e+00 -3.1566356567e+00  4.7134739600e-01  3.1823284109e-02 -2.2039069448e+00  2.5222942900e+00 -2.7338248221e+00  1.4544859982e+00  1.1116918755e+00 -3.7318139935e+00  1.0756374383e+00  1.0562283829e+00  5.0942884450e-01  2.3626688150e-01  2.4795029311e+00 -2.3390071559e-01  9.6875437284e-01  3.5488890634e+00 -2.1269354334e+00 -2.1140466790e+00  3.9647373641e+00 -1.7963423582e+00 -4.3192842191e-01 -6.0443191551e-01 -2.2185296943e+00 -2.4005245837e+00  3.7885706843e-01 -1.4255337957e+00  1.6855412717e+00  2.8951454042e+00 -4.0475501480e+00 -6.5150314948e-01  2.8551365802e+00  1.8824161578e-01 -1.4723501994e+00
ENERGY -8.623776731440e+02

JOB 5
COORDS -5.9348130281e+00 -3.8686694017e+00 -3.3794731747e+00 -5.6196738362e+00 -3.7891551507e+00 -1.9868967368e+00 -4.7771459841e+00 -3.5664587061e+00 -4.0465373723e+00 -4.2943680942e+00 -3.4449977219e+00 -1.9085709787e+00 -1.4013396316e-01 -2.3632228621e+00 -3.7894492600e-01 -3.4556702005e+00 -3.2281793137e+00 -7.1919688270e-01  1.5407553853e+00 -3.2207019482e+00 -1.9757718322e+00  8.9826137546e-01 -7.7726049724e-01 -1.9651221600e+00  2.0667456991e+00 -3.0926651003e+00  4.7677184811e-01  1.4244325506e+00 -6.5022468183e-01  4.8755985921e-01  3.1609400586e+00 -1.4921382075e+00 -1.1275281367e+00  3.7100167679e-01 -2.2229078940e+00 -1.7941593743e+00  9.0379571727e-01 -2.0937439973e+00  6.8077233293e-01  2.6451125927e+00 -2.9325582781e+00 -9.4157415297e-01  2.0036549518e+00 -4.9339956864e-01 -9.3081531977e-01 -1.3138239533e+00 -2.6730029278e+00  3.2634808088e-02 -3.8727028014e+00 -3.3389580769e+00  4.1318993320e-01 -3.7686323526e+00 -3.3058209705e+00 -3.1712689741e+00 -2.1849273508e+00 -2.8966578098e+00 -1.0930659241e+00 -6.8879205439e+00 -4.1156606179e+00 -3.8278616143e+00 -6.2704116852e+00 -3.9598131292e+00 -1.1403915421e+00 -4.5205876374e+00 -3.4979831357e+00 -5.0945461760e+00  1.1745324381e+00 -4.2483768143e+00 -1.8681382270e+00  1.9361555460e+00 -3.1223030182e+00 -2.9943192248e+00  1.2888638136e+00 -6.6005771893e-01 -2.9835271614e+00  7.4119102519e-02 -6.3588008728e-02 -1.8499253984e+00  2.8414705754e+00 -2.9021105671e+00  1.2296303614e+00  1.7085375750e+00 -4.1172646037e+00  6.3085176194e-01  6.0880904963e-01  6.4222936703e-02  6.4932027765e-01  2.1943257218e+00 -4.4111835495e-01  1.2404570735e+00  3.5926057780e+00 -1.3742122228e+00 -2.1295438795e+00  3.9620735017e+00 -1.2846290215e+00 -4.0700071436e-01 -4.2356946460e-01 -2.4287491796e+00 -2.5111312303e+00  4.5310890575e-01 -2.2166238014e+00  1.6689871632e+00  3.4694218823e+00 -3.6414505288e+00 -1.0826751475e+00  2.3722974532e+00  5.3043148174e-01 -1.0641958978e+00
ENERGY -8.623793674258e+02

JOB 6
COORDS -5.8191380537e+00 -3.5899779258e+00 -3.3442771939e+00 -5.0976595893e+00 -2.6212676882e+00 -2.5792256914e+00 -5.1235986401e+00 -4.7639390857e+00 -3.2186329215e+00 -4.0185217075e+00 -3.2778181059e+00 -2.0434948045e+00  3.3308399907e-04 -2.8837392897e+00 -3.1148623764e-01 -2.9495292121e+00 -2.7649385149e+00 -1.1766783937e+00  1.6617169104e+00 -3.0444314271e+00 -2.1578209920e+00  4.6070730973e-01 -8.7608250447e-01 -1.6455156384e+00  2.4048797009e+00 -3.1893744459e+00  2.3402088846e-01  1.2233069509e+00 -1.0125912058e+00  7.4025630832e-01  2.9126106600e+00 -1.1258773491e+00 -1.1189104731e+00  3.2023731332e-01 -2.4182580928e+00 -1.7123478659e+00  1.0762479910e+00 -2.5525759619e+00  7.0031797765e-01  2.7735892718e+00 -2.6603156976e+00 -1.1646205562e+00  1.5829769923e+00 -4.9344318676e-01 -6.6329166403e-01 -1.0989266367e+00 -3.3406370094e+00  1.6096869999e-01 -2.9037215328e+00 -1.6101252920e+00 -7.8908174061e-01 -4.0267592900e+00 -4.5947539020e+00 -2.4333084728e+00 -2.0298042639e+00 -3.7214451520e+00 -9.0082385560e-01 -6.7296135986e+00 -3.4407442405e+00 -3.9092607113e+00 -5.3301658937e+00 -1.5760327533e+00 -2.4289201131e+00 -5.2740919682e+00 -5.7614790707e+00 -3.6073302479e+00  1.5642913619e+00 -4.1347373258e+00 -2.2206968725e+00  1.9070407303e+00 -2.6829398024e+00 -3.1638421510e+00  6.8933127494e-01 -5.0468230129e-01 -2.6522128950e+00 -4.9323658418e-01 -4.3661388025e-01 -1.3377073373e+00  3.1920606518e+00 -2.9422115975e+00  9.5671624807e-01  2.3134970577e+00 -4.2820738393e+00  2.1663112972e-01  2.8651337813e-01 -5.6335351923e-01  1.0873305030e+00  2.0059627573e+00 -7.4521501200e-01  1.4610301927e+00  3.1901099785e+00 -7.4582626696e-01 -2.1102722901e+00  3.7183560571e+00 -8.4245602787e-01 -4.2996865868e-01 -4.7630984180e-01 -2.6984093246e+00 -2.4023794158e+00  7.7864102271e-01 -2.9374544602e+00  1.6790593223e+00  3.7207623872e+00 -3.1086873274e+00 -1.4866720235e+00  1.6827706238e+00  5.9784269504e-01 -6.3473720341e-01
ENERGY -8.623776728059e+02

JOB 7
COORDS -5.8636497203e+00 -3.6966046042e+00 -3.3464510214e+00 -5.1577749028e+00 -2.6679372501e+00 -2.6480315347e+00 -5.1546632327e+00 -4.8506605540e+00 -3.1387862709e+00 -4.0721232578e+00 -3.2723430559e+00 -2.0661901658e+00 -1.0350258425e-02 -2.8580026618e+00 -3.3265596562e-01 -3.0118843293e+00 -2.6883435288e+00 -1.2347081959e+00  1.6654125470e+00 -3.0005440336e+00 -2.1879161936e+00  5.0128148849e-01 -8.3054875948e-01 -1.6020800755e+00  2.3871552914e+00 -3.2331867994e+00  2.0417217086e-01  1.2654186664e+00 -1.0413581234e+00  7.7416596816e-01  2.9498604575e+00 -1.1420510813e+00 -1.0870123123e+00  3.3646754088e-01 -2.3676716967e+00 -1.7221796150e+00  1.0756546103e+00 -2.5739553116e+00  6.8808083409e-01  2.7780696378e+00 -2.6713598569e+00 -1.1760415497e+00  1.6333297201e+00 -4.9391356809e-01 -6.1514363649e-01 -1.1643681499e+00 -3.1339008371e+00  1.5146942510e-01 -2.9849949234e+00 -1.5104299456e+00 -9.2174483976e-01 -4.0628511036e+00 -4.6132624704e+00 -2.3640197702e+00 -2.0749155106e+00 -3.6067409168e+00 -8.9509691911e-01 -6.7737915065e+00 -3.5980751094e+00 -3.9229736384e+00 -5.4039821554e+00 -1.6178851050e+00 -2.5707349593e+00 -5.2915143798e+00 -5.8743606755e+00 -3.4583542302e+00  1.5490903128e+00 -4.0859952522e+00 -2.2902110072e+00  1.9240494184e+00 -2.6083459691e+00 -3.1789694993e+00  7.3136287641e-01 -4.3527968861e-01 -2.5993595253e+00 -4.4557496779e-01 -3.8679355324e-01 -1.2789410016e+00  3.1774817586e+00 -3.0314680858e+00  9.3740055313e-01  2.2675973226e+00 -4.3222053743e+00  1.5108446485e-01  3.4126363313e-01 -5.7967258386e-01  1.1381531020e+00  2.0573905990e+00 -8.1583376790e-01  1.4992300989e+00  3.2377441754e+00 -7.4126636645e-01 -2.0671817493e+00  3.7597072583e+00 -8.9449270599e-01 -3.8913731339e-01 -4.6534846044e-01 -2.6057695363e+00 -2.4230408709e+00  7.6941675526e-01 -2.9767814324e+00  1.6567925821e+00  3.7176688436e+00 -3.1311206685e+00 -1.5040449809e+00  1.7549317656e+00  5.9422422969e-01 -5.6065577716e-01
ENERGY -8.623724926532e+02

JOB 8
COORDS -5.9390983770e+00 -3.8467965774e+00 -3.3009265032e+00 -5.2353346579e+00 -2.7550397184e+00 -2.7034218796e+00 -5.2146045149e+00 -4.9709647434e+00 -3.0025993760e+00 -4.1360942643e+00 -3.2953807441e+00 -2.0853059571e+00 -2.5557386762e-02 -2.8260657165e+00 -3.9440277520e-01 -3.0714534491e+00 -2.6321510871e+00 -1.3219346800e+00  1.6964942567e+00 -2.9431848684e+00 -2.2309038639e+00  5.7512547382e-01 -7.7140049226e-01 -1.5735134954e+00  2.3568351173e+00 -3.2838560958e+00  1.6395763741e-01  1.2993218210e+00 -1.0792224921e+00  7.9961059147e-01  3.0079236195e+00 -1.1638776772e+00 -1.0379684647e+00  3.7737474640e-01 -2.2980458680e+00 -1.7607679050e+00  1.0593577986e+00 -2.5989263050e+00  6.5052013522e-01  2.7956167601e+00 -2.6835604407e+00 -1.1851733723e+00  1.7020110063e+00 -4.9599565697e-01 -5.6367645736e-01 -1.2106569568e+00 -2.9312532535e+00  8.7304211318e-02 -3.0513335750e+00 -1.4316124466e+00 -1.1100853484e+00 -4.1159897291e+00 -4.6570759390e+00 -2.2655410938e+00 -2.1198117830e+00 -3.5067526299e+00 -9.1477554035e-01 -6.8570510449e+00 -3.8076572903e+00 -3.8721534515e+00 -5.4916709705e+00 -1.7046295553e+00 -2.7146099409e+00 -5.3440946476e+00 -6.0198567932e+00 -3.2303444917e+00  1.5558014811e+00 -4.0200257267e+00 -2.3812504195e+00  1.9849427663e+00 -2.5163236913e+00 -3.1991214485e+00  8.2613460375e-01 -3.4722464199e-01 -2.5538172363e+00 -3.6642665953e-01 -3.1922580528e-01 -1.2469113042e+00  3.1379341691e+00 -3.1387630442e+00  9.2007983524e-01  2.2027652443e+00 -4.3654769065e+00  6.5024398863e-02  3.8545958399e-01 -6.0235641067e-01  1.1698155715e+00  2.0888336160e+00 -9.0703803700e-01  1.5419776129e+00  3.3236131095e+00 -7.3709388178e-01 -1.9984221632e+00  3.8119055601e+00 -9.6349943790e-01 -3.1853582724e-01 -4.1771829573e-01 -2.4806365294e+00 -2.4873875273e+00  7.2873183164e-01 -3.0261598556e+00  1.6003413597e+00  3.7291131621e+00 -3.1583171635e+00 -1.5091780457e+00  1.8509179512e+00  5.8637079099e-01 -4.7307369833e-01
ENERGY -8.623629255092e+02

JOB 9
COORDS -6.0488755874e+00 -3.9440619725e+00 -3.2284800311e+00 -5.3218795815e+00 -2.8067728266e+00 -2.7571142998e+00 -5.3256749875e+00 -5.0415176297e+00 -2.8408639377e+00 -4.2115285699e+00 -3.2962168287e+00 -2.1168266387e+00 -3.8786536612e-02 -2.7972249792e+00 -5.0360029089e-01 -3.1226918422e+00 -2.5738422396e+00 -1.4474854655e+00  1.7764847329e+00 -2.8630083696e+00 -2.2692630070e+00  6.6613743543e-01 -7.0426057297e-01 -1.5535809813e+00  2.3141026793e+00 -3.3263014773e+00  1.3490579973e-01  1.2828303927e+00 -1.1275971785e+00  8.2876661559e-01  3.0663408670e+00 -1.1700063660e+00 -9.3686658379e-01  4.5064079607e-01 -2.2157465239e+00 -1.8267909605e+00  1.0127939620e+00 -2.6309125756e+00  5.9610383584e-01  2.8298659233e+00 -2.6763864326e+00 -1.1626588690e+00  1.7546206560e+00 -4.9528859161e-01 -4.8864118840e-01 -1.2403050783e+00 -2.7449453698e+00 -4.1963181360e-02 -3.0877348593e+00 -1.3585556528e+00 -1.3516543382e+00 -4.2061198778e+00 -4.6691703153e+00 -2.1651635596e+00 -2.1674742349e+00 -3.4117600898e+00 -9.7664985934e-01 -6.9807304553e+00 -3.9510195092e+00 -3.7780807428e+00 -5.5702440777e+00 -1.7597913458e+00 -2.8636686457e+00 -5.4689080572e+00 -6.1061093023e+00 -2.9630602032e+00  1.6240093059e+00 -3.9278676758e+00 -2.4802743558e+00  2.1180670543e+00 -2.3941945427e+00 -3.2000803194e+00  9.6518092271e-01 -2.4316782686e-01 -2.5034132423e+00 -2.8094005078e-01 -2.5065238546e-01 -1.2465591553e+00  3.0626150549e+00 -3.2383505216e+00  9.3176236617e-01  2.1393260586e+00 -4.3978635326e+00 -2.3163601448e-02  3.6507258379e-01 -6.4669871481e-01  1.1835336687e+00  2.0447597377e+00 -1.0093954463e+00  1.6097118342e+00  3.4327476863e+00 -7.0777236219e-01 -1.8622976477e+00  3.8414435693e+00 -1.0197596464e+00 -1.7482729325e-01 -3.1369204176e-01 -2.3395812013e+00 -2.5992626444e+00  6.3396290716e-01 -3.0930246215e+00  1.5104098451e+00  3.7676355710e+00 -3.1575535469e+00 -1.4640663560e+00  1.9201409644e+00  5.7911881716e-01 -3.4617521828e-01
ENERGY -8.623482293924e+02

JOB 10
COORDS -6.2172909307e+00 -4.1054677285e+00 -3.0373684553e+00 -5.5237424375e+00 -2.9131000293e+00 -2.6611129188e+00 -5.3952510178e+00 -5.1454956009e+00 -2.6908120461e+00 -4.3321248716e+00 -3.3155111618e+00 -2.1129777779e+00 -3.7850451197e-02 -2.7167329400e+00 -7.0215068425e-01 -3.2347354697e+00 -2.5098992618e+00 -1.5635854074e+00  1.9494377943e+00 -2.7737547950e+00 -2.2982980801e+00  8.6942143468e-01 -6.0569706381e-01 -1.5686378139e+00  2.2402990113e+00 -3.3724307180e+00  1.1155067388e-01  1.2522741413e+00 -1.1618538633e+00  8.2826626146e-01  3.1845595518e+00 -1.2075535969e+00 -7.7347960709e-01  6.1775522094e-01 -2.0903112172e+00 -1.9403050499e+00  9.3598183214e-01 -2.6342308998e+00  4.8940080400e-01  2.9051398929e+00 -2.6887943820e+00 -1.0961386673e+00  1.8680962495e+00 -4.9315250201e-01 -4.0765642143e-01 -1.2530725992e+00 -2.5306135668e+00 -2.9582134127e-01 -3.2659611189e+00 -1.2933525139e+00 -1.4967276475e+00 -4.2454726651e+00 -4.6865865079e+00 -2.1283630462e+00 -2.1926114834e+00 -3.2766678804e+00 -1.1557957748e+00 -7.1920045328e+00 -4.1847135177e+00 -3.5001155799e+00 -5.8455798388e+00 -1.8865802387e+00 -2.7699318971e+00 -5.4817984010e+00 -6.2199123885e+00 -2.7742514813e+00  1.7732985710e+00 -3.8184215212e+00 -2.5791021444e+00  2.3907545944e+00 -2.2742182955e+00 -3.1693467383e+00  1.2688133266e+00 -1.1856590705e-01 -2.4674045882e+00 -8.0229893458e-02 -1.2237418673e-01 -1.3208434172e+00  2.9124576269e+00 -3.3622842493e+00  9.7834794576e-01  2.0318172891e+00 -4.4248770453e+00 -1.1846188604e-01  3.2830736493e-01 -6.5505120858e-01  1.1262589956e+00  1.9448589336e+00 -1.1203150549e+00  1.6786670088e+00  3.6528304581e+00 -7.1996968612e-01 -1.6380039964e+00  3.8930642253e+00 -1.1302125371e+00  6.0766308613e-02 -7.0614399281e-02 -2.1328431348e+00 -2.7910115880e+00  4.6165045044e-01 -3.1206310680e+00  1.3442657969e+00  3.8448909052e+00 -3.1996416048e+00 -1.3362867461e+00  2.0653620599e+00  5.6530992468e-01 -2.0036223153e-01
ENERGY -8.623288134827e+02

