JOB 0
COORDS  1.8601926419e-01  4.9047012203e-02 -9.1338032183e-01 -1.8682263318e+00 -1.6153133965e+00  2.0092043346e+00  7.0771238787e-01  1.0465387955e+00 -3.1188991043e+00 -7.7795193635e-01 -7.6476769378e-01  1.3498783477e+00 -9.5965640430e-01 -6.6018836462e-01 -1.6153339015e-01 -1.7318424941e-01  3.9312138114e-01 -2.1636553304e+00 -2.2305040926e+00 -9.1269213567e-02 -5.3172776086e-01  1.7191767895e+00  2.6838011999e-01 -3.0308904704e-01 -1.7162878664e+00 -1.6627105601e+00  3.0921376690e+00 -2.8672749288e+00 -1.2098196019e+00  1.8232198631e+00 -1.8514985461e+00 -2.6418585646e+00  1.6251731272e+00  1.5867270368e+00  4.2427346931e-01 -3.3101749321e+00  1.5655165095e-01  1.2013156327e+00 -4.0487839587e+00  1.0586992297e+00  2.0090262648e+00 -2.7314835526e+00 -7.6170142677e-01  2.4590430793e-01  1.7799488133e+00  2.1064413198e-01 -1.1846236630e+00  1.5461950829e+00 -9.9834029978e-01 -1.6761998352e+00 -5.7372655305e-01 -1.1612267200e+00  3.0265282654e-01 -2.3808172097e+00 -2.3223198319e+00  7.5003668200e-01 -5.3488262432e-02
ENERGY -7.253649818910e+02

JOB 1
COORDS  2.0902475649e-01 -5.0440279053e-02 -9.5319516883e-01 -1.8567009571e+00 -1.5656088198e+00  2.0345365922e+00  7.0650869412e-01  1.1120289195e+00 -3.0789525002e+00 -8.0376942437e-01 -7.0522085074e-01  1.3293759644e+00 -9.4327322980e-01 -7.3675956151e-01 -1.9173180510e-01 -1.8594438797e-01  4.7490010051e-01 -2.1239149014e+00 -2.2228589764e+00 -2.4069802659e-01 -6.3147507099e-01  1.7923031490e+00 -6.4865323940e-02 -4.3310498480e-01 -1.7349397300e+00 -1.5087224611e+00  3.1207877898e+00 -2.8751918039e+00 -1.2479798004e+00  1.7904495021e+00 -1.7601145679e+00 -2.6174928407e+00  1.7426207769e+00  1.4778386478e+00  4.0906664433e-01 -3.4085087168e+00  1.1731745636e-01  1.4433010679e+00 -3.9365608844e+00  1.2109466617e+00  1.9696670699e+00 -2.6226544013e+00 -8.6662920193e-01  3.3922120045e-01  1.6677588022e+00  2.0329246714e-01 -1.0403778104e+00  1.5840655996e+00 -9.3124571867e-01 -1.7822176200e+00 -5.2214286889e-01 -1.1833221099e+00  4.3323909023e-01 -2.3126484471e+00 -2.4158838679e+00  5.6250490022e-01 -1.1970746271e-01
ENERGY -7.253664458226e+02

JOB 2
COORDS  2.2261342640e-01 -1.6656722749e-01 -1.0068760963e+00 -1.8483243053e+00 -1.4853072632e+00  2.0589135601e+00  7.0401158135e-01  1.1856015170e+00 -3.0180631556e+00 -8.1457567926e-01 -6.5916426098e-01  1.2870268854e+00 -9.2790923036e-01 -8.3298531191e-01 -2.2951917486e-01 -1.8894985161e-01  5.3091294470e-01 -2.0752876754e+00 -2.2124549558e+00 -4.0385358617e-01 -7.2193171078e-01  1.8226734819e+00 -3.7338693599e-01 -5.8566195021e-01 -1.7380319009e+00 -1.3285246712e+00  3.1364889867e+00 -2.8752267946e+00 -1.2236167888e+00  1.7840601609e+00 -1.7171133078e+00 -2.5548461291e+00  1.8609562638e+00  1.3712687785e+00  4.5508158366e-01 -3.4868822830e+00  1.0042223361e-01  1.6799808899e+00 -3.7820247522e+00  1.3268201190e+00  1.9234669700e+00 -2.5037271052e+00 -9.1652549641e-01  4.1032292132e-01  1.5241779626e+00  1.9859760798e-01 -9.3882848520e-01  1.5816840770e+00 -8.7393282844e-01 -1.9001592878e+00 -4.7034015578e-01 -1.1909327792e+00  5.2307585582e-01 -2.2444117446e+00 -2.5050722425e+00  3.4234286421e-01 -1.7358427748e-01
ENERGY -7.253672448504e+02

JOB 3
COORDS  2.2427350230e-01 -2.8527484399e-01 -1.0899023413e+00 -1.8462172227e+00 -1.2800872105e+00  2.0760609986e+00  7.2790145833e-01  1.2885518274e+00 -2.9218412299e+00 -7.6722238332e-01 -6.0309133534e-01  1.2238274829e+00 -9.1057776186e-01 -9.0634312563e-01 -2.7489952004e-01 -1.7525068291e-01  5.9147859777e-01 -2.0198798891e+00 -2.1613770950e+00 -4.2871477736e-01 -8.0340790737e-01  1.8142066278e+00 -7.1319358654e-01 -8.2037850032e-01 -1.6644457162e+00 -1.0998641562e+00  3.1398999785e+00 -2.8522342359e+00 -8.9641951751e-01  1.8633712595e+00 -1.8544265322e+00 -2.3654434103e+00  1.9207860938e+00  1.3070046333e+00  5.7172470660e-01 -3.5122801869e+00  1.3481693747e-01  1.9214674671e+00 -3.5850833654e+00  1.4350001191e+00  1.9041487760e+00 -2.3573159703e+00 -7.9754397096e-01  4.8404386478e-01  1.3621531893e+00  2.2383814512e-01 -9.4192210810e-01  1.5335593150e+00 -8.4327849247e-01 -1.9916509390e+00 -4.2831915508e-01 -1.1763548782e+00  7.4243887651e-01 -2.0944864267e+00 -2.8807545951e+00 -8.0830350688e-01 -2.7686601055e-01
ENERGY -7.253675774106e+02

JOB 4
COORDS  2.2361714296e-01 -3.9780406474e-01 -1.1472132938e+00 -1.8401788795e+00 -1.2016791522e+00  2.0649901246e+00  7.1999364051e-01  1.3381908388e+00 -2.8285017591e+00 -7.8580189285e-01 -5.6033949387e-01  1.1553857992e+00 -8.9506025274e-01 -1.0134848461e+00 -3.0992777416e-01 -1.7064729114e-01  6.0576902344e-01 -1.9421187761e+00 -2.1551072693e+00 -6.3245327672e-01 -8.9456656836e-01  1.7954921817e+00 -9.3300856713e-01 -1.0014705682e+00 -1.6759377561e+00 -9.1046001049e-01  3.1068544227e+00 -2.8621798893e+00 -8.8917536816e-01  1.8141897476e+00 -1.7970240229e+00 -2.2956180081e+00  2.0140167806e+00  1.1997421594e+00  6.5833731976e-01 -3.5401160616e+00  1.3489862485e-01  2.0858275276e+00 -3.3678665151e+00  1.5093320936e+00  1.8309455173e+00 -2.2532928152e+00 -8.6581653113e-01  5.3272245391e-01  1.1885243705e+00  2.1555273281e-01 -8.2389627877e-01  1.5048872967e+00 -7.7859339187e-01 -2.1020679060e+00 -3.6547141752e-01 -1.1711559308e+00  7.7583802214e-01 -1.9802104280e+00 -2.8637676114e+00 -8.8409813180e-01 -2.8309475003e-01
ENERGY -7.253676868232e+02

JOB 5
COORDS  3.5904093222e-01 -1.4897659326e-01 -8.9080723973e-01  5.2161757082e-01 -1.3590317845e+00  2.0286317377e+00  1.0001681893e+00  2.0216188662e+00 -1.8906977970e+00 -6.8936884032e-01 -6.9226728326e-01  1.3713662372e+00 -7.8442623542e-01 -8.5413369517e-01 -1.5369430406e-01  7.7631329988e-02  1.1243078055e+00 -1.2132214679e+00 -2.0640966421e+00 -3.0698914751e-01 -5.3186623711e-01  1.8007944384e+00 -9.1053149894e-01 -1.2272272932e+00  4.4818666139e-01 -1.2672410658e+00  3.1173588771e+00  5.7138955600e-01 -2.4243943211e+00  1.7811912221e+00  1.4620814869e+00 -9.0569023235e-01  1.7085799804e+00  1.2942266067e+00  1.6089486285e+00 -2.8612896508e+00  5.0690573465e-01  2.9853351290e+00 -2.0329508687e+00  1.9092101765e+00  2.1565938317e+00 -1.2969153983e+00 -1.6147708190e+00 -1.1180183683e+00  1.7738418824e+00 -7.0853550252e-01  3.7900541934e-01  1.6057963407e+00 -7.3159487533e-01 -1.9171619026e+00 -4.0997129170e-01 -8.6656433368e-01  1.4361688262e+00 -1.0048343135e+00 -2.2685509431e+00 -6.1886784749e-01 -1.4282436605e+00
ENERGY -7.253669081350e+02

JOB 6
COORDS  3.0297164098e-01 -2.4342735583e-01 -9.5449421365e-01  5.5231718878e-01 -1.1674143050e+00  1.9710850686e+00  1.0606315267e+00  1.9754644824e+00 -1.7468228779e+00 -7.4752192302e-01 -6.8639954265e-01  1.3206657949e+00 -8.3079507914e-01 -9.3360820271e-01 -1.9092077982e-01  1.3292563126e-01  1.0859895617e+00 -1.0648731851e+00 -2.1113120385e+00 -4.1220713743e-01 -6.0183147450e-01  1.6274477389e+00 -1.0765103517e+00 -1.5186775429e+00  5.0623269776e-01 -1.0222927585e+00  3.0551441883e+00  7.2402413225e-01 -2.2313351423e+00  1.7783661699e+00  1.4210631809e+00 -6.2316213638e-01  1.5913554214e+00  1.1938411782e+00  1.6719041005e+00 -2.7908251738e+00  6.6324460168e-01  2.9916178667e+00 -1.7049337062e+00  2.0408290967e+00  1.9438987036e+00 -1.2627491238e+00 -1.6072202704e+00 -1.1983425405e+00  1.7660204879e+00 -8.8987898240e-01  3.8530664138e-01  1.5030551754e+00 -7.6367057201e-01 -2.0056044958e+00 -3.9887707184e-01 -7.7894557117e-01  1.4404595728e+00 -7.9226298344e-01 -2.2728396862e+00 -7.0566219431e-01 -1.5133774187e+00
ENERGY -7.253667694610e+02

JOB 7
COORDS  2.5947071811e-01 -2.8994279122e-01 -1.0110218796e+00  5.4502168139e-01 -1.0252156691e+00  1.9427405940e+00  1.1048118566e+00  1.9456764059e+00 -1.6538713745e+00 -7.9199939093e-01 -6.6870966995e-01  1.2862409853e+00 -8.4099665661e-01 -9.9349996506e-01 -2.0886141357e-01  2.0666047089e-01  1.0531767506e+00 -9.3537263454e-01 -2.1350491000e+00 -5.5629248760e-01 -6.6767636954e-01  1.4242254110e+00 -1.1379369132e+00 -1.8410745338e+00  5.0700466392e-01 -8.3137887554e-01  3.0191878094e+00  7.8847373376e-01 -2.0829956522e+00  1.7986935138e+00  1.3674090631e+00 -4.3907152102e-01  1.5215532953e+00  1.0271665573e+00  1.7940965874e+00 -2.7363087243e+00  8.4324915908e-01  2.9762356640e+00 -1.4050392353e+00  2.1397158633e+00  1.7488423045e+00 -1.3621723108e+00 -1.6107010574e+00 -1.2222787970e+00  1.7580617139e+00 -1.0141662213e+00  3.9528452803e-01  1.4287589445e+00 -7.1746593375e-01 -2.0692824979e+00 -3.6365274664e-01 -6.4024775008e-01  1.4470831446e+00 -5.3899076962e-01 -2.2392385771e+00 -8.5511577903e-01 -1.5861481092e+00
ENERGY -7.253652289347e+02

JOB 8
COORDS  2.1833648863e-01 -2.9482653511e-01 -1.0685263074e+00  5.0301132188e-01 -9.2186462151e-01  1.9564176650e+00  1.1516379544e+00  1.9301245828e+00 -1.6165960488e+00 -8.3590326775e-01 -6.5107115150e-01  1.2626956257e+00 -8.2909489014e-01 -1.0278526352e+00 -2.1828305864e-01  3.0629708399e-01  1.0284942121e+00 -8.4649901161e-01 -2.1376188231e+00 -7.2222007485e-01 -7.2853080772e-01  1.1331060253e+00 -1.1095498101e+00 -2.1959257686e+00  4.4427442966e-01 -6.7584093803e-01  3.0210990035e+00  7.8366735692e-01 -1.9770088597e+00  1.8716642122e+00  1.3114795161e+00 -3.2933090113e-01  1.5167643609e+00  8.8170239171e-01  1.9061839150e+00 -2.6778024212e+00  1.0275241872e+00  2.9419468936e+00 -1.2252405039e+00  2.1990555416e+00  1.6282793144e+00 -1.5305686683e+00 -1.6340778789e+00 -1.2354841925e+00  1.7322127390e+00 -1.1286295603e+00  3.9971068759e-01  1.3821743897e+00 -6.1814045780e-01 -2.0969023520e+00 -3.2023265919e-01 -3.7938828975e-01  1.4405892809e+00 -2.2496074396e-01 -2.1738946382e+00 -1.0447020486e+00 -1.6448152418e+00
ENERGY -7.253635091296e+02

JOB 9
COORDS  1.7102199971e-01 -2.7934184366e-01 -1.1274666549e+00  4.5530243036e-01 -8.4289264909e-01  1.9874377845e+00  1.1863301809e+00  1.9269419473e+00 -1.5951770329e+00 -8.6592425370e-01 -6.3449218357e-01  1.2386413902e+00 -8.0263095421e-01 -1.0574477496e+00 -2.2755678498e-01  3.9472583257e-01  1.0020877230e+00 -7.9515342982e-01 -2.1231016551e+00 -9.0638419268e-01 -7.6603496948e-01  8.1782354026e-01 -1.0118749958e+00 -2.4786026356e+00  3.5054873075e-01 -5.6995853295e-01  3.0419783788e+00  7.6674217651e-01 -1.8919652373e+00  1.9445287415e+00  1.2662484568e+00 -2.4238261436e-01  1.5631732450e+00  7.3699619071e-01  2.0668401928e+00 -2.5838940653e+00  1.2362834272e+00  2.8839423500e+00 -1.0717338955e+00  2.1954293105e+00  1.5309790775e+00 -1.7378072951e+00 -1.6572825156e+00 -1.2353756297e+00  1.6983834400e+00 -1.2097863554e+00  4.0504505748e-01  1.3235996718e+00 -4.8978172550e-01 -2.1061348851e+00 -2.8023982347e-01 -1.1373403059e-01  1.3790879908e+00 -5.0848041317e-03 -2.0918662948e+00 -1.2279990590e+00 -1.6839445058e+00
ENERGY -7.253626670360e+02

JOB 10
COORDS  2.4882145733e-01 -3.2329227797e-01 -8.7950406201e-01 -1.8960310394e+00 -1.5024807970e+00  2.2180493686e+00  2.1103831559e+00  1.3016012487e+00 -9.5047323526e-01 -7.9953990405e-01 -7.3156421972e-01  1.4734967503e+00 -8.8592123660e-01 -9.3310363539e-01 -3.8714320731e-02  1.0370098298e+00  5.8022849885e-01 -2.7835461968e-01 -2.1269262142e+00 -3.7539851707e-01 -4.7691911668e-01  3.9353540571e-01 -7.5277362426e-01 -2.4866384684e+00 -1.8184970133e+00 -1.3422694410e+00  3.2981633989e+00 -2.8857355721e+00 -1.1775387518e+00  1.8891972446e+00 -1.8122115007e+00 -2.5786929693e+00  2.0308274880e+00  1.7120326957e+00  1.8931328006e+00 -1.7804461892e+00  2.5942755569e+00  1.9585054459e+00 -2.2487255420e-01  2.8420246405e+00  5.9855306444e-01 -1.3589438984e+00 -8.9729497358e-01  3.3756157543e-01  1.7058804669e+00  1.8611187232e-01 -1.0655114722e+00  1.8205758960e+00 -8.6418885925e-01 -2.0102151904e+00 -2.5019661020e-01  8.4861637639e-01  8.0761768424e-01  6.8956262853e-01 -2.1654398299e+00 -5.1311897419e-01 -1.4406740422e+00
ENERGY -7.253627663291e+02

JOB 11
COORDS  1.9584736652e-01 -2.5244850919e-01 -8.9838813248e-01 -1.8996387297e+00 -1.4739646190e+00  2.2231097590e+00  2.1411239502e+00  1.2717928388e+00 -9.3250395777e-01 -8.3856791542e-01 -6.7027548754e-01  1.4618758325e+00 -8.8015375619e-01 -9.4718479941e-01 -4.1330667289e-02  1.0767060413e+00  5.3390589713e-01 -2.6301212346e-01 -2.1718378564e+00 -5.7543937297e-01 -5.1309070656e-01  1.9896251640e-01 -4.8867128184e-01 -2.5522812192e+00 -1.8511556038e+00 -1.2607483632e+00  3.2957766406e+00 -2.9006450367e+00 -1.2265789504e+00  1.8636142239e+00 -1.7465274679e+00 -2.5501852265e+00  2.0861326058e+00  1.7203305006e+00  1.9773102362e+00 -1.6553494492e+00  2.7161301338e+00  1.8118665348e+00 -1.7766535833e-01  2.7958852565e+00  5.8389422813e-01 -1.4749561943e+00 -1.0004111971e+00  4.0128858058e-01  1.6377526912e+00  1.5437712604e-01 -9.3503225369e-01  1.8480015366e+00 -7.2136727493e-01 -2.0248735927e+00 -1.9827469151e-01  9.7289913224e-01  6.5768716619e-01  7.3570786358e-01 -2.1409323381e+00 -6.6110257769e-01 -1.4851025281e+00
ENERGY -7.253631447098e+02

JOB 12
COORDS  1.4528246805e-01 -1.8013372187e-01 -9.0370006868e-01 -1.9112051263e+00 -1.4516695420e+00  2.2244945439e+00  2.1683764508e+00  1.2401264481e+00 -9.2774787484e-01 -8.8365323450e-01 -6.1428532765e-01  1.4538440984e+00 -8.6653577447e-01 -9.5947111857e-01 -3.8195944903e-02  1.1149387459e+00  4.8556584219e-01 -2.5904847859e-01 -2.1820957949e+00 -7.8666681394e-01 -5.3949513985e-01  1.1764900059e-02 -2.1519712619e-01 -2.5687305666e+00 -1.8982253082e+00 -1.1947110924e+00  3.2886160002e+00 -2.9166944079e+00 -1.2792737969e+00  1.8356860502e+00 -1.6918605584e+00 -2.5212464059e+00  2.1323464618e+00  1.7367868719e+00  2.0394685079e+00 -1.5376972834e+00  2.8244881428e+00  1.6672227174e+00 -1.6673165678e-01  2.7440794966e+00  5.8526561731e-01 -1.5879528822e+00 -1.1105772815e+00  4.5230606659e-01  1.5742524860e+00  1.0924288415e-01 -8.0355965362e-01  1.8832710826e+00 -5.6480733360e-01 -2.0158883886e+00 -1.4038842755e-01  1.0939338158e+00  5.0023761520e-01  7.5202614191e-01 -2.1022141088e+00 -7.7684937945e-01 -1.5148324167e+00
ENERGY -7.253636617138e+02

JOB 13
COORDS  1.0250689795e-01 -1.1603732388e-01 -8.9499428048e-01 -1.9224530179e+00 -1.4384799252e+00  2.2253689094e+00  2.1940125911e+00  1.2041271086e+00 -9.3304178590e-01 -9.4196083936e-01 -5.5606314500e-01  1.4446188232e+00 -8.4776090883e-01 -9.7067203650e-01 -3.0406094998e-02  1.1562463961e+00  4.2712579053e-01 -2.6555212337e-01 -2.1556506391e+00 -9.8778383169e-01 -5.6582212844e-01 -1.6643167904e-01  5.8929391567e-02 -2.5337293953e+00 -1.9675733935e+00 -1.1288649435e+00  3.2745336712e+00 -2.9244072328e+00 -1.3706860369e+00  1.7973058208e+00 -1.6129465487e+00 -2.4892961505e+00  2.1955025267e+00  1.7623531658e+00  2.0906809268e+00 -1.4072982193e+00  2.9326900788e+00  1.5062304744e+00 -1.8795812097e-01  2.6767239772e+00  6.0580742583e-01 -1.7110657205e+00 -1.2540387353e+00  4.9340439753e-01  1.4993623511e+00  4.4544367741e-02 -6.3917652418e-01  1.9200923518e+00 -4.1746301886e-01 -1.9878222898e+00 -7.2387805236e-02  1.2228003043e+00  3.1668933225e-01  7.3744580423e-01 -2.0601669181e+00 -8.4687219251e-01 -1.5319584589e+00
ENERGY -7.253643165143e+02

JOB 14
COORDS  7.3751340771e-02 -7.0528200861e-02 -8.7547074987e-01 -1.9221962062e+00 -1.4293206728e+00  2.2301194639e+00  2.2175845874e+00  1.1654555057e+00 -9.3668579897e-01 -1.0187310966e+00 -4.9191082926e-01  1.4226156933e+00 -8.2749253212e-01 -9.8513605852e-01 -2.2496132906e-02  1.2038461197e+00  3.4741124990e-01 -2.8167369372e-01 -2.0975869501e+00 -1.1715875040e+00 -6.0606224203e-01 -3.3094092990e-01  3.3403714372e-01 -2.4425394553e+00 -2.0547595329e+00 -1.0533763213e+00  3.2498501330e+00 -2.9037387015e+00 -1.5151817557e+00  1.7595799665e+00 -1.4891043672e+00 -2.4342658360e+00  2.2938970533e+00  1.7929811408e+00  2.1253917899e+00 -1.2452204022e+00  3.0341022791e+00  1.3339420903e+00 -2.3176270660e-01  2.5981916140e+00  6.6082818057e-01 -1.8295947454e+00 -1.4482232849e+00  5.1577166267e-01  1.3902120292e+00 -4.9229787685e-02 -4.1774730446e-01  1.9321738302e+00 -2.9866629505e-01 -1.9550296761e+00  1.0916015447e-02  1.3700041955e+00  7.1311680554e-02  6.7723714646e-01 -2.0287667458e+00 -8.5882469656e-01 -1.5350792793e+00
ENERGY -7.253651448336e+02

JOB 15
COORDS  6.0471022087e-02 -4.6927533984e-02 -8.5131239572e-01 -1.9130330854e+00 -1.4092274743e+00  2.2365827134e+00  2.2361398369e+00  1.1343582966e+00 -9.3075110633e-01 -1.0996026240e+00 -4.3456141463e-01  1.3807601074e+00 -7.9912295180e-01 -1.0121415576e+00 -1.8106722511e-02  1.2574074425e+00  2.4619962383e-01 -3.1518828817e-01 -2.0020218820e+00 -1.3587516117e+00 -6.6455525379e-01 -4.8263787095e-01  6.0301063224e-01 -2.2867008224e+00 -2.1501164310e+00 -9.6605061195e-01  3.2093559880e+00 -2.8486832404e+00 -1.6693209638e+00  1.7363772784e+00 -1.3564793488e+00 -2.3368406805e+00  2.4155021340e+00  1.8148567872e+00  2.1358753825e+00 -1.0563089402e+00  3.1137672949e+00  1.1838820506e+00 -2.8328437260e-01  2.5260409169e+00  7.6168452125e-01 -1.9179673408e+00 -1.6485937740e+00  5.0472353234e-01  1.2474392062e+00 -1.6279199880e-01 -1.8791038463e-01  1.8961516093e+00 -2.0194209930e-01 -1.9312664065e+00  1.0663660769e-01  1.5178656602e+00 -2.1679225693e-01  5.4693447841e-01 -2.0404988069e+00 -8.2870269517e-01 -1.4915487552e+00
ENERGY -7.253662938142e+02

JOB 16
COORDS  6.8089000932e-02 -2.4963870700e-02 -8.1174055654e-01 -1.9404990731e+00 -1.3843726500e+00  2.2299317562e+00  2.2633535096e+00  1.1160702550e+00 -9.4305684265e-01 -1.1739251000e+00 -3.9757391274e-01  1.3457253347e+00 -7.5050338709e-01 -1.0341871150e+00  3.8816418245e-03  1.3254282997e+00  1.5577435297e-01 -3.7384282577e-01 -1.8702290120e+00 -1.5163885313e+00 -7.0600818584e-01 -5.9831636335e-01  8.1877685850e-01 -2.0844526562e+00 -2.2676868735e+00 -9.0209600817e-01  3.1568877585e+00 -2.8216728939e+00 -1.7631786579e+00  1.7064861600e+00 -1.3142692568e+00 -2.2428739135e+00  2.5005593608e+00  1.8652641946e+00  2.1319234642e+00 -8.6348194741e-01  3.2056481786e+00  1.0464187403e+00 -3.9623136351e-01  2.4347309360e+00  9.0045557175e-01 -2.0018995698e+00 -1.7959514095e+00  4.7646526804e-01  1.1211181654e+00 -2.8508101218e-01 -3.0022968172e-02  1.8745932534e+00 -1.0793554994e-01 -1.9030306178e+00  2.1203797688e-01  1.6470782183e+00 -4.2419023764e-01  3.9220491150e-01 -2.0624975590e+00 -8.5176558003e-01 -1.4026962465e+00
ENERGY -7.253672036327e+02

JOB 17
COORDS  7.4891616157e-02 -4.2277550552e-01 -1.2167135785e+00  6.3833994236e-01 -1.2013211470e+00  1.7311447218e+00  2.3273108491e+00 -7.0313904307e-01 -2.2073503899e+00 -7.0389145182e-01 -7.1993201914e-01  1.1724494508e+00 -9.6891910308e-01 -1.0773996481e+00 -3.0505153887e-01  1.1726790545e+00 -1.1616672450e+00 -1.4444424498e+00 -2.2859905593e+00 -7.2308300239e-01 -6.7870007905e-01 -1.3859853350e-01  1.1252326545e+00 -1.7965400247e+00  7.0132914318e-01 -9.9533050854e-01  2.8041032031e+00  7.6368452821e-01 -2.2841818145e+00  1.6012393693e+00  1.4847608572e+00 -7.0141275964e-01  1.2502098819e+00  2.7566224003e+00  1.9253266121e-01 -1.7486270645e+00  3.0714071314e+00 -1.5016908895e+00 -2.2241729975e+00  2.0320155830e+00 -4.5127391675e-01 -3.2301939611e+00 -1.5292822648e+00 -1.1615001272e+00  1.7406711130e+00 -7.8964267493e-01  3.6749158516e-01  1.2753674601e+00 -9.0349666061e-01 -2.1679910255e+00 -4.2358352667e-01  1.1972074108e+00 -2.0996979037e+00 -1.0628390217e+00 -2.2388764507e+00  2.0018520207e-01 -1.0021281522e+00
ENERGY -7.253674389775e+02

JOB 18
COORDS  1.6689089543e-01 -4.1612413329e-01 -1.1334723653e+00  5.8288441599e-01 -1.1044761593e+00  1.8130338399e+00  2.3193671912e+00 -7.3945032271e-01 -2.3134085061e+00 -7.6648303620e-01 -7.2404717049e-01  1.1955590391e+00 -9.0530458816e-01 -1.1103057890e+00 -2.8611820972e-01  1.1751639763e+00 -1.2043094008e+00 -1.5385164364e+00 -2.2041300586e+00 -8.1684162847e-01 -7.7712949452e-01  5.5213821386e-02  1.2089596344e+00 -1.4885822311e+00  5.9873358707e-01 -8.7206337102e-01  2.8822028627e+00  7.8427409276e-01 -2.1780792296e+00  1.7080821544e+00  1.4080849995e+00 -5.5861703154e-01  1.3440882966e+00  2.8573805457e+00  4.2017279850e-02 -1.7686378974e+00  2.9832268384e+00 -1.5867691777e+00 -2.4950610560e+00  1.9858350141e+00 -3.1904892558e-01 -3.2666779138e+00 -1.5853895484e+00 -1.2208522133e+00  1.7266084091e+00 -9.2967662504e-01  3.5564941237e-01  1.2797866093e+00 -7.9445798325e-01 -2.1982609616e+00 -3.8592765000e-01  1.1387212432e+00 -2.1842367566e+00 -1.2844509372e+00 -2.2087839639e+00  1.3990149185e-01 -9.7653609792e-01
ENERGY -7.253673948630e+02

JOB 19
COORDS  2.8335970463e-01 -4.1720060971e-01 -1.0521620566e+00  4.9686971215e-01 -1.0410746602e+00  1.9453188676e+00  2.2921959715e+00 -7.4996554126e-01 -2.4606184104e+00 -8.1434036808e-01 -7.1891451537e-01  1.2209616588e+00 -8.0980241773e-01 -1.1380956229e+00 -2.5283330318e-01  1.1914728498e+00 -1.2205718585e+00 -1.6287948689e+00 -2.0750575654e+00 -9.1219542296e-01 -8.6865390838e-01  2.7233718261e-01  1.2420556251e+00 -1.2202338014e+00  4.3289988141e-01 -7.7104106697e-01  3.0037968804e+00  7.3182464780e-01 -2.1113065302e+00  1.8916695697e+00  1.3370533291e+00 -4.8778281998e-01  1.5129294807e+00  2.9283336973e+00 -6.2209591091e-02 -1.8960812788e+00  2.8772466337e+00 -1.6132503465e+00 -2.7834399303e+00  1.9069130068e+00 -2.1450537282e-01 -3.3336056578e+00 -1.6543418815e+00 -1.2369815059e+00  1.6960185294e+00 -1.0181298320e+00  3.5571795976e-01  1.2708389467e+00 -6.5315394334e-01 -2.2225226705e+00 -3.1835906040e-01  1.0855804014e+00 -2.2197342230e+00 -1.5003403178e+00 -2.1497101929e+00  5.2624320344e-02 -9.9156892384e-01
ENERGY -7.253664754866e+02

JOB 20
COORDS  4.0897489846e-01 -4.2931736825e-01 -9.7856604696e-01  4.0023669029e-01 -9.8976581394e-01  2.0844725994e+00  2.2464949325e+00 -7.4371780747e-01 -2.6085387812e+00 -8.4593008807e-01 -7.0934296745e-01  1.2377559383e+00 -6.9945981510e-01 -1.1663504979e+00 -2.1291360943e-01  1.1998085058e+00 -1.2258673739e+00 -1.7167287829e+00 -1.9203854350e+00 -1.0164397307e+00 -9.4396325962e-01  5.1750955342e-01  1.2350908931e+00 -9.7999753458e-01  2.3603517526e-01 -6.9532382702e-01  3.1255624089e+00  6.5584927039e-01 -2.0564400497e+00  2.0790914627e+00  1.2650409826e+00 -4.3049861163e-01  1.7138779433e+00  2.9857851495e+00 -1.6419623477e-01 -2.0482786730e+00  2.7291728708e+00 -1.6048122153e+00 -3.0748617471e+00  1.8211526626e+00 -9.3101718517e-02 -3.3789117466e+00 -1.7154042013e+00 -1.2338848696e+00  1.6486574071e+00 -1.0703724672e+00  3.6210939448e-01  1.2447317132e+00 -4.9685324608e-01 -2.2447341153e+00 -2.3069021724e-01  1.0167959413e+00 -2.2219168282e+00 -1.6936164087e+00 -2.0729005628e+00 -5.8444710457e-02 -1.0322402502e+00
ENERGY -7.253652059578e+02

JOB 21
COORDS  5.4229251921e-01 -4.5243251382e-01 -9.1034380658e-01  2.9859864046e-01 -9.4415885074e-01  2.2154795675e+00  2.1872860649e+00 -7.2410899273e-01 -2.7424091487e+00 -8.6034314574e-01 -6.9541705452e-01  1.2438246010e+00 -5.8019221056e-01 -1.1976013054e+00 -1.6900331196e-01  1.1990763387e+00 -1.2232799668e+00 -1.7960237972e+00 -1.7513186890e+00 -1.1389914981e+00 -9.9843210936e-01  8.0984548185e-01  1.1842869757e+00 -7.4311761812e-01  3.3334430903e-02 -6.1336915477e-01  3.2244521239e+00  5.4976949095e-01 -2.0102872342e+00  2.2718637649e+00  1.1950559192e+00 -3.9681062127e-01  1.9104144942e+00  2.9963148597e+00 -2.1861636576e-01 -2.2086939433e+00  2.5886930799e+00 -1.5701337941e+00 -3.3039068400e+00  1.7346069508e+00 -1.9757860449e-03 -3.4303089410e+00 -1.7621919353e+00 -1.2145788420e+00  1.5864456271e+00 -1.0876809163e+00  3.7467630282e-01  1.2008719595e+00 -3.3031659860e-01 -2.2650030720e+00 -1.2580823740e-01  8.8396017305e-01 -2.1804989692e+00 -1.9027560502e+00 -1.9852396368e+00 -1.9865370967e-01 -1.0877059187e+00
ENERGY -7.253638320559e+02

JOB 22
COORDS  6.5825500549e-01 -4.8402919861e-01 -8.6366056183e-01  2.0112178824e-01 -8.8959000803e-01  2.3211082092e+00  2.1288336898e+00 -6.9258746370e-01 -2.8474040755e+00 -8.5960957567e-01 -6.7117334602e-01  1.2361373658e+00 -4.6520023245e-01 -1.2363408503e+00 -1.2404219715e-01  1.1696773401e+00 -1.2061454910e+00 -1.8798092303e+00 -1.5921819710e+00 -1.3191638328e+00 -1.0183076666e+00  1.1226359029e+00  1.0796433047e+00 -5.3016231123e-01 -1.5533689997e-01 -5.1532605310e-01  3.2859749497e+00  4.2986276369e-01 -1.9552618296e+00  2.4425578695e+00  1.1281684660e+00 -3.6372421486e-01  2.0795646896e+00  3.0344547316e+00 -3.5642383364e-01 -2.3357844140e+00  2.3781093493e+00 -1.4932361501e+00 -3.5468006503e+00  1.7142681389e+00  1.6231360368e-01 -3.3929907385e+00 -1.7921906447e+00 -1.1723925557e+00  1.5178895410e+00 -1.0716732737e+00  3.9842338548e-01  1.1337173894e+00 -1.5005866985e-01 -2.2790058264e+00  3.2959215133e-03  7.0304312407e-01 -2.0797788852e+00 -2.0976649189e+00 -1.9206282153e+00 -4.1315520751e-01 -1.1487767559e+00
ENERGY -7.253627758054e+02

JOB 23
COORDS  1.4905041853e-01  1.2790810539e-01 -8.8894596943e-01 -1.8688518307e+00 -1.6581503536e+00  1.9865261487e+00  7.1656779659e-01  9.8522710299e-01 -3.1433033230e+00 -7.5370019973e-01 -8.2374354523e-01  1.3477437159e+00 -9.9250383085e-01 -5.8986307749e-01 -1.4002514394e-01 -1.4351923901e-01  2.9373122973e-01 -2.1947774120e+00 -2.2383655783e+00  8.0310119655e-02 -4.1066229529e-01  1.5868713074e+00  6.0441363268e-01 -2.0235349643e-01 -1.6831838245e+00 -1.7933654986e+00  3.0567577685e+00 -2.8459495565e+00 -1.1807997884e+00  1.8677173518e+00 -1.9285082827e+00 -2.6534267658e+00  1.5306853249e+00  1.6892064051e+00  4.8907654899e-01 -3.1986773534e+00  2.3749727519e-01  9.6422750034e-01 -4.1243781548e+00  8.8765085627e-01  2.0230241235e+00 -2.8359659213e+00 -6.5456390819e-01  1.4422756910e-01  1.8543751515e+00  2.1322141276e-01 -1.3192469224e+00  1.4664661636e+00 -1.1134810967e+00 -1.5663081213e+00 -6.2542554752e-01 -1.1080866764e+00  1.1933108907e-01 -2.4591499256e+00 -2.2119935915e+00  9.3697265030e-01  4.8390732575e-02
ENERGY -7.253632626730e+02

