JOB 0
COORDS -1.9016712446e+00  2.1781595911e+00  2.0655986635e+00  8.0611088066e-01  2.0285911564e+00  5.2389080457e-01  1.3532100956e+00  2.3138340120e+00  2.9810459928e+00 -2.5773550129e+00  4.5202642076e+00  2.3769662956e+00 -8.3190892516e-01  1.0728617586e+00  2.2714497887e+00  6.3904293847e-01  1.4409110706e+00  1.9338065957e+00 -1.1858105218e+00 -1.4548269363e-01  1.5344236179e+00 -1.5794622606e+00  3.4565690326e+00  2.4171194727e+00 -3.0087142186e+00  1.9036128133e+00  1.5972703651e+00  3.0667817641e-01  2.9989210170e+00  4.3303638230e-01  1.8673915668e+00  2.1740252054e+00  2.9507799417e-01  3.9876874812e-01  1.3670481278e+00 -2.4749950246e-01  1.1364584920e+00  3.3835945656e+00  2.8716970660e+00  1.1036163677e+00  2.0122362988e+00  4.0045524707e+00  2.4380520822e+00  2.2191569969e+00  2.8663326763e+00 -3.0515121123e+00  4.5428393545e+00  1.3935959986e+00 -2.0805954196e+00  5.4760864864e+00  2.5585428095e+00 -3.3611811061e+00  4.3705125030e+00  3.1283429489e+00 -8.6622920079e-01  8.2082334502e-01  3.3404850678e+00  1.1411319235e+00  4.6733149780e-01  1.9491326543e+00 -1.1658246281e+00  6.7149634177e-02  5.3704866338e-01 -2.1702428525e+00 -3.4118045975e-01  1.7186327461e+00 -7.2343069406e-01  3.6188547091e+00  2.9253495477e+00
ENERGY -4.218947927481e+02

JOB 1
COORDS -1.9288196161e+00  2.1523888502e+00  2.1495815114e+00  8.6189871183e-01  2.0425046201e+00  5.4202361156e-01  1.3302617775e+00  2.2773612538e+00  3.0286837984e+00 -2.5836650256e+00  4.5142120879e+00  2.3286974958e+00 -8.3155838147e-01  1.0585921266e+00  2.2348298093e+00  6.4281647919e-01  1.4359453989e+00  1.9375279460e+00 -1.1981827662e+00 -1.0182720180e-01  1.4094112806e+00 -1.5752439119e+00  3.4608977760e+00  2.2853955702e+00 -3.1047346900e+00  1.8246386273e+00  1.9671942463e+00  3.5870870193e-01  3.0086129635e+00  4.3059457386e-01  1.9307173968e+00  2.1990476742e+00  3.6043483353e-01  4.9615259317e-01  1.3824516503e+00 -2.5087200055e-01  1.1124124671e+00  3.3508946810e+00  2.9655630456e+00  1.0581594434e+00  1.9389043812e+00  4.0341851730e+00  2.4175684444e+00  2.1916939196e+00  2.9320926862e+00 -3.2676330174e+00  4.4031382671e+00  1.4848411772e+00 -2.0841956747e+00  5.4835497244e+00  2.2636384439e+00 -3.1733896244e+00  4.4718884208e+00  3.2515073901e+00 -8.6403345488e-01  7.1770419742e-01  3.2787356898e+00  1.1435012052e+00  4.6141317466e-01  1.9474419605e+00 -1.1944015006e+00  1.8253027597e-01  4.2981889501e-01 -2.1773622203e+00 -3.1302244840e-01  1.6055843154e+00 -6.2830781426e-01  3.6874893752e+00  2.5454281020e+00
ENERGY -4.218935938602e+02

JOB 2
COORDS -1.7043493015e+00  2.1892885503e+00  1.6578916283e+00  1.4823808743e+00  2.5810777524e+00  2.4225504723e+00  1.5498915874e+00  7.6058696050e-02  2.3784288553e+00 -2.1366889698e+00  3.9862608035e+00  4.2815268752e-02 -7.0340583962e-01  1.2647720115e+00  2.3840970165e+00  7.6937386785e-01  1.3147431140e+00  1.9121974248e+00 -1.2739935012e+00 -8.7905391233e-02  2.2745844993e+00 -1.2270511247e+00  3.1318230026e+00  7.9789166664e-01 -2.9093275842e+00  2.0888332457e+00  1.9031468109e+00  1.6031120008e+00  2.5305794427e+00  3.5110875867e+00  2.4830807850e+00  2.6654606750e+00  1.9854587434e+00  9.3831175839e-01  3.5045716637e+00  2.2044307530e+00  1.5324611863e+00 -1.0220904517e-02  3.4727639720e+00  1.1356125040e+00 -8.3925475929e-01  1.9503683768e+00  2.5994106537e+00  1.5127727779e-01  2.0743293529e+00 -2.6291909934e+00  3.4393504579e+00 -7.6977843675e-01 -1.5727181175e+00  4.8240136381e+00 -3.7415381935e-01 -2.9092092820e+00  4.3677124917e+00  7.1222840234e-01 -7.1892066972e-01  1.6316038114e+00  3.4273766651e+00  7.8222428007e-01  1.2964423946e+00  8.1285462615e-01 -2.2841040206e+00  1.8266175206e-04  2.3857818225e+00 -9.4082249913e-01 -6.6350522734e-01  3.0440748260e+00 -2.7189029471e-01  3.0573169986e+00  4.8108070230e-01
ENERGY -4.218940808354e+02

JOB 3
COORDS -1.6669113801e+00  2.2612003199e+00  1.7266256088e+00  1.4717851254e+00  2.6007425104e+00  2.4386616130e+00  1.5674015627e+00  9.2281006611e-02  2.4199028540e+00 -2.1223106974e+00  3.9706529996e+00  2.5524186096e-02 -6.8992752869e-01  1.2585551917e+00  2.3727335872e+00  7.8616871179e-01  1.3211582286e+00  1.9274399467e+00 -1.2827801144e+00 -6.7134470496e-02  2.1120294910e+00 -1.2135360156e+00  3.0809765024e+00  7.3895752267e-01 -2.8346680383e+00  2.3032770110e+00  2.1226569009e+00  1.5496061198e+00  2.5769010578e+00  3.5320328058e+00  2.4883587392e+00  2.6810956384e+00  2.0391449722e+00  9.2936602072e-01  3.5119225481e+00  2.1712967614e+00  1.5066589805e+00  6.4706855281e-04  3.5120961287e+00  1.1916615782e+00 -8.3020091322e-01  1.9702540792e+00  2.6268116538e+00  1.8415028624e-01  2.1581073026e+00 -2.7686009237e+00  3.4199631382e+00 -6.6800939219e-01 -1.5362657324e+00  4.7053612110e+00 -5.3154065306e-01 -2.7593265492e+00  4.4868219490e+00  7.4568271504e-01 -7.1653955460e-01  1.5169481684e+00  3.4462307762e+00  8.2066576006e-01  1.2922189443e+00  8.2882479066e-01 -2.2837445658e+00  5.3000786875e-03  2.2939644386e+00 -9.1645440983e-01 -7.4116799630e-01  2.7805859807e+00 -3.0904093509e-01  2.8926540029e+00  3.3230006136e-01
ENERGY -4.218947884357e+02

JOB 4
COORDS -1.6305643091e+00  2.3519530947e+00  1.8231627504e+00  1.4587244421e+00  2.6304313848e+00  2.4659995818e+00  1.5710711217e+00  1.1705577462e-01  2.4586552215e+00 -2.1524713860e+00  3.9598403061e+00  4.2218673981e-02 -6.8546574552e-01  1.2734223353e+00  2.3833473345e+00  7.9264066157e-01  1.3428673510e+00  1.9537627430e+00 -1.3042237229e+00 -1.0229011648e-02  1.9915016447e+00 -1.2428775750e+00  3.0391828036e+00  7.1316753039e-01 -2.7152566397e+00  2.5529937928e+00  2.3746972837e+00  1.4892375902e+00  2.6346373530e+00  3.5619973408e+00  2.4912375368e+00  2.7004865932e+00  2.1076965155e+00  9.2742280230e-01  3.5311637445e+00  2.1464431327e+00  1.4863658671e+00  2.0867923926e-02  3.5486364852e+00  1.2157247123e+00 -8.0893327710e-01  1.9980971545e+00  2.6352263845e+00  2.1511864057e-01  2.2197177942e+00 -2.9262085419e+00  3.4274846242e+00 -5.2385293366e-01 -1.5798533173e+00  4.5951547098e+00 -6.3766120810e-01 -2.6463705310e+00  4.5831130719e+00  7.8937809836e-01 -7.1785800726e-01  1.4318862680e+00  3.4741433664e+00  8.4145116477e-01  1.3140539026e+00  8.5583942837e-01 -2.2956027612e+00  3.7925284411e-02  2.2263012634e+00 -9.1604690536e-01 -7.6073478504e-01  2.5592384107e+00 -4.3383879270e-01  2.7088991532e+00  2.0656716898e-01
ENERGY -4.218953603154e+02

JOB 5
COORDS -1.6010698701e+00  2.3768621846e+00  1.9062784819e+00  1.4209692425e+00  2.6289429847e+00  2.5306796854e+00  1.5803059367e+00  1.1362417998e-01  2.4919792368e+00 -2.2202740663e+00  3.8826066375e+00  6.6047288206e-02 -6.9080673801e-01  1.2360958006e+00  2.3918017712e+00  7.9312565137e-01  1.3351131548e+00  1.9906484606e+00 -1.3089366571e+00 -6.5017298415e-03  1.8804402628e+00 -1.3122744720e+00  2.9300404914e+00  6.9296490650e-01 -2.5546399027e+00  2.7484392183e+00  2.5929591056e+00  1.4019965842e+00  2.6392242649e+00  3.6268685875e+00  2.4671060164e+00  2.7102085732e+00  2.2171936696e+00  8.9248909620e-01  3.5188488364e+00  2.1778593544e+00  1.4779097309e+00  5.3481546784e-04  3.5785813908e+00  1.2500565371e+00 -8.1344287640e-01  2.0137162134e+00  2.6468125609e+00  2.2928185783e-01  2.2722423277e+00 -3.1151210747e+00  3.3924207355e+00 -3.3681962108e-01 -1.6957524173e+00  4.3974605340e+00 -7.4253795903e-01 -2.5392727227e+00  4.6130334670e+00  8.1106969355e-01 -7.4210810605e-01  1.3041753626e+00  3.4897884880e+00  8.6277934951e-01  1.3315832513e+00  8.9417970170e-01 -2.2944074925e+00 -4.9566514508e-03  2.1430652681e+00 -8.9581870250e-01 -8.0897323889e-01  2.3516474231e+00 -6.6494504677e-01  2.4289968865e+00  9.9392943224e-02
ENERGY -4.218961300836e+02

JOB 6
COORDS -1.5574063283e+00  2.4578166829e+00  1.9199064955e+00  1.3831566744e+00  2.6489389678e+00  2.5980445529e+00  1.5620087511e+00  1.3385640104e-01  2.4920050578e+00 -2.2442258430e+00  3.8663912830e+00  2.7237889329e-02 -7.1230552004e-01  1.2535567979e+00  2.3646189242e+00  7.8245790412e-01  1.3658022377e+00  2.0060943149e+00 -1.3299059097e+00  5.4743259361e-02  1.7580122721e+00 -1.3807994163e+00  2.8538413969e+00  6.2284954922e-01 -2.3169557504e+00  3.0353728551e+00  2.6979879098e+00  1.3192698320e+00  2.6407343842e+00  3.6924121390e+00  2.4400905709e+00  2.7398445259e+00  2.3266022916e+00  8.6507588425e-01  3.5424482694e+00  2.2384537874e+00  1.4366692691e+00 -9.1318242728e-03  3.5725375811e+00  1.2484819830e+00 -7.8331743189e-01  1.9831817753e+00  2.6325869434e+00  2.5814975570e-01  2.2981140309e+00 -3.2477564474e+00  3.4791654590e+00 -1.8983765006e-01 -1.7885035596e+00  4.2255054071e+00 -8.9881896440e-01 -2.3453382233e+00  4.6992704843e+00  7.2449735588e-01 -7.9403523536e-01  1.2568070975e+00  3.4620306165e+00  8.7454334345e-01  1.4064366107e+00  9.1321664217e-01 -2.3107663673e+00  1.5027333820e-02  2.0335409133e+00 -8.9695076601e-01 -7.8322958393e-01  2.1412417103e+00 -9.6658052872e-01  2.1660937522e+00  5.2526759338e-03
ENERGY -4.218977643225e+02

JOB 7
COORDS -1.5095476177e+00  2.5412268076e+00  1.9122402635e+00  1.3633100076e+00  2.6898749649e+00  2.6240215690e+00  1.5528820104e+00  1.7651528179e-01  2.5066508549e+00 -2.2853841614e+00  3.8657070565e+00 -1.2132756783e-02 -7.2567728232e-01  1.2880897661e+00  2.3301102748e+00  7.7968454425e-01  1.4087491116e+00  2.0114690920e+00 -1.3295933207e+00  1.2789267937e-01  1.6421418788e+00 -1.4920160991e+00  2.7905705177e+00  5.6802031026e-01 -2.0458531782e+00  3.2847473505e+00  2.7337512562e+00  1.2535046062e+00  2.6888436427e+00  3.7145179558e+00  2.4307296463e+00  2.7711518455e+00  2.3938182263e+00  8.6648644407e-01  3.5856882622e+00  2.2415593446e+00  1.4124762264e+00  3.2208826057e-02  3.5849826145e+00  1.2506464413e+00 -7.4298693108e-01  1.9943260810e+00  2.6258262750e+00  3.0205127594e-01  2.3271765674e+00 -3.3465933483e+00  3.5989677524e+00 -9.8305234251e-02 -1.8949799434e+00  4.1066073220e+00 -1.0042480134e+00 -2.2073212826e+00  4.7454061833e+00  6.2825488054e-01 -8.3827110781e-01  1.2404013049e+00  3.4232600470e+00  8.8668675139e-01  1.4635662225e+00  9.2092300407e-01 -2.3033339442e+00  3.7286958785e-02  1.9297759290e+00 -8.6649812142e-01 -7.2888372009e-01  1.9380661986e+00 -1.2669193673e+00  1.9902255311e+00 -1.3187389650e-02
ENERGY -4.219001032402e+02

JOB 8
COORDS -1.4540542441e+00  2.5828656222e+00  1.8508170668e+00  1.3704925932e+00  2.6932595612e+00  2.6724237539e+00  1.5432815556e+00  1.8236959265e-01  2.5603588707e+00 -2.3428481728e+00  3.8176226556e+00 -8.8228511519e-02 -7.2471630974e-01  1.3001111162e+00  2.2776814509e+00  7.9794481045e-01  1.4199869111e+00  2.0339750916e+00 -1.2856807883e+00  1.6262766288e-01  1.5191026433e+00 -1.6133546396e+00  2.7058109087e+00  5.0184447694e-01 -1.7975841955e+00  3.4434141210e+00  2.6624134895e+00  1.2105522519e+00  2.6955283542e+00  3.7564570575e+00  2.4485282008e+00  2.7535755141e+00  2.4896378278e+00  9.0633520163e-01  3.5974046303e+00  2.2714442793e+00  1.3540527413e+00  3.7569198475e-02  3.6310138343e+00  1.2640032801e+00 -7.3746952658e-01  2.0354287514e+00  2.6235110925e+00  3.0450757962e-01  2.4290789558e+00 -3.4279050049e+00  3.6521373036e+00 -7.8596551598e-02 -2.0137589266e+00  3.9613211231e+00 -1.1208120972e+00 -2.1316679524e+00  4.7207162216e+00  4.8641845578e-01 -8.9301787071e-01  1.2198897361e+00  3.3614478979e+00  9.4705534525e-01  1.4760336118e+00  9.4801693397e-01 -2.2558262299e+00  1.7247234007e-02  1.7959608950e+00 -7.9087398789e-01 -6.9375279870e-01  1.7580400340e+00 -1.4822323445e+00  1.8498414654e+00 -2.7792161112e-02
ENERGY -4.219017945380e+02

JOB 9
COORDS -1.2706405110e+00  2.6234845145e+00  1.9363068439e+00  1.5586086112e+00  2.4260524312e+00  2.8252443518e+00  1.5169872291e+00 -6.1493130965e-02  2.4751289217e+00 -2.2793698963e+00  3.9456148780e+00  1.0249981304e-01 -6.5638085352e-01  1.2572114272e+00  2.2848611674e+00  8.7916170193e-01  1.2773643920e+00  2.0655495685e+00 -1.2743714270e+00  2.1230228415e-01  1.4444953835e+00 -1.6838061055e+00  2.7366486324e+00  6.4441098324e-01 -1.3485533138e+00  3.5286037395e+00  2.7697578755e+00  1.3955435997e+00  2.3323713542e+00  3.9047315165e+00  2.6385267552e+00  2.4033837760e+00  2.6434570846e+00  1.1789259331e+00  3.4037612141e+00  2.5237278755e+00  1.2994664937e+00 -2.9254795588e-01  3.5251216360e+00  1.1817214971e+00 -9.0471773158e-01  1.8618875241e+00  2.6052989969e+00 -9.7154311699e-03  2.3671738757e+00 -3.3237701885e+00  3.7790092329e+00 -1.8686409427e-01 -1.7224680426e+00  4.2957567582e+00 -7.7380174972e-01 -2.2459762973e+00  4.7136005679e+00  8.7627727868e-01 -8.4451769850e-01  1.1192245162e+00  3.3594885994e+00  1.0451502042e+00  1.4223007755e+00  9.8976662845e-01 -2.2433487885e+00  7.4748029501e-02  1.7290568443e+00 -8.0561394572e-01 -6.7827085997e-01  1.5896177618e+00 -1.6205276449e+00  1.8901964839e+00  8.7615771657e-02
ENERGY -4.219020726664e+02

JOB 10
COORDS -1.1540058987e+00  2.7528067984e+00  1.9070912017e+00  1.7006190657e+00  2.4366456897e+00  2.9488230985e+00  1.5686063201e+00 -9.8010624553e-03  2.4088460388e+00 -2.4102341387e+00  3.9197012532e+00  1.3749529459e-01 -5.6594856362e-01  1.3990650869e+00  2.3467432310e+00  9.7039599488e-01  1.3767602957e+00  2.1101495065e+00 -1.2131518019e+00  3.0723692219e-01  1.5917367749e+00 -1.8663466255e+00  2.7173717609e+00  7.4753342955e-01 -1.0113807429e+00  3.7733806402e+00  2.5849951296e+00  1.5901936427e+00  2.2254753776e+00  4.0192360593e+00  2.7704918411e+00  2.4211681710e+00  2.7138017167e+00  1.3153310394e+00  3.4408712312e+00  2.7714815327e+00  1.3077535024e+00 -3.4154371267e-01  3.4218221831e+00  1.2489505154e+00 -7.7851058645e-01  1.6976284041e+00  2.6609182657e+00  3.4523117075e-02  2.3508776214e+00 -3.3054722923e+00  3.6666749586e+00 -4.3725874316e-01 -1.6855199847e+00  4.4058457277e+00 -5.2796179037e-01 -2.6740921122e+00  4.6244368157e+00  9.2760001822e-01 -7.4040186587e-01  1.3367888112e+00  3.4312974860e+00  1.1356678861e+00  1.5943594372e+00  1.0462718490e+00 -2.1746682426e+00  1.9867188423e-01  1.9125302526e+00 -7.4894740750e-01 -5.7577541126e-01  1.7865888641e+00 -1.8238919235e+00  1.8447095395e+00  2.3071363051e-01
ENERGY -4.219009774311e+02

JOB 11
COORDS -1.0666247315e+00  2.8288714929e+00  1.7763914252e+00  1.7394140994e+00  2.3960742589e+00  3.0673859339e+00  1.5705545537e+00 -3.3826307458e-03  2.3662591109e+00 -2.5310381340e+00  3.9204749016e+00  1.3591546141e-01 -5.2633412841e-01  1.4801552573e+00  2.2980930488e+00  1.0200514362e+00  1.4146018277e+00  2.1284966478e+00 -1.1770305632e+00  3.6855203127e-01  1.5728181650e+00 -2.0013957897e+00  2.7315841685e+00  7.8763200027e-01 -7.3863031424e-01  3.9055705538e+00  2.2802099315e+00  1.5827582863e+00  2.1078627395e+00  4.1145648644e+00  2.8176095983e+00  2.3727510707e+00  2.8742389548e+00  1.3777056404e+00  3.4161548353e+00  2.9428619560e+00  1.2513931666e+00 -3.9550707071e-01  3.3404641221e+00  1.2770916301e+00 -7.1644306885e-01  1.5887843121e+00  2.6649164161e+00  2.1527070220e-02  2.3697002421e+00 -3.4706916577e+00  3.6692618497e+00 -3.6288240297e-01 -1.8317964128e+00  4.3329967788e+00 -6.0248432087e-01 -2.7154591024e+00  4.6857229703e+00  8.9151419830e-01 -7.4410173283e-01  1.4667822536e+00  3.3770460363e+00  1.2470489466e+00  1.6927127573e+00  1.0906952847e+00 -2.1241364109e+00  2.4431504500e-01  1.9291575122e+00 -6.9198939560e-01 -5.0346392030e-01  1.7637987943e+00 -2.0273617363e+00  1.8379894278e+00  3.0625756884e-01
ENERGY -4.218986984445e+02

JOB 12
COORDS -1.5643758533e+00  2.4474062879e+00  2.2700193472e+00  1.7791852098e+00  5.2426864730e-01  2.6591570091e+00  7.0096307881e-01  1.2600589214e+00  4.8791267100e-01 -3.8464621359e+00  3.1981807807e+00  1.7285248038e+00 -6.4963140171e-01  1.2580636761e+00  2.6510841484e+00  7.4534160955e-01  1.4517446038e+00  2.0110954522e+00 -1.1618228618e+00 -9.1608761142e-02  2.3853348776e+00 -2.8729585602e+00  2.1541649271e+00  2.0195834273e+00 -1.1414925657e+00  3.6044509913e+00  2.2384659887e+00  1.5034786481e+00 -5.2553005039e-01  2.5211546491e+00  2.7691009556e+00  6.8271368830e-01  2.2170749611e+00  1.8614350182e+00  7.1324718563e-01  3.7359977369e+00  4.7606660810e-01  2.2066446518e-01  2.2102224242e-01 -4.4750365416e-02  1.9124535273e+00  2.0246335984e-02  1.6723032687e+00  1.5034487613e+00  4.5104857862e-02 -4.1025378191e+00  3.7695970028e+00  2.6278894763e+00 -4.7519293873e+00  2.7398484705e+00  1.3243022247e+00 -3.4329997545e+00  3.8927913665e+00  9.9378001637e-01 -5.2161359496e-01  1.3405229712e+00  3.7373449585e+00  1.0232060118e+00  2.4904260350e+00  2.2109933001e+00 -1.4838310641e+00 -1.9990403177e-01  1.4274740719e+00 -1.9067451367e+00 -3.6250708699e-01  3.0212064611e+00 -3.1759539252e+00  1.1942587757e+00  2.0919075975e+00
ENERGY -4.218967772910e+02

JOB 13
COORDS -1.5662854672e+00  2.4240728216e+00  2.1308570598e+00  1.7732348098e+00  5.4039559921e-01  2.7251848122e+00  8.3290653445e-01  1.2473343216e+00  4.8291950350e-01 -3.8854156457e+00  3.1968108240e+00  1.8182197124e+00 -6.5130425509e-01  1.2478222502e+00  2.5552191069e+00  7.7702884712e-01  1.4548254131e+00  2.0031897225e+00 -1.1432358922e+00 -1.0095541634e-01  2.2360956471e+00 -2.9058678643e+00  2.1591670436e+00  2.1124476483e+00 -1.1285243634e+00  3.5486125966e+00  1.8842100068e+00  1.5100941529e+00 -5.1201660893e-01  2.5810784386e+00  2.7879747195e+00  6.9731027199e-01  2.3430429536e+00  1.7896100088e+00  7.4151805332e-01  3.8031892813e+00  6.2004642871e-01  2.0564275482e-01  2.1659701412e-01  1.2321974044e-01  1.8991966971e+00 -3.7165490211e-02  1.8327449079e+00  1.4823176434e+00  1.0316105338e-01 -3.9868732616e+00  3.8992375448e+00  2.6531503551e+00 -4.8532645714e+00  2.7292608772e+00  1.6233962364e+00 -3.5729168627e+00  3.7626352605e+00  9.3741180426e-01 -5.9066245061e-01  1.3129670674e+00  3.6490357219e+00  1.0346505732e+00  2.4976833259e+00  2.2087429905e+00 -1.5128040913e+00 -1.5681010471e-01  1.2909772251e+00 -1.8531539666e+00 -4.2636598333e-01  2.8861631767e+00 -3.2192062246e+00  1.2246111648e+00  2.3293663783e+00
ENERGY -4.218956040296e+02

JOB 14
COORDS -1.5866288193e+00  2.3694696738e+00  2.0235497310e+00  1.7533109708e+00  5.4483529291e-01  2.7856955625e+00  9.4133989485e-01  1.2313850164e+00  4.8975596815e-01 -3.9092368559e+00  3.1944557557e+00  1.9235747805e+00 -6.6365575146e-01  1.2089983924e+00  2.4747482540e+00  7.8712604084e-01  1.4425644117e+00  2.0027943833e+00 -1.1243550531e+00 -1.3781389019e-01  2.0916927903e+00 -2.9225447998e+00  2.1683523476e+00  2.2350897294e+00 -1.1651970379e+00  3.4261759912e+00  1.5528407716e+00  1.5129892212e+00 -5.1146925311e-01  2.6299475710e+00  2.7859578717e+00  7.1393072824e-01  2.4612692841e+00  1.7058989756e+00  7.4899816423e-01  3.8623889573e+00  7.5889159578e-01  1.8561783131e-01  2.1770182138e-01  2.5856359530e-01  1.8733750176e+00 -7.4420014324e-02  1.9613437667e+00  1.4765883699e+00  1.7542114161e-01 -3.8738797473e+00  4.0168856757e+00  2.6469165836e+00 -4.9058496355e+00  2.7473742815e+00  1.9382153022e+00 -3.7135004337e+00  3.6086911428e+00  9.3169915986e-01 -6.6033182049e-01  1.2418311821e+00  3.5720326131e+00  1.0181263411e+00  2.4899394312e+00  2.2197114560e+00 -1.4744234778e+00 -1.4940348440e-01  1.1369741056e+00 -1.8605409593e+00 -4.8450436617e-01  2.7008346814e+00 -3.2296850905e+00  1.2911771682e+00  2.6290790990e+00
ENERGY -4.218942280103e+02

JOB 15
COORDS -1.6398335382e+00  2.2350474440e+00  1.8898710681e+00  1.6572506401e+00  4.1773772693e-01  2.8300844331e+00  1.0088867169e+00  1.0643064853e+00  4.7287017693e-01 -3.9006348281e+00  3.2155818427e+00  2.0481245503e+00 -7.3366100112e-01  1.0697213965e+00  2.3539054336e+00  7.4173372181e-01  1.2976926290e+00  1.9678405500e+00 -1.2004618301e+00 -2.5547084688e-01  1.9003856113e+00 -2.9389398398e+00  2.1564011471e+00  2.3298634976e+00 -1.2650556590e+00  3.1451138290e+00  1.1512793125e+00  1.4194529313e+00 -6.4129365292e-01  2.6897748954e+00  2.7077076677e+00  5.7218285018e-01  2.5600847015e+00  1.5500646561e+00  6.5124759083e-01  3.8962483727e+00  8.8848783580e-01  7.3621627462e-03  2.0940789121e-01  3.4596062017e-01  1.6703564736e+00 -1.4965497122e-01  2.0403476387e+00  1.3410634936e+00  2.3019347219e-01 -3.7513538758e+00  4.0906605505e+00  2.6927461395e+00 -4.9132759963e+00  2.8304657123e+00  2.1922725244e+00 -3.7810037697e+00  3.5340684678e+00  1.0116473766e+00 -7.8408034248e-01  1.0529941860e+00  3.4517823577e+00  9.5766962892e-01  2.3498509592e+00  2.1822248409e+00 -1.3107286191e+00 -2.4785456555e-01  8.8756481088e-01 -2.1200445784e+00 -4.6447573210e-01  2.2832452156e+00 -3.1459710007e+00  1.5212354146e+00  3.0893598545e+00
ENERGY -4.218938609235e+02

JOB 16
COORDS -1.6872115231e+00  2.1810677946e+00  1.8162824074e+00  1.6215273640e+00  4.5869290376e-01  2.8835681986e+00  1.0782340257e+00  1.0903807427e+00  4.9755035572e-01 -3.8965776459e+00  3.2392363771e+00  2.1378540355e+00 -7.5976738059e-01  1.0465896982e+00  2.2968277345e+00  7.2564207869e-01  1.3146162705e+00  1.9765131609e+00 -1.1918520082e+00 -2.6889211413e-01  1.7830609537e+00 -2.9008691235e+00  2.2238607943e+00  2.4590667919e+00 -1.4250971556e+00  2.9362955261e+00  8.7986124041e-01  1.4132086307e+00 -6.0565382009e-01  2.7358578646e+00  2.6794651049e+00  6.3458790096e-01  2.6600416399e+00  1.4614876425e+00  6.9198641591e-01  3.9430512628e+00  1.0046782178e+00  2.9881031188e-02  2.3118971489e-01  4.2965555765e-01  1.6746144777e+00 -1.5868674566e-01  2.1133949934e+00  1.3965847144e+00  3.1215679278e-01 -3.6546480060e+00  4.2101676804e+00  2.5873563328e+00 -4.8753747420e+00  2.9106217322e+00  2.4963141821e+00 -3.9334961640e+00  3.3669158913e+00  1.0549866853e+00 -8.5035640169e-01  9.9105569569e-01  3.3906792368e+00  9.0474329017e-01  2.3722658317e+00  2.2036600122e+00 -1.2065413796e+00 -2.4089037508e-01  7.6431455289e-01 -2.1501411519e+00 -4.5611191991e-01  2.0734326186e+00 -2.9890053852e+00  1.7331365935e+00  3.3391654478e+00
ENERGY -4.218947069459e+02

JOB 17
COORDS -1.2566359707e+00  2.8695348121e+00  2.2880914241e+00  9.4857106739e-01  1.3243997903e+00  4.7587188145e-01  1.7480919869e+00  2.6782771298e+00  2.4631140475e+00 -2.8427998018e+00  4.5432651133e+00  3.1845370788e+00 -5.1560757995e-01  1.5558801284e+00  2.5983257185e+00  9.0511164874e-01  1.4796099158e+00  2.0036299692e+00 -1.3303938904e+00  3.9334049859e-01  2.1987478312e+00 -2.0500134828e+00  3.3269637854e+00  3.3105087808e+00 -1.2498767056e+00  3.4078021044e+00  1.1793042145e+00  5.0844423430e-01  2.1897933482e+00 -2.3360764126e-02  1.9887819510e+00  1.2219838294e+00  1.4667934185e-01  4.1974743817e-01  4.2314852284e-01  1.4859811571e-01  1.3853311598e+00  3.6096902928e+00  2.0170541729e+00  1.7291940657e+00  2.7904662724e+00  3.5543619839e+00  2.7934184543e+00  2.5497503134e+00  2.1632166166e+00 -2.2639290026e+00  5.4394869995e+00  3.4398532652e+00 -3.7155870214e+00  4.4813420371e+00  3.8402060383e+00 -3.1730934331e+00  4.6334668413e+00  2.1490379935e+00 -3.9713513179e-01  1.4836331786e+00  3.6883440846e+00  1.3367050952e+00  5.6908029067e-01  2.4385554707e+00 -1.5445961118e+00  4.6575787015e-01  1.2045661960e+00 -2.2272261464e+00  4.2452453591e-01  2.6824024770e+00 -1.8936485762e+00  2.9522466935e+00  4.2366332353e+00
ENERGY -4.218961576331e+02

JOB 18
COORDS -1.3468574585e+00  2.7735544240e+00  2.2478333265e+00  9.6462032343e-01  1.3799643877e+00  4.8879137820e-01  1.6363923290e+00  2.7231113547e+00  2.5277751763e+00 -2.7202985140e+00  4.6032530973e+00  3.1876626083e+00 -5.6983768742e-01  1.4855390492e+00  2.5692610818e+00  8.7194006622e-01  1.4927517110e+00  2.0174655241e+00 -1.3146209310e+00  2.9852385312e-01  2.1178237973e+00 -1.9507374443e+00  3.3729453385e+00  3.3219056483e+00 -1.5103966388e+00  3.1791742923e+00  1.0945928738e+00  4.8988494040e-01  2.2316529700e+00 -3.0836586553e-03  2.0171488745e+00  1.3426869554e+00  1.8605412265e-01  4.9186566583e-01  4.6147837469e-01  1.2671734329e-01  1.2337124707e+00  3.6462004319e+00  2.0965922229e+00  1.5865087324e+00  2.8070315733e+00  3.6205029682e+00  2.6936077503e+00  2.6625144120e+00  2.2494001299e+00 -2.0845763664e+00  5.4944625767e+00  3.2582739446e+00 -3.4841929875e+00  4.6449634546e+00  3.9687472669e+00 -3.2015941262e+00  4.6026690327e+00  2.2089529612e+00 -4.8267846904e-01  1.3970572717e+00  3.6605498040e+00  1.3371231850e+00  5.9504701547e-01  2.4440627199e+00 -1.5376502202e+00  4.1253912220e-01  1.1291959830e+00 -2.2101936412e+00  2.5761068949e-01  2.6034158773e+00 -1.6710344857e+00  3.0808648472e+00  4.2485082969e+00
ENERGY -4.218975747181e+02

JOB 19
COORDS -1.4303020265e+00  2.6482926602e+00  2.2324340498e+00  9.6009415293e-01  1.4423849683e+00  5.1419540911e-01  1.5448357253e+00  2.7309178490e+00  2.6123490978e+00 -2.5710511284e+00  4.6425939136e+00  3.1463913917e+00 -6.0894310394e-01  1.3915263987e+00  2.5654855442e+00  8.4382919550e-01  1.4882137837e+00  2.0442480033e+00 -1.2712090690e+00  1.7508312676e-01  2.0741819486e+00 -1.8395329114e+00  3.3921832289e+00  3.3058256555e+00 -1.7616274237e+00  2.9222678214e+00  1.0761829056e+00  4.4957242866e-01  2.2886705076e+00  4.8025556643e-02  2.0161852918e+00  1.4696636846e+00  2.2326751652e-01  5.3476797238e-01  5.1895042197e-01  1.0962320556e-01  1.1060498170e+00  3.6531512033e+00  2.2147284516e+00  1.4809370961e+00  2.7691579885e+00  3.7069419654e+00  2.6063158509e+00  2.7303842786e+00  2.3440659499e+00 -1.8967682305e+00  5.4992064019e+00  3.0236483886e+00 -3.2072396327e+00  4.8094046020e+00  4.0197124209e+00 -3.1932213660e+00  4.5650795224e+00  2.2540006856e+00 -5.4349381492e-01  1.2941817350e+00  3.6572032469e+00  1.3423408478e+00  5.9597301233e-01  2.4432171861e+00 -1.5157028252e+00  3.2186877696e-01  1.0945535221e+00 -2.1578872637e+00  5.6994970550e-02  2.5635920259e+00 -1.4321684488e+00  3.1859167732e+00  4.2078931489e+00
ENERGY -4.218989179394e+02

JOB 20
COORDS -1.5509809883e+00  2.5515083609e+00  2.2097119429e+00  8.9806635983e-01  1.5662585415e+00  5.1677270046e-01  1.4456202348e+00  2.7450798736e+00  2.6866164326e+00 -2.4817943786e+00  4.6869558039e+00  3.0387333550e+00 -6.7508232304e-01  1.3314128144e+00  2.5448971466e+00  7.8064905380e-01  1.5180768484e+00  2.0463460817e+00 -1.2491008828e+00  9.1253496987e-02  2.0098827441e+00 -1.7725000052e+00  3.4290265375e+00  3.2346705109e+00 -2.0480071555e+00  2.7015878658e+00  1.0908933209e+00  3.6468091827e-01  2.4247850560e+00  9.8905396994e-02  1.9520270655e+00  1.6413696757e+00  2.2699325789e-01  4.9594627381e-01  6.5879336077e-01  5.7292728685e-02  9.8842138880e-01  3.6788098523e+00  2.3403460927e+00  1.3786816761e+00  2.7193360317e+00  3.7816791828e+00  2.5080379724e+00  2.7842001267e+00  2.4248333854e+00 -1.8074969801e+00  5.4926016314e+00  2.7224243388e+00 -2.9765190858e+00  4.9784008846e+00  3.9690458864e+00 -3.2315192421e+00  4.5410921930e+00  2.2602989247e+00 -6.2517198493e-01  1.2205609894e+00  3.6358268333e+00  1.3061066368e+00  6.2037734319e-01  2.3944073728e+00 -1.5357689763e+00  2.7370939519e-01  1.0473837371e+00 -2.1124593555e+00 -1.1605126678e-01  2.5112196149e+00 -1.2395838066e+00  3.3057811365e+00  4.0850597279e+00
ENERGY -4.218998481305e+02

JOB 21
COORDS -1.6720187636e+00  2.4251500100e+00  2.2060366374e+00  8.0267544091e-01  1.6931307330e+00  5.1901176860e-01  1.3916700297e+00  2.7096442772e+00  2.7572555615e+00 -2.4588405077e+00  4.6728051887e+00  2.8842431147e+00 -7.2392822178e-01  1.2566273241e+00  2.5419619996e+00  7.2230618337e-01  1.5270048074e+00  2.0426758906e+00 -1.2100515576e+00 -8.5633111521e-03  1.9818253589e+00 -1.7185919244e+00  3.4401141796e+00  3.1195227321e+00 -2.3423463741e+00  2.4326292169e+00  1.1710457733e+00  2.3859838020e-01  2.5674039931e+00  1.7861259154e-01  1.8458445424e+00  1.8203291621e+00  2.0964946719e-01  4.0996261735e-01  8.1435159920e-01  1.6898838703e-05  9.4455507880e-01  3.6671292459e+00  2.4686017989e+00  1.3280347345e+00  2.6149535105e+00  3.8490895447e+00  2.4543626478e+00  2.7562454680e+00  2.4975097586e+00 -1.8288191910e+00  5.4464415585e+00  2.4276690266e+00 -2.8602356106e+00  5.0504354418e+00  3.8287725681e+00 -3.2820168112e+00  4.4523456798e+00  2.2040388462e+00 -6.7285450118e-01  1.1424640188e+00  3.6321380903e+00  1.2682551621e+00  6.1468299685e-01  2.3102720191e+00 -1.5599072714e+00  1.8996419415e-01  1.0433594404e+00 -2.0325312973e+00 -3.0452714110e-01  2.5068078129e+00 -1.0742804067e+00  3.4071373879e+00  3.8977472982e+00
ENERGY -4.218999260071e+02

JOB 22
COORDS -1.6374411640e+00  3.3292367238e+00  2.7244482454e+00  5.6384794310e-01  2.4195674768e+00  8.4057073104e-01  1.5240077722e+00  2.8726654371e+00  3.1341638492e+00 -1.8479765832e+00  5.6729682012e+00  3.4738914055e+00 -9.0134197559e-01  1.9814371749e+00  2.9009745408e+00  5.4221185081e-01  2.0164796195e+00  2.3213409512e+00 -1.6415685454e+00  8.8462181465e-01  2.2686922140e+00 -1.2251144276e+00  4.3558119401e+00  3.5240523021e+00 -2.5109877778e+00  3.4792819983e+00  1.8674566274e+00  2.1714563159e-01  3.4494460677e+00  7.0120795271e-01  1.5826298335e+00  2.3519100013e+00  4.4394419775e-01 -7.0043072420e-02  1.7645518010e+00  2.3627695421e-01  1.3371843174e+00  3.9437459069e+00  3.0063675309e+00  1.4799270728e+00  2.6365169098e+00  4.2054079385e+00  2.5502666050e+00  2.6817488070e+00  2.8029257727e+00 -2.0664444224e+00  5.9229243002e+00  2.4345653675e+00 -1.1575076171e+00  6.4128622753e+00  3.8863873683e+00 -2.7876652212e+00  5.7038540985e+00  4.0385471748e+00 -8.1761187244e-01  1.7617565740e+00  3.9730173828e+00  8.7029204481e-01  9.7330943974e-01  2.3912702800e+00 -2.0316391049e+00  1.2461896842e+00  1.3972361351e+00 -2.4598017450e+00  6.7186890166e-01  2.8385386319e+00 -5.8901388902e-01  4.1494803468e+00  4.2814275255e+00
ENERGY -4.218988582329e+02

JOB 23
COORDS -1.8104200173e+00  2.3736335013e+00  2.0546749712e+00  8.0045992032e-01  2.0077740192e+00  5.1298626650e-01  1.3627453397e+00  2.4572233686e+00  2.9383163479e+00 -2.4474377881e+00  4.6899753140e+00  2.5842252739e+00 -8.3732387544e-01  1.1964125443e+00  2.3106949803e+00  6.4581142001e-01  1.5156539355e+00  1.9579736685e+00 -1.2428346236e+00  4.0874892647e-03  1.5589040015e+00 -1.5450238673e+00  3.5493554293e+00  2.6982611733e+00 -2.7450544249e+00  2.2729999446e+00  1.2574194732e+00  2.9560760736e-01  2.9688700625e+00  3.6344173082e-01  1.8589281202e+00  2.1452913297e+00  2.6622602000e-01  3.8854229611e-01  1.2895355016e+00 -2.0201819442e-01  1.1030824048e+00  3.5080354942e+00  2.7724185680e+00  1.1474036704e+00  2.2015185645e+00  3.9838472928e+00  2.4467788585e+00  2.3777146199e+00  2.8044949919e+00 -2.6839294752e+00  4.8590071939e+00  1.5322745913e+00 -1.9514834444e+00  5.5754400279e+00  2.9886593309e+00 -3.3885384744e+00  4.5243858951e+00  3.1221797298e+00 -8.7353513270e-01  9.4795064412e-01  3.3794175866e+00  1.1318709466e+00  5.3694317928e-01  2.0331870540e+00 -1.5437594337e+00  3.1028425109e-01  6.3336134508e-01 -2.0962957596e+00 -3.6592824112e-01  1.9763624043e+00 -8.8009728791e-01  3.5401908745e+00  3.4582915327e+00
ENERGY -4.218968402443e+02

