JOB 0
COORDS -5.2774578091e-01 -1.3395237144e+00  7.3372421335e-01 -1.2153382857e+00 -9.6366095747e-01 -3.5971136473e-01 -2.0884534310e+00  2.1209334845e-01 -4.6336540170e-01 -2.0740753471e+00  1.3491565958e+00  6.0073875668e-01 -2.8869919388e+00  3.4297451145e-01 -1.3907472376e+00 -1.3496219890e+00  1.3825654575e+00  1.5701791284e+00 -2.9697802926e+00  2.3037247776e+00  3.1493166221e-01  3.9306186546e-02 -2.2671663348e+00  7.2426828071e-01 -5.1206416082e-01 -7.4089863548e-01  1.6371272352e+00 -1.2328791957e+00 -1.5895704591e+00 -1.2496933211e+00 -3.4155123272e+00  2.0289143891e+00 -5.1826035931e-01
ENERGY -3.805548004672e+02

JOB 1
COORDS -5.8433171385e-01 -1.3648430832e+00  7.5003515215e-01 -1.1510455465e+00 -9.2127596027e-01 -3.8535207341e-01 -2.0759920131e+00  2.1761263754e-01 -4.6995535594e-01 -2.0190444274e+00  1.3843095415e+00  5.5833054212e-01 -2.9584869702e+00  2.7799587198e-01 -1.3240881716e+00 -1.2102579329e+00  1.4722011936e+00  1.4543961952e+00 -2.9789393724e+00  2.2921078673e+00  3.3249570836e-01 -1.3697870444e-02 -2.2901405439e+00  7.5002733515e-01 -6.6741098776e-01 -8.2191978736e-01  1.6847916947e+00 -1.0874243859e+00 -1.5025168631e+00 -1.3031331921e+00 -3.4865253417e+00  1.9750781045e+00 -4.4835624246e-01
ENERGY -3.805534022409e+02

JOB 2
COORDS -6.3894960182e-01 -1.3923051231e+00  7.5783173093e-01 -1.0900939135e+00 -8.7915766329e-01 -3.9787310807e-01 -2.0680225581e+00  2.1999678270e-01 -4.7014665266e-01 -1.9715539125e+00  1.4217629230e+00  5.1185989487e-01 -3.0269651508e+00  1.9952086540e-01 -1.2369184115e+00 -1.0961658225e+00  1.5574010543e+00  1.3356726702e+00 -2.9783818788e+00  2.2908125818e+00  3.4072253645e-01 -5.7524492930e-02 -2.3105794723e+00  7.6298853229e-01 -8.2521007266e-01 -9.1149724926e-01  1.7124411066e+00 -9.3866568174e-01 -1.4076588290e+00 -1.3371082744e+00 -3.5416234769e+00  1.9303131082e+00 -3.8027843248e-01
ENERGY -3.805508652519e+02

JOB 3
COORDS -6.9039712082e-01 -1.4374247836e+00  7.5909166336e-01 -1.0393966773e+00 -8.4211217625e-01 -3.8939417341e-01 -2.0696786772e+00  2.1742098264e-01 -4.5093661766e-01 -1.9331669419e+00  1.4698220727e+00  4.5839726189e-01 -3.0925152531e+00  1.1016252300e-01 -1.1178588763e+00 -9.9973607558e-01  1.6589126045e+00  1.2030842169e+00 -2.9731302879e+00  2.3076823643e+00  3.2760434688e-01 -7.7999434563e-02 -2.3350062739e+00  7.5563875248e-01 -9.9019134213e-01 -1.0428390111e+00  1.7255547596e+00 -7.8122079902e-01 -1.2872271741e+00 -1.3485858773e+00 -3.5857239528e+00  1.8992178503e+00 -3.2340386414e-01
ENERGY -3.805472287009e+02

JOB 4
COORDS -7.4142052762e-01 -1.5232596115e+00  7.5615548195e-01 -1.0130518200e+00 -8.1728608353e-01 -3.4525788613e-01 -2.0937593744e+00  2.0425952288e-01 -3.8996918218e-01 -1.8995760441e+00  1.5384323461e+00  3.8153057924e-01 -3.1656633601e+00  2.0467048344e-02 -9.4945651292e-01 -9.0185628601e-01  1.8020882470e+00  1.0098727921e+00 -2.9626081733e+00  2.3516443516e+00  2.7506538685e-01 -4.7600418286e-02 -2.3586414963e+00  7.2702354705e-01 -1.1886255173e+00 -1.2845788296e+00  1.7177930339e+00 -5.9127246977e-01 -1.0959171050e+00 -1.3095934643e+00 -3.6277225713e+00  1.8814005884e+00 -2.7397218342e-01
ENERGY -3.805433658176e+02

JOB 5
COORDS -8.0518123234e-01 -1.6470466815e+00  7.4612520046e-01 -1.0202356886e+00 -8.0552851802e-01 -2.6649749103e-01 -2.1431462659e+00  1.7581004848e-01 -2.8450397246e-01 -1.8590739204e+00  1.6049321557e+00  2.5355929683e-01 -3.2544250617e+00 -5.4433256988e-02 -7.3627710712e-01 -7.7717178085e-01  1.9504019469e+00  6.6556514088e-01 -2.9373758172e+00  2.4028187431e+00  1.9503127721e-01  2.7518945276e-02 -2.3441859489e+00  7.2560267785e-01 -1.4483146370e+00 -1.6696258154e+00  1.6225690334e+00 -3.5059639934e-01 -7.6719634581e-01 -1.1247902962e+00 -3.6651547040e+00  1.8726626508e+00 -1.9719216764e-01
ENERGY -3.805421038263e+02

JOB 6
COORDS -8.5452379192e-01 -1.7255534051e+00  7.1343063654e-01 -1.0024131251e+00 -7.7567751855e-01 -2.1539879261e-01 -2.1503348886e+00  1.6639755199e-01 -2.0980526374e-01 -1.8326896299e+00  1.6443403649e+00  1.4358185264e-01 -3.2949291449e+00 -1.0986772729e-01 -5.4006692309e-01 -7.1480882599e-01  2.0384079414e+00  3.8080751266e-01 -2.9255281702e+00  2.4231046533e+00  1.4069251048e-01  3.7451387885e-02 -2.3447497214e+00  7.4415847758e-01 -1.6191494863e+00 -1.9168644044e+00  1.4625140788e+00 -1.9440772000e-01 -5.3267642035e-01 -9.0336771392e-01 -3.6818231672e+00  1.8517476639e+00 -1.1735478315e-01
ENERGY -3.805443869002e+02

JOB 7
COORDS -8.9006673497e-01 -1.7822205314e+00  6.7413721526e-01 -9.6424805310e-01 -7.3692480921e-01 -1.6013060109e-01 -2.1284699496e+00  1.7490503687e-01 -1.4580821023e-01 -1.8234808115e+00  1.6815819031e+00  6.0418985115e-02 -3.2898002624e+00 -1.5107991949e-01 -3.5884943216e-01 -7.0096097966e-01  2.1176897444e+00  1.7277786420e-01 -2.9334881327e+00  2.4342357588e+00  8.7217834063e-02  9.6472591268e-03 -2.3876764366e+00  7.3885487416e-01 -1.7276514404e+00 -2.0608413605e+00  1.3091390425e+00 -9.3430640582e-02 -3.9778124188e-01 -7.1632231955e-01 -3.6912068164e+00  1.8267208345e+00 -6.2243660084e-02
ENERGY -3.805478957930e+02

JOB 8
COORDS -9.1602102294e-01 -1.8290133747e+00  6.3291432966e-01 -9.2450217970e-01 -6.9808826429e-01 -8.8166902452e-02 -2.1020689944e+00  1.8984210667e-01 -8.0450006647e-02 -1.8232118644e+00  1.7127041934e+00 -1.2028372262e-02 -3.2684774247e+00 -1.7557982543e-01 -1.8284368315e-01 -7.0728543842e-01  2.1803884681e+00 -2.0555991175e-03 -2.9479409641e+00  2.4418386084e+00  2.5422579767e-02 -2.2709875867e-02 -2.4423772173e+00  7.1136239262e-01 -1.8058833127e+00 -2.1653254546e+00  1.1596781427e+00 -1.8197253126e-02 -3.0322944715e-01 -5.3899493629e-01 -3.6968582319e+00  1.8074491853e+00 -2.5646352623e-02
ENERGY -3.805512962089e+02

JOB 9
COORDS -1.0082999409e+00 -1.9681334858e+00  1.2801451150e-01 -9.0365225206e-01 -6.7347358735e-01 -2.1054691931e-01 -2.0857998205e+00  2.0492621154e-01 -1.8414061521e-01 -1.8296090251e+00  1.7109780067e+00  7.1061857991e-02 -3.2428876758e+00 -1.5303116699e-01 -3.8507466574e-01 -7.2233922458e-01  2.1790386254e+00  2.1190924810e-01 -2.9619195364e+00  2.4275159244e+00  1.1113755693e-01 -1.3485282919e-01 -2.6122326739e+00  1.7897583143e-01 -1.9755947437e+00 -2.4065068179e+00  3.6189838207e-01  5.7618833734e-02 -1.9695649787e-01 -3.7753426586e-01 -3.6985511808e+00  1.7984337763e+00 -5.5625731811e-02
ENERGY -3.805539026679e+02

JOB 10
COORDS -1.0132714048e+00 -1.9881452582e+00  7.5973624156e-02 -8.9244061617e-01 -6.6327329292e-01 -1.0593776191e-01 -2.0803838143e+00  2.0700990751e-01 -1.0307826678e-01 -1.8281291775e+00  1.7303911003e+00  1.3721112846e-02 -3.2440217317e+00 -1.7334989156e-01 -2.0393513809e-01 -7.2101809865e-01  2.2153309273e+00  8.1513814366e-02 -2.9639361968e+00  2.4420160347e+00  2.7634160747e-02 -1.4208167036e-01 -2.6363518935e+00  1.1047927773e-01 -1.9928489890e+00 -2.4452225934e+00  1.9496433799e-01  7.2742513805e-02 -1.7381376948e-01 -1.8893328032e-01 -3.7004982099e+00  1.7959670437e+00 -5.2326690634e-02
ENERGY -3.805554561439e+02

JOB 11
COORDS -1.0140755792e+00 -1.9956824769e+00  2.3415290663e-02 -8.8939109015e-01 -6.5876295566e-01  2.1990529657e-03 -2.0793208367e+00  2.0854805516e-01 -1.9601439568e-02 -1.8276980320e+00  1.7362906839e+00 -4.2692444679e-02 -3.2455472738e+00 -1.7782705030e-01 -2.0617246696e-02 -7.2017330163e-01  2.2251366102e+00 -4.8674535214e-02 -2.9641722272e+00  2.4467528657e+00 -5.7661289266e-02 -1.4360031756e-01 -2.6455379850e+00  4.0345590886e-02 -1.9971311671e+00 -2.4607407768e+00  2.4539490335e-02  7.6462362182e-02 -1.6397090307e-01  2.0564732856e-04 -3.7012399319e+00  1.7963522472e+00 -5.1382926654e-02
ENERGY -3.805559561662e+02

JOB 12
COORDS -1.0127306004e+00 -1.9898928712e+00 -2.9552073219e-02 -8.9354473475e-01 -6.5970249259e-01  1.0960862230e-01 -2.0812495617e+00  2.0980606937e-01  6.5767139756e-02 -1.8275522892e+00  1.7285260867e+00 -9.8827586594e-02 -3.2459233730e+00 -1.6720226664e-01  1.6724833170e-01 -7.1972381111e-01  2.2111428630e+00 -1.7131494949e-01 -2.9630363209e+00  2.4391084270e+00 -1.4791699130e-01 -1.4134362442e-01 -2.6387394734e+00 -3.3650832558e-02 -1.9911161250e+00 -2.4508265616e+00 -1.4336090165e-01  7.0820856079e-02 -1.6759845619e-01  1.8622369443e-01 -3.7004878107e+00  1.7959369900e+00 -5.4149263269e-02
ENERGY -3.805554561433e+02

JOB 13
COORDS -1.0072242093e+00 -1.9716152341e+00 -8.2174541229e-02 -9.0582734044e-01 -6.6643536759e-01  2.1437798606e-01 -2.0874934730e+00  2.1040809651e-01  1.4679810664e-01 -1.8284490990e+00  1.7072253240e+00 -1.5550646902e-01 -3.2466379001e+00 -1.4089436159e-01  3.4762401966e-01 -7.1971700698e-01  2.1705535907e+00 -3.0043791769e-01 -2.9601690385e+00  2.4218504499e+00 -2.3087598365e-01 -1.3341051236e-01 -2.6169007843e+00 -1.0283466427e-01 -1.9721490035e+00 -2.4176576620e+00 -3.1129975249e-01  5.3765240704e-02 -1.8448674061e-01  3.7532197344e-01 -3.6985750527e+00  1.7985110035e+00 -5.0917567341e-02
ENERGY -3.805539026686e+02

JOB 14
COORDS -9.1128776265e-01 -1.8495658156e+00 -5.9077830605e-01 -9.2632797741e-01 -6.9538775045e-01  9.2352848743e-02 -2.1032544191e+00  1.9208189553e-01  4.3504210661e-02 -1.8228480282e+00  1.7117765055e+00 -7.2481985012e-02 -3.2708343873e+00 -1.6946846070e-01  1.4629116257e-01 -7.0661137318e-01  2.1786074658e+00 -8.6790694311e-02 -2.9467296683e+00  2.4395478794e+00 -1.4523467961e-01 -1.7571437954e-02 -2.4653804739e+00 -6.3994678623e-01 -1.7960354872e+00 -2.2029363121e+00 -1.1149846022e+00 -2.4341473682e-02 -2.8603311887e-01  5.3889175041e-01 -3.6964806915e+00  1.8073766019e+00 -8.0674835041e-02
ENERGY -3.805512962087e+02

JOB 15
COORDS -8.8489823294e-01 -1.8041626064e+00 -6.3326732163e-01 -9.6680119803e-01 -7.3181021454e-01  1.6516918496e-01 -2.1303054716e+00  1.7932204637e-01  1.0906706559e-01 -1.8224153930e+00  1.6782745473e+00 -1.4385143128e-01 -3.2938860012e+00 -1.3915633232e-01  3.2118180794e-01 -6.9858495131e-01  2.1101596770e+00 -2.5937475231e-01 -2.9316719648e+00  2.4298941806e+00 -2.0661573493e-01  1.5075049784e-02 -2.4116384015e+00 -6.6892812186e-01 -1.7162682896e+00 -2.1034522588e+00 -1.2670294865e+00 -1.0137887707e-01 -3.7465124729e-01  7.1849738915e-01 -3.6911873767e+00  1.8278390260e+00 -4.4700515191e-02
ENERGY -3.805478957959e+02

JOB 16
COORDS -8.4893384674e-01 -1.7488342677e+00 -6.7405702323e-01 -1.0055343383e+00 -7.6870343794e-01  2.2130853345e-01 -2.1528093452e+00  1.7294204959e-01  1.7308978030e-01 -1.8308174013e+00  1.6383036844e+00 -2.2582463491e-01 -3.3007945428e+00 -9.1969688176e-02  5.0087490121e-01 -7.1040452982e-01  2.0240389646e+00 -4.6479324819e-01 -2.9231877821e+00  2.4169969630e+00 -2.5961247975e-01  4.2952060851e-02 -2.3689196334e+00 -6.7537486454e-01 -1.6061643233e+00 -1.9646508861e+00 -1.4239927442e+00 -2.0428766929e-01 -5.0325842094e-01  9.0888854571e-01 -3.6823409886e+00  1.8546730892e+00  9.6413180417e-03
ENERGY -3.805443868991e+02

JOB 17
COORDS -7.9922422550e-01 -1.6714648277e+00 -7.0883721141e-01 -1.0238808993e+00 -7.9684358212e-01  2.7318790742e-01 -2.1463580154e+00  1.8482012382e-01  2.4750351620e-01 -1.8561270098e+00  1.5952849630e+00 -3.3469491666e-01 -3.2622145495e+00 -3.0081604284e-02  6.9553613062e-01 -7.6997673119e-01  1.9266737232e+00 -7.4709015640e-01 -2.9345062487e+00  2.3949267974e+00 -3.1336590526e-01  3.2834324801e-02 -2.3677408268e+00 -6.5694883796e-01 -1.4336046984e+00 -1.7228844971e+00 -1.5904277407e+00 -3.6280633372e-01 -7.3028565903e-01  1.1363816116e+00 -3.6664583199e+00  1.8782138061e+00  8.8903686418e-02
ENERGY -3.805421038277e+02

JOB 18
COORDS -7.3529596689e-01 -1.5480924188e+00 -7.2232175847e-01 -1.0174894300e+00 -8.0598949106e-01  3.5236134503e-01 -2.0980089673e+00  2.1673273286e-01  3.5245762335e-01 -1.8953898468e+00  1.5245953256e+00 -4.6079367448e-01 -3.1755395025e+00  5.1811929936e-02  9.0699624241e-01 -8.9130849537e-01  1.7670743819e+00 -1.0875295659e+00 -2.9589684198e+00  2.3411379764e+00 -3.9191022228e-01 -4.2274928356e-02 -2.3822173404e+00 -6.5863943524e-01 -1.1727596242e+00 -1.3412619556e+00 -1.6957458259e+00 -6.0549955757e-01 -1.0526532227e+00  1.3295499283e+00 -3.6297879679e+00  1.8894804982e+00  1.6572342707e-01
ENERGY -3.805433658179e+02

JOB 19
COORDS -6.8419717191e-01 -1.4624141707e+00 -7.2758741452e-01 -1.0442870068e+00 -8.2933498147e-01  3.9702968106e-01 -2.0745298196e+00  2.3189906619e-01  4.1319286333e-01 -1.9282520184e+00  1.4534866663e+00 -5.3567893619e-01 -3.1040224447e+00  1.4701426572e-01  1.0730592208e+00 -9.8733917405e-01  1.6176060203e+00 -1.2768635830e+00 -2.9689912137e+00  2.2954637102e+00 -4.4306781343e-01 -7.2373437801e-02 -2.3595347761e+00 -6.8832301075e-01 -9.7412130428e-01 -1.0999593499e+00 -1.7095221503e+00 -7.9593506290e-01 -1.2425222687e+00  1.3729541032e+00 -3.5882740525e+00  1.9089142347e+00  2.1495512370e-01
ENERGY -3.805472287001e+02

JOB 20
COORDS -6.3273925292e-01 -1.4172896495e+00 -7.2730779446e-01 -1.0950870351e+00 -8.6606758870e-01  4.0622386806e-01 -2.0730633894e+00  2.3510883795e-01  4.3232286397e-01 -1.9661314275e+00  1.4036937965e+00 -5.8790248985e-01 -3.0396111453e+00  2.4024848178e-01  1.1897449175e+00 -1.0825002987e+00  1.5117852825e+00 -1.4069762454e+00 -2.9741216250e+00  2.2781701287e+00 -4.5567257605e-01 -5.1812845557e-02 -2.3353696697e+00 -6.9627273585e-01 -8.0920445646e-01 -9.6829406309e-01 -1.6991160538e+00 -9.5332631044e-01 -1.3632307548e+00  1.3638978211e+00 -3.5447249203e+00  1.9418636149e+00  2.7120650879e-01
ENERGY -3.805508652520e+02

JOB 21
COORDS -5.7818618413e-01 -1.3895975736e+00 -7.1987970459e-01 -1.1559348826e+00 -9.0856266882e-01  3.9449553305e-01 -2.0810321351e+00  2.3272145230e-01  4.3213077060e-01 -2.0131778054e+00  1.3647341547e+00 -6.3357980294e-01 -2.9719606985e+00  3.2154889941e-01  1.2749487740e+00 -1.1954520060e+00  1.4227297893e+00 -1.5239476811e+00 -2.9747601097e+00  2.2797372678e+00 -4.4749874941e-01 -8.1058019344e-03 -2.3145231692e+00 -6.8355776064e-01 -6.5163785123e-01 -8.7788863157e-01 -1.6728730682e+00 -1.1017927630e+00 -1.4591256072e+00  1.3315973617e+00 -3.4902824692e+00  1.9888445033e+00  3.3831241140e-01
ENERGY -3.805534022413e+02

JOB 22
COORDS -5.2175127441e-01 -1.3637657060e+00 -7.0385163021e-01 -1.2199929309e+00 -9.5175776924e-01  3.6963127343e-01 -2.0934303028e+00  2.2699008465e-01  4.2560322350e-01 -2.0678033129e+00  1.3282099901e+00 -6.7534856188e-01 -2.9010965415e+00  3.8868115030e-01  1.3401313948e+00 -1.3337060650e+00  1.3293443877e+00 -1.6380859625e+00 -2.9657699958e+00  2.2919269111e+00 -4.3023842588e-01  4.4651801611e-02 -2.2907217496e+00 -6.5804578627e-01 -4.9672776069e-01 -7.9537100853e-01 -1.6263678207e+00 -1.2467572538e+00 -1.5478658179e+00  1.2796186747e+00 -3.4199390703e+00  2.0449479438e+00  4.0710170502e-01
ENERGY -3.805548004664e+02

JOB 23
COORDS -4.6897828277e-01 -1.3347952035e+00 -6.7872610613e-01 -1.2827681148e+00 -9.9281869982e-01  3.3683525362e-01 -2.1046881405e+00  2.2052754325e-01  4.1848973333e-01 -2.1256867656e+00  1.2914816406e+00 -7.1262412236e-01 -2.8211624541e+00  4.4693178502e-01  1.3938322799e+00 -1.4859722215e+00  1.2322870608e+00 -1.7389698034e+00 -2.9511767716e+00  2.3041036282e+00 -4.1648349039e-01  9.5379956013e-02 -2.2629187793e+00 -6.3004492139e-01 -3.5306294336e-01 -7.1036370579e-01 -1.5569331547e+00 -1.3852283774e+00 -1.6341741804e+00  1.2099442348e+00 -3.3389785911e+00  2.1003573274e+00  4.6482818075e-01
ENERGY -3.805552375740e+02

