JOB 0
COORDS -1.8074519294e+00 -1.3496453464e+00  1.3816998696e+00 -3.8443848055e-01 -1.6508083946e+00  1.7982447010e+00 -7.4527456738e-01 -1.5907817545e+00  3.3321514784e-01 -2.5651499055e+00  4.2700497680e-01 -1.4794234115e+00 -2.5114247182e-01  9.6276129980e-01 -2.6834106826e+00 -2.4728886049e-01 -4.3858102463e-01 -4.0187340912e-01 -1.1408422426e+00 -1.5350187692e+00 -2.6128901038e+00 -9.6153295249e-01 -2.0732920760e-01 -1.9745404751e+00 -2.5653106484e+00 -2.1149898062e+00  1.5193955635e+00 -2.1476710181e+00 -3.2743695604e-01  1.5133943976e+00  1.9800726419e-01 -8.2586105450e-01  2.1961530382e+00 -1.5609884213e-01 -2.6249579531e+00  2.2195773162e+00 -7.8697305955e-01 -2.5310680091e+00 -2.1371280459e-01 -3.0445004623e+00 -3.1508266317e-01 -8.4296687718e-01 -2.4197091263e+00  1.3734697934e+00 -9.6017019417e-01 -3.1270364859e+00  5.6815595446e-01 -2.4032456401e+00  4.6458377146e-01  6.0913831110e-01 -3.3204831474e+00  7.5231930780e-01 -5.5560013502e-01 -5.8671785586e-01
ENERGY -7.412705234341e+02

JOB 1
COORDS -1.8048210508e+00 -1.4990838265e+00  1.3555775499e+00 -3.7152148179e-01 -1.6467693966e+00  1.8188652288e+00 -6.8994012572e-01 -1.6291648350e+00  3.4281747051e-01 -2.5540686066e+00  5.5046900524e-01 -1.4896461679e+00 -2.2910498212e-01  8.3276709228e-01 -2.7344100093e+00 -2.9955174595e-01 -4.3747084259e-01 -3.8609783740e-01 -1.3075892098e+00 -1.5868713095e+00 -2.5092716760e+00 -1.0151673647e+00 -2.4293180055e-01 -1.9565497094e+00 -2.4818557932e+00 -2.3397401255e+00  1.4713875592e+00 -2.2549542150e+00 -5.1854592432e-01  1.4735279434e+00  1.0769541541e-01 -7.6487292585e-01  2.2320098638e+00 -5.5707305217e-02 -2.5908806817e+00  2.2520445077e+00 -6.2234771731e-01 -2.5701819574e+00 -1.9907378911e-01 -3.0707024338e+00 -1.0723107828e-01 -7.9140614638e-01 -2.3223079434e+00  1.5148156512e+00 -1.0397642041e+00 -3.1291505859e+00  6.7025813079e-01 -2.4084517226e+00  4.8320822690e-01  3.9541289093e-01 -3.3220134273e+00  7.1024136382e-01 -3.9404362902e-01 -5.3376209222e-01
ENERGY -7.412718167241e+02

JOB 2
COORDS -1.7898435101e+00 -1.6389554495e+00  1.3139214819e+00 -3.6824911342e-01 -1.6229816004e+00  1.8333748446e+00 -6.3037455242e-01 -1.6482360800e+00  3.4550480702e-01 -2.5383518900e+00  6.9278995667e-01 -1.5115751128e+00 -2.3089348997e-01  7.2298512054e-01 -2.7851951039e+00 -3.5026962446e-01 -4.2812109091e-01 -3.7932528987e-01 -1.4847326887e+00 -1.5990628645e+00 -2.4035460011e+00 -1.0770198938e+00 -2.5315416545e-01 -1.9404159853e+00 -2.3728036680e+00 -2.5496100505e+00  1.4080225676e+00 -2.3529875266e+00 -7.1565615376e-01  1.4050174602e+00 -5.4817520195e-03 -6.9181188373e-01  2.2569049475e+00  3.3798701922e-02 -2.5241820536e+00  2.2862062411e+00 -4.4312014799e-01 -2.5801197467e+00 -1.8325810047e-01 -3.0928089387e+00  1.2161781911e-01 -7.6709032654e-01 -2.2218104493e+00  1.6591583083e+00 -1.1221312456e+00 -3.1201863557e+00  8.0477521593e-01 -2.4272143409e+00  4.8914197563e-01  2.1424650627e-01 -3.3024854600e+00  6.4382564444e-01 -2.2972833700e-01 -4.8890809518e-01
ENERGY -7.412721675231e+02

JOB 3
COORDS -1.1952222920e+00 -3.5165856647e-01  1.2948924017e+00 -3.2170084441e-01 -1.5283539198e+00  1.6717101112e+00 -1.0759226713e+00 -1.5301502860e+00  3.6032648389e-01 -4.4184355559e-01  9.0553469506e-01 -2.3266340359e+00 -4.2575925660e-01 -1.4353148769e+00 -3.5047067952e+00 -2.8471346350e-01 -1.3609585519e+00 -8.3530244379e-01 -2.5127584988e+00 -7.5438053770e-01 -1.9785336464e+00 -1.0611825671e+00 -7.7659221666e-01 -2.2607983582e+00 -2.1419309429e+00 -2.1373952804e-01  1.8070090928e+00 -6.8973071972e-01  5.6342796775e-01  1.0035248628e+00  7.5332388723e-01 -1.3864777154e+00  1.6242727293e+00 -6.6398447566e-01 -2.2076922924e+00  2.4465028820e+00 -1.9452709110e+00 -2.1793032897e+00  2.8309221798e-01 -7.2884454104e-01  1.3942101534e+00 -1.3953912610e+00  6.4038085955e-01  8.7212842566e-01 -2.4427074219e+00 -9.1655150841e-01  1.3875405043e+00 -3.1821132235e+00 -8.5769271477e-01 -2.3439771786e+00 -3.6877342643e+00  2.9644970385e-01 -2.1563665162e+00 -1.0926469625e+00
ENERGY -7.412718512892e+02

JOB 4
COORDS -1.3465784258e+00 -4.8825673624e-01  1.3225677136e+00 -3.1006870380e-01 -1.5199278258e+00  1.7072289989e+00 -1.0308234429e+00 -1.6182929368e+00  3.7794107341e-01 -2.7680096771e-01  8.7259498533e-01 -2.4205353307e+00 -5.6969917808e-01 -1.5006168582e+00 -3.4634101496e+00 -2.5070835071e-01 -1.3119438461e+00 -7.9614932577e-01 -2.4669330911e+00 -5.5828920723e-01 -1.8274737884e+00 -1.0511130868e+00 -7.3310025826e-01 -2.2117551509e+00 -2.3142524321e+00 -5.0528593406e-01  1.8129013804e+00 -9.9016559364e-01  4.9760267784e-01  1.0428340670e+00  7.3213070507e-01 -1.2179203854e+00  1.6819608136e+00 -5.5946445161e-01 -2.2553027788e+00  2.4663055346e+00 -1.7862093750e+00 -2.3954600410e+00  2.7880620537e-01 -4.6964459476e-01  1.4451095238e+00 -1.5132085876e+00  7.9092402361e-01  7.2748443919e-01 -2.5790024102e+00 -7.4089336638e-01  1.3427555437e+00 -3.2882870904e+00 -1.0535852916e+00 -2.3985155208e+00 -3.5416148366e+00  4.2719446987e-01 -2.0194197139e+00 -1.0719352046e+00
ENERGY -7.412711017738e+02

JOB 5
COORDS -1.5196560298e+00 -6.3226397965e-01  1.3582315165e+00 -3.1896477069e-01 -1.4765887943e+00  1.7180090902e+00 -9.7176279995e-01 -1.6098722245e+00  3.5506308097e-01 -1.9838830882e-01  9.1811159162e-01 -2.5903175260e+00 -8.9707389759e-01 -1.4632456016e+00 -3.3866093963e+00 -2.2581511386e-01 -1.0744096213e+00 -7.6166193675e-01 -2.4582563047e+00 -1.9359596887e-01 -1.6317787958e+00 -1.1260211743e+00 -5.5555990168e-01 -2.1558450809e+00 -2.4805000518e+00 -8.6574742164e-01  1.8047399121e+00 -1.3553503635e+00  4.1849734715e-01  1.1473333049e+00  6.4919761865e-01 -9.8717139785e-01  1.7518493166e+00 -4.4553531807e-01 -2.3000660166e+00  2.4146294908e+00 -1.5566916347e+00 -2.5114834727e+00  1.7592160349e-01 -2.4509940566e-01  1.5926287999e+00 -1.7358889086e+00  8.2931793109e-01  6.3661585365e-01 -2.8178041467e+00 -6.8228624413e-01  1.3507339115e+00 -3.4665016452e+00 -1.4759178135e+00 -2.3046601691e+00 -3.3280403695e+00  5.1137031838e-01 -1.6987117065e+00 -1.0885445532e+00
ENERGY -7.412701334308e+02

JOB 6
COORDS -1.6393731396e+00 -8.0848021843e-01  1.3438102310e+00 -3.4043288158e-01 -1.4683881298e+00  1.7438499934e+00 -8.6602883808e-01 -1.6047030469e+00  3.2798974514e-01 -3.2234771593e-02  8.5440419062e-01 -2.7442049048e+00 -1.0576559767e+00 -1.5000634764e+00 -3.2324965086e+00 -1.4788404857e-01 -8.6745818806e-01 -6.9243317481e-01 -2.3444914966e+00  1.0858981486e-01 -1.5520561164e+00 -1.0905814833e+00 -4.4478719379e-01 -2.1012646215e+00 -2.5738150553e+00 -1.2309377003e+00  1.6985353317e+00 -1.6441447094e+00  2.6623198645e-01  1.2054134884e+00  5.2669331658e-01 -8.3049516517e-01  1.8825597919e+00 -3.7110273328e-01 -2.3517515063e+00  2.3748578969e+00 -1.2676321552e+00 -2.5782641233e+00  4.4634324996e-02  6.0164591323e-02  1.6132575140e+00 -1.9681614450e+00  9.3728726979e-01  4.3246440283e-01 -3.0091400049e+00 -5.2927958553e-01  1.2484913233e+00 -3.6309937830e+00 -1.7572276727e+00 -2.2277473572e+00 -3.0690366791e+00  6.5560210755e-01 -1.4010190395e+00 -1.0302459571e+00
ENERGY -7.412694633691e+02

JOB 7
COORDS -1.7367594474e+00 -9.8046275376e-01  1.2887315301e+00 -3.7909824639e-01 -1.4485438574e+00  1.7561332707e+00 -7.7936024211e-01 -1.5989163777e+00  3.0197931466e-01  4.1253173666e-02  7.5916410918e-01 -2.8632701689e+00 -1.2404291127e+00 -1.5244418080e+00 -3.0572792982e+00 -1.2918183583e-01 -7.0978358849e-01 -6.3996704297e-01 -2.2789886079e+00  3.6114148559e-01 -1.5143693272e+00 -1.1051454297e+00 -3.5818584036e-01 -2.0481332557e+00 -2.6121077947e+00 -1.5611369667e+00  1.5617840657e+00 -1.9037731940e+00  8.5187444838e-02  1.1874867902e+00  3.6421732283e-01 -6.8998370876e-01  1.9793977875e+00 -3.1196030066e-01 -2.3548427479e+00  2.3506697622e+00 -9.9843783997e-01 -2.6083676284e+00 -4.8458773368e-02  2.8841955609e-01  1.5535106076e+00 -2.1597492869e+00  9.2589466124e-01  2.0421762973e-01 -3.1766038379e+00 -4.8414872826e-01  1.1499889331e+00 -3.7349283253e+00 -2.0463865317e+00 -2.1081767184e+00 -2.8238212249e+00  7.3757608674e-01 -1.1312962562e+00 -9.8176509063e-01
ENERGY -7.412688362894e+02

JOB 8
COORDS -1.7843658539e+00 -1.1237919042e+00  1.2182869888e+00 -4.0962014543e-01 -1.4449951474e+00  1.7556176404e+00 -6.9270000184e-01 -1.5672645530e+00  2.7326361385e-01  1.1255281770e-01  7.1998087039e-01 -2.9222971880e+00 -1.3623250515e+00 -1.4594942696e+00 -2.8950403123e+00 -1.1354001895e-01 -5.5373381167e-01 -5.8300216928e-01 -2.1978782724e+00  6.2130219544e-01 -1.4955654648e+00 -1.0975900386e+00 -2.2994214047e-01 -1.9915321120e+00 -2.5929938980e+00 -1.8230964186e+00  1.4062988046e+00 -2.0770872556e+00 -8.2283124509e-02  1.1558604295e+00  2.1407988953e-01 -6.1254195246e-01  2.0646376420e+00 -2.6762638957e-01 -2.3660216641e+00  2.3131049114e+00 -7.6400126515e-01 -2.5727312263e+00 -1.4258473040e-01  4.9966687114e-01  1.5060290975e+00 -2.2736818971e+00  8.9890346430e-01  5.2067042265e-02 -3.2745532590e+00 -4.2702366205e-01  1.1432725578e+00 -3.7698375533e+00 -2.2334453787e+00 -1.9186649392e+00 -2.6220794725e+00  8.1106236509e-01 -8.4076447867e-01 -9.1077088768e-01
ENERGY -7.412679354453e+02

JOB 9
COORDS -1.7746193463e+00 -1.2447805581e+00  1.1947443127e+00 -3.9958007680e-01 -1.4611429212e+00  1.7833631848e+00 -6.0398453783e-01 -1.5493503380e+00  2.8707296943e-01  1.9338647820e-01  6.3514966765e-01 -2.9385976188e+00 -1.4443390735e+00 -1.4170774935e+00 -2.7201465350e+00 -9.5585898743e-02 -4.5210262422e-01 -5.0298204995e-01 -2.0954158533e+00  8.2401423133e-01 -1.4855093621e+00 -1.0693929738e+00 -1.4472535276e-01 -1.9209952345e+00 -2.5215332306e+00 -2.0222691850e+00  1.3211630921e+00 -2.1575064327e+00 -2.3101667713e-01  1.1620463470e+00  1.2829195556e-01 -5.8868144199e-01  2.1539932570e+00 -1.9978294478e-01 -2.3874193997e+00  2.3136836672e+00 -5.7189167040e-01 -2.5368753427e+00 -1.7325244422e-01  6.7326239682e-01  1.4207964027e+00 -2.3532220421e+00  9.0086824637e-01 -1.2427220905e-01 -3.2715859031e+00 -3.3313675024e-01  1.0604930280e+00 -3.7933476426e+00 -2.3572663266e+00 -1.7645232590e+00 -2.4209922011e+00  8.7367205675e-01 -5.9758494381e-01 -7.8795777367e-01
ENERGY -7.412665288860e+02

JOB 10
COORDS -1.7826096047e+00 -1.3598644251e+00  1.1544713181e+00 -4.0845570686e-01 -1.4735305258e+00  1.7747037501e+00 -5.6517726886e-01 -1.5224299715e+00  2.7133598002e-01  2.2153033953e-01  5.4874198250e-01 -2.9749467855e+00 -1.5542481853e+00 -1.3619123620e+00 -2.5972469587e+00 -1.4165200264e-01 -3.5351473491e-01 -4.5898376421e-01 -2.0355541631e+00  1.0132466949e+00 -1.5471450979e+00 -1.0869304569e+00 -6.2052579192e-02 -1.8993762182e+00 -2.4589406737e+00 -2.2054190264e+00  1.2316856288e+00 -2.2532554768e+00 -3.8263658452e-01  1.1539578945e+00  2.6372467074e-02 -5.7219369829e-01  2.1937741062e+00 -1.3984253938e-01 -2.3978730891e+00  2.2771751599e+00 -4.3904539880e-01 -2.4840009136e+00 -2.2551619224e-01  7.5785118348e-01  1.3446490721e+00 -2.4549673202e+00  8.7389319991e-01 -2.8088927442e-01 -3.2469911592e+00 -2.7881627562e-01  9.4478874305e-01 -3.8590973713e+00 -2.4892985543e+00 -1.6185323525e+00 -2.2763011708e+00  8.5335577415e-01 -3.5104129713e-01 -6.8021312361e-01
ENERGY -7.412648460653e+02

JOB 11
COORDS -1.7794222592e+00 -1.4911473643e+00  1.1232607426e+00 -4.0716835100e-01 -1.4955005560e+00  1.7589968550e+00 -5.4380104429e-01 -1.4855069755e+00  2.5250441521e-01  2.4146569392e-01  4.4740682736e-01 -2.9977540958e+00 -1.6853941100e+00 -1.2788862092e+00 -2.4811042981e+00 -2.2632633609e-01 -2.4389279166e-01 -4.0828470324e-01 -1.9576798732e+00  1.2181193031e+00 -1.6457943770e+00 -1.1157783461e+00  3.0419476797e-02 -1.8888208527e+00 -2.3679649562e+00 -2.4028746234e+00  1.1500491006e+00 -2.3452613806e+00 -5.6634049033e-01  1.1676908475e+00 -7.1738152018e-02 -5.7726922742e-01  2.2296166757e+00 -5.1758976460e-02 -2.4118544220e+00  2.2204751077e+00 -3.1913004331e-01 -2.4048253029e+00 -2.8691599959e-01  8.2185603499e-01  1.2558941791e+00 -2.5488954813e+00  8.4436825485e-01 -4.4350631506e-01 -3.1729229817e+00 -2.1980318978e-01  7.8664499084e-01 -3.9258270568e+00 -2.6305999135e+00 -1.4467359658e+00 -2.1327868666e+00  7.7256673387e-01 -1.0396044561e-01 -5.5142804898e-01
ENERGY -7.412635859541e+02

JOB 12
COORDS -1.7581346031e+00 -1.6514477730e+00  1.0562723053e+00 -4.0502247920e-01 -1.5154101659e+00  1.7188350247e+00 -5.2496005483e-01 -1.4390359611e+00  2.1221282533e-01  2.6887088207e-01  2.8074276642e-01 -3.0215768759e+00 -1.8336161017e+00 -1.1820634064e+00 -2.4016809583e+00 -3.5085827060e-01 -1.2694062218e-01 -3.6862074399e-01 -1.8278458582e+00  1.4091795289e+00 -1.8099234569e+00 -1.1416254990e+00  1.0718994005e-01 -1.9132986589e+00 -2.2262416205e+00 -2.6301920502e+00  1.0221013907e+00 -2.4376265216e+00 -8.0961757901e-01  1.1430725235e+00 -1.9719201907e-01 -5.8971263374e-01  2.2453852623e+00  6.0634791734e-02 -2.4024913509e+00  2.1374414670e+00 -1.7518396750e-01 -2.2931022509e+00 -3.6627689641e-01  8.8269202519e-01  1.1081717995e+00 -2.6609587942e+00  8.2474444825e-01 -6.5664539630e-01 -3.0509356911e+00 -1.3940709004e-01  5.1599210451e-01 -4.0050975067e+00 -2.7657049939e+00 -1.2730242222e+00 -1.9942970788e+00  6.3229040147e-01  1.3605488999e-01 -4.3216608447e-01
ENERGY -7.412636001480e+02

JOB 13
COORDS -1.7024267740e+00 -1.8012149886e+00  9.8980111754e-01 -3.9516901432e-01 -1.5254053444e+00  1.6999297031e+00 -4.9500648682e-01 -1.3715576169e+00  1.9729576955e-01  2.7561068412e-01  1.4727636263e-01 -2.9690192970e+00 -1.9973058163e+00 -1.0105935961e+00 -2.3161377318e+00 -4.7971712313e-01 -9.7702570544e-03 -2.9803240939e-01 -1.6645073903e+00  1.6003960789e+00 -1.8817389217e+00 -1.1657553871e+00  2.1196902280e-01 -1.8878198875e+00 -2.0332126703e+00 -2.8291505633e+00  8.8131510609e-01 -2.4919164151e+00 -1.0659582062e+00  1.1075182180e+00 -3.2722481948e-01 -6.1423509729e-01  2.2855189351e+00  1.7966352668e-01 -2.3645651250e+00  2.0798221440e+00 -1.5262608493e-02 -2.1348928490e+00 -4.1495340504e-01  9.4412713925e-01  9.5889573965e-01 -2.6776986168e+00  7.5837779947e-01 -8.2658981090e-01 -2.8796619304e+00 -8.7468569041e-02  3.0187175410e-01 -3.9857209581e+00 -2.9196582553e+00 -1.0024397268e+00 -1.8777243505e+00  4.6836591740e-01  3.6867413268e-01 -2.8390289101e-01
ENERGY -7.412651950387e+02

JOB 14
COORDS -1.6152231428e+00 -1.9327589551e+00  9.0088341258e-01 -3.9315944269e-01 -1.5160419717e+00  1.6885042909e+00 -4.3802301784e-01 -1.3237925049e+00  1.8703624054e-01  2.4849597192e-01 -2.5361093005e-02 -2.9430330869e+00 -2.1393536806e+00 -8.9550156922e-01 -2.2610319476e+00 -5.6953119078e-01  4.4579899120e-02 -2.7319227547e-01 -1.5160551482e+00  1.6844020456e+00 -1.9461563727e+00 -1.1838464372e+00  2.4770430165e-01 -1.8824098707e+00 -1.8050553282e+00 -2.9893429669e+00  7.4267402123e-01 -2.4990572911e+00 -1.3105751292e+00  9.9382334590e-01 -4.7336783799e-01 -6.2326418345e-01  2.3004732714e+00  2.6853789731e-01 -2.2849949968e+00  2.0755564888e+00  1.7278485265e-01 -1.9987737486e+00 -4.1349526782e-01  9.8973646267e-01  7.3474926970e-01 -2.6925055032e+00  6.3683127111e-01 -1.0330249577e+00 -2.7907165125e+00 -9.1916266456e-02  9.9625489401e-02 -3.9715239061e+00 -3.0498520843e+00 -7.7703095749e-01 -1.8134984987e+00  3.1708326524e-01  5.4439200294e-01 -1.8925782702e-01
ENERGY -7.412676860218e+02

JOB 15
COORDS -1.5098909746e+00 -2.0303946323e+00  7.7168088592e-01 -4.3830915983e-01 -1.4975155887e+00  1.6938047574e+00 -3.5330105844e-01 -1.2539751762e+00  2.0027555584e-01  1.9236901330e-01 -1.6196036347e-01 -2.9195410320e+00 -2.2684237965e+00 -7.1773372465e-01 -2.1974657417e+00 -6.0195810662e-01  1.0207170102e-01 -2.4142901665e-01 -1.3419100085e+00  1.7786836866e+00 -1.9503456040e+00 -1.1821891495e+00  3.1360843896e-01 -1.8543458517e+00 -1.5479384245e+00 -3.0949991291e+00  5.6562247094e-01 -2.4708670051e+00 -1.5287322551e+00  7.8091590669e-01 -6.8979787759e-01 -6.4230545061e-01  2.3128686073e+00  2.7381482600e-01 -2.1919605577e+00  2.1291970977e+00  4.0132914506e-01 -1.8251317982e+00 -3.4243298093e-01  1.0268193601e+00  5.0330054583e-01 -2.6938640598e+00  4.5077444234e-01 -1.2069023973e+00 -2.7469726975e+00 -1.4228050112e-01 -1.9403790593e-02 -3.9476004924e+00 -3.1475234969e+00 -4.8826113900e-01 -1.7300210689e+00  2.1138990185e-01  7.0280868889e-01 -1.0114739777e-01
ENERGY -7.412700409438e+02

JOB 16
COORDS -8.9816832603e-01 -2.9672655349e-01  1.5904485951e+00 -3.0417087032e-01 -1.6760547196e+00  1.7409874569e+00 -1.1219302059e+00 -1.3272432589e+00  5.1262743176e-01 -2.6859388267e+00 -5.0585109532e-01 -2.2121362855e+00 -1.1111812779e+00  1.3605943721e+00 -1.2773291582e+00 -3.9674642279e-01 -1.1807357748e+00 -7.2899285354e-01 -1.6338284473e-01 -3.7352243312e-01 -3.0767481193e+00 -9.7503436926e-01 -4.4344960314e-02 -1.8858115277e+00 -1.7518180581e+00 -2.1720216208e-02  2.2014220134e+00 -2.2960765285e-01  5.1971896732e-01  1.3460097825e+00  7.6626700617e-01 -1.7790230638e+00  1.5954726406e+00 -7.4499040451e-01 -2.3640349211e+00  2.4561245672e+00 -2.1175637453e+00 -1.7696503088e+00  4.5448832442e-01 -2.6856177379e+00 -1.5313661553e+00 -2.5839215463e+00 -3.2738598569e+00 -4.0667226324e-01 -1.2998129189e+00 -3.0542811230e+00  1.7913095744e-01 -2.9764222004e+00 -1.8927108820e-01  1.7791590412e+00 -1.1361698566e+00 -2.2688848633e-01 -2.0697522138e+00 -1.1995004622e+00
ENERGY -7.412717111244e+02

JOB 17
COORDS -1.0798367146e+00 -3.4792984096e-01  1.5200886745e+00 -2.9797061207e-01 -1.6199290469e+00  1.7376355268e+00 -1.0968832642e+00 -1.4279059197e+00  4.6358954273e-01 -2.6913603531e+00 -4.1177610864e-01 -2.0789598814e+00 -9.3299800803e-01  1.3619548073e+00 -1.3470317560e+00 -3.5202951440e-01 -1.2021395695e+00 -7.5012985825e-01 -2.1819058044e-01 -4.9049605545e-01 -3.1317419508e+00 -9.3116369990e-01 -7.1433308902e-02 -1.9053404475e+00 -1.9936653841e+00 -1.9436968946e-01  2.0854482502e+00 -5.3508991955e-01  5.5611164301e-01  1.2777434775e+00  7.8155523213e-01 -1.5675197170e+00  1.6415271767e+00 -6.6740745316e-01 -2.3467953013e+00  2.4547832141e+00 -2.0139897049e+00 -2.0120823597e+00  3.7404213277e-01 -2.8003604020e+00 -1.4462774179e+00 -2.4076847225e+00 -3.1878438582e+00 -2.3600048398e-01 -1.1252593814e+00 -3.0691095204e+00  2.7445545851e-01 -2.8373944299e+00  2.4911218291e-02  1.7100348023e+00 -1.2631890034e+00 -4.8794949066e-02 -2.0468789311e+00 -1.2321580729e+00
ENERGY -7.412722468641e+02

JOB 18
COORDS -1.1981276866e+00 -3.9588601769e-01  1.4704847617e+00 -3.0254122148e-01 -1.5808813992e+00  1.7341360832e+00 -1.0898278185e+00 -1.5005396671e+00  4.4108658347e-01 -2.6969825434e+00 -3.4980142434e-01 -1.9933748922e+00 -8.2744470727e-01  1.3464763210e+00 -1.4101388319e+00 -3.5600542916e-01 -1.2304576889e+00 -7.6413253285e-01 -2.6627817303e-01 -5.8236239403e-01 -3.1627693993e+00 -9.1509430783e-01 -1.0296582529e-01 -1.9222502736e+00 -2.1329064077e+00 -3.2171923861e-01  2.0176446525e+00 -7.3994502260e-01  5.5116948770e-01  1.2122691432e+00  7.6878988498e-01 -1.4276197195e+00  1.6566901940e+00 -6.1609360469e-01 -2.3205495933e+00  2.4647076628e+00 -1.9467015628e+00 -2.1699435048e+00  3.5108585385e-01 -2.8804749583e+00 -1.3797365057e+00 -2.3025938909e+00 -3.1245666094e+00 -1.4009692016e-01 -1.0138901479e+00 -3.0802472084e+00  3.5065761719e-01 -2.7356825217e+00  1.4948098897e-01  1.6450780139e+00 -1.3595113157e+00  1.0430356412e-01 -2.0118445369e+00 -1.2244809287e+00
ENERGY -7.412712232761e+02

JOB 19
COORDS -2.8844278168e-01 -1.9216315807e-01  1.3870175820e+00 -4.4335184294e-01 -1.6960554962e+00  1.5304919387e+00 -1.2811750541e+00 -9.4854746762e-01  5.2667079480e-01 -2.7153558725e+00 -3.9470825972e-01 -2.8785276602e+00 -1.8152704645e+00  1.4142843215e+00 -1.2324030026e+00 -1.0485369621e+00 -1.1971721884e+00 -8.8071297651e-01 -8.4997480803e-02  1.1978010837e-01 -2.8197030779e+00 -1.2850266863e+00  1.5760815608e-01 -1.9494208351e+00 -6.7570728550e-01  4.4957978245e-01  2.1729105856e+00  6.1731460702e-01  1.6853275501e-01  9.0663197046e-01  3.5919293339e-01 -2.3246801813e+00  1.1536326622e+00 -9.3947650766e-01 -2.0903720537e+00  2.4118335354e+00 -2.3326066421e+00 -8.1711225234e-01  7.5972594192e-01 -2.4406924156e+00 -1.3282766732e+00 -3.3688678148e+00 -3.5472481185e+00 -5.3835084182e-01 -2.1900868311e+00 -2.9429593143e+00  3.8381867116e-01 -3.6074222932e+00 -1.0822235579e+00  1.8638002746e+00 -6.8021589650e-01 -1.1484394335e-01 -1.5592089095e+00 -1.0719192605e+00
ENERGY -7.412697874557e+02

JOB 20
COORDS -4.2483959424e-01 -1.9863937695e-01  1.4227706359e+00 -4.6991663418e-01 -1.7140600047e+00  1.5155733959e+00 -1.2704411760e+00 -1.0008511685e+00  4.5697185891e-01 -2.7589161266e+00 -3.9040594845e-01 -2.7346279827e+00 -1.6294588353e+00  1.4588100170e+00 -1.2964580889e+00 -8.9977731579e-01 -1.1889779216e+00 -9.3006035483e-01 -1.0900677475e-01  4.1952984068e-02 -2.9799913896e+00 -1.2152840087e+00  1.5051388997e-01 -2.0000885265e+00 -9.3225519140e-01  3.8895964893e-01  2.1818343655e+00  4.8850554478e-01  2.4715863527e-01  1.0378024754e+00  4.0997512809e-01 -2.2665745391e+00  1.1962437734e+00 -1.0095056131e+00 -2.1749967609e+00  2.3370557418e+00 -2.3458615522e+00 -9.6138568776e-01  5.9918258802e-01 -2.5659023267e+00 -1.3439487484e+00 -3.2249818800e+00 -3.5069271593e+00 -4.9258054798e-01 -1.9488637226e+00 -3.0567439666e+00  3.7494469213e-01 -3.4518262647e+00 -8.2602255939e-01  1.9157457225e+00 -8.6037785519e-01  8.6979138330e-02 -1.4198505990e+00 -1.0470978383e+00
ENERGY -7.412692990806e+02

JOB 21
COORDS -6.4214368113e-01 -1.9467715200e-01  1.4153186460e+00 -4.6242243710e-01 -1.6987672913e+00  1.4945950914e+00 -1.2812444187e+00 -1.0949221493e+00  3.8097477757e-01 -2.7840621778e+00 -3.2866159911e-01 -2.5707220674e+00 -1.3957076402e+00  1.5030025214e+00 -1.3554913522e+00 -7.9055681696e-01 -1.2025355528e+00 -9.7797215476e-01 -1.3892480322e-01 -5.2626477829e-02 -3.1124321368e+00 -1.1376325606e+00  1.4157520315e-01 -2.0368967544e+00 -1.2901680504e+00  2.9790919047e-01  2.1335109980e+00  2.1416288568e-01  3.9499957178e-01  1.1018561065e+00  5.1186621034e-01 -2.1069500856e+00  1.2377560111e+00 -9.8651585841e-01 -2.2544694940e+00  2.2659845277e+00 -2.3571092244e+00 -1.2288545254e+00  4.4667347242e-01 -2.7086835353e+00 -1.3137986122e+00 -3.0296881042e+00 -3.4476544908e+00 -3.3973505030e-01 -1.7064427051e+00 -3.1091787235e+00  4.2474075452e-01 -3.2884355352e+00 -5.1688074651e-01  1.9509870832e+00 -1.0875103346e+00  2.2133938064e-01 -1.3321949817e+00 -1.0138782679e+00
ENERGY -7.412681789418e+02

JOB 22
COORDS -1.1259944350e+00 -2.4822831409e-01  1.2845739752e+00 -3.9582120406e-01 -1.5590853995e+00  1.4507061866e+00 -1.2866261086e+00 -1.3477869924e+00  2.4806418977e-01 -2.7915752295e+00 -1.5605026366e-01 -2.2823182544e+00 -9.3662100393e-01  1.4779272264e+00 -1.4479735843e+00 -6.9580897087e-01 -1.2958441428e+00 -1.0735500100e+00 -2.6191497993e-01 -2.6337057710e-01 -3.3138477520e+00 -1.0226859410e+00  7.2377456298e-02 -2.0911337672e+00 -1.9793700850e+00 -4.3362077146e-02  1.9241404469e+00 -5.6087268213e-01  6.2761655488e-01  9.9093202745e-01  6.7798158331e-01 -1.5603321146e+00  1.2804218974e+00 -7.2895688537e-01 -2.2635754061e+00  2.2066189887e+00 -2.2314742412e+00 -1.8858851574e+00  2.5970325732e-01 -2.9568536240e+00 -1.1638823485e+00 -2.6623828842e+00 -3.2720568126e+00 -3.3297417642e-03 -1.3163532311e+00 -3.1243981141e+00  5.9934083846e-01 -2.9942424917e+00  2.6592599502e-02  1.8202790633e+00 -1.4858352030e+00  3.1220651094e-01 -1.4453555647e+00 -1.0806845835e+00
ENERGY -7.412668795129e+02

JOB 23
COORDS -1.7931839306e+00 -1.2058904411e+00  1.4130440201e+00 -3.9880013309e-01 -1.6611814268e+00  1.7812123440e+00 -8.0454068989e-01 -1.5674584964e+00  3.2902710710e-01 -2.5879919404e+00  2.7861741082e-01 -1.4815911489e+00 -3.3049069485e-01  1.0584133086e+00 -2.6459660873e+00 -2.0294850931e-01 -4.7712077864e-01 -4.2935736000e-01 -1.0045397453e+00 -1.5039175587e+00 -2.7041328177e+00 -9.3642245664e-01 -1.9966025504e-01 -1.9961799759e+00 -2.6254755995e+00 -1.8816899887e+00  1.5867083176e+00 -2.0148492104e+00 -1.5137769768e-01  1.5428262286e+00  2.8717665112e-01 -9.0488009226e-01  2.1492610051e+00 -2.6528906145e-01 -2.6530617081e+00  2.2019178842e+00 -9.6162324070e-01 -2.5024346324e+00 -2.0745690865e-01 -3.0352348974e+00 -5.5037143026e-01 -9.3705154251e-01 -2.5217620310e+00  1.1778057153e+00 -8.7014693218e-01 -3.1308966325e+00  4.7668093713e-01 -2.4061881194e+00  4.3933649389e-01  8.0628067218e-01 -3.2679684477e+00  7.5531234468e-01 -7.5705147500e-01 -6.6091667132e-01
ENERGY -7.412682732294e+02

