JOB 0
COORDS  4.7861497188e+00  9.8828938525e-01  1.3630478123e+00  5.5781591325e+00  7.8448046026e-01  2.4836667276e-01  3.5280777268e+00  4.8397092472e-02 -1.1624386049e-01  2.4310694180e+00 -6.7953135815e-01 -8.1099028586e-01  5.2192106420e+00 -2.3383665720e-01 -2.0200578858e+00  1.1696621914e-01 -1.4090997925e+00 -8.4420523123e-01  6.9168983959e-01  5.6820879809e-01  5.1882317613e-01  3.5189660202e+00  5.3158290342e-01  1.1262686282e+00  4.7751467382e+00  1.8302544771e-01 -6.8976299952e-01  1.1431256794e+00 -4.6940167596e-01 -4.0514338561e-01  2.7216955267e+00 -1.4877726531e+00 -1.7085649703e+00  5.0643396074e+00  1.4342347416e+00  2.3093807315e+00  6.6147828075e+00  1.0140226274e+00  4.4521938340e-02  6.1828809835e+00  2.3944194564e-01 -2.2192691075e+00  4.4968199673e+00  7.7584020293e-02 -2.7740780062e+00  5.3144032456e+00 -1.3191172189e+00 -2.0677472461e+00 -6.2530396580e-01 -9.0591899942e-01 -1.4763673072e+00 -3.9725422124e-01 -1.8273380809e+00  2.9670304744e-02  5.8348791692e-01 -2.2097470346e+00 -1.4151709897e+00 -3.0285499710e-01  8.9712465098e-01  1.9876236832e-01  1.3671432735e+00  1.4197465469e+00  5.1080813110e-01  6.2965662299e-01  1.9482187667e-01  1.5472181243e+00
ENERGY -5.129480717954e+02

JOB 1
COORDS  4.7273339579e+00  8.8031859132e-01  1.4113834937e+00  5.5497062052e+00  7.0424959610e-01  3.1331369254e-01  3.4923659275e+00  4.9146714325e-02 -1.4888904076e-01  2.3987639325e+00 -6.2427592794e-01 -8.9964886332e-01  5.2316397393e+00 -1.9947233892e-01 -2.0105485395e+00  1.3353949375e-01 -1.4804889891e+00 -7.2982687916e-01  6.6711500866e-01  6.3705457331e-01  4.1077772058e-01  3.4556636514e+00  4.7602440284e-01  1.1134185333e+00  4.7603597171e+00  1.7348187958e-01 -6.7689269537e-01  1.1027296246e+00 -4.1172412757e-01 -5.0771329109e-01  2.6942287846e+00 -1.4253591433e+00 -1.8004148462e+00  4.9876488647e+00  1.2727405726e+00  2.3860941230e+00  6.5990043465e+00  9.1029965008e-01  1.5379380441e-01  6.2069137676e+00  2.6532381781e-01 -2.1689503291e+00  4.5326901017e+00  1.5196968823e-01 -2.7690890187e+00  5.3115356978e+00 -1.2837384467e+00 -2.0973409207e+00 -7.5732576343e-01 -1.0952045289e+00 -1.2395852338e+00 -1.7433564881e-01 -1.9074665175e+00  2.3384594955e-01  5.8708981981e-01 -2.2534759373e+00 -1.3478511022e+00 -3.4665053389e-01  9.3663877899e-01  1.2259596085e-01  1.3211628751e+00  1.5036892611e+00  3.4642741690e-01  6.5770063387e-01  2.9404269368e-01  1.4514789917e+00
ENERGY -5.129460352830e+02

JOB 2
COORDS  4.6509681300e+00  7.5291057866e-01  1.4317420947e+00  5.5022914085e+00  6.1045920092e-01  3.5011912117e-01  3.4447206107e+00  3.2203375509e-02 -2.0352751385e-01  2.3565348237e+00 -5.8294819850e-01 -1.0080365113e+00  5.2304265688e+00 -1.6978883121e-01 -2.0245376355e+00  1.6603074166e-01 -1.5515455450e+00 -6.2009862950e-01  6.2729704297e-01  6.7899938159e-01  2.8692068281e-01  3.3797021255e+00  3.9837774913e-01  1.0766147239e+00  4.7306673510e+00  1.5165127172e-01 -6.8807554336e-01  1.0496079692e+00 -3.8672277452e-01 -6.2038915308e-01  2.6560681543e+00 -1.3576105588e+00 -1.9277905632e+00  4.8913738079e+00  1.0893503684e+00  2.4321700061e+00  6.5608870928e+00  7.9637816316e-01  2.3247989445e-01  6.2159893314e+00  2.8606792961e-01 -2.1388724468e+00  4.5557198410e+00  2.2533715042e-01 -2.7835280898e+00  5.2969057471e+00 -1.2504912321e+00 -2.1569699582e+00 -8.2963042082e-01 -1.2766155892e+00 -9.8521310879e-01  6.7821277555e-02 -1.9459663504e+00  4.0092563157e-01  5.7975658786e-01 -2.3184779598e+00 -1.2735074086e+00 -4.0379830710e-01  9.4752321867e-01  3.0705306575e-02  1.2561789929e+00  1.5590679737e+00  1.6314145525e-01  6.7033784076e-01  3.7293796747e-01  1.3380964982e+00
ENERGY -5.129420956598e+02

JOB 3
COORDS  4.6044688099e+00  6.3570237208e-01  1.4585280608e+00  5.4805156869e+00  5.3436451285e-01  3.9106929325e-01  3.4260548318e+00  3.3816572236e-02 -2.4308121903e-01  2.3415004282e+00 -5.1650914240e-01 -1.0953176828e+00  5.2497435638e+00 -1.0925694857e-01 -2.0295068106e+00  2.5264539860e-01 -1.5725416669e+00 -4.7703430050e-01  6.1920038293e-01  7.5821122507e-01  1.6976825150e-01  3.3359346298e+00  3.3063245084e-01  1.0535687971e+00  4.7264028388e+00  1.5113513343e-01 -6.8899956085e-01  1.0227152310e+00 -3.4733212472e-01 -7.0043402203e-01  2.6397614898e+00 -1.2451098492e+00 -2.0490310736e+00  4.8267688429e+00  9.1068520331e-01  2.4816613206e+00  6.5455133730e+00  7.0283126888e-01  3.1030942122e-01  6.2480571423e+00  3.2749571059e-01 -2.0975913961e+00  4.6021210305e+00  3.4341712354e-01 -2.7800810665e+00  5.2939112867e+00 -1.1825446137e+00 -2.2196122736e+00 -8.0571272216e-01 -1.3975947232e+00 -6.9741456861e-01  3.4565180715e-01 -1.8942657369e+00  5.7036526402e-01  6.2011242515e-01 -2.3576429896e+00 -1.1376697723e+00 -4.2021060600e-01  1.0109687775e+00 -6.9555475943e-02  1.2379651419e+00  1.6350710295e+00 -1.9978291832e-02  6.9576270491e-01  5.0786741925e-01  1.2337526955e+00
ENERGY -5.129368650700e+02

JOB 4
COORDS  4.5418599120e+00  5.0343687776e-01  1.4720747275e+00  5.4433107083e+00  4.4853999686e-01  4.2135380869e-01  3.3989680707e+00  1.3080022379e-02 -2.8866334803e-01  2.3217582976e+00 -4.6838676699e-01 -1.1871372686e+00  5.2640305547e+00 -5.4275177055e-02 -2.0366258210e+00  3.6333210461e-01 -1.6004159071e+00 -3.4363081059e-01  5.8794531415e-01  7.9659482418e-01  4.9678976639e-02  3.2808887273e+00  2.3954035672e-01  1.0204789334e+00  4.7120818535e+00  1.3769738726e-01 -6.9605318615e-01  9.8898548083e-01 -3.4650930178e-01 -7.7648638122e-01  2.6205360478e+00 -1.1136041792e+00 -2.1947468821e+00  4.7427927112e+00  7.1839636036e-01  2.5138306806e+00  6.5121361448e+00  6.0607030568e-01  3.7644679339e-01  6.2721449503e+00  3.6433353544e-01 -2.0547993539e+00  4.6443061964e+00  4.5475268548e-01 -2.7745247534e+00  5.2926786690e+00 -1.1153811510e+00 -2.2886595225e+00 -7.2542288120e-01 -1.5127937180e+00 -4.1867210793e-01  6.2919976313e-01 -1.8299165022e+00  6.9897073062e-01  6.8832633102e-01 -2.4145970152e+00 -9.9311089345e-01 -4.6931754207e-01  1.0026091640e+00 -1.5371552323e-01  1.1642615252e+00  1.6806894442e+00 -2.2807815608e-01  7.2464686399e-01  6.1911611146e-01  1.1222353400e+00
ENERGY -5.129312302779e+02

JOB 5
COORDS  4.9629214561e+00 -9.1369070761e-02  1.6601137218e+00  5.7066674210e+00 -3.3511602118e-02  4.9051120050e-01  3.5468498809e+00 -6.2359994109e-02  3.8258591580e-02  2.3011225930e+00 -7.6940186255e-02 -7.5062345359e-01  5.1514459070e+00  3.7711755726e-02 -1.9584783804e+00  6.3046655517e-01 -1.3937079853e+00  3.6747029686e-01  4.5940598941e-02  7.0223982338e-01 -6.6948591307e-01  3.6318661475e+00 -1.1044835930e-01  1.3696474935e+00  4.8033158148e+00 -2.6407530356e-02 -5.3923419205e-01  1.1110311609e+00 -4.3786604271e-02  2.0813656269e-02  2.3182451271e+00  6.6252103079e-02 -1.9737124769e+00  5.3265684899e+00 -1.1226876595e-01  2.6797316998e+00  6.7722480169e+00  1.3790633288e-02  3.1221889369e-01  6.2393105786e+00  7.8718814362e-03 -2.0428128604e+00  4.7702337405e+00  9.5764253688e-01 -2.4035024498e+00  4.7163835774e+00 -8.0579523676e-01 -2.4950477948e+00  3.1166142137e-01 -1.9529802557e+00 -5.2568211184e-01 -2.1860545008e-01 -1.3041857907e+00  1.0508299823e+00  1.4210208321e+00 -1.9470345158e+00  8.8035823727e-01 -3.2040538156e-01  1.9748587647e-01 -1.5742346371e+00  4.1369706425e-01  1.6908879273e+00 -9.5164850957e-01 -7.8377450081e-01  8.2388263554e-01  3.3014974597e-02
ENERGY -5.129298684357e+02

JOB 6
COORDS  4.9285229106e+00 -2.3100646930e-01  1.6396951757e+00  5.6837758605e+00 -1.2643449592e-01  4.8267686418e-01  3.5286968853e+00 -7.0236294175e-02  1.0294883341e-02  2.2895345223e+00  1.8480752076e-02 -7.9360539628e-01  5.1555168884e+00  1.0815795863e-01 -1.9624375309e+00  7.0148063930e-01 -1.3062776494e+00  4.8148302452e-01 -1.9792667050e-02  6.2576723928e-01 -7.8781570546e-01  3.5988664502e+00 -1.9820914000e-01  1.3361935664e+00  4.7894256909e+00 -3.3392235614e-02 -5.5311036683e-01  1.0951237658e+00  6.6724801206e-03 -5.8404188079e-02  2.3354047248e+00  2.9621653249e-01 -1.9952563818e+00  5.2802952237e+00 -3.2067283301e-01  2.6596680358e+00  6.7516566839e+00 -1.0115800777e-01  3.1487599830e-01  6.2415142207e+00  2.9113081141e-02 -2.0396492009e+00  4.8242562937e+00  1.0730293314e+00 -2.3478479671e+00  4.6859877390e+00 -6.7538514887e-01 -2.5575751624e+00  3.6818786645e-01 -1.9812136326e+00 -3.2100057892e-01 -1.2027165050e-01 -1.1694267975e+00  1.1899425005e+00  1.5395401599e+00 -1.7543703645e+00  1.0165083474e+00 -3.5771860863e-01  2.2756361062e-02 -1.6420580155e+00  2.8240763730e-01  1.6054991464e+00 -1.1603482279e+00 -8.5059404062e-01  7.4950106872e-01 -8.7261798338e-02
ENERGY -5.129368873540e+02

JOB 7
COORDS  4.9083044835e+00 -3.2480017184e-01  1.6407768986e+00  5.6648778416e+00 -1.9436767858e-01  4.8885059478e-01  3.5111087282e+00 -7.7143676060e-02  1.7919342681e-02  2.2796205460e+00  1.0368972913e-01 -7.9017335927e-01  5.1466987799e+00  1.4630456572e-01 -1.9446739197e+00  7.4260790054e-01 -1.2492518092e+00  5.7855345584e-01 -7.2304181130e-02  5.3831883189e-01 -8.5854510813e-01  3.5788101788e+00 -2.5389319317e-01  1.3378165635e+00  4.7722717713e+00 -4.2648164170e-02 -5.4277032351e-01  1.0717538661e+00  6.0106911007e-03 -1.1287598622e-01  2.3564468851e+00  5.0711691367e-01 -1.9570199469e+00  5.2565727968e+00 -4.5989418714e-01  2.6568663864e+00  6.7328423597e+00 -1.9172121573e-01  3.2037872161e-01  6.2252273050e+00 -4.9680214914e-04 -2.0286667259e+00  4.8785537861e+00  1.1486655033e+00 -2.2799914410e+00  4.6272803112e+00 -5.7401092458e-01 -2.5766561549e+00  3.8297221516e-01 -2.0029835756e+00 -1.3711967392e-01 -4.6839247681e-02 -1.0588811913e+00  1.3114000160e+00  1.6144065165e+00 -1.6263357637e+00  1.1096121987e+00 -3.7382494256e-01 -1.1786020582e-01 -1.6869474833e+00  1.7847267157e-01  1.5149675885e+00 -1.2728874934e+00 -9.1054734735e-01  6.4243116724e-01 -1.6398121715e-01
ENERGY -5.129424947735e+02

JOB 8
COORDS  4.9627639359e+00 -3.8681987854e-01  1.6111529339e+00  5.7125574544e+00 -2.4619893536e-01  4.5725281497e-01  3.5583468220e+00 -6.2939019814e-02  6.0363244448e-03  2.3340608475e+00  2.0322571879e-01 -7.9463266155e-01  5.1875991035e+00  1.7642612104e-01 -1.9609129766e+00  8.1809290238e-01 -1.1792337688e+00  6.1743086726e-01 -3.9641887268e-02  4.9446796963e-01 -9.5331752921e-01  3.6324891213e+00 -2.7466072635e-01  1.3203404544e+00  4.8158853029e+00 -4.2125273585e-02 -5.6244940796e-01  1.1106753104e+00  8.6537936831e-03 -1.9115382134e-01  2.4384428833e+00  7.1904583013e-01 -1.9168286890e+00  5.3141642110e+00 -5.5795640239e-01  2.6206434337e+00  6.7784146460e+00 -2.7329665038e-01  2.7832968129e-01  6.2503172741e+00 -5.0542911354e-02 -2.0668198365e+00  4.9936290699e+00  1.2095358371e+00 -2.2510102414e+00  4.6066182854e+00 -4.7465332585e-01 -2.6136005242e+00  4.3780547838e-01 -1.9905769153e+00 -1.9948382736e-02  5.1224184679e-02 -9.3197529899e-01  1.3580324453e+00  1.7075774621e+00 -1.5077952688e+00  1.1477782954e+00 -3.0372027593e-01 -1.8338723029e-01 -1.7769415929e+00  1.8391195712e-01  1.4731476661e+00 -1.3770280974e+00 -8.9235192234e-01  5.7490003226e-01 -2.7342858484e-01
ENERGY -5.129459641975e+02

JOB 9
COORDS  4.9810397906e+00 -4.3561444660e-01  1.6040497988e+00  5.7294153152e+00 -2.7511629502e-01  4.5291860490e-01  3.5778416258e+00 -3.3091382495e-02  1.4104758172e-02  2.3642251286e+00  3.0324400586e-01 -7.8062693889e-01  5.2095216348e+00  2.3696319491e-01 -1.9480799741e+00  8.2963413035e-01 -1.0680710097e+00  6.6427859235e-01 -2.1445578527e-02  5.0800011573e-01 -1.0210326591e+00  3.6519003522e+00 -2.8615398441e-01  1.3210911769e+00  4.8341465364e+00 -1.8350024137e-02 -5.5670943863e-01  1.1279784632e+00  2.7720186178e-02 -2.5797277904e-01  2.4993568795e+00  9.0418082691e-01 -1.8585948748e+00  5.3307326701e+00 -6.4608870782e-01  2.6066175864e+00  6.7934628742e+00 -3.2402072026e-01  2.6819126507e-01  6.2597519640e+00 -3.6110857077e-02 -2.0692951159e+00  5.0626524264e+00  1.2884406625e+00 -2.1966424689e+00  4.5956058218e+00 -3.6024952565e-01 -2.6216074729e+00  3.5666686364e-01 -1.8963859066e+00  1.1850712496e-01  1.3327257147e-01 -7.2001499703e-01  1.4348086660e+00  1.7328061973e+00 -1.4146096014e+00  1.1564347349e+00 -3.0948882612e-01 -2.0248189672e-01 -1.8080907733e+00  2.1939488723e-01  1.4605100782e+00 -1.4910449209e+00 -8.6502786764e-01  6.3532658217e-01 -3.3637015529e-01
ENERGY -5.129476425047e+02

JOB 10
COORDS  4.9180223731e+00 -4.5049522198e-01  1.5879758029e+00  5.6846027792e+00 -2.5620951824e-01  4.5425588333e-01  3.5375313507e+00 -4.9698196356e-02 -2.1481245071e-02  2.3339615527e+00  2.9500255235e-01 -8.2763561324e-01  5.1954141090e+00  2.9067030552e-01 -1.9472300362e+00  8.3926908737e-01 -1.0998578381e+00  6.5243768604e-01 -7.4591729544e-02  4.0720336665e-01 -1.0716227043e+00  3.5910611393e+00 -3.2211791014e-01  1.2825739023e+00  4.8032278126e+00  1.5945326472e-03 -5.6745631339e-01  1.1054570092e+00 -1.0338497069e-01 -3.8228435887e-01  2.4769946020e+00  9.7281640236e-01 -1.8590472419e+00  5.2531827658e+00 -6.7108760020e-01  2.5933565167e+00  6.7525435055e+00 -2.8409936922e-01  2.8837818502e-01  6.2466724761e+00  1.9331695490e-02 -2.0637309075e+00  5.0515348841e+00  1.3481191993e+00 -2.1712946689e+00  4.5889462748e+00 -2.8946604636e-01 -2.6421138095e+00  5.6285796452e-02 -1.7755865129e+00  2.8923540447e-01  4.9321150184e-01 -6.2501661728e-01  1.5778958343e+00  1.7317709468e+00 -1.6733941383e+00  8.8378366486e-01 -5.2560511656e-01 -3.6846861084e-01 -1.7044581477e+00  2.0844190852e-01  1.2508626458e+00 -1.6984571617e+00 -8.1642126862e-01  7.2668855667e-01 -3.3112741145e-01
ENERGY -5.129482090218e+02

JOB 11
COORDS  4.9203448261e+00 -5.3687383943e-01  1.5667844887e+00  5.6849763095e+00 -2.7787224993e-01  4.4520582059e-01  3.5355975202e+00 -7.2768555299e-02 -2.2961073266e-02  2.3323913463e+00  3.0029072605e-01 -8.1795659162e-01  5.1945636101e+00  3.7863407331e-01 -1.9271403790e+00  8.3412000261e-01 -1.0523290143e+00  6.9811620468e-01 -7.3143207473e-02  3.3871997728e-01 -1.1255580331e+00  3.5922800619e+00 -4.0883290437e-01  1.2662743235e+00  4.8018431411e+00  2.2251160870e-02 -5.6323532608e-01  1.1083279914e+00 -1.7941906268e-01 -4.4177292631e-01  2.4808372435e+00  1.0321538527e+00 -1.8112067539e+00  5.2570597509e+00 -8.0427754593e-01  2.5601933089e+00  6.7531610765e+00 -2.8756669177e-01  2.7891662349e-01  6.2476501786e+00  1.1908315553e-01 -2.0538957151e+00  5.0449558461e+00  1.4446324652e+00 -2.1013039182e+00  4.5929830397e+00 -1.7156710476e-01 -2.6499049014e+00 -4.1677123988e-02 -1.6617586004e+00  4.5329908331e-01  6.2088043591e-01 -4.7424884396e-01  1.6048956780e+00  1.6779411835e+00 -1.7040594338e+00  9.0674516676e-01 -6.4089753230e-01 -4.8528203534e-01 -1.5738620540e+00  2.3754929042e-01  1.0295382832e+00 -1.9066791442e+00 -7.2321946138e-01  8.6038874566e-01 -4.1179072452e-01
ENERGY -5.129481293563e+02

JOB 12
COORDS  4.1788011697e+00  2.4192419898e+00 -4.7761901486e-01  5.1908411765e+00  1.5847082977e+00 -9.1354699367e-01  3.3930616540e+00  4.1114360429e-01 -3.9418019378e-01  2.5780588184e+00 -8.0013888801e-01 -1.0109514152e-01  5.4417796452e+00 -8.9608114527e-01 -1.2106667629e+00  4.2119626206e-01  4.6710965600e-01 -4.3601685412e-01  4.5889178262e-01 -1.8204900145e+00  4.8295620096e-01  3.0704600812e+00  1.6834520985e+00 -1.6012512398e-01  4.6885230111e+00  3.0735998324e-01 -8.5645352991e-01  1.2218820335e+00 -6.7322040132e-01  3.3509035608e-03  3.1583331850e+00 -1.8830912129e+00  8.3795602938e-02  4.1960620836e+00  3.4969071253e+00 -3.7699911152e-01  6.1966537941e+00  1.7836968046e+00 -1.2563818635e+00  6.3402493694e+00 -5.8640980593e-01 -1.7484375365e+00  4.8404496455e+00 -1.5449706029e+00 -1.8467366697e+00  5.7123002796e+00 -1.4546580503e+00 -3.1406044626e-01  6.3594522208e-02  1.0513524971e+00  4.1981722095e-01 -4.4520048119e-01  8.8719099459e-02 -9.9079589661e-01  9.9799546899e-01  1.1284821659e+00 -1.0754929476e+00 -2.7359105812e-01 -1.4834746334e+00  1.2249814509e+00  1.1361805513e+00 -2.5431156861e+00  9.3449578592e-01 -7.8863105113e-02 -2.3065198407e+00 -3.4175510493e-01
ENERGY -5.129482090105e+02

JOB 13
COORDS  4.2380018700e+00  2.4493096485e+00 -4.7318617145e-01  5.2258500697e+00  1.6032887414e+00 -9.4152333866e-01  3.4278963526e+00  4.5099341587e-01 -3.7578753913e-01  2.5983902514e+00 -7.5075009628e-01 -8.3705637520e-02  5.4371558852e+00 -8.7657948335e-01 -1.2622704734e+00  4.2040215757e-01  4.6534673916e-01 -4.0081757358e-01  5.3041177075e-01 -1.7875594860e+00  5.7953873619e-01  3.1298635305e+00  1.7267807316e+00 -1.2822371816e-01  4.7079552503e+00  3.3266834903e-01 -8.7758798399e-01  1.2596729754e+00 -5.9267365012e-01  1.6179291063e-01  3.1556123781e+00 -1.8556896866e+00  1.6310109491e-02  4.2725296776e+00  3.5260903912e+00 -3.6792341014e-01  6.2251603429e+00  1.7902998355e+00 -1.3091097793e+00  6.3349401133e+00 -5.7088461970e-01 -1.8033655489e+00  4.8186755220e+00 -1.5038378488e+00 -1.9035345403e+00  5.7085219860e+00 -1.4561982629e+00 -3.7945662636e-01 -2.6677935148e-01  8.3629666723e-01  3.6726285410e-01 -1.7435343974e-01  6.5916535934e-02 -1.2341132504e+00  1.0269516120e+00  1.2980562834e+00 -7.4247543161e-01 -3.4759286091e-01 -1.4766216933e+00  1.1531590698e+00  1.1718955891e+00 -2.4143594781e+00  1.1974426085e+00  1.9673623874e-01 -2.3798304481e+00 -2.8364934104e-01
ENERGY -5.129476425230e+02

JOB 14
COORDS  4.2363565999e+00  2.4357733483e+00 -4.2227179357e-01  5.2193038142e+00  1.5934994763e+00 -9.0996133651e-01  3.4019607213e+00  4.4656462066e-01 -4.0052743630e-01  2.5404889139e+00 -7.4334227680e-01 -1.7082807175e-01  5.3992836989e+00 -8.7719910224e-01 -1.3163742500e+00  3.8282088636e-01  4.5210085677e-01 -5.1544002451e-01  4.9483387980e-01 -1.7280608483e+00  5.9740080602e-01  3.1164559368e+00  1.7168007352e+00 -1.1293813808e-01  4.6845317396e+00  3.2886615785e-01 -8.9665992755e-01  1.2232513537e+00 -5.3208626737e-01  1.7413065614e-01  3.0505881063e+00 -1.8728806539e+00 -1.5593454319e-01  4.2842286110e+00  3.5077793939e+00 -2.7961360279e-01  6.2262654713e+00  1.7798680804e+00 -1.2565071198e+00  6.3207254556e+00 -5.6737650289e-01 -1.8134209954e+00  4.7882988239e+00 -1.4590619742e+00 -2.0060078974e+00  5.6301162065e+00 -1.5041169262e+00 -4.5452947854e-01 -3.9712596456e-01  8.0263973188e-01  1.6758120443e-01 -1.0073565027e-01 -5.3640365490e-03 -1.3906848912e+00  9.7448900452e-01  1.3099904837e+00 -8.2261603930e-01 -4.0650543483e-01 -1.4105150875e+00  1.1289911285e+00  1.1191214232e+00 -2.3260749548e+00  1.2606942662e+00  2.0236004309e-01 -2.3554890373e+00 -2.5605098733e-01
ENERGY -5.129459642779e+02

JOB 15
COORDS  4.2027471635e+00  2.4254586843e+00 -3.4438804731e-01  5.1881873052e+00  1.5900419806e+00 -8.4172007746e-01  3.3533266739e+00  4.4489719915e-01 -3.9880287423e-01  2.4582791863e+00 -7.2893831125e-01 -2.4626360081e-01  5.3505376352e+00 -8.6839357758e-01 -1.3279024972e+00  3.0044570089e-01  4.1190114264e-01 -5.7557010290e-01  4.6145321200e-01 -1.6674652051e+00  6.7945879208e-01  3.0722441439e+00  1.7079654284e+00 -7.6933465705e-02  4.6422395053e+00  3.3129180035e-01 -8.8035446953e-01  1.1719324674e+00 -4.7467623922e-01  2.0965746562e-01  2.9150555354e+00 -1.8745186320e+00 -3.4211030984e-01  4.2583361182e+00  3.4918789892e+00 -1.6652254837e-01  6.2048587132e+00  1.7777285535e+00 -1.1580921920e+00  6.3086130126e+00 -5.5736466056e-01 -1.7488309004e+00  4.7684725541e+00 -1.3921141036e+00 -2.0861715720e+00  5.5128528331e+00 -1.5502177442e+00 -4.9253623997e-01 -5.1764053386e-01  7.6484257754e-01  5.9013228714e-02 -1.2795812412e-01 -1.2656042422e-01 -1.4335725504e+00  8.5936335898e-01  1.2790965148e+00 -9.2174668451e-01 -4.2189396633e-01 -1.3390584736e+00  1.2342166199e+00  1.1080741451e+00 -2.2475538411e+00  1.3380873064e+00  1.4305429050e-01 -2.3177009266e+00 -1.4731477031e-01
ENERGY -5.129424947979e+02

JOB 16
COORDS  4.2381755989e+00  2.4248603013e+00 -2.5348554151e-01  5.2132410203e+00  1.5904350058e+00 -7.7593042764e-01  3.3541369553e+00  4.6522894961e-01 -3.9061394685e-01  2.4177324695e+00 -6.7832686615e-01 -3.1876173597e-01  5.3281594453e+00 -8.5008953894e-01 -1.3617488622e+00  2.4553549001e-01  3.5893014398e-01 -6.4600344150e-01  4.9919300353e-01 -1.5843395564e+00  7.7617462705e-01  3.0931081408e+00  1.7202895105e+00 -2.1841053824e-02  4.6440232612e+00  3.4603295762e-01 -8.7032837646e-01  1.1605300479e+00 -3.9044575316e-01  2.3237053998e-01  2.8090020828e+00 -1.8289263058e+00 -5.3384631606e-01  4.3136125620e+00  3.4821303173e+00 -3.2991182790e-02  6.2378477317e+00  1.7700466996e+00 -1.0710356615e+00  6.3137775176e+00 -5.5160832378e-01 -1.7237922562e+00  4.7603953360e+00 -1.3062710135e+00 -2.1729458288e+00  5.4320652269e+00 -1.5856679976e+00 -5.6333819813e-01 -6.1494118373e-01  6.9591809250e-01 -6.1270285938e-02 -1.1376352224e-01 -2.7051172831e-01 -1.4738442379e+00  7.5087371207e-01  1.2395119586e+00 -1.0442799273e+00 -3.7235088769e-01 -1.2530895663e+00  1.3479978801e+00  1.1828893515e+00 -2.1135506770e+00  1.4413760727e+00  1.7079047371e-01 -2.2832848548e+00 -5.5898629237e-03
ENERGY -5.129368869640e+02

JOB 17
COORDS  4.3269525745e+00  2.3922813264e+00 -1.4140904151e-01  5.2801246223e+00  1.5580867363e+00 -7.0714246503e-01  3.3867119455e+00  4.7071893562e-01 -3.8657814510e-01  2.4089095826e+00 -6.3297922615e-01 -3.9837736283e-01  5.3215790420e+00 -8.4707683253e-01 -1.4312833827e+00  1.9449240565e-01  2.2882097801e-01 -7.5711325644e-01  5.8433904025e-01 -1.5072417124e+00  8.6895022438e-01  3.1622062489e+00  1.7119058936e+00  5.0678158465e-02  4.6754479630e+00  3.4002045674e-01 -8.7192879356e-01  1.1625654011e+00 -3.2667726924e-01  2.0605206486e-01  2.7356976086e+00 -1.7718894957e+00 -7.3428929299e-01  4.4341495208e+00  3.4333029773e+00  1.3622269738e-01  6.3117012114e+00  1.7230524030e+00 -9.8664673452e-01  6.3273538923e+00 -5.6758061712e-01 -1.7502670185e+00  4.7548614865e+00 -1.2221629949e+00 -2.2838197735e+00  5.3765613851e+00 -1.6393735101e+00 -6.8368938925e-01 -7.0167763081e-01  5.4678077238e-01 -2.1703084095e-01 -9.2566773418e-02 -5.1325103536e-01 -1.5180788224e+00  6.2326200324e-01  1.1060963453e+00 -1.2477737590e+00 -2.8685857328e-01 -1.1741893712e+00  1.4406304620e+00  1.3139788182e+00 -1.9346728938e+00  1.5597556289e+00  2.7346841601e-01 -2.2911755432e+00  1.6441757668e-01
ENERGY -5.129298680964e+02

JOB 18
COORDS  4.1743675431e+00  1.9200786414e+00  4.2339946491e-01  5.2087949210e+00  1.2742771233e+00 -2.3429301962e-01  3.3387459473e+00  1.1370603242e-01 -4.0515781098e-01  2.3817358195e+00 -8.9661094162e-01 -9.1780560019e-01  5.4025454361e+00 -8.4976675672e-01 -1.5674529507e+00  2.5534536127e-02 -4.2474778728e-01 -1.1491171243e+00  9.4704256701e-01 -7.0319047966e-01  1.0923129352e+00  3.0257685045e+00  1.1898094971e+00  3.1812858602e-01  4.6729042822e+00  1.2676186082e-01 -7.5958163529e-01  1.1109060846e+00 -9.8527873735e-01 -3.3724380570e-01  2.6566141488e+00 -1.5205808940e+00 -1.9454121749e+00  4.2073247951e+00  2.8601439222e+00  9.5916077276e-01  6.2522572748e+00  1.5263943555e+00 -3.6406545427e-01  6.4716165007e+00 -6.6973288537e-01 -1.4388855478e+00  5.1288737472e+00 -7.5499191201e-01 -2.6193172045e+00  5.1612660019e+00 -1.8615434132e+00 -1.2422782431e+00 -3.0143987141e-02  6.6712207847e-01 -1.0262613321e+00 -9.2875117570e-01 -8.6335926606e-01 -8.3983816455e-01  1.9144118573e-01 -6.6809715628e-01 -2.1996193236e+00  7.8318299182e-01  3.5942113577e-01  1.3034479113e+00  1.8307231852e+00 -1.0301291042e+00  1.6428775469e+00  8.8928981724e-02 -1.2827014076e+00  1.4520571972e+00
ENERGY -5.129312300554e+02

JOB 19
COORDS  4.2795279721e+00  1.8887394282e+00  5.2187460244e-01  5.2785422872e+00  1.2337494569e+00 -1.7827867521e-01  3.3611361283e+00  1.5767407569e-01 -3.7650399216e-01  2.3646343943e+00 -7.9314358333e-01 -9.3176845420e-01  5.3704312587e+00 -8.3224437103e-01 -1.6098164545e+00 -3.8169769185e-02 -5.8827274255e-01 -1.1485922281e+00  9.3687769192e-01 -5.7344803878e-01  1.0945804913e+00  3.0998282469e+00  1.2112097781e+00  3.9766781557e-01  4.6895918697e+00  1.3363926482e-01 -7.4830875309e-01  1.1255866405e+00 -9.0527229724e-01 -3.1842808445e-01  2.5998857168e+00 -1.3441128145e+00 -2.0136646578e+00  4.3563380020e+00  2.8008250407e+00  1.0998482653e+00  6.3298352360e+00  1.4490131953e+00 -3.1081619307e-01  6.4471927605e+00 -7.0524542294e-01 -1.4814802386e+00  5.0937220715e+00 -6.7391656040e-01 -2.6530779485e+00  5.0877072528e+00 -1.8475633450e+00 -1.3325508640e+00 -2.8634362564e-01  4.7955267072e-01 -1.0629913583e+00 -9.0342663297e-01 -1.1763261464e+00 -8.2477093886e-01  1.7970341605e-01 -8.3386092274e-01 -2.1878412306e+00  6.9590590555e-01  4.8386038489e-01  1.2513778051e+00  1.8376237142e+00 -8.0616255983e-01  1.6621824078e+00  1.1775186208e-01 -1.1928527212e+00  1.4779227813e+00
ENERGY -5.129368652471e+02

JOB 20
COORDS  4.3664834351e+00  1.8447089367e+00  6.0581747539e-01  5.3322845669e+00  1.1815661809e+00 -1.3067812673e-01  3.3691083946e+00  1.9959002793e-01 -3.6756368605e-01  2.3373109428e+00 -6.9011454253e-01 -9.6222117920e-01  5.3313259412e+00 -8.1611331923e-01 -1.6574249830e+00 -7.9887311729e-02 -7.5059433826e-01 -1.1632944909e+00  8.9319600762e-01 -4.4234836949e-01  1.0657911291e+00  3.1572496047e+00  1.2254122223e+00  4.5698784535e-01  4.6933384708e+00  1.3566486522e-01 -7.4841063558e-01  1.1198767549e+00 -8.1305135172e-01 -3.3009882854e-01  2.5510115657e+00 -1.1964866340e+00 -2.0729378236e+00  4.4850358312e+00  2.7239960135e+00  1.2260140397e+00  6.3913497848e+00  1.3567294681e+00 -2.6001479982e-01  6.4126787327e+00 -7.4049740953e-01 -1.5263921435e+00  5.0602210476e+00 -5.9659080504e-01 -2.6909565697e+00  5.0063972693e+00 -1.8306989118e+00 -1.4283869894e+00 -5.2045663506e-01  2.5474037414e-01 -1.1094259177e+00 -8.2397788214e-01 -1.4766086385e+00 -8.1765052611e-01  1.8417174080e-01 -9.8278125904e-01 -2.1941458691e+00  6.0518538380e-01  6.0899746530e-01  1.1763588919e+00  1.7906596019e+00 -6.1298882145e-01  1.6580465069e+00  9.1173613867e-02 -1.0795559173e+00  1.4551978798e+00
ENERGY -5.129420956818e+02

JOB 21
COORDS  4.4469390620e+00  1.8116808385e+00  6.9789756453e-01  5.3805200328e+00  1.1416626102e+00 -7.1856566002e-02  3.3749242744e+00  2.6042707649e-01 -3.4871648405e-01  2.3101970561e+00 -5.6648019311e-01 -9.7770688881e-01  5.2922330330e+00 -7.7950013539e-01 -1.6897010251e+00 -9.1171571243e-02 -8.8378672350e-01 -1.1490103787e+00  8.4896238619e-01 -3.0482249914e-01  1.0500916636e+00  3.2101767028e+00  1.2558723611e+00  5.2250275166e-01  4.6940895955e+00  1.5641635375e-01 -7.3769252160e-01  1.1057647205e+00 -6.8905049416e-01 -3.3568900368e-01  2.5116812580e+00 -1.0486957788e+00 -2.1034968550e+00  4.6053738299e+00  2.6542525209e+00  1.3588054515e+00  6.4463541840e+00  1.2741951803e+00 -1.9579228714e-01  6.3761560964e+00 -7.4850195040e-01 -1.5614729148e+00  5.0250818710e+00 -5.0705815383e-01 -2.7114852905e+00  4.9311722099e+00 -1.7902353288e+00 -1.5018222604e+00 -7.2364988883e-01  1.2283795888e-02 -1.0970481505e+00 -6.7087017716e-01 -1.7400440345e+00 -7.8488344987e-01  2.0198068124e-01 -1.0691037149e+00 -2.1809677214e+00  5.0453645509e-01  7.3227131274e-01  1.1316506197e+00  1.7472774848e+00 -4.1086868085e-01  1.6540795882e+00  7.5227382501e-02 -9.7204266590e-01  1.4456246460e+00
ENERGY -5.129460353273e+02

JOB 22
COORDS  4.5497574955e+00  1.7614663134e+00  7.8415471464e-01  5.4512897005e+00  1.0815387655e+00 -1.3461379228e-02  3.4059073567e+00  3.1138147604e-01 -3.3104845292e-01  2.3097332429e+00 -4.4912720364e-01 -9.9117699946e-01  5.2798260446e+00 -7.6027140191e-01 -1.7125811607e+00 -4.8755991040e-02 -1.0064768567e+00 -1.1198586887e+00  8.2934764439e-01 -1.7260473661e-01  1.0307017692e+00  3.2874820584e+00  1.2757976876e+00  5.8185336260e-01  4.7196008267e+00  1.6177824184e-01 -7.2421130352e-01  1.1081331113e+00 -5.6132467355e-01 -3.4985863369e-01  2.5060878390e+00 -9.2387460662e-01 -2.1223633561e+00  4.7467586404e+00  2.5650597443e+00  1.4821710424e+00  6.5228237147e+00  1.1660184411e+00 -1.2967656361e-01  6.3646871964e+00 -7.7107943369e-01 -1.5888071244e+00  5.0183157159e+00 -4.4222179559e-01 -2.7224164301e+00  4.8844376916e+00 -1.7639226481e+00 -1.5593562642e+00 -8.4626514878e-01 -2.5633208627e-01 -1.0536085965e+00 -4.3226698269e-01 -1.9569496351e+00 -7.2853242174e-01  2.4241291584e-01 -1.1432834112e+00 -2.1596493835e+00  4.3398005632e-01  8.4760227375e-01  1.0918211179e+00  1.7281112048e+00 -2.2153202760e-01  1.6400416439e+00  8.5142470067e-02 -8.6781967431e-01  1.4335601253e+00
ENERGY -5.129480711063e+02

JOB 23
COORDS  4.8495677234e+00  1.0981330643e+00  1.2818273497e+00  5.5954035149e+00  8.5621270666e-01  1.4419608029e-01  3.5501793051e+00  5.1415709787e-02 -9.0578601719e-02  2.4414766721e+00 -7.1818059893e-01 -7.2511463018e-01  5.1747462622e+00 -2.7285500437e-01 -2.0543378109e+00  1.1711477505e-01 -1.3449073529e+00 -9.4078016747e-01  6.5804189496e-01  4.7921129851e-01  6.1371714392e-01  3.5869005734e+00  5.9786050226e-01  1.1255055176e+00  4.7688035491e+00  1.8729690265e-01 -7.2531669650e-01  1.1580981347e+00 -5.6381339926e-01 -2.7891286633e-01  2.7220517370e+00 -1.5008690852e+00 -1.6486246602e+00  5.1563322394e+00  1.5989660357e+00  2.1910659254e+00  6.6150163493e+00  1.1011956669e+00 -1.1850260579e-01  6.1288656642e+00  1.9985619349e-01 -2.2965023997e+00  4.4284093769e+00  7.4958481102e-03 -2.7968666735e+00  5.2772786596e+00 -1.3581463878e+00 -2.0681290898e+00 -3.9658316633e-01 -7.4493920133e-01 -1.7043064167e+00 -6.1921198250e-01 -1.6636521976e+00 -1.9583221356e-01  5.6006657590e-01 -2.2160384224e+00 -1.4196730601e+00 -3.9984529512e-02  1.1268344615e+00  6.6473875957e-02  1.4732512948e+00  1.0692904139e+00  1.0187529690e+00  1.1659943583e-01  2.0652669978e-02  1.4496924789e+00
ENERGY -5.129479889456e+02

