JOB 0
COORDS  1.1042641691e+00  2.8668187684e+00  2.2794210668e+00  2.0363132765e+00 -6.9838584570e-01 -7.9933088474e-02  1.2272670117e+00 -1.7315393631e+00  4.0442809338e-01  2.6608046105e+00  1.6077377172e-01  8.2669450783e-01  1.0297666012e+00 -1.8899883625e+00  1.7772833625e+00  2.4657816309e+00 -6.7313239258e-03  2.1990619872e+00 -1.1842499281e+00  1.7462793627e+00  2.1499913175e+00 -1.1211238071e+00  6.9788522289e-01  4.0198275983e+00  4.3211585564e-02  2.0430573256e+00  2.7218265646e+00  1.6186097058e+00 -1.0082365504e+00  2.6976851729e+00  1.8625552258e+00 -7.0276591499e-02  5.0819362897e+00  4.5123106495e-01 -2.1462267847e+00  4.7904254879e+00  1.8793308670e+00 -2.5948706707e+00  4.7223972659e+00  1.5101752317e+00 -1.2210573818e+00  4.1785901626e+00  1.1708998026e+00  1.2997371391e+00  4.8871633945e+00  1.9910285709e+00  3.5423275815e+00  1.9328203513e+00 -1.8958823132e+00  9.1055105990e-01  2.9673134210e+00  7.2683226047e-02  1.3527289907e+00  3.9338262303e+00  2.6027983057e+00 -1.7409523253e-01  6.0443119324e+00  2.1843053527e+00 -5.7170756639e-01 -1.1489424332e+00  7.4639823125e-01 -2.4173964724e+00 -2.8823199567e-01  3.2982851684e+00  9.6623354605e-01  4.7379821002e-01  3.8978651011e-01 -2.6972281830e+00  2.1217527544e+00  2.9973793356e+00  6.5249533786e-01  2.8795688557e+00 -1.5695753105e+00  2.0980368395e+00  1.2022020707e+00 -1.3753822092e+00  8.0342409117e-02  4.8707708401e+00 -2.8700854220e-01 -2.5685927655e+00  4.1167977026e+00  6.2051421668e-02 -1.8718039782e+00  5.7672111244e+00  2.4549933535e+00 -2.6163723985e+00  5.6413482034e+00  2.1506565497e+00 -3.3334495341e+00  3.9758181650e+00  1.9282797525e+00  2.0279548932e+00  4.5904274257e+00  8.1539876867e-01  1.6031642628e+00  5.8754783579e+00
ENERGY -8.189884805644e+02

JOB 1
COORDS  1.1112584171e+00  2.7499839728e+00  2.1811007792e+00  2.0110823999e+00 -5.7396352768e-01  1.4274086997e-02  1.0393509528e+00 -1.4739914857e+00  4.6140545457e-01  2.7978244189e+00  1.0467830445e-01  9.4892044488e-01  8.4329075467e-01 -1.6817641555e+00  1.8290357122e+00  2.6031239452e+00 -1.1100628074e-01  2.3135684102e+00 -1.1346180318e+00  1.5490302863e+00  2.0141295785e+00 -1.1302214032e+00  6.1762655355e-01  3.9471789085e+00  5.5544746551e-02  1.9178493571e+00  2.6212387187e+00  1.6017807631e+00 -9.8050038921e-01  2.7764864529e+00  1.7590143211e+00 -6.7115661816e-02  5.1661236673e+00  4.9662008979e-01 -2.2336022985e+00  4.8469440939e+00  1.9512194456e+00 -2.5816620589e+00  4.7803742610e+00  1.4896691841e+00 -1.2289287162e+00  4.2510136126e+00  1.1186921125e+00  1.3057908634e+00  4.8578538127e+00  1.9891819551e+00  3.4389755226e+00  1.8388253053e+00 -1.8602705667e+00  7.4288739243e-01  2.8493123936e+00  4.5829504336e-02  1.3051421491e+00  3.8744335977e+00  2.3963249363e+00 -1.5915448919e-01  6.2016596056e+00  2.1560901071e+00 -4.0643178366e-01 -1.0495084915e+00  4.2542402318e-01 -2.0133459757e+00 -2.5519256765e-01  3.5566334743e+00  8.0885307644e-01  6.2058609196e-01  6.4440079884e-02 -2.3673984252e+00  2.1475214288e+00  3.2446732259e+00  4.0643599098e-01  3.0231619859e+00 -1.4845411035e+00  1.8304178721e+00  1.0299280883e+00 -1.4030610752e+00  4.0101980275e-02  4.8206061074e+00 -2.0395088882e-01 -2.7093054521e+00  4.1697694367e+00  8.4824944977e-02 -1.9899191907e+00  5.8221460216e+00  2.5242730851e+00 -2.5726409555e+00  5.7013521339e+00  2.2719589874e+00 -3.2889357935e+00  4.0230204133e+00  1.9030833557e+00  1.9842981910e+00  4.5159486965e+00  7.5298564032e-01  1.6971614860e+00  5.8105205665e+00
ENERGY -8.189917326765e+02

JOB 2
COORDS  1.0583500479e+00  2.6996359560e+00  2.0229576768e+00  1.9425208287e+00 -4.8270866275e-01  5.2512568698e-03  8.7503690970e-01 -1.2665457928e+00  4.5147696557e-01  2.8452072131e+00  4.2872148317e-02  9.3489413917e-01  7.0084216423e-01 -1.5134699924e+00  1.8161988098e+00  2.6733566649e+00 -2.1299574074e-01  2.2953493101e+00 -1.2022407291e+00  1.5182167279e+00  1.9109465090e+00 -1.1710445177e+00  6.0951252798e-01  3.8544813244e+00  6.9935988271e-04  1.8863665574e+00  2.4933969998e+00  1.5859135965e+00 -9.7287552344e-01  2.7575064902e+00  1.6210217950e+00 -6.4900311363e-02  5.1586229260e+00  5.7431886488e-01 -2.3434049702e+00  4.7933871078e+00  2.0549611587e+00 -2.5443852353e+00  4.7651190202e+00  1.4756116136e+00 -1.2366960084e+00  4.2296181575e+00  1.0846249976e+00  1.3169284561e+00  4.7312217309e+00  1.9355370744e+00  3.3762471693e+00  1.6551483342e+00 -1.9180829469e+00  7.2510023301e-01  2.7662893911e+00  6.4346151775e-03  1.2898879090e+00  3.7536083130e+00  2.1024543386e+00 -1.5573309829e-01  6.2768477923e+00  2.0698426618e+00 -2.8132606387e-01 -1.0549045500e+00  1.6614695386e-01 -1.6787232790e+00 -2.6187811192e-01  3.6753251684e+00  6.5992964397e-01  6.0376820287e-01 -1.5695634249e-01 -2.0931407616e+00  2.1414021048e+00  3.3950506360e+00  1.8322898331e-01  3.0067953920e+00 -1.5658939252e+00  1.7888050144e+00  9.2872656359e-01 -1.4311421153e+00  4.1852136749e-02  4.7386404275e+00 -4.7932315052e-02 -2.8854004703e+00  4.0902889669e+00  1.1133937620e-01 -2.1464204449e+00  5.7555452444e+00  2.5985239954e+00 -2.4814595956e+00  5.7016555365e+00  2.4636126869e+00 -3.2095803712e+00  4.0119513344e+00  1.9115064932e+00  1.8959226390e+00  4.3134229817e+00  7.5977198342e-01  1.8247747334e+00  5.6423941960e+00
ENERGY -8.189943517170e+02

JOB 3
COORDS  1.0887390807e+00  2.6961418496e+00  2.0349078273e+00  1.8863930317e+00 -4.2323969857e-01  9.4572561163e-02  7.6832218651e-01 -1.1144594423e+00  5.6941488988e-01  2.8814362221e+00 -2.1374134523e-02  9.9149524882e-01  6.3854479061e-01 -1.3936323822e+00  1.9327494068e+00  2.7525410330e+00 -3.0951239916e-01  2.3506897037e+00 -1.2229556484e+00  1.6121881626e+00  1.9868373602e+00 -1.1646871146e+00  6.7658181375e-01  3.9171170434e+00  1.1915266409e-02  1.9262883587e+00  2.5343867168e+00  1.6219460702e+00 -9.8246666007e-01  2.8410602475e+00  1.5033996441e+00 -9.1025510251e-02  5.2611758474e+00  7.6139255055e-01 -2.4815439222e+00  4.8343973459e+00  2.2521407688e+00 -2.4870057503e+00  4.8611221588e+00  1.5236118299e+00 -1.2546975300e+00  4.3131296261e+00  1.1319297437e+00  1.3093751638e+00  4.7418010197e+00  1.9807405500e+00  3.3365416799e+00  1.6390045252e+00 -1.9414996994e+00  8.3657665277e-01  2.8550406428e+00  3.3581775353e-02  1.3131205527e+00  3.7851526034e+00  1.7540218068e+00 -2.0918720905e-01  6.4517823092e+00  1.9808377494e+00 -1.9447523163e-01 -9.6346200755e-01 -1.3358660830e-02 -1.4256541018e+00 -1.1860029852e-01  3.7497019426e+00  5.2527042563e-01  6.3523487820e-01 -2.5365601099e-01 -1.8983741515e+00  2.2900852663e+00  3.5385830322e+00 -8.4041988482e-03  3.0404268325e+00 -1.6065942763e+00  1.9087134884e+00  1.0197553920e+00 -1.4176452003e+00  1.0809432086e-01  4.8032334762e+00  2.5073856464e-01 -3.0881907315e+00  4.0947625876e+00  2.4009010980e-01 -2.3564367683e+00  5.7780479931e+00  2.7448916892e+00 -2.3626128352e+00  5.8193474475e+00  2.7742871277e+00 -3.0807582577e+00  4.1182414995e+00  2.0056386733e+00  1.7504025814e+00  4.2557177043e+00  8.8517514921e-01  1.9211671538e+00  5.6123283122e+00
ENERGY -8.189960280067e+02

JOB 4
COORDS  1.1801752801e+00  2.6783605806e+00  2.0349747616e+00  1.8271071636e+00 -3.9896307540e-01  8.8872435993e-02  6.8493447146e-01 -1.0306070295e+00  5.9091672138e-01  2.8850553141e+00 -9.4753684037e-02  9.5094400534e-01  5.9750256292e-01 -1.3488302261e+00  1.9481499529e+00  2.7958716034e+00 -4.1940784984e-01  2.3061532133e+00 -1.1884130233e+00  1.7292251122e+00  1.9223873924e+00 -1.2099058189e+00  7.3038920187e-01  3.8217378057e+00  5.3946166784e-02  1.9569517139e+00  2.4964119851e+00  1.6482032424e+00 -1.0395268878e+00  2.8219140722e+00  1.3214719962e+00 -1.9376314129e-01  5.2474255165e+00  9.7849675318e-01 -2.6674258114e+00  4.7621858998e+00  2.4461226491e+00 -2.4367641181e+00  4.8711378925e+00  1.5536281417e+00 -1.3260296640e+00  4.2918467823e+00  1.0992277589e+00  1.2276527101e+00  4.7057504956e+00  2.1130419466e+00  3.2773805767e+00  1.6697089865e+00 -1.9602391716e+00  9.6568547008e-01  2.7539877543e+00  2.3010003832e-02  1.3036616927e+00  3.7255902307e+00  1.3221038226e+00 -3.5529261073e-01  6.4601084747e+00  1.8906693640e+00 -1.3924623453e-01 -9.6434252639e-01 -1.4543696764e-01 -1.2636051392e+00 -7.0339345451e-02  3.7703695807e+00  4.0773554284e-01  5.7231744827e-01 -3.0386460352e-01 -1.8163385505e+00  2.3338627409e+00  3.6239883448e+00 -1.8675892894e-01  2.9725995647e+00 -1.5407720099e+00  2.0774390130e+00  9.6058518413e-01 -1.5073388024e+00  1.5215431811e-01  4.6876674067e+00  6.1602932194e-01 -3.3295711845e+00  3.9831663827e+00  3.9594579833e-01 -2.6421694139e+00  5.6772406512e+00  2.8581320744e+00 -2.2507361263e+00  5.8572286788e+00  3.0996756006e+00 -2.9243070481e+00  4.1551947027e+00  2.0161595036e+00  1.5788630071e+00  4.2259729828e+00  8.8410532282e-01  1.8729196025e+00  5.5602424919e+00
ENERGY -8.189966377143e+02

JOB 5
COORDS  5.1265941636e+00  1.2425000004e+00  2.2939577901e+00  2.4869267633e+00 -3.8524205653e-01  3.1010957807e-01  1.4891340362e+00  2.9065841495e-01  1.0215157438e+00  3.2716437284e+00 -1.3430078889e+00  9.5786532439e-01  1.2820052703e+00  1.1856229312e-02  2.3731827844e+00  3.0600249732e+00 -1.6201089001e+00  2.3113504422e+00  3.2805035407e+00  3.0019462113e+00  2.4383617833e+00  2.4429990842e+00  2.4151111528e+00  4.3254799940e+00  4.0258034832e+00  1.9156111643e+00  2.8744809462e+00  2.0662879185e+00 -9.4534474170e-01  3.0329841582e+00  2.7091613050e+00 -3.8370939857e-01  5.4759138263e+00  5.1378690939e-01 -1.5931971643e+00  5.0223561126e+00  1.6025235992e+00 -2.6123803507e+00  4.9959915154e+00  1.8922217049e+00 -1.1820157367e+00  4.5046948018e+00  3.8932736001e+00  4.4838206364e-01  4.9562915708e+00  6.0401583852e+00  6.8418880864e-01  1.8289726645e+00  2.3022283438e+00  3.2986851331e+00  3.3462312203e+00  3.4696112085e+00  1.5481088017e+00  4.0963563000e+00  2.5044895754e+00 -4.1586097186e-01  6.6816935480e+00  2.6572073726e+00 -1.6097949399e-01 -7.3944361552e-01  8.8110161409e-01  1.0441307189e+00  5.2815728659e-01  4.0596811706e+00 -1.8590725895e+00  4.1718528462e-01  5.1371826645e-01  5.4749732930e-01  2.9242202146e+00  3.6772056843e+00 -2.3616034653e+00  2.8140020243e+00  3.4110395140e+00  3.5619734474e+00  1.5219155399e+00  1.8329358480e+00  2.3575523667e+00  5.2182437554e+00 -2.6852830588e-01 -1.6590367401e+00  4.2734828262e+00  2.2614144406e-01 -1.1901575589e+00  5.9875774042e+00  2.0531018682e+00 -2.8974728507e+00  5.9409583072e+00  1.5816773383e+00 -3.3757211327e+00  4.2248779896e+00  4.5637190087e+00 -1.9050606473e-01  4.3764414527e+00  4.4315454817e+00  8.3407675827e-01  5.8248671406e+00
ENERGY -8.189961229475e+02

JOB 6
COORDS  5.1683678775e+00  1.1028804129e+00  2.3497851040e+00  2.4089925359e+00 -3.1068749359e-01  3.1693646948e-01  1.4758333689e+00  3.9611652677e-01  1.0854368658e+00  3.1544733538e+00 -1.3358987602e+00  9.0305134816e-01  1.2927096622e+00  7.5440446475e-02  2.4300028182e+00  2.9699968054e+00 -1.6524956289e+00  2.2529453208e+00  3.4606429771e+00  3.0013110694e+00  2.3742480182e+00  2.5200386558e+00  2.5465739923e+00  4.2498278005e+00  4.1055818178e+00  1.8775291388e+00  2.8713403434e+00  2.0341170450e+00 -9.5641501839e-01  3.0274877004e+00  2.5290678250e+00 -2.5417713861e-01  5.4540567170e+00  5.8425315251e-01 -1.8382818698e+00  4.9963150781e+00  1.8379571833e+00 -2.6541011147e+00  5.0278565877e+00  1.8799179318e+00 -1.2114508027e+00  4.4983409480e+00  3.7923280453e+00  4.9491661505e-01  4.9912558999e+00  6.0500624682e+00  4.6168921330e-01  1.9326089744e+00  2.4799928007e+00  3.4032523351e+00  3.2376504529e+00  3.4838080871e+00  1.5966745168e+00  4.0846042881e+00  2.1501009277e+00 -1.1017136370e-01  6.6073527246e+00  2.5607463666e+00 -5.5680459214e-02 -7.2847390464e-01  9.0161034054e-01  1.2048540821e+00  6.4182325263e-01  3.8969941003e+00 -1.8727320209e+00  3.1979061887e-01  5.6896080200e-01  6.2765921925e-01  3.0238733664e+00  3.5704255868e+00 -2.4357418006e+00  2.7090840829e+00  3.6633865662e+00  3.5170488907e+00  1.4449873409e+00  1.8796541171e+00  2.5663953356e+00  5.1225902540e+00 -1.5094803967e-01 -2.0666597875e+00  4.2317936408e+00  2.0023371589e-01 -1.4650352615e+00  5.9395935073e+00  2.3014187229e+00 -2.8362615902e+00  5.9922209475e+00  1.9693739800e+00 -3.4370476700e+00  4.2879041545e+00  4.4585842731e+00 -1.9266864286e-01  4.4655549261e+00  4.2968420613e+00  8.7563137705e-01  5.8822530686e+00
ENERGY -8.189946498622e+02

JOB 7
COORDS  5.2416630734e+00  8.7456988841e-01  2.5371315406e+00  2.2920172720e+00 -1.7165885277e-01  3.4007840225e-01  1.4372341210e+00  5.5344718316e-01  1.1802136598e+00  3.0155286702e+00 -1.2493417341e+00  8.5386206069e-01  1.3075398529e+00  1.9389763858e-01  2.5201562928e+00  2.8889757308e+00 -1.6023748826e+00  2.2020290050e+00  3.7280256102e+00  2.9201473741e+00  2.3122574804e+00  2.6622137550e+00  2.7194142363e+00  4.1652286545e+00  4.2350355187e+00  1.7868716436e+00  2.9318771335e+00  2.0239477866e+00 -8.9568819405e-01  3.0447815567e+00  2.3490437998e+00 -9.2799069169e-02  5.4493226863e+00  7.4636410206e-01 -2.0306605258e+00  5.0012960158e+00  2.1382202142e+00 -2.5913911569e+00  5.0703066981e+00  1.9089086179e+00 -1.1842635361e+00  4.5136858308e+00  3.6800418722e+00  6.2007550102e-01  5.1308995383e+00  6.0764627928e+00  1.1909071806e-01  2.2288586617e+00  2.7538197040e+00  3.4862698092e+00  3.0864734640e+00  3.5346366196e+00  1.6725791952e+00  4.1299561540e+00  1.7650540110e+00  1.8438816899e-01  6.4850393520e+00  2.4013322415e+00  1.1148106847e-01 -7.0346238407e-01  8.8485190641e-01  1.4063252437e+00  7.9574475187e-01  3.7024178902e+00 -1.7993293502e+00  2.1693446834e-01  6.3849624803e-01  7.5621548010e-01  3.1667877819e+00  3.4894776749e+00 -2.4158584482e+00  2.5988289081e+00  4.0228279994e+00  3.3327069672e+00  1.3565517104e+00  1.9854250517e+00  2.8714442924e+00  4.9965659614e+00  8.4654943714e-02 -2.4155105924e+00  4.2324048315e+00  2.7407600418e-01 -1.7213387643e+00  5.9274811579e+00  2.6069407770e+00 -2.6716742110e+00  6.0466131403e+00  2.4275389493e+00 -3.3587846603e+00  4.3598267406e+00  4.4047459517e+00 -1.0314679230e-01  4.7510408717e+00  4.0543301227e+00  1.0497283866e+00  6.0629901829e+00
ENERGY -8.189923539501e+02

JOB 8
COORDS  5.1910998627e+00  7.4556064699e-02  3.4289087082e+00  1.6882245542e+00  1.3929163921e-01  2.6805676264e-01  9.3976374178e-01  7.5044763613e-01  1.2788846458e+00  2.5605095169e+00 -9.0235427944e-01  5.9484513007e-01  1.0637569498e+00  3.1785366920e-01  2.5993391722e+00  2.6979211954e+00 -1.3194160521e+00  1.9211854872e+00  4.3032058136e+00  2.1287875255e+00  2.1907844173e+00  2.8847756290e+00  2.7750657683e+00  3.6636465674e+00  4.3920693911e+00  1.2256008862e+00  3.2408011038e+00  1.9552506011e+00 -7.1139012888e-01  2.9430893495e+00  2.0778052216e+00 -1.1207477998e-01  5.4647629752e+00  1.2804586070e+00 -2.4269730100e+00  4.7519012027e+00  2.7781890102e+00 -2.4232291556e+00  4.7899031063e+00  2.0261141486e+00 -1.1510739876e+00  4.3767271996e+00  3.1302311892e+00  1.0194987985e+00  5.4458549228e+00  5.8306053069e+00 -8.8640192490e-01  3.6027878616e+00  3.3687646653e+00  3.0867771235e+00  2.4708505286e+00  3.4659161884e+00  1.6575675744e+00  4.1856998686e+00  1.4278934027e+00 -2.0870972532e-01  6.4948860399e+00  1.5938938111e+00  4.7424520828e-01 -7.6132946038e-01  2.6281393833e-01  1.5659730847e+00  1.0399530369e+00  3.1515259333e+00 -1.3823875584e+00 -1.8088718107e-01  4.5763661681e-01  7.8242845181e-01  3.3745811420e+00  3.4127356480e+00 -2.1008149822e+00  2.1550356062e+00  4.8647480290e+00  2.1182536693e+00  1.2663129565e+00  2.1167355404e+00  3.3212466537e+00  4.1970301806e+00  7.9447712075e-01 -2.9369264062e+00  3.9267811810e+00  7.4011922930e-01 -2.4174341420e+00  5.6920715873e+00  3.2611981734e+00 -2.4075530005e+00  5.7619532897e+00  3.3403731109e+00 -2.9449486851e+00  4.0248808465e+00  4.0430795889e+00  5.8326252092e-01  5.8656528950e+00  2.7838213959e+00  1.7827405403e+00  6.1438023868e+00
ENERGY -8.189904092009e+02

JOB 9
COORDS  5.0370366752e+00  6.5059606969e-02  3.2639834964e+00  1.6105763881e+00  1.8080200810e-01 -1.8889015777e-02  9.5235791610e-01  8.5998964645e-01  1.0098949492e+00  2.3724399309e+00 -9.5142983820e-01  2.8510466641e-01  1.0584715819e+00  4.0932428826e-01  2.3261720254e+00  2.4914862241e+00 -1.3887958891e+00  1.6058420750e+00  4.2371951684e+00  2.1602183558e+00  2.0470260522e+00  2.7965157205e+00  2.8256559540e+00  3.4885666780e+00  4.2611626284e+00  1.2323034342e+00  3.0789360440e+00  1.8372069772e+00 -7.1360237952e-01  2.6472827501e+00  1.8343547114e+00 -9.2405179725e-02  5.1488064352e+00  1.3435783872e+00 -2.5010053936e+00  4.4507783517e+00  2.8305661749e+00 -2.3155357815e+00  4.5152118262e+00  1.9415368384e+00 -1.1490023289e+00  4.0790352168e+00  2.9025011001e+00  1.0245116480e+00  5.2340965565e+00  5.6719305751e+00 -9.0083840050e-01  3.4260807339e+00  3.3271376548e+00  3.1437908981e+00  2.3178293195e+00  3.3232951993e+00  1.6789006022e+00  4.0064869003e+00  1.0453780472e+00 -1.6143139022e-01  6.0766921378e+00  1.5327616628e+00  5.3136983151e-01 -1.0443966939e+00  3.6314876307e-01  1.7459999626e+00  7.9071894766e-01  2.8927007717e+00 -1.4868559261e+00 -5.0494714156e-01  5.1724717997e-01  9.3247317974e-01  3.1112579515e+00  3.1214410002e+00 -2.2461689498e+00  1.8188136156e+00  4.8296240236e+00  2.1498282370e+00  1.1419827247e+00  2.0306392857e+00  3.3868850032e+00  4.0094406971e+00  9.3616526121e-01 -3.0718927716e+00  3.6228900180e+00  7.8568907299e-01 -2.5537669682e+00  5.3793890992e+00  3.2876444308e+00 -2.2375886784e+00  5.4974766578e+00  3.4752175617e+00 -2.7670071520e+00  3.7709576578e+00  3.7817441776e+00  5.6897360537e-01  5.7025101615e+00  2.5194809772e+00  1.7823339034e+00  5.9186366916e+00
ENERGY -8.189894666501e+02

JOB 10
COORDS  5.0908052235e+00  1.0207821717e-01  3.3480394181e+00  1.5655242534e+00  9.1898461216e-02  3.1080342791e-03  1.0690481545e+00  8.8931866587e-01  1.0366151208e+00  2.1780672765e+00 -1.1263788211e+00  3.1530363464e-01  1.1906312324e+00  4.7500742490e-01  2.3640930856e+00  2.3100873965e+00 -1.5310163475e+00  1.6444993455e+00  4.2988131896e+00  2.2228879578e+00  2.1819506634e+00  2.8605534608e+00  2.8687957214e+00  3.6346167571e+00  4.3083476564e+00  1.2690271807e+00  3.1898610735e+00  1.8161015713e+00 -7.3693401571e-01  2.6923776324e+00  1.8138367338e+00 -5.1860755027e-02  5.1697361453e+00  1.5065771329e+00 -2.5126687212e+00  4.5477684703e+00  2.9794886590e+00 -2.2227858533e+00  4.5502767153e+00  1.9993339200e+00 -1.1317446051e+00  4.1288225793e+00  2.9221422150e+00  1.0194724073e+00  5.3294775092e+00  5.7442511684e+00 -8.5575666176e-01  3.4813540843e+00  3.3998521066e+00  3.2104561207e+00  2.4746936467e+00  3.3720446927e+00  1.7028861797e+00  4.1262705199e+00  9.1901978204e-01 -6.1411279402e-02  5.9959382231e+00  1.4779978344e+00  4.1437756655e-01 -1.0308326657e+00  5.9654232012e-01  1.8419808827e+00  8.1457298925e-01  2.5711582280e+00 -1.7575322175e+00 -4.7758687360e-01  7.6619184421e-01  1.0968106124e+00  3.1472077114e+00  2.8191565556e+00 -2.4659907689e+00  1.8579158237e+00  4.8976320153e+00  2.2299718220e+00  1.2810065066e+00  2.0993114468e+00  3.4257895606e+00  4.1669337455e+00  1.1055111467e+00 -3.1312874389e+00  3.7515708118e+00  9.8825471142e-01 -2.5854075042e+00  5.4979236894e+00  3.4671169264e+00 -2.1008109663e+00  5.5136430890e+00  3.6267648125e+00 -2.6402296520e+00  3.7882412119e+00  3.7832629455e+00  5.1930520068e-01  5.7848837698e+00  2.5545562336e+00  1.7651352932e+00  6.0356589639e+00
ENERGY -8.189866964692e+02

JOB 11
COORDS  5.9742373121e+00  3.3977444577e-01  2.9179080758e+00  2.9759483463e+00 -1.8715639390e+00  1.1509297386e-01  3.9516527155e+00 -1.9139997500e+00  1.1121568498e+00  1.6410507918e+00 -1.6569972925e+00  4.7598785342e-01  3.5953599112e+00 -1.7341909301e+00  2.4509878944e+00  1.2911386332e+00 -1.4757138218e+00  1.8143946866e+00  4.3162997091e+00  2.2321259697e+00  2.5085992611e+00  3.0119639307e+00  1.8718820567e+00  4.1718429818e+00  4.8275389870e+00  1.1273477414e+00  3.1713661983e+00  2.2626873677e+00 -1.5205540919e+00  2.8301210779e+00  3.0016059700e+00 -1.2520290549e+00  5.2883867038e+00  6.9584418503e-01 -3.8568964328e-01  4.6279803475e+00  5.9206085142e-01 -1.8754872584e+00  4.7700728765e+00  1.8926613755e+00 -1.2686011674e+00  4.2637396065e+00  4.0827729122e+00 -1.4286796553e-01  5.2571765727e+00  6.9147327639e+00 -3.2338817403e-01  2.7211383872e+00  3.1903623752e+00  2.6834338678e+00  3.1413263362e+00  3.9654637548e+00  8.9818833040e-01  4.2453362186e+00  3.0509049994e+00 -2.0200719352e+00  6.2311826003e+00  3.2484681014e+00 -2.0056739388e+00 -9.2818895690e-01  4.9954177855e+00 -2.0768198283e+00  8.5879339207e-01  8.6926026131e-01 -1.6205041284e+00 -2.8855887740e-01  4.3753786843e+00 -1.8210424869e+00  3.1994068189e+00  2.4798857660e-01 -1.2945888339e+00  2.0587063287e+00  4.7117911738e+00  2.7053966644e+00  1.6196382770e+00  2.2141189748e+00  1.9495092257e+00  4.8971250693e+00  1.9965362547e-01  1.2383751026e-01  3.8076839023e+00  7.5947449349e-01  1.9302645806e-01  5.5459818935e+00  6.0647022377e-01 -2.2970038813e+00  5.7690983931e+00  4.9646273450e-03 -2.4286503577e+00  4.0452620861e+00  5.0567395199e+00 -6.2499569241e-01  5.1535979961e+00  4.0693275950e+00  3.1494048190e-01  6.2503332193e+00
ENERGY -8.189841951566e+02

JOB 12
COORDS  5.8891057289e+00  3.0878313162e-01  2.8048184965e+00  3.0804874407e+00 -1.7548490426e+00  1.6350710773e-01  3.9849903021e+00 -2.0149848875e+00  1.1945750812e+00  1.7802270429e+00 -1.3475474312e+00  4.8133652209e-01  3.5922616958e+00 -1.8629859609e+00  2.5263340436e+00  1.3938347918e+00 -1.1925803646e+00  1.8134245726e+00  4.1521546886e+00  2.1198784625e+00  2.3480833666e+00  2.9313719915e+00  1.8236205353e+00  4.0865177812e+00  4.7279245067e+00  1.0759818608e+00  3.0554434806e+00  2.2924444590e+00 -1.4556440346e+00  2.8606185208e+00  3.0010209565e+00 -1.2107941168e+00  5.3246049011e+00  6.5572947930e-01 -4.8650580505e-01  4.7077970553e+00  6.3514773124e-01 -1.9838077362e+00  4.7715374786e+00  1.9006306287e+00 -1.2790892010e+00  4.2977904418e+00  4.0873410794e+00 -1.1347254373e-01  5.2202057076e+00  6.8438310339e+00 -3.3578255372e-01  2.6154308105e+00  3.0385408042e+00  2.5741205547e+00  3.0009716635e+00  3.9219744696e+00  8.9005410452e-01  4.1791634465e+00  3.0379795265e+00 -1.9165575735e+00  6.3165616738e+00  3.3827699506e+00 -1.8663870726e+00 -8.7423092522e-01  5.0028859858e+00 -2.3214529403e+00  9.7187015898e-01  1.0662698311e+00 -1.1379171251e+00 -3.1097544229e-01  4.3109440751e+00 -2.1022875316e+00  3.3048418052e+00  3.8259035546e-01 -8.5865847663e-01  2.0271801549e+00  4.4941412834e+00  2.5490053238e+00  1.4156500662e+00  2.1590110842e+00  1.9159502209e+00  4.8378563824e+00  1.1837579850e-01  3.7428095402e-02  3.9242200743e+00  7.0142536879e-01  4.8150805943e-02  5.6530238598e+00  6.7340533083e-01 -2.4583894089e+00  5.7459670327e+00  8.6795930179e-02 -2.5228387465e+00  4.0063681273e+00  5.0545825866e+00 -6.0179015206e-01  5.0868712520e+00  4.1171713703e+00  3.7511576100e-01  6.1979503832e+00
ENERGY -8.189877412453e+02

JOB 13
COORDS  5.7768384573e+00  2.5576344778e-01  2.7128895594e+00  3.2094638630e+00 -1.6654522452e+00  3.2184373738e-01  3.9713705083e+00 -2.1712744590e+00  1.3780105596e+00  1.9932671277e+00 -1.0323687414e+00  5.9589075818e-01  3.5188987348e+00 -2.0410326745e+00  2.6919335124e+00  1.5452679192e+00 -9.0125287480e-01  1.9124276819e+00  3.9640160378e+00  1.9847476552e+00  2.2274475391e+00  2.8482718950e+00  1.7815582146e+00  4.0484251937e+00  4.6055198331e+00  1.0057131811e+00  2.9698604469e+00  2.2945496777e+00 -1.4168299937e+00  2.9799808802e+00  2.9648728305e+00 -1.1246089758e+00  5.4376257058e+00  5.7484684931e-01 -5.6313058021e-01  4.8218205305e+00  6.5777158926e-01 -2.0569711114e+00  4.8807239856e+00  1.8733474625e+00 -1.2639089054e+00  4.4110601562e+00  4.0848866800e+00 -8.1084457589e-02  5.2177103395e+00  6.7459570472e+00 -3.6618108064e-01  2.5214583529e+00  2.8764344063e+00  2.4583836288e+00  2.9104686125e+00  3.8686821167e+00  8.8158227375e-01  4.1478739841e+00  2.9764070309e+00 -1.7299060579e+00  6.4955521538e+00  3.5626771234e+00 -1.7561642672e+00 -7.0174704574e-01  4.9290528951e+00 -2.6460062026e+00  1.1864297997e+00  1.3979470290e+00 -6.2152150518e-01 -2.1536141845e-01  4.1215081610e+00 -2.4550667067e+00  3.4970815071e+00  6.1557635208e-01 -3.7303851928e-01  2.0980792371e+00  4.2433387196e+00  2.3565244867e+00  1.2507054071e+00  2.1120584801e+00  1.9018230192e+00  4.8318991575e+00 -7.3763867328e-03 -8.2934839255e-02  4.0431878553e+00  5.9022096890e-01 -2.5535048929e-02  5.7658432581e+00  7.3016831201e-01 -2.5317675476e+00  5.8532742776e+00  1.4948464971e-01 -2.6255695681e+00  4.1092516360e+00  5.0192562492e+00 -6.1209256737e-01  5.0249988627e+00  4.2085537506e+00  4.4164636308e-01  6.1697226127e+00
ENERGY -8.189912562988e+02

JOB 14
COORDS  5.7155202607e+00  2.6065877919e-01  2.5168407320e+00  3.2899434322e+00 -1.6201062683e+00  2.8319420289e-01  3.9258850252e+00 -2.2952637656e+00  1.3293993808e+00  2.1598862503e+00 -8.4323946604e-01  5.5291504852e-01  3.4301115250e+00 -2.1921102749e+00  2.6294075689e+00  1.6706623702e+00 -7.3554702336e-01  1.8577019860e+00  3.9161631476e+00  2.0275120915e+00  2.1204980407e+00  2.8228098548e+00  1.7690085156e+00  3.9485665061e+00  4.5602085157e+00  1.0186226841e+00  2.8201697064e+00  2.2930568363e+00 -1.4171813522e+00  2.9117216783e+00  2.8898252704e+00 -1.0408046305e+00  5.3813326141e+00  4.6204828545e-01 -7.4232369781e-01  4.7096711192e+00  7.0558912868e-01 -2.2142899507e+00  4.7999002723e+00  1.8404235712e+00 -1.3019429680e+00  4.3367611387e+00  4.0808575434e+00 -1.1702032281e-01  5.0529548091e+00  6.6736888050e+00 -3.6525439146e-01  2.2872263269e+00  2.8397834607e+00  2.4828604897e+00  2.8323272613e+00  3.8391595362e+00  8.6166561434e-01  4.0029539592e+00  2.8238629549e+00 -1.4829187704e+00  6.5171845918e+00  3.6785847041e+00 -1.6906811819e+00 -7.2904492002e-01  4.8179790701e+00 -2.8844199056e+00  1.1384849502e+00  1.6676337872e+00 -3.0038280374e-01 -2.4975825973e-01  3.9258979414e+00 -2.7338222582e+00  3.4324140545e+00  8.2052225904e-01 -8.9251562063e-02  2.0502100276e+00  4.1841541479e+00  2.4292973845e+00  1.1525187323e+00  2.0957646095e+00  1.8640413258e+00  4.7446273499e+00 -1.5204129629e-01 -3.5461500052e-01  3.9045772643e+00  4.0108063137e-01 -1.8451210722e-01  5.6392774731e+00  8.1362835545e-01 -2.6570114337e+00  5.7841049521e+00  2.7887811225e-01 -2.8478903278e+00  4.0296660695e+00  4.9292985058e+00 -7.3688682042e-01  4.7545180130e+00  4.3561171641e+00  3.8404938358e-01  5.9840605072e+00
ENERGY -8.189942803336e+02

JOB 15
COORDS  5.7284053982e+00  2.5657442148e-01  2.4752789535e+00  3.2799812030e+00 -1.5647253082e+00  3.5164146513e-01  3.8455947128e+00 -2.3503014794e+00  1.3610309450e+00  2.2267794471e+00 -6.9852908575e-01  6.5818621682e-01  3.3559397322e+00 -2.2663024148e+00  2.6650746921e+00  1.7453161889e+00 -6.1151144993e-01  1.9673269444e+00  4.0047243589e+00  2.1099000875e+00  2.1399013982e+00  2.9064844961e+00  1.8429852772e+00  3.9641646479e+00  4.6119606363e+00  1.0584182136e+00  2.8103032854e+00  2.3027976539e+00 -1.3948860923e+00  2.9857894859e+00  2.8386411802e+00 -8.4898222025e-01  5.4537849438e+00  3.9983282854e-01 -9.2899116083e-01  4.7488663231e+00  8.5058020059e-01 -2.3395765822e+00  4.9203060893e+00  1.8526517209e+00 -1.2948502794e+00  4.4132529357e+00  4.1128920801e+00 -9.8653872477e-02  5.0281741184e+00  6.6537548898e+00 -4.0571246209e-01  2.2152295732e+00  2.9471241773e+00  2.5846386375e+00  2.8661389377e+00  3.8896890458e+00  8.9920106469e-01  3.9907506998e+00  2.6632350164e+00 -1.0426261232e+00  6.6480643801e+00  3.6648965014e+00 -1.6213033172e+00 -6.6288324778e-01  4.6759648622e+00 -3.0135221086e+00  1.1369045780e+00  1.7900695669e+00 -7.4238295830e-02 -1.1691135780e-01  3.7922216852e+00 -2.8889888886e+00  3.4436848848e+00  9.5461954563e-01  9.5665895003e-02  2.1980466511e+00  4.2843950257e+00  2.5263350955e+00  1.1813769512e+00  2.1859950926e+00  1.9432790803e+00  4.7661455959e+00 -2.4597428498e-01 -6.8537018833e-01  3.9123881428e+00  2.4987956435e-01 -3.3503017806e-01  5.6447472409e+00  1.0111878600e+00 -2.7037994322e+00  5.9292452680e+00  5.3557807559e-01 -3.0703134360e+00  4.1828454846e+00  4.8420492294e+00 -8.2022220007e-01  4.6519084583e+00  4.5280072073e+00  3.6605783118e-01  5.9252591075e+00
ENERGY -8.189960877567e+02

JOB 16
COORDS  5.7507355466e+00  1.7917066624e-01  2.5186239422e+00  3.2287160310e+00 -1.4741543339e+00  3.8003307106e-01  3.7476805931e+00 -2.3506537689e+00  1.3377590113e+00  2.2369105672e+00 -5.5826292119e-01  7.4515262923e-01  3.2771145936e+00 -2.3061285452e+00  2.6518612387e+00  1.7725574175e+00 -5.1358025769e-01  2.0616228263e+00  4.1501063637e+00  2.1330683094e+00  2.1394215549e+00  2.9996327400e+00  1.9423226282e+00  3.9412712069e+00  4.6803649888e+00  1.0513230809e+00  2.8275267595e+00  2.2935185494e+00 -1.3809148971e+00  3.0309943978e+00  2.7360916117e+00 -6.7266208642e-01  5.4825757788e+00  3.4815665185e-01 -1.1873726007e+00  4.7719403830e+00  1.0271798158e+00 -2.4897480860e+00  5.0211885156e+00  1.8440083974e+00 -1.3125748419e+00  4.4610688648e+00  4.0739837692e+00 -5.5441737349e-02  5.0440763891e+00  6.6368945672e+00 -5.4196001206e-01  2.2795115687e+00  3.1082241377e+00  2.6742167087e+00  2.8407593417e+00  3.9240719410e+00  9.4187283158e-01  3.9914022135e+00  2.4484940876e+00 -6.4409176636e-01  6.6714337947e+00  3.5997377578e+00 -1.5010872229e+00 -6.4094121028e-01  4.5274021134e+00 -3.0562660427e+00  1.0661177737e+00  1.8332149069e+00  1.3185745287e-01  9.0749933986e-03  3.6795463656e+00 -2.9935614844e+00  3.3931372264e+00  1.0189047305e+00  2.1669763965e-01  2.3420254108e+00  4.4740150654e+00  2.5265848166e+00  1.1851076748e+00  2.2725324276e+00  2.0912062316e+00  4.7298256902e+00 -3.1041660779e-01 -1.1042908609e+00  3.9139495350e+00  8.9203925763e-02 -5.8212054326e-01  5.6344361632e+00  1.2327649726e+00 -2.7654153656e+00  6.0500367988e+00  8.5363901316e-01 -3.3041508332e+00  4.3254453440e+00  4.7304866105e+00 -8.4420395423e-01  4.6683335844e+00  4.5340769169e+00  3.8979396795e-01  5.9288666003e+00
ENERGY -8.189966358393e+02

JOB 17
COORDS  5.7504337667e+00  4.3530314763e-02  2.6019922070e+00  3.1452768414e+00 -1.3874958798e+00  3.6432238691e-01  3.6270652354e+00 -2.3403015714e+00  1.2655618672e+00  2.2143836634e+00 -4.3443294291e-01  7.9367661887e-01  3.1844104090e+00 -2.3350210152e+00  2.5914938537e+00  1.7754634178e+00 -4.3228444490e-01  2.1181351529e+00  4.3146782928e+00  2.0999824863e+00  2.1157359104e+00  3.0918792690e+00  2.0453145266e+00  3.8782646803e+00  4.7392157846e+00  1.0015724909e+00  2.8497748646e+00  2.2684817594e+00 -1.3722790978e+00  3.0349971601e+00  2.5856181925e+00 -5.1747993060e-01  5.4567351527e+00  3.2266175329e-01 -1.4591625785e+00  4.7645831091e+00  1.2122605365e+00 -2.6131151729e+00  5.0847523146e+00  1.8167200950e+00 -1.3392028713e+00  4.4661450999e+00  3.9792939492e+00  8.0926061389e-03  5.0730483123e+00  6.5876469225e+00 -7.4764953798e-01  2.4132060938e+00  3.2925247398e+00  2.7359831731e+00  2.7638222816e+00  3.9361123952e+00  9.8055100672e-01  3.9865750414e+00  2.1733769793e+00 -3.0281387365e-01  6.5883686857e+00  3.4948940620e+00 -1.3849845920e+00 -6.6460063658e-01  4.3575947383e+00 -3.0764835294e+00  9.4297341013e-01  1.8365839212e+00  3.1194867932e-01  1.0011644052e-01  3.5654726521e+00 -3.0755452935e+00  3.2911311825e+00  1.0564339881e+00  3.1255082211e-01  2.4484518130e+00  4.6993875052e+00  2.4411824912e+00  1.1638591916e+00  2.3526003131e+00  2.2695344135e+00  4.6370652283e+00 -3.2428321707e-01 -1.5367255616e+00  3.8971105424e+00 -4.8327363667e-02 -8.6508696790e-01  5.5930209859e+00  1.4454052842e+00 -2.7996360806e+00  6.1279185853e+00  1.1896821530e+00 -3.4827907122e+00  4.4360722511e+00  4.6069135650e+00 -8.2652263354e-01  4.7507927961e+00  4.4186031345e+00  4.5928509874e-01  5.9653996568e+00
ENERGY -8.189960012634e+02

JOB 18
COORDS  5.3835203721e+00 -6.2267961506e-01  4.9602654361e+00  1.8412149267e+00 -5.8393563153e-01  5.0499503565e-02  2.8876604551e+00 -1.3308570657e+00  5.9982700666e-01  8.1090762100e-01 -1.2418661567e-01  8.7847844646e-01  2.9111127926e+00 -1.6087710474e+00  1.9682783214e+00  8.3738849774e-01 -4.0659027572e-01  2.2466896118e+00  5.8397899651e+00  2.6521111140e-01  2.6122005223e+00  4.0427297837e+00  1.4068391175e+00  2.3537820231e+00  5.1162901087e+00  1.2603718394e-01  3.7896642406e+00  1.8900337467e+00 -1.1465171121e+00  2.8083812757e+00  2.2557790360e+00 -1.8428992402e-01  5.1740630292e+00  9.4660399080e-01 -2.3515839838e+00  4.9164798320e+00  2.3963114034e+00 -2.6969953689e+00  4.8684774809e+00  1.9239206951e+00 -1.3516118311e+00  4.2936962903e+00  2.8943163781e+00  1.0856293057e+00  4.5779473692e+00  5.5955105525e+00 -1.2590421754e+00  5.9156673665e+00  5.1610675756e+00  1.0617396378e+00  1.7329056714e+00  3.9562106896e+00  8.7383825763e-01  3.6053872823e+00  2.0083151707e+00 -1.7570726389e-01  6.3698405769e+00  1.8294907201e+00 -3.6027429872e-01 -1.0128429205e+00  3.6995409082e+00 -1.6766450941e+00 -3.3619023662e-02 -1.1587944089e-02  4.4950185679e-01  4.5862088661e-01  3.7404587328e+00 -2.1684312877e+00  2.3905049599e+00  3.1749957347e-02 -5.6491641857e-02  2.8892883640e+00  6.8004586713e+00 -1.7414413389e-01  2.3769762071e+00  3.2502081308e+00  2.0152629926e+00  1.9374282543e+00  2.7898341973e-01 -2.8430019804e+00  4.2159969295e+00  5.2291139407e-01 -2.0681526730e+00  5.8738605674e+00  2.9708751982e+00 -2.6478351977e+00  5.7870011899e+00  2.7307369948e+00 -3.4326964496e+00  4.1444637706e+00  3.2664933246e+00  1.6700070317e+00  5.4223480490e+00  2.1083104017e+00  1.6599765580e+00  4.0800083609e+00
ENERGY -8.189957846967e+02

JOB 19
COORDS  5.3443633563e+00 -5.5013647174e-01  5.0844227850e+00  1.7750258870e+00 -5.5628936105e-01  2.0697260433e-02  2.7712083144e+00 -1.3969601733e+00  5.2414429510e-01  8.3494931074e-01  1.0875951558e-03  8.9546038655e-01  2.8375454582e+00 -1.6715128280e+00  1.8927352792e+00  9.0307455978e-01 -2.7764834895e-01  2.2618839206e+00  5.7931877428e+00  1.9662323369e-01  2.6845611605e+00  4.0128763577e+00  1.3529937413e+00  2.3805620643e+00  5.0724625868e+00  1.2103916033e-01  3.8691763538e+00  1.9143140788e+00 -1.1045533940e+00  2.7796357148e+00  2.1285133975e+00 -1.3923118334e-01  5.1458850625e+00  1.0749608951e+00 -2.4393273758e+00  4.8454794013e+00  2.5558362565e+00 -2.6261051951e+00  4.8449923530e+00  1.9590267469e+00 -1.3381419582e+00  4.2597796576e+00  2.8535924594e+00  1.1147538742e+00  4.6128771070e+00  5.5578269198e+00 -1.1145802946e+00  6.0837688112e+00  5.1234493767e+00  9.6413663651e-01  1.7727259974e+00  3.9230473571e+00  8.7792848364e-01  3.6557112191e+00  1.7184930720e+00 -9.8855042316e-02  6.2945152749e+00  1.7309304903e+00 -3.3671336552e-01 -1.0425808478e+00  3.5122485966e+00 -1.8233743711e+00 -1.4612564237e-01  4.7473496319e-02  6.4520797024e-01  5.1219289351e-01  3.6370418436e+00 -2.2991924456e+00  2.2740749767e+00  1.5950121410e-01  1.4155090093e-01  2.9373702889e+00  6.7484791314e+00 -2.6331320603e-01  2.4675789788e+00  3.2266621736e+00  1.9508579390e+00  1.9381790459e+00  4.8858283941e-01 -2.9963913661e+00  4.1220104043e+00  5.8951588148e-01 -2.2088872816e+00  5.7877197111e+00  3.0912008509e+00 -2.5249186083e+00  5.7825270562e+00  2.9930706032e+00 -3.3226236733e+00  4.1377404283e+00  3.2387374627e+00  1.6451394722e+00  5.4866227035e+00  2.1141190180e+00  1.7564038833e+00  4.1271820337e+00
ENERGY -8.189960178477e+02

JOB 20
COORDS  5.3530568791e+00 -4.8375313606e-01  5.2355139870e+00  1.6807822308e+00 -5.7097133997e-01 -3.7040031956e-03  2.6149093453e+00 -1.5024774594e+00  4.5593904629e-01  8.5438367331e-01  8.5737137284e-02  9.1569972829e-01  2.7365380587e+00 -1.7664125801e+00  1.8232579883e+00  9.7766527423e-01 -1.8175626472e-01  2.2797814293e+00  5.7950899735e+00  1.4361217127e-01  2.8002508260e+00  4.0176051724e+00  1.2906094103e+00  2.4481653167e+00  5.0728642899e+00  1.1613665940e-01  3.9856797589e+00  1.9392708839e+00 -1.0911020628e+00  2.7551353660e+00  2.0287331348e+00 -1.3491754559e-01  5.1176156879e+00  1.2233317408e+00 -2.5341489590e+00  4.7862909650e+00  2.7170266510e+00 -2.5667156860e+00  4.8241191909e+00  2.0056508015e+00 -1.3458283320e+00  4.2304488524e+00  2.8377309697e+00  1.1072425193e+00  4.6778015778e+00  5.5724399617e+00 -9.8344263917e-01  6.2676094721e+00  5.1284679278e+00  8.7718179256e-01  1.8581890507e+00  3.9245339636e+00  8.6668350933e-01  3.7417081017e+00  1.4657252768e+00 -7.8139654456e-02  6.1976687543e+00  1.5933696046e+00 -3.6166152610e-01 -1.0663231632e+00  3.2627884857e+00 -2.0156739682e+00 -2.4934588019e-01  1.0889070708e-01  7.9693917606e-01  5.6882556136e-01  3.4908173491e+00 -2.4696432789e+00  2.1618317389e+00  3.1079777211e-01  3.1006648069e-01  2.9855993723e+00  6.7517663909e+00 -3.2264055667e-01  2.6039075407e+00  3.2340675710e+00  1.8720850661e+00  1.9805079709e+00  7.1667734447e-01 -3.1421529602e+00  4.0440932961e+00  6.8985193484e-01 -2.3628613630e+00  5.7151772586e+00  3.2114527750e+00 -2.4216958826e+00  5.7782039123e+00  3.2485519726e+00 -3.2127440717e+00  4.1341061348e+00  3.2240152417e+00  1.5643679386e+00  5.5916033520e+00  2.1508211483e+00  1.8202252136e+00  4.2162359081e+00
ENERGY -8.189946301193e+02

JOB 21
COORDS  5.3755856616e+00 -2.9822127727e-01  5.5267520071e+00  1.4403067860e+00 -5.9666721934e-01 -6.9548930964e-02  2.2923161458e+00 -1.6279183333e+00  3.3499508446e-01  7.8751408178e-01  1.7117844636e-01  9.0061657901e-01  2.5088705854e+00 -1.8760263938e+00  1.6929033846e+00  1.0044775856e+00 -8.2153759515e-02  2.2560942860e+00  5.9416576683e+00  1.1711293832e-01  3.0705805571e+00  4.1384373210e+00  1.1322381138e+00  2.5064700147e+00  5.1509200251e+00  1.6690990619e-01  4.2101512605e+00  1.8976077836e+00 -1.0847363773e+00  2.6747573619e+00  1.9707267201e+00 -1.4202254513e-01  5.0358902272e+00  1.4199201364e+00 -2.6186799386e+00  4.7070933412e+00  2.9114352340e+00 -2.4791466431e+00  4.7029392142e+00  2.0446653624e+00 -1.3489216187e+00  4.1427094735e+00  2.8331478193e+00  1.0917091709e+00  4.6774479745e+00  5.5432238982e+00 -6.8897221141e-01  6.6141685863e+00  5.3011363769e+00  7.2116526695e-01  2.0240142189e+00  3.9861215377e+00  8.3141352572e-01  3.8291267713e+00  1.3030234598e+00 -8.7393265911e-02  6.0528352315e+00  1.2782899242e+00 -4.0092857018e-01 -1.1259436539e+00  2.7979717240e+00 -2.2382684047e+00 -4.0840287665e-01  9.8577680991e-02  9.5733770772e-01  6.0216322554e-01  3.1938020567e+00 -2.6681001494e+00  1.9785129684e+00  4.5510621727e-01  4.9514655495e-01  2.9967155384e+00  6.9291892909e+00 -3.1527825345e-01  2.9755765618e+00  3.3621924361e+00  1.6296390325e+00  1.9402574359e+00  9.6417634242e-01 -3.2784953834e+00  3.9761919265e+00  8.9671621443e-01 -2.5218960417e+00  5.6525914907e+00  3.4066211706e+00 -2.2907940693e+00  5.6494763841e+00  3.5012629304e+00 -3.0537589852e+00  3.9973202422e+00  3.1588761127e+00  1.5317999995e+00  5.6224383868e+00  2.2013561447e+00  1.8265077209e+00  4.1741319049e+00
ENERGY -8.189919630242e+02

JOB 22
COORDS  5.3583294170e+00 -2.4446429199e-01  5.7000134899e+00  1.2249376966e+00 -5.8926804174e-01 -2.3065443048e-01  1.9580395926e+00 -1.7246645977e+00  1.2813310151e-01  7.7070187855e-01  2.7132532537e-01  7.7211279691e-01  2.2546675733e+00 -1.9827825059e+00  1.4676465042e+00  1.0676023849e+00  7.7688126409e-03  2.1115437130e+00  6.0552110828e+00  1.6189344930e-01  3.2756410751e+00  4.2376532574e+00  1.0699361924e+00  2.5832308998e+00  5.1951391472e+00  1.9060607877e-01  4.3641973268e+00  1.8496457162e+00 -1.1003801081e+00  2.4816613904e+00  1.9201702703e+00 -2.5145447971e-01  4.8881474940e+00  1.6028786090e+00 -2.7550963879e+00  4.4536311930e+00  3.0731461822e+00 -2.4651590404e+00  4.3991112682e+00  2.0740609787e+00 -1.4042562151e+00  3.9332136804e+00  2.8109736170e+00  9.9684637963e-01  4.6786381784e+00  5.4706390953e+00 -6.1211924309e-01  6.8025899969e+00  5.4478653424e+00  7.1141046853e-01  2.1805324436e+00  4.0220053696e+00  7.8499183602e-01  3.9005457111e+00  1.1684748461e+00 -2.5568119963e-01  5.8451771760e+00  9.9805932981e-01 -3.8795533467e-01 -1.2739271123e+00  2.3017968043e+00 -2.4142006055e+00 -6.3834389694e-01  1.6972055006e-01  1.1400407051e+00  5.1556754876e-01  2.8313188629e+00 -2.8697478943e+00  1.7127830832e+00  6.5527241225e-01  6.6347119303e-01  2.8740171911e+00  7.0670123830e+00 -2.2115958179e-01  3.2478685915e+00  3.4758963805e+00  1.5223112031e+00  1.9625465138e+00  1.1774787526e+00 -3.4220487940e+00  3.7111241009e+00  1.1166009570e+00 -2.7586337149e+00  5.4234291314e+00  3.5826518370e+00 -2.2846766649e+00  5.3400745369e+00  3.6927044766e+00 -2.9308232264e+00  3.6398700387e+00  3.0731649484e+00  1.3666587857e+00  5.6720312469e+00  2.2200758079e+00  1.7740170493e+00  4.1896406795e+00
ENERGY -8.189887933538e+02

JOB 23
COORDS  5.3636895963e+00 -2.3095313968e-01  5.7784026505e+00  1.0858849912e+00 -6.2940531220e-01 -3.5545605921e-01  1.6571967524e+00 -1.8520748687e+00  1.2318154979e-02  8.5182476915e-01  3.3100055565e-01  6.3031365927e-01  2.0066479329e+00 -2.0992534484e+00  1.3400416884e+00  1.2054945852e+00  8.0005335421e-02  1.9592186431e+00  6.1229280212e+00  2.7687767445e-01  3.3922398388e+00  4.2919876482e+00  1.1279940987e+00  2.6649645666e+00  5.2279495619e+00  2.3973954975e-01  4.4516853562e+00  1.8260590514e+00 -1.1229826225e+00  2.3357678953e+00  1.8886020562e+00 -3.1080990800e-01  4.7660682097e+00  1.7554889600e+00 -2.8143902747e+00  4.2908504246e+00  3.2009851962e+00 -2.4314708384e+00  4.1686292172e+00  2.1152370486e+00 -1.4277630564e+00  3.7776033870e+00  2.8035206922e+00  9.3675287790e-01  4.7112533232e+00  5.4496118257e+00 -6.2935351114e-01  6.8726730194e+00  5.5283983481e+00  8.3097878395e-01  2.2926851480e+00  4.0446304765e+00  7.9527310341e-01  3.9653533222e+00  1.0442584237e+00 -3.4500533346e-01  5.6405431255e+00  8.1295583312e-01 -4.3743072490e-01 -1.3893759898e+00  1.8266485840e+00 -2.6207643251e+00 -7.3713259612e-01  3.7733841912e-01  1.2741536241e+00  3.7158793233e-01  2.4477550092e+00 -3.0598598360e+00  1.5907597601e+00  9.5701567852e-01  8.2836427822e-01  2.7057004162e+00  7.1502308217e+00 -6.3433344221e-02  3.3878207672e+00  3.5357539031e+00  1.5722764330e+00  2.0324770005e+00  1.3276927947e+00 -3.4997827355e+00  3.5673538461e+00  1.3230795605e+00 -2.8632900493e+00  5.2844665154e+00  3.7471819025e+00 -2.2518091246e+00  5.0890249968e+00  3.8050354203e+00 -2.8327284036e+00  3.3606023798e+00  3.0318505322e+00  1.2017293631e+00  5.7457103729e+00  2.2355549171e+00  1.7688617676e+00  4.2894856464e+00
ENERGY -8.189852168298e+02

