JOB 0
COORDS  1.7452835022e+00  1.1355026153e-01  9.6314869633e-02  2.0410513703e+00 -7.4057951328e-01 -1.1570324126e+00 -8.5418047181e-01  7.0723153577e-02 -4.2257604180e-01 -6.1948360135e-01 -9.0057209230e-01  6.8851234940e-01  3.3590923345e-01  2.8702420023e-01  5.1437722395e-01  2.6799450760e+00  6.1919679126e-01  6.9394671896e-01  1.4092120107e+00 -1.7312669733e+00 -1.4740964435e+00  3.1012394569e+00 -2.7758683847e-01 -1.8420511925e+00 -6.5376261304e-01 -2.6676186517e-01 -1.4327655285e+00 -1.6577078471e+00  7.9427893144e-01 -3.2608873709e-01 -1.2534013684e+00 -8.6104901087e-01  1.5688943813e+00 -2.3993267254e-01 -1.8797679550e+00  4.2319988910e-01  2.3801056746e-01  1.0997429924e+00  1.2270943054e+00  3.2364899506e+00 -8.8947470537e-01 -2.5925166193e+00
ENERGY -4.198634705595e+02

JOB 1
COORDS  1.7624972250e+00 -6.2405080110e-03  1.5324313054e-01  2.0545905053e+00 -7.3498023094e-01 -1.1704618349e+00 -8.1909908617e-01  1.3619614774e-02 -4.5780413772e-01 -6.4720834636e-01 -8.4600474121e-01  7.5616035956e-01  3.4610444712e-01  2.8813448498e-01  4.8895361626e-01  2.6979577765e+00  3.2054768283e-01  8.6275769376e-01  1.5041322659e+00 -1.7668390802e+00 -1.5060901560e+00  3.0065837057e+00 -1.1664120822e-01 -1.8917334360e+00 -6.0956373264e-01 -4.3502250161e-01 -1.4218542274e+00 -1.6070251035e+00  7.6051874828e-01 -4.5628966439e-01 -1.3083523479e+00 -7.0998491390e-01  1.6062906154e+00 -2.8437545857e-01 -1.8565009964e+00  6.0362329409e-01  2.5986724955e-01  1.1887545031e+00  1.0890451259e+00  3.1525634933e+00 -6.6190347678e-01 -2.6906276165e+00
ENERGY -4.198613986558e+02

JOB 2
COORDS  1.7609707331e+00 -1.3164899438e-01  1.6128391164e-01  2.0810608556e+00 -7.0921491497e-01 -1.2254365232e+00 -8.1992634675e-01 -6.0103051688e-02 -4.6571045133e-01 -6.8003636125e-01 -7.7593405065e-01  8.4828707000e-01  3.5243342189e-01  2.7274466958e-01  4.4339920907e-01  2.6662357747e+00  1.5928738676e-03  9.6489155609e-01  1.5678724211e+00 -1.7212172984e+00 -1.6630667412e+00  3.0080999995e+00  1.6145834828e-02 -1.8775696322e+00 -6.2953162698e-01 -6.3215345941e-01 -1.3665528857e+00 -1.5852993698e+00  7.0475978562e-01 -5.5566207363e-01 -1.3376426539e+00 -5.1788173213e-01  1.6724185806e+00 -3.6052986013e-01 -1.8126863534e+00  8.2162234558e-01  3.1056782976e-01  1.2401110380e+00  9.3597084573e-01  3.1743977764e+00 -4.3705697024e-01 -2.7286624489e+00
ENERGY -4.198585159621e+02

JOB 3
COORDS  1.7493261574e+00 -2.5868531552e-01  1.4689357293e-01  2.1113320826e+00 -6.7506894198e-01 -1.2851928852e+00 -8.3095110277e-01 -1.4308791033e-01 -4.5974575659e-01 -7.0761947972e-01 -6.9336378838e-01  9.3965749169e-01  3.5908036304e-01  2.4336178733e-01  3.9516360712e-01  2.6018708115e+00 -3.3240786236e-01  1.0119096151e+00  1.6358514643e+00 -1.6489904631e+00 -1.8349780896e+00  3.0254174693e+00  1.4349096528e-01 -1.8400418437e+00 -6.6598012071e-01 -8.3160153856e-01 -1.2813765237e+00 -1.5723035903e+00  6.2819816920e-01 -6.4561085592e-01 -1.3513185573e+00 -3.0525102145e-01  1.7227774216e+00 -4.3748616022e-01 -1.7391063479e+00  1.0479617896e+00  3.7155764858e-01  1.2606939037e+00  7.7920475243e-01  3.2198956076e+00 -2.1072425924e-01 -2.7314095332e+00
ENERGY -4.198561591279e+02

JOB 4
COORDS  1.0972571806e+00 -1.2743311424e+00 -7.6952898134e-01  2.4601341360e+00 -5.7504419680e-01 -6.0990574377e-01 -1.8432826088e-01  5.7404583279e-01  5.7246974989e-01 -1.1878414774e+00 -1.2293670836e-01 -3.2101164415e-01  2.4159594973e-02 -8.7149330235e-01  1.9863274159e-01  9.8209453895e-01 -2.1654517277e+00 -1.5879508007e+00  3.0324598199e+00 -5.0028275123e-01  4.5710045091e-01  2.9522941452e+00 -1.1604373493e-01 -1.7775125025e+00  4.6379825313e-01  1.3155823829e+00  1.1203764863e-01 -4.5778369822e-01  7.9623260240e-01  1.5989476161e+00 -2.1556446839e+00 -3.9504966217e-01  8.8161239533e-02 -1.2018865979e+00  1.4176334446e-01 -1.3741486614e+00 -1.5397219913e-01 -1.6223979237e+00  9.6473717067e-01  3.8379318421e+00  2.5286436383e-01 -1.5868155210e+00
ENERGY -4.198552129420e+02

JOB 5
COORDS  1.0855221503e+00 -1.1572061186e+00 -8.5874277322e-01  2.4969721520e+00 -5.8876719416e-01 -5.9626591628e-01 -2.4071409986e-01  6.1237056469e-01  5.2877802486e-01 -1.2508763381e+00 -2.0546497498e-01 -2.5263394500e-01  5.5664308537e-02 -8.2550706559e-01  1.8239777197e-01  8.8432357484e-01 -1.8508029381e+00 -1.8347716175e+00  2.9682177075e+00 -4.8338762117e-01  5.1748658578e-01  3.1440276086e+00 -2.6405859487e-01 -1.7320653916e+00  3.0263385582e-01  1.3840366824e+00 -1.1025612071e-02 -4.4334683523e-01  8.5307058890e-01  1.5674949806e+00 -2.1543892650e+00 -5.3275872484e-01  2.5230360851e-01 -1.3772648656e+00  1.1009950600e-02 -1.3091642388e+00  5.3563158230e-03 -1.5631414604e+00  9.8070094050e-01  4.0325463236e+00  4.8064282864e-02 -1.4692796553e+00
ENERGY -4.198556908730e+02

JOB 6
COORDS  1.0746664055e+00 -1.0257134246e+00 -9.3299742011e-01  2.5279528096e+00 -6.1677731339e-01 -5.9420179515e-01 -3.0402403696e-01  6.4351399729e-01  4.9949766628e-01 -1.2879517978e+00 -2.8078146033e-01 -1.9008062786e-01  8.8090771188e-02 -7.8022459484e-01  1.6751245236e-01  8.0364219001e-01 -1.4692524861e+00 -2.0300684136e+00  2.9383264191e+00 -5.0804668241e-01  5.4364097539e-01  3.2768384526e+00 -4.1472367872e-01 -1.6945511002e+00  1.3712003308e-01  1.4389057127e+00 -9.5849346797e-02 -4.4834832599e-01  8.9316822765e-01  1.5458302915e+00 -2.1264332302e+00 -6.6110083880e-01  3.8508946320e-01 -1.4976076803e+00 -1.0899449838e-01 -1.2412626734e+00  1.5450753412e-01 -1.4950565215e+00  9.8454634582e-01  4.1718930494e+00 -1.7745906192e-01 -1.3818930550e+00
ENERGY -4.198575451714e+02

JOB 7
COORDS  1.0773075956e+00 -8.8581758494e-01 -9.7578267862e-01  2.5586455656e+00 -6.4565473551e-01 -5.9284641729e-01 -3.8397553328e-01  6.7069812014e-01  4.7062487751e-01 -1.3063681562e+00 -3.5421511277e-01 -1.4870415664e-01  1.1981806473e-01 -7.3095915209e-01  1.5886852546e-01  7.6801567619e-01 -1.0877668626e+00 -2.1332654328e+00  2.9416591921e+00 -5.4724497835e-01  5.5580299357e-01  3.3616701290e+00 -5.5826640075e-01 -1.6692413285e+00 -3.2336368378e-02  1.4805460755e+00 -1.6269808891e-01 -4.9870519568e-01  9.3126612271e-01  1.5179599684e+00 -2.0818080164e+00 -7.8796846579e-01  4.7507052883e-01 -1.5694101702e+00 -2.3448667634e-01 -1.1947074776e+00  2.8920365387e-01 -1.4062113392e+00  9.9294869563e-01  4.2649561564e+00 -4.0646163325e-01 -1.3288172465e+00
ENERGY -4.198602051234e+02

JOB 8
COORDS  1.0914772120e+00 -7.5139209554e-01 -9.8720085132e-01  2.5879483428e+00 -6.9570664157e-01 -5.9258723887e-01 -4.7177624713e-01  7.0024591912e-01  4.3961205115e-01 -1.3084452300e+00 -4.1818863826e-01 -1.2144599925e-01  1.5281979514e-01 -6.6912865860e-01  1.6297955892e-01  7.6616503343e-01 -7.5273563007e-01 -2.1593933172e+00  2.9745565291e+00 -7.0648615616e-01  5.5940800931e-01  3.4005764723e+00 -6.2619670075e-01 -1.6623536231e+00 -1.9696044353e-01  1.5111595606e+00 -2.2850771772e-01 -5.8231792910e-01  9.8140626547e-01  1.4820608801e+00 -2.0258589044e+00 -9.0031305206e-01  5.3527685343e-01 -1.5970036924e+00 -3.5828215231e-01 -1.1656606401e+00  4.0461048504e-01 -1.2883549920e+00  1.0174972071e+00  4.3128811699e+00 -5.8856965117e-01 -1.3144724100e+00
ENERGY -4.198629158378e+02

JOB 9
COORDS  1.1186161355e+00 -6.0525304890e-01 -9.7372517866e-01  2.6138346690e+00 -7.4795993867e-01 -5.9853715413e-01 -5.7178649471e-01  7.2628513501e-01  4.1561481810e-01 -1.2935312263e+00 -4.7896595290e-01 -1.0401212737e-01  1.9115198475e-01 -5.8687532056e-01  1.8171695961e-01  7.9217633771e-01 -4.3065410455e-01 -2.1341854176e+00  3.0048987070e+00 -8.8679768457e-01  5.4396870137e-01  3.4215297569e+00 -6.9045633617e-01 -1.6722162656e+00 -3.6694523870e-01  1.5332246930e+00 -2.8109174426e-01 -7.0591304924e-01  1.0255660480e+00  1.4502009584e+00 -1.9557784014e+00 -1.0141306358e+00  5.6920100375e-01 -1.5804219354e+00 -4.8049643320e-01 -1.1504885794e+00  5.0624354388e-01 -1.1459212786e+00  1.0548976903e+00  4.3345978044e+00 -7.8010776536e-01 -1.3361309019e+00
ENERGY -4.198651517527e+02

JOB 10
COORDS  1.1551975942e+00 -4.6108184972e-01 -9.4255684749e-01  2.6256889650e+00 -8.1169141316e-01 -6.0908629194e-01 -6.6970917894e-01  7.5001243972e-01  3.8614621164e-01 -1.2620450071e+00 -5.3504261573e-01 -8.6791047362e-02  2.3171240194e-01 -4.8374063584e-01  2.1173816593e-01  8.4263240088e-01 -1.4688789976e-01 -2.0782246390e+00  3.0013891528e+00 -1.1410888507e+00  4.9934836431e-01  3.4330052539e+00 -7.0671756982e-01 -1.6790447917e+00 -5.3255572582e-01  1.5422878666e+00 -3.4295385299e-01 -8.4305396362e-01  1.0725017500e+00  1.4078087072e+00 -1.8683844881e+00 -1.1156971233e+00  6.0111263495e-01 -1.5294514248e+00 -6.0777240959e-01 -1.1360430702e+00  5.9411227063e-01 -9.7480495771e-01  1.1061028600e+00  4.3301343423e+00 -9.4281935424e-01 -1.3723436409e+00
ENERGY -4.198666274175e+02

JOB 11
COORDS  1.2037323083e+00 -3.0168905419e-01 -8.9683858421e-01  2.6219189853e+00 -8.5897865099e-01 -6.2356746868e-01 -7.6200321795e-01  7.5801959032e-01  3.6232302130e-01 -1.2077015103e+00 -5.9375807544e-01 -7.6897488961e-02  2.7292109792e-01 -3.6706427144e-01  2.4847342948e-01  9.2281915837e-01  1.4659343738e-01 -1.9955803820e+00  2.9621954371e+00 -1.3324790382e+00  4.4344597962e-01  3.4270218562e+00 -7.6009749035e-01 -1.6957529287e+00 -6.9362426096e-01  1.5352645449e+00 -3.9206822858e-01 -9.9437900948e-01  1.0895355906e+00  1.3693069061e+00 -1.7587250338e+00 -1.2204007853e+00  6.1707325964e-01 -1.4396160645e+00 -7.2932887400e-01 -1.1284749128e+00  6.6481007576e-01 -7.9404783123e-01  1.1627233400e+00  4.2893027712e+00 -1.1341117154e+00 -1.4289531797e+00
ENERGY -4.198671512140e+02

JOB 12
COORDS  1.2577989507e+00 -1.4808992289e-01 -8.4121243745e-01  2.5976632295e+00 -8.9644231259e-01 -6.3855327630e-01 -8.3617674058e-01  7.5379419581e-01  3.3462301027e-01 -1.1323598835e+00 -6.5151584871e-01 -6.9448607221e-02  3.0857893666e-01 -2.5216462565e-01  2.8753199946e-01  1.0292662911e+00  4.2604493996e-01 -1.8920704812e+00  2.8830384482e+00 -1.4941505266e+00  3.8102605352e-01  3.3992903363e+00 -8.1394760058e-01 -1.7147678942e+00 -8.3126316636e-01  1.5097239598e+00 -4.4397255829e-01 -1.1380068036e+00  1.0876093575e+00  1.3222801070e+00 -1.6321810017e+00 -1.3138541389e+00  6.3009735198e-01 -1.3214450828e+00 -8.4534139142e-01 -1.1205592496e+00  7.1515649245e-01 -6.1013359489e-01  1.2250542098e+00  4.2093125868e+00 -1.3140751141e+00 -1.4948154653e+00
ENERGY -4.198666271660e+02

JOB 13
COORDS  1.3142756959e+00 -1.2037203300e-02 -7.7835728136e-01  2.5541456778e+00 -9.3140734726e-01 -6.5800730465e-01 -8.9207131479e-01  7.4165564500e-01  2.9773867806e-01 -1.0425575341e+00 -7.0633872537e-01 -5.5526272120e-02  3.3611996560e-01 -1.4630660264e-01  3.2667518343e-01  1.1587595241e+00  6.8037700045e-01 -1.7682549832e+00  2.7592208774e+00 -1.6551248412e+00  2.9683872949e-01  3.3649897144e+00 -8.4363987854e-01 -1.7272702853e+00 -9.4145123897e-01  1.4640416252e+00 -5.1037844251e-01 -1.2660099564e+00  1.0795239828e+00  1.2590987030e+00 -1.4992583815e+00 -1.3868200698e+00  6.5601107970e-01 -1.1863728000e+00 -9.5995945740e-01 -1.1012727439e+00  7.4255179159e-01 -4.2795685673e-01  1.2908853744e+00  4.1063305723e+00 -1.4585498944e+00 -1.5629676725e+00
ENERGY -4.198651529226e+02

JOB 14
COORDS  1.3716368140e+00  1.0122138727e-01 -7.0958332236e-01  2.5012919448e+00 -9.5756178462e-01 -6.8058357902e-01 -9.3243030852e-01  7.2127259407e-01  2.5295144331e-01 -9.5001196069e-01 -7.5627926245e-01 -3.3899913108e-02  3.5424513302e-01 -6.0665434806e-02  3.6253352126e-01  1.3101538414e+00  9.0750041942e-01 -1.6184989927e+00  2.6218965277e+00 -1.7791475369e+00  2.0661412660e-01  3.3186208584e+00 -8.6845858309e-01 -1.7452837068e+00 -1.0195212964e+00  1.4009860063e+00 -5.8823575009e-01 -1.3756087086e+00  1.0667476583e+00  1.1817472648e+00 -1.3783022856e+00 -1.4389709475e+00  6.9308030964e-01 -1.0455007368e+00 -1.0690651977e+00 -1.0695459360e+00  7.4613023107e-01 -2.5566267265e-01  1.3551968020e+00  3.9860725395e+00 -1.5744592690e+00 -1.6412795050e+00
ENERGY -4.198629155446e+02

JOB 15
COORDS  1.4309123864e+00  1.8975319903e-01 -6.2553503795e-01  2.4499171305e+00 -9.7401358140e-01 -7.0261573833e-01 -9.6076128685e-01  6.9336365711e-01  1.9576765799e-01 -8.6818093027e-01 -8.0149196395e-01 -8.0347474285e-03  3.6103109956e-01 -1.3305651562e-03  3.9769227134e-01  1.4898744577e+00  1.1099951985e+00 -1.4166762836e+00  2.5091347415e+00 -1.8626251800e+00  1.2360546153e-01  3.2512476915e+00 -8.8702132472e-01 -1.7803050595e+00 -1.0579640688e+00  1.3209375766e+00 -6.8420663638e-01 -1.4720350344e+00  1.0583724367e+00  1.0811591152e+00 -1.2880024839e+00 -1.4707312782e+00  7.3617146735e-01 -9.0724075183e-01 -1.1748498898e+00 -1.0276803410e+00  7.1984845885e-01 -1.0528233367e-01  1.4178769232e+00  3.8508911833e+00 -1.6576185744e+00 -1.7420062899e+00
ENERGY -4.198602051570e+02

JOB 16
COORDS  1.4970121198e+00  2.5856050554e-01 -5.1556648851e-01  2.4092389661e+00 -9.7530743578e-01 -7.1414712144e-01 -9.7811840341e-01  6.5824000227e-01  1.1927144174e-01 -7.9254435447e-01 -8.4278699751e-01  1.7433541134e-02  3.6056325680e-01  4.3552551494e-02  4.3678641144e-01  1.7071147541e+00  1.2811299335e+00 -1.1352379285e+00  2.4883212727e+00 -1.8789653167e+00  9.3354570306e-02  3.1068058725e+00 -9.2119595190e-01 -1.8643139852e+00 -1.0593176146e+00  1.2253173301e+00 -8.0283082451e-01 -1.5611069480e+00  1.0496584408e+00  9.4718275570e-01 -1.2300515011e+00 -1.4876493499e+00  7.7288764003e-01 -7.5765822595e-01 -1.2765530917e+00 -9.7871109558e-01  6.6012975802e-01  3.1014219666e-02  1.4822808165e+00  3.6582836408e+00 -1.7275574632e+00 -1.8931769706e+00
ENERGY -4.198575451799e+02

JOB 17
COORDS  1.5613029047e+00  3.0029047138e-01 -3.9082616684e-01  2.3694254128e+00 -9.7149909156e-01 -7.2856226590e-01 -9.8056831657e-01  6.1831619720e-01  2.2181545343e-02 -7.2683363504e-01 -8.7653765850e-01  5.3757426460e-02  3.5631579654e-01  8.3621186297e-02  4.7830600210e-01  1.9378859668e+00  1.3812727967e+00 -7.9560417156e-01  2.5036373828e+00 -1.8929349509e+00  5.0283715119e-02  2.9266970707e+00 -9.2124478084e-01 -1.9536787487e+00 -1.0204078008e+00  1.1083364961e+00 -9.4600135068e-01 -1.6326272325e+00  1.0509022223e+00  7.7453713295e-01 -1.2003988633e+00 -1.4793413558e+00  8.2203843928e-01 -6.0701458877e-01 -1.3827315655e+00 -9.0101658114e-01  5.7795945044e-01  1.6336629249e-01  1.5405339198e+00  3.4432990454e+00 -1.7443588826e+00 -2.0607361337e+00
ENERGY -4.198556909984e+02

JOB 18
COORDS  1.6217471163e+00  3.1908980845e-01 -2.5010646535e-01  2.3344338009e+00 -9.5640257034e-01 -7.3718615328e-01 -9.5837217651e-01  5.7139089114e-01 -9.3048701936e-02 -6.6907859558e-01 -9.0206843629e-01  9.4286489422e-02  3.5182942936e-01  1.2101643416e-01  5.2396516736e-01  2.1553477273e+00  1.3969328487e+00 -4.2555351844e-01  2.5801015207e+00 -1.8876132676e+00  5.5219503087e-04  2.6890049897e+00 -8.9356550304e-01 -2.0358307919e+00 -9.2690850747e-01  9.7320064128e-01 -1.1014669863e+00 -1.6775520433e+00  1.0532391538e+00  5.6172618657e-01 -1.1963152340e+00 -1.4477875469e+00  8.7019067064e-01 -4.5629243548e-01 -1.4869147627e+00 -7.9708243093e-01  4.7856810043e-01  2.9133744160e-01  1.5904550093e+00  3.1821589008e+00 -1.7143977556e+00 -2.2356879077e+00
ENERGY -4.198552141113e+02

JOB 19
COORDS  1.4923091518e+00  4.6267348072e-01 -5.2473368173e-01  2.1359415763e+00 -7.4414167125e-01 -1.2209014771e+00 -1.0709216407e+00  3.2644156446e-01 -9.7806529156e-03 -5.1628573121e-01 -1.0263741888e+00  3.6263635800e-01  3.7587037602e-01  1.9616288613e-01  4.3912692166e-01  1.9221865117e+00  1.5754597530e+00 -7.6437705420e-01  1.5558961401e+00 -1.4244558769e+00 -2.0440579047e+00  3.4107897181e+00 -9.3824277715e-01 -8.3290069114e-01 -1.2449603788e+00  5.2728729199e-01 -1.0622285353e+00 -1.7545714398e+00  8.2653074873e-01  6.6902744606e-01 -8.2577767001e-01 -1.4673028277e+00  1.3054128267e+00 -3.4494766513e-01 -1.7326197548e+00 -4.4247116415e-01  6.2261181961e-01  5.5614388501e-01  1.4351901825e+00  3.7505318252e+00 -1.7001051368e+00 -1.3447298112e+00
ENERGY -4.198561591151e+02

JOB 20
COORDS  1.5431460416e+00  4.7987130733e-01 -4.0802352425e-01  2.0774666250e+00 -6.9903336527e-01 -1.2349135299e+00 -1.0459409644e+00  2.5130696757e-01 -1.0800629463e-01 -4.7508281186e-01 -1.0282373050e+00  4.3570400143e-01  3.6452124249e-01  2.3872481856e-01  4.7504274252e-01  2.1133978900e+00  1.5535001905e+00 -4.7988899605e-01  1.4135144878e+00 -1.2881381990e+00 -2.0662733430e+00  3.3627376199e+00 -9.7895372463e-01 -9.5111041269e-01 -1.1286529389e+00  3.4352661885e-01 -1.1861041479e+00 -1.8019511470e+00  7.8506014171e-01  4.5924704270e-01 -8.3964151363e-01 -1.3881463510e+00  1.3930213600e+00 -2.1373066290e-01 -1.7997360649e+00 -2.7948465807e-01  5.0983404549e-01  6.8071427866e-01  1.4567324662e+00  3.6290546798e+00 -1.7130019367e+00 -1.5407299439e+00
ENERGY -4.198585159486e+02

JOB 21
COORDS  1.5918982871e+00  4.7256933603e-01 -2.9249604954e-01  2.0267538419e+00 -6.5703783656e-01 -1.2430095317e+00 -1.0116642701e+00  1.7717164988e-01 -1.9641567269e-01 -4.5052654854e-01 -1.0208147608e+00  5.0536064223e-01  3.4930618489e-01  2.7902548936e-01  4.9751842199e-01  2.2890453288e+00  1.4684512957e+00 -2.0594349134e-01  1.2893186950e+00 -1.1639637574e+00 -2.0673909354e+00  3.3184873566e+00 -9.9244181865e-01 -1.0763364725e+00 -1.0052575562e+00  1.6715830298e-01 -1.2807888738e+00 -1.8229612278e+00  7.3437504769e-01  2.6142964063e-01 -8.7173085938e-01 -1.3033928557e+00  1.4652653366e+00 -1.0715161048e-01 -1.8447905839e+00 -1.0922662230e-01  3.9631749265e-01  8.0583206617e-01  1.4456354953e+00  3.5168374789e+00 -1.6846841982e+00 -1.7383891251e+00
ENERGY -4.198613986462e+02

JOB 22
COORDS  1.6394697661e+00  4.1117130181e-01 -1.7865205870e-01  2.0095304198e+00 -6.4756424462e-01 -1.2416034157e+00 -9.8394832632e-01  1.2601298494e-01 -2.6559607304e-01 -4.7448655615e-01 -1.0024226012e+00  5.7123216328e-01  3.3141461117e-01  2.9652701422e-01  5.0490236191e-01  2.4374319304e+00  1.3002818388e+00  6.4551549170e-02  1.2097838617e+00 -1.1631997793e+00 -2.0003936072e+00  3.3278516766e+00 -9.1122587294e-01 -1.2508867323e+00 -9.1374288854e-01  2.0675891024e-02 -1.3413530415e+00 -1.8155203965e+00  7.2143957019e-01  9.8359430273e-02 -9.5064407020e-01 -1.2045248186e+00  1.5256390391e+00 -8.4515466622e-02 -1.8716813079e+00  5.4657778302e-02  2.9904916659e-01  9.2156046216e-01  1.3916726962e+00  3.4769988652e+00 -1.5595930620e+00 -1.9673173274e+00
ENERGY -4.198634705730e+02

JOB 23
COORDS  1.6963917126e+00  2.6998331380e-01 -3.7677289351e-02  2.0305222364e+00 -6.9710513357e-01 -1.2041771590e+00 -9.3845046419e-01  9.9014097565e-02 -3.4485532858e-01 -5.6185609125e-01 -9.5841003075e-01  6.3960112736e-01  3.2163476627e-01  2.8845911393e-01  5.0856771394e-01  2.5797306233e+00  9.8934622523e-01  3.9655151593e-01  1.2366830566e+00 -1.4612490351e+00 -1.7219054336e+00  3.3154203457e+00 -5.9360606816e-01 -1.5837882572e+00 -8.0294383888e-01 -1.2592645525e-01 -1.3954249794e+00 -1.7584233183e+00  7.7029819828e-01 -1.0879676288e-01 -1.1161069723e+00 -1.0333897620e+00  1.5701109857e+00 -1.7390333485e-01 -1.8901081649e+00  2.4707071411e-01  2.4301211034e-01  1.0109499281e+00  1.3145577925e+00  3.4369617618e+00 -1.2307988506e+00 -2.3146218770e+00
ENERGY -4.198639867788e+02

