JOB 0
COORDS  3.7260859299e+00 -5.4551290988e+00  5.3522866080e+00  3.0015003650e+00 -4.6084577162e+00  4.5130159659e+00  3.2290009751e+00 -5.7084930527e+00  6.6325766722e+00  2.0376277358e+00 -5.0704901447e+00  7.0249136445e+00  1.3774993789e+00 -4.2416443189e+00  6.1032543946e+00  2.0463925160e+00 -1.2265777567e+00  7.1961584880e+00  8.0872735797e-01 -1.0097303101e+00  8.0634984939e+00  6.6328372670e-01 -1.1290275735e+00  6.5713235657e+00  3.2611244166e+00 -7.7123528261e+00  7.9145707690e+00  2.2462903249e+00 -4.6605591279e+00  9.3516361912e+00  6.5338564126e-02 -3.5484833653e+00  6.4550193570e+00  1.8501550379e+00 -4.0253034844e+00  4.8662179111e+00 -8.4250150586e-02 -2.1953415515e+00  5.9342113381e+00  3.9443565236e+00 -6.5225398269e+00  7.4741773155e+00  1.4948461220e+00 -5.2632184649e+00  8.2806322931e+00  4.6511049004e+00 -5.9245635333e+00  5.0316855515e+00  3.3607366641e+00 -4.3977716647e+00  3.5070079751e+00  2.7349057947e+00 -3.9701113849e-01  7.0567263890e+00  2.5258286269e+00 -2.1980601878e+00  7.2414170876e+00  4.8612196322e-01 -1.8394733281e+00  8.6854171884e+00  6.5249051074e-01 -3.5926484557e-02  8.5190270580e+00  4.6492798416e-01 -1.8764906090e-01  6.0642381557e+00  3.9721896242e+00 -8.2463472684e+00  8.5467928361e+00  2.9979884396e+00 -8.3344381188e+00  7.0513164193e+00  2.3592810285e+00 -7.4690932319e+00  8.4818764717e+00  1.7102367203e+00 -4.9042314536e+00  1.0270777877e+01  2.2854419020e+00 -3.5728688406e+00  9.2271143562e+00  3.2631238760e+00 -5.0627863550e+00  9.3955140881e+00 -7.4734309628e-01 -4.1554196287e+00  6.0357262307e+00 -8.3919674827e-02 -3.5567494235e+00  7.5343470424e+00  1.6454614342e-01 -2.2112168551e+00  4.9464247298e+00
ENERGY -6.888062707248e+02

JOB 1
COORDS  3.7119902901e+00 -5.4571300703e+00  5.3740467429e+00  2.9933630452e+00 -4.6464078654e+00  4.4948661445e+00  3.1985025034e+00 -5.6686212600e+00  6.6547160961e+00  2.0000971157e+00 -5.0212038381e+00  7.0127684280e+00  1.3369800069e+00 -4.2462107761e+00  6.0467134582e+00  2.0193366197e+00 -1.1800455737e+00  7.0593017299e+00  8.6601870698e-01 -1.2133825891e+00  8.0533544586e+00  5.7402081855e-01 -1.1432130256e+00  6.5789819854e+00  3.2091234024e+00 -7.6407034966e+00  7.9783307566e+00  2.2469750307e+00 -4.5994003288e+00  9.3380851473e+00  1.8343985032e-03 -3.5664980635e+00  6.3300909941e+00  1.8282293516e+00 -4.0703310024e+00  4.8093852801e+00 -1.0984625960e-01 -2.1925536083e+00  5.8467198553e+00  3.9014878354e+00 -6.4595950211e+00  7.5294036366e+00  1.4501245812e+00 -5.1523711758e+00  8.2719450500e+00  4.6438583730e+00 -5.9325153117e+00  5.0834074778e+00  3.3669362827e+00 -4.4642899627e+00  3.4885270361e+00  2.6114023094e+00 -2.7174982075e-01  6.9816746351e+00  2.5823968418e+00 -2.0959524062e+00  6.9159430524e+00  6.8508855917e-01 -2.1449049603e+00  8.5783930382e+00  6.6753880538e-01 -3.2978528636e-01  8.6534337244e+00  2.4139215117e-01 -1.6647455612e-01  6.2339382424e+00  3.9037651668e+00 -8.1597690704e+00  8.6405278272e+00  2.9681359527e+00 -8.2818496522e+00  7.1226792917e+00  2.2922384398e+00 -7.3872971767e+00  8.5173129517e+00  1.6383061178e+00 -4.6819812370e+00  1.0240308377e+01  2.4717790981e+00 -3.5461508142e+00  9.1406252587e+00  3.1812767087e+00 -5.1539917327e+00  9.4647885186e+00 -7.7077507889e-01 -4.1541590770e+00  5.8183264511e+00 -2.3260947097e-01 -3.6147558838e+00  7.3920722094e+00  2.3268121098e-01 -2.1847204404e+00  4.8863917150e+00
ENERGY -6.888063649734e+02

JOB 2
COORDS  3.7828712164e+00 -5.3760941934e+00  5.5247055626e+00  3.0743125619e+00 -4.5560339565e+00  4.6461714868e+00  3.2451918679e+00 -5.6154975356e+00  6.7900222683e+00  2.0365516626e+00 -4.9825975641e+00  7.1395093398e+00  1.3820798575e+00 -4.1994618872e+00  6.1727351903e+00  2.0374635015e+00 -9.8263151851e-01  6.8814143300e+00  1.1194471736e+00 -1.2816623323e+00  8.0537615171e+00  5.3355287267e-01 -1.1099633060e+00  6.6760722976e+00  3.2367325498e+00 -7.6497518797e+00  8.0013916600e+00  2.2563402472e+00 -4.7203318560e+00  9.5013260146e+00  2.5949281588e-02 -3.5495346438e+00  6.4327133658e+00  1.8969620658e+00 -3.9988922879e+00  4.9487541665e+00 -1.1318735032e-01 -2.1819972699e+00  5.9417984335e+00  3.9260159389e+00 -6.4317641104e+00  7.6611145582e+00  1.4555441886e+00 -5.1409034601e+00  8.3799317651e+00  4.7233009677e+00 -5.8403590556e+00  5.2437016599e+00  3.4651246161e+00 -4.3513138014e+00  3.6507943858e+00  2.4836237135e+00  5.9962646574e-03  6.8111048409e+00  2.6646116174e+00 -1.7914097639e+00  6.5216415166e+00  1.1615198843e+00 -2.2778907488e+00  8.4773712195e+00  9.3193214677e-01 -5.0127347538e-01  8.7858578717e+00  2.0464143371e-02 -1.6244769580e-01  6.5217442426e+00  3.8940383602e+00 -8.1849965869e+00  8.6884638215e+00  3.0747751804e+00 -8.2537345556e+00  7.1011716813e+00  2.2759120222e+00 -7.4450294553e+00  8.4830096299e+00  1.5757006204e+00 -4.6760791067e+00  1.0353388835e+01  2.6830044129e+00 -3.7285779265e+00  9.3184410635e+00  3.0658887598e+00 -5.4266078630e+00  9.7035521370e+00 -7.2261092413e-01 -4.1598076924e+00  5.9109930125e+00 -2.2523465247e-01 -3.5962818917e+00  7.4911530767e+00  2.2454172463e-01 -2.1682177183e+00  4.9805474467e+00
ENERGY -6.888058071959e+02

JOB 3
COORDS  3.8564471579e+00 -5.3260084986e+00  5.6606137291e+00  3.2124678227e+00 -4.3829745788e+00  4.8614921070e+00  3.2426702776e+00 -5.7171276846e+00  6.8534627911e+00  2.0202899333e+00 -5.1168723722e+00  7.2019006459e+00  1.4468475750e+00 -4.1780861173e+00  6.3265968646e+00  1.8574218322e+00 -6.1215172021e-01  6.3291747719e+00  1.4963299807e+00 -1.1268247114e+00  7.7093716056e+00  4.4002778937e-01 -1.0661624594e+00  6.6293926472e+00  3.1592316475e+00 -7.8619751223e+00  7.8770617686e+00  1.9922936264e+00 -4.9994131307e+00  9.5696119948e+00  9.2469519169e-02 -3.5446810007e+00  6.6443357621e+00  2.0333968645e+00 -3.8277673850e+00  5.1726981219e+00 -1.6539646884e-01 -2.2471254000e+00  6.0490410655e+00  3.8750814474e+00 -6.6304885523e+00  7.6597184550e+00  1.3526660152e+00 -5.4537748303e+00  8.3632184409e+00  4.8070864139e+00 -5.7658566370e+00  5.3748864460e+00  3.6621036542e+00 -4.0633920129e+00  3.9227361573e+00  2.0382498183e+00  4.5162850195e-01  6.1993141089e+00  2.4565360179e+00 -1.2671032612e+00  5.7056031743e+00  1.8994244871e+00 -2.0955578062e+00  7.9847195167e+00  1.4220400107e+00 -4.2264721208e-01  8.5330766111e+00 -2.7336194496e-01 -2.5222615326e-01  6.7565118872e+00  3.8043363596e+00 -8.4732962076e+00  8.5100403294e+00  2.9922274974e+00 -8.3722791442e+00  6.9214589897e+00  2.2011656836e+00 -7.6855977469e+00  8.3726372279e+00  1.3554227487e+00 -5.3283702293e+00  1.0392746109e+01  2.0625718980e+00 -3.9055748011e+00  9.5766680006e+00  2.9923315706e+00 -5.4314781557e+00  9.6742027988e+00 -6.8083502505e-01 -4.2423062192e+00  6.2938722534e+00 -4.0872202381e-02 -3.4806775300e+00  7.7250848705e+00  9.5103505220e-03 -2.2762794919e+00  5.0489149184e+00
ENERGY -6.888063043800e+02

JOB 4
COORDS  3.8604440889e+00 -5.3477393208e+00  5.8335691455e+00  3.2263956930e+00 -4.3939973976e+00  5.0397215142e+00  3.2275735410e+00 -5.7626755102e+00  7.0090242746e+00  1.9944527576e+00 -5.1772381158e+00  7.3419976954e+00  1.4334403526e+00 -4.2243719971e+00  6.4748334509e+00  1.6839782365e+00 -5.1619281821e-01  6.2893499931e+00  1.6082085419e+00 -1.1520509245e+00  7.6623443189e+00  3.8247355257e-01 -1.1250241845e+00  6.7693412389e+00  3.1422591200e+00 -7.9112638048e+00  8.0301741492e+00  1.9052073744e+00 -5.0244750283e+00  9.6998335978e+00  7.5957596448e-02 -3.5962374063e+00  6.7890277747e+00  2.0392037416e+00 -3.8486506381e+00  5.3391884612e+00 -1.8343441758e-01 -2.3127749288e+00  6.1643585315e+00  3.8558460793e+00 -6.6779090663e+00  7.8150448597e+00  1.3127621751e+00 -5.5314396292e+00  8.4903704681e+00  4.8196232435e+00 -5.7756084380e+00  5.5585073816e+00  3.6922150048e+00 -4.0552352082e+00  4.1157147054e+00  1.7495502126e+00  5.6587640268e-01  6.2146009600e+00  2.2253696255e+00 -1.0712541679e+00  5.5296473579e+00  2.1326931066e+00 -2.0927016473e+00  7.7923508624e+00  1.6081896614e+00 -5.1017315323e-01  8.5388646795e+00 -3.7099111735e-01 -3.9979550443e-01  7.0768956857e+00  3.7889005392e+00 -8.5217409055e+00  8.6623915277e+00  2.9775955775e+00 -8.4204760423e+00  7.0735820232e+00  2.1837707460e+00 -7.7376812887e+00  8.5253031160e+00  1.2675926512e+00 -5.3654566181e+00  1.0517561376e+01  1.9268173445e+00 -3.9284454134e+00  9.6845092179e+00  2.9211975393e+00 -5.4102357459e+00  9.8322487433e+00 -6.9594996644e-01 -4.3090187657e+00  6.4667244851e+00 -4.4927057949e-02 -3.5019531982e+00  7.8695286831e+00  4.0194404332e-02 -2.3504342664e+00  5.1749955526e+00
ENERGY -6.888072217532e+02

JOB 5
COORDS  3.8289008413e+00 -5.3389450879e+00  5.7286984201e+00  3.2000520947e+00 -4.3983738302e+00  4.9142378266e+00  3.1852270289e+00 -5.7396736957e+00  6.9028024459e+00  1.9443246922e+00 -5.1563208407e+00  7.2135059937e+00  1.3908296800e+00 -4.2178310136e+00  6.3277619674e+00  1.6044401678e+00 -3.5418935182e-01  6.3521408329e+00  1.7327766168e+00 -1.2130904489e+00  7.5950163728e+00  4.1144599725e-01 -1.1384790561e+00  6.8431983326e+00  3.1026200277e+00 -7.8659891872e+00  7.9734226932e+00  1.8253935040e+00 -4.9349080611e+00  9.5621589106e+00  3.5005813462e-02 -3.5755777515e+00  6.6122315625e+00  2.0084766616e+00 -3.8538166780e+00  5.1936605162e+00 -1.3439126592e-01 -2.2355939617e+00  6.0759354727e+00  3.8121075107e+00 -6.6353359355e+00  7.7306550861e+00  1.2579518412e+00 -5.4951940048e+00  8.3638954581e+00  4.7934015032e+00 -5.7655717860e+00  5.4708885042e+00  3.6750787688e+00 -4.0706571670e+00  3.9909355978e+00  1.5927478788e+00  7.2715728186e-01  6.4561630609e+00  2.0968520191e+00 -7.2464212052e-01  5.4574709207e+00  2.3299544710e+00 -2.1134992595e+00  7.5039812921e+00  1.7910662753e+00 -7.2211300564e-01  8.5626868870e+00 -3.4913284643e-01 -5.4327788817e-01  7.3489962369e+00  3.7534089761e+00 -8.4611879288e+00  8.6158596829e+00  2.9367146085e+00 -8.3953162863e+00  7.0280434300e+00  2.1452773812e+00 -7.6849887358e+00  8.4677628165e+00  1.1964686908e+00 -5.2768941175e+00  1.0386260773e+01  1.8081087528e+00 -3.8397954543e+00  9.5165106934e+00  2.8536035035e+00 -5.2815529975e+00  9.7089465354e+00 -7.3521947087e-01 -4.2311135702e+00  6.1825706220e+00 -1.4950539293e-01 -3.5609888493e+00  7.6874405905e+00  1.8337620892e-01 -2.2008495750e+00  5.1126378811e+00
ENERGY -6.888080451200e+02

JOB 6
COORDS  3.8260083320e+00 -5.4080897563e+00  5.7179014119e+00  3.1815053213e+00 -4.5339408168e+00  4.8421643925e+00  3.1846028583e+00 -5.7481996122e+00  6.9114048131e+00  1.9279905569e+00 -5.1739518395e+00  7.1785857269e+00  1.3612062152e+00 -4.3057072189e+00  6.2335894661e+00  1.5301211704e+00 -2.9520615181e-01  6.5487281005e+00  1.9355875345e+00 -1.3737535299e+00  7.5389322575e+00  5.0624439067e-01 -1.2967878570e+00  7.0073972906e+00  3.1419660100e+00 -7.7912427949e+00  8.1400216900e+00  1.7787072074e+00 -4.7601590194e+00  9.4966161984e+00  4.0139349809e-03 -3.6507793103e+00  6.4648189868e+00  1.9778029997e+00 -3.9994929301e+00  5.0803768572e+00 -6.6258010838e-02 -2.2467892682e+00  6.0861757317e+00  3.8292157047e+00 -6.5717639388e+00  7.7975451568e+00  1.2513863002e+00 -5.4538903201e+00  8.3507047393e+00  4.8012841374e+00 -5.8283720925e+00  5.4921102604e+00  3.6555087977e+00 -4.2554286626e+00  3.9022460259e+00  1.4415021752e+00  7.3171215762e-01  6.8913465825e+00  1.9060521495e+00 -4.0114626148e-01  5.5344266400e+00  2.5857110490e+00 -2.1571530126e+00  7.1665859582e+00  2.1113049031e+00 -1.0835059824e+00  8.5717321853e+00 -2.1445533063e-01 -9.1906904089e-01  7.7329744792e+00  3.8151864510e+00 -8.3322738470e+00  8.8068019313e+00  2.9632860133e+00 -8.3866845028e+00  7.2372679629e+00  2.1931642441e+00 -7.5884523501e+00  8.6417942885e+00  1.1685027982e+00 -5.0687859294e+00  1.0347684356e+01  1.6965996854e+00 -3.6765784192e+00  9.3561841811e+00  2.8252430515e+00 -5.0320952337e+00  9.6710643312e+00 -7.3669286927e-01 -4.2074682111e+00  5.8759378811e+00 -2.8803391271e-01 -3.7572381297e+00  7.5106044745e+00  2.8301824600e-01 -2.1117028292e+00  5.1426685423e+00
ENERGY -6.888091538792e+02

JOB 7
COORDS  3.8004447348e+00 -5.4339300413e+00  5.7213083159e+00  3.1564021561e+00 -4.5892646923e+00  4.8158343907e+00  3.1511985470e+00 -5.7456589097e+00  6.9176646276e+00  1.8879215844e+00 -5.1736243279e+00  7.1601060468e+00  1.3233604329e+00 -4.3365772946e+00  6.1870487886e+00  1.4693802175e+00 -2.5510248051e-01  6.7390202088e+00  2.0925005784e+00 -1.4435368697e+00  7.4553711602e+00  5.9883556689e-01 -1.4120117119e+00  7.1357455211e+00  3.1147313362e+00 -7.7599697007e+00  8.1908516803e+00  1.7145457900e+00 -4.7047769500e+00  9.4667309825e+00 -2.8279345101e-02 -3.6658455165e+00  6.3895570712e+00  1.9473638595e+00 -4.0582781782e+00  5.0295979813e+00 -3.3316136543e-02 -2.2285436690e+00  6.1292432356e+00  3.7927701313e+00 -6.5399874666e+00  7.8322689597e+00  1.2050112247e+00 -5.4315930269e+00  8.3333856097e+00  4.7805194999e+00 -5.8531452858e+00  5.5149938920e+00  3.6359033357e+00 -4.3339757579e+00  3.8720719393e+00  1.3596689194e+00  6.8463753776e-01  7.2723555352e+00  1.6985329452e+00 -1.4377567501e-01  5.6820639886e+00  2.7304971311e+00 -2.0932627711e+00  6.8664033324e+00  2.4034303302e+00 -1.3110591082e+00  8.4888264203e+00 -4.6550154231e-02 -1.2404981274e+00  7.9968836505e+00  3.7766974546e+00 -8.2711476602e+00  8.8916002792e+00  2.9708094716e+00 -8.3836753847e+00  7.3009879351e+00  2.1494057200e+00 -7.5573297101e+00  8.6601926945e+00  1.1033039213e+00 -5.0036439066e+00  1.0320591808e+01  1.6183072873e+00 -3.6264688093e+00  9.2999834993e+00  2.7636082650e+00 -4.9578685000e+00  9.6537817938e+00 -7.4362249084e-01 -4.1386447923e+00  5.7056744832e+00 -3.8884574154e-01 -3.8480101738e+00  7.4033175423e+00  3.5807914659e-01 -2.0430269602e+00  5.2094623902e+00
ENERGY -6.888102878324e+02

JOB 8
COORDS  3.7661377935e+00 -5.4538177266e+00  5.7335054738e+00  3.1265395195e+00 -4.6438390902e+00  4.7934808957e+00  3.1078638824e+00 -5.7284959898e+00  6.9334773452e+00  1.8401179352e+00 -5.1536906245e+00  7.1463351661e+00  1.2785980932e+00 -4.3569906654e+00  6.1384367606e+00  1.3671003194e+00 -2.2967946583e-01  6.8657366832e+00  2.1653195046e+00 -1.4436733046e+00  7.3174804131e+00  6.4687827642e-01 -1.5097814211e+00  7.1773071899e+00  3.0689080244e+00 -7.7067099646e+00  8.2601421230e+00  1.6628533709e+00 -4.6388006138e+00  9.4451330340e+00 -7.1266360061e-02 -3.6763478812e+00  6.3061361608e+00  1.9123708808e+00 -4.1145193638e+00  4.9777348320e+00 -3.4148048160e-02 -2.2221478428e+00  6.1217217029e+00  3.7432080013e+00 -6.4914533700e+00  7.8794128475e+00  1.1467646683e+00 -5.3745300772e+00  8.3206604984e+00  4.7498037759e+00 -5.8753351060e+00  5.5502089152e+00  3.6136998817e+00 -4.4177361610e+00  3.8461900777e+00  1.2568548445e+00  6.0826412206e-01  7.5478281791e+00  1.4452315688e+00  5.6701198265e-02  5.8197018404e+00  2.7630888835e+00 -1.9528726270e+00  6.5685226273e+00  2.6015211686e+00 -1.4278222230e+00  8.3134647492e+00  8.5987261106e-02 -1.5267520159e+00  8.1106234500e+00  3.7224891438e+00 -8.1930119270e+00  8.9860260161e+00  2.9449243501e+00 -8.3558879130e+00  7.3856437796e+00  2.0939761721e+00 -7.4994310389e+00  8.7074158598e+00  1.0355521187e+00 -4.9065442057e+00  1.0297634947e+01  1.5944689936e+00 -3.5622872723e+00  9.2564097969e+00  2.7034134547e+00 -4.9128328262e+00  9.6484160421e+00 -7.5627003402e-01 -4.0923902868e+00  5.5587295736e+00 -4.8708855031e-01 -3.9011068133e+00  7.2897813142e+00  4.0903706857e-01 -2.0257436752e+00  5.2257100963e+00
ENERGY -6.888107735308e+02

JOB 9
COORDS  3.7828850851e+00 -5.4863120209e+00  5.7426847307e+00  3.1530969454e+00 -4.6892690325e+00  4.7852757860e+00  3.1156065768e+00 -5.7368503655e+00  6.9426715563e+00  1.8504875517e+00 -5.1499841244e+00  7.1392353705e+00  1.2941504945e+00 -4.3766698017e+00  6.1099852258e+00  1.2789078453e+00 -2.0922048767e-01  6.9841166287e+00  2.2256778598e+00 -1.3786022981e+00  7.2043904530e+00  7.1640677541e-01 -1.5873734384e+00  7.1931964883e+00  3.0525092999e+00 -7.6966884216e+00  8.2934233554e+00  1.6991527189e+00 -4.6263928937e+00  9.4396666535e+00 -5.5144548560e-02 -3.6900319893e+00  6.2494485273e+00  1.9381404836e+00 -4.1559545774e+00  4.9504792959e+00  9.9975034505e-03 -2.2269526300e+00  6.1029468947e+00  3.7394628376e+00 -6.4915498375e+00  7.9035640796e+00  1.1502765284e+00 -5.3374744139e+00  8.3148647712e+00  4.7652033026e+00 -5.9165407287e+00  5.5728745197e+00  3.6482254050e+00 -4.4792576489e+00  3.8384485332e+00  1.1667644833e+00  5.2477876262e-01  7.7768117042e+00  1.2160601500e+00  2.0568619406e-01  5.9811421121e+00  2.7820708505e+00 -1.7455430352e+00  6.3469691946e+00  2.7629997407e+00 -1.4353716517e+00  8.1482425771e+00  2.3906624726e-01 -1.7731650860e+00  8.1532625863e+00  3.6972861164e+00 -8.1809067251e+00  9.0285026095e+00  2.9275386277e+00 -8.3541682483e+00  7.4253460818e+00  2.0765018615e+00 -7.4767002492e+00  8.7326891358e+00  1.0377278420e+00 -4.8352827655e+00  1.0282687347e+01  1.7139633226e+00 -3.5505197595e+00  9.2364724490e+00  2.7129343502e+00 -4.9719590083e+00  9.6668151419e+00 -7.1570157664e-01 -4.0747463086e+00  5.4649046298e+00 -5.0809263494e-01 -3.9335899547e+00  7.2117886770e+00  5.1320800652e-01 -2.0505144593e+00  5.2325507491e+00
ENERGY -6.888100674417e+02

JOB 10
COORDS  3.7796522203e+00 -5.5429309589e+00  5.7647337066e+00  3.1724584216e+00 -4.7391242038e+00  4.7984031921e+00  3.1005289065e+00 -5.7728106028e+00  6.9619207461e+00  1.8465856021e+00 -5.1585670611e+00  7.1480788922e+00  1.3075584533e+00 -4.3889177110e+00  6.1065857859e+00  1.1462012962e+00 -1.5270663079e-01  7.0585879979e+00  2.2432769640e+00 -1.2039221146e+00  7.0698776380e+00  7.8150447997e-01 -1.6092528294e+00  7.1663525909e+00  2.9854503560e+00 -7.7257318240e+00  8.3171443847e+00  1.7215783506e+00 -4.6403871245e+00  9.4520700718e+00 -3.5767547287e-02 -3.6861910937e+00  6.2228522482e+00  1.9649835033e+00 -4.1862304009e+00  4.9511719125e+00  5.6128208330e-02 -2.2226595124e+00  6.0667562566e+00  3.7017846049e+00 -6.5369620999e+00  7.9300907158e+00  1.1379997602e+00 -5.3161781948e+00  8.3231133576e+00  4.7541732742e+00 -5.9937812378e+00  5.6038933470e+00  3.6787779013e+00 -4.5420047529e+00  3.8547387626e+00  1.0293806864e+00  4.8180654030e-01  7.9325367134e+00  9.2815990995e-01  3.3974563115e-01  6.1144404430e+00  2.7515818055e+00 -1.4180337688e+00  6.1335671903e+00  2.8772674047e+00 -1.2834945217e+00  7.9500648386e+00  4.1784843255e-01 -1.9450604290e+00  8.1344301897e+00  3.6122748771e+00 -8.2213433889e+00  9.0600868941e+00  2.8544238090e+00 -8.3831893626e+00  7.4499784664e+00  2.0100452326e+00 -7.4834444032e+00  8.7463179879e+00  1.0382045619e+00 -4.8010811251e+00  1.0288055209e+01  1.8116986394e+00 -3.5681251966e+00  9.2471927296e+00  2.7076048107e+00 -5.0510321570e+00  9.6916010572e+00 -6.8801303162e-01 -4.0651939055e+00  5.4288262203e+00 -5.0771524902e-01 -3.9180271399e+00  7.1787457084e+00  5.9809484714e-01 -2.0897717292e+00  5.2108951058e+00
ENERGY -6.888080814876e+02

JOB 11
COORDS  3.8086112115e+00 -5.5836158709e+00  5.8529509293e+00  3.2432787595e+00 -4.7170222846e+00  4.9156808596e+00  3.0989188607e+00 -5.8511988739e+00  7.0240992402e+00  1.8582280424e+00 -5.2121278357e+00  7.2155563504e+00  1.3649950664e+00 -4.3726999420e+00  6.2057854969e+00  9.9189444526e-01 -1.2846578947e-02  7.0342606765e+00  2.2303458158e+00 -8.4629095055e-01  6.7511206797e+00  9.1275052206e-01 -1.5182939655e+00  7.0795656058e+00  2.9050689040e+00 -7.8707319027e+00  8.2668858637e+00  1.6772371681e+00 -4.8107339682e+00  9.5395063653e+00  3.0445597306e-02 -3.6505723622e+00  6.3280020455e+00  2.0505174568e+00 -4.1350632206e+00  5.0740669556e+00  1.1644778013e-01 -2.2050530023e+00  6.0693514208e+00  3.6567207758e+00 -6.6787687836e+00  7.9659093484e+00  1.1153871983e+00 -5.4173630275e+00  8.3623027639e+00  4.7733021938e+00 -6.0538834996e+00  5.6885387671e+00  3.7731264077e+00 -4.4908687340e+00  3.9916527549e+00  9.4458162589e-01  5.4481835360e-01  7.9656582581e+00  5.0760126346e-01  4.7199962774e-01  6.1909618936e+00  2.5712780885e+00 -9.1387118678e-01  5.7211232538e+00  3.0314610766e+00 -8.6159539744e-01  7.4861286126e+00  8.1458215989e-01 -1.9636160466e+00  8.0663661996e+00  3.4945999284e+00 -8.4148607549e+00  9.0064239974e+00  2.7944970873e+00 -8.4819058743e+00  7.3637413830e+00  1.9191948486e+00 -7.6300138950e+00  8.6723915783e+00  9.7758845614e-01 -5.0173138968e+00  1.0351548986e+01  1.7722357217e+00 -3.7273731963e+00  9.4015403569e+00  2.6583049650e+00 -5.2360101990e+00  9.7736317813e+00 -6.5788632963e-01 -4.0798731742e+00  5.5909654108e+00 -4.0570610136e-01 -3.8202239596e+00  7.3135606387e+00  6.0785138070e-01 -2.1331250653e+00  5.1771661928e+00
ENERGY -6.888056333917e+02

JOB 12
COORDS  2.9924125304e+00 -6.0921998897e+00  4.6505569298e+00  1.9642290542e+00 -5.6012108942e+00  3.8481633797e+00  2.9664606427e+00 -5.8088425225e+00  6.0194671286e+00  1.9135965231e+00 -5.0206098951e+00  6.5153640431e+00  9.1901837584e-01 -4.5798224571e+00  5.6249695176e+00  1.5807114869e+00 -5.1659371121e-01  5.0710757443e+00  1.0379990674e-01 -1.6341663074e-01  4.9327694446e+00  5.3261572207e-01 -1.6010956434e+00  5.0934585137e+00  3.6282867179e+00 -7.1045374135e+00  7.9106851817e+00  2.6965491647e+00 -3.6127336451e+00  8.2392697064e+00 -2.1046657291e-01 -3.7033231490e+00  6.1238596459e+00  9.4137680502e-01 -4.8707434096e+00  4.3146741097e+00  2.4947582429e-01 -2.3207542409e+00  6.3288917328e+00  3.9961663036e+00 -6.2581795841e+00  6.8048390633e+00  1.8314090503e+00 -4.7013478060e+00  7.8528184901e+00  3.8018137282e+00 -6.6889375328e+00  4.2407224602e+00  1.9579809617e+00 -5.8099886595e+00  2.7796209411e+00  2.2214202994e+00 -4.2221553163e-01  4.1984106289e+00  2.0576420686e+00 -2.8033499590e-01  6.0182496458e+00 -3.6963293085e-01  3.1836667555e-01  5.7858406058e+00 -2.6962403966e-01  1.6915618606e-01  3.9682569888e+00  4.6889535998e-01 -2.2246573906e+00  4.2059970066e+00  4.5678552179e+00 -7.4067964794e+00  8.3761750661e+00  3.0992494782e+00 -7.9921602750e+00  7.5443033226e+00  3.0018024319e+00 -6.5728372102e+00  8.6300609602e+00  2.5413041718e+00 -3.4706759921e+00  9.3109516738e+00  2.4085154917e+00 -2.7089377669e+00  7.6944894666e+00  3.7449624028e+00 -3.8675465181e+00  8.0482026191e+00 -1.0332350022e+00 -3.7826691945e+00  5.3980561336e+00 -5.5708875155e-01 -4.0759040614e+00  7.0915117766e+00 -4.4328084602e-01 -1.8140621826e+00  6.8731482888e+00
ENERGY -6.888049308754e+02

JOB 13
COORDS  3.0406983703e+00 -5.9933091218e+00  4.6278202315e+00  1.9895456628e+00 -5.5469240902e+00  3.8287402643e+00  2.9951612383e+00 -5.7279890340e+00  5.9996534982e+00  1.9011720062e+00 -5.0001630030e+00  6.4989029627e+00  8.8930769131e-01 -4.5980025932e+00  5.6101917027e+00  1.7010840013e+00 -8.5293255215e-01  4.9607304680e+00  3.4906888379e-01 -1.5817082079e-01  5.0734219261e+00  4.3136422653e-01 -1.6615826867e+00  5.0766044673e+00  3.7146310456e+00 -7.0253356188e+00  7.8679022444e+00  2.6036840039e+00 -3.5801799602e+00  8.2487428537e+00 -2.7911718518e-01 -3.7751342821e+00  6.1118789277e+00  9.2926243299e-01 -4.8742987752e+00  4.2977247570e+00  1.1609786899e-01 -2.3754724734e+00  6.2999945384e+00  4.0430568763e+00 -6.1332854495e+00  6.7858320224e+00  1.7962406630e+00 -4.7033750990e+00  7.8403636589e+00  3.8808826555e+00 -6.5428641339e+00  4.2138762525e+00  1.9964982949e+00 -5.7452807628e+00  2.7582198318e+00  2.2192770628e+00 -8.3051024563e-01  4.0058978839e+00  2.3426220865e+00 -8.2698240707e-01  5.8364467252e+00  1.2736164223e-01  3.3411359803e-01  6.0176448670e+00 -6.1233048931e-02  3.3879413179e-01  4.1993288667e+00  9.8767468617e-02 -2.1585891956e+00  4.1660955126e+00  4.6649014041e+00 -7.2782323349e+00  8.3411042377e+00  3.2477590957e+00 -7.9362157530e+00  7.4749937753e+00  3.0461665284e+00 -6.5501298556e+00  8.5891092726e+00  2.4435950812e+00 -3.4684285632e+00  9.3233078398e+00  2.2681030333e+00 -2.6810632818e+00  7.7237574751e+00  3.6637438956e+00 -3.7744646541e+00  8.0512056055e+00 -1.0987945430e+00 -3.8966097402e+00  5.3875732825e+00 -6.0581468057e-01 -4.1577044756e+00  7.0825304488e+00 -5.6644295969e-01 -1.8663432308e+00  6.8526590282e+00
ENERGY -6.888065732326e+02

JOB 14
COORDS  3.0995371290e+00 -5.8987323279e+00  4.6274795095e+00  2.0396589928e+00 -5.4799919445e+00  3.8244968815e+00  3.0341797441e+00 -5.6533620482e+00  6.0019523700e+00  1.9121101441e+00 -4.9712421617e+00  6.5025086388e+00  8.9502388734e-01 -4.5914204134e+00  5.6099974268e+00  1.7278707403e+00 -1.1214483166e+00  4.8422645625e+00  5.6372535390e-01 -1.9541983174e-01  5.1707441388e+00  3.4669423858e-01 -1.6818840004e+00  5.0784259800e+00  3.7786815975e+00 -6.9610830886e+00  7.8498415697e+00  2.5553807685e+00 -3.5659428768e+00  8.2892287515e+00 -3.0162754825e-01 -3.8099228688e+00  6.1104337191e+00  9.5421497009e-01 -4.8501837983e+00  4.2947540811e+00  5.0371781897e-02 -2.3995512182e+00  6.2974628759e+00  4.0881047498e+00 -6.0313517242e+00  6.7943309670e+00  1.7856853564e+00 -4.7027179347e+00  7.8485051786e+00  3.9618312633e+00 -6.4129321321e+00  4.2135980601e+00  2.0613423240e+00 -5.6650322276e+00  2.7517213018e+00  2.1194762241e+00 -1.1265163103e+00  3.8290553727e+00  2.4619189026e+00 -1.2900588158e+00  5.6238763308e+00  5.5448101125e-01  2.4946570876e-01  6.1626253011e+00  1.5835680425e-01  4.3582454371e-01  4.3857968940e+00 -1.7833974864e-01 -2.0335045304e+00  4.1878524939e+00  4.7286445531e+00 -7.1784513517e+00  8.3410148353e+00  3.3652588855e+00 -7.8846173701e+00  7.4275898610e+00  3.0719077362e+00 -6.5327845648e+00  8.5641506804e+00  2.3956785788e+00 -3.4928063864e+00  9.3671825588e+00  2.1878526039e+00 -2.6626065429e+00  7.7934540192e+00  3.6208427788e+00 -3.7171551443e+00  8.0835554068e+00 -1.1141126187e+00 -3.9544472894e+00  5.3819801756e+00 -6.2012664847e-01 -4.2038468792e+00  7.0792014588e+00 -6.4266593358e-01 -1.9061234210e+00  6.8517245635e+00
ENERGY -6.888090446774e+02

JOB 15
COORDS  3.5791097959e+00 -5.4249106083e+00  4.8959911477e+00  2.6931176946e+00 -4.5893836089e+00  4.2126627371e+00  3.3014118891e+00 -5.7441960291e+00  6.2258698699e+00  2.1488895906e+00 -5.1906863088e+00  6.8171289044e+00  1.3158313270e+00 -4.3679719277e+00  6.0444018145e+00  7.6357833939e-01 -8.6996581790e-01  8.5151835890e+00  1.0498197566e+00 -7.5103788576e-02  7.2490287888e+00  1.0983558144e+00 -1.5784845669e+00  7.2228865474e+00  3.6577396322e+00 -7.7629332556e+00  7.4411436686e+00  2.6136797959e+00 -4.7295089156e+00  9.0876753518e+00  7.0522904076e-02 -3.7133069429e+00  6.6275598721e+00  1.5855077561e+00 -4.0778131623e+00  4.7596587308e+00  5.2518884250e-02 -2.2594677570e+00  6.5030901734e+00  4.1866644962e+00 -6.5276063326e+00  6.9207028256e+00  1.8277268807e+00 -5.4651003613e+00  8.1329631457e+00  4.4662015119e+00 -5.8301170328e+00  4.4187050877e+00  2.8831761373e+00 -4.3275427624e+00  3.1728517546e+00  1.5044197919e+00 -8.5793737995e-01  9.3104684376e+00 -2.7064648749e-01 -9.2445717250e-01  8.8403211650e+00  2.0079921535e-01  3.9805273383e-01  6.7642923146e+00  1.9852542628e+00  4.7147236831e-01  7.1778302524e+00  2.1033155646e+00 -2.0067662685e+00  7.1566174240e+00  4.4975201737e+00 -8.2635452877e+00  7.9256712557e+00  3.2839704427e+00 -8.3856932026e+00  6.6201170815e+00  2.8571360521e+00 -7.5823071680e+00  8.1620147127e+00  2.2928413282e+00 -5.0704871484e+00  1.0073969944e+01  2.4221739983e+00 -3.6548060363e+00  8.9914430481e+00  3.6817416320e+00 -4.9314295669e+00  8.9539298716e+00 -8.0369156080e-01 -4.1105460324e+00  6.1000649893e+00 -3.3149448103e-02 -3.9805982589e+00  7.6808632765e+00  5.9312638640e-02 -1.9779074309e+00  5.5261193407e+00
ENERGY -6.888115772331e+02

JOB 16
COORDS  3.5761178688e+00 -5.4587353615e+00  4.8893658084e+00  2.6993516652e+00 -4.6268954331e+00  4.1900758009e+00  3.2947099867e+00 -5.7501720700e+00  6.2249396434e+00  2.1479321696e+00 -5.1739668703e+00  6.8056349948e+00  1.3228131256e+00 -4.3587450130e+00  6.0167816906e+00  8.5302266070e-01 -1.0514998908e+00  8.5271718186e+00  9.8437336853e-01 -7.7971314443e-02  7.3683060270e+00  1.1426829523e+00 -1.5572850310e+00  7.1324297093e+00  3.6295068857e+00 -7.7476003773e+00  7.4810842136e+00  2.6225588539e+00 -4.6707207422e+00  9.0637046715e+00  8.3537774004e-02 -3.6815790895e+00  6.5843194337e+00  1.5964098554e+00 -4.0948542096e+00  4.7269734881e+00  7.8895078341e-02 -2.2265762029e+00  6.4258343916e+00  4.1718450682e+00 -6.5295842751e+00  6.9342156207e+00  1.8251397868e+00 -5.4174620180e+00  8.1267666202e+00  4.4591762575e+00 -5.8819110167e+00  4.4202877689e+00  2.8928262473e+00 -4.3855674858e+00  3.1459611929e+00  1.6483868079e+00 -1.0810986267e+00  9.2671481075e+00 -1.4633847919e-01 -1.2339651943e+00  8.9099475345e+00  7.0333340097e-02  3.7934344136e-01  7.0022118930e+00  1.8699457316e+00  5.4848475837e-01  7.3166430225e+00  2.1651302525e+00 -1.9016267050e+00  6.9478348271e+00  4.4642155449e+00 -8.2474962894e+00  7.9750069140e+00  3.2475648145e+00 -8.3830471959e+00  6.6736670416e+00  2.8320375701e+00 -7.5427360995e+00  8.1989143325e+00  2.2955476546e+00 -4.9815937039e+00  1.0057918000e+01  2.4479426817e+00 -3.5964343220e+00  8.9387377070e+00  3.6871978631e+00 -4.8937233543e+00  8.9362055002e+00 -7.9335877794e-01 -4.0805877687e+00  6.0625038929e+00 -2.4365407197e-02 -3.9232574704e+00  7.6430468262e+00  1.3131047235e-01 -1.9948167395e+00  5.4355515425e+00
ENERGY -6.888133530129e+02

JOB 17
COORDS  3.5533747438e+00 -5.4414079158e+00  4.8755755842e+00  2.6994526934e+00 -4.5785309969e+00  4.1864434131e+00  3.2653863040e+00 -5.7380561947e+00  6.2088871961e+00  2.1362324260e+00 -5.1359106793e+00  6.7973675561e+00  1.3321190251e+00 -4.2912594248e+00  6.0177687938e+00  9.6261729319e-01 -1.1207138602e+00  8.4865013176e+00  9.1481984792e-01 -2.3556379652e-02  7.4420041060e+00  1.1648534948e+00 -1.4520124250e+00  7.0245252732e+00  3.5454663179e+00 -7.7519965477e+00  7.4533622148e+00  2.6396947583e+00 -4.6696437311e+00  9.0551282696e+00  1.0543043540e-01 -3.5949890014e+00  6.5897104285e+00  1.6117839543e+00 -4.0222818506e+00  4.7304885348e+00  8.4657004391e-02 -2.1459482979e+00  6.3612129013e+00  4.1218195300e+00 -6.5494127716e+00  6.9072210982e+00  1.8092520938e+00 -5.3786610743e+00  8.1174860103e+00  4.4237120342e+00 -5.8844148599e+00  4.4011083058e+00  2.8985679029e+00 -4.3310221528e+00  3.1448819766e+00  1.8206038776e+00 -1.1600032422e+00  9.1519922005e+00  1.9294124213e-02 -1.4257284652e+00  8.9292810241e+00 -5.9960546644e-02  3.8721270246e-01  7.1991373167e+00  1.7418993554e+00  6.7905021018e-01  7.3938988457e+00  2.1871214648e+00 -1.6994698000e+00  6.7242868290e+00  4.3692621851e+00 -8.2833230239e+00  7.9325319701e+00  3.1313196870e+00 -8.3683852051e+00  6.6470963444e+00  2.7647966547e+00 -7.5256449113e+00  8.1830979101e+00  2.2883644449e+00 -4.9534932347e+00  1.0049117561e+01  2.5259289730e+00 -3.5885940688e+00  8.9191537110e+00  3.6914458086e+00 -4.9516732942e+00  8.9376490585e+00 -7.8392677619e-01 -4.0233771016e+00  6.1130430292e+00  2.8537498993e-02 -3.7895942994e+00  7.6601991346e+00  1.6808556083e-01 -1.9956018794e+00  5.3561510873e+00
ENERGY -6.888135982449e+02

JOB 18
COORDS  3.5869153517e+00 -5.4224721336e+00  4.9448792862e+00  2.7537776014e+00 -4.5434781240e+00  4.2515053857e+00  3.2729511993e+00 -5.7313767178e+00  6.2697234867e+00  2.1411003560e+00 -5.1249254491e+00  6.8474212748e+00  1.3582691320e+00 -4.2636937489e+00  6.0639365823e+00  1.0885416948e+00 -1.1900733135e+00  8.3835083114e+00  7.9198262335e-01 -2.3199227139e-02  7.4686064704e+00  1.1231277573e+00 -1.3761868572e+00  6.8809441652e+00  3.5062086755e+00 -7.7699812022e+00  7.4800228852e+00  2.6260074824e+00 -4.7206222666e+00  9.1223291469e+00  1.2050453032e-01 -3.5749997262e+00  6.6216900785e+00  1.6624408360e+00 -3.9833801756e+00  4.7850359457e+00  3.7454943920e-02 -2.1428035682e+00  6.3003720624e+00  4.1070645824e+00 -6.5623990770e+00  6.9726579945e+00  1.7857112335e+00 -5.3800331758e+00  8.1574900656e+00  4.4607085029e+00 -5.8690368598e+00  4.4802474773e+00  2.9725985034e+00 -4.2850593174e+00  3.2166064513e+00  2.0291153140e+00 -1.1937671414e+00  8.9271734308e+00  2.4933027565e-01 -1.6265638621e+00  8.9167751062e+00 -2.4323185601e-01  2.9199963739e-01  7.3867330371e+00  1.5294103043e+00  7.7063492245e-01  7.3863961864e+00  2.1153558797e+00 -1.4941893244e+00  6.4399981282e+00  4.3112451547e+00 -8.3162645376e+00  7.9740266140e+00  3.1114517327e+00 -8.3687840361e+00  6.6511109060e+00  2.7059238835e+00 -7.5502761752e+00  8.1905454693e+00  2.2366193531e+00 -4.9960648214e+00  1.0104393524e+01  2.5680936055e+00 -3.6342324842e+00  8.9941246022e+00  3.6656991596e+00 -5.0511933706e+00  9.0277004315e+00 -7.6402872524e-01 -4.0641031433e+00  6.1956005166e+00  7.2691857254e-02 -3.7102135624e+00  7.7020581780e+00  1.2794153579e-01 -2.0900038277e+00  5.2853615971e+00
ENERGY -6.888121036194e+02

JOB 19
COORDS  3.6287775631e+00 -5.3941879160e+00  5.0120315993e+00  2.8095265406e+00 -4.5081640289e+00  4.3118665728e+00  3.2881257479e+00 -5.7177363286e+00  6.3269177948e+00  2.1468837638e+00 -5.1154499735e+00  6.8895514887e+00  1.3776528943e+00 -4.2475649621e+00  6.0991934768e+00  1.2699123041e+00 -1.2633510974e+00  8.2261429664e+00  6.8750100846e-01 -7.1705539479e-02  7.5050839405e+00  1.0513269237e+00 -1.3182076796e+00  6.7269162592e+00  3.4885790090e+00 -7.7778811114e+00  7.5035024533e+00  2.6122754238e+00 -4.7787374684e+00  9.1823667779e+00  1.2066615036e-01 -3.5768068584e+00  6.6359402080e+00  1.7068806394e+00 -3.9550379729e+00  4.8297321368e+00 -2.5777424266e-02 -2.1680292341e+00  6.2354811701e+00  4.1046282104e+00 -6.5621443798e+00  7.0353660062e+00  1.7625500360e+00 -5.3818662467e+00  8.1890058285e+00  4.5111066817e+00 -5.8367169434e+00  4.5598578890e+00  3.0486557172e+00 -4.2380188759e+00  3.2845211098e+00  2.2906508393e+00 -1.2000133429e+00  8.5927785594e+00  5.9671800140e-01 -1.8343670097e+00  8.8580116828e+00 -3.7440920660e-01  1.1421526733e-01  7.6306012042e+00  1.3033809932e+00  8.1574050405e-01  7.3842325605e+00  1.9573437785e+00 -1.2773070017e+00  6.1217543703e+00  4.2775014116e+00 -8.3326620990e+00  8.0137342163e+00  3.1201583071e+00 -8.3626326961e+00  6.6527242843e+00  2.6659987145e+00 -7.5701718575e+00  8.1920539447e+00  2.1820235945e+00 -5.0421817821e+00  1.0150516491e+01  2.6179298150e+00 -3.6898329047e+00  9.0649353323e+00  3.6347532122e+00 -5.1637192687e+00  9.1113360435e+00 -7.4965735586e-01 -4.1207401995e+00  6.2477992028e+00  8.6156703205e-02 -3.6661477596e+00  7.7206259871e+00  6.6551169759e-02 -2.1977087596e+00  5.2197213243e+00
ENERGY -6.888090760422e+02

JOB 20
COORDS  3.6677986154e+00 -5.4044403163e+00  5.1483246989e+00  2.8916614055e+00 -4.5150932319e+00  4.4052537614e+00  3.2706466620e+00 -5.7044465181e+00  6.4527735695e+00  2.1236916212e+00 -5.0704374240e+00  6.9663511602e+00  1.3965537094e+00 -4.2054600203e+00  6.1324808703e+00  1.5351081908e+00 -1.2747715632e+00  7.9600871877e+00  6.7198435894e-01 -1.1474990058e-01  7.5166532176e+00  1.0061991398e+00 -1.2222460202e+00  6.5406358669e+00  3.3683846313e+00 -7.7708771726e+00  7.6226311295e+00  2.5525252695e+00 -4.8054622143e+00  9.2831966940e+00  1.1846438704e-01 -3.5227410735e+00  6.6024496224e+00  1.7779262214e+00 -3.9394236178e+00  4.8725859757e+00 -4.4456423587e-02 -2.1466582634e+00  6.1137226476e+00  4.0357225726e+00 -6.5662917387e+00  7.1991357059e+00  1.6802393225e+00 -5.3055509805e+00  8.2523240972e+00  4.5574215959e+00 -5.8707453776e+00  4.7360833081e+00  3.1741377116e+00 -4.2630141217e+00  3.3843733026e+00  2.5977798123e+00 -1.1084940620e+00  8.1141705741e+00  1.0884396899e+00 -1.9795281358e+00  8.6533291239e+00 -3.5264643764e-01 -9.6842016174e-02  7.8753737204e+00  1.1328462653e+00  8.6083805876e-01  7.3843155961e+00  1.7551255938e+00 -9.9395781103e-01  5.7847126611e+00  4.1134080038e+00 -8.3455562803e+00  8.1751093842e+00  3.0371140203e+00 -8.3431969431e+00  6.7484748762e+00  2.5110507583e+00 -7.5493440495e+00  8.2636639091e+00  2.0418006742e+00 -4.9961034397e+00  1.0228915371e+01  2.7092119781e+00 -3.7288256683e+00  9.1588149365e+00  3.5183660733e+00 -5.3195936820e+00  9.2692758522e+00 -7.3430675322e-01 -4.1025578938e+00  6.2267748172e+00  5.2735298806e-02 -3.5582586897e+00  7.6886221843e+00  5.6670062664e-02 -2.2389925309e+00  5.1039881848e+00
ENERGY -6.888055011967e+02

JOB 21
COORDS  3.6896688890e+00 -5.4161506855e+00  5.2772435583e+00  2.9489133959e+00 -4.4988002622e+00  4.5330778586e+00  3.2469423167e+00 -5.7433290318e+00  6.5608261851e+00  2.0959513379e+00 -5.1028237572e+00  7.0541243583e+00  1.4082253359e+00 -4.2049945745e+00  6.2201491916e+00  1.7202753315e+00 -1.2273958275e+00  7.6526792843e+00  5.4240112299e-01 -2.6604475657e-01  7.6293404195e+00  8.1105567916e-01 -1.1635489187e+00  6.4445959756e+00  3.2692153272e+00 -7.8514839843e+00  7.6529977420e+00  2.4540382752e+00 -4.9510184722e+00  9.3981789115e+00  1.1514132583e-01 -3.5329412640e+00  6.6742478084e+00  1.8287767674e+00 -3.9173306440e+00  4.9796005434e+00 -1.3173642505e-01 -2.2213931215e+00  6.0852643144e+00  3.9705631840e+00 -6.6418536471e+00  7.3067351805e+00  1.5989241786e+00 -5.3629822571e+00  8.3158406984e+00  4.5844543454e+00 -5.8862993501e+00  4.8807730470e+00  3.2654651715e+00 -4.2275873819e+00  3.5272234468e+00  2.7266404876e+00 -8.2865692510e-01  7.5565589279e+00  1.6468327980e+00 -2.0812823349e+00  8.3172216667e+00 -3.1798019081e-01 -5.2679018957e-01  8.2396236768e+00  7.3697507186e-01  7.9988919465e-01  7.5440910818e+00  1.2478133086e+00 -6.7761955358e-01  5.5762480378e+00  3.9787475771e+00 -8.4561910042e+00  8.2200172599e+00  2.9738752335e+00 -8.3875730262e+00  6.7436672652e+00  2.3839615666e+00 -7.6414686431e+00  8.2594524159e+00  1.8967923600e+00 -5.1512550576e+00  1.0315064957e+01  2.6718996248e+00 -3.8796306712e+00  9.3269057360e+00  3.3931453020e+00 -5.5120833071e+00  9.3996177883e+00 -7.2138918353e-01 -4.1853337809e+00  6.3917005495e+00  8.4860020299e-02 -3.4785791328e+00  7.7631590957e+00 -6.3403603518e-02 -2.3438688649e+00  5.0783669991e+00
ENERGY -6.888035728223e+02

JOB 22
COORDS  3.7284557395e+00 -5.4128576246e+00  5.2866762716e+00  3.0146616456e+00 -4.4812350152e+00  4.5342862068e+00  3.2569536030e+00 -5.7417043781e+00  6.5600794729e+00  2.1050809635e+00 -5.0897204205e+00  7.0338478240e+00  1.4513548329e+00 -4.1707378248e+00  6.1955710560e+00  1.8743168222e+00 -1.1365964495e+00  7.4067486392e+00  5.7028511286e-01 -4.2762482554e-01  7.7614568868e+00  7.3269313934e-01 -1.0802992961e+00  6.4131518410e+00  3.2368450590e+00 -7.8513695758e+00  7.6532999146e+00  2.3917443772e+00 -4.9218826219e+00  9.3847948904e+00  1.6378606682e-01 -3.4819489685e+00  6.6433784034e+00  1.8964035530e+00 -3.8829736933e+00  4.9646556667e+00 -1.0326820637e-01 -2.2013238091e+00  6.0094839841e+00  3.9566774747e+00 -6.6498398887e+00  7.3162122485e+00  1.5760716872e+00 -5.3570011074e+00  8.2817003256e+00  4.6243409325e+00 -5.8923931202e+00  4.9041805859e+00  3.3526597910e+00 -4.2105178064e+00  3.5353064324e+00  2.7627079563e+00 -5.4264806676e-01  7.2083976153e+00  2.0783604290e+00 -2.0764680337e+00  7.9084822103e+00 -8.1735191723e-02 -9.2722541200e-01  8.4737331365e+00  5.5971079748e-01  6.5703993164e-01  7.8259070845e+00  8.8283364672e-01 -3.9021215637e-01  5.5875791922e+00  3.9318499795e+00 -8.4632407221e+00  8.2305190943e+00  2.9488883029e+00 -8.3849136539e+00  6.7401049572e+00  2.3457643824e+00 -7.6308461164e+00  8.2469568120e+00  1.8391134287e+00 -5.1805536572e+00  1.0289801139e+01  2.5420184576e+00 -3.8369244577e+00  9.3458062699e+00  3.3635160543e+00 -5.4246595097e+00  9.3825339693e+00 -6.7289805203e-01 -4.1555930994e+00  6.4165588069e+00  1.5897799731e-01 -3.3742066661e+00  7.7301027274e+00 -3.5011980844e-03 -2.3165182077e+00  5.0046713591e+00
ENERGY -6.888041459062e+02

JOB 23
COORDS  3.7210160981e+00 -5.4562147233e+00  5.3107093717e+00  3.0138624566e+00 -4.5430386336e+00  4.5296275171e+00  3.2345573310e+00 -5.7605894929e+00  6.5846677585e+00  2.0721874874e+00 -5.1055536079e+00  7.0277257554e+00  1.4287729344e+00 -4.2037324533e+00  6.1638442655e+00  1.9472844446e+00 -1.1574020268e+00  7.2935796404e+00  6.3669030163e-01 -6.6864430558e-01  7.9075666620e+00  6.7954794812e-01 -1.0854160772e+00  6.4626566147e+00  3.2159476869e+00 -7.8363012064e+00  7.7450099550e+00  2.3111317630e+00 -4.8414074510e+00  9.3722207964e+00  1.3932743479e-01 -3.5026118123e+00  6.5834155305e+00  1.8889933218e+00 -3.9388085903e+00  4.9332083681e+00 -9.2068721073e-02 -2.2082513832e+00  5.9605438226e+00  3.9320403159e+00 -6.6431393229e+00  7.3712867483e+00  1.5313142543e+00 -5.3515862999e+00  8.2750557053e+00  4.6244281638e+00 -5.9386816216e+00  4.9503467384e+00  3.3640289475e+00 -4.2921006832e+00  3.5297101713e+00  2.7385907597e+00 -4.3768490145e-01  7.1001658403e+00  2.3063679938e+00 -2.1337795120e+00  7.6009838639e+00  1.4358363201e-01 -1.3318474197e+00  8.6135082898e+00  5.2693016809e-01  3.8677741904e-01  8.1409632811e+00  6.4497984297e-01 -2.6178526424e-01  5.7544358800e+00  3.9136032277e+00 -8.4278332878e+00  8.3399099678e+00  2.9298062814e+00 -8.3981618063e+00  6.8483942701e+00  2.3246174480e+00 -7.6005280018e+00  8.3319602862e+00  1.7719969296e+00 -5.1161627283e+00  1.0280684080e+01  2.3909882818e+00 -3.7499809400e+00  9.3107786022e+00  3.3126094790e+00 -5.2824507829e+00  9.3841771850e+00 -6.9787513574e-01 -4.1630121843e+00  6.3216987975e+00  1.0531537853e-01 -3.4100072808e+00  7.6703029927e+00  9.6763666154e-02 -2.2974789088e+00  4.9645039981e+00
ENERGY -6.888053966770e+02

