JOB 0
COORDS  1.1085342696e-01 -5.3569423604e+00  2.6340973227e+00 -1.0295995473e+00 -4.5623157629e+00  2.4898302389e+00  1.8911312834e-01 -5.6161526625e+00  2.0983791376e-01 -9.4916426840e-01 -4.8141475525e+00  6.1684087855e-02  6.8967670757e-01 -5.8729231834e+00  1.4789652707e+00 -1.5509448224e+00 -4.3143540132e+00  1.2270724137e+00 -1.3137158357e+00 -5.4780299707e-01 -6.2033882959e-01 -8.4845278358e-02 -1.2033172990e+00  2.3486661421e-02 -7.6175449838e-01 -2.3664176291e+00 -1.8672955565e+00 -1.9046139453e+00 -3.3760143798e+00 -1.6516509522e+00 -1.2906377513e+00 -1.0561015216e+00 -1.9621854959e+00  1.4576525567e-01 -2.3757654688e+00 -7.7241461999e-01 -1.4339688878e+00 -4.6583274917e+00 -1.2079798299e+00  1.7980813784e+00 -6.6502649238e+00  1.5920054649e+00 -2.6820355528e+00 -3.5518307378e+00  1.1387069416e+00  5.3485496586e-01 -5.5770224087e+00  3.6078108173e+00 -1.5373415025e+00 -4.1442404027e+00  3.3537050517e+00  6.7887033918e-01 -6.0133072977e+00 -6.7255940422e-01 -2.2405835208e+00 -8.3564826152e-01 -1.0977798716e-01 -1.2545299911e+00  5.4056360681e-01 -6.7571650054e-01  8.0263203784e-01 -5.6400604975e-01 -3.0496296276e-02 -2.5878868821e-01 -1.5003829095e+00  1.0622903690e+00 -2.0389374034e-01 -2.5818624733e+00 -2.7832068597e+00 -2.3983998045e+00 -3.5708282784e+00 -2.6057355307e+00 -2.6380777803e+00 -2.9647793176e+00 -9.5837715677e-01
ENERGY -8.125588238934e+02

JOB 1
COORDS -5.2993524024e-03 -5.1226945672e+00  2.6572159773e+00 -1.2565614361e+00 -4.5363573034e+00  2.4535163563e+00  2.4834737436e-01 -5.3457174193e+00  2.4045457706e-01 -1.0021617604e+00 -4.7506120083e+00  3.2564274756e-02  7.1591234242e-01 -5.5223182567e+00  1.5349760414e+00 -1.7436272403e+00 -4.3714754501e+00  1.1620642268e+00 -1.1276067984e+00 -7.8293305263e-01 -3.5005584092e-01  2.0239208658e-01 -1.5039406699e+00 -9.6610956660e-02 -8.6703795196e-01 -2.3378428865e+00 -1.9778788836e+00 -1.9732739365e+00 -3.3917755801e+00 -1.7071334738e+00 -1.3720925347e+00 -1.0355090226e+00 -1.7409825162e+00  2.4731818691e-01 -2.5159608578e+00 -1.1147319193e+00 -1.4573084849e+00 -4.6527794716e+00 -1.2539927848e+00  1.9352627110e+00 -6.0943122978e+00  1.7116876555e+00 -2.9870317500e+00 -3.8310391427e+00  1.0063441307e+00  3.9859368616e-01 -5.2752912554e+00  3.6522861901e+00 -1.8756803255e+00 -4.2240512014e+00  3.2889392767e+00  8.4928645184e-01 -5.6326627393e+00 -6.1506097519e-01 -1.9346871627e+00 -1.1950044571e+00  2.6889932229e-01 -1.0805736830e+00  2.9822274788e-01 -2.1028454065e-01  1.0642450819e+00 -8.4042151797e-01 -2.2343507917e-01  2.4620893703e-01 -1.9805303589e+00  8.8754544774e-01 -5.1539515201e-01 -2.3812802281e+00 -3.0122552248e+00 -2.4983590118e+00 -3.6167365199e+00 -2.6374421527e+00 -2.6955226034e+00 -2.9867829536e+00 -9.9772821259e-01
ENERGY -8.125574415547e+02

JOB 2
COORDS -2.8130435653e+00 -2.1746256216e+00 -2.5371155160e-02 -2.9173463400e+00 -2.6855513052e+00 -1.3262884171e+00 -1.8338292739e+00 -1.2925092535e-01 -9.4283210313e-01 -1.9361793390e+00 -6.4435444243e-01 -2.2410836662e+00 -2.2724474835e+00 -9.0645543384e-01  1.2662815154e-01 -2.4853126252e+00 -1.9287088363e+00 -2.4026481161e+00  1.8656622883e+00  1.7048622392e+00 -1.1099155536e+00  1.6089578963e+00  1.9580494626e-01 -1.1147257868e+00  5.2681089695e-01  1.2388101618e+00 -2.8775495487e+00 -9.7240376451e-01  1.2875409998e+00 -3.2697312190e+00  7.5666322088e-01  2.2069063061e+00 -1.8662340597e+00  9.1974723531e-01 -2.3973213455e-02 -2.3551101837e+00 -1.5700751979e+00  2.1139549145e-03 -3.3818617936e+00 -2.1452192409e+00 -3.8655681262e-01  1.3787621819e+00 -2.5907095731e+00 -2.4320485600e+00 -3.6557437548e+00 -3.1372934751e+00 -2.7426551673e+00  8.3970103865e-01 -3.3321248034e+00 -3.6713970338e+00 -1.5122961499e+00 -1.4042145541e+00  8.4405923714e-01 -7.4074427673e-01  1.8343542550e+00  2.1606670359e+00 -1.1891308519e-01  2.8129538377e+00  1.9583702113e+00 -1.6050160022e+00  2.5262416973e+00 -3.9910178930e-01 -1.1101057748e+00  9.6598571453e-01 -1.1438172136e-01 -2.8298246372e-01  1.1609953193e+00  1.4539316817e+00 -3.7513884697e+00 -1.0747675317e+00  1.7303511868e+00 -4.2618842452e+00 -1.5104041423e+00  1.9182994971e+00 -2.5556151541e+00
ENERGY -8.125566261106e+02

JOB 3
COORDS -2.7494353421e+00 -2.0635436052e+00  3.1585101667e-02 -2.8510990975e+00 -2.6323858314e+00 -1.2456955099e+00 -1.8019987949e+00 -4.7300769728e-02 -9.7973587037e-01 -1.9020300601e+00 -6.2130158007e-01 -2.2530352911e+00 -2.2262875781e+00 -7.8261383423e-01  1.2516321102e-01 -2.4338134936e+00 -1.9193892201e+00 -2.3570393246e+00  1.7133750467e+00  1.5600688172e+00 -9.7805276243e-01  1.6150096003e+00  5.8147454327e-02 -1.2605317771e+00  5.1067694116e-01  1.2896866129e+00 -2.8808157556e+00 -9.6104685673e-01  1.2733448133e+00 -3.3732217135e+00  5.9938427556e-01  2.0879523166e+00 -1.7084935461e+00  9.9747178611e-01 -3.0979282710e-03 -2.5567735722e+00 -1.5454396476e+00 -2.1811101154e-02 -3.4207926765e+00 -2.1019866809e+00 -2.0667089172e-01  1.3528296983e+00 -2.5374704621e+00 -2.4788507123e+00 -3.5860253345e+00 -3.0630661533e+00 -2.5974207631e+00  9.2198968230e-01 -3.2527952144e+00 -3.6311240357e+00 -1.3858390800e+00 -1.3810745497e+00  9.3906894340e-01 -8.2714611928e-01  1.5864504152e+00  1.8248936309e+00  7.2985192139e-02  2.6528568685e+00  1.9852659526e+00 -1.3565742648e+00  2.5888352164e+00 -4.3658660029e-01 -1.3087139981e+00  9.7544218388e-01 -4.5447420665e-01 -5.3393467689e-01  1.1611036572e+00  1.7180919854e+00 -3.6595559885e+00 -1.0026487457e+00  1.6234161814e+00 -4.4055389212e+00 -1.5499440820e+00  1.9568292124e+00 -2.7521385403e+00
ENERGY -8.125574866053e+02

JOB 4
COORDS -2.7500570905e+00 -2.0008723497e+00  8.4719913631e-02 -2.7772242074e+00 -2.6185453248e+00 -1.1736185204e+00 -1.8284762941e+00  1.0821038997e-02 -9.6058788063e-01 -1.8544159415e+00 -6.1141166817e-01 -2.2146035400e+00 -2.2753751378e+00 -6.9955917319e-01  1.5211389653e-01 -2.3377231719e+00 -1.9312369743e+00 -2.2925121467e+00  1.5939495170e+00  1.3993473537e+00 -8.8023737116e-01  1.6347996646e+00 -1.1958798213e-02 -1.4635997004e+00  5.0593560694e-01  1.4178297707e+00 -2.8910443969e+00 -9.4669475306e-01  1.2754638127e+00 -3.4100158065e+00  5.0114774471e-01  1.9967491058e+00 -1.5901371346e+00  1.1949279448e+00  1.8159423226e-01 -2.8173010421e+00 -1.4639809055e+00 -5.0036270967e-02 -3.3892401249e+00 -2.2258392500e+00 -7.6212033647e-02  1.3613899773e+00 -2.3708600128e+00 -2.5370782876e+00 -3.5030158234e+00 -3.0836498310e+00 -2.5132460542e+00  9.8050780203e-01 -3.1388513528e+00 -3.6351060856e+00 -1.2931121493e+00 -1.4412843929e+00  1.0136878959e+00 -8.3072046897e-01  1.3640185275e+00  1.4331806890e+00  1.8641575808e-01  2.5231216124e+00  1.9500792153e+00 -1.0785485966e+00  2.6369241405e+00 -4.4700091253e-01 -1.4859879345e+00  9.4772033672e-01 -6.8680640800e-01 -9.4141282314e-01  1.0617682625e+00  2.0779029545e+00 -3.5748371278e+00 -9.7150947804e-01  1.5456699353e+00 -4.4669781111e+00 -1.5905262194e+00  1.9707020757e+00 -2.8592811849e+00
ENERGY -8.125583670027e+02

JOB 5
COORDS -2.9125417881e+00 -1.8909586471e+00  1.6326816784e-01 -2.7757422104e+00 -2.5884912993e+00 -1.0444460864e+00 -1.8472240714e+00  5.2376473218e-02 -8.7422085927e-01 -1.7191861993e+00 -6.4659884043e-01 -2.0811670198e+00 -2.4426376692e+00 -5.8641102888e-01  2.1173098058e-01 -2.1913564720e+00 -1.9711308823e+00 -2.1382214593e+00  1.5227303657e+00  1.1745311173e+00 -8.2353280727e-01  1.7399324301e+00  1.5895768110e-02 -1.7955657075e+00  5.3897830535e-01  1.6343306469e+00 -2.8724934864e+00 -8.6994651727e-01  1.2302307369e+00 -3.3471422215e+00  5.2727268999e-01  1.9746280308e+00 -1.4830156509e+00  1.5123024230e+00  6.3481372643e-01 -3.0702208499e+00 -1.1565787652e+00 -1.6377385179e-01 -3.2231051088e+00 -2.5493203846e+00  1.0967007003e-01  1.3755224562e+00 -2.0665151032e+00 -2.6528847441e+00 -3.3016435779e+00 -3.3651694031e+00 -2.3456406856e+00  1.0377102497e+00 -3.1247171717e+00 -3.6114215871e+00 -1.1457762291e+00 -1.4647926795e+00  1.0595901361e+00 -7.6049090216e-01  1.1282913232e+00  8.6094723799e-01  1.4629579424e-01  2.4358163286e+00  1.7645795416e+00 -6.7997867624e-01  2.7579914946e+00 -3.7800568791e-01 -1.7920323515e+00  1.0259344574e+00 -7.9777305830e-01 -1.6279290329e+00  8.4611530304e-01  2.5178541240e+00 -3.4491235517e+00 -9.2947918293e-01  1.4176336522e+00 -4.4222906950e+00 -1.6206717492e+00  1.8481262169e+00 -2.8437282929e+00
ENERGY -8.125604390403e+02

JOB 6
COORDS -3.0974100240e+00 -1.8321715853e+00  2.0053374069e-01 -2.8236351763e+00 -2.5868968697e+00 -9.4757404104e-01 -1.9644761335e+00  8.1434808415e-02 -8.2184815091e-01 -1.7042297616e+00 -6.7352637423e-01 -1.9720715371e+00 -2.6574508386e+00 -5.1624261518e-01  2.2878262790e-01 -2.1420129562e+00 -2.0102217445e+00 -2.0071873569e+00  1.5476087879e+00  9.9912702484e-01 -8.8827661170e-01  1.8829737293e+00  8.0072237531e-02 -2.0641192704e+00  4.7604401883e-01  1.7097870684e+00 -2.8229287228e+00 -8.7013272664e-01  1.1655650335e+00 -3.3110069035e+00  4.9240417438e-01  1.8300044094e+00 -1.4006089621e+00  1.5686790851e+00  8.9968770361e-01 -3.1999588928e+00 -1.0357694454e+00 -2.3547340952e-01 -3.0762707070e+00 -2.8957285200e+00  2.3319750438e-01  1.3381804298e+00 -1.8861275970e+00 -2.7465212154e+00 -3.1151535688e+00 -3.6303581793e+00 -2.2522066508e+00  1.0466389294e+00 -3.1423006684e+00 -3.6212948634e+00 -1.0306020685e+00 -1.6007243469e+00  1.0961427787e+00 -7.1833065856e-01  1.1743861959e+00  4.6196866302e-01 -1.2360483671e-02  2.3989025055e+00  1.6279548544e+00 -6.0279987009e-01  2.9403324285e+00 -1.8463829810e-01 -2.1246736168e+00  1.2697574700e+00 -8.2677921165e-01 -2.0653179706e+00  6.2493023477e-01  2.7018728808e+00 -3.2714361448e+00 -9.0478641498e-01  1.2744418084e+00 -4.3985991768e+00 -1.6882748369e+00  1.7477592387e+00 -2.8737455354e+00
ENERGY -8.125622823882e+02

JOB 7
COORDS -3.2141478469e+00 -1.7619155607e+00  1.7039070294e-01 -2.7555374232e+00 -2.5611803669e+00 -8.8464496255e-01 -2.1427019440e+00  1.7706738698e-01 -8.7055504092e-01 -1.6980125011e+00 -6.2273476953e-01 -1.9300665255e+00 -2.8920852666e+00 -4.1213878354e-01  1.4544773715e-01 -2.0155277512e+00 -1.9932807400e+00 -1.9090508265e+00  1.5619568618e+00  8.0274467559e-01 -9.4151189430e-01  2.0000667630e+00  1.9279292246e-01 -2.2763789758e+00  4.3978704613e-01  1.8054855347e+00 -2.7139299463e+00 -8.3987183010e-01  1.1930192664e+00 -3.2900641953e+00  4.7254648099e-01  1.6699848585e+00 -1.2977989262e+00  1.6073162410e+00  1.1944961964e+00 -3.2272790212e+00 -9.6274433081e-01 -2.0143982052e-01 -2.9974840905e+00 -3.3103052209e+00  3.8251135261e-01  1.1664016292e+00 -1.5785751447e+00 -2.7733205093e+00 -2.9278842991e+00 -3.7972991954e+00 -2.1729592382e+00  9.8727025710e-01 -2.9741882434e+00 -3.6237926077e+00 -9.2282991258e-01 -1.8753191360e+00  1.2226837215e+00 -7.9550762391e-01  1.1980221148e+00  5.8059953242e-02 -2.2844577777e-01  2.3568066090e+00  1.3992540312e+00 -4.7974754744e-01  3.0805965741e+00  5.9858684350e-02 -2.3589409998e+00  1.4883590589e+00 -7.5196526245e-01 -2.4843023672e+00  4.7447826844e-01  2.8689151658e+00 -2.9867622008e+00 -7.9262991487e-01  1.2617404970e+00 -4.3801012357e+00 -1.7163055128e+00  1.7495550209e+00 -2.9405715386e+00
ENERGY -8.125625659865e+02

JOB 8
COORDS -3.2232457345e+00 -1.6614438325e+00  2.2085828198e-01 -2.6152689564e+00 -2.5066876470e+00 -7.1630244490e-01 -2.2371370271e+00  2.6537816717e-01 -9.2107345068e-01 -1.6438967228e+00 -5.8171534273e-01 -1.8641602736e+00 -3.0139681027e+00 -2.9569113345e-01  9.0068624618e-02 -1.8448140213e+00 -1.9679016148e+00 -1.7336779034e+00  1.5419567868e+00  5.5969361104e-01 -1.0589619617e+00  2.1165358519e+00  3.6718866275e-01 -2.4740289785e+00  4.2048495276e-01  1.8880603339e+00 -2.5918774125e+00 -7.7092544470e-01  1.1880040341e+00 -3.2701788735e+00  5.1208058457e-01  1.5512069570e+00 -1.2185339296e+00  1.6522199978e+00  1.5244382028e+00 -3.1862776252e+00 -8.6947334487e-01 -1.9371628760e-01 -2.9160134520e+00 -3.5784828818e+00  5.4637861662e-01  9.9575935948e-01 -1.2590789300e+00 -2.7924823843e+00 -2.6370773181e+00 -3.8337382662e+00 -2.0491220816e+00  1.0290976718e+00 -2.7395353296e+00 -3.5839614205e+00 -6.6724153845e-01 -2.0708474878e+00  1.3341262687e+00 -9.2515460435e-01  1.1052786793e+00 -3.6025264570e-01 -6.5857311136e-01  2.2807634254e+00  9.5211554132e-01 -3.5360271980e-01  3.2079903397e+00  3.7572137299e-01 -2.5023459258e+00  1.7393465861e+00 -5.4714472306e-01 -2.9428748864e+00  3.1077618687e-01  2.9740315461e+00 -2.6942636386e+00 -6.1575785448e-01  1.2091344953e+00 -4.3514334265e+00 -1.7049082041e+00  1.7127682942e+00 -3.0409820113e+00
ENERGY -8.125612418845e+02

JOB 9
COORDS -3.3278068657e+00 -1.6217797710e+00  2.5013029298e-01 -2.6361483913e+00 -2.4957849459e+00 -5.9841118417e-01 -2.3627021081e+00  2.7171606507e-01 -9.6326992997e-01 -1.6845581296e+00 -6.0546924033e-01 -1.8166631021e+00 -3.1679184059e+00 -2.5906299709e-01  4.1689621864e-02 -1.8344937803e+00 -1.9878900302e+00 -1.6072499020e+00  1.6191265871e+00  3.6695826942e-01 -1.1683597662e+00  2.1799895294e+00  5.0677663728e-01 -2.5965612125e+00  3.6582772664e-01  1.8560206321e+00 -2.4108005400e+00 -7.4208121550e-01  1.1253055398e+00 -3.2143754096e+00  5.3145101773e-01  1.3077271051e+00 -1.1178175497e+00  1.6232106344e+00  1.7477881117e+00 -3.0558604693e+00 -8.7861136676e-01 -2.4962915900e-01 -2.8554854205e+00 -3.8150114788e+00  6.1240895609e-01  8.6017969017e-01 -1.1646439105e+00 -2.8397571546e+00 -2.4233467434e+00 -3.9637056818e+00 -1.9847547804e+00  1.0501938666e+00 -2.7175710380e+00 -3.5723331284e+00 -4.8546379898e-01 -2.2485823395e+00  1.3456118355e+00 -1.0303023377e+00  1.2465487132e+00 -6.4168616006e-01 -9.6677997316e-01  2.3428388764e+00  6.5369455867e-01 -3.9992136053e-01  3.2673151265e+00  5.9534209287e-01 -2.6328761636e+00  1.8552641744e+00 -3.2059563971e-01 -3.2376443997e+00  1.3081602321e-01  2.9217837550e+00 -2.3262739060e+00 -4.6462400851e-01  1.1294023172e+00 -4.2702228991e+00 -1.7019066284e+00  1.6431547739e+00 -3.1077182817e+00
ENERGY -8.125590168490e+02

JOB 10
COORDS -3.4657318895e+00 -1.5724006379e+00  2.4754520163e-01 -2.7451871618e+00 -2.4892463708e+00 -5.2904607772e-01 -2.4412328923e+00  2.5447538376e-01 -1.0155827518e+00 -1.7311239337e+00 -6.6454655931e-01 -1.7955056850e+00 -3.2899915215e+00 -2.2209171330e-01 -1.9216582722e-02 -1.8988573492e+00 -2.0339919164e+00 -1.5261786545e+00  1.7464226636e+00  2.0625236023e-01 -1.2802631538e+00  2.2689337407e+00  6.5635988635e-01 -2.6601372694e+00  3.3637583415e-01  1.7485263532e+00 -2.2428432257e+00 -6.7990089968e-01  1.0085704874e+00 -3.1699919172e+00  5.9117195384e-01  1.0331793747e+00 -1.0519155828e+00  1.5872356226e+00  1.8984740474e+00 -2.8912877603e+00 -8.8471671697e-01 -3.5738899174e-01 -2.8166607401e+00 -3.9660808715e+00  6.9135376085e-01  7.2698973187e-01 -1.2004688384e+00 -2.9269237948e+00 -2.2714931756e+00 -4.1357517911e+00 -1.8938982068e+00  1.0374055721e+00 -2.8370933480e+00 -3.5587325517e+00 -3.6733100181e-01 -2.3278495409e+00  1.3243125305e+00 -1.1363568673e+00  1.4572552490e+00 -8.4871674813e-01 -1.2730036646e+00  2.4583351477e+00  4.0183816978e-01 -4.7368227381e-01  3.3416877225e+00  8.5508382818e-01 -2.6830825271e+00  2.0153027912e+00 -7.1899214151e-02 -3.4403907016e+00 -2.4046435031e-02  2.7488758305e+00 -1.9875085285e+00 -2.7508898010e-01  9.8713054330e-01 -4.1830818200e+00 -1.6371208852e+00  1.5417032244e+00 -3.1975992251e+00
ENERGY -8.125569151870e+02

JOB 11
COORDS -3.5630008129e+00 -1.4784281220e+00  2.7639679369e-01 -2.8452992220e+00 -2.4476680832e+00 -4.3733516520e-01 -2.4684759494e+00  2.6106553769e-01 -1.0487691044e+00 -1.7583364610e+00 -7.0994213674e-01 -1.7630181331e+00 -3.3513809219e+00 -1.4718063476e-01 -5.1122709765e-02 -1.9643200126e+00 -2.0607463947e+00 -1.4329068722e+00  1.9144908342e+00  1.3851850030e-01 -1.4544907463e+00  2.3888812018e+00  9.0085746375e-01 -2.7150652200e+00  3.2769456052e-01  1.6378836788e+00 -2.1357251945e+00 -6.0580209941e-01  8.8281149141e-01 -3.1414197951e+00  7.1874426033e-01  8.2791758348e-01 -1.0514169140e+00  1.5209062026e+00  2.0433219788e+00 -2.7826407723e+00 -8.8085067063e-01 -4.6680069919e-01 -2.7742187657e+00 -4.0264046913e+00  8.1660728401e-01  6.2982429499e-01 -1.2698321816e+00 -3.0038075721e+00 -2.1168654934e+00 -4.2585806178e+00 -1.7467587300e+00  1.0639925478e+00 -2.9651289782e+00 -3.5056131020e+00 -2.2566913274e-01 -2.3403712968e+00  1.3211519299e+00 -1.2288302739e+00  1.6875760571e+00 -9.0971027117e-01 -1.6717610176e+00  2.6237750295e+00  1.9968359128e-01 -6.2564078242e-01  3.4140816929e+00  1.2692358942e+00 -2.6470637602e+00  2.2864867876e+00  2.8547245051e-01 -3.6175201561e+00 -1.5371261917e-01  2.5359790367e+00 -1.7408193903e+00 -1.0177921905e-01  8.1221285884e-01 -4.1061404979e+00 -1.5388700984e+00  1.4389365785e+00 -3.2895255540e+00
ENERGY -8.125556484001e+02

JOB 12
COORDS  6.9563387863e-02 -1.7347393912e+00 -6.3715141492e+00 -4.5228149326e-01 -4.4076086165e-01 -6.4354940957e+00 -2.6356415069e-01 -1.7161592830e+00 -3.9533862791e+00 -7.8014981747e-01 -4.1529099280e-01 -4.0139299630e+00  1.4233860704e-01 -2.3456350613e+00 -5.1217669342e+00 -8.8063776829e-01  1.9255638314e-01 -5.2742259014e+00  2.3359848642e+00  6.8999339996e-01 -3.4845425232e+00  1.9334715286e+00  2.1116737627e+00 -3.8907345320e+00  7.1773376852e-01  1.5463774023e+00 -2.0656401865e+00 -7.7789624590e-01  1.4711463672e+00 -2.5090261496e+00  1.4363524171e+00  3.7142905504e-01 -2.4085460504e+00  1.3729156642e+00  2.6404564606e+00 -2.6812200039e+00 -1.2270106011e+00  1.5162795020e-01 -2.8535933975e+00  6.4847414879e-01 -3.6033698924e+00 -5.0389903639e+00 -1.4187523949e+00  1.4407538331e+00 -5.3793158503e+00  4.0266064683e-01 -2.2606957097e+00 -7.2598157819e+00 -5.5370205310e-01  8.0109241018e-02 -7.3826409993e+00 -1.5878964963e-01 -2.2007182185e+00 -2.9893723671e+00  2.2018726819e+00 -3.8169817990e-02 -4.2896345295e+00  3.3645990953e+00  6.4382212902e-01 -3.1110537871e+00  2.7734456800e+00  2.7464874042e+00 -4.1774477458e+00  1.1873993140e+00  2.1075148315e+00 -4.6954355762e+00  7.8924492919e-01  1.6960385324e+00 -9.8419055516e-01 -9.3818633520e-01  2.1683289787e+00 -3.3333063896e+00 -1.4196528452e+00  1.7693532717e+00 -1.6782316033e+00
ENERGY -8.125561786688e+02

JOB 13
COORDS -2.6714001394e-02 -1.8586557166e+00 -6.3467447236e+00 -4.5675507929e-01 -5.3338231893e-01 -6.4444358805e+00 -4.0146965568e-01 -1.7703052898e+00 -3.9370590100e+00 -8.2543998612e-01 -4.3882354379e-01 -4.0307048723e+00 -1.8281129233e-02 -2.4487206799e+00 -5.0852913782e+00 -8.6062959616e-01  1.5068837410e-01 -5.3036667584e+00  2.3275041310e+00  8.9177767699e-01 -3.6352377698e+00  1.9566940318e+00  2.3796977668e+00 -3.7137316711e+00  7.2687575261e-01  1.4495859165e+00 -2.0592223643e+00 -7.3848645786e-01  1.4787150992e+00 -2.5718711226e+00  1.4639945034e+00  3.7078881263e-01 -2.6101720467e+00  1.3941080990e+00  2.6451936669e+00 -2.4200878384e+00 -1.2567602459e+00  1.7713388274e-01 -2.8879166217e+00  3.9734973675e-01 -3.7366735545e+00 -4.9694388541e+00 -1.3109432265e+00  1.4310478839e+00 -5.4449013704e+00  2.8498419237e-01 -2.4233771126e+00 -7.2188273633e+00 -5.0615431446e-01 -2.5634411491e-02 -7.4028288170e+00 -3.4863424656e-01 -2.2442039706e+00 -2.9634185629e+00  2.1394968263e+00  3.5901084806e-01 -4.5724630444e+00  3.3662054682e+00  7.3763470196e-01 -3.3256854438e+00  2.8121700763e+00  3.0433598773e+00 -3.8492340977e+00  1.2202679466e+00  2.5701785288e+00 -4.5047406748e+00  7.5951111449e-01  1.3646727638e+00 -9.6933366030e-01 -8.1343749258e-01  2.1475617779e+00 -3.4300761168e+00 -1.3907017497e+00  1.8604531934e+00 -1.7841965764e+00
ENERGY -8.125573641896e+02

JOB 14
COORDS -9.5791550002e-02 -2.1470180729e+00 -6.2884847627e+00 -2.2005778741e-01 -7.5978958156e-01 -6.4006995734e+00 -6.6335703941e-01 -1.9639348797e+00 -3.9228066853e+00 -7.8299264610e-01 -5.7240958086e-01 -4.0306439006e+00 -3.2992868410e-01 -2.7160999279e+00 -5.0408552065e+00 -5.7082453191e-01  1.4711875977e-03 -5.2940059944e+00  2.4319112893e+00  1.3231749676e+00 -3.8108972277e+00  1.9640962592e+00  2.7490662743e+00 -3.4946986716e+00  8.2650822516e-01  1.3272120163e+00 -2.1394338523e+00 -6.4874673650e-01  1.3849454196e+00 -2.5811831059e+00  1.5923066999e+00  4.9022904237e-01 -2.9951918059e+00  1.3980607871e+00  2.6210613714e+00 -2.1806010399e+00 -1.1817209823e+00  9.1678476401e-02 -2.9043487123e+00 -2.1724844651e-01 -4.0627817852e+00 -4.9029569826e+00 -6.9569989400e-01  1.3527482730e+00 -5.4632441914e+00  1.6677179476e-01 -2.7686691336e+00 -7.1375188709e+00 -6.4191204030e-02 -2.5549641975e-01 -7.3495526244e+00 -8.1771380978e-01 -2.4373508946e+00 -2.9592980366e+00  2.2925763918e+00  1.0536330103e+00 -4.8620192294e+00  3.4761140786e+00  1.1572679555e+00 -3.5248684790e+00  2.7749143945e+00  3.4773727832e+00 -3.4387702393e+00  1.2100936530e+00  3.0952938066e+00 -4.2114559524e+00  9.1440721375e-01  9.4832695405e-01 -1.1164087798e+00 -7.6326164659e-01  2.0789404683e+00 -3.4135761020e+00 -1.2579007437e+00  1.7380154628e+00 -1.7467942071e+00
ENERGY -8.125587718194e+02

JOB 15
COORDS -4.3218340434e+00 -9.7609460009e-01 -5.7511269649e+00 -3.3630856554e+00 -1.9149943475e+00 -5.3440267407e+00 -2.9901917403e+00  7.8906850598e-01 -4.7055477369e+00 -2.0346955475e+00 -1.5221125494e-01 -4.3020942617e+00 -4.1065764783e+00  3.5235554012e-01 -5.4187747381e+00 -2.2476167110e+00 -1.5032143990e+00 -4.6354909377e+00  2.8478460609e+00  1.8185619808e+00 -2.8571891470e+00  2.2587816298e+00  3.1989495649e+00 -2.5595990576e+00  6.4172628776e-01  1.5433516972e+00 -2.4808968071e+00 -6.7262346016e-01  1.4872819965e+00 -3.2408458233e+00  1.7011115726e+00  1.0803705754e+00 -3.2894979917e+00  9.1712800516e-01  2.9023799945e+00 -2.1349477124e+00 -9.0182979746e-01  1.3038195184e-01 -3.6084246239e+00 -5.0185536783e+00  1.2858598120e+00 -5.7995819319e+00 -1.3280307854e+00 -2.4159680127e+00 -4.2438456530e+00 -5.2061714383e+00 -1.2671721992e+00 -6.3073924428e+00 -3.4768687142e+00 -2.9698005820e+00 -5.5739065809e+00 -2.8892913516e+00  1.8443701768e+00 -4.4838876979e+00  3.5825193305e+00  1.8098867552e+00 -3.6640621675e+00  3.2821878577e+00  1.3621019812e+00 -1.9568486941e+00  2.7759219425e+00  3.7289518948e+00 -1.7550289334e+00  2.2292340701e+00  3.8302451578e+00 -3.4554740484e+00  5.8346509929e-01  9.4631112666e-01 -1.5571426024e+00 -5.9111367743e-01  2.1222186865e+00 -4.1312878005e+00 -1.4768829430e+00  1.8626412173e+00 -2.5967332935e+00
ENERGY -8.125602043733e+02

JOB 16
COORDS -4.3738697627e+00 -1.0031493120e+00 -5.6949623892e+00 -3.4505587035e+00 -1.9406237665e+00 -5.2101399956e+00 -2.9870389291e+00  7.8925303324e-01 -4.7746525607e+00 -2.0670645131e+00 -1.5079362886e-01 -4.2934856350e+00 -4.1140988829e+00  3.3848501657e-01 -5.4618923692e+00 -2.3253727989e+00 -1.5148474625e+00 -4.5256730799e+00  2.8559662954e+00  2.0251048391e+00 -2.8768156826e+00  2.1973328351e+00  3.3024136222e+00 -2.3399390903e+00  6.6828301045e-01  1.5823765415e+00 -2.6058189166e+00 -6.4553015852e-01  1.5194929154e+00 -3.3612717443e+00  1.7553233522e+00  1.3310818639e+00 -3.4695437463e+00  8.3636257774e-01  2.9071165261e+00 -2.0947987436e+00 -9.3114695558e-01  1.4464823050e-01 -3.6099866261e+00 -4.9907750341e+00  1.2712044881e+00 -5.9191759110e+00 -1.4399197512e+00 -2.4262622353e+00 -4.0585477337e+00 -5.2645302084e+00 -1.3049861666e+00 -6.2351770504e+00 -3.5995871678e+00 -3.0052541529e+00 -5.3609064802e+00 -2.8514235063e+00  1.8541086797e+00 -4.6310307816e+00  3.6053156153e+00  2.2006082245e+00 -3.6503108429e+00  3.2958491965e+00  1.4260398430e+00 -2.0674401661e+00  2.6462301792e+00  3.6555000709e+00 -1.4067433125e+00  2.2064565052e+00  4.1112409583e+00 -3.0788641515e+00  6.6988692151e-01  8.6431161364e-01 -1.7704017387e+00 -5.4662012138e-01  2.0783374686e+00 -4.2988030234e+00 -1.4296195252e+00  1.9718892834e+00 -2.7428267007e+00
ENERGY -8.125610367323e+02

JOB 17
COORDS -4.4241248418e+00 -1.0177300752e+00 -5.6459087930e+00 -3.5478630715e+00 -1.9597373563e+00 -5.0879500840e+00 -2.9595487867e+00  7.7080861020e-01 -4.8470626788e+00 -2.0866908288e+00 -1.7376456971e-01 -4.2925680995e+00 -4.1035026496e+00  3.2396537678e-01 -5.5084862118e+00 -2.4070625124e+00 -1.5377313442e+00 -4.4276248267e+00  2.8877401804e+00  2.1498021131e+00 -2.9021542397e+00  2.1636759641e+00  3.2739539069e+00 -2.1440290205e+00  7.2950436980e-01  1.5506684028e+00 -2.7251603355e+00 -5.8660625537e-01  1.4932487763e+00 -3.4812887136e+00  1.8248951562e+00  1.5154983744e+00 -3.6165879677e+00  8.1051900098e-01  2.8004408257e+00 -2.0349693473e+00 -9.4250387241e-01  1.1730210104e-01 -3.6211823843e+00 -4.9339595681e+00  1.2604900366e+00 -6.0383233015e+00 -1.5661642129e+00 -2.4526518455e+00 -3.8895521467e+00 -5.3255272078e+00 -1.3164481559e+00 -6.1697675556e+00 -3.7456814650e+00 -3.0244463553e+00 -5.1629953759e+00 -2.7753811307e+00  1.8358357976e+00 -4.7787949528e+00  3.6236177877e+00  2.5028777755e+00 -3.6263152647e+00  3.3632630499e+00  1.4386868121e+00 -2.2126112986e+00  2.5762314797e+00  3.4445764090e+00 -1.1447500732e+00  2.1616130104e+00  4.2156146398e+00 -2.7030943171e+00  7.9428606594e-01  7.2265079047e-01 -2.0019319680e+00 -4.6550293415e-01  1.9730755729e+00 -4.4585203717e+00 -1.3476139229e+00  2.0248615094e+00 -2.8991859060e+00
ENERGY -8.125604665842e+02

JOB 18
COORDS -4.4913426960e+00 -1.0413040397e+00 -5.5895000716e+00 -3.6571199675e+00 -1.9755974771e+00 -4.9587782795e+00 -2.9311669070e+00  7.3257185629e-01 -4.9561031150e+00 -2.1007564089e+00 -2.0416280708e-01 -4.3279661866e+00 -4.1029524876e+00  2.8930657799e-01 -5.5695063516e+00 -2.4899366162e+00 -1.5568371923e+00 -4.3442437997e+00  2.9181997576e+00  2.2654051956e+00 -2.9905120944e+00  2.1431596941e+00  3.1694079091e+00 -2.0115420868e+00  8.0310629412e-01  1.5121692930e+00 -2.9055977491e+00 -5.1724592050e-01  1.4509203154e+00 -3.6613586123e+00  1.8839923012e+00  1.7009488212e+00 -3.7984204387e+00  8.0405375300e-01  2.6489097617e+00 -2.0408604094e+00 -9.3608124335e-01  8.4287245180e-02 -3.6915504251e+00 -4.8912630857e+00  1.2180748233e+00 -6.1722158434e+00 -1.6892156874e+00 -2.4639906760e+00 -3.7357878483e+00 -5.4121390319e+00 -1.3376109484e+00 -6.0799188571e+00 -3.9084793728e+00 -3.0314725161e+00 -4.9412151798e+00 -2.6934294523e+00  1.7887939642e+00 -4.9808750966e+00  3.6056535233e+00  2.8052076502e+00 -3.6437799479e+00  3.4639361311e+00  1.4728720035e+00 -2.4604766222e+00  2.5423444884e+00  3.1201969656e+00 -9.9311058648e-01  2.1136736058e+00  4.2131584895e+00 -2.3396822491e+00  9.4803346069e-01  5.9389454233e-01 -2.3153091101e+00 -3.7533289295e-01  1.8400089630e+00 -4.6751040000e+00 -1.2557799604e+00  2.0607891588e+00 -3.1305325726e+00
ENERGY -8.125593191043e+02

JOB 19
COORDS -4.5312392712e+00 -1.0338051730e+00 -5.5428709669e+00 -3.7415805855e+00 -1.9539735923e+00 -4.8382761119e+00 -2.8984620488e+00  7.1320543982e-01 -5.0287767111e+00 -2.1130324078e+00 -2.0941884789e-01 -4.3262747759e+00 -4.0852255216e+00  2.7661041410e-01 -5.6177162865e+00 -2.5603995682e+00 -1.5417616740e+00 -4.2465393934e+00  2.9075423401e+00  2.4057188705e+00 -2.9924431920e+00  2.0864615089e+00  3.0687589697e+00 -1.8681507434e+00  8.5947682553e-01  1.4805475817e+00 -3.0117867071e+00 -4.6020865353e-01  1.4201460530e+00 -3.7738528251e+00  1.9042376730e+00  1.8946761421e+00 -3.8721672732e+00  7.9079892802e-01  2.4576174755e+00 -1.9735968039e+00 -9.3921599362e-01  7.4168629502e-02 -3.7046376562e+00 -4.8290795925e+00  1.1914606368e+00 -6.2937262600e+00 -1.8023640532e+00 -2.4355039853e+00 -3.5674867304e+00 -5.4616666223e+00 -1.3255994897e+00 -6.0175758679e+00 -4.0387298238e+00 -2.9938832216e+00 -4.7452933184e+00 -2.6149203638e+00  1.7534890677e+00 -5.1292324680e+00  3.5328277260e+00  3.1011858874e+00 -3.5546507026e+00  3.5279537522e+00  1.5852865301e+00 -2.6068562025e+00  2.5116024958e+00  2.8820684198e+00 -8.7642448446e-01  1.9705912099e+00  4.1471728253e+00 -2.0154224225e+00  1.0894034792e+00  4.9488113917e-01 -2.5779728811e+00 -2.9044639008e-01  1.7144757071e+00 -4.8148982244e+00 -1.1756424938e+00  2.1048551587e+00 -3.3072243657e+00
ENERGY -8.125586222598e+02

JOB 20
COORDS -5.6017605670e+00 -8.4546358276e-01 -3.3785414841e+00 -4.6533468458e+00 -1.8405541585e+00 -3.1010728287e+00 -3.9156800712e+00  8.5597763836e-01 -2.8841308943e+00 -2.9720717720e+00 -1.4129790401e-01 -2.6072530846e+00 -5.2040154879e+00  4.7738522789e-01 -3.2618388534e+00 -3.3694695079e+00 -1.4866135721e+00 -2.7246140523e+00  2.0790968914e+00  2.6470155167e+00 -1.5819912160e+00  1.5161275833e+00  2.5896311403e+00 -1.4927375918e-01  1.9653155157e-01  1.4194313355e+00 -1.6426349763e+00 -1.2600060816e+00  1.4381828994e+00 -2.0918768107e+00  9.3748355802e-01  2.3634018422e+00 -2.3940319988e+00  3.1931768592e-01  1.8050611921e+00 -2.7553169942e-01 -1.6853133098e+00  8.0379574921e-02 -2.2332519438e+00 -6.1010529554e+00  1.4640352035e+00 -3.5248810251e+00 -2.4578649197e+00 -2.4523594205e+00 -2.4589741972e+00 -6.6157434502e+00 -1.0901774860e+00 -3.6754142810e+00 -4.9057790092e+00 -2.8937055509e+00 -3.1753226108e+00 -3.6778518761e+00  1.9101890374e+00 -2.8149926198e+00  2.4678678682e+00  3.6258696164e+00 -1.8673888263e+00  2.8539871970e+00  1.8845378773e+00 -1.7400510897e+00  2.2070154569e+00  2.1112350030e+00  5.5259025612e-01  1.2422082388e+00  3.5794766558e+00  2.3010482302e-01  6.1630361567e-01  4.1029974574e-01 -1.7783698544e+00 -1.3295950979e+00  1.9584475948e+00 -3.0534143982e+00 -1.8652475554e+00  1.9592730871e+00 -1.3431674338e+00
ENERGY -8.125589058823e+02

JOB 21
COORDS -5.4886456053e+00 -7.5510472624e-01 -3.2189520274e+00 -4.5645285308e+00 -1.7759943038e+00 -2.9535279611e+00 -3.7222214552e+00  8.9556198608e-01 -2.8497056881e+00 -2.8030234764e+00 -1.2719789940e-01 -2.5839407810e+00 -5.0388495754e+00  5.5479279722e-01 -3.1594573827e+00 -3.2531160190e+00 -1.4596348641e+00 -2.6440197866e+00  2.0155909262e+00  2.9608548871e+00 -1.3673000454e+00  1.2834151598e+00  2.6237975754e+00 -7.2795322953e-02  4.5873042742e-01  1.3338081638e+00 -1.7972728429e+00 -1.0147647427e+00  1.4016691272e+00 -2.1902362138e+00  1.1118505110e+00  2.4655123803e+00 -2.3623637321e+00  6.6247813230e-01  1.3707292907e+00 -3.8690990606e-01 -1.4940056732e+00  5.8884442366e-02 -2.2737735242e+00 -5.9105307743e+00  1.5666281596e+00 -3.4128251640e+00 -2.3662968370e+00 -2.4508347194e+00 -2.3904259465e+00 -6.5229345883e+00 -9.7060908974e-01 -3.4638794693e+00 -4.8572564619e+00 -2.8208255721e+00 -2.9853361044e+00 -3.4435561252e+00  1.9417146356e+00 -2.8239278395e+00  2.1573423002e+00  4.0298132691e+00 -1.5387563618e+00  2.9806653429e+00  2.4410318121e+00 -1.4312243283e+00  1.9404383119e+00  2.4739160357e+00  7.8676002183e-01  5.2698194712e-01  3.3826794606e+00  1.6904517377e-01  8.9731557563e-01  3.9855514951e-01 -2.1689561209e+00 -1.1002458738e+00  1.8933881277e+00 -3.1662161282e+00 -1.5726606038e+00  1.9718780428e+00 -1.4386351861e+00
ENERGY -8.125601400110e+02

JOB 22
COORDS -5.4650866399e+00 -7.3375782472e-01 -3.1262222168e+00 -4.5523549554e+00 -1.7447005577e+00 -2.7922758782e+00 -3.6673812926e+00  9.1201885985e-01 -2.9212080897e+00 -2.7596124681e+00 -1.0061044273e-01 -2.5861544309e+00 -4.9940985607e+00  5.6885426948e-01 -3.1814085069e+00 -3.2312076631e+00 -1.4257995811e+00 -2.5300174360e+00  1.8680442993e+00  3.0787002204e+00 -1.2035942478e+00  1.1269502801e+00  2.4458029621e+00 -3.1234803434e-02  5.3263918411e-01  1.3611858951e+00 -1.9636507113e+00 -9.4220945241e-01  1.4236907529e+00 -2.3428672146e+00  1.1166011912e+00  2.6089464933e+00 -2.3313339471e+00  7.3832432345e-01  1.1765893868e+00 -5.6927804355e-01 -1.4435590036e+00  8.8978713127e-02 -2.3099076647e+00 -5.8543698067e+00  1.5709497461e+00 -3.5035332006e+00 -2.3558354043e+00 -2.4075842085e+00 -2.2101551383e+00 -6.5065109363e+00 -9.5131626506e-01 -3.3367109135e+00 -4.8614522729e+00 -2.7836652888e+00 -2.7338497517e+00 -3.3722422256e+00  1.9519769355e+00 -2.9864050565e+00  1.8470124680e+00  4.1706307458e+00 -1.2110870017e+00  2.9053011679e+00  2.7249764821e+00 -1.2623949439e+00  1.7476432178e+00  2.2655417402e+00  8.4870435500e-01  2.4651261224e-01  3.0376179322e+00  2.5456000553e-01  1.0209783290e+00  5.2505488973e-01 -2.4791481603e+00 -1.0337965040e+00  1.8443411107e+00 -3.3516602666e+00 -1.4794589717e+00  2.0624281367e+00 -1.6315161281e+00
ENERGY -8.125611690910e+02

JOB 23
COORDS -5.4510528898e+00 -7.2833707702e-01 -3.0467645507e+00 -4.5464069087e+00 -1.7119200032e+00 -2.6213644784e+00 -3.6396885398e+00  9.1419771069e-01 -2.9944497603e+00 -2.7399890674e+00 -7.1144891530e-02 -2.5682203934e+00 -4.9695749250e+00  5.5973151112e-01 -3.2216188981e+00 -3.2223075901e+00 -1.3817598251e+00 -2.3899083875e+00  1.7685878808e+00  3.1011461297e+00 -1.0904772278e+00  1.0697246555e+00  2.2506218725e+00 -3.5905124185e-02  5.7215730701e-01  1.4127905871e+00 -2.1127688877e+00 -9.0769274004e-01  1.4487099178e+00 -2.4807606965e+00  1.0759291538e+00  2.7352322864e+00 -2.2921117458e+00  7.8693255661e-01  1.0468130805e+00 -7.5775270256e-01 -1.4234626378e+00  1.3249466247e-01 -2.3057559842e+00 -5.8221595942e+00  1.5351111375e+00 -3.6339350298e+00 -2.3549892418e+00 -2.3371492431e+00 -1.9813743228e+00 -6.4943860133e+00 -9.5575048152e-01 -3.2363137579e+00 -4.8641773382e+00 -2.7384801180e+00 -2.4677438958e+00 -3.3362561365e+00  1.9415552283e+00 -3.1539016112e+00  1.6541097368e+00  4.1777718039e+00 -9.4632538899e-01  2.8330967826e+00  2.8475086331e+00 -1.1727112038e+00  1.6969396578e+00  1.9924288854e+00  8.1962385902e-01  1.4372775451e-01  2.7242036733e+00  3.1728113675e-01  1.1126860041e+00  6.8967306598e-01 -2.7354717949e+00 -1.0148452756e+00  1.7790243161e+00 -3.5215283033e+00 -1.4256365994e+00  2.1578847891e+00 -1.8234822621e+00
ENERGY -8.125606264938e+02

