JOB 0
COORDS  4.1714543961e+00  1.6622055911e+00  2.0717727553e-01  5.4898386199e+00  1.2499553344e+00  4.2168809523e-01  3.1965201207e+00  7.1739214076e-01 -1.0565439478e-01  5.7699837018e+00 -1.1167011307e-01  2.9229474198e-01  3.5766043460e+00 -6.3550812700e-01 -1.6465731512e-01  1.3717669647e+00 -1.9343156992e+00 -1.4586881475e-01  5.2723380231e-01 -8.1163629481e-01  4.1972902828e-01  4.8450410410e+00 -1.0371386226e+00  1.2289770299e-02  2.7005262898e+00 -1.6885760843e+00 -4.8063032424e-01  9.1754632452e-01 -3.0598699487e+00 -3.1880783789e-01  3.9036696979e+00  2.7141916933e+00  2.6219237462e-01  6.2776621784e+00  1.9571153046e+00  6.6137393864e-01  2.1845930403e+00  1.0290711467e+00 -3.2742188508e-01  6.7854458712e+00 -4.8293316587e-01  4.2082616610e-01  1.0396071867e+00 -2.7484965320e-01  1.2223501384e+00 -3.9252983294e-01 -1.2551098485e+00  8.0072369233e-01  2.6823839889e-01 -9.1660446317e-02 -3.6306719850e-01  3.1982842600e+00 -2.5505828581e+00 -6.9142186954e-01
ENERGY -4.563869338036e+02

JOB 1
COORDS  4.1695954759e+00  1.6775752363e+00  2.3752555683e-01  5.4853079793e+00  1.2539617456e+00  4.4806300181e-01  3.1951961987e+00  7.4572735786e-01 -1.1311101499e-01  5.7634394890e+00 -1.0323730379e-01  2.7758656303e-01  3.5725863881e+00 -6.0529184896e-01 -2.1271217811e-01  1.4101501616e+00 -1.9453276229e+00 -9.6451500366e-02  5.2403549758e-01 -8.1880744508e-01  3.8987630027e-01  4.8373734167e+00 -1.0166345456e+00 -3.9053955512e-02  2.6896319862e+00 -1.6443143213e+00 -5.7320282865e-01  1.0387028863e+00 -3.1124801543e+00 -9.3535395260e-02  3.9046926345e+00  2.7281147796e+00  3.2486890137e-01  6.2732405482e+00  1.9507138796e+00  7.1627068725e-01  2.1847633296e+00  1.0649765454e+00 -3.3236094999e-01  6.7767172254e+00 -4.8156714253e-01  4.0246579655e-01  1.0036121242e+00 -2.5228118180e-01  1.1933472743e+00 -4.0167133751e-01 -1.2597423611e+00  7.5877565078e-01  2.9154687170e-01 -1.2477801250e-01 -4.2347689412e-01  3.2060964819e+00 -2.5036999427e+00 -7.5205629085e-01
ENERGY -4.563857578343e+02

JOB 2
COORDS  4.1834965856e+00  1.6864978202e+00  2.8734328373e-01  5.5001068698e+00  1.2476221444e+00  4.5933591577e-01  3.1984589096e+00  7.7437977437e-01 -8.4217103170e-02  5.7671744217e+00 -1.0316301789e-01  2.3227641523e-01  3.5667436472e+00 -5.7340938768e-01 -2.4386402558e-01  1.4358433186e+00 -1.9230507970e+00 -3.4107101109e-02  4.8552998662e-01 -8.0283549570e-01  3.2757189094e-01  4.8302840507e+00 -9.9870979472e-01 -1.0513481685e-01  2.6657265116e+00 -1.5931849122e+00 -6.3012991908e-01  1.1679183408e+00 -3.0987934991e+00  1.7065547531e-01  3.9263166569e+00  2.7339971929e+00  4.2181289109e-01  6.2963820603e+00  1.9288734767e+00  7.4232799755e-01  2.1854923982e+00  1.1058332225e+00 -2.7236575358e-01  6.7796141214e+00 -4.9215524296e-01  3.2741788450e-01  8.9409847172e-01 -2.0211491233e-01  1.1463475007e+00 -4.5485598087e-01 -1.2483840167e+00  6.5161852501e-01  3.0652934436e-01 -1.4101896382e-01 -5.2433312801e-01  3.1930832735e+00 -2.4529196372e+00 -7.7953751118e-01
ENERGY -4.563833286224e+02

JOB 3
COORDS  4.1037502625e+00  1.6302260787e+00  3.7071319535e-01  5.4097120513e+00  1.1473708342e+00  5.0548923336e-01  3.0863921676e+00  7.5953070728e-01 -1.1755692907e-02  5.6319704011e+00 -2.0308685211e-01  2.3469964998e-01  3.4125369523e+00 -5.9244830529e-01 -2.2224110390e-01  1.2665995981e+00 -1.8645163731e+00  6.4404639601e-02  2.6481147373e-01 -7.4619094356e-01  2.4825425965e-01  4.6632107506e+00 -1.0601051094e+00 -1.1491306977e-01  2.4679351570e+00 -1.5700232014e+00 -6.2508007092e-01  1.0780947162e+00 -2.9912869100e+00  4.9492858135e-01  3.8802154368e+00  2.6797632334e+00  5.4408914954e-01  6.2305666872e+00  1.7955397270e+00  7.9585341516e-01  2.0790982824e+00  1.1242660629e+00 -1.6794038875e-01  6.6331013297e+00 -6.2543411693e-01  3.0360783106e-01  5.7582570078e-01 -1.0526098328e-01  1.0802109435e+00 -7.0053151764e-01 -1.1864815651e+00  5.0000434861e-01  1.7581904365e-01 -1.2863208421e-01 -6.4867281773e-01  2.9783400868e+00 -2.4478100714e+00 -7.2879264464e-01
ENERGY -4.563795539935e+02

JOB 4
COORDS  4.1518062368e+00  1.4870394727e+00  6.7702346035e-01  5.4799979823e+00  1.1618762166e+00  3.8313581559e-01  3.1517118234e+00  5.3797243778e-01  4.8143257277e-01  5.7403660449e+00 -1.2552663950e-01 -8.8698773762e-02  3.5231550505e+00 -7.2471953589e-01 -1.7863895493e-02  1.3384849831e+00 -1.8555500844e+00  3.6349150337e-01  2.6221010735e-01 -9.0456144821e-01 -1.1737850639e-01  4.7938134061e+00 -1.0509826075e+00 -2.8995438168e-01  2.5988087194e+00 -1.7591746744e+00 -2.8832744222e-01  1.1435275789e+00 -2.6842012998e+00  1.2347785055e+00  3.8945006391e+00  2.4691206250e+00  1.0654496140e+00  6.2872383491e+00  1.8731759560e+00  5.2630313834e-01  2.1227109409e+00  7.6760477675e-01  7.3160732234e-01  6.7588841227e+00 -4.3655768910e-01 -3.1587918600e-01 -2.4417646768e-01 -4.4936461371e-01  7.3753505433e-01 -4.8169037203e-01 -1.4997366090e+00 -6.5812465827e-01  6.4419220020e-01 -1.3939263821e-01 -7.9421584453e-01  3.0958821830e+00 -2.6449724724e+00 -1.9591107154e-01
ENERGY -4.563748436987e+02

JOB 5
COORDS  4.5977472962e+00  1.4939438013e+00  1.0795273153e+00  5.5872055968e+00  1.2479094877e+00  1.1794483184e-01  3.5885470448e+00  5.5724577032e-01  1.2776110297e+00  5.5087257695e+00  6.1117851151e-02 -6.0930831987e-01  3.5961945763e+00 -5.9679454356e-01  4.7274214944e-01  1.2320365473e+00 -1.1718405494e+00  6.5354437022e-01  5.1530822764e-01 -1.2230045613e+00 -6.8025425126e-01  4.5306707773e+00 -8.4534556049e-01 -4.5196469947e-01  2.6066920734e+00 -1.6019974062e+00  6.2207097880e-01  6.8411609130e-01 -8.8407502454e-01  1.6971840724e+00  4.6217747092e+00  2.4004416624e+00  1.6789282471e+00  6.3958938031e+00  1.9501245561e+00 -5.9137437189e-02  2.8200178907e+00  6.9050063551e-01  2.0315157736e+00  6.2577118535e+00 -1.7862871535e-01 -1.3622993970e+00 -5.2483719047e-01 -9.1932669891e-01 -5.5963128531e-01  5.5085610366e-01 -2.2404145473e+00 -1.0870515591e+00  1.0187001783e+00 -5.6955399302e-01 -1.4009432719e+00  2.7553172611e+00 -2.2459342466e+00 -1.5499293585e-01
ENERGY -4.563711224534e+02

JOB 6
COORDS  4.6957928212e+00  1.4937966477e+00  1.1610574312e+00  5.6938835950e+00  1.2707065160e+00  2.0319964094e-01  3.6565743998e+00  5.7802712032e-01  1.2938335286e+00  5.5945583607e+00  1.2711236664e-01 -5.8805159939e-01  3.6460802654e+00 -5.2826787808e-01  4.2606401505e-01  1.2633774910e+00 -1.1047269511e+00  5.7486118536e-01  4.3447249805e-01 -1.3996228107e+00 -6.6007621620e-01  4.5895202733e+00 -7.5791337239e-01 -4.9346402521e-01  2.6256539428e+00 -1.5129514234e+00  4.8944951226e-01  7.8879287352e-01 -6.6484528294e-01  1.6058195156e+00  4.7353739536e+00  2.3661524343e+00  1.8083718881e+00  6.5252648409e+00  1.9572854615e+00  7.6914134861e-02  2.8752309074e+00  6.9276142344e-01  2.0365460687e+00  6.3490924762e+00 -9.4325112871e-02 -1.3410036285e+00 -6.1348411545e-01 -1.1717043815e+00 -4.6492522305e-01  5.3005331669e-01 -2.4542186297e+00 -9.4285496019e-01  7.9498227305e-01 -8.0141188729e-01 -1.5042266353e+00  2.7748455618e+00 -2.1235016163e+00 -3.1256466337e-01
ENERGY -4.563769774760e+02

JOB 7
COORDS  4.7711984200e+00  1.4819402418e+00  1.1998986152e+00  5.7911975113e+00  1.2500869461e+00  2.6848176748e-01  3.6897662043e+00  6.0787449834e-01  1.2672212702e+00  5.6730957255e+00  1.3861047196e-01 -5.6553337337e-01  3.6648431536e+00 -4.6611660733e-01  3.6081273425e-01  1.2596431350e+00 -1.0334109237e+00  4.9674043120e-01  3.4056392173e-01 -1.5154831871e+00 -6.1032641449e-01  4.6313580555e+00 -7.0616498476e-01 -5.3275701007e-01  2.6086681905e+00 -1.4109308514e+00  3.3843741253e-01  8.5269695910e-01 -4.6968580179e-01  1.4999348176e+00  4.8240058500e+00  2.3297325113e+00  1.8781651975e+00  6.6537483957e+00  1.9050960312e+00  1.9388705338e-01  2.8867837296e+00  7.3157250248e-01  1.9837522756e+00  6.4432448868e+00 -8.8860342148e-02 -1.3006857491e+00 -6.9712892405e-01 -1.3608774184e+00 -3.1497667426e-01  5.0532921017e-01 -2.5780306503e+00 -8.2047485601e-01  5.4522520834e-01 -9.6105216324e-01 -1.5330685501e+00  2.7597753146e+00 -2.0104422596e+00 -4.7012392347e-01
ENERGY -4.563830096627e+02

JOB 8
COORDS  4.8109597478e+00  1.4911269063e+00  1.2528506428e+00  5.8635132973e+00  1.2520400809e+00  3.6132076553e-01  3.6954009150e+00  6.5737922221e-01  1.2431129725e+00  5.7450266092e+00  1.7246577996e-01 -5.1426623008e-01  3.6757543167e+00 -3.8686817654e-01  3.0264374427e-01  1.2572410991e+00 -9.7112785609e-01  4.1586206581e-01  2.9226840483e-01 -1.6091864267e+00 -5.6779399725e-01  4.6751636096e+00 -6.3439300245e-01 -5.5363844335e-01  2.5982912212e+00 -1.2953667932e+00  1.8957633878e-01  8.8586912579e-01 -3.0986979667e-01  1.3753575220e+00  4.8618686964e+00  2.3152238692e+00  1.9598585593e+00  6.7508917794e+00  1.8773472165e+00  3.4715994633e-01  2.8636061541e+00  7.9137637487e-01  1.9226691067e+00  6.5392952603e+00 -5.9484217599e-02 -1.2218847853e+00 -7.1957924076e-01 -1.5516733202e+00 -1.6684644716e-01  5.5072116347e-01 -2.6553813828e+00 -7.6210319646e-01  3.3046742693e-01 -1.0733602153e+00 -1.5230257351e+00  2.7597691867e+00 -1.8943496485e+00 -6.1592521521e-01
ENERGY -4.563880792821e+02

JOB 9
COORDS  4.7738912758e+00  1.4722461386e+00  1.2820756132e+00  5.8531156319e+00  1.2219060106e+00  4.2730675598e-01  3.6268235437e+00  6.8597811773e-01  1.1973270468e+00  5.7295824347e+00  1.7736055804e-01 -4.8986210115e-01  3.6080800711e+00 -3.2818795376e-01  2.2444960382e-01  1.1835324076e+00 -9.4379040262e-01  3.4797028598e-01  1.8933528798e-01 -1.7028901374e+00 -5.1449149024e-01  4.6340601349e+00 -5.8582712890e-01 -5.9867058790e-01  2.5120230271e+00 -1.1936772322e+00  2.8422769469e-02  8.3779838749e-01 -2.2193301163e-01  1.2754537436e+00  4.8253035777e+00  2.2708493279e+00  2.0177388989e+00  6.7633392392e+00  1.8121070114e+00  4.7054670432e-01  2.7713654650e+00  8.3491002185e-01  1.8423761172e+00  6.5429174889e+00 -6.1248579089e-02 -1.1732483936e+00 -7.6676433750e-01 -1.7534621323e+00  6.5750162619e-03  5.3459676343e-01 -2.7150778746e+00 -7.4764981634e-01  4.6106458954e-02 -1.1691043063e+00 -1.4607768311e+00  2.6746460316e+00 -1.8001962590e+00 -7.6958731800e-01
ENERGY -4.563916021058e+02

JOB 10
COORDS  4.7571986188e+00  1.4883475300e+00  1.2625457038e+00  5.8718819597e+00  1.2103234380e+00  4.6428854878e-01  3.5861390821e+00  7.5062793572e-01  1.1003909153e+00  5.7592469449e+00  1.8674952174e-01 -4.7803140266e-01  3.5849176035e+00 -2.5100974888e-01  1.1425959941e-01  1.1669889680e+00 -9.2499726136e-01  2.5419685093e-01  1.7334954295e-01 -1.7942279444e+00 -4.9880426466e-01  4.6448286583e+00 -5.3327095227e-01 -6.5771261444e-01  2.4769145322e+00 -1.0738882971e+00 -1.6154035552e-01  8.2216030130e-01 -1.7188946365e-01  1.1589282285e+00  4.7971590284e+00  2.2739449087e+00  2.0127881604e+00  6.7996660376e+00  1.7646862614e+00  5.6741129629e-01  2.7013038575e+00  9.2622384651e-01  1.6966414171e+00  6.5987305184e+00 -7.0572708004e-02 -1.1218981536e+00 -6.4668714375e-01 -2.0523889412e+00  1.7249896996e-01  6.2100357544e-01 -2.7081660529e+00 -9.0000049099e-01 -2.3943234636e-01 -1.2186523857e+00 -1.3344903566e+00  2.6591596817e+00 -1.7048203219e+00 -9.3456777519e-01
ENERGY -4.563935588479e+02

JOB 11
COORDS  4.7667721331e+00  1.4707807305e+00  1.2744391362e+00  5.9000092896e+00  1.1546913818e+00  5.1770406158e-01  3.5666641066e+00  8.0139554101e-01  1.0427047837e+00  5.7762485250e+00  1.6234997019e-01 -4.5619599516e-01  3.5597750660e+00 -1.7982406846e-01  3.6176279255e-02  1.1539030294e+00 -8.9756051308e-01  2.2086569824e-01  1.7349598216e-01 -1.8511547438e+00 -4.4284482767e-01  4.6363882818e+00 -4.9618424479e-01 -6.9929647624e-01  2.4269662520e+00 -9.3746551255e-01 -3.1023146813e-01  8.1719815368e-01 -1.4374983574e-01  1.1288065727e+00  4.8133435483e+00  2.2364909523e+00  2.0445861332e+00  6.8491789532e+00  1.6579882287e+00  6.7428171913e-01  2.6657748731e+00  1.0115333302e+00  1.6024458309e+00  6.6281642651e+00 -1.2090919791e-01 -1.0722685809e+00 -5.6188660154e-01 -2.1660514488e+00  2.9871769387e-01  6.5529281406e-01 -2.7314998098e+00 -8.7802533837e-01 -3.5618104721e-01 -1.3185024790e+00 -1.2399626218e+00  2.6192031456e+00 -1.5960712247e+00 -1.0567388438e+00
ENERGY -4.563941197826e+02

JOB 12
COORDS  4.7816879665e+00  1.4433600057e+00  1.2875608525e+00  5.8745811339e+00  1.2043497893e+00  4.4763306120e-01  3.5566087183e+00  8.3422051453e-01  1.0229346913e+00  5.6859280400e+00  3.4903965787e-01 -6.3919151260e-01  3.4853726390e+00 -1.4680783442e-02 -9.5100362777e-02  1.1480038307e+00 -8.8149657683e-01  2.2846487879e-01  2.3025964680e-01 -1.9457453766e+00 -3.5042705997e-01  4.5216426490e+00 -2.5284700453e-01 -9.1273628889e-01  2.3173531883e+00 -6.9636256961e-01 -4.8516242542e-01  8.5704313387e-01 -2.4284841810e-01  1.2344427426e+00  4.8781864472e+00  2.1046407245e+00  2.1448925202e+00  6.8414088325e+00  1.6655138377e+00  6.2456485870e-01  2.6834700404e+00  9.9211220376e-01  1.6409726254e+00  6.5039601294e+00  1.3243864110e-01 -1.3243362291e+00 -8.0089279091e-01 -1.6949310476e+00 -9.8999324591e-02  4.6933790481e-01 -2.9109171421e+00  1.0942826440e-01  3.2893582933e-01 -2.0498636705e+00 -1.4349946930e+00  2.4806495179e+00 -1.2890118352e+00 -1.2920098252e+00
ENERGY -4.563935589874e+02

JOB 13
COORDS  4.8057602484e+00  1.4539778671e+00  1.2879145016e+00  5.9111169732e+00  1.1472913147e+00  4.8655681266e-01  3.5544786795e+00  9.2756245318e-01  9.7447962750e-01  5.7084788528e+00  3.1068241707e-01 -6.1180278715e-01  3.4720289647e+00  8.3370620720e-02 -1.4623279871e-01  1.1528046110e+00 -7.9993406997e-01  1.9831382713e-01  3.2740433756e-01 -1.9676603565e+00 -3.1562873171e-01  4.5184984473e+00 -2.1689618123e-01 -9.2830501581e-01  2.2721382607e+00 -5.2098744213e-01 -5.7539529979e-01  8.2280379667e-01 -1.3358842147e-01  1.1718783908e+00  4.9131881435e+00  2.1067645455e+00  2.1504228190e+00  6.8981976172e+00  1.5455102472e+00  7.0052025145e-01  2.6696573140e+00  1.1442431852e+00  1.5576890808e+00  6.5348500130e+00  4.6154698749e-02 -1.2695634456e+00 -6.5286641483e-01 -1.9460673439e+00  1.6014451833e-01  8.2406159269e-01 -2.9116287161e+00 -6.4697719107e-02  2.0706170323e-01 -1.9301565198e+00 -1.4032146539e+00  2.4508948676e+00 -1.1482821779e+00 -1.3537287635e+00
ENERGY -4.563915860925e+02

JOB 14
COORDS  4.7962923579e+00  1.4092011934e+00  1.3066405115e+00  5.9009333759e+00  1.0574021092e+00  5.2205540112e-01  3.5256931484e+00  9.6537593264e-01  9.4812354375e-01  5.6760902388e+00  2.6180509628e-01 -6.0172339536e-01  3.4218227265e+00  1.5136978649e-01 -1.9273620937e-01  1.1260252543e+00 -7.4399147669e-01  1.7073690510e-01  4.1871845856e-01 -2.0123920289e+00 -2.7313428294e-01  4.4657615620e+00 -1.9072106550e-01 -9.5853464499e-01  2.1896130535e+00 -3.6625396187e-01 -6.5447521939e-01  7.3913836603e-01 -6.2425125241e-02  1.1098855504e+00  4.9202649944e+00  2.0347452151e+00  2.1869313316e+00  6.9040338915e+00  1.3921809334e+00  7.6776932440e-01  2.6391031722e+00  1.2229643332e+00  1.5130920892e+00  6.5011565379e+00 -3.3178850196e-02 -1.2479713696e+00 -5.3962292563e-01 -2.0874032478e+00  2.4050616863e-01  1.0309730625e+00 -2.8856237044e+00 -2.1224927505e-02  2.5498343052e-01 -2.0211494831e+00 -1.3559122704e+00  2.3680787399e+00 -1.0033190552e+00 -1.4264323517e+00
ENERGY -4.563880806632e+02

JOB 15
COORDS  4.8003289587e+00  1.3636798774e+00  1.3123072903e+00  5.8978856220e+00  9.6895119147e-01  5.3700447212e-01  3.5147386616e+00  1.0030166040e+00  9.1812726056e-01  5.6494161407e+00  2.1670682046e-01 -6.1076989674e-01  3.3861684541e+00  2.2373750063e-01 -2.4441416880e-01  1.1064561593e+00 -6.6114485254e-01  1.2970429249e-01  5.5477922771e-01 -2.0295058686e+00 -2.2554957274e-01  4.4217765004e+00 -1.5935468430e-01 -9.9989926867e-01  2.1249198483e+00 -2.0311251720e-01 -7.3145572895e-01  6.3163924362e-01  3.8729220624e-02  1.0097989307e+00  4.9432266445e+00  1.9593777118e+00  2.2102515786e+00  6.9135666855e+00  1.2396661238e+00  8.0850352339e-01  2.6325279178e+00  1.3008852701e+00  1.4716729974e+00  6.4683421480e+00 -1.0782370913e-01 -1.2505800334e+00 -3.4543572822e-01 -2.2214497304e+00  3.5811795222e-01  1.3023162129e+00 -2.8014422201e+00 -1.1117436398e-02  3.1595535576e-01 -2.0887393091e+00 -1.2931960712e+00  2.3003765431e+00 -8.4351857617e-01 -1.5028996281e+00
ENERGY -4.563830089643e+02

JOB 16
COORDS  4.7884995514e+00  1.2954443600e+00  1.3155725306e+00  5.8752813624e+00  8.6468093906e-01  5.4303511849e-01  3.4929038838e+00  1.0189922629e+00  8.8987767491e-01  5.6040007819e+00  1.6352409800e-01 -6.3107773368e-01  3.3391149425e+00  2.8459931997e-01 -2.9924538939e-01  1.0649622365e+00 -5.6534675373e-01  7.1165566400e-02  7.0693945149e-01 -2.0192400106e+00 -1.6789313852e-01  4.3636891254e+00 -1.3445237735e-01 -1.0495827169e+00  2.0557069458e+00 -4.3217209592e-02 -8.0944098199e-01  4.7678940787e-01  1.4289452661e-01  8.6745297038e-01  4.9495340664e+00  1.8544304354e+00  2.2338260582e+00  6.8997993413e+00  1.0700101161e+00  8.3753847152e-01  2.6195204456e+00  1.3526051880e+00  1.4387022514e+00  6.4141021030e+00 -1.8555820626e-01 -1.2691793053e+00 -1.3869824658e-01 -2.2997061973e+00  4.6018604954e-01  1.5674022026e+00 -2.6586120679e+00  5.8384132263e-02  4.4716747522e-01 -2.1817589524e+00 -1.2202192159e+00  2.2181517816e+00 -6.7451255152e-01 -1.5926240267e+00
ENERGY -4.563769774637e+02

JOB 17
COORDS  4.7313906357e+00  1.1756780472e+00  1.3322630974e+00  5.8013124427e+00  7.4602058025e-01  5.3553035904e-01  3.4270362597e+00  9.6843711168e-01  8.9537004752e-01  5.5029746716e+00  1.1689263175e-01 -6.7228107473e-01  3.2425391173e+00  3.0488147065e-01 -3.3160620570e-01  9.7310063402e-01 -5.0862039079e-01  4.6739825866e-02  8.4641211187e-01 -2.0164837488e+00 -2.9193341448e-02  4.2523712168e+00 -1.1499356820e-01 -1.1024336770e+00  1.9441361540e+00  6.5535639470e-02 -8.4900520192e-01  2.5556578475e-01  1.8966673812e-01  7.3218107744e-01  4.9130773603e+00  1.6802658643e+00  2.2777711563e+00  6.8328600170e+00  8.9782274685e-01  8.3768173037e-01  2.5691392667e+00  1.3117709374e+00  1.4635964355e+00  6.2995206209e+00 -2.2836419753e-01 -1.3293747159e+00  6.9598704429e-02 -2.3629283904e+00  6.5286787536e-01  1.8044560191e+00 -2.4858399579e+00  2.1892732212e-01  5.9260831261e-01 -2.3209011522e+00 -1.0514005041e+00  2.0808805936e+00 -5.4292630907e-01 -1.6562102144e+00
ENERGY -4.563711220770e+02

JOB 18
COORDS  4.5118293063e+00  6.5170235726e-01  1.4253481523e+00  5.6061628201e+00  9.2291629844e-01  5.9762607676e-01  3.3376958162e+00  1.4885106701e-01  8.7062937775e-01  5.4576930358e+00  6.8201111431e-01 -7.6902490846e-01  3.3030295389e+00 -7.5803862863e-02 -5.1858899934e-01  8.5635850556e-01 -4.9914700745e-01 -6.9302621842e-01  4.9009824119e-01 -1.4283303251e+00  4.4552969292e-01  4.3406730759e+00  1.9298402835e-01 -1.3223097027e+00  2.1828209740e+00 -6.1189872169e-01 -1.1935392915e+00  6.3325620809e-02  2.8321841616e-01 -1.1857776377e+00  4.5658649831e+00  8.3893900251e-01  2.4947323258e+00  6.5363230095e+00  1.3192172704e+00  9.9238375634e-01  2.4731161670e+00 -3.8968133551e-02  1.4963103400e+00  6.2722955806e+00  8.9273100902e-01 -1.4602154852e+00 -3.2149431184e-02 -8.7281067797e-01  1.2285752045e+00  1.3518336317e+00 -1.9571111929e+00  8.5461182917e-01 -2.1108687910e-01 -2.1706938781e+00  4.9004196319e-02  2.2113008523e+00 -2.7007229426e-01 -2.1540464287e+00
ENERGY -4.563748435151e+02

JOB 19
COORDS  4.5498195627e+00  3.3112584509e-01  1.5090836248e+00  5.3805493174e+00  1.0146114958e+00  6.1488465702e-01  3.4503313496e+00 -3.7220534279e-01  1.0235101345e+00  5.0656795846e+00  9.4654789215e-01 -7.4254863269e-01  3.2008361906e+00 -3.4323362076e-01 -3.6056524336e-01  7.5957076599e-01 -8.7287877778e-01 -6.2208394364e-01  3.5617111455e-01 -1.1945485172e+00  7.9980389767e-01  4.0015870509e+00  2.9186818281e-01 -1.2265845457e+00  2.1222634792e+00 -1.0281038584e+00 -9.7474750759e-01 -3.9376891196e-02 -4.8054589401e-01 -1.4576683913e+00  4.7646904769e+00  3.2969499754e-01  2.5746297766e+00  6.2499070824e+00  1.5692032995e+00  9.5381360638e-01  2.8242242145e+00 -9.4652737595e-01  1.6944097657e+00  5.6912417307e+00  1.4424964308e+00 -1.4828928983e+00  6.0720609460e-01 -3.5286296851e-01  1.4541405626e+00  8.6364989547e-01 -2.0866742268e+00  1.1744171291e+00 -7.2467866224e-01 -1.3366491509e+00  8.2720248698e-01  2.1954769350e+00 -8.5396628589e-01 -1.9777734092e+00
ENERGY -4.563795547374e+02

JOB 20
COORDS  4.6681592031e+00  2.8041394628e-01  1.5096790391e+00  5.5111875548e+00  1.0037747879e+00  6.6014271261e-01  3.5763771014e+00 -4.0094569797e-01  9.7669023355e-01  5.2183035740e+00  9.9435319516e-01 -7.0427470026e-01  3.3458926178e+00 -3.0779002440e-01 -4.0745231807e-01  9.1110264475e-01 -8.9933732611e-01 -7.6503128742e-01  4.8876218515e-01 -1.0308494573e+00  6.8173232788e-01  4.1621287643e+00  3.6269310725e-01 -1.2325886379e+00  2.2817309523e+00 -9.6121610763e-01 -1.0719748558e+00  1.0289640783e-01 -7.4590349450e-01 -1.6702085815e+00  4.8678918073e+00  2.2934822901e-01  2.5769080750e+00  6.3751043567e+00  1.5424100360e+00  1.0366569179e+00  2.9441230597e+00 -1.0079241564e+00  1.6116722790e+00  5.8566829266e+00  1.5201531865e+00 -1.4123744469e+00  8.1250248911e-01 -1.5771752643e-01  1.2570725932e+00  9.2082645063e-01 -1.9228122174e+00  1.1438057673e+00 -5.9905249509e-01 -1.0905083775e+00  7.1248191601e-01  2.3941685047e+00 -8.2589090539e-01 -2.0762748204e+00
ENERGY -4.563833286316e+02

JOB 21
COORDS  4.6696169064e+00  2.3018979011e-01  1.4952769204e+00  5.5056421851e+00  9.8696922570e-01  6.6870662554e-01  3.5707768031e+00 -4.2636180952e-01  9.4552348445e-01  5.1999174494e+00  1.0338446321e+00 -6.9244808174e-01  3.3260653425e+00 -2.7481456875e-01 -4.3097362596e-01  9.0116429456e-01 -9.6506140029e-01 -7.8981930797e-01  4.9244182947e-01 -9.5777357175e-01  6.6745675660e-01  4.1377340547e+00  4.2678697166e-01 -1.2359540674e+00  2.2596115672e+00 -8.9599179899e-01 -1.1135730848e+00  7.9571874485e-02 -1.0380669635e+00 -1.6952932429e+00  4.8802572869e+00  1.3302065137e-01  2.5571730459e+00  6.3745431060e+00  1.5076223337e+00  1.0587932685e+00  2.9457306895e+00 -1.0595543576e+00  1.5614356449e+00  5.8336546954e+00  1.5861395791e+00 -1.3844065158e+00  8.6502929112e-01 -6.7286030681e-02  1.1819674083e+00  8.8140763802e-01 -1.8384767214e+00  1.1873968353e+00 -5.9644403245e-01 -9.7138766093e-01  7.0726547757e-01  2.3731710863e+00 -7.9181324770e-01 -2.1203092384e+00
ENERGY -4.563857578294e+02

JOB 22
COORDS  4.6769540860e+00  2.1654147374e-01  1.4858759973e+00  5.5312155258e+00  9.6132143506e-01  6.6772607605e-01  3.5557927164e+00 -3.9888031402e-01  9.3327189957e-01  5.2196530288e+00  1.0381528913e+00 -6.9103024136e-01  3.3090400236e+00 -2.2052410906e-01 -4.3999842049e-01  9.0121996929e-01 -1.0263008034e+00 -7.8017241271e-01  4.9440733121e-01 -9.5580218555e-01  6.7674008066e-01  4.1385868397e+00  4.7054648735e-01 -1.2379292055e+00  2.2270293061e+00 -7.9084192705e-01 -1.1325605928e+00  9.2624353190e-02 -1.2858754813e+00 -1.6645342513e+00  4.8889653795e+00  9.6750300278e-02  2.5451783818e+00  6.4168041718e+00  1.4501056075e+00  1.0613837920e+00  2.9173122275e+00 -1.0203772678e+00  1.5463166233e+00  5.8657532727e+00  1.5825135246e+00 -1.3778967524e+00  8.5215976486e-01 -4.1773010899e-02  1.1583056092e+00  8.8966608340e-01 -1.8126699448e+00  1.2312532645e+00 -5.9424135877e-01 -9.8960275017e-01  7.1386367708e-01  2.3390370501e+00 -7.1595006936e-01 -2.1410810843e+00
ENERGY -4.563869303240e+02

JOB 23
COORDS  4.1759245148e+00  1.6610161701e+00  2.1179366935e-01  5.5077410818e+00  1.2696345353e+00  3.7349983725e-01  3.1964798609e+00  7.0151203538e-01 -3.6398724187e-02  5.7973163292e+00 -9.1574798986e-02  2.5974590900e-01  3.5905013915e+00 -6.4800943589e-01 -9.1071546166e-02  1.3603242113e+00 -1.9230382660e+00 -1.8228484832e-01  5.0278998508e-01 -8.1316843218e-01  3.9048032960e-01  4.8716909451e+00 -1.0310127402e+00  3.8504082180e-02  2.7255975630e+00 -1.7242673833e+00 -3.3775455167e-01  8.8154160452e-01 -3.0079710313e+00 -4.9650615916e-01  3.8977253868e+00  2.7105981355e+00  2.6061702994e-01  6.2967331906e+00  1.9904936440e+00  5.6311452550e-01  2.1727792755e+00  1.0026803225e+00 -2.0991604806e-01  6.8214984394e+00 -4.4987807964e-01  3.5105557962e-01  9.8193132106e-01 -3.0834917950e-01  1.2330415501e+00 -4.3614258662e-01 -1.2633231392e+00  7.1305309931e-01  2.7705658676e-01 -6.6828567566e-02 -3.7789767559e-01  3.2204998231e+00 -2.5788234954e+00 -5.8047746481e-01
ENERGY -4.563870859463e+02

