JOB 0
COORDS  2.1312065529e-01 -5.1666519676e-01  8.9420273022e-01  1.4962892629e+00 -3.6026752826e-01  2.9728869950e+00 -4.5834178229e-01 -1.5103401878e+00  1.6067669386e+00  1.2716474619e+00  5.6911193955e-02  1.6529271355e+00  4.3339257437e-01 -1.0708633085e+00  3.5825845723e+00 -7.0281004887e-01 -1.2613297922e+00  2.9170175605e+00  1.6194517608e+00 -5.9376462302e-01  5.9215955604e+00  5.5473534833e-01 -2.8890289597e+00  5.3207625798e+00  3.5778098804e-01 -1.1982408670e+00  5.4072241193e+00  2.3320199221e+00  1.2315045020e+00  9.1935109398e-01  1.4018443019e-01 -4.0186270386e-01 -1.8131461249e-01  2.3740473403e+00 -6.5226996862e-02  3.5371806014e+00 -1.2190837550e+00 -2.1131886563e+00  1.1042138132e+00  2.6072859108e-01 -3.2580346960e+00  6.1750521030e+00
ENERGY -1.256429930061e+03

JOB 1
COORDS  2.5717657372e-01 -5.4362844786e-01  9.1334910256e-01  1.4725721435e+00 -3.3851075120e-01  3.0063541568e+00 -5.2879582760e-01 -1.4720690124e+00  1.6023852401e+00  1.3054223032e+00  2.2175530863e-02  1.6649778870e+00  4.0718779297e-01 -1.0442661052e+00  3.5857359708e+00 -7.1582775534e-01 -1.3293935281e+00  2.9302350313e+00  1.5607623886e+00 -5.3436275069e-01  5.9312744127e+00  6.5095278304e-01 -2.8858990459e+00  5.2954191031e+00  3.4074979523e-01 -1.2139933190e+00  5.4086881251e+00  2.4165940612e+00  1.1378730928e+00  9.1412778153e-01  1.9181824037e-01 -4.2035176931e-01 -1.6203262791e-01  2.3232888051e+00 -2.3933674521e-02  3.6015437800e+00 -1.3134598224e+00 -2.0135661038e+00  1.0723906251e+00  3.6670171988e-01 -3.2906152479e+00  6.1366959312e+00
ENERGY -1.256455544103e+03

JOB 2
COORDS  2.7321282871e-01 -5.6260946819e-01  9.1007427351e-01  1.4330507499e+00 -3.0919859359e-01  3.0239835580e+00 -5.9459037231e-01 -1.4239696456e+00  1.5872987471e+00  1.3157155567e+00 -6.0505910624e-03  1.6650936710e+00  3.7508915221e-01 -1.0304033027e+00  3.5831700487e+00 -7.1755519614e-01 -1.4010788259e+00  2.9244578503e+00  1.5063017984e+00 -4.9611966929e-01  5.9301588278e+00  7.1495658678e-01 -2.8846852509e+00  5.2694452864e+00  3.2061217872e-01 -1.2327946678e+00  5.4046552180e+00  2.4800727042e+00  1.0463107401e+00  9.0158162487e-01  2.2176481266e-01 -4.3343553297e-01 -1.6545846825e-01  2.2583506173e+00  3.2997527625e-02  3.6399639929e+00 -1.3905988681e+00 -1.9248941223e+00  1.0382476246e+00  4.5217728054e-01 -3.3144846115e+00  6.1052790506e+00
ENERGY -1.256471892510e+03

JOB 3
COORDS  3.0181776214e-01 -5.8390428413e-01  9.2864865820e-01  1.4150224391e+00 -2.8533832653e-01  3.0540931169e+00 -6.3969659108e-01 -1.3714931102e+00  1.5980161996e+00  1.3456107141e+00 -3.8458043763e-02  1.6822729329e+00  3.6058321951e-01 -1.0156168267e+00  3.5979667325e+00 -7.0015197057e-01 -1.4613813790e+00  2.9343660691e+00  1.4466948170e+00 -4.4514375869e-01  5.9558888261e+00  8.1864564915e-01 -2.8723440922e+00  5.2588384319e+00  3.1416936680e-01 -1.2526775437e+00  5.4167790171e+00  2.5640837298e+00  9.4120518673e-01  9.0645659055e-01  2.5394560817e-01 -4.4845313242e-01 -1.4651291867e-01  2.2157530795e+00  8.4179298750e-02  3.6868191000e+00 -1.4567775056e+00 -1.8290072328e+00  1.0436986049e+00  5.6294919467e-01 -3.3373044791e+00  6.0778601779e+00
ENERGY -1.256480899498e+03

JOB 4
COORDS  3.1995079188e-01 -6.2695150084e-01  9.3385576725e-01  1.3965513868e+00 -2.7603822226e-01  3.0673537422e+00 -6.8164896131e-01 -1.3307185085e+00  1.6093971345e+00  1.3701534451e+00 -9.3424966560e-02  1.6848384634e+00  3.4618739799e-01 -1.0140700152e+00  3.6052537779e+00 -6.7843821033e-01 -1.5287037483e+00  2.9349664101e+00  1.3912700924e+00 -4.0181435294e-01  5.9680363006e+00  9.1587225654e-01 -2.8579918961e+00  5.2510052651e+00  3.1156606364e-01 -1.2743146843e+00  5.4217457369e+00  2.6425083164e+00  8.0267975885e-01  8.9477518354e-01  2.7481897680e-01 -4.9288585677e-01 -1.4172837879e-01  2.1758990662e+00  1.2350290180e-01  3.7086474747e+00 -1.5201541232e+00 -1.7506918208e+00  1.0578968423e+00  6.6764312752e-01 -3.3526320018e+00  6.0547798069e+00
ENERGY -1.256483699657e+03

JOB 5
COORDS  3.3361212600e-01 -6.4094340668e-01  9.3503964251e-01  1.3650892139e+00 -2.4982661448e-01  3.0843775371e+00 -7.1585326698e-01 -1.2666627766e+00  1.6151383580e+00  1.3851977733e+00 -1.2097418087e-01  1.6953360533e+00  3.2124629177e-01 -1.0067293166e+00  3.6102151741e+00 -6.5425158910e-01 -1.5842252594e+00  2.9169009986e+00  1.3206290306e+00 -3.7825444158e-01  5.9862209146e+00  9.8244906805e-01 -2.8477389448e+00  5.2302717104e+00  2.9339280585e-01 -1.3011433075e+00  5.4218152866e+00  2.7086281357e+00  7.0229227014e-01  9.1049121753e-01  2.9421292470e-01 -5.0020807126e-01 -1.3992768399e-01  2.1200778503e+00  1.7857889331e-01  3.7359731011e+00 -1.5715174232e+00 -1.6511615992e+00  1.0634489854e+00  7.5094811439e-01 -3.3700569289e+00  6.0215326082e+00
ENERGY -1.256480632533e+03

JOB 6
COORDS  3.4362938710e-01 -6.5917585822e-01  9.4195095088e-01  1.3225605274e+00 -2.3923357682e-01  3.1195916134e+00 -7.4401925849e-01 -1.2009395120e+00  1.6324654244e+00  1.3926623576e+00 -1.5722078778e-01  1.7266180202e+00  2.7961447594e-01 -1.0130238795e+00  3.6332832152e+00 -6.3133680297e-01 -1.6400080253e+00  2.8970186360e+00  1.2121011136e+00 -3.7823264477e-01  6.0293546517e+00  1.0459600490e+00 -2.8486493836e+00  5.2186334313e+00  2.5453648216e-01 -1.3552303885e+00  5.4354592955e+00  2.7690806048e+00  5.9835712449e-01  9.6474257102e-01  3.1488960874e-01 -5.0022752381e-01 -1.3048338423e-01  2.0534951755e+00  2.1579696904e-01  3.7801720455e+00 -1.6183161624e+00 -1.5405525552e+00  1.0787947277e+00  8.2099666708e-01 -3.4120291221e+00  5.9831980585e+00
ENERGY -1.256471327962e+03

JOB 7
COORDS  3.5089991156e-01 -6.8614068097e-01  9.2989106575e-01  1.2937841352e+00 -2.0905528312e-01  3.1177709263e+00 -7.6069680747e-01 -1.1372524950e+00  1.6476720565e+00  1.4042309070e+00 -1.8869642820e-01  1.7229310150e+00  2.5863720866e-01 -1.0026521808e+00  3.6318340899e+00 -5.8413833921e-01 -1.6902519621e+00  2.8648513239e+00  1.1483688783e+00 -3.5290690080e-01  6.0360407000e+00  1.1080306097e+00 -2.8221415847e+00  5.1987903866e+00  2.4450225563e-01 -1.3712707181e+00  5.4280981600e+00  2.8199132777e+00  4.9664902113e-01  9.6853423687e-01  3.1956668330e-01 -5.2903342816e-01 -1.4269342869e-01  2.0039594207e+00  2.7902623197e-01  3.7770012263e+00 -1.6577889617e+00 -1.4524881803e+00  1.1129356009e+00  9.0267684707e-01 -3.4063411815e+00  5.9532956672e+00
ENERGY -1.256454607202e+03

JOB 8
COORDS  3.5420822694e-01 -7.2077175748e-01  9.0940066267e-01  1.2599762151e+00 -1.8350196120e-01  3.1207867972e+00 -7.6426818743e-01 -1.0671685826e+00  1.6674014657e+00  1.4095155352e+00 -2.2392408852e-01  1.7265299651e+00  2.2356479836e-01 -9.9089943543e-01  3.6456656127e+00 -5.2983201478e-01 -1.7239046429e+00  2.8305259319e+00  1.0628337481e+00 -3.3811591620e-01  6.0625177166e+00  1.1790139116e+00 -2.7918099090e+00  5.1809560774e+00  2.2835078818e-01 -1.4002464460e+00  5.4319445269e+00  2.8601300631e+00  4.0453347712e-01  9.9004776175e-01  3.2210850137e-01 -5.5330280742e-01 -1.6127869326e-01  1.9539655730e+00  3.3723049160e-01  3.7715116054e+00 -1.6937667254e+00 -1.3436453605e+00  1.1626222929e+00  9.9155070970e-01 -3.4096256786e+00  5.9130978052e+00
ENERGY -1.256428529915e+03

