JOB 0
COORDS  1.6809065021e+00 -4.8476991881e-01  1.5083264992e+00  1.5525543420e-01 -1.6695799242e-01  1.8373207444e+00  1.8363681513e+00 -4.3334873733e-01 -7.7513015294e-02 -4.4990685630e-01 -4.0335396229e-01  4.5755019139e-01  5.6774389475e-01  3.3444894039e-01 -4.3659814999e-01 -9.0286691694e-01  2.2877106072e-01 -8.5011327783e-01 -1.6770051590e+00  1.5244052630e+00 -9.2526326287e-01 -1.3905303820e+00 -6.4235472759e-01 -1.8354999991e+00  2.3424232656e+00  2.4486334500e-01  1.9867189965e+00  1.9648269141e+00 -1.4690827702e+00  1.8955347197e+00 -2.3903646889e-01 -8.2665573579e-01  2.6176843647e+00  3.1609104209e-02  8.6620808628e-01  2.1747635948e+00  2.7580891760e+00  7.6240344102e-02 -3.7763328807e-01  1.8591164795e+00 -1.4417925246e+00 -5.0184490104e-01 -3.4841789052e-01 -1.4755030180e+00  2.4421064724e-01  6.8101097997e-01  1.3494217478e+00 -4.8377676960e-02 -1.5127676084e+00  2.0073290360e+00 -1.8935657201e+00 -1.3777495406e+00  2.2109906751e+00 -1.3055859618e-01 -2.7436572064e+00  1.3076622309e+00 -8.1908718932e-01 -1.0749711842e+00 -1.5397923022e+00 -1.6447374143e+00
ENERGY -3.491468683402e+02

JOB 1
COORDS  1.6737567411e+00 -4.9236319373e-01  1.4957857878e+00  1.4264590328e-01 -1.8503581839e-01  1.8108333189e+00  1.8457476639e+00 -4.2696834186e-01 -8.7925555897e-02 -4.4443712719e-01 -4.1399731940e-01  4.2254538877e-01  5.7798022463e-01  3.3844005841e-01 -4.5430480048e-01 -8.8879034804e-01  2.2897963063e-01 -8.8010889426e-01 -1.6660352148e+00  1.5244498250e+00 -9.4649905968e-01 -1.3596180984e+00 -6.3912650318e-01 -1.8799070001e+00  2.3256991914e+00  2.3679482131e-01  1.9878478638e+00  1.9586145801e+00 -1.4783893251e+00  1.8780334429e+00 -2.5679361876e-01 -8.5291740904e-01  2.5816188581e+00  9.7173763757e-03  8.4479605759e-01  2.1546998250e+00  2.7681388228e+00  8.9706348339e-02 -3.7340962312e-01  1.8765747977e+00 -1.4308824727e+00 -5.2179254822e-01 -3.2684855861e-01 -1.4826670825e+00  1.9978242618e-01  6.8233484906e-01  1.3498928902e+00 -5.4517677804e-02 -1.5173207655e+00  2.0039840063e+00 -1.9190797665e+00 -1.3565021442e+00  2.2163214264e+00 -1.6014303134e-01 -2.7307492566e+00  1.3062325000e+00 -8.2499091783e-01 -1.2509275017e+00 -1.5545880071e+00 -1.5803053316e+00
ENERGY -3.491460079746e+02

JOB 2
COORDS  1.6797774019e+00 -4.8749345103e-01  1.5024925215e+00  1.4409435656e-01 -1.9531447186e-01  1.8121376666e+00  1.8581266747e+00 -4.1071780185e-01 -8.0391739322e-02 -4.3352465171e-01 -4.2331832088e-01  4.1974336898e-01  5.8617991018e-01  3.4679985711e-01 -4.4567773024e-01 -8.7433222120e-01  2.2535768779e-01 -8.8004217560e-01 -1.6569780981e+00  1.5183230324e+00 -9.5201060437e-01 -1.3119449732e+00 -6.5300971602e-01 -1.8910499482e+00  2.3225995253e+00  2.4436766999e-01  2.0025758340e+00  1.9713687351e+00 -1.4733388737e+00  1.8801855431e+00 -2.5259296772e-01 -8.7163858749e-01  2.5770484286e+00  2.1934395392e-05  8.3107711723e-01  2.1616309140e+00  2.7771281307e+00  1.1605257881e-01 -3.5812075686e-01  1.8975021212e+00 -1.4108332765e+00 -5.2156467922e-01 -2.9860380965e-01 -1.4869580588e+00  1.8687126954e-01  6.8024077841e-01  1.3558451178e+00 -3.7295938857e-02 -1.5008078753e+00  1.9958052021e+00 -1.9244272663e+00 -1.3583014314e+00  2.2140879334e+00 -1.6447274870e-01 -2.7227252156e+00  1.2981753747e+00 -8.4120601884e-01 -1.4241350823e+00 -1.5377706071e+00 -1.5135971042e+00
ENERGY -3.491453123983e+02

JOB 3
COORDS  1.6814528035e+00 -4.9027182719e-01  1.4931489824e+00  1.4386849314e-01 -2.0562833150e-01  1.8019556568e+00  1.8606326833e+00 -4.0416405322e-01 -8.9080908501e-02 -4.3214161532e-01 -4.3431016236e-01  4.0912472973e-01  5.8623939499e-01  3.4970118230e-01 -4.4982216678e-01 -8.6483086025e-01  2.1950362785e-01 -8.9156349592e-01 -1.6527955397e+00  1.5096589410e+00 -9.7361081377e-01 -1.2591728817e+00 -6.7347863451e-01 -1.9116485362e+00  2.3207149983e+00  2.4096357354e-01  1.9988448648e+00  1.9762382503e+00 -1.4773672934e+00  1.8650795552e+00 -2.5017347955e-01 -8.8605291962e-01  2.5646098219e+00 -4.6955428537e-03  8.1898699491e-01  2.1548354690e+00  2.7775226852e+00  1.2830856114e-01 -3.6305198995e-01  1.9027288945e+00 -1.4008971594e+00 -5.3691538513e-01 -2.8705460698e-01 -1.4932295814e+00  1.6695926245e-01  6.7360742036e-01  1.3566744178e+00 -3.4756676718e-02 -1.4760400799e+00  1.9920243420e+00 -1.9399798797e+00 -1.3771136283e+00  2.2034404434e+00 -1.7551505251e-01 -2.7208039107e+00  1.2865452185e+00 -8.8895520791e-01 -1.5941825436e+00 -1.4843776267e+00 -1.5018639013e+00
ENERGY -3.491452421173e+02

JOB 4
COORDS  1.6836070468e+00 -4.8858481553e-01  1.4896222544e+00  1.4562803383e-01 -2.0916750573e-01  1.8025425143e+00  1.8580783555e+00 -3.9766029067e-01 -9.2768696858e-02 -4.3468601047e-01 -4.4001817997e-01  4.1174225718e-01  5.8060615012e-01  3.5328250020e-01 -4.4580585992e-01 -8.6172790797e-01  2.1626420605e-01 -8.9216482644e-01 -1.6572745961e+00  1.5017242568e+00 -9.8390776620e-01 -1.2119686182e+00 -6.9211540390e-01 -1.9156826076e+00  2.3219929665e+00  2.4302251211e-01  1.9960898147e+00  1.9822687538e+00 -1.4759642700e+00  1.8576241680e+00 -2.4371638514e-01 -8.9214137331e-01  2.5653370649e+00 -4.7513922166e-03  8.1432045096e-01  2.1581061493e+00  2.7725351477e+00  1.3867492574e-01 -3.6758445626e-01  1.9000767641e+00 -1.3922853665e+00 -5.4454092929e-01 -2.8691332195e-01 -1.4955883835e+00  1.6260808696e-01  6.6416201991e-01  1.3592846321e+00 -2.7509727109e-02 -1.4619070055e+00  1.9905008038e+00 -1.9433391231e+00 -1.4054309222e+00  2.1922442919e+00 -1.7479555143e-01 -2.7267339446e+00  1.2747400317e+00 -9.2349473676e-01 -1.7550636766e+00 -1.3936484212e+00 -1.5252182644e+00
ENERGY -3.491458904876e+02

JOB 5
COORDS  1.6864468393e+00 -4.8743710954e-01  1.4881097125e+00  1.4962907922e-01 -2.0785459061e-01  1.8073055219e+00  1.8536567307e+00 -3.9757499259e-01 -9.4934455137e-02 -4.3915837813e-01 -4.4241399275e-01  4.2032322020e-01  5.7413003708e-01  3.5221165190e-01 -4.4049684722e-01 -8.5984432285e-01  2.1206993160e-01 -8.9153530665e-01 -1.6671563508e+00  1.4897733821e+00 -9.9022816884e-01 -1.1741682570e+00 -7.1048700788e-01 -1.9121776129e+00  2.3273660149e+00  2.4419640179e-01  1.9915291380e+00  1.9866913999e+00 -1.4748006569e+00  1.8547412158e+00 -2.3558888465e-01 -8.8995826331e-01  2.5729511629e+00  1.4291118511e-03  8.1599752996e-01  2.1630637883e+00  2.7668401161e+00  1.3872580084e-01 -3.7436432760e-01  1.8920271162e+00 -1.3919685746e+00 -5.4688646494e-01 -2.9573077427e-01 -1.4970112352e+00  1.6902479457e-01  6.5675185088e-01  1.3588084308e+00 -2.3294851792e-02 -1.4614204164e+00  1.9873683075e+00 -1.9429796584e+00 -1.4368884383e+00  2.1767091413e+00 -1.7147847287e-01 -2.7362563880e+00  1.2545031521e+00 -9.4692285125e-01 -1.8940654857e+00 -1.2761475796e+00 -1.5896624177e+00
ENERGY -3.491468930070e+02

JOB 6
COORDS  1.6923705231e+00 -4.8540942417e-01  1.4893597878e+00  1.5686583158e-01 -2.0340271799e-01  1.8131077490e+00  1.8542077629e+00 -4.0060011350e-01 -9.4381247989e-02 -4.3904792297e-01 -4.4259636838e-01  4.2943459342e-01  5.7308241966e-01  3.4768812869e-01 -4.3600477300e-01 -8.5440456104e-01  2.0611337004e-01 -8.9298527338e-01 -1.6747183620e+00  1.4747284454e+00 -9.9657649617e-01 -1.1436900733e+00 -7.2853551214e-01 -1.9065559358e+00  2.3363337748e+00  2.4663606219e-01  1.9884355521e+00  1.9926494538e+00 -1.4722250403e+00  1.8573054234e+00 -2.2570011836e-01 -8.8288838698e-01  2.5823916738e+00  1.1702648184e-02  8.2163925225e-01  2.1671012464e+00  2.7667043345e+00  1.3437480526e-01 -3.7889364531e-01  1.8894169761e+00 -1.3961523925e+00 -5.4355301894e-01 -3.0381291898e-01 -1.4979872391e+00  1.7986821771e-01  6.5580015742e-01  1.3560326476e+00 -2.2931296464e-02 -1.4695558810e+00  1.9783964519e+00 -1.9464338838e+00 -1.4576458589e+00  2.1608008413e+00 -1.7356277491e-01 -2.7425315724e+00  1.2302382338e+00 -9.5738393856e-01 -1.9978628389e+00 -1.1397816974e+00 -1.6931978811e+00
ENERGY -3.491477201298e+02

JOB 7
COORDS  1.7066681769e+00 -4.7795725964e-01  1.5010508364e+00  1.7147198516e-01 -1.9650756539e-01  1.8255916691e+00  1.8653311049e+00 -4.0584001036e-01 -8.3468402085e-02 -4.2795736348e-01 -4.4878499003e-01  4.4560154460e-01  5.8079935801e-01  3.3525945995e-01 -4.2877918628e-01 -8.4392401059e-01  1.8626479013e-01 -8.8715298379e-01 -1.6780656936e+00  1.4450558017e+00 -9.9456652237e-01 -1.1206141845e+00 -7.6103052250e-01 -1.8890738470e+00  2.3508146986e+00  2.5880703750e-01  1.9930020922e+00  2.0092462926e+00 -1.4614981102e+00  1.8757332736e+00 -2.0760029979e-01 -8.6984475083e-01  2.6020045794e+00  2.5382482348e-02  8.3141626690e-01  2.1711565854e+00  2.7757352040e+00  1.2944402197e-01 -3.7435207715e-01  1.9026518886e+00 -1.4049899535e+00 -5.2420705683e-01 -2.9732047024e-01 -1.5062807583e+00  2.0426774281e-01  6.6035027708e-01  1.3476363357e+00 -2.4960378854e-02 -1.4830350406e+00  1.9507023277e+00 -1.9457800324e+00 -1.4664699206e+00  2.1343469762e+00 -1.7308943647e-01 -2.7438391534e+00  1.1904710586e+00 -9.4734745775e-01 -2.0575133134e+00 -1.0083411745e+00 -1.8124196757e+00
ENERGY -3.491479823081e+02

JOB 8
COORDS  1.7113944068e+00 -4.7427178379e-01  1.5033327015e+00  1.7766720036e-01 -1.8997256551e-01  1.8315881412e+00  1.8647691187e+00 -4.1271399587e-01 -8.2041533945e-02 -4.2813274869e-01 -4.4985253626e-01  4.5549155446e-01  5.7839119953e-01  3.2510643844e-01 -4.2751938997e-01 -8.4592347493e-01  1.7394034285e-01 -8.8530432966e-01 -1.6884341590e+00  1.4264636472e+00 -9.9345120202e-01 -1.1260481782e+00 -7.8606683299e-01 -1.8728573913e+00  2.3581729606e+00  2.6501300028e-01  1.9880595717e+00  2.0144487502e+00 -1.4556900252e+00  1.8830742527e+00 -1.9877629626e-01 -8.5796133571e-01  2.6138908732e+00  3.4009441454e-02  8.4034911690e-01  2.1713372094e+00  2.7742958261e+00  1.2032615575e-01 -3.7991663482e-01  1.9005173412e+00 -1.4150134960e+00 -5.1571659369e-01 -3.0499260316e-01 -1.5097442708e+00  2.2131286357e-01  6.5850867159e-01  1.3408603908e+00 -3.2005526733e-02 -1.5072661286e+00  1.9325094374e+00 -1.9476915104e+00 -1.4735796440e+00  2.1197303291e+00 -1.7656556982e-01 -2.7522687083e+00  1.1653347124e+00 -9.3132398768e-01 -2.0912725810e+00 -8.6584068912e-01 -1.9476922989e+00
ENERGY -3.491475392810e+02

JOB 9
COORDS  1.7137797418e+00 -4.7206795650e-01  1.5027672545e+00  1.8138524707e-01 -1.8613126813e-01  1.8351803760e+00  1.8619615796e+00 -4.1896924622e-01 -8.3508503134e-02 -4.2893683346e-01 -4.5135432002e-01  4.6192718015e-01  5.7390947073e-01  3.1565026923e-01 -4.2931041669e-01 -8.5455624440e-01  1.6006943867e-01 -8.8111950102e-01 -1.6992629980e+00  1.4101422927e+00 -9.9430532579e-01 -1.1495743493e+00 -8.1600485378e-01 -1.8498728225e+00  2.3625544897e+00  2.6951154105e-01  1.9812843730e+00  2.0177103392e+00 -1.4515695551e+00  1.8867156111e+00 -1.9247263149e-01 -8.5063585620e-01  2.6216741968e+00  3.9137681930e-02  8.4583062020e-01  2.1707292536e+00  2.7706024973e+00  1.1226735305e-01 -3.8739163864e-01  1.8967858905e+00 -1.4239941994e+00 -5.1108043510e-01 -3.1180878664e-01 -1.5134118340e+00  2.3407072286e-01  6.5465939423e-01  1.3343225069e+00 -4.1040814851e-02 -1.5307122298e+00  1.9081653384e+00 -1.9556324601e+00 -1.4737378257e+00  2.1130497790e+00 -1.8899596367e-01 -2.7617941838e+00  1.1487088111e+00 -9.1288257993e-01 -2.0875319860e+00 -7.3651025504e-01 -2.0849432564e+00
ENERGY -3.491465653399e+02

JOB 10
COORDS  1.6655647022e+00 -5.2254815507e-01  1.5548188501e+00  1.3825271112e-01 -1.6990158299e-01  1.8427128432e+00  1.8509139258e+00 -5.2366316320e-01 -2.8534484070e-02 -4.4834758273e-01 -4.5197420350e-01  4.6321167316e-01  6.0075590066e-01  2.4880825527e-01 -4.2872356975e-01 -8.3301630828e-01  1.3323343352e-01 -8.9585208562e-01 -1.6156513477e+00  1.4176921804e+00 -1.0596255213e+00 -1.1727726156e+00 -8.6485959987e-01 -1.8297997498e+00  2.3308765713e+00  2.0917104063e-01  2.0256829019e+00  1.9237046907e+00 -1.5001592787e+00  1.9754173059e+00 -2.7851189288e-01 -7.9611223574e-01  2.6390216683e+00  2.7690277082e-02  8.7639317064e-01  2.1440442968e+00  2.7862649626e+00 -3.7150976052e-02 -3.2630216726e-01  1.8572717730e+00 -1.5422957708e+00 -4.2445659694e-01 -3.6955017497e-01 -1.5245075688e+00  2.6958547239e-01  7.1336275793e-01  1.2750162305e+00 -6.8793016250e-02 -1.4091422854e+00  1.8806268187e+00 -2.0315811958e+00 -1.3671148355e+00  2.1337993678e+00 -2.7330001595e-01 -2.6900633609e+00  1.2086616734e+00 -9.8566604744e-01 -2.0104144513e+00 -6.1921547506e-01 -2.2506245189e+00
ENERGY -3.491455279911e+02

JOB 11
COORDS  1.6733837506e+00 -5.1335031429e-01  1.5606188757e+00  1.4619157051e-01 -1.6512600209e-01  1.8536428821e+00  1.8510435054e+00 -5.2426674802e-01 -2.3863330994e-02 -4.4172466535e-01 -4.5611191948e-01  4.7750770244e-01  5.9786844521e-01  2.4293766912e-01 -4.2643057610e-01 -8.5204532499e-01  1.1753576728e-01 -8.6784050801e-01 -1.6241898707e+00  1.4075950506e+00 -1.0392397366e+00 -1.2266999380e+00 -8.9415848571e-01 -1.7765576113e+00  2.3373164410e+00  2.2490203975e-01  2.0230433766e+00  1.9378348282e+00 -1.4866534803e+00  1.9873390705e+00 -2.6526946602e-01 -7.8900213664e-01  2.6545141778e+00  3.2211535421e-02  8.8236619491e-01  2.1491794854e+00  2.7842352611e+00 -3.7988086773e-02 -3.2872912212e-01  1.8587483732e+00 -1.5459529251e+00 -4.1227442953e-01 -3.6057068859e-01 -1.5297752792e+00  2.9002329642e-01  7.1003656695e-01  1.2716871554e+00 -7.3256594274e-02 -1.4245847136e+00  1.8540202807e+00 -2.0208205730e+00 -1.3553010654e+00  2.1351757471e+00 -2.7055129489e-01 -2.6990357722e+00  1.2105171116e+00 -9.4784718625e-01 -1.9278717654e+00 -5.4923303249e-01 -2.3488763595e+00
ENERGY -3.491450085162e+02

JOB 12
COORDS  1.6797288499e+00 -5.0230292508e-01  1.5657583982e+00  1.5256855808e-01 -1.5846526970e-01  1.8637384191e+00  1.8492949240e+00 -5.2504600380e-01 -1.9690398262e-02 -4.3658951382e-01 -4.6039104750e-01  4.9168611149e-01  5.9311945546e-01  2.3711658751e-01 -4.2491730391e-01 -8.7323642220e-01  1.0357577082e-01 -8.3855546545e-01 -1.6347563489e+00  1.3997527713e+00 -1.0154753247e+00 -1.2836267057e+00 -9.1774680331e-01 -1.7214329937e+00  2.3418476267e+00  2.4348614543e-01  2.0184588392e+00  1.9512151957e+00 -1.4704438087e+00  1.9998374054e+00 -2.5326159371e-01 -7.7928335266e-01  2.6698228141e+00  3.4910868374e-02  8.9036718500e-01  2.1525709451e+00  2.7801725031e+00 -3.9385516785e-02 -3.3248825415e-01  1.8579786003e+00 -1.5500661190e+00 -3.9963995320e-01 -3.5193056885e-01 -1.5348944549e+00  3.1021171923e-01  7.0554860973e-01  1.2683710559e+00 -7.9007475239e-02 -1.4431644959e+00  1.8304664390e+00 -2.0060544439e+00 -1.3462544740e+00  2.1373956191e+00 -2.6373786842e-01 -2.7095377649e+00  1.2136994563e+00 -9.0880157057e-01 -1.8116969149e+00 -5.1527262989e-01 -2.4273098097e+00
ENERGY -3.491453168858e+02

JOB 13
COORDS  1.6728694750e+00 -5.0902508965e-01  1.5535381036e+00  1.4783049584e-01 -1.5915054890e-01  1.8553443879e+00  1.8366311101e+00 -5.3745270109e-01 -3.2535704089e-02 -4.4299248399e-01 -4.6262789544e-01  4.8567563206e-01  5.8377783194e-01  2.3112103088e-01 -4.3867668928e-01 -8.9569495703e-01  1.0236926795e-01 -8.3050624085e-01 -1.6461690927e+00  1.4060770264e+00 -1.0028284286e+00 -1.3391485502e+00 -9.1916502469e-01 -1.6962481167e+00  2.3381941502e+00  2.3695016128e-01  2.0011027687e+00  1.9434396774e+00 -1.4761837251e+00  1.9904382445e+00 -2.5844808601e-01 -7.7693137163e-01  2.6634700682e+00  3.4338007585e-02  8.9072494584e-01  2.1416652695e+00  2.7693737478e+00 -5.8120475009e-02 -3.4956507792e-01  1.8388384193e+00 -1.5638543657e+00 -4.0912769841e-01 -3.6150896212e-01 -1.5373668661e+00  3.0508071645e-01  7.0261273457e-01  1.2621156891e+00 -9.4265733896e-02 -1.4655689065e+00  1.8284562959e+00 -1.9993131019e+00 -1.3381150142e+00  2.1473643811e+00 -2.6233498259e-01 -2.7202326110e+00  1.2288627171e+00 -8.8180813520e-01 -1.6663475141e+00 -5.0024307633e-01 -2.5078319383e+00
ENERGY -3.491462260499e+02

JOB 14
COORDS  1.6855836031e+00 -4.8076134322e-01  1.5663082398e+00  1.6105031625e-01 -1.3354833101e-01  1.8736822939e+00  1.8379100838e+00 -5.2979975614e-01 -2.0339428819e-02 -4.3612107557e-01 -4.5747165091e-01  5.1251159487e-01  5.8110726506e-01  2.3215902256e-01 -4.2893484904e-01 -9.0567297435e-01  9.6558314786e-02 -7.9812674458e-01 -1.6609674752e+00  1.3989448818e+00 -9.6507020051e-01 -1.3689748881e+00 -9.3115324865e-01 -1.6449176309e+00  2.3499904363e+00  2.7501458716e-01  1.9984885168e+00  1.9645892342e+00 -1.4402552860e+00  2.0146911451e+00 -2.3751513204e-01 -7.4317080751e-01  2.6917494994e+00  4.4640246489e-02  9.1920227348e-01  2.1478011745e+00  2.7674207187e+00 -5.2761613813e-02 -3.5011196669e-01  1.8397957168e+00 -1.5610764288e+00 -3.8347710843e-01 -3.5030267687e-01 -1.5331373114e+00  3.4208846011e-01  7.0066795011e-01  1.2665740918e+00 -9.5619940713e-02 -1.4879504513e+00  1.8235207447e+00 -1.9619137301e+00 -1.3533539684e+00  2.1408438595e+00 -2.2460353618e-01 -2.7327977704e+00  1.2133012504e+00 -8.4233713513e-01 -1.4876093066e+00 -5.4804187046e-01 -2.5294632580e+00
ENERGY -3.491472032675e+02

JOB 15
COORDS  1.6787636625e+00 -4.8910677476e-01  1.5524749443e+00  1.5874816784e-01 -1.2982231489e-01  1.8688928380e+00  1.8199388553e+00 -5.4317807042e-01 -3.5242911199e-02 -4.5007713494e-01 -4.5477540306e-01  5.1326489451e-01  5.6592382677e-01  2.2812071780e-01 -4.3561574837e-01 -9.2178807675e-01  1.0415369584e-01 -7.9536491580e-01 -1.6763629548e+00  1.4090167910e+00 -9.4848201898e-01 -1.3994496957e+00 -9.1867092664e-01 -1.6407933507e+00  2.3516459724e+00  2.6272350979e-01  1.9783682467e+00  1.9537805674e+00 -1.4496386721e+00  2.0010799029e+00 -2.3833083754e-01 -7.3456380367e-01  2.6912491782e+00  5.1387441140e-02  9.2436042305e-01  2.1409559022e+00  2.7502435577e+00 -7.3265246321e-02 -3.7278258517e-01  1.8117695127e+00 -1.5754354566e+00 -3.9555124431e-01 -3.7191767148e-01 -1.5307707992e+00  3.4408390270e-01  6.9632944312e-01  1.2619741924e+00 -1.0526451818e-01 -1.5170460114e+00  1.8358416782e+00 -1.9463314139e+00 -1.3600050592e+00  2.1478853031e+00 -2.0818485011e-01 -2.7460996186e+00  1.2206589304e+00 -8.1564346808e-01 -1.2992703059e+00 -6.0358841693e-01 -2.5544256954e+00
ENERGY -3.491478277034e+02

JOB 16
COORDS  1.6856103424e+00 -4.7214947625e-01  1.5512517564e+00  1.6895830345e-01 -1.0648439336e-01  1.8755187664e+00  1.8145322782e+00 -5.3559730525e-01 -3.6873666026e-02 -4.5172255856e-01 -4.3877952429e-01  5.2728438635e-01  5.6168676306e-01  2.4049904591e-01 -4.3273815679e-01 -9.2432622762e-01  1.2009606421e-01 -7.8306620770e-01 -1.6870933245e+00  1.4217877951e+00 -9.2113691361e-01 -1.4059977927e+00 -8.9912524776e-01 -1.6331254618e+00  2.3637524887e+00  2.8031985858e-01  1.9676157098e+00  1.9617555590e+00 -1.4308813562e+00  2.0029849462e+00 -2.2433516925e-01 -7.0505844346e-01  2.7041221918e+00  6.6787185908e-02  9.4956168337e-01  2.1424026833e+00  2.7446301940e+00 -7.2157424414e-02 -3.8396293015e-01  1.7988519001e+00 -1.5697365885e+00 -3.9149021668e-01 -3.7654977128e-01 -1.5151414709e+00  3.6181868954e-01  6.9828312304e-01  1.2743227755e+00 -1.0546749997e-01 -1.5260764840e+00  1.8665160173e+00 -1.9104025567e+00 -1.3838883878e+00  2.1491837611e+00 -1.6357136411e-01 -2.7551570051e+00  1.2184215427e+00 -8.0047605327e-01 -1.0993488702e+00 -6.8601843575e-01 -2.5297860085e+00
ENERGY -3.491479518211e+02

JOB 17
COORDS  1.6877057572e+00 -4.6968842651e-01  1.5438149063e+00  1.7580784626e-01 -9.6038482844e-02  1.8797088762e+00  1.8035475964e+00 -5.3274084370e-01 -4.5199449215e-02 -4.5927282726e-01 -4.2514790875e-01  5.3689151924e-01  5.5161483266e-01  2.5117002079e-01 -4.2965572070e-01 -9.3147052214e-01  1.3902890825e-01 -7.7599544235e-01 -1.6979285031e+00  1.4391753729e+00 -9.0143405851e-01 -1.4149257531e+00 -8.6914003495e-01 -1.6407974466e+00  2.3736734078e+00  2.7841650869e-01  1.9551923910e+00  1.9622462492e+00 -1.4304872885e+00  1.9920633159e+00 -2.1393754086e-01 -6.9265169854e-01  2.7113411638e+00  8.1323630974e-02  9.6042349013e-01  2.1477468704e+00  2.7330218716e+00 -7.3884087319e-02 -3.9993202198e-01  1.7800993097e+00 -1.5668635319e+00 -3.9972716689e-01 -3.9148659182e-01 -1.5017737137e+00  3.7069392801e-01  6.9686159959e-01  1.2838161194e+00 -1.0302509314e-01 -1.5335957482e+00  1.8961618212e+00 -1.8839247252e+00 -1.4045000624e+00  2.1557475853e+00 -1.2944435006e-01 -2.7655168979e+00  1.2276366823e+00 -7.9140863880e-01 -9.2091967578e-01 -7.8424635226e-01 -2.4716091761e+00
ENERGY -3.491476873252e+02

JOB 18
COORDS  1.6917758337e+00 -4.6849499960e-01  1.5369312157e+00  1.8377645600e-01 -8.9901667647e-02  1.8836810761e+00  1.7975303012e+00 -5.2522650614e-01 -5.2904359366e-02 -4.6344603516e-01 -4.1077882656e-01  5.4384332026e-01  5.4505551179e-01  2.6450215377e-01 -4.2488618300e-01 -9.3469280918e-01  1.6027134623e-01 -7.7300072797e-01 -1.7045483883e+00  1.4578276842e+00 -8.8768868046e-01 -1.4197023341e+00 -8.3094180132e-01 -1.6575304639e+00  2.3843494522e+00  2.7434269614e-01  1.9467408436e+00  1.9648917172e+00 -1.4326506919e+00  1.9786993318e+00 -2.0315493605e-01 -6.8784403891e-01  2.7156158996e+00  9.5965191801e-02  9.6593872848e-01  2.1565505482e+00  2.7259832379e+00 -6.7820838337e-02 -4.1209381077e-01  1.7695924962e+00 -1.5583333487e+00 -4.1066476242e-01 -4.0296605951e-01 -1.4876501591e+00  3.7506084652e-01  6.9668479090e-01  1.2957773923e+00 -9.7363733084e-02 -1.5329478871e+00  1.9290543018e+00 -1.8616663410e+00 -1.4231805630e+00  2.1614144805e+00 -9.9360059404e-02 -2.7720403882e+00  1.2386552260e+00 -7.9214640709e-01 -7.7958867203e-01 -8.9852315522e-01 -2.3821705968e+00
ENERGY -3.491472753101e+02

JOB 19
COORDS  1.6844030722e+00 -4.7816926920e-01  1.5234753293e+00  1.7832341185e-01 -9.9524501222e-02  1.8765689238e+00  1.7868053503e+00 -5.2161573424e-01 -6.6779465212e-02 -4.7541236706e-01 -4.0635293125e-01  5.3558521355e-01  5.3381823263e-01  2.7254928812e-01 -4.2866540788e-01 -9.4289272757e-01  1.7550259568e-01 -7.8369745790e-01 -1.7117340645e+00  1.4726699672e+00 -8.9240505702e-01 -1.4300869501e+00 -7.9077655250e-01 -1.6931574890e+00  2.3801651474e+00  2.5917291062e-01  1.9377397033e+00  1.9562798714e+00 -1.4468172686e+00  1.9560338251e+00 -2.0767217793e-01 -7.0314199644e-01  2.7048372742e+00  9.3182391726e-02  9.5419675185e-01  2.1583503487e+00  2.7147645805e+00 -6.2480376633e-02 -4.2492502460e-01  1.7586592135e+00 -1.5524918726e+00 -4.3184032827e-01 -4.1882294989e-01 -1.4830880642e+00  3.6092163892e-01  6.8843854834e-01  1.3012275789e+00 -9.5016922114e-02 -1.5337518343e+00  1.9481060890e+00 -1.8626264696e+00 -1.4351266274e+00  2.1683912693e+00 -9.5665354701e-02 -2.7801126478e+00  1.2536506265e+00 -8.0459866654e-01 -6.9645210639e-01 -1.0288660270e+00 -2.2788414490e+00
ENERGY -3.491469878669e+02

JOB 20
COORDS  1.6891427696e+00 -4.7819257417e-01  1.5187148088e+00  1.8308010642e-01 -1.0625042824e-01  1.8781869731e+00  1.7904234248e+00 -5.0386473341e-01 -7.1893132147e-02 -4.7432002358e-01 -3.9765939636e-01  5.3446810458e-01  5.3336464838e-01  2.8853436638e-01 -4.2275067778e-01 -9.4076775827e-01  1.9393940488e-01 -7.8673669725e-01 -1.7096071954e+00  1.4899803645e+00 -8.9233805790e-01 -1.4307241482e+00 -7.4685929438e-01 -1.7172864140e+00  2.3847579505e+00  2.5528254265e-01  1.9399355982e+00  1.9628722023e+00 -1.4511821921e+00  1.9401552914e+00 -2.0042207443e-01 -7.1915769290e-01  2.7007791677e+00  9.6648433665e-02  9.4420494417e-01  2.1715511716e+00  2.7161817171e+00 -3.7828185296e-02 -4.2663339914e-01  1.7673819484e+00 -1.5316174033e+00 -4.4702424811e-01 -4.1722738006e-01 -1.4742068725e+00  3.5313184345e-01  6.8571226439e-01  1.3149000840e+00 -8.1148880783e-02 -1.5188694767e+00  1.9728348682e+00 -1.8560310641e+00 -1.4424889271e+00  2.1764763509e+00 -8.4824725610e-02 -2.7790902140e+00  1.2704779855e+00 -8.1926105578e-01 -6.6804908053e-01 -1.1617141560e+00 -2.1462116585e+00
ENERGY -3.491469877354e+02

JOB 21
COORDS  1.7033955810e+00 -4.7027195551e-01  1.5238972899e+00  1.9512090942e-01 -1.1061109717e-01  1.8869174975e+00  1.8082638830e+00 -4.7503430698e-01 -6.6717789608e-02 -4.6045533195e-01 -3.8647650074e-01  5.3817850997e-01  5.4469562366e-01  3.1001605067e-01 -4.0929999322e-01 -9.2818278117e-01  2.1399839624e-01 -7.8259504948e-01 -1.6980475203e+00  1.5088420766e+00 -8.8464591150e-01 -1.4218086499e+00 -7.0356077671e-01 -1.7289547133e+00  2.3952295632e+00  2.6079162138e-01  1.9552462719e+00  1.9806735226e+00 -1.4472195174e+00  1.9336470679e+00 -1.8599024241e-01 -7.3607822947e-01  2.7011031670e+00  1.0321088726e-01  9.3553431736e-01  2.1935909368e+00  2.7303228879e+00  3.6331931440e-03 -4.1388134493e-01  1.7963111828e+00 -1.4984994244e+00 -4.5456842598e-01 -3.9801774987e-01 -1.4627968699e+00  3.5001962527e-01  6.8995244497e-01  1.3342196137e+00 -5.7984243628e-02 -1.5007514280e+00  1.9965183424e+00 -1.8443062963e+00 -1.4341874278e+00  2.1895973369e+00 -7.1717413563e-02 -2.7679523566e+00  1.2893774279e+00 -8.1830264177e-01 -6.9375480548e-01 -1.2855689025e+00 -1.9937150897e+00
ENERGY -3.491472283973e+02

JOB 22
COORDS  1.6835248286e+00 -4.8453968968e-01  1.5100578771e+00  1.7008192659e-01 -1.3557732873e-01  1.8618003023e+00  1.8060405820e+00 -4.7067469112e-01 -7.9136890818e-02 -4.7001125106e-01 -3.9683087947e-01  5.0258001285e-01  5.4143271698e-01  3.0988124807e-01 -4.2759585607e-01 -9.3110692977e-01  2.1556735904e-01 -8.1549312354e-01 -1.6975293182e+00  1.5130029123e+00 -9.0941993531e-01 -1.4286622039e+00 -6.7817193894e-01 -1.7774466026e+00  2.3671065885e+00  2.4465409774e-01  1.9572880598e+00  1.9607866620e+00 -1.4647355212e+00  1.9120409211e+00 -2.1692072447e-01 -7.7067897883e-01  2.6657433500e+00  7.0413034072e-02  9.0695774254e-01  2.1781111222e+00  2.7291241481e+00  1.6869238132e-02 -4.1067331921e-01  1.8050230589e+00 -1.4896033099e+00 -4.7910719347e-01 -4.0012157854e-01 -1.4727966681e+00  3.0754138519e-01  6.7816770552e-01  1.3312314241e+00 -6.4632127592e-02 -1.5057841678e+00  2.0009547948e+00 -1.8699618130e+00 -1.4222414164e+00  2.1917416635e+00 -9.9100545608e-02 -2.7675856738e+00  1.2981718187e+00 -8.3353405527e-01 -7.9450869649e-01 -1.4049665798e+00 -1.8786272909e+00
ENERGY -3.491474685839e+02

JOB 23
COORDS  1.6876460713e+00 -4.7980452203e-01  1.5132662838e+00  1.6818191052e-01 -1.4855129870e-01  1.8562017291e+00  1.8251377303e+00 -4.4499683263e-01 -7.4519322226e-02 -4.5616006403e-01 -3.9527980286e-01  4.8664194669e-01  5.5690826109e-01  3.2743061650e-01 -4.2598315148e-01 -9.1560255608e-01  2.2667844531e-01 -8.2619173205e-01 -1.6854595322e+00  1.5232911492e+00 -9.1189964384e-01 -1.4115793422e+00 -6.5308262606e-01 -1.7989903276e+00  2.3601014676e+00  2.4976410806e-01  1.9763370371e+00  1.9695763801e+00 -1.4623095770e+00  1.9063600979e+00 -2.2102994426e-01 -7.9786173793e-01  2.6476773882e+00  5.5740934428e-02  8.8868785700e-01  2.1851858670e+00  2.7466366593e+00  5.5273602158e-02 -3.9081968036e-01  1.8373100656e+00 -1.4584229556e+00 -4.8781048639e-01 -3.7122356031e-01 -1.4697052201e+00  2.8200926211e-01  6.8082009516e-01  1.3458301004e+00 -5.0248831703e-02 -1.5033210596e+00  2.0093860801e+00 -1.8752693334e+00 -1.4000194819e+00  2.2046635678e+00 -1.0763997880e-01 -2.7543782944e+00  1.3083507487e+00 -8.2456849154e-01 -9.1765481114e-01 -1.4866614391e+00 -1.7449106127e+00
ENERGY -3.491473984600e+02

