JOB 0
COORDS  9.0985079338e-02  5.6109472391e-01  9.7317073096e-01 -6.9031912423e-01  6.0809002579e-01  2.2974764528e+00  1.3251568922e+00 -2.9044663771e-01  1.3331485923e+00 -2.8624858044e-01 -7.2016896466e-01  2.9418055132e+00 -2.3433807755e+00 -1.8046819944e+00  2.2806958429e+00  1.0522511669e+00 -8.8683660869e-01  2.6293524095e+00 -9.9543376299e-01 -1.8793002566e+00  2.3823498966e+00 -2.7293107454e+00 -1.2632736571e+00  1.0637427268e+00 -2.8434463291e+00 -3.0690091593e+00  2.3095157544e+00 -5.0801504695e-01  7.2652900880e-02  2.0223821632e-01  3.6532603210e-01  1.5564158890e+00  6.1690516097e-01 -3.2322619450e-01  1.4089251443e+00  2.9474992736e+00 -1.7637753069e+00  7.4391063292e-01  2.1610622041e+00  1.5081876602e+00 -1.0902732820e+00  6.1047489024e-01  2.2364060274e+00  3.0267769593e-01  1.4485813067e+00 -3.9880524265e-01 -7.6656817677e-01  4.0287910853e+00 -2.8335282827e+00 -1.2141634122e+00  3.0630328049e+00
ENERGY -5.455923957937e+02

JOB 1
COORDS  5.9988779059e-02  6.1038199253e-01  1.0188995483e+00 -7.1364199823e-01  6.2012913398e-01  2.3535536606e+00  1.2314735383e+00 -3.6071495975e-01  1.2905006596e+00 -2.5628464819e-01 -6.8210600656e-01  3.0203701279e+00 -2.2661282936e+00 -1.8121092002e+00  2.2168347242e+00  1.0725296164e+00 -8.2442436650e-01  2.6541744810e+00 -9.5940943943e-01 -1.8881642206e+00  2.5617075756e+00 -2.4239195534e+00 -1.3859550118e+00  9.0620168417e-01 -2.7861243654e+00 -3.0665900691e+00  2.2754498450e+00 -5.7232876412e-01  2.3994260103e-01  2.1099424973e-01  4.0928945212e-01  1.6095202529e+00  7.4968373743e-01 -3.7828783082e-01  1.4379882633e+00  2.9980495463e+00 -1.7920556287e+00  7.2024654245e-01  2.2242170589e+00  1.2119165332e+00 -1.2235552126e+00  6.1824612203e-01  2.2143050912e+00  1.1241361071e-01  1.2381320150e+00 -3.1250444341e-01 -6.8698093570e-01  4.1113549399e+00 -2.8759945781e+00 -1.1509775508e+00  2.8414728860e+00
ENERGY -5.455908400578e+02

JOB 2
COORDS  5.7364107011e-02  6.7043767601e-01  1.0558505728e+00 -7.3665712546e-01  6.3926151362e-01  2.3838170123e+00  1.1263794874e+00 -4.2767903335e-01  1.2481406880e+00 -2.3864209890e-01 -6.3901788135e-01  3.0752052740e+00 -2.1934581137e+00 -1.8350925514e+00  2.1818161271e+00  1.0726138898e+00 -7.9384902047e-01  2.6461565114e+00 -9.6328586643e-01 -1.8718761499e+00  2.7443748020e+00 -2.1291580684e+00 -1.5244219786e+00  8.3022686283e-01 -2.7178869466e+00 -3.0854411921e+00  2.2660875918e+00 -5.8434773044e-01  4.4540237000e-01  2.0318013551e-01  5.1039259633e-01  1.6511143064e+00  8.9444975120e-01 -4.5251185457e-01  1.4749793907e+00  3.0286851277e+00 -1.8164818189e+00  6.9383708987e-01  2.2409029819e+00  9.1069846352e-01 -1.3110815037e+00  6.3879129236e-01  2.1467963655e+00 -9.4466657261e-02  1.0518308251e+00 -2.3130556091e-01 -5.9260365747e-01  4.1653287060e+00 -2.8976862583e+00 -1.1304578578e+00  2.6349985997e+00
ENERGY -5.455897136366e+02

JOB 3
COORDS  3.8942858019e-02  6.9199928951e-01  1.0770755914e+00 -7.3738156802e-01  6.5400590098e-01  2.4168029508e+00  1.0622473953e+00 -4.5502824652e-01  1.2168620953e+00 -2.3174643951e-01 -6.2291142305e-01  3.1081368410e+00 -2.1528158765e+00 -1.8448630955e+00  2.1536485553e+00  1.0511470007e+00 -8.2660081559e-01  2.6133721727e+00 -1.0232375886e+00 -1.8395288349e+00  2.8991998202e+00 -1.8836710299e+00 -1.6619033623e+00  8.0347798042e-01 -2.7109292757e+00 -3.0768249484e+00  2.2762113054e+00 -6.2024672335e-01  5.2598595393e-01  2.2411115805e-01  5.3392930272e-01  1.6565749784e+00  9.4371962009e-01 -4.5197592414e-01  1.4936694977e+00  3.0553560142e+00 -1.8197340483e+00  7.0389275905e-01  2.2911861594e+00  7.8016013743e-01 -1.3221187086e+00  6.1164311615e-01  2.0872349739e+00 -1.6621828443e-01  9.7820605283e-01 -1.5727963900e-01 -5.4507225567e-01  4.1929722642e+00 -2.9018200882e+00 -1.0960135411e+00  2.4278611639e+00
ENERGY -5.455892740394e+02

JOB 4
COORDS -8.7992372662e-02  6.3333203323e-01  1.0945975707e+00 -6.9082175636e-01  6.7057517508e-01  2.5151112392e+00  1.0511459111e+00 -4.0631536317e-01  1.2150270204e+00 -2.3143094511e-01 -6.5282643673e-01  3.1347279839e+00 -2.1132535031e+00 -1.8218286784e+00  2.0527206964e+00  1.0180290939e+00 -9.0456694665e-01  2.5748921868e+00 -1.1115474370e+00 -1.8069288771e+00  2.9626375234e+00 -1.6402065141e+00 -2.0760336221e+00  7.7307790672e-01 -2.9377921529e+00 -2.8543791806e+00  2.3705523764e+00 -8.2527622361e-01  3.1249830949e-01  3.5658536303e-01  2.8315329387e-01  1.6152229998e+00  7.9308019648e-01 -2.2804793203e-01  1.4643213984e+00  3.1077981483e+00 -1.7688600362e+00  8.3945002777e-01  2.5420786022e+00  9.1213792294e-01 -1.2432992237e+00  5.2518503899e-01  2.0446449028e+00  2.2203942578e-02  1.0644162241e+00 -1.0286626052e-01 -6.1514585334e-01  4.2162164245e+00 -2.7081925240e+00 -9.0723484117e-01  1.9911383601e+00
ENERGY -5.455896980643e+02

JOB 5
COORDS -1.3827479553e-01  6.1841833238e-01  1.1050555069e+00 -6.6570425793e-01  6.8004074067e-01  2.5516132346e+00  1.0268890659e+00 -3.9039723042e-01  1.1972469257e+00 -2.4143410175e-01 -6.6677013893e-01  3.1450805866e+00 -2.0885957488e+00 -1.8171955072e+00  2.0261475171e+00  9.5205964316e-01 -1.0033472015e+00  2.5081913391e+00 -1.2173679755e+00 -1.7470716597e+00  3.0625431665e+00 -1.4720341913e+00 -2.2552564916e+00  8.6531879181e-01 -3.0256539625e+00 -2.7473749598e+00  2.3455100209e+00 -9.0511590913e-01  2.5817285597e-01  4.1587757228e-01  1.9325351764e-01  1.5968074153e+00  7.5034471934e-01 -1.3979416516e-01  1.4543495987e+00  3.1174274648e+00 -1.7346949658e+00  8.8617539940e-01  2.6368658326e+00  9.5708089688e-01 -1.1733795949e+00  4.3794158609e-01  2.0071816771e+00  8.9557706331e-02  1.1285242611e+00 -4.7455482875e-02 -6.3230410307e-01  4.2169624148e+00 -2.5975157775e+00 -8.8138029828e-01  1.7791919213e+00
ENERGY -5.455910042899e+02

JOB 6
COORDS  2.7516478305e-01  1.8691972866e-03  8.6662811332e-01 -7.3316058369e-01  7.7314272901e-01  1.7310428769e+00  1.2535584782e+00 -5.2436740200e-01  1.9228593862e+00 -7.5183914026e-01 -1.8520943394e-02  3.0458206266e+00 -2.1353708930e+00 -1.8209261725e+00  2.2232368551e+00  4.8977875224e-01 -6.8203274901e-01  3.1415093219e+00 -1.8300631210e+00 -9.6336852861e-01  3.2331278220e+00 -2.9164315469e+00 -2.8000623843e+00  2.7448057587e+00 -2.8839254275e+00 -1.2040345710e+00  1.2347909598e+00 -2.1238436477e-01 -8.1843331148e-01  3.3180325448e-01  7.6777928083e-01  6.3396610042e-01  1.2407419692e-01 -3.4710537675e-01  1.7728397023e+00  1.9552978152e+00 -1.7228155903e+00  8.7886818832e-01  1.2891205943e+00  1.6952070889e+00 -1.4931205604e+00  1.6739162630e+00  2.0622462139e+00  1.9223524385e-01  2.1119410010e+00 -8.7920596434e-01  6.1953034185e-01  3.9214053567e+00 -1.2686091218e+00 -2.2785400170e+00  1.7384626593e+00
ENERGY -5.455934069555e+02

JOB 7
COORDS  2.4979573206e-01  4.7739746870e-02  8.5396090352e-01 -7.2446270792e-01  8.2993938711e-01  1.7475256014e+00  1.2034539631e+00 -5.5957504036e-01  1.8875686338e+00 -7.7100741720e-01 -6.1018316161e-04  3.0387169868e+00 -2.0833352249e+00 -1.8584877613e+00  2.2566612155e+00  4.2551462957e-01 -7.4515506833e-01  3.0937943243e+00 -1.9148144852e+00 -8.7436932607e-01  3.1794749604e+00 -2.9499789406e+00 -2.7635907877e+00  2.7773598354e+00 -2.6704471555e+00 -1.3728573765e+00  1.0976458161e+00 -2.7563734203e-01 -7.3016395244e-01  2.9371215909e-01  7.7100020442e-01  6.8460432907e-01  1.3527101215e-01 -3.1023796521e-01  1.8134177167e+00  1.9924886651e+00 -1.7155980907e+00  9.7041344979e-01  1.3167245459e+00  1.6093533458e+00 -1.5330215169e+00  1.5991242943e+00  2.0374136997e+00  1.1615706685e-01  2.1135745094e+00 -8.5804664683e-01  6.1169264881e-01  3.9374831286e+00 -1.1601421317e+00 -2.3670884690e+00  1.9687562697e+00
ENERGY -5.455953495379e+02

JOB 8
COORDS  2.3971042575e-01  1.0662553552e-01  8.3834620034e-01 -7.0477674752e-01  8.9099304195e-01  1.7621338547e+00  1.1635872922e+00 -5.8122045193e-01  1.8466733071e+00 -7.8897502311e-01  1.1499696509e-02  3.0179960455e+00 -2.0537341462e+00 -1.9128406737e+00  2.3004187579e+00  3.7229707992e-01 -7.8472265450e-01  3.0430026965e+00 -1.9852039764e+00 -8.0541451633e-01  3.0840290511e+00 -3.0122739397e+00 -2.7230515172e+00  2.8177759674e+00 -2.4647905473e+00 -1.5935487095e+00  1.0118571290e+00 -3.1739572024e-01 -6.2779049142e-01  2.5244174729e-01  7.8937225118e-01  7.4947390160e-01  1.4667483037e-01 -2.6003247273e-01  1.8518559386e+00  2.0413451162e+00 -1.6922857962e+00  1.0762529315e+00  1.3383528648e+00  1.5294076758e+00 -1.5582054069e+00  1.5194641826e+00  2.0231087227e+00  4.8168756808e-02  2.1069424729e+00 -8.6028205468e-01  5.8396725001e-01  3.9441512698e+00 -1.1149095567e+00 -2.4629977677e+00  2.2182373681e+00
ENERGY -5.455957760063e+02

JOB 9
COORDS  2.2578063383e-01  1.7788406801e-01  8.2472011380e-01 -6.8270072630e-01  9.6535978273e-01  1.7820164266e+00  1.1092868776e+00 -6.1168279406e-01  1.7964853994e+00 -8.1306973231e-01  3.2625001024e-02  2.9898100156e+00 -2.0104769374e+00 -1.9784296332e+00  2.3492799304e+00  3.3793612312e-01 -7.6825725849e-01  3.0173159670e+00 -2.0348914874e+00 -7.6232738982e-01  2.9497106009e+00 -3.0623876848e+00 -2.6942276465e+00  2.8275188936e+00 -2.2082096451e+00 -1.8682522364e+00  9.7658219954e-01 -3.6546433206e-01 -4.9511204659e-01  2.0138158476e-01  8.1384727157e-01  8.2651540068e-01  1.7112514988e-01 -1.9427503118e-01  1.8896458295e+00  2.1085541216e+00 -1.6591200666e+00  1.2163115863e+00  1.3657624226e+00  1.3744757333e+00 -1.6095220367e+00  1.4363068297e+00  2.0283192274e+00 -7.2199387086e-02  2.0512690334e+00 -9.0999827241e-01  5.5758884939e-01  3.9414373763e+00 -1.0862284844e+00 -2.5368752253e+00  2.5005667965e+00
ENERGY -5.455954666633e+02

JOB 10
COORDS  2.0497035957e-01  2.4362961998e-01  8.1193011079e-01 -6.6470700236e-01  1.0308598681e+00  1.8058079063e+00  1.0526209136e+00 -6.3795779881e-01  1.7387493340e+00 -8.3201754930e-01  4.6750694915e-02  2.9610757928e+00 -1.9636492264e+00 -2.0327320029e+00  2.4033591596e+00  3.2019387666e-01 -7.4480178608e-01  2.9933530761e+00 -2.0581194778e+00 -7.3998152858e-01  2.8028853871e+00 -3.1222229564e+00 -2.6546875850e+00  2.7504870617e+00 -1.8716956221e+00 -2.1293872752e+00  1.0183364558e+00 -4.2010143516e-01 -3.7007488981e-01  1.6163691497e-01  8.2295366021e-01  8.9293700652e-01  1.8743388789e-01 -1.3483865750e-01  1.9147411195e+00  2.1764824376e+00 -1.6290651520e+00  1.3432075784e+00  1.4029555021e+00  1.2103799940e+00 -1.6470797430e+00  1.3490602170e+00  2.0241288662e+00 -1.8981087517e-01  1.9711040681e+00 -9.6170426295e-01  5.1885187083e-01  3.9364532279e+00 -1.1143028613e+00 -2.5754194104e+00  2.8187323218e+00
ENERGY -5.455955183140e+02

JOB 11
COORDS  1.8921514751e-01  2.9107843680e-01  7.9862973873e-01 -6.4112184434e-01  1.0734006118e+00  1.8294365523e+00  1.0280142448e+00 -6.3836061998e-01  1.6858718955e+00 -8.4072783970e-01  3.5987040691e-02  2.9276206537e+00 -1.9531895440e+00 -2.0675829231e+00  2.4523516762e+00  3.0743674820e-01 -7.5965789852e-01  2.9485805409e+00 -2.0621019428e+00 -7.2889423396e-01  2.6503004463e+00 -3.1855185579e+00 -2.6102014579e+00  2.6459347706e+00 -1.6051365108e+00 -2.3533149537e+00  1.1376700299e+00 -4.6632645074e-01 -2.9069496111e-01  1.4784587300e-01  8.1130984624e-01  9.3925603737e-01  1.7709619791e-01 -7.1115016615e-02  1.9133720472e+00  2.2406133699e+00 -1.5923304677e+00  1.4450032316e+00  1.4459170425e+00  1.1507498692e+00 -1.6391176301e+00  1.2656515594e+00  2.0128033210e+00 -2.2125500092e-01  1.9196444484e+00 -9.9439772089e-01  4.4898389911e-01  3.9266753873e+00 -1.2247398148e+00 -2.5689567619e+00  3.0900026788e+00
ENERGY -5.455961676685e+02

JOB 12
COORDS  1.9608096023e-01  3.4598495543e-01  7.8807582766e-01 -6.2541414399e-01  1.1015483291e+00  1.8467709286e+00  1.0209414810e+00 -6.3021086967e-01  1.6391037227e+00 -8.4942861591e-01  1.2157730644e-02  2.8855646596e+00 -1.9594016906e+00 -2.0976602815e+00  2.4985362595e+00  3.0607597154e-01 -7.7280435663e-01  2.9026451107e+00 -2.0423760919e+00 -7.4079710525e-01  2.4875111651e+00 -3.2234521780e+00 -2.5879698949e+00  2.6241232797e+00 -1.4776964574e+00 -2.5701291454e+00  1.2879642769e+00 -4.6983865193e-01 -2.0122886473e-01  1.1713011488e-01  8.2688196546e-01  1.0070711057e+00  1.8943433827e-01 -4.3183876215e-02  1.9098958612e+00  2.3011834796e+00 -1.5663286402e+00  1.5067886604e+00  1.4718631154e+00  1.1163042986e+00 -1.6192385397e+00  1.1860139052e+00  2.0162614581e+00 -2.4315692665e-01  1.8791563021e+00 -1.0376689420e+00  3.6300756189e-01  3.9029914676e+00 -1.3249333799e+00 -2.5142133565e+00  3.2817749077e+00
ENERGY -5.455970140518e+02

JOB 13
COORDS  2.2450189882e-01  4.1631893187e-01  7.7788498605e-01 -6.1965880607e-01  1.1158924409e+00  1.8584251492e+00  1.0239206197e+00 -6.2032522757e-01  1.5858463429e+00 -8.5366606315e-01 -2.7182754962e-02  2.8339878350e+00 -1.9803509226e+00 -2.1253067051e+00  2.5541347010e+00  3.2046017674e-01 -7.8285525696e-01  2.8522169738e+00 -1.9987982208e+00 -7.8262767418e-01  2.3305594493e+00 -3.2708843565e+00 -2.5555770613e+00  2.6340266296e+00 -1.4153273576e+00 -2.7884337913e+00  1.4818316353e+00 -4.2917047914e-01 -8.1278782313e-02  5.8029318058e-02  8.7364457082e-01  1.1076403044e+00  2.3572122377e-01 -4.9583346838e-02  1.9007268127e+00  2.3655337420e+00 -1.5545618023e+00  1.5370743182e+00  1.4858431999e+00  1.0776440443e+00 -1.5940795028e+00  1.0939638905e+00  2.0351474014e+00 -2.8006496540e-01  1.8282999515e+00 -1.0823924832e+00  2.6209166289e-01  3.8632722823e+00 -1.4381014067e+00 -2.4329678857e+00  3.4502655514e+00
ENERGY -5.455979113918e+02

JOB 14
COORDS  4.0414778336e-01  4.6830373677e-01  8.3123490276e-01 -6.1950543037e-01  1.0808578776e+00  1.8029543212e+00  1.1428929814e+00 -5.4716366595e-01  1.7181768770e+00 -9.2972498199e-01 -1.0663092233e-01  2.7010096674e+00 -2.0920121857e+00 -2.1761107574e+00  2.4460786314e+00  2.6778752998e-01 -8.2148343209e-01  2.8479813845e+00 -1.9522983602e+00 -8.8653713674e-01  2.0228597631e+00 -2.7961989359e+00 -2.2287504694e+00  3.6333538481e+00 -2.8337051757e+00 -2.8301316569e+00  1.5128548901e+00 -1.1405984244e-01 -3.7152153777e-02  1.2788031196e-02  1.0811377534e+00  1.2112252512e+00  4.0340124592e-01 -1.6864268733e-01  1.8727579638e+00  2.4088552169e+00 -1.5143960333e+00  1.4706050186e+00  1.3157250306e+00  1.3582323178e+00 -1.4883637082e+00  1.2042574050e+00  2.0759258682e+00 -1.4671189945e-01  2.1269369026e+00 -1.2985641150e+00  1.3526490210e-01  3.7004577606e+00 -1.1481930192e+00 -2.7009340844e+00  2.6009169830e+00
ENERGY -5.455989908250e+02

JOB 15
COORDS  4.2759554549e-01  5.2485225934e-01  8.2776205122e-01 -6.2233473286e-01  1.0558821038e+00  1.8197054345e+00  1.1880796899e+00 -5.1878223405e-01  1.6645683550e+00 -8.9499301672e-01 -1.8100292552e-01  2.6620775188e+00 -2.1502883974e+00 -2.1833819106e+00  2.5003709942e+00  3.3142539283e-01 -8.5015457490e-01  2.7918499353e+00 -1.8584713678e+00 -9.7916486505e-01  1.9267476348e+00 -2.9821637721e+00 -2.0170925703e+00  3.5906609033e+00 -2.8328932991e+00 -2.9166256564e+00  1.5834143580e+00 -6.8280435194e-02  5.1639180110e-02 -2.2965652484e-02  1.0868815035e+00  1.3091988372e+00  4.4894138142e-01 -2.0272500929e-01  1.8340968891e+00  2.4642507036e+00 -1.5274213896e+00  1.4365446265e+00  1.3443460035e+00  1.4062856800e+00 -1.4340399665e+00  1.1071800267e+00  2.1217810637e+00 -1.2610428609e-01  2.0790697177e+00 -1.2866419904e+00  3.5331196342e-03  3.6648030848e+00 -1.2730119980e+00 -2.7403531630e+00  2.8370604114e+00
ENERGY -5.455998892354e+02

JOB 16
COORDS  4.3761443754e-01  5.6576860056e-01  8.2324065284e-01 -6.2923782247e-01  1.0153622992e+00  1.8371864850e+00  1.2467566206e+00 -4.7417233649e-01  1.6198032582e+00 -8.3982931373e-01 -2.6138501357e-01  2.6390935683e+00 -2.2178123506e+00 -2.1805989869e+00  2.5420942318e+00  4.2016217481e-01 -8.6631067515e-01  2.7486673686e+00 -1.7482078269e+00 -1.0906580931e+00  1.8688201392e+00 -3.1529194668e+00 -1.8079612820e+00  3.4886244913e+00 -2.8519749652e+00 -2.9751934712e+00  1.6430957535e+00 -4.1529299469e-02  1.0176790609e-01 -4.2056645257e-02  1.0601326812e+00  1.3910752812e+00  4.7013366525e-01 -2.3934097545e-01  1.7883672992e+00  2.5062655968e+00 -1.5531980552e+00  1.3720855016e+00  1.3801662709e+00  1.4866680494e+00 -1.3650412085e+00  1.0328141366e+00  2.1727642612e+00 -6.1499676213e-02  2.0321101683e+00 -1.2440578479e+00 -1.2548058019e-01  3.6440813710e+00 -1.4431668341e+00 -2.7570807012e+00  3.0557023492e+00
ENERGY -5.455993383767e+02

JOB 17
COORDS  4.3531901330e-01  5.9248189548e-01  8.1908451462e-01 -6.3693324844e-01  9.5972233024e-01  1.8599571770e+00  1.3115764376e+00 -4.2003325965e-01  1.5793198273e+00 -7.6792955435e-01 -3.4830692584e-01  2.6295667682e+00 -2.2914271331e+00 -2.1635320474e+00  2.5713074102e+00  5.2257429392e-01 -8.8482682657e-01  2.7070123930e+00 -1.6360428543e+00 -1.2134462047e+00  1.8479895080e+00 -3.2994923694e+00 -1.5967835888e+00  3.3301185739e+00 -2.8807654916e+00 -3.0144384956e+00  1.6944808419e+00 -3.2440228811e-02  1.2229363846e-01 -4.9266731522e-02  1.0063947408e+00  1.4580577223e+00  4.7558633235e-01 -2.7523981763e-01  1.7338253390e+00  2.5437149655e+00 -1.5853398718e+00  1.2802038666e+00  1.4271523941e+00  1.5920831662e+00 -1.2818687655e+00  9.6765081231e-01  2.2186989813e+00  3.3828857032e-02  1.9906268706e+00 -1.1660285261e+00 -2.5564085329e-01  3.6417003380e+00 -1.6521840708e+00 -2.7324918185e+00  3.2538408660e+00
ENERGY -5.455978870037e+02

JOB 18
COORDS  4.2031338269e-01  6.0812282706e-01  8.1970810228e-01 -6.4626809291e-01  8.9806586597e-01  1.8899363831e+00  1.3649001022e+00 -3.7036069948e-01  1.5420499593e+00 -6.9121844946e-01 -4.3185979691e-01  2.6335584219e+00 -2.3528665883e+00 -2.1327198219e+00  2.5850969317e+00  6.2505391818e-01 -8.9773863095e-01  2.6751261793e+00 -1.5210223705e+00 -1.3417418047e+00  1.8558713935e+00 -3.3973463316e+00 -1.3954606929e+00  3.1159036422e+00 -2.8968415322e+00 -3.0474146601e+00  1.7446997438e+00 -4.0552457980e-02  1.2964690334e-01 -4.7882521061e-02  9.3753098680e-01  1.5088864253e+00  4.8149986898e-01 -3.0926209211e-01  1.6766916541e+00  2.5815588480e+00 -1.6200072526e+00  1.1764444735e+00  1.4852424335e+00  1.6769077964e+00 -1.2050127978e+00  9.0836164790e-01  2.2554796925e+00  1.2310093986e-01  1.9438788683e+00 -1.0723169663e+00 -3.7815250883e-01  3.6553795473e+00 -1.8696602780e+00 -2.6514528122e+00  3.4198534117e+00
ENERGY -5.455964400823e+02

JOB 19
COORDS  3.9320653602e-01  6.0745696526e-01  8.2154415985e-01 -6.5464084075e-01  8.2408735762e-01  1.9261351119e+00  1.4138113995e+00 -3.1541889089e-01  1.5096261684e+00 -6.1170679000e-01 -5.2195615306e-01  2.6412342136e+00 -2.4089171435e+00 -2.0824636777e+00  2.5867877548e+00  7.2053745744e-01 -9.3277810479e-01  2.6271407992e+00 -1.4202612722e+00 -1.4717487829e+00  1.8851052395e+00 -3.4407402770e+00 -1.1995477064e+00  2.8649189907e+00 -2.9258672100e+00 -3.0659560653e+00  1.8099395032e+00 -6.4404809552e-02  1.0546726643e-01 -3.4611144024e-02  8.4539630058e-01  1.5391575825e+00  4.7406005560e-01 -3.3576462799e-01  1.6054597123e+00  2.6237962024e+00 -1.6530287097e+00  1.0606073845e+00  1.5564541420e+00  1.7873983717e+00 -1.1054107149e+00  8.5271194089e-01  2.2647839802e+00  2.3581943379e-01  1.9230656568e+00 -9.5810066231e-01 -5.0526487225e-01  3.6778237937e+00 -2.0888782356e+00 -2.5084658709e+00  3.5441102731e+00
ENERGY -5.455956182737e+02

JOB 20
COORDS  3.5484712740e-01  6.0027419569e-01  8.3265791835e-01 -6.6695190616e-01  7.5442270547e-01  1.9710392198e+00  1.4399185543e+00 -2.7602617351e-01  1.4800224021e+00 -5.3682463470e-01 -5.9663702202e-01  2.6686414613e+00 -2.4381455471e+00 -2.0253732149e+00  2.5678685837e+00  8.0744495310e-01 -9.4872635859e-01  2.6018887829e+00 -1.3152313591e+00 -1.5951561101e+00  1.9411139953e+00 -3.4217399005e+00 -1.0469513822e+00  2.5678273674e+00 -2.9293336949e+00 -3.0795663935e+00  1.8714891708e+00 -1.0378768437e-01  8.3411622604e-02 -1.4026410382e-02  7.4979152676e-01  1.5561385544e+00  4.8106447088e-01 -3.6430680600e-01  1.5428936711e+00  2.6683783565e+00 -1.6863824857e+00  9.4759598926e-01  1.6355214707e+00  1.8402836639e+00 -1.0347176648e+00  8.0245514107e-01  2.2691079437e+00  3.1473174728e-01  1.8832678163e+00 -8.4850109586e-01 -6.0762102223e-01  3.7177343785e+00 -2.2873651878e+00 -2.3196482806e+00  3.6128987363e+00
ENERGY -5.455954371923e+02

JOB 21
COORDS  3.0165774020e-01  5.8710572595e-01  8.5251980491e-01 -6.7316930080e-01  6.9771184716e-01  2.0358665028e+00  1.4432830374e+00 -2.5542141666e-01  1.4438119750e+00 -4.6426320264e-01 -6.5265393629e-01  2.7184604063e+00 -2.4485779539e+00 -1.9624079779e+00  2.5267039123e+00  8.8570860169e-01 -9.5260864115e-01  2.5903243947e+00 -1.2171112959e+00 -1.6974212357e+00  2.0266680954e+00 -3.3622596669e+00 -9.7276630617e-01  2.1930477155e+00 -2.8932401194e+00 -3.1114371646e+00  1.9595693092e+00 -1.7599362791e-01  6.1312044057e-02  2.2128090801e-02  6.4692608102e-01  1.5591175950e+00  4.9305574404e-01 -3.6495645756e-01  1.4896274130e+00  2.7272405177e+00 -1.7103850716e+00  8.6381427843e-01  1.7451053851e+00  1.8355645968e+00 -9.9888558357e-01  7.4501674009e-01  2.2709686258e+00  3.5987079496e-01  1.8116698095e+00 -7.3214268203e-01 -6.8412060897e-01  3.7803487283e+00 -2.4791858375e+00 -2.0617919642e+00  3.6183057301e+00
ENERGY -5.455952602140e+02

JOB 22
COORDS  2.3412920052e-01  5.8391899864e-01  8.9415112178e-01 -6.7367965318e-01  6.5701658969e-01  2.1323938433e+00  1.4215237816e+00 -2.5102494275e-01  1.4026559499e+00 -3.9527015652e-01 -6.9767564115e-01  2.7835738213e+00 -2.4365555906e+00 -1.9003065609e+00  2.4468252894e+00  9.5461189644e-01 -9.4753904657e-01  2.5897153666e+00 -1.1281603805e+00 -1.7767742556e+00  2.1180411092e+00 -3.2368353435e+00 -1.0466187477e+00  1.7024805749e+00 -2.8337308886e+00 -3.1620265752e+00  2.1393072698e+00 -2.8278432023e-01  6.7290503203e-02  8.2032901955e-02  5.4275530636e-01  1.5684991131e+00  5.3579910422e-01 -3.4043408705e-01  1.4415256720e+00  2.8205514979e+00 -1.7261374571e+00  8.1555596622e-01  1.8980325088e+00  1.7643759140e+00 -9.9376910628e-01  6.7756197343e-01  2.2709877921e+00  3.6770006412e-01  1.7087468402e+00 -6.1456975001e-01 -7.5555508291e-01  3.8554915223e+00 -2.6574027967e+00 -1.7011720846e+00  3.5024821666e+00
ENERGY -5.455945132034e+02

JOB 23
COORDS  1.5932416966e-01  5.7292401739e-01  9.3798597315e-01 -6.7965830994e-01  6.2193719190e-01  2.2254656955e+00  1.3812555248e+00 -2.6135592090e-01  1.3648583229e+00 -3.3298041440e-01 -7.2604462410e-01  2.8586298330e+00 -2.3982592970e+00 -1.8397804269e+00  2.3580749802e+00  1.0130055676e+00 -9.2726829423e-01  2.6033492787e+00 -1.0503292135e+00 -1.8404975658e+00  2.2283754727e+00 -3.0079660306e+00 -1.1696082157e+00  1.3088097948e+00 -2.8368140245e+00 -3.1253540897e+00  2.2932009095e+00 -3.9956145924e-01  6.6867122203e-02  1.4773403712e-01  4.3985820975e-01  1.5660537272e+00  5.8041648873e-01 -3.2605415733e-01  1.4087743866e+00  2.9003075889e+00 -1.7446073889e+00  7.7007405151e-01  2.0444804854e+00  1.6541883080e+00 -1.0218782270e+00  6.2852848027e-01  2.2588071605e+00  3.5334658133e-01  1.5860453393e+00 -5.0033488737e-01 -7.9443914903e-01  3.9384947356e+00 -2.7670502906e+00 -1.3847057015e+00  3.2850854457e+00
ENERGY -5.455935885778e+02

