JOB 0
COORDS  1.7359422073e+00 -1.0358122770e+00 -2.3084019124e-01  2.6027109304e+00 -1.7016786814e+00  6.3963431222e-01  9.1424849744e-01 -8.6623504786e-03  2.4773904213e-01  2.6556553643e+00 -1.3457907508e+00  1.9902223878e+00  9.5648793571e-01  3.5275842955e-01  1.5941550264e+00  1.8326614343e+00 -3.1654214450e-01  2.4656275898e+00  5.1987061892e-01 -2.0393169940e-01  4.9452585950e+00  1.7569504368e+00  1.3900150746e-01  4.2136087374e+00  3.4743479727e+00 -6.2937419582e-01  5.0681071798e+00  2.1471128155e+00  2.1747829786e+00  4.2208183483e+00  1.7008075711e+00 -1.3142471904e+00 -1.2806028442e+00  3.2422463076e+00 -2.4987868869e+00  2.7131519923e-01  2.3927019588e-01  5.1113068577e-01 -4.2623518271e-01  3.3360542821e+00 -1.8635506300e+00  2.6575861150e+00  3.1534242568e-01  1.1497962174e+00  1.9596422052e+00
ENERGY -1.568662182466e+03

JOB 1
COORDS  1.7353813430e+00 -1.0473641467e+00 -2.2955020537e-01  2.5416780598e+00 -1.7542540989e+00  6.6774069721e-01  9.8431492043e-01  4.5660531902e-02  2.1481442454e-01  2.6021680739e+00 -1.3719996545e+00  2.0095503737e+00  1.0369812665e+00  4.3600419620e-01  1.5540004987e+00  1.8550197747e+00 -2.6946785747e-01  2.4503708287e+00  7.1404276123e-01 -4.8677146281e-01  5.0120643656e+00  1.7885987530e+00  1.3682181065e-01  4.2119799299e+00  3.6844987320e+00 -2.8032247800e-01  4.9285263026e+00  1.7446135538e+00  2.2059721172e+00  4.2694934757e+00  1.6938214159e+00 -1.3460465868e+00 -1.2734856224e+00  3.1261814360e+00 -2.6038250442e+00  3.2623224179e-01  3.5668218861e-01  5.9711273782e-01 -4.7945900107e-01  3.2343174497e+00 -1.9233399182e+00  2.6981506016e+00  4.5419237678e-01  1.2881100379e+00  1.8896436386e+00
ENERGY -1.568661862526e+03

JOB 2
COORDS  1.7511273019e+00 -1.0656148919e+00 -2.4096485415e-01  2.4689324761e+00 -1.8116100346e+00  7.0056290314e-01  1.0575327631e+00  8.0706488635e-02  1.5649126937e-01  2.4961272634e+00 -1.4144141551e+00  2.0376243996e+00  1.0785239159e+00  4.8817946579e-01  1.4929126360e+00  1.8082480924e+00 -2.5443948397e-01  2.4314729897e+00  8.5332769071e-01 -7.2048022846e-01  5.0320857801e+00  1.7369688217e+00  1.2142257389e-01  4.1988682628e+00  3.7141058847e+00  5.4756199140e-02  4.8134921201e+00  1.3028863960e+00  2.1385973488e+00  4.3175760200e+00  1.7335633229e+00 -1.3777228542e+00 -1.2816595317e+00  3.0071949929e+00 -2.7045902385e+00  3.9581211809e-01  4.9816240445e-01  6.6171617342e-01 -5.7122975966e-01  3.0560556658e+00 -1.9982789309e+00  2.7621727625e+00  5.4070734732e-01  1.3817138452e+00  1.7917344402e+00
ENERGY -1.568661978646e+03

JOB 3
COORDS  1.7458320373e+00 -1.0705747535e+00 -2.4013987746e-01  2.3878668031e+00 -1.8753132816e+00  7.0856984118e-01  1.1203491090e+00  1.1475087695e-01  1.5468474304e-01  2.4047537952e+00 -1.4971768571e+00  2.0506753648e+00  1.1357623743e+00  5.0624847037e-01  1.4965283874e+00  1.7873494344e+00 -2.9598901275e-01  2.4417688362e+00  1.0985977507e+00 -9.5084377921e-01  5.0764672642e+00  1.7651453544e+00  4.7934094163e-02  4.2152147955e+00  3.7632721363e+00  2.9812005701e-01  4.7056805662e+00  1.0121083183e+00  1.9601472043e+00  4.4162302258e+00  1.7324646505e+00 -1.3694121366e+00 -1.2847957375e+00  2.8707886234e+00 -2.7998841743e+00  4.0524002924e-01  6.1725115338e-01  7.3847281456e-01 -5.7875247939e-01  2.8958197110e+00 -2.1294758894e+00  2.7850246930e+00  6.5062758247e-01  1.4292754039e+00  1.7947779659e+00
ENERGY -1.568662492805e+03

JOB 4
COORDS  1.7556246679e+00 -1.0634842974e+00 -2.3867380258e-01  2.3208844620e+00 -1.9073512680e+00  7.2449492663e-01  1.2003586660e+00  1.6135857785e-01  1.4191102430e-01  2.3344260062e+00 -1.5284129284e+00  2.0667478208e+00  1.2125103792e+00  5.5452431246e-01  1.4830103228e+00  1.7914737622e+00 -2.8677967825e-01  2.4413769487e+00  1.3795512514e+00 -1.0244394067e+00  5.1035587244e+00  1.8139502044e+00  6.9638080506e-02  4.2102171772e+00  3.7686329449e+00  6.5186641278e-01  4.5833739118e+00  7.6039474783e-01  1.8258260364e+00  4.4605542889e+00  1.7435180564e+00 -1.3637592487e+00 -1.2829707006e+00  2.7438326022e+00 -2.8644962725e+00  4.3286186254e-01  7.5359103176e-01  8.1365309500e-01 -6.0304443334e-01  2.7557507314e+00 -2.1916697642e+00  2.8167192170e+00  7.8146432478e-01  1.5073207609e+00  1.7715030482e+00
ENERGY -1.568663429125e+03

JOB 5
COORDS  1.7499625776e+00 -1.0729165320e+00 -2.5158793849e-01  2.2502505070e+00 -1.9545440484e+00  7.1272060139e-01  1.2753938460e+00  1.8694200995e-01  1.2774824185e-01  2.2814781591e+00 -1.5807671498e+00  2.0572145981e+00  1.3052440816e+00  5.7504146545e-01  1.4688902661e+00  1.8198853184e+00 -3.0669992993e-01  2.4287398000e+00  1.6925288635e+00 -1.0793746159e+00  5.1024770068e+00  1.8893212638e+00  6.6865895726e-02  4.1909412940e+00  3.7330124657e+00  9.7588265092e-01  4.4574553689e+00  5.7327547409e-01  1.6276132662e+00  4.4983824848e+00  1.7231791303e+00 -1.3700179599e+00 -1.2965549124e+00  2.6080965944e+00 -2.9378321851e+00  4.2083325178e-01  8.7712498568e-01  8.6816005167e-01 -6.1880777577e-01  2.6480888499e+00 -2.2699367565e+00  2.8121869147e+00  9.3440105261e-01  1.5527481532e+00  1.7588379431e+00
ENERGY -1.568664606099e+03

JOB 6
COORDS  7.9561029316e+00 -3.5890116730e+00  3.6282701978e+00  7.7928234510e+00 -2.2839309061e+00  3.1537004343e+00  8.1615300223e+00 -4.6433369183e+00  2.7303122621e+00  7.8373101091e+00 -2.0236512742e+00  1.7818595754e+00  8.2107870489e+00 -4.3960918843e+00  1.3579441944e+00  8.0563518182e+00 -3.0838388770e+00  8.8855844671e-01  7.4942912920e+00 -1.3604344865e+00 -1.2248782984e+00  8.1125099877e+00 -2.6518082672e+00 -8.5889094131e-01  1.0120294830e+01 -2.7531026598e+00 -1.3607351703e+00  7.3292679503e+00 -4.2790355145e+00 -1.8620861162e+00  7.9179064337e+00 -3.7869433654e+00  4.6961501005e+00  7.6244328277e+00 -1.4668734923e+00  3.8495137127e+00  8.2798414681e+00 -5.6585044683e+00  3.0984232285e+00  7.6958800170e+00 -1.0161074639e+00  1.4027468877e+00  8.3669897103e+00 -5.2161123041e+00  6.6363526633e-01
ENERGY -1.568665681853e+03

JOB 7
COORDS  7.9373011594e+00 -3.5923786477e+00  3.6286010764e+00  7.7008039950e+00 -2.2999200854e+00  3.1520827396e+00  8.2400095480e+00 -4.6303149943e+00  2.7375529991e+00  7.7662699630e+00 -2.0356970726e+00  1.7810300689e+00  8.3087548748e+00 -4.3794143565e+00  1.3675957253e+00  8.0732302481e+00 -3.0795094189e+00  8.9598638022e-01  7.7344172627e+00 -1.2816320939e+00 -1.2019296344e+00  8.1423622289e+00 -2.6582362516e+00 -8.5244984393e-01  1.0073143998e+01 -3.1211496117e+00 -1.4380271641e+00  7.0458374505e+00 -4.1290793932e+00 -1.8083406878e+00  7.8840847284e+00 -3.7945587811e+00  4.6950510470e+00  7.4632094705e+00 -1.4966664286e+00  3.8438276665e+00  8.4204454776e+00 -5.6343873598e+00  3.1108232740e+00  7.5796188577e+00 -1.0380531837e+00  1.3955121410e+00  8.5414501603e+00 -5.1847915168e+00  6.7677980070e-01
ENERGY -1.568666307160e+03

JOB 8
COORDS  7.9156135882e+00 -3.5974411431e+00  3.6376876101e+00  7.6128778623e+00 -2.3211728794e+00  3.1549316075e+00  8.3147642112e+00 -4.6108676842e+00  2.7565768034e+00  7.7058597753e+00 -2.0487467361e+00  1.7871155434e+00  8.4103685888e+00 -4.3515112073e+00  1.3898393507e+00  8.1014046642e+00 -3.0698484582e+00  9.1076023005e-01  8.0119076372e+00 -1.2137464631e+00 -1.1634573663e+00  8.1926062821e+00 -2.6430379593e+00 -8.3522481879e-01  9.9818020105e+00 -3.4437839935e+00 -1.4961850044e+00  6.8167763371e+00 -3.8856923309e+00 -1.7580173586e+00  7.8438950898e+00 -3.8048813668e+00  4.7020225440e+00  7.3072645131e+00 -1.5354714115e+00  3.8400859233e+00  8.5530152277e+00 -5.6008474096e+00  3.1350273105e+00  7.4804546097e+00 -1.0602847809e+00  1.3985880470e+00  8.7219450772e+00 -5.1365142830e+00  7.0681982039e-01
ENERGY -1.568666261599e+03

JOB 9
COORDS  7.9000161163e+00 -3.6039452073e+00  3.6340091353e+00  7.5296246502e+00 -2.3519303205e+00  3.1340547621e+00  8.3992137872e+00 -4.5891158602e+00  2.7740038049e+00  7.6523066923e+00 -2.0782383906e+00  1.7699713765e+00  8.5246189065e+00 -4.3279783528e+00  1.4090639936e+00  8.1403325167e+00 -3.0751656096e+00  9.1018557006e-01  8.3018192137e+00 -1.1858433827e+00 -1.1323350628e+00  8.2557131093e+00 -2.6317014276e+00 -8.3142577092e-01  9.8497459116e+00 -3.7137244115e+00 -1.5785663494e+00  6.6497190605e+00 -3.5948841165e+00 -1.7210043760e+00  7.8066700237e+00 -3.8114056985e+00  4.6965565086e+00  7.1524312671e+00 -1.5847404875e+00  3.8042403851e+00  8.6948071606e+00 -5.5582198622e+00  3.1655785206e+00  7.3848459087e+00 -1.1032936217e+00  1.3738647925e+00  8.9149234011e+00 -5.0917117960e+00  7.4335126223e-01
ENERGY -1.568665552668e+03

JOB 10
COORDS  1.8699019260e+00 -1.0731004475e+00 -1.6105405753e-01  3.0733141826e+00 -8.3116545278e-01  5.1050690755e-01  6.9259026107e-01 -1.2925399550e+00  5.6124439207e-01  3.1055636283e+00 -8.1029503167e-01  1.9056077773e+00  7.1333158410e-01 -1.2791934654e+00  1.9576249287e+00  1.9232782109e+00 -1.0505789141e+00  2.6262929931e+00  3.0422876496e+00  6.5782019087e-05  4.9558241260e+00  2.0761824366e+00 -9.8151181054e-01  4.4213233659e+00  1.5486611853e-01 -7.8075133257e-01  5.1526847055e+00  2.5283109482e+00 -2.9293840562e+00  4.9732556785e+00  1.8482767765e+00 -1.0837535574e+00 -1.2474723820e+00  3.9856894668e+00 -6.4910937306e-01 -5.0331621477e-02 -2.4388338818e-01 -1.4701515758e+00  4.0137392933e-02  4.0327287911e+00 -6.0109578060e-01  2.4310566701e+00 -2.0217295248e-01 -1.4490897302e+00  2.5145300200e+00
ENERGY -1.568664417142e+03

JOB 11
COORDS  1.8721986715e+00 -1.0702938450e+00 -1.6861160771e-01  3.0850073585e+00 -9.1940736140e-01  5.1391623228e-01  6.7878192680e-01 -1.2135569330e+00  5.4433088298e-01  3.1069993495e+00 -9.1339939027e-01  1.9083451210e+00  6.8940347124e-01 -1.2141624176e+00  1.9419733803e+00  1.9063488900e+00 -1.0777568260e+00  2.6216320108e+00  2.8338616164e+00  1.3899155363e-01  4.9630172636e+00  2.0502904995e+00 -9.8897987155e-01  4.4184815361e+00  1.2836296585e-01 -1.1275980801e+00  5.1599667502e+00  2.8429301791e+00 -2.8325151673e+00  4.9457475812e+00  1.8581902871e+00 -1.0709548509e+00 -1.2551807794e+00  4.0125927462e+00 -7.9811086927e-01 -3.8292469505e-02 -2.6411409225e-01 -1.3224864479e+00  1.5976838975e-02  4.0459956077e+00 -7.7826457540e-01  2.4376094186e+00 -2.3997517635e-01 -1.3278662857e+00  2.4894616890e+00
ENERGY -1.568663248970e+03

JOB 12
COORDS  1.8622439168e+00 -1.0695059743e+00 -1.4824402666e-01  3.0839939577e+00 -1.0040651792e+00  5.3206362388e-01  6.6420461338e-01 -1.1323363805e+00  5.6793938339e-01  3.1094750998e+00 -1.0004137400e+00  1.9263150001e+00  6.7809946812e-01 -1.1343301138e+00  1.9656871446e+00  1.9026882749e+00 -1.0789319063e+00  2.6432550172e+00  2.5864534687e+00  3.1259834021e-01  4.9789444658e+00  2.0271179406e+00 -9.4457555872e-01  4.4406636923e+00  1.5362307068e-01 -1.4131549674e+00  5.1742290762e+00  3.1361273058e+00 -2.6063486956e+00  4.9934574683e+00  1.8458144408e+00 -1.0699485781e+00 -1.2347539729e+00  4.0168767850e+00 -9.5094332273e-01 -2.1965209381e-02 -2.8547213428e-01 -1.1788670279e+00  4.2584858701e-02  4.0596160312e+00 -9.4194428854e-01  2.4497658151e+00 -2.5594547998e-01 -1.1867490377e+00  2.5144597241e+00
ENERGY -1.568662383709e+03

JOB 13
COORDS  1.8676280674e+00 -1.0690961159e+00 -1.6069609032e-01  3.0865499947e+00 -1.0889364407e+00  5.2603763426e-01  6.6411317685e-01 -1.0481720733e+00  5.4968151018e-01  3.1054767956e+00 -1.0889145010e+00  1.9211543476e+00  6.7145608216e-01 -1.0486383472e+00  1.9468045142e+00  1.8940817155e+00 -1.0802843139e+00  2.6322686527e+00  2.2644727266e+00  4.3244853810e-01  4.9729977892e+00  1.9658996304e+00 -9.0960276074e-01  4.4312978960e+00  1.8783063608e-01 -1.7024136398e+00  5.1278684640e+00  3.3416156223e+00 -2.3405476870e+00  5.0245538315e+00  1.8568984650e+00 -1.0709246190e+00 -1.2472667279e+00  4.0239164771e+00 -1.1033998910e+00 -2.2747888935e-02 -2.8395369732e-01 -1.0317710406e+00  1.9642031465e-02  4.0554195289e+00 -1.1063773066e+00  2.4469629698e+00 -2.6758107083e-01 -1.0368607517e+00  2.4901287751e+00
ENERGY -1.568661935668e+03

JOB 14
COORDS  1.8495245816e+00 -1.0553199715e+00 -1.3663314839e-01  3.0765056133e+00 -1.1673815381e+00  5.2398830026e-01  6.6378102819e-01 -9.5346044939e-01  5.9849185830e-01  3.1241511577e+00 -1.1796977355e+00  1.9198472110e+00  7.0059136758e-01 -9.6405865181e-01  1.9936430845e+00  1.9332141533e+00 -1.0860349938e+00  2.6547486139e+00  1.9705167016e+00  4.2972661986e-01  5.0236670205e+00  1.9746589526e+00 -9.3510119640e-01  4.4570893265e+00  3.8007854717e-01 -2.0841489879e+00  5.1096634767e+00  3.6026941954e+00 -2.0618183975e+00  5.0556132847e+00  1.8165340815e+00 -1.0495205385e+00 -1.2227290081e+00  3.9990751260e+00 -1.2467038315e+00 -4.4022029921e-02 -2.9125154848e-01 -8.6626774043e-01  8.8223577918e-02  4.0802218213e+00 -1.2723102775e+00  2.4246821538e+00 -2.2440264463e-01 -8.8890434868e-01  2.5569631848e+00
ENERGY -1.568661876226e+03

JOB 15
COORDS  1.8419714024e+00 -1.0717727154e+00 -1.4236583095e-01  3.0648138820e+00 -1.2697714228e+00  5.0390020416e-01  6.7754335579e-01 -8.6574182295e-01  6.0680561858e-01  3.1320805766e+00 -1.2655122236e+00  1.9000439393e+00  7.3355637726e-01 -8.5536529285e-01  2.0002343095e+00  1.9650663192e+00 -1.0587532362e+00  2.6466598598e+00  1.6385145443e+00  3.7812836511e-01  5.0330980644e+00  1.9639530997e+00 -9.4034933785e-01  4.4504238050e+00  6.3828568822e-01 -2.4147215359e+00  5.0530133365e+00  3.7839574935e+00 -1.6963891954e+00  5.0680260834e+00  1.7942959436e+00 -1.0790394721e+00 -1.2279238509e+00  3.9700609640e+00 -1.4301881605e+00 -7.4764066686e-02 -2.7455030295e-01 -7.1155047945e-01  1.0703614527e-01  4.0840002895e+00 -1.4265121675e+00  2.3942473679e+00 -1.7271407520e-01 -6.9211357295e-01  2.5764674608e+00
ENERGY -1.568662282787e+03

JOB 16
COORDS  1.8533252911e+00 -1.0786756998e+00 -1.2286767219e-01  3.0349274402e+00 -1.3864497325e+00  5.5714474509e-01  6.9493713554e-01 -7.5249624878e-01  5.9215880302e-01  3.0664171937e+00 -1.3741837911e+00  1.9543440565e+00  7.1615395076e-01 -7.3154058252e-01  1.9865214547e+00  1.9079312251e+00 -1.0389428576e+00  2.6663150413e+00  1.1731452411e+00  1.7883024190e-01  5.0722181353e+00  1.8066698902e+00 -1.0117049106e+00  4.4680493326e+00  7.8913527763e-01 -2.7561053542e+00  4.9379550023e+00  3.7120381460e+00 -1.3926299932e+00  5.1627362573e+00  1.8335865737e+00 -1.0928194637e+00 -1.2092547646e+00  3.9344008865e+00 -1.6399283735e+00  3.2776283924e-03 -2.2410245299e-01 -5.1189034083e-01  6.5330514508e-02  3.9839064042e+00 -1.6228827871e+00  2.4767453807e+00 -1.7965689079e-01 -4.6803013859e-01  2.5416682700e+00
ENERGY -1.568663321848e+03

JOB 17
COORDS  1.8523475198e+00 -1.0737650412e+00 -1.2856781035e-01  3.0046080784e+00 -1.4691412389e+00  5.5907040509e-01  7.1752340317e-01 -6.6062213129e-01  5.7768313925e-01  3.0271956108e+00 -1.4579547661e+00  1.9551862526e+00  7.3010954975e-01 -6.4041258372e-01  1.9733977328e+00  1.8914033592e+00 -1.0350381436e+00  2.6587722181e+00  9.1873221594e-01 -1.3210909070e-04  5.0569931036e+00  1.7737813413e+00 -1.0454539069e+00  4.4571059373e+00  1.1216957803e+00 -2.9574711474e+00  4.9218025029e+00  3.7168417045e+00 -1.0545238561e+00  5.1552075579e+00  1.8396486585e+00 -1.0859494629e+00 -1.2151176618e+00  3.8862925449e+00 -1.7878950690e+00  1.0347816938e-02 -1.7645036794e-01 -3.5079620341e-01  4.3864128733e-02  3.9210088507e+00 -1.7698637948e+00  2.4856472897e+00 -1.4278263209e-01 -3.0776647072e-01  2.5273509202e+00
ENERGY -1.568664661507e+03

JOB 18
COORDS  1.8617920630e+00 -1.0634544730e+00 -1.0852790112e-01  2.9744828823e+00 -1.5434683428e+00  5.9299668105e-01  7.4943104800e-01 -5.7398564049e-01  5.8283183772e-01  2.9777766559e+00 -1.5395347675e+00  1.9880992865e+00  7.4167214589e-01 -5.6229928039e-01  1.9798370998e+00  1.8610644496e+00 -1.0436347597e+00  2.6763067325e+00  7.0818702910e-01 -1.6854797415e-01  5.0555071687e+00  1.7341830000e+00 -1.0577992937e+00  4.4722050671e+00  1.4466618598e+00 -3.0508371318e+00  4.9603505439e+00  3.6490163311e+00 -7.1205355235e-01  5.1672105776e+00  1.8642435716e+00 -1.0699371637e+00 -1.1952245199e+00  3.8388890197e+00 -1.9206746325e+00  5.3925877762e-02 -1.1204931616e-01 -1.9896406421e-01  3.7537275416e-02  3.8406491266e+00 -1.9131185058e+00  2.5311934717e+00 -1.1254275275e-01 -1.7612325705e-01  2.5277217094e+00
ENERGY -1.568665756708e+03

JOB 19
COORDS  1.8717221474e+00 -1.0424916417e+00 -1.0870686885e-01  2.9425718349e+00 -1.6079194812e+00  5.9593510156e-01  7.8609578428e-01 -4.9294437848e-01  5.7895223321e-01  2.9305866484e+00 -1.6263883480e+00  1.9901942673e+00  7.6286023737e-01 -5.0485193466e-01  1.9765402358e+00  1.8391929152e+00 -1.0714063290e+00  2.6747227358e+00  5.6915580305e-01 -3.4867150928e-01  5.0441134913e+00  1.7233472129e+00 -1.0717019274e+00  4.4708394036e+00  1.7986889506e+00 -3.0687364346e+00  5.0110950506e+00  3.5591489647e+00 -3.8510214815e-01  5.1321634091e+00  1.8865491161e+00 -1.0308008577e+00 -1.1952915243e+00  3.7854122811e+00 -2.0333478063e+00  5.8626738847e-02 -4.3090386982e-02 -5.4187497683e-02  3.1118355847e-02  3.7611115904e+00 -2.0642669587e+00  2.5365494277e+00 -7.2227201721e-02 -7.9226369393e-02  2.5244762656e+00
ENERGY -1.568666316651e+03

JOB 20
COORDS  1.7291165251e+00 -1.0524006384e+00 -1.8244982461e-01  2.8120966900e+00 -1.3847209106e+00  6.4187208093e-01  6.6234486241e-01 -3.0328928226e-01  3.2189775654e-01  2.8315630981e+00 -9.6822147197e-01  1.9725140704e+00  6.7020390071e-01  1.1945946932e-01  1.6542102262e+00  1.7569706831e+00 -2.1869860644e-01  2.4737263665e+00  4.4733317648e-01  1.0317214143e+00  4.5895113779e+00  1.7084462441e+00  3.8755884276e-01  4.1675883756e+00  2.2673134504e+00 -1.2252922843e+00  5.3363997135e+00  3.3648528044e+00  1.6181255951e+00  4.3396082655e+00  1.7188130109e+00 -1.3799831023e+00 -1.2185925145e+00  3.6394414568e+00 -1.9679191241e+00  2.4760424482e-01 -1.7718709904e-01 -4.7439821481e-02 -3.1832808054e-01  3.6710988167e+00 -1.2260399218e+00  2.6117245805e+00 -1.5333274818e-01  6.9857885902e-01  2.0606836881e+00
ENERGY -1.568666278430e+03

JOB 21
COORDS  1.7418647428e+00 -1.0353349009e+00 -1.9168421565e-01  2.7745077245e+00 -1.4562583457e+00  6.5493799544e-01  7.0967621844e-01 -2.3118060565e-01  3.0125552194e-01  2.7813712800e+00 -1.0721573690e+00  1.9962344812e+00  7.0394108578e-01  1.5755598450e-01  1.6430139318e+00  1.7410719665e+00 -2.6992108716e-01  2.4867200907e+00  3.7217302594e-01  7.9469633215e-01  4.6688151765e+00  1.6909651184e+00  3.4314613718e-01  4.1789110481e+00  2.5737821723e+00 -1.1293454232e+00  5.3293241379e+00  3.1325021774e+00  1.8319910991e+00  4.2341774957e+00  1.7420450917e+00 -1.3370114257e+00 -1.2356825254e+00  3.5744605009e+00 -2.0828213828e+00  2.7078558810e-01 -9.2723928466e-02  9.2770474894e-02 -3.5550038243e-01  3.5841131907e+00 -1.3973791787e+00  2.6509289123e+00 -9.7789096310e-02  7.7357661036e-01  2.0389881368e+00
ENERGY -1.568665638512e+03

JOB 22
COORDS  1.7469845799e+00 -1.0247151504e+00 -2.0116397559e-01  2.7295075105e+00 -1.5259544663e+00  6.5888630833e-01  7.6465469846e-01 -1.5439881801e-01  2.8376324644e-01  2.7387892947e+00 -1.1570403094e+00  2.0057653120e+00  7.6011774473e-01  2.1706327952e-01  1.6291204423e+00  1.7481885586e+00 -2.9182318158e-01  2.4891324720e+00  3.4885871630e-01  5.4032587405e-01  4.7561104717e+00  1.6927665117e+00  3.1208924527e-01  4.1864948719e+00  2.8883756693e+00 -9.6461339887e-01  5.2852949376e+00  2.8491368775e+00  2.0341213311e+00  4.1527232321e+00  1.7458825366e+00 -1.3135770775e+00 -1.2487586477e+00  3.4909583902e+00 -2.2034269071e+00  2.8301217993e-01 -4.1814524851e-04  2.3308783969e-01 -3.8304434202e-01  3.5061993818e+00 -1.5433292486e+00  2.6684309352e+00 -8.2565932686e-03  8.8143815037e-01  2.0135974628e+00
ENERGY -1.568664461872e+03

JOB 23
COORDS  1.7465101461e+00 -1.0283169951e+00 -2.1217710587e-01  2.6753481545e+00 -1.6016212882e+00  6.6050314050e-01  8.2670791267e-01 -8.5037772356e-02  2.6097352604e-01  2.6946833161e+00 -1.2344017737e+00  2.0089722000e+00  8.3285893098e-01  2.8470682761e-01  1.6056381083e+00  1.7685594841e+00 -2.9566189657e-01  2.4802318595e+00  3.7495858832e-01  2.4540859861e-01  4.8476994315e+00  1.6982174391e+00  2.7520034952e-01  4.1913242013e+00  3.1765884124e+00 -7.5131128342e-01  5.2039469222e+00  2.4970257851e+00  2.1882409605e+00  4.1054272145e+00  1.7384231118e+00 -1.3148606868e+00 -1.2603427497e+00  3.3897674994e+00 -2.3336789086e+00  2.9478257338e-01  1.0320827842e-01  3.6120140962e-01 -4.1540703691e-01  3.4242332398e+00 -1.6760021988e+00  2.6791320467e+00  1.1257992215e-01  1.0097585122e+00  1.9740528013e+00
ENERGY -1.568663115933e+03

