JOB 0
COORDS -8.3334008358e-01  1.2106552121e+00  1.2998905406e+00 -3.1914234330e-01 -2.7641581958e+00  2.1408116193e+00  1.4436105925e+00  9.5117154584e-01  3.7582900905e-01  1.0768470658e+00  1.5087430640e+00  2.8355942544e+00  5.3884439798e-01  7.4786192878e-01  1.6079859506e+00 -1.8779709372e+00  1.6566516501e+00  1.0553625929e+00 -4.5615075644e-01 -1.3206831502e+00  1.8257803019e+00  6.1087423574e-01 -6.9648954137e-01  1.9436014935e+00  7.9397001013e-01 -3.1153424187e+00  2.8398463855e+00 -1.2153807514e+00 -3.5080123759e+00  1.7948010020e+00  2.4498623084e+00  5.8761009498e-01  6.0051545853e-01  1.0498819424e+00  4.0465528868e-01 -4.8433366053e-01  1.4943290000e+00  2.0134695914e+00  1.2602526337e-01  2.0885528467e+00  1.1622240235e+00  3.0625189843e+00  4.3790461302e-01  1.3394652129e+00  3.7056511935e+00  1.1048414642e+00  2.5800846982e+00  2.6240586214e+00  9.7375795211e-01 -4.1036417434e+00  2.9548742677e+00  1.5608498618e+00 -2.4570708590e+00  2.8999249516e+00
ENERGY -4.896142767796e+02

JOB 1
COORDS -8.4331119182e-01  1.2008107713e+00  1.3614779642e+00 -2.6163163631e-01 -2.7859330470e+00  2.0506993264e+00  1.3943301584e+00  9.6968057472e-01  3.3626910759e-01  1.1289703431e+00  1.4852768266e+00  2.8183044361e+00  5.4357315790e-01  7.4208004893e-01  1.6020700732e+00 -1.9028672695e+00  1.6401899051e+00  1.1761523617e+00 -4.2564314335e-01 -1.3410515775e+00  1.7889176151e+00  6.3648011011e-01 -7.0835022003e-01  1.9102681558e+00  6.7118529553e-01 -3.1047579749e+00  2.9930212504e+00 -9.9291687468e-01 -3.5606043883e+00  1.4670874240e+00  2.4106609072e+00  6.0756409902e-01  5.1271355634e-01  9.6702368163e-01  4.3388624537e-01 -5.1451341922e-01  1.4297279197e+00  2.0359929925e+00  1.0120040444e-01  2.1507590487e+00  1.1399641532e+00  2.9967763653e+00  5.2757110858e-01  1.2994444460e+00  3.7116030879e+00  1.1439678656e+00  2.5601570546e+00  2.6241421205e+00  8.9611951316e-01 -4.0871705012e+00  3.0850407726e+00  1.3967347778e+00 -2.4261729726e+00  3.1912750811e+00
ENERGY -4.896143501445e+02

JOB 2
COORDS -8.2644115550e-01  1.2385397578e+00  1.4335619633e+00 -1.8799407546e-01 -2.7596668743e+00  1.9434284217e+00  1.3584745045e+00  1.0144977058e+00  2.9647790591e-01  1.2149650106e+00  1.5156949908e+00  2.7918383505e+00  5.7119304623e-01  7.8060581388e-01  1.6017339579e+00 -1.8973555786e+00  1.6735647573e+00  1.3146868896e+00 -3.7285263254e-01 -1.3167950726e+00  1.7278547139e+00  6.7800787716e-01 -6.7446153236e-01  1.8925509315e+00  4.6128087185e-01 -3.0823778371e+00  3.0998341492e+00 -6.7643895332e-01 -3.5330294678e+00  1.1443871750e+00  2.3797585490e+00  6.4390815222e-01  4.1855017487e-01  8.8478135062e-01  4.8783443871e-01 -5.3513801956e-01  1.3896538790e+00  2.0826676604e+00  6.9142228830e-02  2.2447205326e+00  1.1703754578e+00  2.9159362538e+00  6.5980233613e-01  1.3224415873e+00  3.7133184396e+00  1.2185220661e+00  2.5922673716e+00  2.6069204538e+00  7.0764836535e-01 -4.0581629821e+00  3.2120619694e+00  1.0831105110e+00 -2.3927182146e+00  3.5040499745e+00
ENERGY -4.896142663074e+02

JOB 3
COORDS -8.3134403593e-01  1.2167773074e+00  1.5088739976e+00 -8.8534719590e-02 -2.7678446516e+00  1.9045159559e+00  1.2993624347e+00  1.0433917119e+00  2.6300175403e-01  1.2694435221e+00  1.5228140332e+00  2.7665568431e+00  5.8157868453e-01  7.8585313085e-01  1.6032313817e+00 -1.9179919109e+00  1.6246865669e+00  1.4516356142e+00 -3.1308009887e-01 -1.3319445378e+00  1.7301154828e+00  7.2967845231e-01 -6.7121411201e-01  1.8734776117e+00  2.9684232056e-01 -3.1188298673e+00  3.1649138089e+00 -3.3751414323e-01 -3.5198639124e+00  9.8345754826e-01  2.3312229780e+00  6.8887512531e-01  3.3212277318e-01  7.9458113447e-01  5.1416913669e-01 -5.4841168097e-01  1.3018796366e+00  2.1136358354e+00  4.3164965765e-02  2.3091288835e+00  1.1930004774e+00  2.8382431136e+00  7.6281512279e-01  1.3137690114e+00  3.7124063415e+00  1.2466370384e+00  2.6007879008e+00  2.5913875764e+00  5.4811479248e-01 -4.0898736632e+00  3.3049638787e+00  7.5127255250e-01 -2.4274057107e+00  3.7475359688e+00
ENERGY -4.896141377378e+02

JOB 4
COORDS -8.3585483770e-01  1.1232593374e+00  1.6547828216e+00  1.3217096112e-01 -2.8128230222e+00  1.9702363218e+00  1.1937309131e+00  1.0348644060e+00  2.3786355161e-01  1.3428720306e+00  1.5574659096e+00  2.7286308178e+00  6.0081245701e-01  7.6786857113e-01  1.6360795408e+00 -1.9467522996e+00  1.4626358424e+00  1.6946405818e+00 -1.6363860596e-01 -1.3948860974e+00  1.7982919925e+00  8.4403485692e-01 -6.7712223173e-01  1.9106386187e+00  2.7634178689e-01 -3.1798057916e+00  3.2730001549e+00  1.6419893581e-01 -3.5469517839e+00  1.0018343215e+00  2.2433900439e+00  7.2953398126e-01  2.2766129003e-01  6.5117564744e-01  4.6728851594e-01 -5.2151787801e-01  1.1276866031e+00  2.1001068455e+00  3.8841057938e-03  2.3987127165e+00  1.2753212955e+00  2.7211922463e+00  9.2561302642e-01  1.3420055772e+00  3.7157493563e+00  1.2552836735e+00  2.6299482869e+00  2.5405149239e+00  2.6516722054e-01 -4.1693008444e+00  3.4861137180e+00  8.7881009145e-02 -2.5218029522e+00  4.0167249180e+00
ENERGY -4.896140208830e+02

JOB 5
COORDS -8.1682733990e-01  1.1118395435e+00  1.7124068586e+00  2.4174532914e-01 -2.8017695100e+00  1.9896389105e+00  1.1531458301e+00  1.0701061041e+00  2.1073336701e-01  1.3971185327e+00  1.5854030649e+00  2.6956293190e+00  6.2473541960e-01  7.8613958102e-01  1.6313899116e+00 -1.9337376887e+00  1.4214745592e+00  1.7997031021e+00 -9.0518696016e-02 -1.3897065888e+00  1.8406422688e+00  9.0874636034e-01 -6.5451164465e-01  1.8868004217e+00  1.5785409340e-01 -3.2220726105e+00  3.2836675899e+00  4.9262795459e-01 -3.4870351392e+00  1.0176694390e+00  2.2062770276e+00  7.8254100674e-01  1.5474904931e-01  5.8922787117e-01  4.9703708922e-01 -5.2868728380e-01  1.0591585773e+00  2.1352653030e+00 -1.3914521735e-02  2.4570293681e+00  1.3247259269e+00  2.6407770889e+00  1.0278745056e+00  1.3555664944e+00  3.6983986255e+00  1.2798209687e+00  2.6567958789e+00  2.5175730367e+00  1.2930340251e-01 -4.2220022172e+00  3.4414952075e+00 -2.7439234068e-01 -2.6226820511e+00  3.9747698654e+00
ENERGY -4.896144290733e+02

JOB 6
COORDS -8.0515613468e-01  1.0868372323e+00  1.7652767363e+00  3.3194103192e-01 -2.8016641239e+00  2.0754987379e+00  1.1104617434e+00  1.0740168837e+00  1.9434939072e-01  1.4346729142e+00  1.6027320924e+00  2.6671540448e+00  6.3836759406e-01  7.8565109819e-01  1.6339450993e+00 -1.9238894855e+00  1.3777960771e+00  1.8869209589e+00 -3.1145242557e-02 -1.3943241871e+00  1.9264678419e+00  9.5830559606e-01 -6.4701347042e-01  1.8833722380e+00  3.3912390486e-02 -3.2621221676e+00  3.3244372107e+00  7.8013946048e-01 -3.4489254004e+00  1.1497749702e+00  2.1668677778e+00  8.0897929548e-01  1.0267841239e-01  5.3398914998e-01  4.8578418615e-01 -5.2318476790e-01  9.8488787270e-01  2.1358286678e+00 -3.0745203348e-02  2.4958040402e+00  1.3573565045e+00  2.5770750415e+00  1.1033787759e+00  1.3726726850e+00  3.6829513024e+00  1.2951192241e+00  2.6711373603e+00  2.4870695312e+00  2.3979098338e-02 -4.2669430793e+00  3.4495809621e+00 -5.6999375625e-01 -2.7086857475e+00  3.9190971978e+00
ENERGY -4.896147725492e+02

JOB 7
COORDS -7.8731444579e-01  1.0796758116e+00  1.8180830194e+00  4.1671966956e-01 -2.7886448817e+00  2.1577795946e+00  1.0731175344e+00  1.0871785267e+00  1.8220108259e-01  1.4768488692e+00  1.6243382127e+00  2.6413018467e+00  6.5468146221e-01  7.9523968593e-01  1.6377260032e+00 -1.9057494292e+00  1.3559397721e+00  1.9723665804e+00  2.5404909886e-02 -1.3835842544e+00  2.0068390082e+00  1.0024595963e+00 -6.3075458053e-01  1.8777244964e+00 -8.4242318361e-02 -3.2948715087e+00  3.3207525094e+00  1.0483007402e+00 -3.3927683502e+00  1.3138514396e+00  2.1277232780e+00  8.3083499444e-01  5.3640846095e-02  4.7701585627e-01  4.9415458856e-01 -5.1511485691e-01  9.3016383412e-01  2.1477655909e+00 -3.8225634407e-02  2.5372115541e+00  1.3930924435e+00  2.5130828311e+00  1.1851255905e+00  1.3905406229e+00  3.6682572402e+00  1.3162001020e+00  2.6904518723e+00  2.4651745122e+00 -5.3577588855e-02 -4.2997600232e+00  3.4380477773e+00 -8.0800657646e-01 -2.7804786684e+00  3.8064674577e+00
ENERGY -4.896151194488e+02

JOB 8
COORDS -7.7795954894e-01  1.0722094586e+00  1.8460233983e+00  4.6993669209e-01 -2.7848226374e+00  2.2014731233e+00  1.0359870355e+00  1.1065077599e+00  1.5970975191e-01  1.5065112405e+00  1.6197708535e+00  2.6116470049e+00  6.6012707741e-01  7.9593912297e-01  1.6229811511e+00 -1.8937384208e+00  1.3428404244e+00  2.0270745700e+00  5.9680099788e-02 -1.3772841687e+00  2.0585743584e+00  1.0231884692e+00 -6.2828429194e-01  1.8389736207e+00 -2.0465550103e-01 -3.3415897310e+00  3.2463745238e+00  1.2522883287e+00 -3.3441782413e+00  1.4599259833e+00  2.0896388216e+00  8.6398929694e-01  9.0322246333e-04  4.2863946204e-01  5.1323408171e-01 -5.2771751941e-01  8.7396826853e-01  2.1671481724e+00 -4.6799565241e-02  2.5636269446e+00  1.3910707659e+00  2.4552993788e+00  1.2403480994e+00  1.3784093888e+00  3.6437209903e+00  1.3396465937e+00  2.6866707748e+00  2.4461185391e+00 -1.4216755628e-01 -4.3439444140e+00  3.3679668419e+00 -9.9936945163e-01 -2.8520221867e+00  3.6368365730e+00
ENERGY -4.896154961479e+02

JOB 9
COORDS -7.5981533473e-01  1.0643923297e+00  1.8849256131e+00  5.4358010737e-01 -2.7776588632e+00  2.2729701736e+00  1.0016889894e+00  1.1140359330e+00  1.4587885764e-01  1.5446222082e+00  1.6252157679e+00  2.5827296192e+00  6.7306499211e-01  7.9698854261e-01  1.6189914704e+00 -1.8731449020e+00  1.3278535007e+00  2.0900994008e+00  1.0921044016e-01 -1.3702767094e+00  2.1191581448e+00  1.0533380445e+00 -6.2296215847e-01  1.8240736542e+00 -2.9420486328e-01 -3.3832712747e+00  3.1576977818e+00  1.4688158169e+00 -3.2915964525e+00  1.6785766919e+00  2.0512529061e+00  8.7793975653e-01 -4.5884683131e-02  3.7664564157e-01  5.1972952245e-01 -5.2469361526e-01  8.2691135955e-01  2.1741949359e+00 -5.2508512600e-02  2.5977621302e+00  1.4028433296e+00  2.3939475729e+00  1.3111768448e+00  1.3809574417e+00  3.6219585652e+00  1.3661165226e+00  2.6911618615e+00  2.4230431553e+00 -2.0392841081e-01 -4.3792468940e+00  3.3066173414e+00 -1.1339110317e+00 -2.9059439811e+00  3.4577987649e+00
ENERGY -4.896158349024e+02

JOB 10
COORDS -7.5903342099e-01  1.0675404987e+00  1.9449123325e+00  5.7276143246e-01 -2.7650529455e+00  2.3840262081e+00  9.4349654842e-01  1.0957782913e+00  1.4846329788e-01  1.5677779931e+00  1.6375836025e+00  2.5587158431e+00  6.6467007103e-01  7.9651772285e-01  1.6353492791e+00 -1.8657677588e+00  1.3334969382e+00  2.1804039412e+00  1.2465035680e-01 -1.3580762180e+00  2.2066592598e+00  1.0532547503e+00 -6.1940848596e-01  1.8483553768e+00 -4.0330300116e-01 -3.4206483432e+00  3.0654656340e+00  1.6136099700e+00 -3.2347967649e+00  1.9739677105e+00  1.9866933869e+00  8.5935027224e-01 -7.5033788580e-02  2.9766114009e-01  4.9251430393e-01 -4.9391564516e-01  7.5984954967e-01  2.1530194581e+00 -5.7382990762e-02  2.6140179502e+00  1.4109618680e+00  2.3393183890e+00  1.3676744064e+00  1.4080884922e+00  3.6081493280e+00  1.3846851473e+00  2.7012912695e+00  2.3893567646e+00 -2.9918340408e-01 -4.4094804886e+00  3.2471382772e+00 -1.2700232273e+00 -2.9486045559e+00  3.2859757189e+00
ENERGY -4.896160548667e+02

JOB 11
COORDS -7.4336292995e-01  1.0857024043e+00  1.9802396969e+00  6.1840392521e-01 -2.7334306053e+00  2.4617934397e+00  9.0783975188e-01  1.1048165625e+00  1.3802983919e-01  1.6014199839e+00  1.6556582513e+00  2.5271072056e+00  6.7131460917e-01  8.1179841752e-01  1.6333990081e+00 -1.8447881637e+00  1.3531387826e+00  2.2378574522e+00  1.5883585051e-01 -1.3296373753e+00  2.2734578618e+00  1.0656419226e+00 -6.0223024274e-01  1.8436913947e+00 -4.4126720078e-01 -3.4431643779e+00  2.9296654465e+00  1.7329720539e+00 -3.1556798199e+00  2.2351843707e+00  1.9471948402e+00  8.7774361674e-01 -1.1140353890e-01  2.5158982935e-01  4.9098114094e-01 -4.8359178722e-01  7.0725991118e-01  2.1585553042e+00 -6.9696482892e-02  2.6407973600e+00  1.4239002107e+00  2.2820649901e+00  1.4280482510e+00  1.4338841902e+00  3.5829018762e+00  1.4173867413e+00  2.7188358887e+00  2.3550095697e+00 -3.2994573162e-01 -4.4273693694e+00  3.1307930538e+00 -1.3274557039e+00 -2.9831761297e+00  3.0899828547e+00
ENERGY -4.896161352721e+02

JOB 12
COORDS -7.3499727588e-01  1.0885659469e+00  2.0194063641e+00  6.3182158054e-01 -2.7177903481e+00  2.5604095101e+00  8.6698552321e-01  1.0878801012e+00  1.3576344521e-01  1.6286211618e+00  1.6431183893e+00  2.5030586401e+00  6.6803676983e-01  8.0282625661e-01  1.6372626378e+00 -1.8303963107e+00  1.3624236477e+00  2.2953654211e+00  1.7413447408e-01 -1.3184254608e+00  2.3560737883e+00  1.0582628301e+00 -6.1279665584e-01  1.8492705503e+00 -4.6938909677e-01 -3.4722169184e+00  2.8152013324e+00  1.7826667691e+00 -3.1009832402e+00  2.5240974882e+00  1.8964582459e+00  8.4747496430e-01 -1.4081460775e-01  1.8685495825e-01  4.8040376613e-01 -4.6624586534e-01  6.7372367640e-01  2.1431286172e+00 -7.1115660342e-02  2.6593637692e+00  1.3997995391e+00  2.2338506549e+00  1.4790297596e+00  1.4285088246e+00  3.5638337961e+00  1.4503247147e+00  2.7068388820e+00  2.3282311712e+00 -3.5977924243e-01 -4.4572465400e+00  3.0133603461e+00 -1.3767635951e+00 -3.0326203003e+00  2.8925289494e+00
ENERGY -4.896160534542e+02

JOB 13
COORDS -7.0419743228e-01  1.1112235286e+00  2.0681246645e+00  6.6273298872e-01 -2.6821236514e+00  2.6620606368e+00  8.3591876791e-01  1.0683226127e+00  1.3471664270e-01  1.6779335772e+00  1.6550690241e+00  2.4673251441e+00  6.8361724228e-01  8.0927028951e-01  1.6460278599e+00 -1.7883905736e+00  1.3968912226e+00  2.3746051684e+00  2.0466342753e-01 -1.2928791846e+00  2.4313378732e+00  1.0709406028e+00 -6.0582154889e-01  1.8705820551e+00 -4.3073529314e-01 -3.4918860773e+00  2.6639077813e+00  1.8150262762e+00 -3.0154038770e+00  2.8481831171e+00  1.8555864021e+00  8.2025745158e-01 -1.7013360908e-01  1.3552967833e-01  4.5315261271e-01 -4.3552565642e-01  6.3918331249e-01  2.1204621826e+00 -8.4149604397e-02  2.6977013903e+00  1.3961820544e+00  2.1721134418e+00  1.5582455929e+00  1.4606461829e+00  3.5356985322e+00  1.5048158192e+00  2.7172009957e+00  2.2782536437e+00 -3.1194519881e-01 -4.4659275232e+00  2.9076824590e+00 -1.3556286165e+00 -3.0826021653e+00  2.6721111363e+00
ENERGY -4.896158349090e+02

JOB 14
COORDS -7.0076690783e-01  1.1361334433e+00  2.1036858491e+00  6.3741970715e-01 -2.6510898047e+00  2.7567546685e+00  7.8932834898e-01  1.0561998151e+00  1.3440989505e-01  1.7009116068e+00  1.6385728537e+00  2.4423724637e+00  6.7064117864e-01  8.0819090356e-01  1.6499698452e+00 -1.7755418587e+00  1.4383941681e+00  2.4269201534e+00  1.9428231334e-01 -1.2689365316e+00  2.5054212631e+00  1.0382520380e+00 -6.1319551473e-01  1.8766976196e+00 -4.0464550801e-01 -3.5004481371e+00  2.5340725431e+00  1.7485571231e+00 -2.9493066618e+00  3.1457104706e+00  1.7965886353e+00  7.8884308651e-01 -1.9451026005e-01  6.4412296798e-02  4.5038851769e-01 -4.1492116051e-01  6.0535288694e-01  2.1102210758e+00 -8.6296200539e-02  2.7081073765e+00  1.3600486966e+00  2.1226878039e+00  1.6047380955e+00  1.4497912225e+00  3.5140592374e+00  1.5427602844e+00  2.7029520771e+00  2.2527962029e+00 -2.9484823239e-01 -4.4659480358e+00  2.8154294188e+00 -1.3387932539e+00 -3.1218544476e+00  2.4460669401e+00
ENERGY -4.896154961578e+02

JOB 15
COORDS -6.9532126324e-01  1.1553388010e+00  2.1267594786e+00  6.1483727528e-01 -2.6306605463e+00  2.8186251375e+00  7.4830394830e-01  1.0517368844e+00  1.2526739976e-01  1.7234066595e+00  1.6076519374e+00  2.4141199168e+00  6.5857260064e-01  8.0223359480e-01  1.6419174512e+00 -1.7593888342e+00  1.4738087274e+00  2.4693372760e+00  1.9221777253e-01 -1.2497084444e+00  2.5647162872e+00  1.0011306148e+00 -6.2869039884e-01  1.8589862887e+00 -3.4555584302e-01 -3.5022912600e+00  2.3971524529e+00  1.6551014170e+00 -2.9103957973e+00  3.3804732926e+00  1.7442455468e+00  7.7026709705e-01 -2.2567281300e-01  3.2855285549e-03  4.5783084289e-01 -4.1010565022e-01  5.7513392277e-01  2.1086076071e+00 -9.0287190571e-02  2.7175901955e+00  1.3042312149e+00  2.0765287444e+00  1.6419170368e+00  1.4218228776e+00  3.4874751736e+00  1.5885776011e+00  2.6753885044e+00  2.2253643216e+00 -2.6031435521e-01 -4.4646526825e+00  2.6989699406e+00 -1.2708458735e+00 -3.1481003093e+00  2.1904136955e+00
ENERGY -4.896151194626e+02

JOB 16
COORDS -6.8442074437e-01  1.1852943721e+00  2.1730331365e+00  5.8620473935e-01 -2.5992519889e+00  2.9296101312e+00  7.0172894762e-01  1.0266045346e+00  1.3592678080e-01  1.7505403858e+00  1.5864389020e+00  2.3911421012e+00  6.4772407394e-01  7.9696881163e-01  1.6569762039e+00 -1.7337554953e+00  1.5304284371e+00  2.5346914476e+00  1.8636678511e-01 -1.2203043514e+00  2.6589086832e+00  9.6255739415e-01 -6.4057500941e-01  1.8838048456e+00 -2.5066012995e-01 -3.4878780301e+00  2.3207658169e+00  1.5171661167e+00 -2.8635741440e+00  3.6646191983e+00  1.6805323013e+00  7.1679696500e-01 -2.3862020626e-01 -7.1729093662e-02  4.4522074885e-01 -3.7228838316e-01  5.4826556143e-01  2.0846953562e+00 -8.8322884197e-02  2.7284597760e+00  1.2599870697e+00  2.0281752112e+00  1.6955099164e+00  1.4108502166e+00  3.4678654214e+00  1.6327497206e+00  2.6551485792e+00  2.1965528778e+00 -2.0399660063e-01 -4.4486167751e+00  2.6373544120e+00 -1.1341177622e+00 -3.1563946445e+00  1.9543830586e+00
ENERGY -4.896147725363e+02

JOB 17
COORDS -6.7027107009e-01  1.2308500344e+00  2.2089865926e+00  5.5338714465e-01 -2.5538929938e+00  3.0409540022e+00  6.5725128933e-01  1.0037906008e+00  1.4050804918e-01  1.7790835423e+00  1.5714527773e+00  2.3583917805e+00  6.3742734958e-01  8.0016359588e-01  1.6656812527e+00 -1.7028598680e+00  1.6064200911e+00  2.5880528093e+00  1.7918773470e-01 -1.1742848574e+00  2.7525448146e+00  9.1958935070e-01 -6.4283836084e-01  1.9096087140e+00 -1.2886404902e-01 -3.4493723704e+00  2.2722869566e+00  1.3444210739e+00 -2.8108990024e+00  3.9272211612e+00  1.6188317588e+00  6.6597870642e-01 -2.5397735091e-01 -1.4192139630e-01  4.3227760193e-01 -3.3845726267e-01  5.2132616539e-01  2.0611603787e+00 -9.7901149034e-02  2.7386506050e+00  1.2105078774e+00  1.9790995642e+00  1.7441909050e+00  1.4170556757e+00  3.4391783193e+00  1.6875374370e+00  2.6393237929e+00  2.1459392473e+00 -1.1528719498e-01 -4.4167383278e+00  2.5716231101e+00 -9.2079389610e-01 -3.1353278370e+00  1.7264380192e+00
ENERGY -4.896144290890e+02

JOB 18
COORDS -6.5845314267e-01  1.2667465685e+00  2.2577623209e+00  4.7128315007e-01 -2.5432624819e+00  3.1161379216e+00  5.9751341597e-01  9.7140898643e-01  1.5444406960e-01  1.8038795073e+00  1.5237840407e+00  2.3313326431e+00  6.1677464885e-01  7.8446697191e-01  1.6816830970e+00 -1.6650241160e+00  1.6880823455e+00  2.6579487208e+00  1.3913201211e-01 -1.1533004427e+00  2.8240904842e+00  8.5496161805e-01 -6.6546493952e-01  1.9336872059e+00 -2.7488072470e-02 -3.4205721729e+00  2.2027843956e+00  1.0798948894e+00 -2.8204524766e+00  4.1312884822e+00  1.5339860701e+00  5.9541794248e-01 -2.6521058317e-01 -2.3623662180e-01  4.2485928983e-01 -2.9397098899e-01  4.9188827046e-01  2.0303748140e+00 -9.1955221466e-02  2.7392482822e+00  1.1286118094e+00  1.9263142477e+00  1.7966723658e+00  1.3799594071e+00  3.4141209487e+00  1.7408652472e+00  2.5922474472e+00  2.1116420623e+00 -2.8573287766e-02 -4.4028814699e+00  2.4471417914e+00 -6.4564002845e-01 -3.1031616881e+00  1.4687877856e+00
ENERGY -4.896140208740e+02

JOB 19
COORDS -5.8990233072e-01  1.4118365908e+00  2.3287120896e+00  3.1093128237e-01 -2.4486502268e+00  3.2622834725e+00  5.2027428859e-01  9.3262285608e-01  1.7773742106e-01  1.8813295039e+00  1.5100595277e+00  2.2543597807e+00  6.1601933885e-01  8.1712249442e-01  1.7097777921e+00 -1.5342256914e+00  1.9321258923e+00  2.7623238516e+00  3.8749030931e-02 -1.0498213547e+00  2.9276332516e+00  7.7656572709e-01 -6.3067817093e-01  2.0197046476e+00  3.9131466232e-02 -3.3228028040e+00  2.2512048178e+00  6.5673788486e-01 -2.7280985054e+00  4.3928546347e+00  1.4079036041e+00  4.8244628982e-01 -2.7428532059e-01 -3.6961744389e-01  4.1905690719e-01 -1.9555038912e-01  4.6292978352e-01  1.9835298302e+00 -1.1472951968e-01  2.7666085739e+00  1.0398036868e+00  1.8180841166e+00  1.9288321830e+00  1.4184666432e+00  3.3418457116e+00  1.8688647457e+00  2.5691380535e+00  1.9861323051e+00  2.9637525127e-01 -4.2892843782e+00  2.4104095747e+00  4.6649533451e-02 -2.9853146173e+00  1.2972595473e+00
ENERGY -4.896141378525e+02

JOB 20
COORDS -5.5892466291e-01  1.4568452746e+00  2.3695327775e+00  2.0585806185e-01 -2.4460383412e+00  3.2832221755e+00  4.6207958047e-01  9.2120709009e-01  1.8792296263e-01  1.9096422210e+00  1.4625932346e+00  2.2151930936e+00  6.0300454989e-01  8.1213491713e-01  1.7173222279e+00 -1.4656120364e+00  2.0207030754e+00  2.8280502558e+00 -1.0466450677e-02 -1.0285994601e+00  2.9589328261e+00  7.1874845879e-01 -6.3760450565e-01  2.0318609516e+00  1.9749448546e-01 -3.2791231304e+00  2.2028688483e+00  2.9726517957e-01 -2.7692805862e+00  4.4506554173e+00  1.3180813129e+00  4.3688807287e-01 -2.8927713989e-01 -4.5731609284e-01  4.3788191759e-01 -1.5238512801e-01  4.3365293317e-01  1.9718082394e+00 -1.0982762181e-01  2.7632900149e+00  9.5861110834e-01  1.7541458649e+00  1.9889975114e+00  1.3775353990e+00  3.3013783340e+00  1.9257342278e+00  2.5195741728e+00  1.9391634628e+00  4.5669136457e-01 -4.2422296097e+00  2.3775305357e+00  4.2348126673e-01 -2.8881065379e+00  1.2967196654e+00
ENERGY -4.896142615708e+02

JOB 21
COORDS -5.2685916716e-01  1.4637045843e+00  2.4486837998e+00  8.1314714741e-02 -2.4987478307e+00  3.2466592789e+00  3.7720780649e-01  8.9763880019e-01  2.2261063199e-01  1.9298683062e+00  1.4036414469e+00  2.1796403854e+00  5.8548486870e-01  7.8576932936e-01  1.7452222976e+00 -1.3862366874e+00  2.0628551447e+00  2.9512250740e+00 -9.2985497184e-02 -1.0633348977e+00  2.9428210195e+00  6.7611536223e-01 -6.6504541298e-01  2.0523186778e+00  4.3183477198e-01 -3.2801859117e+00  2.1854108264e+00 -1.5336254124e-01 -2.8778640934e+00  4.3765694250e+00  1.1970020594e+00  3.9107493868e-01 -2.9360138661e-01 -5.6943591618e-01  4.3879444245e-01 -7.3237209845e-02  3.6395243905e-01  1.9489880105e+00 -7.3666876549e-02  2.7479706904e+00  8.8319834560e-01  1.6746274411e+00  2.0621946099e+00  1.3131425071e+00  3.2602863523e+00  1.9559771736e+00  2.4613434294e+00  1.9073947160e+00  6.9082172723e-01 -4.2348378884e+00  2.3993298026e+00  8.6958177479e-01 -2.8314737135e+00  1.3896490672e+00
ENERGY -4.896143501384e+02

JOB 22
COORDS -4.8801839431e-01  1.4964920179e+00  2.4863490824e+00 -1.6397436984e-02 -2.5085222705e+00  3.1988711830e+00  3.2129701123e-01  9.1818773137e-01  2.2657924499e-01  1.9539055510e+00  1.3649596337e+00  2.1320575450e+00  5.7780874028e-01  7.8923975542e-01  1.7408344230e+00 -1.3053434633e+00  2.1238199441e+00  3.0233779015e+00 -1.4020985273e-01 -1.0560233465e+00  2.9221950486e+00  6.3586439977e-01 -6.6468476468e-01  2.0352913457e+00  6.1567710018e-01 -3.2422640730e+00  2.2433282351e+00 -5.1652585602e-01 -2.9362483374e+00  4.2202496854e+00  1.1080260517e+00  3.9228424288e-01 -3.2077924311e-01 -6.4732126556e-01  4.8805452660e-01 -3.9253970106e-02  3.2820173511e-01  1.9718390076e+00 -6.1644921883e-02  2.7389464410e+00  8.2467576895e-01  1.5963260213e+00  2.1207856404e+00  1.2647257496e+00  3.2070854483e+00  2.0012024433e+00  2.4231147481e+00  1.8646198108e+00  8.2486229102e-01 -4.2062960943e+00  2.4650661862e+00  1.1614062564e+00 -2.7610384260e+00  1.5393209876e+00
ENERGY -4.896142766823e+02

JOB 23
COORDS -8.0852653185e-01  1.2245170841e+00  1.2308505857e+00 -3.8364070907e-01 -2.7202521472e+00  2.2454605522e+00  1.5057306543e+00  9.5124056906e-01  4.1291350575e-01  1.0319754590e+00  1.5246105586e+00  2.8505514953e+00  5.4620661152e-01  7.5819048975e-01  1.6041153323e+00 -1.8364976253e+00  1.6708049235e+00  9.2422696987e-01 -4.8880547524e-01 -1.2822426485e+00  1.8871382820e+00  5.9681754402e-01 -6.8351404206e-01  1.9531272935e+00  8.5400452365e-01 -3.1616823218e+00  2.5829376397e+00 -1.3988836291e+00 -3.3876424555e+00  2.2090330367e+00  2.5033611432e+00  6.0003108888e-01  6.8951514118e-01  1.1577375186e+00  3.8934988480e-01 -4.5709864421e-01  1.5593554763e+00  2.0100287963e+00  1.4936584910e-01  2.0249450512e+00  1.1652778087e+00  3.1334641143e+00  3.4578801197e-01  1.3739714946e+00  3.6873149510e+00  1.0877712611e+00  2.5929066764e+00  2.6291287617e+00  9.6734215761e-01 -4.1315002267e+00  2.8416282600e+00  1.6383446378e+00 -2.5232777776e+00  2.5908622780e+00
ENERGY -4.896141405405e+02

