JOB 0
COORDS  2.2492884099e+00 -1.2630155179e+00 -4.7789084261e-01  4.6786553696e+00 -6.3704791626e-01 -1.0877051035e+00  4.5574369575e+00 -5.6585086382e-01  4.0472522448e-01  3.3488129404e+00 -2.4345692426e-01 -4.7429675566e-01 -1.8844393130e-01 -1.5973732916e+00 -1.6206765944e-01  1.0014281251e+00 -7.6165181888e-01 -2.1458330639e-01  2.4630157351e+00 -2.4647821974e+00 -6.5383471917e-01  5.2351043260e+00  1.3986440498e-01 -1.6032245575e+00  4.7088749391e+00 -1.6236113795e+00 -1.5379326571e+00  4.5147245089e+00 -1.5031783987e+00  9.4989323406e-01  5.0209773344e+00  2.6334105959e-01  9.3095370651e-01  3.0564511623e+00  8.0209716649e-01 -5.3206034298e-01  1.3295155670e-01 -2.6364625673e+00 -2.3733856677e-01 -7.2088673181e-01 -1.4546986911e+00  7.8458054883e-01 -8.7035633819e-01 -1.3763891635e+00 -9.9176554506e-01  9.0158811258e-01  2.3603291725e-01 -8.8199712026e-02
ENERGY -3.259713528112e+02

JOB 1
COORDS  2.2458628500e+00 -1.2701602146e+00 -3.3180567376e-01  4.6053892025e+00 -6.0566268577e-01 -1.1243898268e+00  4.6320986761e+00 -6.1073496575e-01  3.7498731206e-01  3.3433295056e+00 -2.5036748121e-01 -3.5297251877e-01 -2.1237970665e-01 -1.5899859354e+00 -2.1441763688e-01  9.7975156605e-01 -7.5580695075e-01 -2.3193711739e-01  2.4720287766e+00 -2.4814892163e+00 -3.8559981285e-01  5.1042055959e+00  2.0066138424e-01 -1.6535546021e+00  4.5943543548e+00 -1.5683256221e+00 -1.6246459527e+00  4.6404456793e+00 -1.5768350933e+00  8.6865282149e-01  5.1475038596e+00  1.9237836386e-01  8.9312113433e-01  3.0485571824e+00  7.9612728553e-01 -3.4060416037e-01  1.1087449513e-01 -2.6287272242e+00 -1.4248897049e-01 -8.4110083958e-01 -1.3488908190e+00  6.4945442306e-01 -8.0191256831e-01 -1.4659127923e+00 -1.1306572059e+00  8.6963342920e-01  2.4860045267e-01 -2.1927800256e-01
ENERGY -3.259719793203e+02

JOB 2
COORDS  2.2489685170e+00 -1.2736539696e+00 -1.8642063811e-01  4.5276306648e+00 -5.6650885335e-01 -1.1516738651e+00  4.6978840925e+00 -6.4802146938e-01  3.3787415101e-01  3.3487979806e+00 -2.5654587386e-01 -2.3448261324e-01 -2.1063552798e-01 -1.5899611488e+00 -2.6896153013e-01  9.8190523792e-01 -7.5641024452e-01 -2.5312458973e-01  2.4731758635e+00 -2.4844070730e+00 -1.1630467883e-01  4.9715295659e+00  2.6832787746e-01 -1.6855982348e+00  4.4717617119e+00 -1.5020087636e+00 -1.6986283241e+00  4.7492873613e+00 -1.6383961145e+00  7.7772031664e-01  5.2657298697e+00  1.2834734454e-01  8.4159251930e-01  3.0578291133e+00  7.8801160687e-01 -1.5306918089e-01  9.7763949809e-02 -2.6142973501e+00 -5.8534312755e-02 -9.2147992628e-01 -1.2637170005e+00  4.9771455120e-01 -7.0447289830e-01 -1.5643528983e+00 -1.2477769394e+00  8.7694160461e-01  2.4374289163e-01 -3.5245699963e-01
ENERGY -3.259717575723e+02

JOB 3
COORDS  2.2489330727e+00 -1.2734758220e+00 -5.0408357465e-02  4.4401109138e+00 -5.2011569676e-01 -1.1714075660e+00  4.7469156049e+00 -6.8279072993e-01  2.9290729635e-01  3.3573594858e+00 -2.6400560563e-01 -1.2485108658e-01 -1.9703054064e-01 -1.5931041333e+00 -3.2159649596e-01  9.9840547020e-01 -7.6452437270e-01 -2.8445799791e-01  2.4550374467e+00 -2.4719180939e+00  1.5263934082e-01  4.8360963903e+00  3.4328906795e-01 -1.6976429114e+00  4.3361460972e+00 -1.4233164769e+00 -1.7643203036e+00  4.8336344674e+00 -1.6954099847e+00  6.7239741963e-01  5.3663761896e+00  6.3806791063e-02  7.8044989207e-01  3.0779298673e+00  7.7566013450e-01  2.9309839811e-02  7.8121415626e-02 -2.5887849442e+00  2.7072055222e-02 -9.7292625426e-01 -1.1838520571e+00  3.3415113004e-01 -5.9661212030e-01 -1.6746846904e+00 -1.3396565973e+00  9.1555262292e-01  2.1920340445e-01 -5.0097775951e-01
ENERGY -3.259707674661e+02

JOB 4
COORDS  2.2486108196e+00 -1.2681760223e+00  7.7357072062e-02  4.3511493400e+00 -4.6157136668e-01 -1.1824161718e+00  4.7802470328e+00 -7.2425894005e-01  2.4011100026e-01  3.3705420627e+00 -2.7056618593e-01 -2.7540641642e-02 -1.7394123186e-01 -1.6011248088e+00 -3.6249665022e-01  1.0300240467e+00 -7.8528267703e-01 -3.2233035362e-01  2.4208574356e+00 -2.4359942057e+00  4.3006556845e-01  4.7132770479e+00  4.3091553818e-01 -1.6842855261e+00  4.1915072913e+00 -1.3216377905e+00 -1.8257353301e+00  4.8874730204e+00 -1.7592771866e+00  5.4728382940e-01  5.4527839541e+00 -1.7792636489e-02  7.1694115478e-01  3.1147387144e+00  7.5905912043e-01  2.1264788308e-01  4.9831464345e-02 -2.5479167945e+00  1.2960622008e-01 -9.9593329715e-01 -1.1063371897e+00  1.6574080017e-01 -4.8507702680e-01 -1.8063584270e+00 -1.3940023560e+00  9.8701156517e-01  1.6326622466e-01 -6.6910668352e-01
ENERGY -3.259691692910e+02

JOB 5
COORDS  2.2265151258e+00 -1.2578656341e+00  1.8992500835e-01  4.2566912555e+00 -3.9621226073e-01 -1.1803106074e+00  4.7819045058e+00 -7.8239312604e-01  1.8505513336e-01  3.3717224824e+00 -2.8330369307e-01  5.5932914629e-02 -1.6413541939e-01 -1.6036880903e+00 -3.9205316598e-01  1.0578950907e+00 -8.1453991663e-01 -3.7182956876e-01  2.3392171979e+00 -2.3672945046e+00  7.1149477825e-01  4.6089616725e+00  5.2468148537e-01 -1.6362435962e+00  4.0362183391e+00 -1.1979602814e+00 -1.8792496509e+00  4.8905162233e+00 -1.8395825272e+00  4.0392535725e-01  5.5077044204e+00 -1.3083446685e-01  6.6191771056e-01  3.1576543300e+00  7.2770077742e-01  3.9615589807e-01 -7.9798018366e-03 -2.4745175658e+00  2.4513294491e-01 -1.0083595846e+00 -1.0222173017e+00 -6.3829937274e-03 -4.0222931254e-01 -1.9486045899e+00 -1.4055882624e+00  1.0760896743e+00  7.2333397003e-02 -8.5707623390e-01
ENERGY -3.259674124034e+02

JOB 6
COORDS  2.2018787727e+00 -1.2256178871e+00  2.8018649533e-01  4.1795333975e+00 -3.0900298852e-01 -1.1716117014e+00  4.7709839550e+00 -8.3085947722e-01  1.2298741440e-01  3.3741073518e+00 -2.8215128269e-01  1.1847918970e-01 -1.5014436553e-01 -1.6044036543e+00 -4.2730017301e-01  1.0952814659e+00 -8.5243766227e-01 -4.3611954625e-01  2.2377546910e+00 -2.2362011643e+00  9.8096618650e-01  4.5430575141e+00  6.3519189070e-01 -1.5674965231e+00  3.8985740600e+00 -1.0395744359e+00 -1.9252460463e+00  4.8649717545e+00 -1.9054761709e+00  2.4130794619e-01  5.5463518991e+00 -2.4570859446e-01  6.0786268710e-01  3.2178358339e+00  6.9657807174e-01  5.6766160240e-01 -6.7405413060e-02 -2.3751863519e+00  3.3943398022e-01 -9.9693128303e-01 -9.5118222507e-01 -1.9085423824e-01 -3.3278036526e-01 -2.0884157543e+00 -1.3942731678e+00  1.1822978636e+00 -5.0733023559e-02 -1.0462107785e+00
ENERGY -3.259660572405e+02

JOB 7
COORDS  2.2050667426e+00 -1.1751758792e+00  3.5884178726e-01  4.1348525578e+00 -2.1877969755e-01 -1.1660683584e+00  4.7750745055e+00 -8.7300153102e-01  4.4020918649e-02  3.4036766737e+00 -2.7034688961e-01  1.6326314484e-01 -9.9600088895e-02 -1.6298531834e+00 -4.5193192224e-01  1.1637043333e+00 -9.0926016612e-01 -4.8985570869e-01  2.1645226452e+00 -2.0546101784e+00  1.2179430924e+00  4.5213186814e+00  7.3849640528e-01 -1.5047052020e+00  3.7896305378e+00 -8.7375293091e-01 -1.9617114415e+00  4.8368603846e+00 -1.9564454139e+00  6.2314479578e-02  5.6000449177e+00 -3.6186465916e-01  5.3063387172e-01  3.3242416285e+00  6.6501506945e-01  7.1347636699e-01 -7.5684321731e-02 -2.2963606543e+00  4.1069204150e-01 -9.4068317987e-01 -9.3603274938e-01 -3.4643370352e-01 -2.4453163026e-01 -2.2295749977e+00 -1.3583268636e+00  1.3040860672e+00 -1.9396922402e-01 -1.1904437372e+00
ENERGY -3.259654049352e+02

JOB 8
COORDS  2.2690976772e+00 -1.1099054105e+00  4.5425407355e-01  4.1743340885e+00 -1.7942322730e-01 -1.1453671470e+00  4.8285253514e+00 -9.2436786857e-01  1.7085491691e-03  3.4936202363e+00 -2.5586284896e-01  2.0747659404e-01  2.0900340788e-02 -1.6992915524e+00 -4.1309906225e-01  1.3039772261e+00 -1.0202670667e+00 -5.1289520072e-01  2.1508452876e+00 -1.8124390965e+00  1.4573431113e+00  4.5966619273e+00  7.7246332735e-01 -1.4549719212e+00  3.7727075406e+00 -7.7907323755e-01 -1.9579459064e+00  4.8375287831e+00 -2.0091386897e+00 -3.9524732725e-02  5.6970944624e+00 -4.8227711314e-01  4.7994603460e-01  3.4990660572e+00  6.4718216257e-01  8.1356325658e-01  1.0611176265e-01 -2.4631617086e+00  3.6034237508e-01 -7.8249089153e-01 -1.0067134095e+00 -1.3371660407e-01 -2.3421583913e-01 -2.1751268591e+00 -1.3654128428e+00  1.4562196787e+00 -3.6199456688e-01 -1.2647086416e+00
ENERGY -3.259653357301e+02

JOB 9
COORDS  2.2288371024e+00 -1.0655418072e+00  3.3384005321e-01  4.2068433496e+00 -1.5101033228e-01 -1.2054735923e+00  4.7917241509e+00 -1.0199747439e+00 -1.1346353697e-01  3.4981239365e+00 -2.7362556577e-01  1.2884984593e-01  9.2521560517e-02 -1.7953229919e+00 -6.5284974046e-01  1.3940537868e+00 -1.1476841706e+00 -7.4851157084e-01  1.9672443332e+00 -1.6007813993e+00  1.4107390459e+00  4.6950200743e+00  7.9184271229e-01 -1.4350126638e+00  3.7884601936e+00 -6.6093947886e-01 -2.0689434776e+00  4.7280218935e+00 -2.0966446610e+00 -2.3820061761e-01  5.6790417300e+00 -6.7601299117e-01  4.0888223956e-01  3.5645415980e+00  5.7357820050e-01  8.0615538948e-01  1.9763117794e-01 -2.7222510040e+00 -8.6682809676e-02 -6.4235047300e-01 -1.1643460771e+00 -1.3797672404e-01 -2.7029266482e-01 -2.0248270795e+00 -1.6578185797e+00  1.5754948038e+00 -5.3089458146e-01 -1.5280885057e+00
ENERGY -3.259656265748e+02

JOB 10
COORDS  2.2253903384e+00 -9.8988498684e-01  3.7026623111e-01  4.2052821975e+00 -6.8649143550e-02 -1.1817956427e+00  4.7621365725e+00 -1.0724025792e+00 -2.0075788500e-01  3.5286869632e+00 -2.6396742020e-01  1.6083281913e-01  1.5730613348e-01 -1.8560121302e+00 -6.4246494991e-01  1.4669215311e+00 -1.2249644008e+00 -7.4685906683e-01  1.8818559386e+00 -1.3692201406e+00  1.4899494870e+00  4.7456600103e+00  8.6070625728e-01 -1.3362881198e+00  3.7363046306e+00 -4.6262414887e-01 -2.0791604079e+00  4.6157508574e+00 -2.1250683195e+00 -4.2297430807e-01  5.6857356683e+00 -8.4150285551e-01  3.2080013717e-01  3.6816528275e+00  5.0894055888e-01  9.0778921223e-01  2.2582822158e-01 -2.7074389370e+00  3.6418340787e-02 -6.0000036261e-01 -1.1675532085e+00 -2.4772907772e-01 -1.5236394113e-01 -2.2059121667e+00 -1.6303945105e+00  1.6749263974e+00 -6.8780996519e-01 -1.5766314924e+00
ENERGY -3.259660402327e+02

JOB 11
COORDS  2.1860959407e+00 -9.1635624202e-01  4.0133170628e-01  4.1787826644e+00  6.7627683364e-03 -1.1420181802e+00  4.6956761588e+00 -1.1122156129e+00 -2.7461397884e-01  3.5247733485e+00 -2.6214777027e-01  1.9973600676e-01  1.7956644382e-01 -1.9032557169e+00 -6.2145441326e-01  1.5027362923e+00 -1.3003976862e+00 -7.2389297696e-01  1.7541401248e+00 -1.1316176255e+00  1.5344846019e+00  4.7707848997e+00  9.1335161086e-01 -1.2252821612e+00  3.6635923745e+00 -2.6284470195e-01 -2.0598866573e+00  4.4717769628e+00 -2.1297032557e+00 -5.8004487302e-01  5.6457787353e+00 -9.8635006719e-01  2.3510129019e-01  3.7469643446e+00  4.3458748826e-01  1.0010996384e+00  1.9221945194e-01 -2.6605287954e+00  1.6396282295e-01 -5.9043134635e-01 -1.1642993508e+00 -3.6792702971e-01 -7.2958725714e-02 -2.3756266802e+00 -1.5740632260e+00  1.7682283038e+00 -8.8661567841e-01 -1.6057974595e+00
ENERGY -3.259663755616e+02

JOB 12
COORDS  2.1210354494e+00 -8.8893605698e-01  3.8779643804e-01  4.1290267824e+00  6.6895317979e-02 -1.1059610770e+00  4.6214744910e+00 -1.1391480130e+00 -3.5221826133e-01  3.4905152414e+00 -2.9460565356e-01  2.2348721569e-01  1.7239770661e-01 -1.9589575504e+00 -6.6380524334e-01  1.5221305736e+00 -1.4121528327e+00 -7.3047247007e-01  1.5863534038e+00 -9.4241645220e-01  1.4964520431e+00  4.7500938962e+00  9.5744493153e-01 -1.1211954221e+00  3.5751649945e+00 -8.9756128039e-02 -2.0277240337e+00  4.3553552617e+00 -2.1201014199e+00 -7.3372005707e-01  5.5857031199e+00 -1.0884336694e+00  1.4385538542e-01  3.7476183865e+00  3.2877717671e-01  1.0727088828e+00  9.1824729382e-02 -2.6088823379e+00  2.0895064362e-01 -5.8616846937e-01 -1.1719428763e+00 -5.7235037179e-01 -2.0518682308e-02 -2.5431432298e+00 -1.5670019488e+00  1.8795462865e+00 -1.1481979699e+00 -1.6371707147e+00
ENERGY -3.259665931619e+02

JOB 13
COORDS  2.1362046475e+00 -8.4978334113e-01  4.0703228366e-01  4.1215760837e+00  1.4040892833e-01 -1.0592981406e+00  4.6144683647e+00 -1.1415174198e+00 -4.4323519641e-01  3.5372551201e+00 -3.2969977601e-01  2.6304792188e-01  2.0101803910e-01 -1.9469133924e+00 -6.4849330495e-01  1.5825776238e+00 -1.4833552987e+00 -6.7743256196e-01  1.5267548574e+00 -7.3797069947e-01  1.4720671920e+00  4.7699501333e+00  1.0106249816e+00 -1.0268575773e+00  3.5009956966e+00  9.2824715558e-02 -1.9501287313e+00  4.3154183422e+00 -2.0835299511e+00 -8.9264734610e-01  5.6020287448e+00 -1.1499801435e+00  7.5237145821e-03  3.8408725187e+00  2.1245008722e-01  1.1515452063e+00  9.8399920273e-03 -2.4403985635e+00  3.0563417231e-01 -5.1293552932e-01 -1.1206856869e+00 -7.5345653608e-01  4.7009261735e-02 -2.6612788618e+00 -1.4610630631e+00  2.0349799264e+00 -1.4018758673e+00 -1.5767858904e+00
ENERGY -3.259667835029e+02

JOB 14
COORDS  2.1391648966e+00 -9.9446602104e-01 -1.0330378114e+00  4.6558135358e+00 -1.1877643119e+00 -2.7633445037e-01  4.1428650258e+00  7.3224923018e-02  3.6661244768e-01  3.5202630124e+00 -4.1366864215e-01 -9.3172387631e-01  2.6828461722e-01 -2.1309054881e+00  9.3939268599e-02  1.6274158514e+00 -1.6046206434e+00  8.4418814939e-02  1.5127156590e+00 -9.5282622521e-01 -2.0932519631e+00  5.6228670078e+00 -1.1613239990e+00 -7.6886400154e-01  4.4081909444e+00 -2.1392371928e+00  1.8433861154e-01  3.5678936499e+00 -6.0576979123e-03  1.2853145376e+00  4.7543703360e+00  9.6863520917e-01  3.1215322279e-01  3.7702324518e+00  1.4216434673e-01 -1.8284234922e+00  8.7802061811e-02 -2.6702768958e+00 -8.3714078426e-01  1.5707553393e-01 -2.8183297890e+00  9.3621166419e-01 -4.8104100280e-01 -1.3339762874e+00  1.7640993351e-01  2.0850323540e+00 -1.4608854024e+00  9.7311053493e-01
ENERGY -3.259667589490e+02

JOB 15
COORDS  2.1366122780e+00 -1.0356272819e+00 -1.0181803675e+00  4.6675127073e+00 -1.1846295719e+00 -3.6899323712e-01  4.1569395891e+00 -1.0986036405e-03  4.1016636215e-01  3.4837565636e+00 -3.8232845521e-01 -8.9539825796e-01  2.4473610433e-01 -2.1371118160e+00  1.0204318895e-01  1.5701895536e+00 -1.5309157408e+00  1.2907466686e-01  1.5943445935e+00 -1.1585721399e+00 -2.1174921688e+00  5.6095636462e+00 -1.0949086183e+00 -9.0081931335e-01  4.4536640418e+00 -2.1759976837e+00  1.8424294159e-02  3.6495377929e+00 -1.8538285810e-01  1.3532922029e+00  4.7434136742e+00  9.1276221857e-01  4.0610002159e-01  3.6857888449e+00  2.5287780265e-01 -1.7508936702e+00  1.8254777002e-01 -2.8237825368e+00 -7.4362692122e-01  8.7541944753e-02 -2.6928272588e+00  1.0298265313e+00 -5.4821817643e-01 -1.3875433407e+00 -1.0150349170e-02  1.9232668865e+00 -1.2075282393e+00  1.0180088823e+00
ENERGY -3.259665423246e+02

JOB 16
COORDS  2.1906564057e+00 -1.0654106242e+00 -1.0200292227e+00  4.7334078380e+00 -1.1499272099e+00 -4.5187484518e-01  4.2022062068e+00 -6.2217370268e-02  4.4838626029e-01  3.5061683562e+00 -3.5246661478e-01 -8.6694236728e-01  2.3488106780e-01 -2.0722625776e+00  8.0231631465e-02  1.5382766964e+00 -1.4217738830e+00  1.3227653296e-01  1.7515990634e+00 -1.3467872126e+00 -2.1356605211e+00  5.6539325836e+00 -9.7680317055e-01 -1.0004926086e+00  4.5710299431e+00 -2.1786912751e+00 -1.4512488155e-01  3.7403943185e+00 -3.6701643215e-01  1.3834442811e+00  4.7543229746e+00  8.7042350665e-01  5.1674347265e-01  3.6641732576e+00  3.5877796320e-01 -1.6710685632e+00  2.5798845856e-01 -2.8555125104e+00 -6.7894744285e-01  1.8425543017e-02 -2.5193829931e+00  1.0537115850e+00 -5.6538568530e-01 -1.3692270622e+00 -1.8178753287e-01  1.8020919358e+00 -9.5571640063e-01  9.8836194074e-01
ENERGY -3.259663023314e+02

JOB 17
COORDS  2.2119278691e+00 -1.1371088445e+00 -1.0026588802e+00  4.7752403866e+00 -1.1045360821e+00 -5.4201290158e-01  4.2098739846e+00 -1.4006332270e-01  4.7654381144e-01  3.4903159797e+00 -3.5562090784e-01 -8.3897603433e-01  1.8863753078e-01 -2.0282692291e+00  7.9032351860e-02  1.4770193012e+00 -1.3496162363e+00  1.3380995622e-01  1.8658474866e+00 -1.5715699335e+00 -2.1012564563e+00  5.6632970517e+00 -8.2102690955e-01 -1.0980728175e+00  4.6916378328e+00 -2.1654090329e+00 -3.2653667744e-01  3.7981155293e+00 -5.7063583762e-01  1.3852058856e+00  4.7100955075e+00  8.1266109940e-01  6.2395789773e-01  3.5750790562e+00  4.3264437600e-01 -1.5811826280e+00  2.7355602130e-01 -2.9009747913e+00 -5.7043476616e-01 -8.9997893231e-02 -2.3521704770e+00  1.0848921721e+00 -5.9938436858e-01 -1.3805447498e+00 -3.2435895446e-01  1.6905826926e+00 -7.8531115206e-01  9.4395130954e-01
ENERGY -3.259659469549e+02

JOB 18
COORDS  2.2389336607e+00 -1.2309146176e+00 -9.5325507042e-01  4.8175710710e+00 -1.0534331320e+00 -6.1628000207e-01  4.2303443583e+00 -2.2235306192e-01  5.0679336943e-01  3.4776293476e+00 -3.8004689179e-01 -7.9856823184e-01  1.3856426949e-01 -1.9815299377e+00  9.7350641240e-02  1.4197331375e+00 -1.2896156688e+00  1.4226387967e-01  1.9855561402e+00 -1.8259300673e+00 -2.0002105230e+00  5.6622235839e+00 -6.5767422792e-01 -1.1715740875e+00  4.8196855572e+00 -2.1324250681e+00 -4.9562742336e-01  3.8739958635e+00 -7.6109535200e-01  1.3805830411e+00  4.6751485757e+00  7.4427943905e-01  7.2532423727e-01  3.4702489660e+00  4.7454869693e-01 -1.4703887901e+00  2.6275680033e-01 -2.9232615764e+00 -4.3972840782e-01 -1.9568173672e-01 -2.1882615772e+00  1.1170903352e+00 -6.2740228573e-01 -1.3924547720e+00 -4.2189615713e-01  1.5980687787e+00 -6.3963330149e-01  8.9528094995e-01
ENERGY -3.259655291641e+02

JOB 19
COORDS  2.3522505151e+00 -1.2820743220e+00 -1.0829335391e+00  4.9110451663e+00 -9.4078723728e-01 -7.2018481528e-01  4.2485934525e+00 -2.2732792038e-01  4.4314994067e-01  3.5338238187e+00 -3.5630518689e-01 -8.8816368051e-01  1.3170588413e-01 -1.9160458771e+00 -1.7180654158e-01  1.3826293165e+00 -1.1746848663e+00 -1.2204772268e-01  2.2679867226e+00 -2.0500770453e+00 -2.0403733270e+00  5.7369421678e+00 -4.5057195268e-01 -1.2262958795e+00  4.9859809669e+00 -2.0227575892e+00 -6.7387820563e-01  3.9064348234e+00 -8.4309698069e-01  1.2707117972e+00  4.6225970452e+00  7.5062424206e-01  7.3303488371e-01  3.4626290258e+00  5.4196946672e-01 -1.4975930497e+00  2.3142627617e-01 -2.6845989712e+00 -9.3879730342e-01 -7.2047419055e-02 -2.3926841467e+00  7.9278258922e-01 -7.1178403181e-01 -1.2655923463e+00 -4.3303643810e-01  1.5160932649e+00 -4.7944309929e-01  5.9954473044e-01
ENERGY -3.259653115941e+02

JOB 20
COORDS  2.3899209950e+00 -1.3438082624e+00 -1.0011818302e+00  4.9413179922e+00 -8.7438097430e-01 -7.9060942775e-01  4.3115038544e+00 -3.0496047681e-01  4.6426646093e-01  3.5299213961e+00 -3.6004118858e-01 -8.3824145698e-01  1.0198844028e-01 -1.8842976681e+00 -1.9632846007e-01  1.3347687674e+00 -1.1124464136e+00 -1.5897770375e-01  2.4079887084e+00 -2.2643359767e+00 -1.8169263499e+00  5.7114861351e+00 -2.9408305403e-01 -1.2894696317e+00  5.0690146340e+00 -1.9503016876e+00 -8.5350046707e-01  4.0355934813e+00 -1.0054372193e+00  1.2478418535e+00  4.6485225957e+00  6.6417053437e-01  8.2168213678e-01  3.3623069487e+00  5.8620757557e-01 -1.3485882673e+00  2.6751105010e-01 -2.7438523882e+00 -8.4650579211e-01 -1.6264720374e-01 -2.2376913220e+00  8.0588619174e-01 -7.3064362714e-01 -1.2937220098e+00 -5.9710500125e-01  1.4095228220e+00 -3.3128010554e-01  4.7870083300e-01
ENERGY -3.259655019339e+02

JOB 21
COORDS  2.2425693304e+00 -1.3800293683e+00 -9.5602021185e-01  4.7967560653e+00 -9.2121288229e-01 -8.7623859269e-01  4.2204289744e+00 -4.0255837081e-01  4.1954434543e-01  3.3879189934e+00 -3.9691812492e-01 -8.5898158408e-01 -9.3835528699e-02 -1.7872534258e+00 -2.3659979834e-01  1.1055318508e+00 -9.6623304626e-01 -3.1363362779e-01  2.3213667064e+00 -2.4615840991e+00 -1.5376918709e+00  5.5531972296e+00 -3.2554668213e-01 -1.3781065023e+00  4.9037487969e+00 -1.9947159490e+00 -9.9293584692e-01  3.9601017166e+00 -1.1305451368e+00  1.1830201694e+00  4.5718582378e+00  5.5145558736e-01  8.0271410245e-01  3.1973419171e+00  5.7486482080e-01 -1.3086408437e+00 -1.1496610391e-01 -2.4467106951e+00 -1.1049554604e+00 -1.0778694190e-01 -2.4085477365e+00  6.6794508133e-01 -9.8226622674e-01 -1.1493188837e+00 -2.4512661066e-01  1.1667498170e+00 -1.3276722840e-01  2.5561885593e-01
ENERGY -3.259664853583e+02

JOB 22
COORDS  2.2589037927e+00 -1.3883590303e+00 -8.5164501831e-01  4.7943150819e+00 -8.6606091151e-01 -9.4345629600e-01  4.3039623012e+00 -4.8548717089e-01  4.2726041593e-01  3.3774011413e+00 -3.7956944694e-01 -7.8595749969e-01 -1.1757164020e-01 -1.7710156389e+00 -2.6551843331e-01  1.0586428181e+00 -9.2170343486e-01 -3.8316011541e-01  2.4141100398e+00 -2.5468383790e+00 -1.2394544212e+00  5.4989001817e+00 -2.0662989462e-01 -1.4410476283e+00  4.9034101076e+00 -1.9221976892e+00 -1.1666602590e+00  4.1038643055e+00 -1.2866066243e+00  1.1329087967e+00  4.6564578249e+00  4.4008500447e-01  8.7356313092e-01  3.1357592684e+00  6.2599412401e-01 -1.1215859337e+00 -4.7362101224e-02 -2.5606466021e+00 -1.0143642960e+00 -1.8691627607e-01 -2.2405402375e+00  7.2407831070e-01 -1.0211320280e+00 -1.1814747073e+00 -4.4538405806e-01  1.0455094229e+00 -8.6440779895e-03  5.0962776428e-02
ENERGY -3.259681840580e+02

JOB 23
COORDS  2.2709863583e+00 -1.3987725552e+00 -7.3314031168e-01  4.7767625914e+00 -8.2232201257e-01 -1.0027040402e+00  4.3995702296e+00 -5.5233572019e-01  4.2515140132e-01  3.3684442084e+00 -3.7290905852e-01 -6.9337760797e-01 -1.3834381956e-01 -1.7744153379e+00 -3.0721154904e-01  1.0247523992e+00 -9.0932912850e-01 -4.4069063720e-01  2.4784575442e+00 -2.5928621699e+00 -9.5651811469e-01  5.4249518046e+00 -1.1413027379e-01 -1.5098442271e+00  4.8768819724e+00 -1.8587487066e+00 -1.3072862452e+00  4.2628942337e+00 -1.4072740993e+00  1.0801461563e+00  4.7722927796e+00  3.4674965407e-01  9.0720172498e-01  3.0914373008e+00  6.5026288412e-01 -9.3485779076e-01  1.6989535987e-02 -2.6559159841e+00 -9.3006444008e-01 -2.8626675736e-01 -2.1059008330e+00  7.2852239383e-01 -1.0346083882e+00 -1.2463097320e+00 -6.4505836804e-01  9.5214107301e-01  5.1658438082e-02 -1.3546340746e-01
ENERGY -3.259699942108e+02

