JOB 0
COORDS -2.6897138023e+00 -1.0758651550e+00 -6.0551003931e-01 -3.2933444264e+00  1.6345325705e-01 -1.2529571133e+00 -2.1446076271e+00  3.0629569145e-01 -2.7723614717e-01  4.6173457023e-01  1.6203312639e+00  1.4334007265e+00 -8.9942446572e-01  7.6155178851e-01 -8.1741470358e-01  3.4853509798e-01 -9.3213106759e-01  9.5045914146e-01  1.6026525381e+00  6.6635026822e-01 -7.4930190759e-01  3.8039950373e-01  3.9533825048e-01  7.7396961440e-02 -3.2690329300e+00 -1.6079631489e+00  1.4754948686e-01 -2.0494050008e+00 -1.6996230238e+00 -1.2220362093e+00 -3.0505108570e+00  3.5370017977e-01 -2.2951108859e+00 -4.2910775876e+00  4.7605831781e-01 -9.4735402484e-01 -2.4452116314e+00  6.6362578347e-01  7.1686163003e-01  1.3575128727e+00  1.4252555251e+00  2.0259422570e+00  5.0613626892e-01  2.6032859026e+00  9.5973724254e-01 -4.3222979741e-01  1.5351597420e+00  2.0569842843e+00  5.5734771101e-01 -1.7031761894e+00  3.0828411716e-01
ENERGY -7.406984395647e+02

JOB 1
COORDS -2.7009122610e+00 -1.0294372050e+00 -5.1815932332e-01 -3.2866040740e+00  1.4818322420e-01 -1.2835735763e+00 -2.1711389532e+00  3.7607283973e-01 -2.8321804045e-01  4.2393775456e-01  1.5571466636e+00  1.4801093310e+00 -9.1041235954e-01  8.0074661099e-01 -8.0973891405e-01  3.2723969465e-01 -9.9155599088e-01  8.6656044951e-01  1.5927940249e+00  6.8075460948e-01 -7.2905909594e-01  3.6003838923e-01  3.8522809761e-01  7.2693671432e-02 -3.3022995230e+00 -1.5013983259e+00  2.5720330775e-01 -2.0321636717e+00 -1.6971562483e+00 -1.0511550346e+00 -3.0078262114e+00  2.5776264277e-01 -2.3283472259e+00 -4.2942302560e+00  4.8110412305e-01 -1.0371439620e+00 -2.5107896791e+00  8.1581347684e-01  6.6516961565e-01  1.3343100130e+00  1.3618654081e+00  2.0500016587e+00  4.2721429814e-01  2.5639200659e+00  1.0560421661e+00 -4.5632391846e-01  1.4113155633e+00  2.1123267060e+00  7.8620261457e-01 -1.6765770810e+00  2.5982680961e-01
ENERGY -7.406969350455e+02

JOB 2
COORDS -2.7037866987e+00 -1.0132400220e+00 -4.8528226289e-01 -3.2821819729e+00  1.3714115322e-01 -1.2951516615e+00 -2.1786550317e+00  3.9965138343e-01 -2.8904963152e-01  4.2196416698e-01  1.5243551235e+00  1.4757694799e+00 -9.1254554167e-01  8.1212550327e-01 -8.1026931366e-01  3.1033621876e-01 -1.0421357436e+00  7.8390843557e-01  1.5977705291e+00  6.6624099312e-01 -7.3839961348e-01  3.5803142645e-01  3.6683402477e-01  4.9511433843e-02 -3.3135093273e+00 -1.4593882807e+00  2.9882382036e-01 -2.0225432142e+00 -1.6957244112e+00 -9.8108652669e-01 -2.9909718114e+00  2.1442024044e-01 -2.3394424263e+00 -4.2926514770e+00  4.7729994746e-01 -1.0708372677e+00 -2.5310402908e+00  8.7235018266e-01  6.3895967477e-01  1.3300670702e+00  1.3194699843e+00  2.0468024914e+00  4.2331350537e-01  2.5407004472e+00  1.0740181995e+00 -4.5989662665e-01  1.3631263792e+00  2.1025462358e+00  9.7709248761e-01 -1.6356618188e+00  2.8559057472e-01
ENERGY -7.406956464036e+02

JOB 3
COORDS -2.7082813765e+00 -1.0280331444e+00 -4.9888254584e-01 -3.2856231594e+00  1.3791293172e-01 -1.2869637924e+00 -2.1828213815e+00  3.8012164866e-01 -2.7474666473e-01  4.4122167183e-01  1.5137790618e+00  1.4682312711e+00 -9.1619627704e-01  8.0043619035e-01 -7.8677842817e-01  2.7153498770e-01 -1.0869533332e+00  7.4848361441e-01  1.6049164059e+00  6.1963196399e-01 -7.3061061707e-01  3.5746936088e-01  3.3721979693e-01  5.0169629749e-02 -3.3185164603e+00 -1.4876440207e+00  2.7701895697e-01 -2.0241498015e+00 -1.7003417787e+00 -1.0039020074e+00 -2.9937341746e+00  2.3520742726e-01 -2.3294021830e+00 -4.2958388384e+00  4.7488284588e-01 -1.0565343062e+00 -2.5344820753e+00  8.3623683316e-01  6.6177616095e-01  1.3377944545e+00  1.2932842162e+00  2.0530935935e+00  4.7109739258e-01  2.5285842418e+00  1.0628199631e+00 -4.5102222957e-01  1.3765340840e+00  2.0864043253e+00  1.0903494126e+00 -1.6035019311e+00  4.2234720661e-01
ENERGY -7.406951018952e+02

JOB 4
COORDS -2.7259861431e+00 -1.0722800694e+00 -5.3043953668e-01 -3.2936582550e+00  1.2960791345e-01 -1.2710714101e+00 -2.1908550800e+00  3.2039904731e-01 -2.4806103059e-01  4.5098060978e-01  1.4774167609e+00  1.4911774851e+00 -9.2006090054e-01  7.4842917266e-01 -7.4301540403e-01  2.0576378499e-01 -1.1547880519e+00  7.6695160802e-01  1.6099368635e+00  5.3034752864e-01 -6.7557028681e-01  3.4748349057e-01  2.7371361557e-01  8.9695066281e-02 -3.3404263601e+00 -1.5582272805e+00  2.2584848907e-01 -2.0462120196e+00 -1.7281553012e+00 -1.0622272264e+00 -2.9992584937e+00  2.6660480767e-01 -2.3083232978e+00 -4.3014951553e+00  4.6537603970e-01 -1.0287091048e+00 -2.5376579005e+00  7.4043187093e-01  7.0674524345e-01  1.3255417795e+00  1.2354236890e+00  2.1022681585e+00  5.3204312884e-01  2.4844852166e+00  1.0733228025e+00 -4.5949854251e-01  1.3844263811e+00  2.0906922270e+00  1.1186117620e+00 -1.6032022263e+00  6.6271812284e-01
ENERGY -7.406954773564e+02

JOB 5
COORDS -2.7325398547e+00 -1.0823975672e+00 -5.6570005361e-01 -3.2999613271e+00  1.4217766612e-01 -1.2692132044e+00 -2.1793530376e+00  2.9792287499e-01 -2.6029656551e-01  4.7486144066e-01  1.4585154135e+00  1.4617091779e+00 -9.1241962395e-01  7.2291190887e-01 -7.6828617178e-01  2.0131397616e-01 -1.1839894686e+00  7.0302513824e-01  1.6233119869e+00  5.2340241642e-01 -7.0354055684e-01  3.5987121157e-01  2.5472730875e-01  5.5255514881e-02 -3.3395974304e+00 -1.5796782725e+00  1.8920461825e-01 -2.0676336846e+00 -1.7317392226e+00 -1.1238142037e+00 -3.0214191864e+00  3.0007636165e-01 -2.3078685071e+00 -4.3003941704e+00  4.8174615260e-01 -1.0027128827e+00 -2.5038772859e+00  6.9849772557e-01  7.1031922696e-01  1.3363330152e+00  1.1994676003e+00  2.0853340062e+00  5.8652951640e-01  2.4639634333e+00  1.0469233844e+00 -4.4496216623e-01  1.3868462715e+00  2.0498837686e+00  1.1519707547e+00 -1.5432185024e+00  8.2687654557e-01
ENERGY -7.406962866225e+02

JOB 6
COORDS -2.7302227412e+00 -1.0804986624e+00 -5.8629065110e-01 -3.3013638848e+00  1.5567611421e-01 -1.2668257420e+00 -2.1604671581e+00  2.9213422136e-01 -2.7862692013e-01  4.9805150479e-01  1.4469375982e+00  1.4358339892e+00 -9.0022507380e-01  7.1147623059e-01 -8.0939952095e-01  2.3047698517e-01 -1.1889603423e+00  6.2790233174e-01  1.6362759131e+00  5.6798363848e-01 -7.4689567002e-01  3.7981566252e-01  2.6237376069e-01  9.3233351492e-03 -3.3267993907e+00 -1.5806416078e+00  1.7508949878e-01 -2.0817070150e+00 -1.7292148727e+00 -1.1643023882e+00 -3.0420589921e+00  3.2143057244e-01 -2.3092133527e+00 -4.2938579058e+00  4.9997318008e-01 -9.7774922827e-01 -2.4606483709e+00  6.8537705709e-01  7.0243946607e-01  1.3576470244e+00  1.1757631760e+00  2.0573705149e+00  6.2019217744e-01  2.4567028256e+00  1.0350309362e+00 -4.2248282415e-01  1.3755727595e+00  2.0230587333e+00  1.1587452761e+00 -1.4497013214e+00  9.7635608989e-01
ENERGY -7.406968057325e+02

JOB 7
COORDS -2.7395683705e+00 -1.0790961894e+00 -5.8405908434e-01 -3.3159761821e+00  1.5776348018e-01 -1.2591480210e+00 -2.1634702546e+00  2.9193771140e-01 -2.8426750999e-01  4.9546324613e-01  1.4292864002e+00  1.4423716773e+00 -9.0893270068e-01  7.0953784918e-01 -8.3191459308e-01  2.5048768381e-01 -1.1868305681e+00  5.7406953625e-01  1.6218056998e+00  6.3140221456e-01 -7.6951880543e-01  3.7744374209e-01  2.7833584621e-01 -1.4073986518e-02 -3.3290837588e+00 -1.5774887753e+00  1.8402613769e-01 -2.0996462918e+00 -1.7300357800e+00 -1.1692891796e+00 -3.0678153646e+00  3.2224898204e-01 -2.3044171921e+00 -4.3046247147e+00  5.0394332681e-01 -9.5947671802e-01 -2.4502453290e+00  6.8710720198e-01  6.9979019857e-01  1.3661984223e+00  1.1548416840e+00  2.0468522923e+00  6.0640601570e-01  2.4479189760e+00  1.0618218449e+00 -4.1694723893e-01  1.3382099962e+00  2.0394684498e+00  1.0946605241e+00 -1.3554886587e+00  1.1316403060e+00
ENERGY -7.406965179813e+02

JOB 8
COORDS -2.7299682969e+00 -1.0749710254e+00 -5.7953007885e-01 -3.3171204326e+00  1.5376437687e-01 -1.2597085731e+00 -2.1601753221e+00  3.0089089768e-01 -2.9186929408e-01  5.1047658041e-01  1.4103721991e+00  1.4507697038e+00 -9.1113956015e-01  7.2383303177e-01 -8.5021172596e-01  2.8234821070e-01 -1.1800022400e+00  5.2112704967e-01  1.6098870097e+00  6.9475174360e-01 -7.9723473702e-01  3.8139007056e-01  2.9904223826e-01 -3.6796337360e-02 -3.3132261117e+00 -1.5719841893e+00  1.9424051201e-01 -2.0886707066e+00 -1.7260657126e+00 -1.1630508630e+00 -3.0750896621e+00  3.1328284151e-01 -2.3071617486e+00 -4.3062654709e+00  4.9597889228e-01 -9.5716628269e-01 -2.4438700825e+00  7.0227409290e-01  6.9047968010e-01  1.3936055525e+00  1.1261002599e+00  2.0319584992e+00  6.1360373596e-01  2.4371380699e+00  1.0914447301e+00 -3.9120382068e-01  1.3043630439e+00  2.0619997148e+00  9.9020729809e-01 -1.2770544253e+00  1.2562044727e+00
ENERGY -7.406952357299e+02

JOB 9
COORDS -2.7057670757e+00 -1.0609424370e+00 -5.1564102189e-01 -3.3086371874e+00  1.1219945432e-01 -1.2732096724e+00 -2.1678890113e+00  3.4142831154e-01 -3.0118112492e-01  5.0378525099e-01  1.3587796541e+00  1.4796759084e+00 -9.2105632521e-01  7.6539063050e-01 -8.6428016141e-01  3.2666706670e-01 -1.1801213736e+00  4.2048744506e-01  1.5870731112e+00  7.8753827902e-01 -8.2065969232e-01  3.7788491184e-01  3.2715214758e-01 -6.5606115291e-02 -3.2908725550e+00 -1.5234039750e+00  2.7816988565e-01 -2.0404173175e+00 -1.7314743324e+00 -1.0472239412e+00 -3.0541822409e+00  2.1656451941e-01 -2.3246033977e+00 -4.3082857002e+00  4.5157022432e-01 -1.0036351487e+00 -2.4763796029e+00  7.9730183669e-01  6.4979718701e-01  1.4055834152e+00  1.0652756523e+00  2.0259441726e+00  5.7908249547e-01  2.4035573519e+00  1.1694813556e+00 -3.8288775319e-01  1.2053822669e+00  2.1033762238e+00  8.5331177835e-01 -1.2492593341e+00  1.2954156203e+00
ENERGY -7.406931883442e+02

JOB 10
COORDS -2.6817678943e+00 -1.0571536288e+00 -5.1224547165e-01 -3.3011494939e+00  1.0618133357e-01 -1.2706818934e+00 -2.1612519861e+00  3.5329158617e-01 -3.0191618381e-01  5.1997110967e-01  1.3399898255e+00  1.4749975638e+00 -9.2120663800e-01  7.9336092170e-01 -8.6778749504e-01  3.6133412197e-01 -1.1817250505e+00  3.8092641607e-01  1.5788380767e+00  7.9947953850e-01 -8.5643447953e-01  3.8447153825e-01  3.3294288617e-01 -8.4952162066e-02 -3.2610374486e+00 -1.5255364057e+00  2.8255887086e-01 -2.0078968272e+00 -1.7201474953e+00 -1.0423216276e+00 -3.0498001879e+00  2.1237361582e-01 -2.3226187609e+00 -4.3047034509e+00  4.3251621986e-01 -9.9952492342e-01 -2.4752071049e+00  8.0744826466e-01  6.4853341658e-01  1.4303293556e+00  1.0477650619e+00  2.0072820768e+00  5.8199805552e-01  2.3883436712e+00  1.1746572750e+00 -3.5989860178e-01  1.1746340494e+00  2.1056818171e+00  6.7309971187e-01 -1.2309954388e+00  1.3525573715e+00
ENERGY -7.406909324614e+02

JOB 11
COORDS -2.6550563940e+00 -1.0496514781e+00 -4.8667561295e-01 -3.2924865190e+00  9.7242255164e-02 -1.2537796928e+00 -2.1546620788e+00  3.7253141121e-01 -2.9035733425e-01  5.1671207128e-01  1.3228748957e+00  1.4782898557e+00 -9.2177918128e-01  8.2733095004e-01 -8.5868063041e-01  4.0609604746e-01 -1.1830349810e+00  3.4721837808e-01  1.5733268283e+00  8.0551957247e-01 -8.8114594930e-01  3.9110769564e-01  3.3936982806e-01 -9.6214439559e-02 -3.2280219607e+00 -1.5193847313e+00  3.1218937089e-01 -1.9714794231e+00 -1.7071393934e+00 -1.0109187544e+00 -3.0445281912e+00  1.9761748813e-01 -2.3070721112e+00 -4.3003420200e+00  4.1056696518e-01 -9.8320411397e-01 -2.4770694806e+00  8.3042691719e-01  6.5616140024e-01  1.4290522922e+00  1.0334705038e+00  2.0083467073e+00  5.6352645821e-01  2.3756996432e+00  1.1911176655e+00 -3.6355838079e-01  1.1404542764e+00  2.1039849416e+00  4.7940820005e-01 -1.2342936204e+00  1.3636674735e+00
ENERGY -7.406894285993e+02

JOB 12
COORDS -2.5814083885e+00 -1.0392445468e+00 -5.3963209097e-01 -3.2372966698e+00  7.4885661026e-02 -1.3378290997e+00 -2.1329107364e+00  4.0482443992e-01 -3.5348415905e-01  4.3883000250e-01  1.4019259910e+00  1.4694454153e+00 -9.0189352721e-01  8.9359039281e-01 -8.9416379865e-01  4.8165349367e-01 -1.1052639813e+00  3.3278455635e-01  1.5947825776e+00  8.9344348792e-01 -8.7110280085e-01  4.0661849883e-01  4.1703404516e-01 -1.0817809911e-01 -3.1587600882e+00 -1.5167712044e+00  2.5169637219e-01 -1.8650485401e+00 -1.6808017620e+00 -1.0393782540e+00 -2.9679045640e+00  1.6675495242e-01 -2.3865737427e+00 -4.2609897514e+00  3.5849182650e-01 -1.0954549884e+00 -2.4980782128e+00  8.6348432651e-01  5.7784549611e-01  1.3297823622e+00  1.1326529343e+00  2.0442994250e+00  4.6879942467e-01  2.4564372369e+00  1.1859404232e+00 -4.6699065463e-01  1.1964470780e+00  2.0499969437e+00  2.7682374879e-01 -1.1697979624e+00  1.3307649279e+00
ENERGY -7.406894052592e+02

JOB 13
COORDS -2.5568139145e+00 -1.0439376555e+00 -5.3928254297e-01 -3.2236837924e+00  7.5792009294e-02 -1.3200675683e+00 -2.1163350487e+00  4.0386924859e-01 -3.3965764755e-01  4.3777609317e-01  1.4192876603e+00  1.4641108804e+00 -8.9102628051e-01  9.0342344732e-01 -8.8097742224e-01  5.2364464200e-01 -1.1007043311e+00  3.4757759944e-01  1.6126549876e+00  8.7097609466e-01 -8.7132435677e-01  4.2256116354e-01  4.1797974305e-01 -1.0340221657e-01 -3.1284405571e+00 -1.5350228227e+00  2.4807568350e-01 -1.8413443857e+00 -1.6752005377e+00 -1.0535980977e+00 -2.9615786685e+00  1.8090546326e-01 -2.3693542581e+00 -4.2480401924e+00  3.4798799224e-01 -1.0679684022e+00 -2.4804717726e+00  8.4826022624e-01  5.9951789587e-01  1.3256739891e+00  1.1595037246e+00  2.0476842753e+00  4.5749169614e-01  2.4727213373e+00  1.1751590831e+00 -4.7037108627e-01  1.2073513883e+00  2.0384995581e+00  8.1657324831e-02 -1.1904591944e+00  1.2654547603e+00
ENERGY -7.406906889850e+02

JOB 14
COORDS -2.5490468631e+00 -1.0565693483e+00 -5.4581115568e-01 -3.2215594846e+00  7.9088296475e-02 -1.2982473799e+00 -2.1057430800e+00  3.8991716334e-01 -3.2329895959e-01  4.4924049519e-01  1.4509407920e+00  1.4535300826e+00 -8.8612646467e-01  8.9782201129e-01 -8.6649282066e-01  5.4803730366e-01 -1.0932463139e+00  3.7957435242e-01  1.6284966958e+00  8.4782689890e-01 -8.6231337376e-01  4.3344618002e-01  4.1769424665e-01 -9.2727706791e-02 -3.1152509527e+00 -1.5633749470e+00  2.3556019796e-01 -1.8419231574e+00 -1.6783205559e+00 -1.0832440338e+00 -2.9694722621e+00  2.0331123383e-01 -2.3478369126e+00 -4.2435231093e+00  3.4564859505e-01 -1.0313796399e+00 -2.4625433069e+00  8.1443621377e-01  6.2818845786e-01  1.3374973268e+00  1.1987779343e+00  2.0394474785e+00  4.6441309593e-01  2.5010298151e+00  1.1514135205e+00 -4.5682413380e-01  1.2430079361e+00  2.0328868347e+00 -9.7792488336e-02 -1.2205619057e+00  1.1646763366e+00
ENERGY -7.406926409429e+02

JOB 15
COORDS -2.5482520442e+00 -1.0837382059e+00 -5.6873072029e-01 -3.2228970117e+00  7.7319611607e-02 -1.2797649768e+00 -2.0967528037e+00  3.5638841059e-01 -3.0882950836e-01  4.6015733109e-01  1.4944090433e+00  1.4417873651e+00 -8.8105123187e-01  8.7067583951e-01 -8.5237174795e-01  5.5839504797e-01 -1.0854309750e+00  4.4083866394e-01  1.6461986049e+00  8.2156020905e-01 -8.3321166463e-01  4.4130204855e-01  4.1193687268e-01 -6.8881526431e-02 -3.1102225838e+00 -1.6124372364e+00  2.0114883054e-01 -1.8529691601e+00 -1.6921162852e+00 -1.1367470566e+00 -2.9818257718e+00  2.3027143157e-01 -2.3280747949e+00 -4.2410495127e+00  3.3881482171e-01 -9.9456122531e-01 -2.4416387274e+00  7.5284144695e-01  6.5908212506e-01  1.3481766521e+00  1.2517380689e+00  2.0316542699e+00  4.7962060120e-01  2.5365856182e+00  1.1126702450e+00 -4.4463709796e-01  1.3045363018e+00  2.0294461880e+00 -2.4887674138e-01 -1.2622885766e+00  1.0476720961e+00
ENERGY -7.406944692945e+02

JOB 16
COORDS -2.5544800313e+00 -1.1094038722e+00 -5.9455698123e-01 -3.2199195009e+00  8.3133829793e-02 -1.2617795293e+00 -2.0819411018e+00  3.1916561990e-01 -2.9537370137e-01  4.7943641578e-01  1.5377365916e+00  1.4317287541e+00 -8.6652296789e-01  8.3222203446e-01 -8.3775068745e-01  5.5910556362e-01 -1.0780214886e+00  5.2563578767e-01  1.6712790011e+00  7.8770761043e-01 -7.9284230158e-01  4.5426375749e-01  4.0050460759e-01 -3.5431626376e-02 -3.1175937631e+00 -1.6558179247e+00  1.6199476528e-01 -1.8775145952e+00 -1.7086821248e+00 -1.1942544058e+00 -2.9876285597e+00  2.6466302893e-01 -2.3074685126e+00 -4.2320770009e+00  3.4711243151e-01 -9.5868098895e-01 -2.4112505461e+00  6.8648585798e-01  6.8919584856e-01  1.3659899476e+00  1.3061261935e+00  2.0281595783e+00  5.0805259952e-01  2.5688830443e+00  1.0696058247e+00 -4.2498392732e-01  1.3718107858e+00  2.0270596305e+00 -3.5590246186e-01 -1.3153064286e+00  9.2147326923e-01
ENERGY -7.406958338806e+02

JOB 17
COORDS -2.5652395905e+00 -1.1256574655e+00 -6.2212460032e-01 -3.2226353442e+00  9.6791539058e-02 -1.2428754619e+00 -2.0725659549e+00  2.8957944904e-01 -2.8330242305e-01  4.8740903139e-01  1.5893686926e+00  1.4254742076e+00 -8.5834193583e-01  8.0422402495e-01 -8.2585003703e-01  5.5050496283e-01 -1.0482855659e+00  6.1811108223e-01  1.6858684274e+00  7.8240679469e-01 -7.5359252933e-01  4.6043639269e-01  4.0692746953e-01 -1.1010272721e-03 -3.1277792549e+00 -1.6903118597e+00  1.2129679376e-01 -1.9074382171e+00 -1.7134610766e+00 -1.2544646174e+00 -3.0003520966e+00  3.0790841192e-01 -2.2851536600e+00 -4.2285546651e+00  3.6130295343e-01 -9.2055118323e-01 -2.3846314348e+00  6.2557709003e-01  7.1740504210e-01  1.3656052834e+00  1.3625338436e+00  2.0358957522e+00  5.3606822005e-01  2.6084363473e+00  1.0324597859e+00 -4.2335295024e-01  1.4529537822e+00  2.0182298484e+00 -4.0822772144e-01 -1.3643447939e+00  7.8671953604e-01
ENERGY -7.406966128038e+02

JOB 18
COORDS -2.5891879338e+00 -1.1345191465e+00 -6.4742145651e-01 -3.2427572706e+00  1.1336693038e-01 -1.2216581704e+00 -2.0789267602e+00  2.6640095273e-01 -2.7305340349e-01  4.8243191335e-01  1.6359086270e+00  1.4185371124e+00 -8.6723305491e-01  7.8417071167e-01 -8.1922038322e-01  5.2169960882e-01 -1.0039901631e+00  7.0905846225e-01  1.6767825500e+00  7.9162555383e-01 -7.3416179833e-01  4.5035349245e-01  4.2277121515e-01  2.4597638459e-02 -3.1464750434e+00 -1.7169928106e+00  8.5989947370e-02 -1.9510899235e+00 -1.7090486330e+00 -1.3121926811e+00 -3.0335412128e+00  3.5282415336e-01 -2.2605094592e+00 -4.2418763521e+00  3.7643628393e-01 -8.7791126893e-01 -2.3714774070e+00  5.7162457349e-01  7.4244877695e-01  1.3448465452e+00  1.4024004407e+00  2.0485722452e+00  5.6539958679e-01  2.6429189314e+00  1.0011584353e+00 -4.4040415125e-01  1.5345947872e+00  1.9985677664e+00 -4.1401242741e-01 -1.4115756327e+00  6.5623854898e-01
ENERGY -7.406970564662e+02

JOB 19
COORDS -2.6118939965e+00 -1.1430076993e+00 -6.6814312061e-01 -3.2565267632e+00  1.2652023851e-01 -1.2063105390e+00 -2.0822562427e+00  2.4192406722e-01 -2.6585058726e-01  4.7880049824e-01  1.6606722948e+00  1.4181490403e+00 -8.6913803995e-01  7.5741935371e-01 -8.1431837659e-01  4.8150684808e-01 -9.6653677811e-01  8.0842118871e-01  1.6682308557e+00  7.7979601425e-01 -7.1972290708e-01  4.4210943539e-01  4.2581382536e-01  5.2007012402e-02 -3.1670424788e+00 -1.7371003751e+00  5.7327730505e-02 -1.9903331181e+00 -1.7085128675e+00 -1.3566220558e+00 -3.0555145557e+00  3.8729877862e-01 -2.2416969236e+00 -4.2493777037e+00  3.9225435916e-01 -8.4682586495e-01 -2.3579008100e+00  5.2300700462e-01  7.6029157415e-01  1.3202026725e+00  1.4176889154e+00  2.0723948402e+00  6.0137800139e-01  2.6539014276e+00  9.7875589796e-01 -4.5876194370e-01  1.5975197891e+00  1.9785739115e+00 -3.6879736218e-01 -1.4711473339e+00  5.5277904369e-01
ENERGY -7.406975985138e+02

JOB 20
COORDS -2.6320078794e+00 -1.1436674034e+00 -6.8083183231e-01 -3.2671205682e+00  1.4149045013e-01 -1.1951908695e+00 -2.0865087372e+00  2.2606787536e-01 -2.5866050304e-01  4.7661100107e-01  1.6756728971e+00  1.4230245034e+00 -8.6919881066e-01  7.3607952596e-01 -8.0779571712e-01  4.3865568095e-01 -9.2922160366e-01  9.0411286468e-01  1.6582211936e+00  7.5967925791e-01 -7.0984289338e-01  4.3379663292e-01  4.2625203700e-01  7.9151189186e-02 -3.1868421733e+00 -1.7447589876e+00  3.8904759289e-02 -2.0212078884e+00 -1.7038714119e+00 -1.3836508507e+00 -3.0691536643e+00  4.1652821525e-01 -2.2275622510e+00 -4.2554661203e+00  4.1152292381e-01 -8.2649939039e-01 -2.3503767356e+00  4.9073139643e-01  7.7394425623e-01  1.3058508838e+00  1.4322378067e+00  2.0921412042e+00  6.2291538158e-01  2.6560740811e+00  9.6336772630e-01 -4.6868073022e-01  1.6396016437e+00  1.9715997421e+00 -2.6876255420e-01 -1.5343069835e+00  4.8275078495e-01
ENERGY -7.406984842439e+02

JOB 21
COORDS -2.6466667602e+00 -1.1423085186e+00 -6.8646451626e-01 -3.2761456802e+00  1.4556794046e-01 -1.2025204290e+00 -2.0935926050e+00  2.2080933029e-01 -2.6598139458e-01  4.7483650583e-01  1.6795157767e+00  1.4159566591e+00 -8.7215109561e-01  7.2241794311e-01 -8.1754501347e-01  4.0595754062e-01 -9.0000456566e-01  9.5827343783e-01  1.6445896998e+00  7.3940177986e-01 -7.2409726583e-01  4.2382960661e-01  4.2513283779e-01  8.3320126630e-02 -3.2010275622e+00 -1.7401238821e+00  3.6141168347e-02 -2.0390984385e+00 -1.7066413212e+00 -1.3889943129e+00 -3.0773622612e+00  4.1846796194e-01 -2.2354196489e+00 -4.2627844930e+00  4.2222700930e-01 -8.3384996877e-01 -2.3533250623e+00  4.8714662829e-01  7.6663080492e-01  1.3021742241e+00  1.4385014710e+00  2.0877876421e+00  6.3031420505e-01  2.6505258486e+00  9.4064197814e-01 -4.7125482280e-01  1.6598691255e+00  1.9631418393e+00 -1.0993760275e-01 -1.5993517371e+00  4.1790187991e-01
ENERGY -7.406994538765e+02

JOB 22
COORDS -2.6653427470e+00 -1.1202984879e+00 -6.7481237275e-01 -3.2819859022e+00  1.7101242121e-01 -1.1988079122e+00 -2.1060331591e+00  2.3584449312e-01 -2.5171751282e-01  4.6904294144e-01  1.6775208686e+00  1.4467192755e+00 -8.7530146218e-01  7.2686656659e-01 -7.9483038332e-01  3.6919804987e-01 -8.8455041618e-01  1.0229919959e+00  1.6331779192e+00  7.1085610370e-01 -6.9540391217e-01  4.0863718818e-01  4.2146650757e-01  1.1933311767e-01 -3.2280771168e+00 -1.7127068721e+00  4.5589669782e-02 -2.0535519245e+00 -1.6902760926e+00 -1.3689369884e+00 -3.0722770905e+00  4.4168959148e-01 -2.2302272139e+00 -4.2697748657e+00  4.5582375603e-01 -8.3919025585e-01 -2.3707071896e+00  5.0538942525e-01  7.7844109833e-01  1.3072184471e+00  1.4462917744e+00  2.1077571655e+00  6.1276323321e-01  2.6433602652e+00  9.5804321928e-01 -4.6984798402e-01  1.6607646310e+00  2.0060059871e+00  7.9688785606e-02 -1.6528527967e+00  4.0969751643e-01
ENERGY -7.406999332077e+02

JOB 23
COORDS -2.6848498700e+00 -1.1059645113e+00 -6.5461265730e-01 -3.2965468217e+00  1.7242363629e-01 -1.2144528723e+00 -2.1300713725e+00  2.5603488447e-01 -2.5526768864e-01  4.6408800120e-01  1.6595193553e+00  1.4445106592e+00 -8.9343802152e-01  7.3626942120e-01 -7.9506779338e-01  3.4559572495e-01 -8.9536384556e-01  1.0228646230e+00  1.6105871906e+00  6.7727293565e-01 -7.1067480229e-01  3.8729986344e-01  4.0773706833e-01  1.1471283440e-01 -3.2533720574e+00 -1.6818734147e+00  7.4337936154e-02 -2.0625985370e+00 -1.6916592401e+00 -1.3255554958e+00 -3.0745523779e+00  4.2178429965e-01 -2.2487250373e+00 -4.2879981519e+00  4.6601540219e-01 -8.7209247336e-01 -2.4069846846e+00  5.4983753278e-01  7.6524159832e-01  1.3336647344e+00  1.4511906960e+00  2.0710610913e+00  5.5955251199e-01  2.6282032858e+00  9.4984048038e-01 -4.5191804721e-01  1.6185625526e+00  2.0394893735e+00  3.0004977050e-01 -1.6942542722e+00  3.8167775775e-01
ENERGY -7.406995809757e+02

