JOB 0
COORDS  5.1074027047e+00 -1.4164486087e+00  2.2215224446e-01 -2.8600350758e-01 -1.7735885250e+00  1.0832029485e+00  5.9194231821e+00 -5.5123438070e-01  9.6002367558e-01 -1.4450209554e+00 -1.5816655181e+00  3.2415927473e-01  3.8519154840e+00 -9.7706368449e-01 -1.9882742536e-01  8.6213230519e-01 -1.0389073551e+00  7.8991550709e-01  5.4765368299e+00  7.4191754124e-01  1.2531944069e+00 -1.4513224082e+00 -6.5326659452e-01 -7.1937614255e-01  3.4087543354e+00  3.2483710841e-01  8.4913897262e-02  8.9311581610e-01 -9.9289255493e-02 -2.5960819592e-01  4.2317774760e+00  1.2129936027e+00  8.1265878690e-01 -2.9750651307e-01  7.6368584907e-02 -9.8814167073e-01  2.0892333807e+00  7.8338375636e-01 -4.6867204113e-01  3.8129039738e+00  2.6293382386e+00  1.1337841828e+00  1.9900026787e+00  1.8719171545e+00 -1.0231425945e+00 -3.4656331490e-01  9.4517954043e-01 -2.0153547757e+00  5.4441580428e+00 -2.4212333842e+00 -1.8207384420e-02 -2.7907766270e-01 -2.4859704583e+00  1.9029713476e+00  6.8950572679e+00 -8.8058020065e-01  1.3085310605e+00 -2.3450287226e+00 -2.1501403759e+00  5.4233735071e-01  3.2111906487e+00 -1.6449549326e+00 -7.6847589769e-01  1.7514422153e+00 -1.1742753519e+00  1.3955664716e+00  6.1135941814e+00  1.4054366003e+00  1.8334828496e+00 -2.3337378166e+00 -4.8291581415e-01 -1.3285427382e+00  4.4564832439e+00  3.0499034939e+00  1.9113425871e+00  2.7763074456e+00  2.6815648490e+00  1.4784716968e+00  3.8771516012e+00  3.2635201470e+00  2.4551008951e-01
ENERGY -7.153104821231e+02

JOB 1
COORDS  4.9992592931e+00 -1.4130625519e+00  1.8733647452e-01 -3.6992110174e-01 -1.7750930023e+00  1.1118304354e+00  5.9042185291e+00 -5.6905026394e-01  8.3613435800e-01 -1.4358022491e+00 -1.6933020761e+00  2.0949581256e-01  3.7287220609e+00 -9.3272375136e-01 -1.2782763960e-01  7.5932658775e-01 -9.7777879341e-01  9.2421721711e-01  5.5349986401e+00  7.4260290511e-01  1.1474476284e+00 -1.3707412605e+00 -8.1049798171e-01 -8.7163329042e-01  3.3561233754e+00  3.8934950965e-01  1.7189713142e-01  8.4904936705e-01 -7.5019664571e-02 -1.5095179999e-01  4.2739554186e+00  1.2555913786e+00  8.1301827285e-01 -2.4300574777e-01 -1.1258271621e-02 -1.0293646972e+00  2.0072527762e+00  8.7652302014e-01 -2.6210909271e-01  3.9467199521e+00  2.6900471152e+00  1.1572559227e+00  1.8347610507e+00  2.0229441400e+00 -6.6048594753e-01 -2.0489570153e-01  8.1341891821e-01 -2.0956128872e+00  5.2772366006e+00 -2.4324721081e+00 -6.5969485406e-02 -4.1910809174e-01 -2.4551716196e+00  1.9572002746e+00  6.8949321440e+00 -9.2920051595e-01  1.1019977619e+00 -2.3169227768e+00 -2.3150636767e+00  3.4275475772e-01  3.0186363334e+00 -1.5840850222e+00 -6.2901051349e-01  1.5836257228e+00 -1.0361176546e+00  1.6280936798e+00  6.2447477951e+00  1.3884955316e+00  1.6590690784e+00 -2.1776245702e+00 -7.3068651696e-01 -1.5936087673e+00  4.6788433862e+00  3.0846770196e+00  1.8673761896e+00  2.9491320183e+00  2.7904968457e+00  1.5927270417e+00  3.9546469209e+00  3.3162227311e+00  2.6114543984e-01
ENERGY -7.153117795778e+02

JOB 2
COORDS  4.7685183491e+00  1.4862018170e-01 -1.1731368959e+00 -4.0296195839e-01 -1.6649860152e+00 -8.5507946307e-01  5.8215381566e+00  5.4039576778e-02 -2.5984326173e-01 -1.4958377054e+00 -8.4718222347e-01 -1.1629492874e+00  3.4726270461e+00  3.3788409425e-01 -6.9600623755e-01  6.8278078140e-01 -1.1378823323e+00 -1.5417287521e-01  5.5704692880e+00  1.6180469012e-01  1.1109194463e+00 -1.5034737113e+00  4.9257765338e-01 -7.6512064429e-01  3.2132961496e+00  4.6014401699e-01  6.8158418472e-01  6.9092805195e-01  1.9977905532e-01  2.7351454439e-01  4.2797302872e+00  3.7901109090e-01  1.6123347031e+00 -4.1895518598e-01  9.8863064105e-01 -4.8576732260e-02  1.8122553556e+00  7.3054195632e-01  1.1274941973e+00  4.0855159906e+00  5.0454169923e-01  3.1050731392e+00  1.5552361486e+00  1.3444919806e+00  2.1568695151e+00 -4.3682719906e-01  2.2919060088e+00  3.0714820652e-01  4.9531965019e+00  7.2436189677e-02 -2.2411487225e+00 -3.9548098016e-01 -2.7065693718e+00 -1.1628444891e+00  6.8379049756e+00 -1.0526672485e-01 -6.1137236499e-01 -2.3409405376e+00 -1.2471121076e+00 -1.7165186678e+00  2.6495336677e+00  4.1070281555e-01 -1.3999628970e+00  1.5365387461e+00 -1.7677402331e+00  7.9510505804e-02  6.3978446413e+00  7.9286563300e-02  1.8117552620e+00 -2.3307350534e+00  1.1551032404e+00 -1.0006911824e+00  4.9895217339e+00  1.8397263787e-01  3.6305230745e+00  3.2419431050e+00 -9.2601005892e-02  3.4605580591e+00  3.8646579019e+00  1.5383176653e+00  3.3839371995e+00
ENERGY -7.153120178934e+02

JOB 3
COORDS  4.7059479964e+00  1.7280605679e-01 -1.1661906619e+00 -5.1627978641e-01 -1.6858188912e+00 -8.2286024929e-01  5.7978218628e+00  1.7095609030e-01 -2.9470054033e-01 -1.4827374843e+00 -7.6647309953e-01 -1.2460671837e+00  3.4191801742e+00  2.7159583249e-01 -6.4081859494e-01  5.6398600099e-01 -1.2525615480e+00 -5.1232249339e-02  5.5911474061e+00  2.7715919951e-01  1.0835545126e+00 -1.3717083636e+00  5.8205299999e-01 -8.9526462483e-01  3.2019886486e+00  3.9058454576e-01  7.4520299087e-01  6.8381676221e-01  9.1243433508e-02  3.3116306741e-01  4.3084300015e+00  3.9913864775e-01  1.6348893735e+00 -2.9572771034e-01  9.8268192190e-01 -1.0944323482e-01  1.8026908268e+00  5.4417500325e-01  1.2388755437e+00  4.1682743427e+00  5.2350137785e-01  3.1331690835e+00  1.5262504193e+00  1.0116324028e+00  2.3376482774e+00 -1.8489093496e-01  2.2941584198e+00  2.0881007298e-01  4.8545115826e+00  9.5299317533e-02 -2.2396729054e+00 -6.0079721882e-01 -2.7333490831e+00 -1.0973047750e+00  6.8092957505e+00  8.5357781690e-02 -6.8410579351e-01 -2.3210938627e+00 -1.0947003341e+00 -1.8542126842e+00  2.5677492451e+00  2.7214221325e-01 -1.3134846038e+00  1.3254010131e+00 -1.9597345783e+00  2.6744520987e-01  6.4490047956e+00  2.6850642185e-01  1.7516493882e+00 -2.0982985409e+00  1.3207833439e+00 -1.2196242249e+00  5.1302695209e+00  3.3283623050e-01  3.6172179666e+00  3.4273039652e+00 -1.7345148894e-01  3.5330814413e+00  3.8237881542e+00  1.5224709033e+00  3.4133387404e+00
ENERGY -7.153115037653e+02

JOB 4
COORDS  4.6619375238e+00  1.9050471140e-01 -1.1606456467e+00 -6.6818301528e-01 -1.6945272853e+00 -7.9608924299e-01  5.7717986791e+00  3.0425194027e-01 -3.1999180840e-01 -1.4901654231e+00 -6.8302383778e-01 -1.3052369165e+00  3.3862731306e+00  1.8726884038e-01 -6.0130258305e-01  4.1298562783e-01 -1.3664287202e+00  2.6052955166e-02  5.5928637924e+00  4.1807674652e-01  1.0614878970e+00 -1.2333416836e+00  6.5498164727e-01 -9.9176668808e-01  3.1939121079e+00  3.0746033112e-01  7.8896244306e-01  6.7996672283e-01 -3.3140357846e-02  3.6225577933e-01  4.3200054567e+00  4.2901243172e-01  1.6477954818e+00 -1.5648870815e-01  9.5012164811e-01 -1.6213473794e-01  1.8011799359e+00  3.2470425317e-01  1.3157929965e+00  4.2139482840e+00  5.6445088317e-01  3.1473226424e+00  1.5163482807e+00  6.0085961410e-01  2.4754208396e+00  1.0352229746e-01  2.2501250708e+00  1.2799341494e-01  4.7885861830e+00  1.0445758114e-01 -2.2362463877e+00 -8.6635804452e-01 -2.7341921470e+00 -1.0403852095e+00  6.7763156275e+00  3.0399760712e-01 -7.3593336192e-01 -2.3292338994e+00 -9.3157050488e-01 -1.9490482520e+00  2.5218179756e+00  9.8066670924e-02 -1.2505631209e+00  1.0596667707e+00 -2.1485971364e+00  4.1560323994e-01  6.4653817507e+00  5.0333508523e-01  1.7046383643e+00 -1.8477507161e+00  1.4630537166e+00 -1.3770331140e+00  5.2113734216e+00  5.5438249297e-01  3.5958010166e+00  3.6199051444e+00 -2.4175088339e-01  3.5855953208e+00  3.7089952394e+00  1.4930929002e+00  3.4260516144e+00
ENERGY -7.153109261826e+02

JOB 5
COORDS  4.6707565213e+00  1.8845711839e-01 -1.1701865742e+00 -8.2445606255e-01 -1.6948537030e+00 -7.6962500071e-01  5.7701645587e+00  4.4064643503e-01 -3.4610732819e-01 -1.4996837653e+00 -6.0638527725e-01 -1.3328824623e+00  3.4069923393e+00  7.4272424015e-02 -5.9618124834e-01  2.6921859383e-01 -1.4777246679e+00  7.2966636913e-02  5.5925594362e+00  5.7484274882e-01  1.0336987538e+00 -1.0822028882e+00  6.9891105531e-01 -1.0559722036e+00  3.2163570217e+00  2.0364766883e-01  7.9351495461e-01  7.0694102314e-01 -1.7838832602e-01  3.5718370043e-01  4.3321701877e+00  4.6219320282e-01  1.6359093626e+00  1.0777307746e-02  8.8272619416e-01 -2.1599481252e-01  1.8382019885e+00  6.6388466755e-02  1.3368303148e+00  4.2277693026e+00  6.2557799493e-01  3.1325756377e+00  1.5687563724e+00  1.0698234912e-01  2.5320665665e+00  4.2739090574e-01  2.1494412640e+00  4.6974325456e-02  4.7962147011e+00  8.4117199804e-02 -2.2442940883e+00 -1.1502584696e+00 -2.7089638775e+00 -9.8247719911e-01  6.7652612690e+00  5.3478499177e-01 -7.7387592358e-01 -2.3518211460e+00 -7.6960260593e-01 -1.9867049892e+00  2.5506325479e+00 -1.2175456380e-01 -1.2326561927e+00  7.9309681994e-01 -2.3202058716e+00  5.1704174868e-01  6.4564068100e+00  7.7426618648e-01  1.6631049331e+00 -1.5862715877e+00  1.5644578394e+00 -1.4750863650e+00  5.2128045602e+00  8.4328521961e-01  3.5549603260e+00  3.8294746078e+00 -2.7516655627e-01  3.6069161511e+00  3.5404501228e+00  1.4325632401e+00  3.3998500292e+00
ENERGY -7.153109846746e+02

JOB 6
COORDS  4.7175760359e+00  2.1524966750e-01 -1.1595567588e+00 -9.6250837955e-01 -1.6570197391e+00 -6.8623590641e-01  5.7864617404e+00  5.7253309668e-01 -3.3407126132e-01 -1.4949123808e+00 -5.2111310055e-01 -1.3069242563e+00  3.4650471752e+00 -6.0474371662e-05 -5.8958385847e-01  1.4646892287e-01 -1.5374936834e+00  1.5460643539e-01  5.5911265195e+00  7.0571263350e-01  1.0434997031e+00 -9.1854437920e-01  7.3392971179e-01 -1.0902731106e+00  3.2600529514e+00  1.1916635277e-01  7.9818295908e-01  7.5544823210e-01 -2.9335622913e-01  3.6490947604e-01  4.3438540765e+00  4.8159477087e-01  1.6417248826e+00  1.9333601057e-01  8.1834770121e-01 -2.5938100427e-01  1.9037175880e+00 -1.6086333148e-01  1.3424146002e+00  4.2145247379e+00  6.4731174219e-01  3.1365082394e+00  1.6762777731e+00 -3.4702931893e-01  2.5333048253e+00  7.5743970587e-01  2.0370251857e+00 -4.8610562559e-02  4.8572569223e+00  1.0993881986e-01 -2.2318361508e+00 -1.4153833802e+00 -2.6306744058e+00 -8.4967830474e-01  6.7709005465e+00  7.5130653670e-01 -7.5948687553e-01 -2.3624193749e+00 -6.0765630270e-01 -1.9552055411e+00  2.6317944993e+00 -2.7794477367e-01 -1.2268031858e+00  5.5312362801e-01 -2.4114214915e+00  6.5617227483e-01  6.4294909573e+00  9.9272736697e-01  1.6736126568e+00 -1.3159225708e+00  1.6356975224e+00 -1.5461357294e+00  5.1395115956e+00  1.0597402787e+00  3.5492767616e+00  4.0054255489e+00 -3.0858330866e-01  3.6242150229e+00  3.3840376956e+00  1.3074082418e+00  3.3995395451e+00
ENERGY -7.153119635605e+02

JOB 7
COORDS  4.7582220423e+00  2.7329082414e-01 -1.1684801365e+00 -1.1074998661e+00 -1.6008574050e+00 -5.6834052618e-01  5.7867174971e+00  7.0770981709e-01 -3.2855018614e-01 -1.5192427265e+00 -4.5483921654e-01 -1.2593700479e+00  3.5175506246e+00 -3.5332098726e-02 -6.1552750150e-01  2.4201110100e-02 -1.5519341516e+00  2.4653072947e-01  5.5653102018e+00  8.1987783299e-01  1.0468923693e+00 -7.9988770876e-01  7.3707749597e-01 -1.1367778759e+00  3.2906468821e+00  5.9882259406e-02  7.6968040027e-01  7.8249246318e-01 -3.7698644302e-01  3.5821296598e-01  4.3325701504e+00  4.9447344132e-01  1.6285607263e+00  3.3467062330e-01  7.5014981353e-01 -3.3228273231e-01  1.9594942102e+00 -3.4383435861e-01  1.3023000994e+00  4.1700093560e+00  6.3562382630e-01  3.1232970869e+00  1.7887291423e+00 -7.1517877241e-01  2.4599944825e+00  1.0217314535e+00  1.9150875637e+00 -2.0805351362e-01  4.9190817118e+00  1.8188420826e-01 -2.2390933294e+00 -1.6725939589e+00 -2.5241651570e+00 -6.5736340511e-01  6.7593749240e+00  9.6343936631e-01 -7.4154708544e-01 -2.4052382675e+00 -4.8330312425e-01 -1.8875946379e+00  2.7147153141e+00 -3.7268358141e-01 -1.2636886049e+00  3.3986230154e-01 -2.4256979148e+00  8.0931864680e-01  6.3708690816e+00  1.1690787470e+00  1.6884112298e+00 -1.1056966313e+00  1.6475963471e+00 -1.6430068249e+00  5.0228706617e+00  1.1753020351e+00  3.5445105472e+00  4.1004445454e+00 -3.4332564468e-01  3.6051599230e+00  3.2523396803e+00  1.1686704339e+00  3.3844381451e+00
ENERGY -7.153132550930e+02

JOB 8
COORDS  4.7953636201e+00  3.2121107503e-01 -1.1810942818e+00 -1.2359717260e+00 -1.5325929627e+00 -4.4184741859e-01  5.7780471666e+00  8.1962607164e-01 -3.2181173879e-01 -1.5559934594e+00 -4.0095408542e-01 -1.2023269935e+00  3.5667694393e+00 -6.8182726757e-02 -6.5229930620e-01 -8.0566600639e-02 -1.5392826093e+00  3.3795907866e-01  5.5256745747e+00  9.1067797475e-01  1.0498274031e+00 -7.2263648272e-01  7.1994833128e-01 -1.1781343767e+00  3.3119940390e+00  6.4733877786e-03  7.2813877740e-01  7.9145402633e-01 -4.3804111570e-01  3.5675891930e-01  4.3077283549e+00  4.9818920199e-01  1.6071107609e+00  4.3235912832e-01  6.7946632227e-01 -4.0339077714e-01  2.0080452456e+00 -5.0304860986e-01  1.2420280798e+00  4.1073213938e+00  6.1023076041e-01  3.1002738511e+00  1.9012860928e+00 -1.0260867354e+00  2.3485902704e+00  1.2101894186e+00  1.7904091370e+00 -3.7114210407e-01  4.9814098018e+00  2.4377944719e-01 -2.2487528879e+00 -1.8881344093e+00 -2.4010461097e+00 -4.5454061242e-01  6.7384679738e+00  1.1413184757e+00 -7.1692084496e-01 -2.4582610832e+00 -3.8454260675e-01 -1.8075107580e+00  2.7977053982e+00 -4.5315975624e-01 -1.3155408541e+00  1.7386225746e-01 -2.3996353445e+00  9.4967606502e-01  6.2945041004e+00  1.3096008664e+00  1.7073513817e+00 -9.5584931936e-01  1.6209736322e+00 -1.7371914571e+00  4.8896066206e+00  1.2356085994e+00  3.5394941324e+00  4.1387391157e+00 -3.7472159631e-01  3.5738054430e+00  3.1343528688e+00  1.0404743970e+00  3.3510750672e+00
ENERGY -7.153139177253e+02

JOB 9
COORDS  4.8825285155e+00  3.8107073857e-01 -1.1723344939e+00 -1.3223256785e+00 -1.4552436589e+00 -3.0179517157e-01  5.8031905402e+00  9.3420099717e-01 -2.7831133472e-01 -1.5844238226e+00 -3.5065682342e-01 -1.1225180106e+00  3.6625230132e+00 -8.5803507655e-02 -6.8758741442e-01 -1.3585158540e-01 -1.5098880641e+00  4.2489239025e-01  5.5005801923e+00  9.9928728581e-01  1.0846710395e+00 -6.6258281752e-01  6.9446828982e-01 -1.2049883316e+00  3.3600722228e+00 -3.4954329699e-02  6.8293563982e-01  8.2251954913e-01 -4.8245039751e-01  3.4757885888e-01  4.2936258986e+00  5.0487970059e-01  1.5976041346e+00  5.2000471772e-01  6.1022817803e-01 -4.7542097677e-01  2.0811780441e+00 -6.4314581048e-01  1.1568307976e+00  4.0339906723e+00  5.8117910616e-01  3.0844311956e+00  2.0354501850e+00 -1.3018029163e+00  2.1934795238e+00  1.3663724634e+00  1.6663300300e+00 -5.4619070804e-01  5.1086521027e+00  3.2211454457e-01 -2.2334453840e+00 -2.0408401777e+00 -2.2667629791e+00 -2.3225427446e-01  6.7539703419e+00  1.3180702947e+00 -6.3972590221e-01 -2.5082716793e+00 -2.9669869231e-01 -1.6919953311e+00  2.9384413263e+00 -5.1001425944e-01 -1.3778441098e+00  8.4616563171e-02 -2.3524605667e+00  1.0729505686e+00  6.2207673730e+00  1.4397748618e+00  1.7702391719e+00 -8.4649685960e-01  1.5752479374e+00 -1.8125603575e+00  4.7474334736e+00  1.2606945731e+00  3.5588702947e+00  4.1288596365e+00 -4.0464755714e-01  3.5475200574e+00  3.0224016780e+00  9.3187445369e-01  3.3059546453e+00
ENERGY -7.153133231388e+02

JOB 10
COORDS  5.0032774468e+00  4.2467315742e-01 -1.1673998530e+00 -1.4030348342e+00 -1.3499880574e+00 -1.2518092803e-01  5.8426730975e+00  1.0293964531e+00 -2.2789554761e-01 -1.6367182893e+00 -2.7724144424e-01 -9.9593092643e-01  3.7891913472e+00 -1.1525235703e-01 -7.4607887441e-01 -1.7253974306e-01 -1.4639492485e+00  5.1330119606e-01  5.4682522273e+00  1.0718012010e+00  1.1182315641e+00 -6.4134482992e-01  6.7628237412e-01 -1.2107193895e+00  3.4174604012e+00 -8.4321562751e-02  6.0599857571e-01  8.5837885123e-01 -5.2399357087e-01  3.1310664667e-01  4.2685035492e+00  5.0325449154e-01  1.5671566644e+00  5.8279065715e-01  5.3867044898e-01 -5.6040088360e-01  2.1603387479e+00 -7.7949703971e-01  1.0242791190e+00  3.9227788214e+00  5.4750257538e-01  3.0381747520e+00  2.1743400414e+00 -1.5659162624e+00  1.9685076856e+00  1.4919795431e+00  1.5212125093e+00 -7.6539875866e-01  5.2859478524e+00  3.8267969129e-01 -2.2157196249e+00 -2.1766998066e+00 -2.0925434371e+00  4.7269759801e-02  6.7857133226e+00  1.4705369915e+00 -5.4087709678e-01 -2.5931142382e+00 -1.7815998076e-01 -1.5021733060e+00  3.1243857896e+00 -5.7568114015e-01 -1.4724640749e+00  3.3834622471e-02 -2.2881935079e+00  1.1885985015e+00  6.1250218744e+00  1.5513815901e+00  1.8403791294e+00 -7.9635097933e-01  1.5303637931e+00 -1.8627889217e+00  4.5636985951e+00  1.2641584666e+00  3.5589540793e+00  4.0536906752e+00 -4.3582999106e-01  3.4981150887e+00  2.8808866582e+00  8.3567582065e-01  3.2050373126e+00
ENERGY -7.153115683709e+02

JOB 11
COORDS  5.6281898268e+00  9.2741751155e-02 -1.0166365353e+00 -1.3565591842e+00 -1.2345780426e+00  2.5332470339e-01  5.9640246294e+00  1.0919442257e+00 -9.9868757457e-02 -1.6371592051e+00  7.8586276638e-02 -1.4847463680e-01  4.4697769798e+00 -6.6166051456e-01 -8.1572172280e-01 -3.5725912406e-02 -1.6318855150e+00  4.3031197982e-01  5.1430617661e+00  1.3290047046e+00  1.0070762346e+00 -5.9655623919e-01  9.7985076561e-01 -3.7428277081e-01  3.6361143557e+00 -4.0153677303e-01  2.7714170491e-01  1.0402630330e+00 -7.4818123726e-01  2.1035569907e-01  3.9668912613e+00  5.9725733020e-01  1.2114865483e+00  7.1735686581e-01  5.5635169367e-01 -1.9153773411e-01  2.4256616873e+00 -1.2758617921e+00  4.5414040099e-01  3.0874790870e+00  8.8139814987e-01  2.4081681841e+00  2.5759724949e+00 -2.4580190746e+00  7.4704682420e-01  1.6890909473e+00  1.4660974381e+00 -4.3774147440e-01  6.2664007158e+00 -1.0666255674e-01 -1.8732878822e+00 -2.1656782201e+00 -1.9375789075e+00  4.2887335336e-01  6.8681407220e+00  1.6792918131e+00 -2.3843795888e-01 -2.6651518251e+00  4.0184212945e-01 -2.8810992392e-01  4.2066847288e+00 -1.4561168966e+00 -1.5091251546e+00  2.0951644518e-01 -2.6408644168e+00  7.4629213283e-01  5.4213985331e+00  2.0948562590e+00  1.7278769169e+00 -7.8056155375e-01  2.0014460988e+00 -6.9229037634e-01  3.6377039087e+00  1.4372852365e+00  3.1720749170e+00  2.7144987536e+00 -3.8538769746e-02  2.8684702822e+00  2.2177721922e+00  1.4841452809e+00  2.1240959088e+00
ENERGY -7.153099998741e+02

JOB 12
COORDS  5.7755981768e+00  8.0818388448e-02 -8.8630687176e-01 -1.3194325874e+00 -1.1697051764e+00  5.0315037063e-01  5.9953035535e+00  1.1070264642e+00  3.7010124953e-02 -1.6162724536e+00  1.3808154346e-01  9.6990742527e-02  4.6167750905e+00 -6.8913401949e-01 -7.8798701600e-01  2.7838795958e-03 -1.6027006721e+00  5.2486682439e-01  5.0605313994e+00  1.3500273647e+00  1.0468808333e+00 -5.8860300205e-01  9.9986418951e-01 -2.8903974649e-01  3.6598176529e+00 -4.1689883509e-01  1.9976077754e-01  1.0638119375e+00 -7.5466602881e-01  1.5267176351e-01  3.8774337956e+00  6.0557213296e-01  1.1444746420e+00  7.2611138838e-01  5.4405407567e-01 -2.5155441511e-01  2.4567887005e+00 -1.3120102896e+00  2.3425084949e-01  2.9003872564e+00  9.0663329870e-01  2.2602650428e+00  2.6090264858e+00 -2.5300096441e+00  2.8051707234e-01  1.6858464084e+00  1.4085138134e+00 -6.5997302135e-01  6.5038061282e+00 -1.2518916203e-01 -1.6661104956e+00 -2.1176250452e+00 -1.8430659050e+00  8.0168794846e-01  6.8992144788e+00  1.7083245810e+00 -1.8821494574e-02 -2.6452577413e+00  4.8662502890e-01  7.5343182351e-02  4.4383493358e+00 -1.5070471498e+00 -1.4801793464e+00  2.5741970419e-01 -2.6118766395e+00  8.3295380716e-01  5.2541703322e+00  2.1305694024e+00  1.7795910668e+00 -7.8549081830e-01  2.0135763645e+00 -6.2419534483e-01  3.4199641026e+00  1.3540027661e+00  3.1122310018e+00  2.3866074619e+00  1.0612183289e-02  2.6176658964e+00  2.1340488219e+00  1.6178979219e+00  1.9338316925e+00
ENERGY -7.153115021291e+02

JOB 13
COORDS  5.8793164127e+00  3.1893695713e-02 -8.2160628981e-01 -1.2644237961e+00 -1.0826549220e+00  6.2724846979e-01  6.0468716663e+00  1.0350019373e+00  1.3773498001e-01 -1.5667253161e+00  2.1096240074e-01  1.8250177394e-01  4.7048008884e+00 -7.1778321331e-01 -8.2461165123e-01  4.4545666646e-02 -1.5518827156e+00  5.5033562613e-01  5.0439790538e+00  1.2709665695e+00  1.0810012273e+00 -5.6041748918e-01  1.0269587824e+00 -3.3872435358e-01  3.6788528292e+00 -4.5389420659e-01  9.6690720216e-02  1.0832736307e+00 -7.4411818288e-01  5.4072766772e-02  3.8437941326e+00  5.4621532536e-01  1.0784906095e+00  7.4118463080e-01  5.3814584915e-01 -3.8982347781e-01  2.4658511195e+00 -1.3271510921e+00 -1.5855366346e-03  2.8096982525e+00  8.4647629578e-01  2.1428865206e+00  2.5906294284e+00 -2.5401154418e+00 -1.5143804505e-01  1.6912273945e+00  1.3489971149e+00 -9.1673800104e-01  6.6584609463e+00 -1.6908868213e-01 -1.5518626756e+00 -2.0481805694e+00 -1.7192946733e+00  1.0273226341e+00  6.9608453355e+00  1.6231525775e+00  1.6171662445e-01 -2.5859252176e+00  5.8412966600e-01  2.3372796949e-01  4.5607596242e+00 -1.5160644353e+00 -1.5465636856e+00  2.9930057199e-01 -2.5559807303e+00  8.7530878070e-01  5.1967704590e+00  2.0317670481e+00  1.8433708857e+00 -7.6614112021e-01  2.0263564387e+00 -7.0976549592e-01  3.2904639773e+00  1.2838751491e+00  3.0223401506e+00  2.2697407863e+00 -4.5892988868e-02  2.4674107265e+00  2.0665066060e+00  1.5667451814e+00  1.7848669794e+00
ENERGY -7.153124242194e+02

JOB 14
COORDS  5.9445810976e+00 -4.9457590061e-03 -7.5134926776e-01 -1.1962593682e+00 -1.0312455994e+00  7.9449873208e-01  6.0789396412e+00  9.7341797101e-01  2.3853722723e-01 -1.5429142996e+00  2.2576450335e-01  2.8292802488e-01  4.7568093296e+00 -7.2639432885e-01 -8.3483123266e-01  1.0494006376e-01 -1.5070118272e+00  6.4150183680e-01  5.0304056689e+00  1.2107842508e+00  1.1297266742e+00 -5.8897640536e-01  1.0026072960e+00 -3.7939099251e-01  3.6858946274e+00 -4.6615063872e-01  3.7642391177e-02  1.0919797335e+00 -7.2985921189e-01  1.4207529679e-02  3.8165926671e+00  5.1217529746e-01  1.0490387968e+00  7.0662970290e-01  5.1104546178e-01 -4.9861072868e-01  2.4659464773e+00 -1.3086575974e+00 -1.6693588869e-01  2.7434271149e+00  8.1939725012e-01  2.0727196650e+00  2.5684760859e+00 -2.4912565205e+00 -4.8185932244e-01  1.6195224324e+00  1.2767610759e+00 -1.1478775690e+00  6.7573392692e+00 -2.0519806280e-01 -1.4441771717e+00 -1.9412269493e+00 -1.6384457830e+00  1.3004719562e+00  7.0010647403e+00  1.5426354391e+00  3.2552446198e-01 -2.5573762870e+00  5.9981217131e-01  3.9014026974e-01  4.6321395656e+00 -1.5022719446e+00 -1.5839282534e+00  3.8602371026e-01 -2.4895634974e+00  1.0088557306e+00  5.1567938883e+00  1.9532614022e+00  1.9144411737e+00 -8.3237389244e-01  1.9711048768e+00 -8.0553983996e-01  3.1915659743e+00  1.2845461035e+00  2.9550104998e+00  2.2078635817e+00 -7.3594198751e-02  2.4015109813e+00  1.9986674369e+00  1.5177061123e+00  1.6774226639e+00
ENERGY -7.153121183970e+02

JOB 15
COORDS  6.0002271929e+00 -3.2439917722e-02 -6.7666265674e-01 -1.1194838990e+00 -1.0033827417e+00  9.3566009220e-01  6.1126488699e+00  9.0751551119e-01  3.5252384000e-01 -1.5471482465e+00  2.0439234287e-01  3.7034393549e-01  4.7950408009e+00 -7.0573402813e-01 -8.4828195425e-01  1.8131023620e-01 -1.4542633687e+00  7.1054223282e-01  5.0246875123e+00  1.1537571564e+00  1.1919267669e+00 -6.7490592070e-01  9.5954084371e-01 -4.1844475752e-01  3.6859862333e+00 -4.4331041365e-01 -2.2545743240e-02  1.0877553754e+00 -6.9087633546e-01 -3.9160727597e-02  3.7932174862e+00  5.0096096872e-01  1.0264418398e+00  6.2206661838e-01  4.9456326915e-01 -6.0669232174e-01  2.4575014757e+00 -1.2366925130e+00 -3.3833294765e-01  2.6849620714e+00  8.2376190905e-01  2.0074852491e+00  2.5400769654e+00 -2.3586764039e+00 -8.2904074807e-01  1.4688490114e+00  1.2343922908e+00 -1.3687724249e+00  6.8414863093e+00 -2.3705837802e-01 -1.3332198921e+00 -1.8027400085e+00 -1.5956783000e+00  1.5373857736e+00  7.0464461419e+00  1.4420105668e+00  5.0830137102e-01 -2.5622424524e+00  5.5574170051e-01  5.3326275531e-01  4.6820372088e+00 -1.4479330652e+00 -1.6321795946e+00  5.1698384082e-01 -2.4034511672e+00  1.1184725778e+00  5.1323445941e+00  1.8693499994e+00  2.0036409037e+00 -9.8300691608e-01  1.8887879220e+00 -8.8798937483e-01  3.0994895311e+00  1.3369594869e+00  2.8792490769e+00  2.1647963727e+00 -6.8672099258e-02  2.3611914297e+00  1.9311166218e+00  1.4826603408e+00  1.5661175667e+00
ENERGY -7.153105898561e+02

JOB 16
COORDS  6.0684437869e+00 -1.4429428500e-01 -5.6058856688e-01 -1.0254544956e+00 -1.0200739911e+00  1.0527045131e+00  6.1686751419e+00  7.6283619156e-01  4.9897512540e-01 -1.5665596731e+00  1.3788434028e-01  4.8176087960e-01  4.8354653677e+00 -7.2179263028e-01 -8.4040479692e-01  2.7807923230e-01 -1.4091507734e+00  7.3853323072e-01  5.0385457903e+00  1.0720395425e+00  1.2568219961e+00 -8.0555875276e-01  9.0603374092e-01 -4.0423062371e-01  3.6849801827e+00 -4.0620841295e-01 -8.9933651118e-02  1.0716578522e+00 -6.3090548120e-01 -1.1412940594e-01  3.7792233049e+00  5.1186963412e-01  9.8668894170e-01  4.9451760116e-01  5.0067463622e-01 -6.8455681125e-01  2.4394242530e+00 -1.1092482253e+00 -5.3201269057e-01  2.6325018875e+00  9.1704533658e-01  1.8898485148e+00  2.4962359776e+00 -2.1190775255e+00 -1.2265694271e+00  1.2427984878e+00  1.2529589813e+00 -1.5345972372e+00  6.9401893211e+00 -3.9503621730e-01 -1.1587573784e+00 -1.6220883545e+00 -1.6240681335e+00  1.7301939352e+00  7.1226900050e+00  1.2259509459e+00  7.3850568705e-01 -2.5831896466e+00  4.4046323917e-01  7.1663576661e-01  4.7284764938e+00 -1.4325308862e+00 -1.6532826367e+00  6.9662987289e-01 -2.3197566636e+00  1.1585086016e+00  5.1327333647e+00  1.7682864022e+00  2.0865309627e+00 -1.2016573886e+00  1.7995019414e+00 -8.7726848796e-01  3.0174261051e+00  1.4820562057e+00  2.7426758050e+00  2.0815331115e+00  5.8793784217e-02  2.2790567288e+00  1.9102012418e+00  1.5540796636e+00  1.3718800869e+00
ENERGY -7.153084671958e+02

JOB 17
COORDS  6.1045122993e+00 -4.5271645920e-01 -3.0481619135e-01 -8.5344081822e-01 -1.2076837698e+00  1.1253400015e+00  6.1913142003e+00  4.5734198133e-01  7.5345387432e-01 -1.5605285769e+00 -7.5236098050e-02  7.0624771633e-01  4.8501808810e+00 -8.2660104004e-01 -7.7069205480e-01  4.3731428551e-01 -1.4428598697e+00  6.4422427363e-01  5.0258383669e+00  9.7513832083e-01  1.3185828558e+00 -9.7905993672e-01  8.2240210883e-01 -1.9456654867e-01  3.6638230216e+00 -3.1469767616e-01 -2.0448544102e-01  1.0419350213e+00 -5.4619889970e-01 -2.4520555861e-01  3.7453335263e+00  6.1421194578e-01  8.6634391549e-01  3.0778870145e-01  5.6362361515e-01 -6.5044784214e-01  2.4053507864e+00 -8.4841532279e-01 -8.1995837905e-01  2.5657535803e+00  1.2763696118e+00  1.5474115597e+00  2.4438225147e+00 -1.6022445531e+00 -1.7867784733e+00  8.9029166612e-01  1.4496714600e+00 -1.5025787139e+00  7.0028929206e+00 -8.6375185734e-01 -7.5715105557e-01 -1.3073427561e+00 -1.9083341459e+00  1.8202427088e+00  7.1607762435e+00  7.6493770773e-01  1.1375958622e+00 -2.5649809286e+00  1.1086410738e-01  1.0758378018e+00  4.7516232342e+00 -1.5314295401e+00 -1.5894960126e+00  9.8823806036e-01 -2.3240721091e+00  9.6225107771e-01  5.1074176592e+00  1.6863824278e+00  2.1366201575e+00 -1.5022214558e+00  1.7081140637e+00 -5.4202030477e-01  2.9211185092e+00  1.9084850355e+00  2.3650715687e+00  1.8592690095e+00  5.5602201626e-01  1.9643653711e+00  2.0111005666e+00  1.9163250922e+00  8.5633807403e-01
ENERGY -7.153072664867e+02

JOB 18
COORDS  6.0226183634e+00 -7.0237328188e-01 -1.2594436670e-01 -6.5499467032e-01 -1.3098708737e+00  1.1744546319e+00  6.1136729812e+00  1.9352799077e-01  9.4369784953e-01 -1.5083523442e+00 -2.5556577417e-01  8.3123142001e-01  4.7879130272e+00 -9.0642096634e-01 -7.3256919718e-01  6.0781138337e-01 -1.4065212124e+00  5.8337454599e-01  4.9744436284e+00  8.7108824319e-01  1.3815987703e+00 -1.1009737141e+00  7.0089754422e-01 -1.0414209627e-01  3.6285379086e+00 -2.4297703991e-01 -2.8444675818e-01  1.0276960109e+00 -4.6447953413e-01 -3.6367481036e-01  3.7147336424e+00  6.7360691235e-01  7.9387980642e-01  1.5650241384e-01  5.7370947878e-01 -6.8141039234e-01  2.3769751084e+00 -6.0172689322e-01 -1.0259569547e+00  2.5571571335e+00  1.4961510735e+00  1.3190766151e+00  2.4227817515e+00 -1.0732050288e+00 -2.1558893730e+00  5.6891845649e-01  1.5231453079e+00 -1.5609590573e+00  6.9023605749e+00 -1.2326217327e+00 -4.8025344952e-01 -9.6970585109e-01 -2.0519080355e+00  1.9025570812e+00  7.0684295443e+00  3.7077407719e-01  1.4325559428e+00 -2.4886425227e+00 -1.7204456020e-01  1.2919860281e+00  4.6880245050e+00 -1.5901760900e+00 -1.5694791438e+00  1.2796379690e+00 -2.2158057062e+00  8.5774735232e-01  5.0629813471e+00  1.5805771223e+00  2.2006478642e+00 -1.7353605199e+00  1.5363477025e+00 -3.8417650608e-01  2.9175663913e+00  2.2073106233e+00  2.0667150012e+00  1.7888597114e+00  8.7761116195e-01  1.7899615960e+00  2.0754532569e+00  2.0705982571e+00  5.2384393543e-01
ENERGY -7.153081028379e+02

JOB 19
COORDS  5.9688412268e+00 -8.5384828467e-01 -3.2139514403e-02 -4.7432223025e-01 -1.2829485069e+00  1.2018439076e+00  6.0698435877e+00  8.1065821128e-03  1.0641665392e+00 -1.4430353449e+00 -3.4415607718e-01  8.2937644222e-01  4.7617139768e+00 -9.3437025979e-01 -7.2110394847e-01  7.7490036832e-01 -1.2770712690e+00  5.7718910999e-01  4.9705035124e+00  7.7938114461e-01  1.4484070386e+00 -1.1659578292e+00  5.9563799502e-01 -1.6823972313e-01  3.6419001253e+00 -1.8400436734e-01 -3.1926027912e-01  1.0637985652e+00 -3.5964121528e-01 -4.4208862285e-01  3.7389408856e+00  7.0176862283e-01  7.8047912382e-01  7.8932982963e-02  5.6548337671e-01 -7.8625279115e-01  2.4011432296e+00 -3.9172399130e-01 -1.1330190296e+00  2.6159013021e+00  1.6112109317e+00  1.2334660508e+00  2.4594618921e+00 -6.4889798263e-01 -2.3287377746e+00  3.5815091467e-01  1.5034023359e+00 -1.7235735473e+00  6.8206619637e+00 -1.4509123382e+00 -3.4611248237e-01 -6.8817449421e-01 -2.0094650386e+00  1.9804444365e+00  7.0047244241e+00  8.9969984425e-02  1.6129686044e+00 -2.4128677699e+00 -3.3536092439e-01  1.3189745369e+00  4.6577486522e+00 -1.5847227230e+00 -1.5843175215e+00  1.5404387874e+00 -1.9878346079e+00  8.7759112730e-01  5.0710322068e+00  1.4681031044e+00  2.2839214655e+00 -1.8913324018e+00  1.3465921738e+00 -4.6615515789e-01  3.0021497222e+00  2.3644516852e+00  1.9251447724e+00  1.8241221387e+00  1.0596295431e+00  1.7485714236e+00  2.1539956753e+00  2.1383372740e+00  3.9468892888e-01
ENERGY -7.153095800996e+02

JOB 20
COORDS  5.8962513058e+00 -9.4847185349e-01 -1.0966044090e-02 -3.7191814774e-01 -1.2324927669e+00  1.2631952000e+00  6.0289389883e+00 -1.2718167827e-01  1.1128915151e+00 -1.4421933657e+00 -4.4464343751e-01  8.2442295193e-01  4.7015521266e+00 -9.3087005417e-01 -7.2772245252e-01  8.6955361869e-01 -1.1248884970e+00  6.3469833770e-01  4.9737729439e+00  7.0364400570e-01  1.4982614058e+00 -1.2724944153e+00  4.4282642289e-01 -2.4236050612e-01  3.6254482757e+00 -1.2432444413e-01 -3.2138990518e-01  1.0578852798e+00 -2.5903491708e-01 -4.5338637109e-01  3.7553607676e+00  7.2184983434e-01  8.0335363957e-01 -3.1401820204e-02  5.1351595205e-01 -8.6595221322e-01  2.3833593934e+00 -2.0926868970e-01 -1.1578410604e+00  2.6727009561e+00  1.6807801398e+00  1.2531783305e+00  2.4441740524e+00 -3.0745657396e-01 -2.3767928598e+00  1.2749559148e-01  1.4015139313e+00 -1.8726904041e+00  6.7155413711e+00 -1.5886123449e+00 -3.2670643219e-01 -5.0274107323e-01 -1.9197455032e+00  2.0940343304e+00  6.9558861037e+00 -1.2147326378e-01  1.6808516899e+00 -2.4090014107e+00 -5.1273110816e-01  1.3155013193e+00  4.5775183807e+00 -1.5456093409e+00 -1.6143796978e+00  1.7109059974e+00 -1.7185706213e+00  9.8193040559e-01  5.1005103461e+00  1.3632249861e+00  2.3537418529e+00 -2.0802691929e+00  1.0780988702e+00 -5.9271679393e-01  3.1009106365e+00  2.4556241137e+00  1.8947653119e+00  1.8891945523e+00  1.1712561207e+00  1.8226771251e+00  2.1880096889e+00  2.1782677322e+00  4.0924270979e-01
ENERGY -7.153106515570e+02

JOB 21
COORDS  5.8446291323e+00 -1.0342331328e+00 -2.0482163789e-02 -2.9542393616e-01 -1.1823151677e+00  1.2879319539e+00  6.0227492925e+00 -2.4846915322e-01  1.1223530396e+00 -1.4390335004e+00 -5.6886005649e-01  7.6409405108e-01  4.6567737226e+00 -9.2730566994e-01 -7.4235322342e-01  9.4178831885e-01 -9.7125257787e-01  6.7979807405e-01  5.0192731668e+00  6.3708776331e-01  1.5238457851e+00 -1.3435356039e+00  2.4687881165e-01 -3.6660998701e-01  3.6320094275e+00 -6.6984960599e-02 -3.1833467409e-01  1.0651494752e+00 -1.6727678465e-01 -4.6631306437e-01  3.8081882429e+00  7.4345478516e-01  8.2431958775e-01 -1.0165340760e-01  4.2550852715e-01 -9.6765181270e-01  2.3879767027e+00 -4.0754085471e-02 -1.1607750834e+00  2.7739752611e+00  1.7471423012e+00  1.2897997272e+00  2.4599912439e+00 -2.2625553747e-03 -2.3827264974e+00 -3.4084775122e-02  1.2405404833e+00 -2.0402708783e+00  6.6251799437e+00 -1.7152176962e+00 -3.4872360678e-01 -3.6826305195e-01 -1.8182486791e+00  2.1653918029e+00  6.9463841077e+00 -3.1245729860e-01  1.6920736123e+00 -2.4062375181e+00 -7.1948613732e-01  1.2357746975e+00  4.5022291586e+00 -1.5119067429e+00 -1.6446359763e+00  1.8335304385e+00 -1.4409204564e+00  1.0847676620e+00  5.1816715673e+00  1.2690734116e+00  2.3941850097e+00 -2.2114502919e+00  7.4510835282e-01 -7.8765817999e-01  3.2472413807e+00  2.5215530959e+00  1.8996590634e+00  1.9957088971e+00  1.2739552936e+00  1.8973821938e+00  2.2733760062e+00  2.2406884388e+00  4.5277638852e-01
ENERGY -7.153108020948e+02

JOB 22
COORDS  5.7695834481e+00 -1.1209110476e+00 -7.0097406325e-02 -2.0899816902e-01 -1.2130288088e+00  1.3868743708e+00  6.0228829573e+00 -3.6016562989e-01  1.0753252355e+00 -1.4140266916e+00 -8.0181257499e-01  8.0626947479e-01  4.5718771664e+00 -9.3764480837e-01 -7.6144170907e-01  9.9940312270e-01 -8.8088323398e-01  7.7715178981e-01  5.0829386676e+00  5.7723374609e-01  1.5118661444e+00 -1.4047751076e+00 -6.7292449601e-02 -3.8170289366e-01  3.6121515341e+00 -2.4898010027e-02 -3.0116633971e-01  1.0436847511e+00 -1.4088915665e-01 -4.1957339197e-01  3.8636467184e+00  7.5984339280e-01  8.4334644012e-01 -1.8681504976e-01  2.4166023005e-01 -9.7990151899e-01  2.3497795327e+00  1.0005177869e-01 -1.1131849756e+00  2.8885181556e+00  1.8051013772e+00  1.3425269127e+00  2.4124731254e+00  2.9789246847e-01 -2.3201928273e+00 -2.2180318330e-01  9.6872965143e-01 -2.1125846799e+00  6.5011116055e+00 -1.8412858322e+00 -4.2608799736e-01 -2.1278658572e-01 -1.7917725674e+00  2.3059004970e+00  6.9559275859e+00 -4.8408766121e-01  1.6191640948e+00 -2.3620471569e+00 -1.0511545161e+00  1.2751260241e+00  4.3644802400e+00 -1.5024001801e+00 -1.6660018872e+00  1.9343445182e+00 -1.2111018735e+00  1.2187873735e+00  5.3023518061e+00  1.1885945115e+00  2.3845521800e+00 -2.3227722911e+00  2.6966476960e-01 -8.5342293203e-01  3.4110989344e+00  2.5619667882e+00  1.9338905952e+00  2.1136360121e+00  1.3633378702e+00  1.9781943697e+00  2.3782568656e+00  2.3156309811e+00  5.2135202936e-01
ENERGY -7.153099039710e+02

JOB 23
COORDS  5.2540108276e+00 -1.4077938731e+00  2.4859982824e-01 -2.0970214934e-01 -1.7647177845e+00  1.0789353671e+00  5.9299873955e+00 -5.1693191266e-01  1.0860418202e+00 -1.4318499039e+00 -1.4473031591e+00  4.7719463591e-01  4.0212881121e+00 -1.0344662036e+00 -2.9165951236e-01  9.5276952387e-01 -1.1091876927e+00  6.7738738610e-01  5.3770905199e+00  7.3736142600e-01  1.3633080616e+00 -1.4836087904e+00 -4.7264333088e-01 -5.2135434186e-01  3.4718675286e+00  2.2568641267e-01 -2.0889725493e-02  9.4078578733e-01 -1.3183717299e-01 -3.3901076016e-01  4.1533241446e+00  1.1380042494e+00  8.0992068642e-01 -3.1189524890e-01  1.7054045864e-01 -9.0863272600e-01  2.1820501269e+00  6.3135061978e-01 -6.8850785468e-01  3.5925873763e+00  2.5100920277e+00  1.1059583941e+00  2.1676850241e+00  1.5930094424e+00 -1.4468646934e+00 -4.1880659302e-01  1.0962782506e+00 -1.8783050325e+00  5.6771122917e+00 -2.3826967947e+00  2.1747881592e-02 -1.6481123690e-01 -2.5133201675e+00  1.8644092835e+00  6.8850156276e+00 -7.9584834035e-01  1.5239183565e+00 -2.3443230595e+00 -1.9511009093e+00  7.8451581988e-01  3.4837313747e+00 -1.7235183276e+00 -9.3891460084e-01  1.8921237757e+00 -1.3425495192e+00  1.1653808726e+00  5.9080074750e+00  1.4229357233e+00  2.0199198076e+00 -2.4158287915e+00 -1.9893263638e-01 -1.0059087691e+00  4.1610864810e+00  2.9970208573e+00  1.9026260172e+00  2.5442570208e+00  2.4602929014e+00  1.4183524772e+00  3.6271813152e+00  3.1438868006e+00  2.1533823589e-01
ENERGY -7.153086904705e+02

