JOB 0
COORDS  1.8683741016e+00 -1.5720175105e+00  5.7398727138e-01 -5.1253567129e-01 -2.6293580430e+00 -2.2493887279e+00  1.3047767854e+00 -4.2001399463e+00 -1.1427497566e+00  9.7019888647e-01 -1.5359519608e+00 -3.2495848225e-01 -7.3206599927e-01 -3.3639453676e+00  3.3928475186e-01  2.7199688514e-01 -3.1325698908e+00 -7.2236309495e-01  2.3076338209e+00 -6.2728732247e-01  9.0178246372e-01  2.2497731405e+00 -2.4889857398e+00  1.0431588320e+00 -1.1399356229e+00 -1.7681790350e+00 -2.0223918540e+00  2.6137679828e-01 -2.3780582175e+00 -2.9741730333e+00 -1.1053702155e+00 -3.4785704935e+00 -2.5896749341e+00  1.6141918782e+00 -4.7478793552e+00 -3.3725530609e-01
ENERGY -6.626400377314e+02

JOB 1
COORDS  1.8852000457e+00 -1.5722882216e+00  5.2180905392e-01 -4.8165874184e-01 -2.6178724729e+00 -2.2426219950e+00  1.3259969348e+00 -4.1630604476e+00 -1.0453494245e+00  8.4083627790e-01 -1.5282754517e+00 -2.0173566675e-01 -8.3048241501e-01 -3.4200276181e+00  3.0648577338e-01  2.2989519407e-01 -3.1358542678e+00 -6.8359347537e-01  2.2795629517e+00 -6.3403020164e-01  9.1766980531e-01  2.4342612636e+00 -2.4943606389e+00  7.5735859494e-01 -1.1433793175e+00 -1.7784439544e+00 -2.0323825383e+00  3.2387792749e-01 -2.3318796692e+00 -2.9191129547e+00 -1.0316022886e+00 -3.4744058510e+00 -2.6331984379e+00  1.5259069553e+00 -4.7724440878e+00 -2.5007060529e-01
ENERGY -6.626415077431e+02

JOB 2
COORDS  1.8869506314e+00 -1.5688219525e+00  4.6375587644e-01 -4.4195771086e-01 -2.6021986554e+00 -2.2255465530e+00  1.3286119590e+00 -4.1430411391e+00 -9.6645164470e-01  7.3045266194e-01 -1.5527741633e+00 -6.4885369725e-02 -9.2222871511e-01 -3.4926411308e+00  2.7573628863e-01  1.8567626601e-01 -3.1530732949e+00 -6.4024659923e-01  2.2676182668e+00 -6.4409007526e-01  9.0232338062e-01  2.5323698517e+00 -2.4580585223e+00  4.8633703315e-01 -1.1081405106e+00 -1.7606874841e+00 -2.0375386243e+00  3.9948087292e-01 -2.3155151805e+00 -2.8562660859e+00 -9.7994676742e-01 -3.4473761267e+00 -2.6562296461e+00  1.4795279819e+00 -4.7846651578e+00 -1.8572992615e-01
ENERGY -6.626430369523e+02

JOB 3
COORDS  1.8775854086e+00 -1.5612658115e+00  3.9558655686e-01 -3.9437012172e-01 -2.5809248167e+00 -2.1971664441e+00  1.3098032825e+00 -4.1513276185e+00 -9.0557892986e-01  6.4760604464e-01 -1.6047336723e+00  7.3255532481e-02 -1.0071701273e+00 -3.5668150118e+00  2.4807226289e-01  1.4146982068e-01 -3.1838944045e+00 -5.9498032437e-01  2.2578305493e+00 -6.4162767624e-01  8.4553900514e-01  2.5734981849e+00 -2.3972856223e+00  2.3642486772e-01 -1.0618695094e+00 -1.7367969466e+00 -2.0251742259e+00  4.8465592268e-01 -2.2894397672e+00 -2.7715826423e+00 -9.1746466228e-01 -3.4071642642e+00 -2.6801298470e+00  1.4468399950e+00 -4.8016672709e+00 -1.2900768182e-01
ENERGY -6.626437359670e+02

JOB 4
COORDS  1.8559912851e+00 -1.5475002989e+00  3.2039918904e-01 -3.3980356460e-01 -2.5580783027e+00 -2.1608076334e+00  1.2818292234e+00 -4.1816136802e+00 -8.5755202346e-01  5.9466924176e-01 -1.6759828732e+00  2.0791188264e-01 -1.0840893568e+00 -3.6291176791e+00  2.1988037325e-01  1.0374611680e-01 -3.2223306726e+00 -5.5192857620e-01  2.2357823299e+00 -6.3095835011e-01  7.7761654928e-01  2.5733072264e+00 -2.3140215693e+00 -6.4631027349e-03 -9.9909541671e-01 -1.7052626843e+00 -1.9983200435e+00  5.7304080585e-01 -2.2694859144e+00 -2.6807046004e+00 -8.5576593584e-01 -3.3571177203e+00 -2.6947346375e+00  1.4188028325e+00 -4.8314731374e+00 -8.0039247290e-02
ENERGY -6.626431261495e+02

JOB 5
COORDS  1.8241047025e+00 -1.5268955720e+00  2.4664584862e-01 -2.8092771623e-01 -2.5379623229e+00 -2.1212192515e+00  1.2449622382e+00 -4.2312845060e+00 -8.2107709315e-01  5.7603673365e-01 -1.7615627956e+00  3.3750929972e-01 -1.1503589710e+00 -3.6674826308e+00  1.9447306583e-01  7.5108356140e-02 -3.2619739663e+00 -5.1349314840e-01  2.2070699565e+00 -6.1972994043e-01  7.2027774011e-01  2.5352523799e+00 -2.2011259807e+00 -2.5168884808e-01 -9.2922756257e-01 -1.6754133184e+00 -1.9644600825e+00  6.5998804726e-01 -2.2558440637e+00 -2.5918005002e+00 -7.9018698450e-01 -3.3087673018e+00 -2.7011792637e+00  1.3865936077e+00 -4.8749004839e+00 -3.8729636962e-02
ENERGY -6.626412468731e+02

JOB 6
COORDS  1.7861344763e+00 -1.4972214743e+00  1.8344908534e-01 -2.2001960361e-01 -2.5251466521e+00 -2.0845857744e+00  1.2049525029e+00 -4.2970938592e+00 -7.8895374353e-01  5.9717798177e-01 -1.8612529495e+00  4.5666890178e-01 -1.2036728670e+00 -3.6758482620e+00  1.6912165170e-01  6.0434903886e-02 -3.2992525194e+00 -4.8247261596e-01  2.1782731318e+00 -6.1329839427e-01  6.9269986134e-01  2.4561308825e+00 -2.0392546206e+00 -4.9854533046e-01 -8.5429199756e-01 -1.6517465912e+00 -1.9296535523e+00  7.4041068221e-01 -2.2549846433e+00 -2.5211493784e+00 -7.2803785102e-01 -3.2701158233e+00 -2.6983407273e+00  1.3409225455e+00 -4.9377270935e+00 -2.9802480681e-03
ENERGY -6.626385421244e+02

JOB 7
COORDS  1.7517208268e+00 -1.4544226531e+00  1.4658479689e-01 -1.6277020227e-01 -2.5255872352e+00 -2.0612406530e+00  1.1604984534e+00 -4.3781096750e+00 -7.6712677005e-01  6.6541054549e-01 -1.9770650333e+00  5.5439306405e-01 -1.2354608002e+00 -3.6451265881e+00  1.4796443525e-01  6.4822465605e-02 -3.3303429677e+00 -4.6339904092e-01  2.1649227562e+00 -6.2266509191e-01  7.2285040484e-01  2.3298511062e+00 -1.7999200056e+00 -7.2089019011e-01 -7.6159595955e-01 -1.6280278922e+00 -1.9033470244e+00  8.0678006573e-01 -2.2961102457e+00 -2.5002661604e+00 -7.0133413108e-01 -3.2443718005e+00 -2.6800710512e+00  1.2755696613e+00 -5.0211936943e+00  1.9806318827e-02
ENERGY -6.626359120711e+02

JOB 8
COORDS  1.7219503302e+00 -1.3995042791e+00  1.3588838375e-01 -1.1168204424e-01 -2.5429682689e+00 -2.0569580714e+00  1.1163548545e+00 -4.4638037110e+00 -7.5152823057e-01  7.7030058131e-01 -2.0982202530e+00  6.0975125703e-01 -1.2385749416e+00 -3.5840970255e+00  1.3968440445e-01  8.6741106674e-02 -3.3535534720e+00 -4.5632489170e-01  2.1777288602e+00 -6.5110887586e-01  7.8911168377e-01  2.1431232866e+00 -1.4945201203e+00 -8.7294962415e-01 -6.5974414980e-01 -1.6136397001e+00 -1.8986895817e+00  8.5689588077e-01 -2.3745911303e+00 -2.5247943782e+00 -7.0171306740e-01 -3.2379409080e+00 -2.6555101427e+00  1.1970340904e+00 -5.1089951384e+00  3.7577321197e-02
ENERGY -6.626344122270e+02

JOB 9
COORDS  1.6882527713e+00 -1.3506816656e+00  1.3297206156e-01 -6.3247289166e-02 -2.5626922839e+00 -2.0590752545e+00  1.0694984212e+00 -4.5422410591e+00 -7.4764489386e-01  8.8736000067e-01 -2.2090802784e+00  6.2275036493e-01 -1.2234939695e+00 -3.5163282512e+00  1.4726094035e-01  1.1221391974e-01 -3.3721893118e+00 -4.5474067521e-01  2.2021141849e+00 -6.8095740263e-01  8.2687127340e-01  1.9135877640e+00 -1.2203237185e+00 -9.3249205713e-01 -5.5914475216e-01 -1.6037374817e+00 -1.9054229124e+00  9.0420234602e-01 -2.4558110549e+00 -2.5477677360e+00 -7.0176224039e-01 -3.2307372676e+00 -2.6380137546e+00  1.1288336310e+00 -5.1781631072e+00  5.0560773273e-02
ENERGY -6.626344214117e+02

JOB 10
COORDS  1.6632728921e+00 -1.3155300145e+00  1.3384914139e-01 -2.5280241420e-02 -2.5806777565e+00 -2.0641767140e+00  1.0010850630e+00 -4.6129577388e+00 -7.5981551086e-01  1.0149324306e+00 -2.3024144260e+00  6.0709356285e-01 -1.1978087133e+00 -3.4297369228e+00  1.7912532703e-01  1.3102081479e-01 -3.3818328737e+00 -4.5413301295e-01  2.2416703948e+00 -7.0589616409e-01  8.3209188387e-01  1.6924309741e+00 -1.0158893694e+00 -9.2032806464e-01 -5.1115533684e-01 -1.6144405197e+00 -1.9249232780e+00  9.4714225304e-01 -2.4921532722e+00 -2.5472783316e+00 -6.6918619742e-01 -3.2450037805e+00 -2.6412607337e+00  1.0702904541e+00 -5.2264100443e+00  5.5013860359e-02
ENERGY -6.626350254356e+02

JOB 11
COORDS  1.6390933343e+00 -1.2889649529e+00  1.4049780063e-01  7.9640665954e-03 -2.5982894216e+00 -2.0733306149e+00  9.2379766506e-01 -4.6731575449e+00 -7.7507234343e-01  1.1432890980e+00 -2.3793995808e+00  5.6901174735e-01 -1.1625929815e+00 -3.3383058810e+00  2.1937157998e-01  1.4659830352e-01 -3.3860382914e+00 -4.5513084148e-01  2.2797628571e+00 -7.2078395170e-01  8.1899380750e-01  1.4788987519e+00 -8.6251898336e-01 -8.5641704399e-01 -4.8372244028e-01 -1.6323800182e+00 -1.9543729549e+00  9.8934111848e-01 -2.5118930634e+00 -2.5388384830e+00 -6.2414513247e-01 -3.2697870500e+00 -2.6549261122e+00  1.0201301469e+00 -5.2614241433e+00  5.5471588292e-02
ENERGY -6.626353636090e+02

JOB 12
COORDS  1.5785308301e+00 -1.3016150065e+00  2.3678418870e-01 -4.5964825498e-01 -2.4902393165e+00 -1.7040946870e+00  1.2871315675e+00 -4.4200298958e+00 -1.6643285176e+00  1.7028898272e+00 -2.5672498150e+00  2.0019146120e-01 -3.0688950316e-01 -4.0855149882e+00  4.5334322931e-01  5.3173647360e-01 -3.5600380600e+00 -6.3999432301e-01  2.3406625475e+00 -7.3105479251e-01  7.7283306387e-01  7.6884104964e-01 -7.2607057981e-01 -2.2656441001e-01 -1.0728265595e+00 -1.8379567988e+00 -1.0820610623e+00  1.8897257014e-01 -1.9320372404e+00 -2.3787894076e+00 -1.0952676625e+00 -3.1711812476e+00 -2.2704577181e+00  1.8942819021e+00 -5.0999551415e+00 -1.2016036877e+00
ENERGY -6.626351865724e+02

JOB 13
COORDS  1.5586735699e+00 -1.3002259672e+00  2.7149402661e-01 -4.3785264627e-01 -2.4934127502e+00 -1.7399549702e+00  1.2299713450e+00 -4.4843022466e+00 -1.6628298100e+00  1.7923297674e+00 -2.5347767163e+00  7.1139408912e-02 -2.6025892405e-01 -3.9844979860e+00  4.9990256799e-01  5.4896818997e-01 -3.5475662760e+00 -6.5492256667e-01  2.3444219268e+00 -7.0319133449e-01  7.4081185644e-01  6.3058766136e-01 -7.7610603849e-01  1.4066878688e-02 -1.0416314961e+00 -1.8178346675e+00 -1.1341675143e+00  2.2076573388e-01 -1.9587669226e+00 -2.4239470144e+00 -1.0825677237e+00 -3.1780639156e+00 -2.2912930696e+00  1.8550073835e+00 -5.1441980616e+00 -1.1950416636e+00
ENERGY -6.626345765936e+02

JOB 14
COORDS  1.5352729596e+00 -1.3029967000e+00  3.1443326371e-01 -4.1613385531e-01 -2.4970167333e+00 -1.7843902835e+00  1.1904810236e+00 -4.5383667013e+00 -1.6548605576e+00  1.8617255954e+00 -2.4708894624e+00 -7.1007081273e-02 -2.0928057892e-01 -3.8794722441e+00  5.2506596074e-01  5.7213457973e-01 -3.5284265238e+00 -6.8017411811e-01  2.3251300881e+00 -6.5801688153e-01  7.0792919190e-01  5.2071709541e-01 -8.8613430148e-01  2.9850509826e-01 -9.7163557148e-01 -1.7704418716e+00 -1.1919134483e+00  2.4159171985e-01 -2.0177530746e+00 -2.5090247062e+00 -1.1031147424e+00 -3.1802009540e+00 -2.2841549360e+00  1.8115264739e+00 -5.1932274346e+00 -1.1751502539e+00
ENERGY -6.626341459552e+02

JOB 15
COORDS  1.5137994524e+00 -1.3146777845e+00  3.6720446518e-01 -3.9782458422e-01 -2.4990891884e+00 -1.8387194492e+00  1.1778317320e+00 -4.5759313169e+00 -1.6397457266e+00  1.8996047410e+00 -2.3763312323e+00 -2.1952035287e-01 -1.7437710063e-01 -3.7709254960e+00  5.2135629513e-01  5.9487584395e-01 -3.5009981184e+00 -7.1561707691e-01  2.2785654918e+00 -6.0072362626e-01  6.8472963403e-01  4.7240608661e-01 -1.0696437829e+00  6.1154642407e-01 -8.7398283177e-01 -1.7045178077e+00 -1.2649438149e+00  2.4537938530e-01 -2.1034170811e+00 -2.6242600860e+00 -1.1475748466e+00 -3.1716095609e+00 -2.2564398156e+00  1.7697114178e+00 -5.2350778874e+00 -1.1303323666e+00
ENERGY -6.626348105619e+02

JOB 16
COORDS  1.5206973573e+00 -1.3316628901e+00  4.1486821252e-01 -4.0097220123e-01 -2.5084279927e+00 -1.8949484157e+00  1.1683744297e+00 -4.5956915027e+00 -1.6059756128e+00  1.8899067182e+00 -2.2673189235e+00 -3.6626194429e-01 -1.5960500160e-01 -3.6614969561e+00  5.1590983687e-01  5.9985401088e-01 -3.4633239623e+00 -7.4348194132e-01  2.2533931888e+00 -5.5969856444e-01  6.6586149670e-01  5.3197856301e-01 -1.2681671050e+00  8.8643242395e-01 -8.5482859793e-01 -1.6870034121e+00 -1.3408258611e+00  2.3386065262e-01 -2.1477805725e+00 -2.7038991250e+00 -1.1629250691e+00 -3.1899858578e+00 -2.2745217199e+00  1.7386807371e+00 -5.2423851433e+00 -1.0578992202e+00
ENERGY -6.626367871695e+02

JOB 17
COORDS  1.5559203685e+00 -1.3583692385e+00  4.7459886335e-01 -4.2397798084e-01 -2.5255162679e+00 -1.9606645841e+00  1.1728720479e+00 -4.5837593907e+00 -1.5642502687e+00  1.8363029240e+00 -2.1589985913e+00 -4.7627345665e-01 -1.8082369164e-01 -3.5662122812e+00  4.9844130365e-01  5.8290319123e-01 -3.4137975650e+00 -7.6641526710e-01  2.2665920711e+00 -5.5510035578e-01  6.8735164033e-01  6.6747168236e-01 -1.4501154578e+00  1.1112171785e+00 -8.8806182910e-01 -1.6883693481e+00 -1.4397212851e+00  2.1004051621e-01 -2.1893914657e+00 -2.7806065743e+00 -1.1747593096e+00 -3.2328252253e+00 -2.3147394238e+00  1.7339347975e+00 -5.2004876953e+00 -9.7367999637e-01
ENERGY -6.626394282521e+02

JOB 18
COORDS  1.6065495332e+00 -1.3924047078e+00  5.3128202713e-01 -4.5696458549e-01 -2.5492605187e+00 -2.0253698391e+00  1.1855715620e+00 -4.5455484268e+00 -1.5203395982e+00  1.7552998590e+00 -2.0502708991e+00 -5.5006365967e-01 -2.2111609167e-01 -3.4860622367e+00  4.8201255846e-01  5.5084352457e-01 -3.3579063027e+00 -7.8095562749e-01  2.3103386257e+00 -5.7987416246e-01  7.3018018755e-01  8.3118442383e-01 -1.6129558212e+00  1.2747347323e+00 -9.4433874048e-01 -1.6987518552e+00 -1.5493054609e+00  1.8397048134e-01 -2.2382341008e+00 -2.8495625859e+00 -1.1878887445e+00 -3.2876668277e+00 -2.3567684678e+00  1.7449649401e+00 -5.1240070236e+00 -8.9058613651e-01
ENERGY -6.626418189944e+02

JOB 19
COORDS  1.6593821972e+00 -1.4322781430e+00  5.8108912998e-01 -4.8991414478e-01 -2.5750625318e+00 -2.0866455639e+00  1.2088033973e+00 -4.4860593970e+00 -1.4767673947e+00  1.6539753747e+00 -1.9390421796e+00 -5.8829431539e-01 -2.7598892694e-01 -3.4244165446e+00  4.6396215128e-01  5.1077681567e-01 -3.2996680286e+00 -7.8957868371e-01  2.3626989300e+00 -6.1920612925e-01  7.7797178977e-01  1.0052416919e+00 -1.7734714180e+00  1.3922907840e+00 -9.8804175310e-01 -1.7004593940e+00 -1.6684156725e+00  1.6111852818e-01 -2.3089392964e+00 -2.9182340121e+00 -1.2122931903e+00 -3.3366653456e+00 -2.3819494455e+00  1.7626558678e+00 -5.0276744746e+00 -8.1017063759e-01
ENERGY -6.626431702443e+02

JOB 20
COORDS  1.7117168093e+00 -1.4749010002e+00  6.1767135131e-01 -5.1726465895e-01 -2.5995225283e+00 -2.1402645083e+00  1.2358488466e+00 -4.4144919757e+00 -1.4315630816e+00  1.5348291146e+00 -1.8315824307e+00 -5.9282630986e-01 -3.4584080768e-01 -3.3823151265e+00  4.4552263281e-01  4.6419916329e-01 -3.2451127924e+00 -7.9054970049e-01  2.4096713665e+00 -6.5607667465e-01  8.0815600974e-01  1.1954271887e+00 -1.9337439139e+00  1.4692755969e+00 -1.0272785610e+00 -1.7050693235e+00 -1.7819983488e+00  1.5042315511e-01 -2.3760485629e+00 -2.9707838771e+00 -1.2313191597e+00 -3.3794213250e+00 -2.4062738201e+00  1.7780023308e+00 -4.9246572288e+00 -7.3110781484e-01
ENERGY -6.626432239478e+02

JOB 21
COORDS  1.7660732199e+00 -1.5173942387e+00  6.3263169570e-01 -5.3642308226e-01 -2.6189848008e+00 -2.1856947108e+00  1.2495342834e+00 -4.3486400719e+00 -1.3717798635e+00  1.4063664125e+00 -1.7364405813e+00 -5.6967935373e-01 -4.3678938547e-01 -3.3449972047e+00  4.2687058703e-01  4.0881282489e-01 -3.1980306043e+00 -7.8227903173e-01  2.4428383810e+00 -6.7972871480e-01  8.1665755605e-01  1.4201625746e+00 -2.1009962826e+00  1.4942676105e+00 -1.0882799613e+00 -1.7330213498e+00 -1.8707151190e+00  1.5811891150e-01 -2.3920251654e+00 -2.9927159425e+00 -1.2138103827e+00 -3.4273282054e+00 -2.4617887538e+00  1.7818109914e+00 -4.8253556626e+00 -6.4051654450e-01
ENERGY -6.626421703547e+02

JOB 22
COORDS  1.8123735053e+00 -1.5502072642e+00  6.2953450165e-01 -5.4263851351e-01 -2.6311442490e+00 -2.2200469292e+00  1.2609236071e+00 -4.2892886318e+00 -1.3051546820e+00  1.2670039283e+00 -1.6503230131e+00 -5.1651780808e-01 -5.3634376218e-01 -3.3252247206e+00  4.0416234221e-01  3.5531786770e-01 -3.1620671489e+00 -7.6765080131e-01  2.4358651470e+00 -6.7434877478e-01  8.2338093228e-01  1.6832922956e+00 -2.2706644075e+00  1.4467595475e+00 -1.1348237625e+00 -1.7591159781e+00 -1.9419270479e+00  1.7980504166e-01 -2.3906277348e+00 -2.9981070376e+00 -1.1806171006e+00 -3.4640322845e+00 -2.5158937423e+00  1.7582565339e+00 -4.7558986754e+00 -5.4328114549e-01
ENERGY -6.626406604090e+02

JOB 23
COORDS  1.8449117223e+00 -1.5673514393e+00  6.1097150987e-01 -5.3364427246e-01 -2.6338319949e+00 -2.2418085805e+00  1.2813903685e+00 -4.2416004086e+00 -1.2313660998e+00  1.1166073464e+00 -1.5795132472e+00 -4.3192707019e-01 -6.3657650903e-01 -3.3335351775e+00  3.7062556958e-01  3.1147987301e-01 -3.1420749306e+00 -7.5019229072e-01  2.3744402433e+00 -6.4368418833e-01  8.5554749899e-01  1.9787871455e+00 -2.4145355454e+00  1.2960799927e+00 -1.1421033330e+00 -1.7650630118e+00 -1.9915429105e+00  2.1273084178e-01 -2.3921127725e+00 -2.9971494077e+00 -1.1517574398e+00 -3.4757374133e+00 -2.5537806046e+00  1.7021488011e+00 -4.7339027531e+00 -4.4019947741e-01
ENERGY -6.626396549572e+02

