JOB 0
COORDS -1.6624141147e-01 -1.0942338796e-01 -6.4786049767e-01  1.1357890943e+00 -4.2335774325e-01  8.8931128157e-02  1.8553450571e+00  7.5522414864e-01  6.2871925729e-01  3.1188153094e+00  9.5179815047e-01 -1.5385340057e+00  3.5210284479e+00  2.6534132891e+00  3.1465130755e-01  1.3921656883e+00  2.7110418146e+00 -9.7387968102e-01  2.6451649380e+00  1.7568962825e+00 -4.2630260761e-01  1.8728707867e-02  4.8934238108e-01 -1.5429841488e+00 -6.5166909545e-01 -1.0428703811e+00 -9.5154314144e-01 -8.6291856354e-01  4.4161297929e-01 -6.5094709957e-03  9.5044461281e-01 -1.0644248490e+00  9.5591591629e-01  1.8374760550e+00 -9.5035558694e-01 -5.5885352683e-01  1.3026485313e+00  1.3070787538e+00  1.2834459381e+00  1.7549333925e+00  3.6025353400e+00 -1.1458920372e+00
ENERGY -7.590238758714e+02

JOB 1
COORDS -1.3115204994e-01 -1.5816651723e-01 -6.7771221353e-01  1.1400774066e+00 -4.2295045929e-01  1.2816813045e-01  1.8235657044e+00  7.9185395690e-01  6.4111626320e-01  2.9096764899e+00  9.5289057023e-01 -1.6397280755e+00  3.6433361402e+00  2.5455836614e+00  2.0093146111e-01  1.4036148578e+00  2.8290972793e+00 -8.4301749749e-01  2.6182603775e+00  1.7537028471e+00 -4.6271354160e-01  8.9052525263e-02  4.0634818648e-01 -1.5872098866e+00 -5.9097325930e-01 -1.1088648481e+00 -9.6722530075e-01 -8.6384711422e-01  4.0653638400e-01 -9.0395541984e-02  9.2368084291e-01 -1.0206085059e+00  1.0187914968e+00  1.8713931895e+00 -9.7499915489e-01 -4.6286307204e-01  1.1978242947e+00  1.3732977436e+00  1.1979568976e+00  1.8172013588e+00  3.7047900476e+00 -9.7679468960e-01
ENERGY -7.590222420734e+02

JOB 2
COORDS -1.2464610844e-01 -2.4692053905e-01 -6.8877507613e-01  1.1388444967e+00 -4.1207307783e-01  1.5488215203e-01  1.7464283973e+00  8.6042613620e-01  6.2196168158e-01  2.7152080003e+00  1.0056523421e+00 -1.7324878867e+00  3.7560133053e+00  2.4002810011e+00  1.0857605960e-01  1.4874747549e+00  2.9887655006e+00 -7.2510323483e-01  2.5943106031e+00  1.7682183317e+00 -5.0020050298e-01  9.1773560630e-02  2.8360515192e-01 -1.6192146196e+00 -5.3580131022e-01 -1.2298534326e+00 -9.4169105591e-01 -8.9551214930e-01  3.0800712640e-01 -1.4167783215e-01  9.2987908711e-01 -9.7676792233e-01  1.0686314088e+00  1.9072134189e+00 -9.5844350461e-01 -3.9308595519e-01  1.0552081034e+00  1.4611550168e+00  1.0693747627e+00  1.9853166043e+00  3.8264590609e+00 -8.0188547117e-01
ENERGY -7.590200344162e+02

JOB 3
COORDS -1.1870188910e-01 -3.5903380143e-01 -6.9657493567e-01  1.1300284778e+00 -3.8487425893e-01  1.8424338691e-01  1.6382685629e+00  9.5318049038e-01  5.7346180724e-01  2.4930457078e+00  1.1154956915e+00 -1.8410309537e+00  3.8366349950e+00  2.2033304397e+00 -4.2225624275e-03  1.6198904146e+00  3.1634390491e+00 -6.0370513619e-01  2.5514460413e+00  1.7936738429e+00 -5.5451781744e-01  8.9539922609e-02  1.2277495564e-01 -1.6544851501e+00 -4.6153403751e-01 -1.3808495873e+00 -8.9055116569e-01 -9.3647439878e-01  1.7861422869e-01 -2.0239164513e-01  9.3492001570e-01 -9.0435717784e-01  1.1274485729e+00  1.9450571451e+00 -9.1680151710e-01 -3.0931169207e-01  9.0327401310e-01  1.5646940984e+00  9.2348957565e-01  2.2263157935e+00  3.9292247375e+00 -5.7254785422e-01
ENERGY -7.590183208532e+02

JOB 4
COORDS -8.4300092928e-02  2.2206752111e-01 -8.1109261855e-01  1.1218114276e+00 -3.3512590763e-01 -6.0732571810e-02  1.6142803843e+00  6.9946041784e-01  8.8053287005e-01  4.0219747850e+00  1.3065322288e+00  1.6342617084e+00  3.2755121489e+00 -1.1003782079e+00  1.6260220790e+00  2.3078069694e+00  5.7579737256e-01  3.2880786502e+00  2.9692072490e+00  3.1174795575e-01  1.7926540953e+00 -4.4445309612e-01 -5.1828385163e-01 -1.5316041441e+00 -9.1097639978e-01  4.4891420590e-01 -1.2777871855e-01  1.7854535414e-01  1.1361160356e+00 -1.3506117886e+00  8.6758256386e-01 -1.2643514652e+00  4.6135197825e-01  1.9310471565e+00 -5.5997646320e-01 -7.5821201603e-01  8.8627388071e-01  1.0506826347e+00  1.4997631234e+00  2.9603742277e+00  1.0832684345e+00  3.8094123109e+00
ENERGY -7.590178267886e+02

JOB 5
COORDS -7.6105764741e-02  2.0266120279e-01 -8.1997437328e-01  1.0766899763e+00 -3.4835815452e-01  1.3852091341e-02  1.6605834527e+00  7.6473508769e-01  8.0767697196e-01  3.9448720281e+00  1.5102805299e+00  1.7569083596e+00  3.4529720059e+00 -9.3950802000e-01  1.4059411597e+00  2.2769315968e+00  3.9015460293e-01  3.2377290455e+00  3.0018940401e+00  4.0077895359e-01  1.7437788474e+00 -4.9898362363e-01 -5.9604766958e-01 -1.4367444409e+00 -8.8070140944e-01  5.9366488286e-01 -1.8647715747e-01  2.6773296127e-01  1.0068529366e+00 -1.4762539168e+00  7.3833259252e-01 -1.1679357924e+00  6.5855002319e-01  1.8643504429e+00 -7.3886823687e-01 -6.3099751206e-01  9.5724913026e-01  1.2023173611e+00  1.4019457309e+00  2.9088691292e+00  7.7574322711e-01  3.8761101288e+00
ENERGY -7.590191086630e+02

JOB 6
COORDS -6.6618126292e-02  1.8080210778e-01 -8.2279084817e-01  1.0391933595e+00 -3.4509658377e-01  8.7165471177e-02  1.7022159362e+00  8.1211561902e-01  7.4703646352e-01  3.8424318187e+00  1.6626705292e+00  1.8746952658e+00  3.6098673120e+00 -7.7611195209e-01  1.2520263996e+00  2.2560835315e+00  2.1701320747e-01  3.1628528098e+00  3.0221602931e+00  4.7197706897e-01  1.7089782880e+00 -5.4389845471e-01 -6.5450532048e-01 -1.3439698229e+00 -8.4340502434e-01  7.0385688444e-01 -2.5321149994e-01  3.3924332260e-01  8.7162700483e-01 -1.5669070464e+00  6.3622936466e-01 -1.0490189628e+00  8.2554700933e-01  1.8012480655e+00 -8.6693823748e-01 -4.9139855644e-01  1.0296380499e+00  1.3491502025e+00  1.2952053450e+00  2.8702971099e+00  4.7892934364e-01  3.8768156794e+00
ENERGY -7.590212766983e+02

JOB 7
COORDS -5.3968103008e-02  1.5716630064e-01 -8.2892629373e-01  9.9902121862e-01 -3.3214253064e-01  1.6052321840e-01  1.7221329510e+00  8.4223746567e-01  7.1367174459e-01  3.7255781143e+00  1.7828205569e+00  1.9702205038e+00  3.7371431662e+00 -6.1640627552e-01  1.1560789036e+00  2.2527103846e+00  8.4720402528e-02  3.0880236586e+00  3.0300650108e+00  5.3665629942e-01  1.6873126790e+00 -5.7546109885e-01 -6.9929025745e-01 -1.2667319310e+00 -8.0459202363e-01  7.8784224993e-01 -3.3900437762e-01  4.0911214876e-01  7.3423989363e-01 -1.6339741156e+00  5.3869262990e-01 -9.2523903478e-01  9.6026379301e-01  1.7398016256e+00 -9.5626180738e-01 -3.3993230955e-01  1.0924271385e+00  1.4858425177e+00  1.1937297766e+00  2.8820233955e+00  1.7428513056e-01  3.8307897077e+00
ENERGY -7.590232707042e+02

JOB 8
COORDS -3.2903929610e-02  1.1202354454e-01 -8.0504288831e-01  9.6558743309e-01 -2.8012614445e-01  2.8012682198e-01  1.7676628671e+00  9.0554262099e-01  6.5697711040e-01  3.6054742967e+00  1.9770050025e+00  1.9821779351e+00  3.8383827016e+00 -4.4810366853e-01  1.2283531563e+00  2.2705615070e+00  1.3935193195e-01  3.0750382490e+00  3.0360179448e+00  6.7410363288e-01  1.6980735713e+00 -6.1227982778e-01 -7.6464949640e-01 -1.1095783751e+00 -7.3932334661e-01  8.6851582608e-01 -4.4489094200e-01  4.8392630702e-01  5.1182149974e-01 -1.6816339934e+00  4.4963501588e-01 -6.9829281103e-01  1.1534541184e+00  1.6635671345e+00 -1.0304351581e+00 -9.5745311830e-02  1.2041039110e+00  1.6920083345e+00  9.7996780570e-01  2.7942745435e+00 -6.0229420339e-01  3.4347677002e+00
ENERGY -7.590246039904e+02

JOB 9
COORDS -2.0601071733e-02  1.0348845691e-01 -8.1631249038e-01  9.1163950418e-01 -2.6964954409e-01  3.3269776560e-01  1.7508664361e+00  8.9195885517e-01  6.8258021281e-01  3.4987633491e+00  2.0146712358e+00  2.0632917892e+00  3.9156138169e+00 -3.4398084184e-01  1.1785808693e+00  2.3082365117e+00  1.7933838345e-02  3.0387726098e+00  3.0312539548e+00  6.8967618872e-01  1.7006509439e+00 -6.3476864753e-01 -7.5923941599e-01 -1.0909559935e+00 -6.9813750312e-01  9.1663692882e-01 -5.3228124337e-01  5.5107725130e-01  4.2016553239e-01 -1.6928010052e+00  3.4322305405e-01 -6.1598378592e-01  1.2043434938e+00  1.5882785650e+00 -1.0707687204e+00  2.6810149733e-02  1.2584954596e+00  1.7574451125e+00  8.9449632721e-01  2.8907458778e+00 -6.9588292924e-01  3.3621715289e+00
ENERGY -7.590246790386e+02

JOB 10
COORDS -4.8977328540e-03  9.5620745901e-02 -8.2595283064e-01  8.5962166974e-01 -2.6172407349e-01  3.7985718652e-01  1.7151268269e+00  8.7999902157e-01  7.3465748331e-01  3.4218752703e+00  2.0388596042e+00  2.1194342295e+00  3.9583589319e+00 -2.5838399953e-01  1.1389589355e+00  2.3600537845e+00 -6.5494554171e-02  3.0197583508e+00  3.0230857196e+00  7.0479627090e-01  1.7073366540e+00 -6.3586035802e-01 -7.5632385579e-01 -1.0961113497e+00 -6.6593958551e-01  9.4122363347e-01 -6.0486823261e-01  6.1717166148e-01  3.5788622458e-01 -1.6860334802e+00  2.4056066589e-01 -5.5987703531e-01  1.2343898401e+00  1.5218637867e+00 -1.0955780538e+00  1.3366828147e-01  1.3045539722e+00  1.8061773397e+00  8.0756420887e-01  2.9791119454e+00 -7.7071035699e-01  3.2893856809e+00
ENERGY -7.590234513320e+02

JOB 11
COORDS  3.8364081240e-01  1.6540946543e-01 -8.9814020329e-01  5.3998080374e-01 -4.0078675943e-01  5.1311896834e-01  1.2305663285e+00  5.0330347672e-01  1.4501302489e+00  3.1963439473e+00  2.0058540398e+00  1.8164505238e+00  3.4363181667e+00 -7.3849439020e-02  3.2593699184e-01  3.3303429871e+00 -3.1412215017e-01  2.7420895810e+00  2.8817192720e+00  6.2307353408e-01  1.4707587570e+00 -1.6980846997e-01 -5.4063983584e-01 -1.5265698669e+00 -1.7085079006e-01  1.1102862969e+00 -8.8330840380e-01  1.3614258142e+00  3.4037808670e-01 -1.3531532333e+00 -4.3417087458e-01 -6.2001355667e-01  9.6140721114e-01  1.1002412761e+00 -1.3376961119e+00  4.9543080227e-01  7.9336350620e-01  1.3915844022e+00  1.6758650380e+00  3.2155737785e+00  2.0368946240e-01  3.5620285427e+00
ENERGY -7.590222876833e+02

JOB 12
COORDS  3.9468555758e-01  1.2371833034e-01 -8.7114130733e-01  5.5382284392e-01 -3.7903580742e-01  5.6371858510e-01  1.2329631441e+00  5.7054991396e-01  1.4683170592e+00  3.2114368931e+00  2.0292184011e+00  1.9093606366e+00  3.4610648842e+00  9.0195802909e-02  2.5715937032e-01  3.3178067965e+00 -3.8353419023e-01  2.6307060031e+00  2.8956004011e+00  6.7951371810e-01  1.4564971982e+00 -1.5120426374e-01 -6.1431033258e-01 -1.4684528354e+00 -1.7204304281e-01  1.0614196399e+00 -8.9750911468e-01  1.3702206071e+00  2.9041015074e-01 -1.3335362966e+00 -4.1988905755e-01 -5.8835003280e-01  1.0177488492e+00  1.1227352554e+00 -1.3110795433e+00  5.8857133020e-01  8.3125152953e-01  1.5025651431e+00  1.5370042245e+00  3.0462350098e+00 -1.4810282738e-02  3.4936012553e+00
ENERGY -7.590234796010e+02

JOB 13
COORDS  4.1336799310e-01  7.4295927570e-02 -8.5016821713e-01  5.5731689926e-01 -3.4836486713e-01  6.1210438794e-01  1.2220410183e+00  6.4997933052e-01  1.4789546014e+00  3.2324696246e+00  2.0191871936e+00  2.0537556953e+00  3.4645093354e+00  2.8025560075e-01  1.9871389018e-01  3.2685475996e+00 -4.6800252022e-01  2.4991588726e+00  2.8938500823e+00  7.3494854347e-01  1.4540588500e+00 -1.2479743462e-01 -6.9731789670e-01 -1.4107765691e+00 -1.5791835953e-01  1.0061113926e+00 -9.3362033746e-01  1.3920393303e+00  2.2036472006e-01 -1.3122213248e+00 -4.2230286735e-01 -5.3484264434e-01  1.0633918890e+00  1.1260635624e+00 -1.2775088780e+00  6.9648650424e-01  8.4918281776e-01  1.5956230740e+00  1.4092418344e+00  2.9803169565e+00 -1.9825806506e-01  3.3929648811e+00
ENERGY -7.590240541272e+02

JOB 14
COORDS  4.3329359135e-01  2.8421065158e-02 -8.2964709769e-01  5.5501263525e-01 -3.1980000726e-01  6.5421989571e-01  1.2058248863e+00  7.2282167667e-01  1.4875981604e+00  3.2540637276e+00  1.9813179826e+00  2.2013174619e+00  3.4596322183e+00  4.6727433068e-01  1.6174990464e-01  3.2135169159e+00 -5.3828517077e-01  2.3662956306e+00  2.8864104696e+00  7.8403671796e-01  1.4583612318e+00 -9.5993200647e-02 -7.7193892792e-01 -1.3572550067e+00 -1.3986800762e-01  9.5264459427e-01 -9.6875757157e-01  1.4171106373e+00  1.5469787042e-01 -1.2861468416e+00 -4.3288157416e-01 -4.7855198463e-01  1.0979370731e+00  1.1177555614e+00 -1.2453929319e+00  7.9663963411e-01  8.6008211250e-01  1.6607597550e+00  1.2801502146e+00  2.9607265851e+00 -3.4153405908e-01  3.2895822685e+00
ENERGY -7.590236333680e+02

JOB 15
COORDS  4.5837959596e-01 -2.3989698649e-02 -8.1122447908e-01  5.3997308757e-01 -2.8704615154e-01  6.9313807281e-01  1.1820484818e+00  7.9571229448e-01  1.4903077668e+00  3.2655994096e+00  1.9134987294e+00  2.3665818819e+00  3.4465733631e+00  6.7961054014e-01  1.4586624418e-01  3.1614042473e+00 -5.9460275616e-01  2.2157552201e+00  2.8715849257e+00  8.3494834187e-01  1.4715987410e+00 -7.2144140459e-02 -8.4643462212e-01 -1.3023703587e+00 -9.7702028474e-02  8.9810755476e-01 -1.0182118041e+00  1.4527219201e+00  6.2779050236e-02 -1.2537474705e+00 -4.6172219579e-01 -4.0242764441e-01  1.1188952305e+00  1.0820244606e+00 -1.2111693977e+00  9.0400641033e-01  8.6547758399e-01  1.7101577168e+00  1.1595548268e+00  3.0004678474e+00 -4.7267304599e-01  3.1718946756e+00
ENERGY -7.590219788325e+02

JOB 16
COORDS -2.5496447826e-01  2.6870295096e-02 -6.5610972694e-01  1.0401262834e+00 -2.7507215686e-01  9.2105926614e-02  1.6986521114e+00  9.5223273163e-01  6.3818938004e-01  3.5424351308e+00  9.1533871526e-01 -1.2256712344e+00  3.2587484270e+00  2.9081290460e+00  3.1736626444e-01  1.5816685605e+00  2.3834115445e+00 -1.4822212253e+00  2.6965568539e+00  1.8003574569e+00 -4.4249089538e-01 -6.8390678945e-02  5.5842171965e-01 -1.5907348490e+00 -7.6169578895e-01 -9.1375588024e-01 -8.9487189807e-01 -9.2409761942e-01  6.3168900809e-01 -3.6450129149e-02  8.1779103614e-01 -8.8291321032e-01  9.7400454868e-01  1.7347189460e+00 -8.4651220480e-01 -5.3499647965e-01  2.3341790484e+00  6.6273937262e-01  1.3852670329e+00  1.1559829320e+00  3.1575747537e+00 -1.0640822847e+00
ENERGY -7.590206584636e+02

JOB 17
COORDS -1.8049939168e-01 -1.6481603989e-02 -7.2531117605e-01  1.0356496153e+00 -2.8746208996e-01  1.5521246113e-01  1.6937283744e+00  9.6315278230e-01  6.3040662742e-01  3.2866361380e+00  8.8607878586e-01 -1.4457925388e+00  3.4045157626e+00  2.7670603211e+00  2.6456527145e-01  1.4966927527e+00  2.5533776160e+00 -1.3645592155e+00  2.6479994201e+00  1.7841428815e+00 -4.9941270332e-01  1.0184838595e-01  4.3448973893e-01 -1.6786991293e+00 -6.9134064874e-01 -9.6149100351e-01 -9.3501415118e-01 -8.8242831275e-01  6.5317446507e-01 -2.1930636424e-01  7.2338610176e-01 -8.0001131936e-01  1.0698799469e+00  1.7542570340e+00 -9.3215337439e-01 -3.6418198174e-01  2.3220533181e+00  7.5511751896e-01  1.4083045246e+00  1.1392122142e+00  3.2795164727e+00 -8.1678714129e-01
ENERGY -7.590229720457e+02

JOB 18
COORDS -1.4363399637e-01 -6.5270040943e-02 -7.5870048440e-01  1.0337446032e+00 -2.9899320585e-01  1.8352580383e-01  1.6780893820e+00  9.7162561669e-01  6.0507319248e-01  3.0995134876e+00  8.8563850429e-01 -1.5772962522e+00  3.5024869248e+00  2.6511075588e+00  2.2546635675e-01  1.4902143414e+00  2.6879871274e+00 -1.2879908989e+00  2.6199220221e+00  1.7758960387e+00 -5.3566867736e-01  1.8273600644e-01  3.6039377591e-01 -1.7103006940e+00 -6.3685407797e-01 -1.0198277090e+00 -9.6712150606e-01 -8.7281873631e-01  6.1367764752e-01 -3.0700441373e-01  6.8441723710e-01 -7.5944163476e-01  1.1124019383e+00  1.7660955439e+00 -9.7311538091e-01 -2.7523480239e-01  2.2562003297e+00  8.6881179331e-01  1.4384061270e+00  1.1915976964e+00  3.3800211000e+00 -6.6625125923e-01
ENERGY -7.590239038186e+02

JOB 19
COORDS -1.3708700429e-01 -1.2210277118e-01 -7.6697391355e-01  1.0360309144e+00 -3.1427247043e-01  1.9021250120e-01  1.6610104047e+00  9.7463133876e-01  5.6805999156e-01  2.9651584072e+00  8.9841382114e-01 -1.6572391184e+00  3.5673184459e+00  2.5586409633e+00  2.0513053376e-01  1.5273018412e+00  2.8047340555e+00 -1.2398531310e+00  2.6039814181e+00  1.7740009880e+00 -5.5827584110e-01  1.9487807284e-01  2.9370257728e-01 -1.7213353688e+00 -6.0946978887e-01 -1.0892184029e+00 -9.6610100109e-01 -8.8329924878e-01  5.5112816864e-01 -3.3527027090e-01  6.8902824499e-01 -7.5025901623e-01  1.1314933705e+00  1.7799090895e+00 -9.9201575850e-01 -2.4314095360e-01  2.1457531253e+00  9.9048259587e-01  1.4620213972e+00  1.3111968417e+00  3.5006451019e+00 -5.8942376571e-01
ENERGY -7.590234206690e+02

JOB 20
COORDS -3.6816588097e-01 -6.7311327819e-02 -4.7799998901e-01  1.0904918627e+00 -3.2635185647e-01 -1.0061071106e-01  1.7316606593e+00  8.2628167046e-01  5.4451122859e-01  3.6417702485e+00  1.2131544732e+00 -1.1138249042e+00  3.1286922638e+00  2.8589341481e+00  7.5532901708e-01  1.5923768133e+00  2.5946876356e+00 -1.2491130477e+00  2.6919247726e+00  1.8864371401e+00 -2.3281787720e-01 -4.4185675909e-01  7.7338192737e-01 -1.1722224015e+00 -7.9781089911e-01 -9.5587612033e-01 -9.5318691091e-01 -9.6625961357e-01  1.6795075787e-01  4.0836108217e-01  1.1772515810e+00 -1.1728860071e+00  5.8766768026e-01  1.6873139305e+00 -5.7991102045e-01 -9.8044926551e-01  1.6173893252e+00  1.0224611376e+00  1.5316085889e+00  2.0669324598e+00  2.8375586332e+00 -2.0679480599e+00
ENERGY -7.590221269762e+02

JOB 21
COORDS -3.4609249776e-01 -2.9794292956e-02 -4.5105464605e-01  1.1138929296e+00 -3.4344128837e-01 -1.2285319986e-01  1.8151114774e+00  7.4851417489e-01  5.6926714655e-01  3.6996808495e+00  1.2440753365e+00 -1.0686269879e+00  3.0495346660e+00  2.8930933891e+00  7.5574795577e-01  1.5709918464e+00  2.5056595294e+00 -1.2670943183e+00  2.6965738547e+00  1.8760173037e+00 -2.2031506606e-01 -4.1939562843e-01  8.4167696939e-01 -1.1055754198e+00 -8.0964294825e-01 -8.8678533009e-01 -9.5136997657e-01 -9.1734622725e-01  1.7495376574e-01  4.6103577958e-01  1.1909318319e+00 -1.2268770559e+00  5.1862691152e-01  1.6863755726e+00 -5.6515481575e-01 -1.0266273588e+00  1.4789544979e+00  1.0760567945e+00  1.4692981301e+00  2.0421405397e+00  2.7705167109e+00 -2.0811545202e+00
ENERGY -7.590234678489e+02

JOB 22
COORDS -3.0848246184e-01 -3.2698017011e-02 -4.8397925817e-01  1.1299344599e+00 -3.6577240357e-01 -8.6333567562e-02  1.8394147898e+00  7.3093923167e-01  5.9943650967e-01  3.6015078737e+00  1.1835483841e+00 -1.1683131702e+00  3.1623021295e+00  2.8407309958e+00  7.1557155524e-01  1.5195158150e+00  2.5506425474e+00 -1.1826925046e+00  2.6982201082e+00  1.8492223693e+00 -2.3920393226e-01 -3.3933755494e-01  8.0126395652e-01 -1.1883723902e+00 -7.7679686906e-01 -9.0573371341e-01 -9.5072523338e-01 -9.0590443189e-01  2.3661570230e-01  3.9429265968e-01  1.1571280725e+00 -1.2220060201e+00  5.9457415241e-01  1.7330486907e+00 -6.3717568883e-01 -9.5547658080e-01  1.3884905086e+00  1.1414194537e+00  1.4134211229e+00  1.9526696339e+00  2.9075143935e+00 -1.9828949327e+00
ENERGY -7.590243268575e+02

JOB 23
COORDS -2.3024847642e-01 -8.2727264731e-02 -5.9052217983e-01  1.1305974089e+00 -4.1223311655e-01  2.3759569787e-02  1.8484192247e+00  7.4108343865e-01  6.0826394567e-01  3.3534849466e+00  1.0143559608e+00 -1.3894088021e+00  3.3849087114e+00  2.7405280442e+00  4.8023339469e-01  1.4315648032e+00  2.6214135370e+00 -1.0796047835e+00  2.6779076129e+00  1.7824929869e+00 -3.5719843730e-01 -1.2870899546e-01  5.9891250927e-01 -1.4379791998e+00 -7.0911855912e-01 -1.0037968097e+00 -9.3941813061e-01 -8.9377598854e-01  3.8434819631e-01  1.4567592304e-01  1.0257828285e+00 -1.1344176521e+00  8.3893918957e-01  1.8015501117e+00 -8.5693198451e-01 -7.1325863552e-01  1.3587841319e+00  1.2410478554e+00  1.3477402604e+00  1.8005630037e+00  3.4444354902e+00 -1.4579176845e+00
ENERGY -7.590244236563e+02

