JOB 0
COORDS  1.8997233551e+00 -1.0437039940e+00 -1.3437907441e-01  2.9261488424e+00 -1.6577813972e+00  5.8874871934e-01  8.4232348739e-01 -4.4620422876e-01  5.6119287188e-01  2.9163334001e+00 -1.6854839555e+00  1.9862790155e+00  8.1566760168e-01 -4.6513915952e-01  1.9547806230e+00  4.1892022901e+00 -2.4578286720e+00  6.1350758269e+00  3.2662057691e+00 -2.0125543209e+00  7.0225263107e+00  1.8515307877e+00 -1.0844185788e+00  2.6770430248e+00  2.5585350022e+00 -1.7073341436e+00  4.9883578050e+00  3.7353970954e+00 -2.2526262390e+00  4.8293000013e+00  1.7744138223e+00 -1.0433671436e+00  4.0841209519e+00  2.1659326211e+00 -1.5735153013e+00  6.2898404914e+00  1.9211265291e+00 -1.0300747890e+00 -1.2204096579e+00  3.7537264189e+00 -2.1260486547e+00  6.1797693902e-02  3.3045264879e-02  3.6030779553e-02  1.9116165825e-02  3.7150316649e+00 -2.1607249901e+00  2.5408546150e+00 -1.0380588700e-02  2.5962650699e-03  2.4877968437e+00  5.1580541628e+00 -2.8970393483e+00  6.3311833621e+00  3.1639502289e+00 -2.0027579453e+00  8.0963892814e+00  9.0909293209e-01 -6.8906561289e-01  4.4717494050e+00
ENERGY -5.325727467669e+02

JOB 1
COORDS  1.9154214635e+00 -1.0200952263e+00 -1.2154657835e-01  2.9117617473e+00 -1.6861337842e+00  5.9767119579e-01  8.7491461174e-01 -3.9563867523e-01  5.7574170965e-01  2.8882123319e+00 -1.7388307541e+00  1.9943402413e+00  8.3509874865e-01 -4.3965762538e-01  1.9685049265e+00  4.1907933016e+00 -2.3753063091e+00  6.1349004721e+00  3.2487700121e+00 -1.9505090372e+00  7.0170708140e+00  1.8406573411e+00 -1.1107530809e+00  2.6869040960e+00  2.4752053905e+00 -1.8457767412e+00  4.9856577317e+00  3.6961762092e+00 -2.2987862826e+00  4.8332107971e+00  1.7582806942e+00 -1.0796782234e+00  4.0971763616e+00  2.0840833575e+00 -1.7228461121e+00  6.2900006321e+00  1.9467971347e+00 -9.8763754826e-01 -1.2069505858e+00  3.7255377312e+00 -2.1757418973e+00  6.8642381134e-02  8.9219100705e-02  1.2643517327e-01  3.5907825348e-02  3.6652393219e+00 -2.2510891373e+00  2.5467059508e+00  2.2886791495e-02  4.9450983089e-02  2.5036303207e+00  5.2027849949e+00 -2.7020046722e+00  6.3337259653e+00  3.1581409078e+00 -1.9258797398e+00  8.0921094902e+00  8.6649892409e-01 -7.6915108950e-01  4.4653260996e+00
ENERGY -5.325645119543e+02

JOB 2
COORDS  1.9362163559e+00 -9.8532632714e-01 -1.0206857291e-01  2.8948604876e+00 -1.7178634752e+00  6.0352901915e-01  9.1833685434e-01 -3.3623655743e-01  6.0605833511e-01  2.8559357502e+00 -1.8125936158e+00  1.9977066886e+00  8.6406386546e-01 -4.2185373230e-01  1.9963540949e+00  4.1962472812e+00 -2.2849473811e+00  6.1063648089e+00  3.2424220319e+00 -1.8672620929e+00  6.9870076900e+00  1.8319793464e+00 -1.1591214254e+00  2.7014277986e+00  2.4043467560e+00 -2.0049576274e+00  4.9813029304e+00  3.6630248270e+00 -2.3659784777e+00  4.8249855265e+00  1.7400819148e+00 -1.1575340200e+00  4.1143128196e+00  2.0365160124e+00 -1.8752148307e+00  6.2946281019e+00  1.9787477372e+00 -9.2123291003e-01 -1.1857085952e+00  3.6902565012e+00 -2.2275825034e+00  6.5658510063e-02  1.6179793982e-01  2.3704412806e-01  7.6673164632e-02  3.6056073268e+00 -2.3741707109e+00  2.5396442560e+00  7.0238209174e-02  8.7198237611e-02  2.5403550531e+00  5.2424083744e+00 -2.4886183822e+00  6.2936001040e+00  3.1805057420e+00 -1.8086045530e+00  8.0634235974e+00  8.2988166454e-01 -8.7591431748e-01  4.4642945896e+00
ENERGY -5.325508265866e+02

JOB 3
COORDS  1.9682526503e+00 -9.3716396024e-01 -7.3546860349e-02  2.8874935923e+00 -1.7379849003e+00  6.1020444341e-01  9.6986167209e-01 -2.7552862126e-01  6.5059124105e-01  2.8284514627e+00 -1.8875925126e+00  1.9986944281e+00  8.9616858920e-01 -4.1541836997e-01  2.0355579562e+00  4.1940790274e+00 -2.1980618158e+00  6.0491005265e+00  3.2333004452e+00 -1.7486015612e+00  6.9150087133e+00  1.8261160712e+00 -1.2189350689e+00  2.7190662660e+00  2.3470608629e+00 -2.1778351837e+00  4.9700156948e+00  3.6312464784e+00 -2.4791996292e+00  4.8153350992e+00  1.7248493856e+00 -1.2621464121e+00  4.1314778342e+00  2.0147935305e+00 -2.0032997940e+00  6.2967255790e+00  2.0251717434e+00 -8.3152318132e-01 -1.1532743795e+00  3.6660363659e+00 -2.2593875586e+00  5.9107223617e-02  2.4340287344e-01  3.4919657299e-01  1.3759185129e-01  3.5473478260e+00 -2.5023714292e+00  2.5245930409e+00  1.1784795076e-01  1.0349515136e-01  2.5924072346e+00  5.2606361405e+00 -2.2844675340e+00  6.2118793926e+00  3.2081642539e+00 -1.6014127370e+00  7.9854248556e+00  8.1029484550e-01 -9.8458796941e-01  4.4765076328e+00
ENERGY -5.325319757798e+02

JOB 4
COORDS  2.0083244532e+00 -8.9925310780e-01 -2.7044628442e-02  2.8827319787e+00 -1.7667439825e+00  6.3367264231e-01  1.0312038971e+00 -2.2191515147e-01  7.1172977409e-01  2.8009419118e+00 -1.9663309070e+00  2.0146710608e+00  9.3519207310e-01 -4.1162548623e-01  2.0890780071e+00  4.1663208806e+00 -2.0909311500e+00  5.9656242465e+00  3.1957618656e+00 -1.6346195493e+00  6.8312123739e+00  1.8227829729e+00 -1.2794424351e+00  2.7510021823e+00  2.2781825864e+00 -2.3346294775e+00  4.9822583439e+00  3.5917308405e+00 -2.5546779859e+00  4.8025696499e+00  1.7035804845e+00 -1.3609305014e+00  4.1610421540e+00  1.9998372752e+00 -2.1273634866e+00  6.3215346060e+00  2.0820204181e+00 -7.5560315164e-01 -1.1013806824e+00  3.6423394292e+00 -2.3024868813e+00  7.0116898171e-02  3.3876544933e-01  4.5313822088e-01  2.1582316598e-01  3.4845030371e+00 -2.6333027024e+00  2.5232532834e+00  1.7392459879e-01  1.1951252655e-01  2.6577621394e+00  5.2421412684e+00 -2.0539363671e+00  6.0827537922e+00  3.2149101179e+00 -1.4146248375e+00  7.8903110200e+00  7.7985227851e-01 -1.0858865810e+00  4.4876139105e+00
ENERGY -5.325084530079e+02

JOB 5
COORDS  1.8329401499e+00 -1.2170010148e+00 -3.7310913052e-02  3.0146144134e+00 -1.5278031885e+00  6.4145488034e-01  7.1889111134e-01 -7.8773470331e-01  6.9341710415e-01  3.1018818864e+00 -1.4210939623e+00  2.0323817072e+00  7.9032337709e-01 -6.7407233699e-01  2.0805990699e+00  3.8271468258e+00 -2.7053797499e+00  5.9457452344e+00  2.8999936624e+00 -2.1704242800e+00  6.8138802827e+00  1.9792717574e+00 -9.9590687716e-01  2.7602245750e+00  3.0531144645e+00 -9.3063532059e-01  5.0278020872e+00  3.9446476391e+00 -1.9152565120e+00  4.8233336669e+00  1.9459430742e+00 -9.2180644280e-01  4.1753076396e+00  2.6927222943e+00 -8.7201014919e-01  6.3622596447e+00  1.7802423374e+00 -1.3023497176e+00 -1.1190699397e+00  3.8881388096e+00 -1.8571627639e+00  8.4592283832e-02 -2.0755098775e-01 -5.3663655801e-01  1.8376433037e-01  4.0164092666e+00 -1.6696134159e+00  2.5545315120e+00 -8.0333659267e-02 -3.4111570603e-01  2.6428564523e+00  4.3664369714e+00 -3.6404262003e+00  6.0313700333e+00  2.6951867986e+00 -2.3561734873e+00  7.8598275105e+00  1.2117938637e+00 -3.0329701261e-01  4.5130101253e+00
ENERGY -5.325084530138e+02

JOB 6
COORDS  1.8448938503e+00 -1.1606560718e+00 -8.0758781939e-02  2.9934819187e+00 -1.5459595899e+00  6.1646422474e-01  7.3317897490e-01 -7.0432757392e-01  6.3671987979e-01  3.0504213292e+00 -1.4854294918e+00  2.0117657047e+00  7.7418524385e-01 -6.3640352235e-01  2.0284224734e+00  3.9302431155e+00 -2.6760224118e+00  6.0336437586e+00  3.0140869408e+00 -2.1457132469e+00  6.9021696740e+00  1.9307690890e+00 -1.0293133597e+00  2.7252431671e+00  2.9576228298e+00 -1.0716306229e+00  5.0059056044e+00  3.9015638612e+00 -1.9894262159e+00  4.8312464445e+00  1.8745799586e+00 -9.9084739266e-01  4.1403016005e+00  2.5964867851e+00 -9.4939079573e-01  6.3309194163e+00  1.8155304149e+00 -1.2113424502e+00 -1.1655536433e+00  3.8646389406e+00 -1.8995740213e+00  7.0808856447e-02 -1.6838828326e-01 -3.9685521356e-01  1.1343295986e-01  3.9391930162e+00 -1.7924375739e+00  2.5476438759e+00 -9.4906344608e-02 -2.8193916015e-01  2.5799382630e+00  4.5676750024e+00 -3.5398854100e+00  6.1712239259e+00  2.8469020215e+00 -2.2558731517e+00  7.9642435759e+00  1.1426906319e+00 -3.8234896613e-01  4.4960564910e+00
ENERGY -5.325319757831e+02

JOB 7
COORDS  1.8693051950e+00 -1.1065452018e+00 -1.0596926880e-01  2.9805808307e+00 -1.5625550056e+00  6.0859335814e-01  7.5824313371e-01 -6.2627441501e-01  5.9668411270e-01  3.0017015665e+00 -1.5484958244e+00  2.0062978266e+00  7.6357931321e-01 -6.0389149736e-01  1.9904808116e+00  4.0032867658e+00 -2.6344983614e+00  6.0950758299e+00  3.1172973446e+00 -2.0939046849e+00  6.9796981535e+00  1.8838134422e+00 -1.0651986686e+00  2.7045013537e+00  2.8417090881e+00 -1.2125459843e+00  5.0070242575e+00  3.8225284798e+00 -2.0769731689e+00  4.8343941948e+00  1.7947345944e+00 -1.0584963704e+00  4.1175523566e+00  2.4998378687e+00 -1.0357591295e+00  6.3218726286e+00  1.8674993978e+00 -1.1227812971e+00 -1.1922132195e+00  3.8504851557e+00 -1.9372871404e+00  7.5099664775e-02 -1.1542594220e-01 -2.6520266784e-01  6.0418886260e-02  3.8614691743e+00 -1.9106077338e+00  2.5547023790e+00 -1.0509135551e-01 -2.3043638379e-01  2.5300851469e+00  4.7283123328e+00 -3.4199780538e+00  6.2634553053e+00  3.0051752044e+00 -2.1261943121e+00  8.0531653048e+00  1.0615934373e+00 -4.5608954864e-01  4.4779293095e+00
ENERGY -5.325508265850e+02

JOB 8
COORDS  1.8881465696e+00 -1.0695071796e+00 -1.2311804378e-01  2.9629307365e+00 -1.5934233727e+00  6.0071000632e-01  7.8613791090e-01 -5.5647071768e-01  5.7055489259e-01  2.9566425223e+00 -1.6148386773e+00  1.9983933780e+00  7.6394444037e-01 -5.6855391760e-01  1.9643532882e+00  4.0759883615e+00 -2.5832581153e+00  6.1281986276e+00  3.1902420544e+00 -2.0564964633e+00  7.0136706835e+00  1.8479426766e+00 -1.0975341023e+00  2.6873627722e+00  2.7447983065e+00 -1.3573140837e+00  5.0015240834e+00  3.7831707422e+00 -2.1411424106e+00  4.8383581145e+00  1.7390814554e+00 -1.1144333095e+00  4.0960796067e+00  2.3965145731e+00 -1.1567629857e+00  6.3083816233e+00  1.9071886120e+00 -1.0594013749e+00 -1.2092465086e+00  3.8253941429e+00 -1.9948268040e+00  7.4543302701e-02 -5.9500938005e-02 -1.4300113703e-01  2.7197682667e-02  3.7890162787e+00 -2.0268211252e+00  2.5540119294e+00 -9.7429403783e-02 -1.6850983743e-01  2.4965886257e+00  4.8864854985e+00 -3.2750076210e+00  6.3151947794e+00  3.0916179311e+00 -2.0463442691e+00  8.0882397162e+00  9.9082896725e-01 -5.4386839126e-01  4.4726562235e+00
ENERGY -5.325645119591e+02

JOB 9
COORDS  1.9000830341e+00 -1.0430474292e+00 -1.3432589893e-01  2.9468750416e+00 -1.6202227734e+00  5.8999959829e-01  8.1190418694e-01 -5.0130802178e-01  5.5943512217e-01  2.9267589226e+00 -1.6665811650e+00  1.9869244150e+00  7.7550179025e-01 -5.3789510854e-01  1.9524499982e+00  4.1449079027e+00 -2.5380421017e+00  6.1325128936e+00  3.2518506069e+00 -2.0385192073e+00  7.0217172042e+00  1.8317492016e+00 -1.1202405930e+00  2.6759104987e+00  2.6721245075e+00 -1.5015148405e+00  4.9950589383e+00  3.7651747504e+00 -2.1986521497e+00  4.8310852229e+00  1.7173484763e+00 -1.1467322599e+00  4.0807979434e+00  2.3139233896e+00 -1.3053607143e+00  6.2985606227e+00  1.9297403586e+00 -1.0144685571e+00 -1.2198715973e+00  3.7985979498e+00 -2.0447466551e+00  6.4468266561e-02 -1.2569017513e-02 -4.6605296417e-02  1.6463906168e-02  3.7393338616e+00 -2.1166785392e+00  2.5423166402e+00 -7.5122222794e-02 -1.1468255745e-01  2.4840210338e+00  5.0275957424e+00 -3.1333563420e+00  6.3235647445e+00  3.1595969372e+00 -2.0105930350e+00  8.0961671761e+00  9.4566709139e-01 -6.2278125935e-01  4.4739240107e+00
ENERGY -5.325727467683e+02

JOB 10
COORDS  1.8902457010e+00 -1.0388127455e+00 -1.1567616145e-01  2.9264849933e+00 -1.6340301004e+00  6.0934114091e-01  8.1622161322e-01 -4.6851933097e-01  5.7730849795e-01  2.9100997697e+00 -1.6700840704e+00  2.0064977170e+00  7.8254536710e-01 -4.9491119090e-01  1.9705651966e+00  4.1630573606e+00 -2.4967703948e+00  6.1572551725e+00  3.2552419264e+00 -2.0243625189e+00  7.0446456732e+00  1.8285442649e+00 -1.0954701751e+00  2.6943254672e+00  2.6063197567e+00 -1.5999615496e+00  5.0129679767e+00  3.7426148196e+00 -2.2221013217e+00  4.8522236605e+00  1.7320043324e+00 -1.0874426751e+00  4.0982310364e+00  2.2267005603e+00 -1.4327020172e+00  6.3148311918e+00  1.9171066406e+00 -1.0185879660e+00 -1.2014615613e+00  3.7669288952e+00 -2.0808496859e+00  8.4125474698e-02 -1.9654159898e-04 -4.5946316802e-04  3.3503757156e-02  3.7151483209e+00 -2.1323105924e+00  2.5629761215e+00 -5.6618443346e-02 -4.8995437429e-02  2.5017805659e+00  5.0918430567e+00 -3.0159476883e+00  6.3514847355e+00  3.1554629196e+00 -2.0041931223e+00  8.1184847703e+00  9.1339376655e-01 -6.4880849658e-01  4.4986781132e+00
ENERGY -5.325754719030e+02

