JOB 0
COORDS -1.2177424919e-01  8.8988988303e-01  2.6266983852e+00  2.2857797083e+00  9.8156710956e-01  2.3607463282e+00  3.4599887279e+00  1.4250640476e+00  1.4878280526e+00  9.9366228023e-01  1.1902860212e+00  1.7304210316e+00  3.6136112906e+00  3.2230010109e+00  1.4469606968e+00  3.3151727059e+00  7.8604097210e-01 -2.0002047655e-01 -1.3208962227e-01  1.6091429707e+00  3.4529936931e+00 -9.1283931440e-02 -1.2538732302e-01  3.0610791451e+00 -1.0614887226e+00  1.0014322951e+00  2.0785287661e+00  2.4737843009e+00 -6.5369784748e-02  2.6640901157e+00  2.3021220183e+00  1.6139781952e+00  3.2546041672e+00  4.4038143578e+00  1.0473497425e+00  1.8755463577e+00  9.2593791090e-01  6.2073008608e-01  8.9089393329e-01
ENERGY -1.093640336455e+03

JOB 1
COORDS -1.2523939153e-01  8.7001622012e-01  2.6143706941e+00  2.2798910349e+00  1.0096994666e+00  2.3633675493e+00  3.4652034359e+00  1.4194969340e+00  1.4719123072e+00  9.8949587754e-01  1.1182051211e+00  1.7006772083e+00  3.7987339099e+00  3.1954722070e+00  1.6038221679e+00  3.2145453676e+00  9.9426399176e-01 -2.6426688687e-01 -1.6471894310e-01  1.6637724160e+00  3.3683951114e+00 -6.8845283084e-02 -9.7897530012e-02  3.1439180327e+00 -1.0623671991e+00  9.0018603640e-01  2.0514025654e+00  2.4923041485e+00  1.7648165819e-03  2.7650149521e+00  2.2425695368e+00  1.7244335661e+00  3.1900383561e+00  4.3830106501e+00  9.2391386098e-01  1.7797382045e+00  9.4513558167e-01  4.7013452819e-01  9.1870302653e-01
ENERGY -1.093636778566e+03

JOB 2
COORDS -1.3670452381e-01  8.3568663174e-01  2.6064506257e+00  2.2583019488e+00  1.0726144300e+00  2.3635824852e+00  3.4621073629e+00  1.4182625699e+00  1.4515475943e+00  9.7390116802e-01  1.0568758478e+00  1.6803283548e+00  4.0509932420e+00  3.1062234064e+00  1.7610048814e+00  3.1221284466e+00  1.2236594128e+00 -3.0777395328e-01 -2.1966651918e-01  1.6896295227e+00  3.2876582797e+00 -3.9652423186e-02 -7.8122854988e-02  3.2196644957e+00 -1.0686680221e+00  7.7194736369e-01  2.0377738868e+00  2.4970030040e+00  1.2181956263e-01  2.8747827260e+00  2.1811445988e+00  1.8590083686e+00  3.1178678133e+00  4.3146223698e+00  7.7772025843e-01  1.6621076669e+00  9.6829559382e-01  3.4018502556e-01  9.5915839146e-01
ENERGY -1.093633148642e+03

JOB 3
COORDS -2.6615242995e-02  1.1436216719e+00  2.1749831346e+00  2.3425017109e+00  5.9423013492e-01  2.4544032543e+00  3.2513961097e+00  1.4856455406e+00  1.5440080242e+00  1.0683687513e+00  2.1925308361e-01  1.8739992869e+00  3.9035937398e+00  2.8898561590e+00  2.4872306673e+00  2.4700121616e+00  2.0474848813e+00  2.7811326369e-02  1.7543046883e-01  2.1142087406e+00  1.7151294612e+00 -1.8191370460e-01  1.3018164209e+00  3.2561234773e+00 -9.5291120048e-01  7.5722152081e-01  1.7398806775e+00  2.9185233395e+00 -3.1778053559e-01  2.6409390784e+00  2.2423454514e+00  1.1049269483e+00  3.4230685842e+00  4.1321597126e+00  9.3903560779e-01  1.2168422239e+00  8.2517906679e-01 -7.2060001302e-01  2.1686266050e+00
ENERGY -1.093632285359e+03

JOB 4
COORDS -8.1784216234e-02  1.0771758423e+00  2.1472373838e+00  2.3202668804e+00  7.0080046666e-01  2.4813349664e+00  3.2512446645e+00  1.4926290129e+00  1.5185335285e+00  1.0856115038e+00  2.3185662424e-01  1.8855519716e+00  4.2376304353e+00  2.6804969747e+00  2.4561814220e+00  2.4035955321e+00  2.2766214342e+00  1.3791832404e-01  5.8392493263e-02  2.0544043549e+00  1.6798262238e+00 -2.7573884555e-01  1.2341604795e+00  3.2220307962e+00 -9.6528470779e-01  6.1651171290e-01  1.6955472903e+00  2.9158895081e+00 -1.6847314320e-01  2.7829719828e+00  2.1917464367e+00  1.2883586877e+00  3.4022100061e+00  3.9719812317e+00  8.3043003933e-01  1.0449244228e+00  9.0093140367e-01 -7.1953061467e-01  2.1843184556e+00
ENERGY -1.093634448669e+03

JOB 5
COORDS -9.9100249269e-02  1.0296215175e+00  2.1131253032e+00  2.3167932395e+00  7.7622408924e-01  2.5071957985e+00  3.2591967798e+00  1.4908862524e+00  1.5159246320e+00  1.1161690324e+00  2.3990341992e-01  1.8941431530e+00  4.4810490630e+00  2.4519099777e+00  2.4321234279e+00  2.4031948867e+00  2.4946137531e+00  2.8874655586e-01 -3.6549740780e-04  2.0029598314e+00  1.6283735722e+00 -3.2520351071e-01  1.1968549307e+00  3.1798442810e+00 -9.4666236376e-01  5.1285029475e-01  1.6532913258e+00  2.9187504200e+00 -5.2284116049e-02  2.9002297892e+00  2.1468797976e+00  1.4315030018e+00  3.3743264682e+00  3.8225543828e+00  7.6925101530e-01  9.2847075941e-01  9.6874834197e-01 -7.1289537275e-01  2.2086544000e+00
ENERGY -1.093637894093e+03

JOB 6
COORDS -1.0531897051e-01  9.8928222754e-01  2.0824986588e+00  2.3162179656e+00  8.2458118650e-01  2.5305748212e+00  3.2561494493e+00  1.4804400032e+00  1.5107349011e+00  1.1401639063e+00  2.3504176833e-01  1.9102746123e+00  4.6519023341e+00  2.2312058743e+00  2.3772011571e+00  2.4236339279e+00  2.6790691170e+00  4.5316286781e-01 -3.3748038496e-02  1.9476131605e+00  1.5646474330e+00 -3.5551389762e-01  1.1856618220e+00  3.1387236980e+00 -9.2622988971e-01  4.2572340485e-01  1.6292848947e+00  2.9166637050e+00  3.4734530652e-02  2.9975783507e+00  2.0996182136e+00  1.5437739691e+00  3.3339283973e+00  3.6719944015e+00  7.4038421852e-01  8.3038835075e-01  1.0155051174e+00 -7.1198935786e-01  2.2511020854e+00
ENERGY -1.093640769686e+03

JOB 7
COORDS -1.0093151463e-01  9.5272477664e-01  2.0514091643e+00  2.3188646243e+00  8.5267167501e-01  2.5562859914e+00  3.2494833246e+00  1.4654128151e+00  1.5062030169e+00  1.1619786547e+00  2.1702366002e-01  1.9361461073e+00  4.7839879505e+00  2.0080116164e+00  2.2971685756e+00  2.4749926082e+00  2.8378380921e+00  6.2954932702e-01 -3.8265989477e-02  1.8883555842e+00  1.4922755595e+00 -3.7657515591e-01  1.1911946978e+00  3.0925430536e+00 -9.0176675752e-01  3.5289199388e-01  1.6089658286e+00  2.9144679423e+00  1.0087418887e-01  3.0850005533e+00  2.0512268521e+00  1.6264955540e+00  3.2894433267e+00  3.5215978354e+00  7.3646882576e-01  7.4626284287e-01  1.0478262454e+00 -7.1904951850e-01  2.3093411279e+00
ENERGY -1.093641938705e+03

JOB 8
COORDS -8.4398489242e-02  9.1471647530e-01  1.9884191847e+00  2.3188778484e+00  8.9542605034e-01  2.5877044225e+00  3.1949162058e+00  1.5212949287e+00  1.4956449420e+00  1.1864683516e+00  1.8303077123e-01  1.9980527606e+00  4.8553999971e+00  1.8496174310e+00  2.1436778680e+00  2.4824613677e+00  3.0541777958e+00  8.5940279855e-01 -1.7225972365e-02  1.7723530867e+00  1.3159545066e+00 -3.8630888915e-01  1.2829525233e+00  2.9835572449e+00 -8.7003568325e-01  2.5447966440e-01  1.6095066160e+00  2.9467977065e+00  1.8518981954e-01  3.1320022848e+00  2.0003469819e+00  1.6851326859e+00  3.2827765776e+00  3.3063845594e+00  8.5014762672e-01  6.4763210079e-01  1.0644347791e+00 -7.0482537265e-01  2.4734601851e+00
ENERGY -1.093641130218e+03

JOB 9
COORDS -1.4396943369e-02  8.6657077376e-01  1.8869584875e+00  2.3351300871e+00  8.6931338811e-01  2.6466284743e+00  3.1158955487e+00  1.5489742941e+00  1.5069088387e+00  1.2155414957e+00  9.8124113110e-02  2.1078194920e+00  4.8905635529e+00  1.5781244918e+00  1.8698008849e+00  2.5418999438e+00  3.2376524991e+00  1.2090806918e+00  1.2435535337e-01  1.5700773310e+00  1.0622651314e+00 -3.3664638051e-01  1.4431598497e+00  2.7705827536e+00 -8.1688090136e-01  1.7875750650e-01  1.6056528300e+00  3.0130056233e+00  1.7976209122e-01  3.1530176476e+00  2.0101478995e+00  1.6401689693e+00  3.3618795640e+00  2.9942613357e+00  1.0010122924e+00  5.7576326846e-01  1.0218114492e+00 -6.7692382157e-01  2.7348709279e+00
ENERGY -1.093639260630e+03

JOB 10
COORDS  2.7452321966e-02  8.0702698668e-01  1.8384872838e+00  2.3228622195e+00  9.1473422920e-01  2.6960056876e+00  3.0678690814e+00  1.5946749324e+00  1.5249378164e+00  1.2509457425e+00  7.0996324945e-02  2.1711375932e+00  4.8565493118e+00  1.3426362990e+00  1.6368095565e+00  2.7097797841e+00  3.3658118111e+00  1.4326016266e+00  2.1672929990e-01  1.4857373423e+00  1.0012748490e+00 -3.6494307880e-01  1.4110283153e+00  2.6743321872e+00 -7.4404841616e-01  9.9437853746e-02  1.5221212654e+00  3.0262183898e+00  2.8240374785e-01  3.2395379046e+00  1.9509477971e+00  1.6933447013e+00  3.3788901454e+00  2.7610712854e+00  1.1612710177e+00  5.7648300767e-01  1.0395831620e+00 -6.5606066077e-01  2.8486414089e+00
ENERGY -1.093637528014e+03

JOB 11
COORDS  2.8981453601e-02  7.3338165353e-01  1.8225917370e+00  2.2956977064e+00  9.9989692971e-01  2.7019927562e+00  3.0611792390e+00  1.6425915743e+00  1.5208009576e+00  1.2881532029e+00  7.9823942758e-02  2.1876496737e+00  4.7720332235e+00  1.0697933175e+00  1.4325298173e+00  3.0041695810e+00  3.4508709252e+00  1.5777366525e+00  1.9782256017e-01  1.4271713000e+00  9.9231216924e-01 -4.2611383708e-01  1.3070622287e+00  2.6478833492e+00 -6.8573817820e-01 -2.0243864707e-02  1.4803162869e+00  3.0042086660e+00  4.4160597090e-01  3.3163829395e+00  1.8761954147e+00  1.8001737107e+00  3.3300449721e+00  2.6079799003e+00  1.3543631993e+00  5.7619048380e-01  1.1152904606e+00 -6.5310481975e-01  2.8689722597e+00
ENERGY -1.093636979476e+03

JOB 12
COORDS  2.3326149449e-01 -6.8309847823e-01  2.6889671862e+00  2.4251321926e+00  2.6154522264e-01  2.2366359733e+00  3.1462264730e+00  1.4428703898e+00  1.5696623925e+00  9.9565415617e-01  3.3013637896e-01  1.9532558829e+00  3.8990019051e+00  9.6555990110e-01 -1.4533375838e-03  4.3494587406e+00  2.2172538948e+00  2.6702106058e+00  2.9131473224e-01 -4.6978544586e-01  3.7614253290e+00  5.8614783675e-01 -1.7159112041e+00  2.5269193656e+00 -8.1810330071e-01 -6.2567830576e-01  2.3934147552e+00  2.8977352901e+00 -6.7624362777e-01  1.9008485056e+00  2.5961922609e+00  3.0324531292e-01  3.3153043970e+00  2.4284143137e+00  2.2249646736e+00  1.3329986749e+00  8.5404770510e-01  1.8628743362e-01  9.5420198541e-01
ENERGY -1.093638548905e+03

JOB 13
COORDS  2.8492562652e-01 -6.9362363833e-01  2.6472845693e+00  2.4126499658e+00  3.9734287430e-01  2.2261113000e+00  3.0745146423e+00  1.5709632477e+00  1.5043447264e+00  9.9839169572e-01  3.3253223936e-01  1.8812644402e+00  3.5558689815e+00  1.1125674047e+00 -1.7566326976e-01  4.4675999395e+00  2.2289818377e+00  2.4405535860e+00  2.7914148147e-01 -4.1598875083e-01  3.7065178222e+00  7.2341013451e-01 -1.7024991125e+00  2.5614899995e+00 -7.5380904748e-01 -7.3710397599e-01  2.3080360234e+00  2.9738295496e+00 -5.2211595487e-01  1.9854517706e+00  2.5362684558e+00  5.3910635342e-01  3.3037236077e+00  2.3694409003e+00  2.3929412951e+00  1.4004084642e+00  9.1499019221e-01  1.2107047525e-01  8.8792897983e-01
ENERGY -1.093641751497e+03

JOB 14
COORDS  2.9806565759e-01 -7.0333527313e-01  2.6026582561e+00  2.4286183115e+00  4.0357901077e-01  2.2391859724e+00  3.1044911924e+00  1.5637683056e+00  1.5191695572e+00  1.0348180165e+00  2.9967267882e-01  1.8288391238e+00  3.3660824535e+00  1.1700646677e+00 -2.2722153989e-01  4.6553426157e+00  1.9999259420e+00  2.3247696281e+00  2.3158677562e-01 -3.8070447385e-01  3.6470664401e+00  7.5560451930e-01 -1.7073156147e+00  2.5846688556e+00 -7.2066819750e-01 -7.8004490217e-01  2.2124035888e+00  3.0214039249e+00 -5.1158737629e-01  2.0683350508e+00  2.4780855961e+00  6.0734868669e-01  3.3139150263e+00  2.4778240979e+00  2.4528362071e+00  1.5370289124e+00  1.0016704301e+00  5.0952901982e-02  8.4180057590e-01
ENERGY -1.093644266013e+03

JOB 15
COORDS  2.9829267461e-01 -7.1661904461e-01  2.5840426115e+00  2.4223041849e+00  4.1714529938e-01  2.2639119681e+00  3.1036832923e+00  1.5724569192e+00  1.5419290775e+00  1.0520280130e+00  2.5964636547e-01  1.7937384978e+00  3.1853909048e+00  1.2618180216e+00 -2.4183713399e-01  4.7619685058e+00  1.8169490516e+00  2.2014776458e+00  1.7176020153e-01 -3.4153473966e-01  3.6052805543e+00  7.7640566582e-01 -1.7095299673e+00  2.6433407915e+00 -6.9764586139e-01 -8.3779842453e-01  2.1487699551e+00  3.0469168918e+00 -4.8679982142e-01  2.1711096738e+00  2.3794388358e+00  6.8995472572e-01  3.3244802557e+00  2.5579421891e+00  2.5055195556e+00  1.6617403808e+00  1.0662325634e+00 -3.2313645456e-02  8.1892846261e-01
ENERGY -1.093644658076e+03

JOB 16
COORDS  2.9947961910e-01 -7.4104412367e-01  2.5700463928e+00  2.4084813459e+00  4.3570850256e-01  2.3228845878e+00  3.1150795733e+00  1.5799755801e+00  1.5967358077e+00  1.0745394021e+00  2.1395488200e-01  1.7755763951e+00  3.0507246870e+00  1.3675401934e+00 -2.0505858757e-01  4.8408065279e+00  1.6434356596e+00  2.1141591091e+00  9.4895338358e-02 -3.1602516482e-01  3.5587777363e+00  8.0074973314e-01 -1.7135839516e+00  2.7162558707e+00 -6.6183350788e-01 -9.1804524867e-01  2.0795078762e+00  3.0560832889e+00 -4.5489493890e-01  2.3312512076e+00  2.2505679921e+00  7.8061898006e-01  3.3515432990e+00  2.6636963655e+00  2.5477967295e+00  1.8002733654e+00  1.1528726738e+00 -1.2154748617e-01  8.1864607778e-01
ENERGY -1.093642369105e+03

JOB 17
COORDS  3.0493802911e-01 -7.5978307189e-01  2.5494620185e+00  2.3841091475e+00  4.6909670055e-01  2.3427082805e+00  3.1270958119e+00  1.5931800650e+00  1.5973435836e+00  1.0906555046e+00  1.7087397787e-01  1.7373399072e+00  2.8693534737e+00  1.5334710899e+00 -1.9705360748e-01  4.8985349090e+00  1.4515019580e+00  1.9176445638e+00  3.3227005322e-02 -2.8166655637e-01  3.4970795259e+00  8.2783541468e-01 -1.7033576125e+00  2.7845183815e+00 -6.2194199185e-01 -1.0006343646e+00  2.0212862119e+00  3.0452060672e+00 -4.0335676163e-01  2.4537535411e+00  2.1367839167e+00  8.7552103897e-01  3.3304420297e+00  2.8118098230e+00  2.5864661531e+00  1.9055605218e+00  1.2290866913e+00 -2.1826002966e-01  8.0826933072e-01
ENERGY -1.093638003448e+03

JOB 18
COORDS  3.1641727984e-01 -7.9024828547e-01  2.5274128498e+00  2.3446321783e+00  5.1755228298e-01  2.3699158580e+00  3.1584812806e+00  1.5848344588e+00  1.5892628995e+00  1.1127018951e+00  1.1859598440e-01  1.7015070216e+00  2.6973516022e+00  1.7317069058e+00 -1.5123338048e-01  4.9248943478e+00  1.2006082048e+00  1.6904884408e+00 -3.9234092726e-02 -2.5924807495e-01  3.4174541093e+00  8.6288548841e-01 -1.6882272560e+00  2.8657840834e+00 -5.6097560709e-01 -1.1126362824e+00  1.9597050397e+00  3.0065923871e+00 -3.2615110834e-01  2.6150114059e+00  2.0261173723e+00  9.9590716108e-01  3.3033350964e+00  3.0378185205e+00  2.5820966681e+00  2.0030823624e+00  1.3323198516e+00 -3.2926687200e-01  8.1530438719e-01
ENERGY -1.093633755509e+03

JOB 19
COORDS  3.3518241175e-01 -8.2099590506e-01  2.4996975479e+00  2.2908370285e+00  5.9167790265e-01  2.3920473931e+00  3.1782032337e+00  1.5774077847e+00  1.5816785147e+00  1.1436084213e+00  7.0861966851e-02  1.6675291615e+00  2.5427666038e+00  1.9769355206e+00 -5.0763377164e-02  4.8771570282e+00  9.4772441713e-01  1.4493147628e+00 -1.1226374935e-01 -2.4726468239e-01  3.3189634510e+00  8.9937999367e-01 -1.6602374541e+00  2.9435479023e+00 -4.7974570928e-01 -1.2315470902e+00  1.8969642443e+00  2.9506898261e+00 -1.9906685688e-01  2.7823551950e+00  1.9162885948e+00  1.1396109267e+00  3.2648844241e+00  3.2775661400e+00  2.5300594714e+00  2.0946225797e+00  1.4602720966e+00 -4.2866302129e-01  8.3942357537e-01
ENERGY -1.093632391811e+03

JOB 20
COORDS -1.3963829285e-01  8.6135471103e-01  2.6732066696e+00  2.2463605253e+00  9.4918456523e-01  2.3050232747e+00  3.4370912088e+00  1.4721479815e+00  1.4757412482e+00  9.4867899461e-01  1.4493595259e+00  1.8923330547e+00  3.1331773069e+00  3.0430551364e+00  6.6874604396e-01  4.0027816684e+00  2.2159832821e-01  2.7972684672e-01 -5.0990992157e-02  1.1825439257e+00  3.7169824074e+00 -1.6040364053e-01 -2.4275079548e-01  2.6594235718e+00 -1.0954342923e+00  1.2312474806e+00  2.2917249879e+00  2.3133342621e+00 -1.5189739204e-01  2.2718961992e+00  2.4321950309e+00  1.2076792453e+00  3.3549518670e+00  4.3017080169e+00  1.6292385547e+00  2.1157821220e+00  8.0875882494e-01  1.2483747773e+00  9.0399476291e-01
ENERGY -1.093634518593e+03

JOB 21
COORDS -1.4207729708e-01  8.4559858658e-01  2.6520730516e+00  2.2507599618e+00  9.8482202566e-01  2.3316525779e+00  3.4261540737e+00  1.4703239447e+00  1.4801108338e+00  9.4848067487e-01  1.3904747285e+00  1.8438765039e+00  3.2302524479e+00  3.1441796208e+00  8.7458953362e-01  3.7646823777e+00  3.0699502031e-01  1.2007571205e-01 -9.4184499902e-02  1.2724325862e+00  3.6599591602e+00 -1.2642251006e-01 -2.5445860844e-01  2.7485042580e+00 -1.0982039000e+00  1.1414148653e+00  2.2114386659e+00  2.3690747202e+00 -1.1247236159e-01  2.4000212734e+00  2.4105753742e+00  1.3442738960e+00  3.3562684441e+00  4.3406544171e+00  1.4623693793e+00  2.0691750508e+00  8.4468666607e-01  1.0854484538e+00  8.7768786090e-01
ENERGY -1.093638195088e+03

JOB 22
COORDS -1.2320762621e-01  8.6831231712e-01  2.6363577426e+00  2.2776607064e+00  9.8249305855e-01  2.3465251299e+00  3.4521149996e+00  1.4418229258e+00  1.4909034242e+00  9.8217497542e-01  1.3293207186e+00  1.7971687303e+00  3.3788169814e+00  3.1855330524e+00  1.0782519136e+00  3.5899374632e+00  4.1531229302e-01 -4.5693922984e-03 -9.9326282023e-02  1.4002827529e+00  3.5937652454e+00 -1.0651746694e-01 -2.1529759508e-01  2.8495366391e+00 -1.0707630559e+00  1.1095916983e+00  2.1466169818e+00  2.4189068937e+00 -1.0504091964e-01  2.4939503712e+00  2.3983727753e+00  1.4361477860e+00  3.3381596030e+00  4.3892271858e+00  1.2875471468e+00  2.0221475378e+00  8.9783274830e-01  9.2600222180e-01  8.6605098944e-01
ENERGY -1.093641200541e+03

JOB 23
COORDS -1.2754038633e-01  8.6922149120e-01  2.6297492029e+00  2.2766362723e+00  9.7915703545e-01  2.3463147184e+00  3.4427176326e+00  1.4415533894e+00  1.4816782144e+00  9.8049089540e-01  1.2497028163e+00  1.7550245968e+00  3.4562303367e+00  3.2247110947e+00  1.2541884875e+00  3.4275025654e+00  5.9267058089e-01 -1.2349550920e-01 -1.2328637307e-01  1.5043293803e+00  3.5223739902e+00 -9.8944242535e-02 -1.8382524085e-01  2.9621314153e+00 -1.0723989384e+00  1.0397718402e+00  2.1062265151e+00  2.4525598866e+00 -9.0202727146e-02  2.5709075229e+00  2.3451893913e+00  1.5268453044e+00  3.2937304930e+00  4.3930816492e+00  1.1797080227e+00  1.9427353478e+00  9.0561631006e-01  7.5664093932e-01  8.6821588516e-01
ENERGY -1.093642044638e+03

