JOB 0
COORDS -2.1069805517e+00 -7.0557258657e-01  1.8182432224e-01 -2.2182536663e+00 -1.9020988600e+00 -7.7402088190e-01 -6.6686839416e-01 -4.2285102319e-01 -2.2459931292e-01 -6.9165874062e-01 -1.7435899264e+00 -1.0615222143e+00 -5.8284356826e+00 -1.3885346580e-01  3.1840601476e+00 -4.9366438196e+00 -9.0202310235e-01  3.6911957734e-01 -4.5990504360e+00  3.7936467003e-01  2.4389927016e+00 -2.7614452506e+00 -1.6627189268e-01  1.1330103404e+00 -4.0394278779e+00 -5.9628919470e-01  1.4859091152e+00 -2.5243477107e+00 -2.8415169812e+00 -3.0111604760e-01 -2.8547089027e+00 -1.7303951024e+00 -1.6488635349e+00 -5.5547561702e-01  4.8027987256e-01 -8.3495774140e-01  5.1655020887e-02 -3.7600764575e-01  5.9953495776e-01 -4.2379584693e-01 -1.6385965741e+00 -2.1154008315e+00 -8.9284251605e-02 -2.5419370554e+00 -6.2195648291e-01 -5.6253884567e+00 -1.1171656314e+00  3.6321465431e+00 -6.0885817529e+00  5.5867123673e-01  3.9871076547e+00 -6.7088445411e+00 -2.3175333667e-01  2.5410836897e+00 -4.6156109607e+00 -1.8003812254e+00 -1.5710316266e-01 -5.9383342285e+00 -1.0938935787e+00  7.5529382714e-01 -4.9874621735e+00 -6.7311727133e-02 -3.5054985925e-01 -4.8387670491e+00  1.3277995289e+00  1.9273441853e+00 -3.7989814962e+00  5.9417023182e-01  3.1495871383e+00
ENERGY -3.846747372556e+02

JOB 1
COORDS -2.1172937696e+00 -7.1090601354e-01  1.9433694556e-01 -2.2427056521e+00 -1.8634808482e+00 -8.1422932655e-01 -6.5040180441e-01 -4.7705412366e-01 -1.4254529560e-01 -7.1117567791e-01 -1.7237404453e+00 -1.0846204442e+00 -5.7531589468e+00 -1.9977967045e-01  3.2501721453e+00 -4.9535981604e+00 -8.6042551026e-01  2.7647025058e-01 -4.6955294188e+00  4.3295849494e-01  2.3460298666e+00 -2.7884448435e+00 -1.6843561188e-01  1.1337045070e+00 -4.0949695779e+00 -5.3646144448e-01  1.4160825802e+00 -2.5593315911e+00 -2.8163954881e+00 -3.7615800552e-01 -2.8757065980e+00 -1.6561489447e+00 -1.6833819814e+00 -4.6067049942e-01  4.6724522003e-01 -6.6467357418e-01  3.6307124989e-02 -5.4637252171e-01  7.0714982964e-01 -4.4417148444e-01 -1.5313768120e+00 -2.1263555139e+00 -1.2722029314e-01 -2.5732813827e+00 -7.2315751566e-01 -5.3263612351e+00 -1.0400467736e+00  3.8064692545e+00 -6.1220893992e+00  5.4133468541e-01  3.9675430098e+00 -6.6181120483e+00 -5.6899818806e-01  2.6892183224e+00 -4.6827141742e+00 -1.8184543996e+00 -1.6841586144e-01 -5.9857686431e+00 -9.4023618456e-01  6.2252487437e-01 -4.9024429697e+00 -7.9462467702e-02 -5.0033048929e-01 -5.1227424321e+00  1.2898449993e+00  1.7964757452e+00 -3.8739585063e+00  8.1829462342e-01  2.9514106179e+00
ENERGY -3.846751066252e+02

JOB 2
COORDS -2.1303364917e+00 -7.2151861581e-01  2.1204248838e-01 -2.2578583726e+00 -1.8400164107e+00 -8.3501443039e-01 -6.4142957068e-01 -5.4019747093e-01 -5.3305980881e-02 -7.1467296699e-01 -1.7414215675e+00 -1.0517537827e+00 -5.6271564818e+00 -2.3594321394e-01  3.3338822769e+00 -4.9840999672e+00 -8.1187323011e-01  1.9663063890e-01 -4.7734275065e+00  4.7353409069e-01  2.2820806850e+00 -2.8212678062e+00 -1.6871443269e-01  1.1322651212e+00 -4.1495268658e+00 -4.7394711723e-01  1.3470849457e+00 -2.6123422495e+00 -2.7962661236e+00 -4.3461440137e-01 -2.8576965710e+00 -1.5925208100e+00 -1.7170734782e+00 -3.8579964058e-01  4.1664726717e-01 -5.2185438842e-01  4.4381508043e-03 -6.8038225091e-01  8.1959565825e-01 -4.1003877016e-01 -1.5104288183e+00 -2.0751845733e+00 -1.6991267910e-01 -2.6263131825e+00 -7.1463231644e-01 -5.0131397093e+00 -9.3251047606e-01  3.9124010658e+00 -6.0722925918e+00  4.9321506622e-01  4.0203940127e+00 -6.4452848122e+00 -8.0537529418e-01  2.8786185858e+00 -4.7150038294e+00 -1.7807838274e+00 -2.2560246627e-01 -6.0232492908e+00 -8.7468094374e-01  5.2792305751e-01 -4.9128232829e+00 -4.6531547022e-02 -5.9404635895e-01 -5.3734230923e+00  1.2197934088e+00  1.7360318339e+00 -3.9565872924e+00  1.0100356800e+00  2.7670507706e+00
ENERGY -3.846744764448e+02

JOB 3
COORDS -2.1572040854e+00 -7.3189630211e-01  2.2442715864e-01 -2.2694849420e+00 -1.8227228720e+00 -8.5383193037e-01 -6.5337283728e-01 -5.8861163461e-01  3.0074568894e-02 -7.1578887279e-01 -1.7645161813e+00 -9.9871362997e-01 -5.4785835282e+00 -2.6259528586e-01  3.4056641963e+00 -5.0174349106e+00 -7.6259969375e-01  9.5348623225e-02 -4.8539556830e+00  4.8451760244e-01  2.2256978531e+00 -2.8732809329e+00 -1.7612112218e-01  1.1243154093e+00 -4.2159565240e+00 -4.3105067541e-01  1.2690721317e+00 -2.6666039860e+00 -2.7783143869e+00 -4.9399745628e-01 -2.8215612867e+00 -1.5383472724e+00 -1.7558443652e+00 -3.5000717802e-01  3.7031208345e-01 -4.0483713560e-01 -5.0197447905e-02 -7.6677318560e-01  9.2637883696e-01 -3.5755701355e-01 -1.5208902918e+00 -2.0016732466e+00 -2.1320892211e-01 -2.6725700283e+00 -6.5755358219e-01 -4.7117807880e+00 -8.2997241368e-01  3.9415018804e+00 -5.9480465538e+00  4.3954559559e-01  4.1046791273e+00 -6.2466499099e+00 -9.6795143440e-01  3.0685935564e+00 -4.7433066838e+00 -1.7341616456e+00 -3.1800714179e-01 -6.0662385695e+00 -8.1820018973e-01  3.9656590162e-01 -4.9177737752e+00 -5.1128573791e-04 -6.9556051101e-01 -5.6107412405e+00  1.0980728882e+00  1.7154828077e+00 -4.0769863206e+00  1.1629276213e+00  2.5832573055e+00
ENERGY -3.846733272517e+02

JOB 4
COORDS -2.2101161259e+00 -7.1833033143e-01  2.6232086034e-01 -2.3036528992e+00 -1.8005716612e+00 -8.2489196470e-01 -6.9823137480e-01 -6.0147488704e-01  1.2171028052e-01 -7.4353883175e-01 -1.7907839170e+00 -8.9257031995e-01 -5.2713593574e+00 -2.3410556427e-01  3.5233815323e+00 -5.0573136510e+00 -6.4002755174e-01  1.0914149206e-02 -4.9333319734e+00  4.9122795587e-01  2.2198367932e+00 -2.9471640786e+00 -1.6751852850e-01  1.1472854315e+00 -4.3010724175e+00 -4.0962040452e-01  1.2399209689e+00 -2.7539460254e+00 -2.7423578780e+00 -4.9234760333e-01 -2.7972409382e+00 -1.4905316957e+00 -1.7521745189e+00 -3.6553824820e-01  3.4509594591e-01 -3.1878230807e-01 -1.3121884003e-01 -7.7217532583e-01  1.0425521200e+00 -3.2659171901e-01 -1.5763920815e+00 -1.8793794255e+00 -2.8828560983e-01 -2.7072633937e+00 -5.1009126670e-01 -4.3629953147e+00 -6.4957928106e-01  3.9703167116e+00 -5.7312079514e+00  4.5238555796e-01  4.2443011953e+00 -5.9676700824e+00 -1.0599572762e+00  3.3414336110e+00 -4.7774192586e+00 -1.5845386318e+00 -4.5717935447e-01 -6.1188143541e+00 -7.0169833633e-01  2.6056467222e-01 -4.9110747646e+00  1.7220827975e-01 -7.2084405235e-01 -5.8429086167e+00  9.2032713942e-01  1.7830029381e+00 -4.2458362515e+00  1.3188236495e+00  2.4149070312e+00
ENERGY -3.846726746500e+02

JOB 5
COORDS -2.2654305194e+00 -6.7168570276e-01  3.0063053412e-01 -2.3226428957e+00 -1.7533703711e+00 -7.8488245271e-01 -7.5196875440e-01 -5.4711341350e-01  2.0020502726e-01 -7.6187380382e-01 -1.7963674285e+00 -7.4109353350e-01 -5.0293911671e+00 -2.7179873694e-01  3.6047039871e+00 -5.0874077428e+00 -4.5912632261e-01 -7.8318656479e-02 -5.0344917128e+00  4.0529785815e-01  2.2351456313e+00 -3.0336460556e+00 -1.5003436870e-01  1.1736766466e+00 -4.3944915973e+00 -4.4638160947e-01  1.2131942173e+00 -2.8446938391e+00 -2.6717669468e+00 -4.9512581168e-01 -2.7251943394e+00 -1.4125140982e+00 -1.7452190720e+00 -4.2333527722e-01  3.7056959428e-01 -3.0049886031e-01 -2.0780578728e-01 -6.4235495512e-01  1.1448817154e+00 -2.6091875917e-01 -1.6696331811e+00 -1.7035905330e+00 -3.7649499847e-01 -2.6966365340e+00 -2.5688240638e-01 -4.0030048095e+00 -4.8228826006e-01  3.9210989716e+00 -5.4967868576e+00  3.7215707172e-01  4.3588548256e+00 -5.5760013734e+00 -1.2194379385e+00  3.5656478269e+00 -4.7620396180e+00 -1.3013874280e+00 -6.8928318075e-01 -6.1584248879e+00 -5.7947928736e-01  9.8182864191e-02 -4.9220222895e+00  4.7138770396e-01 -6.4713189133e-01 -6.0694991836e+00  5.8729233770e-01  1.9285962758e+00 -4.5279669496e+00  1.3770380102e+00  2.2779920214e+00
ENERGY -3.846736757816e+02

JOB 6
COORDS -2.3045737732e+00 -7.1382904334e-01  3.2459045490e-01 -2.3395340835e+00 -1.7534960144e+00 -8.0077288109e-01 -7.8699335513e-01 -6.1000245218e-01  2.8116904406e-01 -7.8321547770e-01 -1.8335962268e+00 -6.9360417845e-01 -4.8519241979e+00 -2.4436588496e-01  3.5974765104e+00 -5.1039755411e+00 -3.9246838924e-01 -1.5108466384e-01 -5.1250302840e+00  3.0329560652e-01  2.1992661783e+00 -3.0974328314e+00 -2.1828308417e-01  1.1893046780e+00 -4.4646671540e+00 -5.1201310850e-01  1.1634424136e+00 -2.8974382288e+00 -2.6671136117e+00 -5.6854460065e-01 -2.6910687972e+00 -1.3655391017e+00 -1.7633068913e+00 -4.2902427347e-01  3.1479259245e-01 -1.8505951187e-01 -2.7796793918e-01 -7.3640469252e-01  1.2415260783e+00 -2.3851322414e-01 -1.6941157785e+00 -1.6302009662e+00 -4.3937008749e-01 -2.7544889796e+00 -2.1700400907e-01 -3.7780499635e+00 -2.4439985938e-01  3.8042010300e+00 -5.3493953590e+00  3.7156287171e-01  4.3551732362e+00 -5.2199092610e+00 -1.2717005882e+00  3.6834725090e+00 -4.7564799987e+00 -1.1729021481e+00 -8.2809468373e-01 -6.1821086667e+00 -5.1960932537e-01 -2.9735321355e-02 -4.9116453048e+00  5.8866133017e-01 -6.1707681896e-01 -6.2014195802e+00  2.6830288886e-01  2.0037759697e+00 -4.8066727570e+00  1.3537398789e+00  2.1224270272e+00
ENERGY -3.846754838351e+02

JOB 7
COORDS -2.3245025503e+00 -7.5733047423e-01  4.0538470865e-01 -2.3568876872e+00 -1.6790124321e+00 -8.2051552137e-01 -8.0336578881e-01 -6.9662522696e-01  4.1045917327e-01 -8.0433201770e-01 -1.7980604712e+00 -6.9985666900e-01 -4.7076967638e+00 -1.2504754527e-01  3.6593598502e+00 -5.1026615326e+00 -3.6163831020e-01 -1.0865920275e-01 -5.1757259689e+00  2.4730638220e-01  2.2559749673e+00 -3.1243150383e+00 -3.1213635482e-01  1.2911887184e+00 -4.4962155480e+00 -5.4126717693e-01  1.2129382671e+00 -2.9266438878e+00 -2.6049029280e+00 -6.8633047708e-01 -2.6926176295e+00 -1.1948049481e+00 -1.7441348924e+00 -4.0742633018e-01  2.6578896231e-01  6.7169119814e-02 -3.2381719962e-01 -9.5128684225e-01  1.3606171814e+00 -2.4232704536e-01 -1.5589246472e+00 -1.6055850577e+00 -4.8234545961e-01 -2.7748018198e+00 -3.3134655236e-01 -3.6420388123e+00  8.0659975787e-02  3.7779752506e+00 -5.2617688925e+00  4.5570561863e-01  4.4050719758e+00 -4.8772577585e+00 -1.1897357468e+00  3.8507037268e+00 -4.7949939228e+00 -1.1502355500e+00 -7.9555105715e-01 -6.1887164040e+00 -4.1917897062e-01 -4.6137773642e-03 -4.8408356060e+00  6.1439878085e-01 -5.5058579690e-01 -6.2464776320e+00  4.1252245347e-02  2.1594705583e+00 -5.0290430204e+00  1.3270356363e+00  2.0823604250e+00
ENERGY -3.846761195231e+02

JOB 8
COORDS -2.3412569312e+00 -8.4910519788e-01  4.2749980122e-01 -2.3456932680e+00 -1.6294508760e+00 -8.9619139471e-01 -8.2016946208e-01 -8.4807342318e-01  5.0737391177e-01 -7.9534529051e-01 -1.7599952401e+00 -7.6263667984e-01 -4.6517548616e+00  1.6906569079e-02  3.6116231483e+00 -5.1005533603e+00 -4.1494260490e-01 -1.4748008381e-01 -5.2451378567e+00  1.7483514031e-01  2.2156904430e+00 -3.1613488457e+00 -4.5690870470e-01  1.3213653258e+00 -4.5291701750e+00 -5.9906100653e-01  1.1861182308e+00 -2.9033578021e+00 -2.5719968301e+00 -8.6789815708e-01 -2.6760012558e+00 -1.0587584071e+00 -1.7707757795e+00 -3.7048311002e-01  1.3917198567e-01  3.5325489431e-01 -4.0224178579e-01 -1.2794909197e+00  1.4226021882e+00 -2.2445297138e-01 -1.3672027360e+00 -1.6072024390e+00 -4.6411986570e-01 -2.7807859384e+00 -5.5843539302e-01 -3.6461528368e+00  4.3573174302e-01  3.6625210466e+00 -5.2880522571e+00  5.3469486483e-01  4.3377980599e+00 -4.5952648757e+00 -1.0401414025e+00  3.8912549006e+00 -4.8179347842e+00 -1.2265372618e+00 -8.1823658730e-01 -6.1899235300e+00 -4.1904051408e-01 -6.1053538973e-02 -4.7872768217e+00  5.4255703003e-01 -5.9634644394e-01 -6.2813574346e+00 -1.7987853706e-01  2.2082065708e+00 -5.2658649391e+00  1.2464227231e+00  1.9466258687e+00
ENERGY -3.846753030418e+02

JOB 9
COORDS -2.3566904415e+00 -9.2223504255e-01  4.8456019736e-01 -2.3556296186e+00 -1.5500765178e+00 -9.1990129603e-01 -8.3990489641e-01 -1.0052866118e+00  6.0421592777e-01 -8.0547051807e-01 -1.6926456635e+00 -7.9986110573e-01 -4.5500542214e+00  1.7500398953e-01  3.6249643384e+00 -5.1086715232e+00 -4.0463099049e-01 -9.8434148053e-02 -5.2637646082e+00  1.4455046118e-01  2.2781785375e+00 -3.1791249023e+00 -5.6234178943e-01  1.3915767912e+00 -4.5408467174e+00 -5.9892410994e-01  1.2315284975e+00 -2.9004378292e+00 -2.4982728680e+00 -9.9011394020e-01 -2.6948179207e+00 -8.9841833581e-01 -1.7318950072e+00 -3.3648552740e-01 -3.3104530885e-02  6.4634418306e-01 -4.7883714500e-01 -1.6161038841e+00  1.4384739080e+00 -2.4131202223e-01 -1.1481026019e+00 -1.5606689686e+00 -4.5745003161e-01 -2.7279603069e+00 -7.7957482377e-01 -3.6166563182e+00  7.3621428278e-01  3.5688133605e+00 -5.2050984050e+00  6.4983036370e-01  4.3638728487e+00 -4.3135161958e+00 -8.3648601503e-01  3.9685247203e+00 -4.8484714079e+00 -1.2243853116e+00 -7.6854275897e-01 -6.1977690042e+00 -3.8111136169e-01 -7.9940555088e-03 -4.7754443925e+00  5.4473728886e-01 -5.5044485371e-01 -6.2486917511e+00 -3.2567097648e-01  2.3825051271e+00 -5.4402216785e+00  1.1842654609e+00  1.9479091814e+00
ENERGY -3.846736622860e+02

JOB 10
COORDS -2.3668136568e+00 -9.6361173716e-01  5.0340612986e-01 -2.3487774020e+00 -1.4941976103e+00 -9.4135921325e-01 -8.5609567621e-01 -1.0977005359e+00  6.5107059750e-01 -8.0498167233e-01 -1.6792856191e+00 -7.9940371056e-01 -4.5016991079e+00  2.8007823359e-01  3.5911345715e+00 -5.1085069613e+00 -3.7689539676e-01 -9.7429691026e-02 -5.2995693480e+00  6.1442701139e-02  2.3108779827e+00 -3.1988435694e+00 -6.3334047488e-01  1.4141267637e+00 -4.5512594850e+00 -6.0609813976e-01  1.2297275968e+00 -2.9078582849e+00 -2.4251555547e+00 -1.0886270945e+00 -2.6577467547e+00 -7.8274243866e-01 -1.7143701312e+00 -3.2833240577e-01 -1.4579073235e-01  7.7762514897e-01 -5.2974759842e-01 -1.7793393234e+00  1.4439414028e+00 -2.1244505444e-01 -1.0924926306e+00 -1.5052965330e+00 -4.7912521861e-01 -2.7208327684e+00 -8.4987447227e-01 -3.6544508620e+00  9.4704788443e-01  3.4233657614e+00 -5.1611894574e+00  7.2700926338e-01  4.3434924997e+00 -4.1107055156e+00 -6.6168692176e-01  3.9852633976e+00 -4.8461575607e+00 -1.1801090005e+00 -7.8658718651e-01 -6.1981779297e+00 -3.5327465215e-01 -1.4505130945e-02 -4.7699643558e+00  5.8259206063e-01 -5.2335086655e-01 -6.1936473735e+00 -5.4017433673e-01  2.5188306162e+00 -5.6557642644e+00  1.0428867819e+00  1.9541752225e+00
ENERGY -3.846717078196e+02

JOB 11
COORDS -3.3833287356e+00  1.4895558092e+00  5.8401149977e-02 -4.1346377937e+00  1.4735032159e+00 -1.2857035370e+00 -2.5300180429e+00  2.6852473377e+00 -3.4726661644e-01 -3.2747884329e+00  2.7014594006e+00 -1.7219538034e+00 -2.7456398339e+00 -2.0292979554e-01  3.5622329788e+00 -4.7910820722e+00 -9.7529160192e-01  4.9053778321e-01 -3.9382237407e+00 -7.7728734883e-01  2.8046250531e+00 -3.4027404830e+00  9.1663871031e-01  1.2004034061e+00 -4.2338329349e+00 -1.1123571241e-01  1.5222309751e+00 -4.0053276143e+00  5.7618238733e-01 -1.8996955922e+00 -5.2077579731e+00  1.6808359666e+00 -1.2035100191e+00 -2.6719338856e+00  3.5788655414e+00  2.7048338291e-01 -1.4557229971e+00  2.4791008994e+00 -4.1048279125e-01 -3.8548280899e+00  3.6082347970e+00 -1.9087368975e+00 -2.6320618531e+00  2.5133446903e+00 -2.5852934310e+00 -2.8937468866e+00  8.5050282110e-01  3.8092959117e+00 -2.6171639165e+00 -7.6704398281e-01  4.4929301888e+00 -1.8280051939e+00 -2.7978343683e-01  2.9744173625e+00 -5.4156579952e+00 -4.1461919564e-01 -2.0589921612e-01 -4.0030931442e+00 -1.4949711601e+00 -8.0124847345e-02 -5.4242433195e+00 -1.7257524973e+00  9.7013614590e-01 -3.7395386835e+00 -1.8413814265e+00  2.6071178591e+00 -4.8370780309e+00 -7.3892339766e-01  3.4353697142e+00
ENERGY -3.846700204466e+02

JOB 12
COORDS -3.3532801339e+00  1.4513076957e+00  4.8140694390e-02 -4.1663667599e+00  1.4863257419e+00 -1.2585626603e+00 -2.4712536890e+00  2.6173255077e+00 -3.8164393415e-01 -3.2871668947e+00  2.6937226419e+00 -1.7132535893e+00 -2.8169711982e+00 -1.5145733414e-01  3.6247988812e+00 -4.8183616652e+00 -9.7147554659e-01  5.0366778954e-01 -3.8634806538e+00 -8.4868331601e-01  2.7633725976e+00 -3.3482871723e+00  8.6582723735e-01  1.1831842622e+00 -4.2183284387e+00 -1.2673288340e-01  1.5282374667e+00 -4.0936401495e+00  5.9689175674e-01 -1.8930196701e+00 -5.2274468695e+00  1.7241677696e+00 -1.1218135949e+00 -2.5383477037e+00  3.5026402049e+00  2.6000883775e-01 -1.4127047686e+00  2.3643252356e+00 -5.0800831523e-01 -3.8440334145e+00  3.6243592052e+00 -1.8449230021e+00 -2.6998503864e+00  2.5067565156e+00 -2.6154014399e+00 -3.1345377887e+00  8.5681429103e-01  3.9033856805e+00 -2.6685473729e+00 -7.3674766508e-01  4.5391781390e+00 -1.8630839106e+00 -6.6455985499e-02  3.1015435247e+00 -5.4518951320e+00 -3.9449062520e-01 -1.7072161792e-01 -4.0542434225e+00 -1.5001163696e+00 -9.0707338804e-02 -5.4490921708e+00 -1.7159857168e+00  9.9634768352e-01 -3.4836667152e+00 -1.8512122214e+00  2.5021975381e+00 -4.7861417022e+00 -1.0029525544e+00  3.3374606279e+00
ENERGY -3.846717131429e+02

JOB 13
COORDS -3.3186478051e+00  1.4187623263e+00  1.9186805789e-02 -4.2022930712e+00  1.5251458183e+00 -1.2356110360e+00 -2.4002730503e+00  2.5442506569e+00 -4.4097286726e-01 -3.3052217481e+00  2.7137491677e+00 -1.7048692704e+00 -2.9268955788e+00 -1.0811934682e-01  3.6786464033e+00 -4.8328513984e+00 -9.6087053332e-01  4.9252572745e-01 -3.8050953223e+00 -8.9079359284e-01  2.7089752778e+00 -3.2919008773e+00  8.1878650929e-01  1.1452011647e+00 -4.2132470402e+00 -1.2680497050e-01  1.5169899021e+00 -4.1933747469e+00  6.5388851704e-01 -1.8988270809e+00 -5.2456633622e+00  1.7898607207e+00 -1.0302954940e+00 -2.3615286167e+00  3.4076008765e+00  2.3176872357e-01 -1.3732246821e+00  2.2296347231e+00 -6.5665822244e-01 -3.8291118619e+00  3.6712091985e+00 -1.7518500441e+00 -2.7951965311e+00  2.5462897899e+00 -2.6564337855e+00 -3.4043449572e+00  8.3153629783e-01  3.9722254603e+00 -2.7642884594e+00 -7.1235143490e-01  4.5780869704e+00 -1.9597975116e+00  1.3203891387e-01  3.2354941111e+00 -5.4682519405e+00 -3.7400313006e-01 -1.7125979827e-01 -4.0792024815e+00 -1.4919643761e+00 -1.1294608369e-01 -5.4641611697e+00 -1.7031049790e+00  9.8789657672e-01 -3.2660484526e+00 -1.8058090224e+00  2.4034068345e+00 -4.7240625977e+00 -1.2173218089e+00  3.2098999959e+00
ENERGY -3.846736622647e+02

JOB 14
COORDS -3.2391071183e+00  1.3596120187e+00 -4.4876443217e-03 -4.2159779398e+00  1.5644227825e+00 -1.1727710152e+00 -2.2785268735e+00  2.4211712614e+00 -5.2456417438e-01 -3.3158539264e+00  2.7486939007e+00 -1.6478840632e+00 -3.0496808721e+00 -3.1858319972e-02  3.7711079523e+00 -4.7979542601e+00 -9.7061787073e-01  5.1826425553e-01 -3.7300821702e+00 -8.9104972888e-01  2.7106726800e+00 -3.1832356932e+00  7.4937900569e-01  1.1134866282e+00 -4.1690281948e+00 -1.2405858394e-01  1.5314720138e+00 -4.2747027089e+00  7.3092657435e-01 -1.8809518839e+00 -5.2342582903e+00  1.8356714308e+00 -8.7322824770e-01 -2.0539592942e+00  3.2294922727e+00  1.7873455011e-01 -1.3321863028e+00  2.0153575974e+00 -8.9921574453e-01 -3.7901403212e+00  3.7257639042e+00 -1.5303923456e+00 -2.9392081136e+00  2.6610659299e+00 -2.6696254862e+00 -3.6961816036e+00  8.0001878238e-01  4.0690190549e+00 -2.8411208679e+00 -6.4363311193e-01  4.6557221254e+00 -2.1117180415e+00  3.8301642047e-01  3.4004997726e+00 -5.4198184078e+00 -3.8612689278e-01 -1.6005812568e-01 -4.0488009396e+00 -1.5230783855e+00 -7.3340284520e-02 -5.4443994593e+00 -1.6927642821e+00  1.0230740454e+00 -3.0478489857e+00 -1.7058464377e+00  2.4077026674e+00 -4.6269740291e+00 -1.3600503646e+00  3.1293170881e+00
ENERGY -3.846753029816e+02

JOB 15
COORDS -3.2047403369e+00  1.3093119665e+00 -7.6911587923e-02 -4.2654715429e+00  1.6369624674e+00 -1.1355930934e+00 -2.2144459824e+00  2.3114291015e+00 -6.5366719312e-01 -3.3496982626e+00  2.8112924253e+00 -1.6061961922e+00 -3.2318241404e+00 -1.8991838941e-03  3.7892224072e+00 -4.8026722842e+00 -9.8833356993e-01  4.7727896279e-01 -3.6842152677e+00 -9.0686358596e-01  2.6475015491e+00 -3.1088348051e+00  6.6023516026e-01  1.0149002351e+00 -4.1504282075e+00 -1.4043603414e-01  1.4783904578e+00 -4.4085165675e+00  8.5741979708e-01 -1.8919560111e+00 -5.2457793856e+00  1.9165653493e+00 -7.3467066271e-01 -1.8090190800e+00  3.0375153307e+00  5.7703838701e-02 -1.3795690996e+00  1.8390364508e+00 -1.1834600876e+00 -3.7409992371e+00  3.7917619665e+00 -1.3250189400e+00 -3.1056985311e+00  2.8199788500e+00 -2.6709823070e+00 -4.0464269936e+00  6.6045460972e-01  4.1000763275e+00 -2.9280289682e+00 -6.0835937532e-01  4.6496125494e+00 -2.3854128090e+00  6.1476739524e-01  3.4804694394e+00 -5.3904131039e+00 -3.9376156884e-01 -2.2229671272e-01 -4.0716268104e+00 -1.5854801211e+00 -9.3245774236e-02 -5.4873813775e+00 -1.6685402685e+00  9.8928856324e-01 -2.8675946419e+00 -1.5914274236e+00  2.3611859673e+00 -4.5276395323e+00 -1.5212845325e+00  2.9782333155e+00
ENERGY -3.846761194050e+02

JOB 16
COORDS -3.1522311515e+00  1.2713373901e+00 -1.1801482946e-01 -4.2712858733e+00  1.6750611967e+00 -1.0847320477e+00 -2.1565165653e+00  2.2306604208e+00 -7.5398934487e-01 -3.3379614251e+00  2.8197167429e+00 -1.5931812748e+00 -3.3618966420e+00  2.3902098173e-03  3.8558589167e+00 -4.7903025649e+00 -9.8115495919e-01  5.2008131543e-01 -3.5642253283e+00 -9.0065643332e-01  2.6421480222e+00 -3.0152114107e+00  6.0475401089e-01  9.5851475587e-01 -4.0734656905e+00 -1.4122166361e-01  1.4853748424e+00 -4.5007201541e+00  9.2531964739e-01 -1.8500401726e+00 -5.2073802937e+00  1.9808311837e+00 -6.0500141059e-01 -1.6501620671e+00  2.9107798479e+00 -6.2272775353e-02 -1.3994850075e+00  1.7275871347e+00 -1.3659927235e+00 -3.6531632814e+00  3.8073070942e+00 -1.2486202988e+00 -3.1818990107e+00  2.8544384875e+00 -2.6738349473e+00 -4.3084963267e+00  4.6896798987e-01  4.1465659528e+00 -2.9797221060e+00 -5.7530052312e-01  4.7050703334e+00 -2.6434356917e+00  7.9421727442e-01  3.6263063922e+00 -5.3565450797e+00 -3.7195822616e-01 -1.8442653006e-01 -4.1063910583e+00 -1.6331919071e+00 -4.8941096586e-02 -5.5043048432e+00 -1.6060204508e+00  1.0612994143e+00 -2.6291043572e+00 -1.4180478977e+00  2.3805299840e+00 -4.3095134461e+00 -1.6651655922e+00  2.8830281717e+00
ENERGY -3.846754813472e+02

JOB 17
COORDS -3.0758554856e+00  1.2550866563e+00 -1.2236976125e-01 -4.2377778557e+00  1.6746358005e+00 -1.0316736351e+00 -2.0945620167e+00  2.1816902380e+00 -8.2602357227e-01 -3.3044436924e+00  2.7836490881e+00 -1.6134035000e+00 -3.4117091590e+00 -8.6702334879e-02  3.9779742729e+00 -4.7587163132e+00 -9.2228888695e-01  6.4883409630e-01 -3.3592050253e+00 -8.9481231758e-01  2.6825974836e+00 -2.8886940419e+00  5.9388399415e-01  9.5099372627e-01 -3.9181302640e+00 -1.2874482253e-01  1.5502880447e+00 -4.5349273128e+00  9.1923550142e-01 -1.7674903897e+00 -5.1345100708e+00  2.0196703523e+00 -5.0553386528e-01 -1.5380646777e+00  2.8625794082e+00 -1.7468729129e-01 -1.3812525859e+00  1.6513628912e+00 -1.4670163876e+00 -3.5765617709e+00  3.7857973820e+00 -1.2740357364e+00 -3.2057092196e+00  2.7929747069e+00 -2.7013330264e+00 -4.4455821951e+00  1.7481906277e-01  4.2250734592e+00 -2.9856290200e+00 -6.5801580837e-01  4.8110013609e+00 -2.8412374763e+00  8.4105166724e-01  3.8700492106e+00 -5.3602673904e+00 -2.7864588555e-01  6.9313073812e-03 -4.1625128518e+00 -1.5962233088e+00  1.0825620196e-02 -5.4483358041e+00 -1.5208934380e+00  1.2478959992e+00 -2.3306612866e+00 -1.1977887074e+00  2.4526699797e+00 -3.9523322588e+00 -1.8069056579e+00  2.8028766063e+00
ENERGY -3.846736757376e+02

JOB 18
COORDS -3.0527752257e+00  1.2866411458e+00 -1.6731356848e-01 -4.2331850352e+00  1.6808469040e+00 -1.0691184424e+00 -2.0836951248e+00  2.1963966498e+00 -9.1058330114e-01 -3.2897036739e+00  2.7161405377e+00 -1.7595076504e+00 -3.5692910781e+00 -2.7076313333e-01  4.0216865115e+00 -4.8208475434e+00 -7.6668549280e-01  7.4517996677e-01 -3.2387997824e+00 -8.7980688418e-01  2.6580758501e+00 -2.8307303390e+00  6.4008283620e-01  9.1086033696e-01 -3.8085978361e+00 -8.9357290255e-02  1.5526356697e+00 -4.5984562194e+00  8.9042119730e-01 -1.7335084770e+00 -5.0902616426e+00  2.1077552993e+00 -5.3668973911e-01 -1.5736907078e+00  2.9392817465e+00 -2.8880940616e-01 -1.3291767193e+00  1.6578014202e+00 -1.4948254665e+00 -3.5570905610e+00  3.7538304914e+00 -1.5469372126e+00 -3.1843797008e+00  2.5944858945e+00 -2.8401133947e+00 -4.6527362472e+00 -2.2521366328e-01  4.1767897823e+00 -3.1295205195e+00 -8.6492540735e-01  4.8316400763e+00 -3.1752290242e+00  7.4815500123e-01  4.0851195259e+00 -5.4802846547e+00 -5.1481129494e-02  2.5203616695e-01 -4.3679958390e+00 -1.4154932905e+00 -2.3296737772e-02 -5.4394621742e+00 -1.3803842954e+00  1.4036665976e+00 -2.1554251436e+00 -9.2900840838e-01  2.5184509424e+00 -3.6205168029e+00 -1.9062563439e+00  2.6036240911e+00
ENERGY -3.846726745435e+02

JOB 19
COORDS -3.0225155846e+00  1.3039636983e+00 -1.7558161122e-01 -4.2280899470e+00  1.6843490988e+00 -1.0515615963e+00 -2.0685981656e+00  2.1827177905e+00 -9.7434492508e-01 -3.2859726464e+00  2.6505834287e+00 -1.8370964316e+00 -3.6730450897e+00 -4.5421685355e-01  4.0521600926e+00 -4.8231389755e+00 -6.5521066932e-01  8.8338353581e-01 -3.1290024942e+00 -8.4448045432e-01  2.6764755992e+00 -2.7645903953e+00  6.7312650041e-01  9.0481122842e-01 -3.7157276722e+00 -3.2418068477e-02  1.6010849345e+00 -4.6532052473e+00  8.7297153776e-01 -1.6515586984e+00 -5.0439037565e+00  2.1743442388e+00 -5.0848419550e-01 -1.5672624725e+00  2.9645820931e+00 -3.9425533546e-01 -1.3076043657e+00  1.6268917052e+00 -1.5332941273e+00 -3.5370215227e+00  3.7063268368e+00 -1.7112278430e+00 -3.2015067273e+00  2.4351272841e+00 -2.9048463828e+00 -4.7602551943e+00 -5.8301230530e-01  4.1017074076e+00 -3.2232168542e+00 -1.0733528527e+00  4.8372372255e+00 -3.4480680301e+00  5.9562794254e-01  4.2624461614e+00 -5.4956407856e+00  8.9963922483e-02  4.5621330280e-01 -4.4664508981e+00 -1.3150783867e+00  7.4929255910e-02 -5.4022878593e+00 -1.2524884566e+00  1.5916641908e+00 -2.0496942363e+00 -6.8399343338e-01  2.6432295068e+00 -3.3043387593e+00 -1.9127574840e+00  2.4827759380e+00
ENERGY -3.846733313526e+02

JOB 20
COORDS -3.0026363003e+00  1.3130767224e+00 -1.9652308804e-01 -4.2272735798e+00  1.7057518708e+00 -1.0392211447e+00 -2.0525963182e+00  2.1365787031e+00 -1.0566190375e+00 -3.2869313378e+00  2.6209215691e+00 -1.8855101672e+00 -3.7660825869e+00 -5.9309135111e-01  4.0464768638e+00 -4.8066613234e+00 -5.6968490387e-01  9.6466923731e-01 -3.0708965908e+00 -7.6701714947e-01  2.6955865300e+00 -2.7250513932e+00  7.0684553120e-01  8.9217335811e-01 -3.6825104217e+00  6.4206318954e-02  1.6488618826e+00 -4.6966217085e+00  8.9060770086e-01 -1.5996845379e+00 -5.0081428841e+00  2.2329900889e+00 -4.7988398523e-01 -1.5031659999e+00  2.9161965801e+00 -5.1879309335e-01 -1.3333157637e+00  1.5388029558e+00 -1.6272057709e+00 -3.5000484992e+00  3.6869741320e+00 -1.7781430191e+00 -3.2503381214e+00  2.3759854766e+00 -2.9495833499e+00 -4.8228505193e+00 -8.7973649964e-01  4.0020321698e+00 -3.2846919076e+00 -1.2179288401e+00  4.8073939162e+00 -3.7135671019e+00  4.5175878263e-01  4.3664698875e+00 -5.4827390010e+00  1.6884029918e-01  5.3209763736e-01 -4.4643374230e+00 -1.2497382526e+00  1.6698319780e-01 -5.3759297096e+00 -1.1487457667e+00  1.6955140959e+00 -2.0294181135e+00 -4.5061438217e-01  2.7707598246e+00 -3.0675660945e+00 -1.8276302040e+00  2.3957646233e+00
ENERGY -3.846744738833e+02

JOB 21
COORDS -1.8236692444e+00 -7.0181978329e-01  2.7105972027e-01 -1.9756939918e+00 -1.6743264664e+00 -9.0890657382e-01 -3.6365634654e-01 -4.1662335677e-01 -5.5839972731e-02 -5.2241239470e-01 -1.2974955299e+00 -1.3381196834e+00 -5.8783595262e+00  6.2205447347e-01  2.4211813553e+00 -4.3197453212e+00 -1.7760438316e+00  1.1008050921e+00 -4.4060025532e+00  2.2384984337e-01  2.5205596613e+00 -2.5481926306e+00 -1.1418813741e-01  1.1409981317e+00 -3.9011076722e+00 -3.8523226109e-01  1.2795489325e+00 -2.1064439437e+00 -2.7257666928e+00 -6.3226434192e-01 -2.7633272823e+00 -1.4041374248e+00 -1.6208014868e+00 -1.2278578114e-01  6.3852462747e-01 -2.1997272401e-01  3.4128615501e-01 -8.2251403170e-01  6.7811358400e-01 -4.7989151665e-01 -7.2565183587e-01 -2.2679502290e+00  1.6908222358e-01 -2.1400776415e+00 -1.4115297483e+00 -6.5382660742e+00 -2.4128262306e-01  2.2857510167e+00 -6.1903381549e+00  1.1296175378e+00  3.3404496626e+00 -6.0334755814e+00  1.3024405232e+00  1.5781776927e+00 -3.6960319812e+00 -2.4632211861e+00  1.6963112346e+00 -5.3570721204e+00 -1.8776103078e+00  1.4250009937e+00 -4.2734186866e+00 -2.0758200754e+00  5.3388380092e-02 -3.7939209031e+00  1.1104680205e+00  2.6915352125e+00 -4.2471596687e+00 -4.5032063099e-01  3.3801615125e+00
ENERGY -3.846751079442e+02

JOB 22
COORDS -1.8149329664e+00 -7.1085971165e-01  2.7838980447e-01 -1.9757976710e+00 -1.6486686671e+00 -9.2757096939e-01 -3.3289369402e-01 -4.9254098278e-01  2.8863446040e-03 -5.0211822389e-01 -1.3116404187e+00 -1.3183351910e+00 -5.9027221702e+00  5.0733477831e-01  2.5162321372e+00 -4.3677156923e+00 -1.6865170861e+00  1.0590882029e+00 -4.3858222603e+00  3.2987165637e-01  2.4661612303e+00 -2.5369718043e+00 -1.0386185260e-01  1.1352936598e+00 -3.9121509089e+00 -3.0398333056e-01  1.2221683456e+00 -2.1412364650e+00 -2.7010916393e+00 -6.7343706879e-01 -2.7431603740e+00 -1.3412349087e+00 -1.6463718294e+00 -2.9388385331e-02  5.5330690493e-01 -1.0658085455e-01  3.2521090053e-01 -9.6985623262e-01  7.3736239857e-01 -4.2508600562e-01 -6.9976794455e-01 -2.2200287700e+00  1.5883434560e-01 -2.1753673184e+00 -1.4210682003e+00 -6.4390573762e+00 -4.3952356478e-01  2.6301556049e+00 -6.1680081143e+00  1.1327405776e+00  3.3750419510e+00 -6.2650726866e+00  1.0005390030e+00  1.6081746587e+00 -3.8303594043e+00 -2.3731293860e+00  1.7350818088e+00 -5.4345263249e+00 -1.7413071329e+00  1.2785255647e+00 -4.2308750540e+00 -2.0250830716e+00  3.2587268946e-02 -3.8970755265e+00  1.3048239120e+00  2.5080741714e+00 -4.0426715572e+00 -2.4069534477e-01  3.3467717239e+00
ENERGY -3.846747326875e+02

JOB 23
COORDS -1.9580778850e+00 -6.0200304090e-01  1.7640966010e-01 -2.0082428843e+00 -1.9018300887e+00 -6.2950644396e-01 -5.4067676843e-01 -2.9121919806e-01 -2.7815133744e-01 -4.6878977029e-01 -1.7475962680e+00 -8.4641700910e-01 -5.7573867728e+00 -1.3752439042e-01  3.0947245779e+00 -4.8181903680e+00 -7.4501543743e-01  3.6791975793e-01 -4.4013050437e+00  3.0403153860e-01  2.5465993385e+00 -2.6356312639e+00 -3.0330134499e-02  1.0896677568e+00 -3.8780189730e+00 -5.7172937789e-01  1.4799659541e+00 -2.3581518595e+00 -2.7804477542e+00 -7.7153656419e-02 -2.5785385036e+00 -1.8237235118e+00 -1.5622412271e+00 -5.0369614700e-01  4.7111693486e-01 -1.0647122386e+00  1.6629028346e-01 -1.7388224379e-02  5.1040859165e-01 -1.1756428403e-01 -1.8476181355e+00 -1.8759848971e+00  1.0976889937e-01 -2.4164432869e+00 -2.0496136085e-01 -5.7488459778e+00 -1.2005275076e+00  3.3605111396e+00 -5.9838145392e+00  4.3425617769e-01  4.0004869881e+00 -6.5742575963e+00  3.5613575109e-02  2.3885577093e+00 -4.4215731408e+00 -1.4482556392e+00 -3.6260174882e-01 -5.7525487323e+00 -1.1639036733e+00  7.4417710065e-01 -5.0350279209e+00  2.0925859316e-01 -1.4314388630e-01 -4.4704163514e+00  1.3430196992e+00  2.1830452510e+00 -3.6549852440e+00  2.9584807885e-01  3.3447115057e+00
ENERGY -3.846734556014e+02

