JOB 0
COORDS  1.0213543592e+00 -6.3789701124e-01  2.7719012776e+00 -1.6033881573e+00  3.1842713524e+00 -1.8641220475e+00  1.2472480794e+00 -4.2744135439e-01  3.6177743835e-01  1.7478016641e+00  4.5898382921e-01 -7.7701160521e-01  1.5448454504e+00  1.5844560554e-01  1.6630984522e+00 -1.0069540041e+00  1.5332300947e+00 -1.3647622709e+00  9.8184433197e-01  2.1246343884e+00 -8.3255176030e-01  1.5446056629e+00 -1.6000793443e+00  2.8121744317e+00  1.2118192793e+00 -1.1731827281e-01  3.7153631161e+00 -6.1236110880e-02 -8.4600036915e-01  2.7011773562e+00 -2.6431665579e+00  3.0499288860e+00 -2.1737486614e+00 -1.0218870491e+00  3.5743404308e+00 -2.7028077607e+00 -1.5704113639e+00  3.8839062541e+00 -1.0256161006e+00  1.7685085125e+00 -1.3913115499e+00  2.8798356476e-01  1.7137600788e-01 -6.3923514246e-01  2.1965076809e-01  2.8152988069e+00  6.6421072821e-01 -6.4846016662e-01  1.5968666178e+00 -2.5346494277e-02 -1.7458235150e+00  1.1327389222e+00  1.0900421725e+00  1.6915202393e+00
ENERGY -1.010162824695e+03

JOB 1
COORDS  1.0948591371e+00 -7.3045940692e-01  2.7901304445e+00 -1.5891960367e+00  3.1994555066e+00 -1.9901058018e+00  1.2229488841e+00 -4.0560522385e-01  3.8543209681e-01  1.6791960149e+00  5.3141742274e-01 -7.3082833638e-01  1.5754624416e+00  1.1706667466e-01  1.6999908695e+00 -1.0978623430e+00  1.6500393660e+00 -1.1565878725e+00  9.0971727034e-01  2.1965495961e+00 -6.7604517699e-01  1.6153564811e+00 -1.6945809174e+00  2.7625257851e+00  1.3261190012e+00 -2.5616881370e-01  3.7487347195e+00  9.4027460769e-03 -9.3274770689e-01  2.7545488646e+00 -2.6295510699e+00  3.0598655004e+00 -2.2968821832e+00 -9.6910306500e-01  3.3855149790e+00 -2.8699157909e+00 -1.5340546832e+00  4.0478906155e+00 -1.3046181489e+00  1.7365125544e+00 -1.3664433213e+00  2.4630131203e-01  1.4126993022e-01 -6.0915452681e-01  2.7581859124e-01  2.7514355211e+00  7.3105935058e-01 -6.3496461802e-01  1.4860467468e+00  9.2078231655e-02 -1.7132069617e+00  1.1695925154e+00  1.0474097991e+00  1.7905252506e+00
ENERGY -1.010164109963e+03

JOB 2
COORDS  1.1612309391e+00 -8.1661956326e-01  2.7947333977e+00 -1.5625528735e+00  3.1820007397e+00 -2.0954121946e+00  1.1886586425e+00 -3.7293528246e-01  4.0564734287e-01  1.6060619782e+00  6.1395985395e-01 -6.8123501383e-01  1.6045610864e+00  7.9749947022e-02  1.7281101137e+00 -1.1783965521e+00  1.7993523775e+00 -9.6128658403e-01  8.4158466385e-01  2.2770520948e+00 -5.1464082862e-01  1.6676848855e+00 -1.7835358031e+00  2.6958415345e+00  1.4401204405e+00 -3.9389451508e-01  3.7647224768e+00  7.2765086637e-02 -1.0057037386e+00  2.7972634864e+00 -2.6064715125e+00  3.0465318397e+00 -2.3932955800e+00 -9.2158180176e-01  3.1556837265e+00 -2.9793562755e+00 -1.4616533345e+00  4.1424726228e+00 -1.5864728895e+00  1.6845780136e+00 -1.3305757154e+00  1.9722333581e-01  1.0100221501e-01 -5.6022172294e-01  3.3232001798e-01  2.6821917831e+00  8.0667384411e-01 -6.1688174400e-01  1.3724240902e+00  2.2276323104e-01 -1.6748275322e+00  1.2143949910e+00  1.0082480736e+00  1.8833601997e+00
ENERGY -1.010166083204e+03

JOB 3
COORDS  1.2070345830e+00 -8.8741792120e-01  2.7779592501e+00 -1.5257167078e+00  3.1267879195e+00 -2.1626518885e+00  1.1484481935e+00 -3.2520922546e-01  4.1438994671e-01  1.5412354309e+00  7.0664352195e-01 -6.3807023411e-01  1.6222977007e+00  5.5758125751e-02  1.7406793388e+00 -1.2343950294e+00  1.9789384873e+00 -7.6549290364e-01  7.9941974719e-01  2.3698032503e+00 -3.6613595241e-01  1.6949576704e+00 -1.8545119448e+00  2.6110757910e+00  1.5293412852e+00 -5.1785661180e-01  3.7561861972e+00  1.1682073095e-01 -1.0626746520e+00  2.8138088225e+00 -2.5792790949e+00  3.0115409106e+00 -2.4352144856e+00 -8.9627168749e-01  2.8744479430e+00 -3.0187543305e+00 -1.3474473861e+00  4.1591821346e+00 -1.8572211303e+00  1.6197044491e+00 -1.2792020172e+00  1.4180901516e-01  5.5885611635e-02 -4.9055093670e-01  3.7305199305e-01  2.6212427488e+00  8.8567095956e-01 -6.0203645122e-01  1.2701454304e+00  3.6492831380e-01 -1.6402442372e+00  1.2512791112e+00  9.7965381293e-01  1.9577279890e+00
ENERGY -1.010168414825e+03

JOB 4
COORDS  1.2282397669e+00 -9.4414125161e-01  2.7414019797e+00 -1.4762518324e+00  3.0240600124e+00 -2.1883379046e+00  1.1032724320e+00 -2.6327966022e-01  4.1157188255e-01  1.4928853929e+00  8.0632990726e-01 -6.0268390840e-01  1.6276835980e+00  4.2704340171e-02  1.7389392790e+00 -1.2520056949e+00  2.1772537396e+00 -5.7799341366e-01  7.9600959503e-01  2.4737805699e+00 -2.3616783581e-01  1.6930795351e+00 -1.9095469649e+00  2.5110043078e+00  1.5880829534e+00 -6.2943245128e-01  3.7257257054e+00  1.3675613279e-01 -1.1030861955e+00  2.8041021333e+00 -2.5416034215e+00  2.9493502663e+00 -2.4277934136e+00 -8.9230726049e-01  2.5397960314e+00 -2.9740364977e+00 -1.1983505750e+00  4.0763211447e+00 -2.1095114290e+00  1.5396782121e+00 -1.2156045475e+00  8.1372974274e-02  6.0576211651e-03 -3.9627540058e-01  3.9652828062e-01  2.5772566459e+00  9.6065090750e-01 -5.8806303105e-01  1.1899017956e+00  5.1657438141e-01 -1.6121049140e+00  1.2808040933e+00  9.6031872740e-01  2.0143273740e+00
ENERGY -1.010170473142e+03

JOB 5
COORDS  1.2195461852e+00 -9.8382815832e-01  2.6852748726e+00 -1.4166250398e+00  2.8832033371e+00 -2.1627102212e+00  1.0608131934e+00 -1.8978813361e-01  3.9330575117e-01  1.4620866393e+00  9.1414168444e-01 -5.7817019006e-01  1.6268805588e+00  3.6142415450e-02  1.7198515002e+00 -1.2319978604e+00  2.3839034624e+00 -4.0823499743e-01  8.2924481992e-01  2.5861403062e+00 -1.2103282024e-01  1.6478015163e+00 -1.9512678137e+00  2.3991731118e+00  1.6122727001e+00 -7.2690192906e-01  3.6738005226e+00  1.2533287475e-01 -1.1117499922e+00  2.7676530004e+00 -2.4877406979e+00  2.8450046438e+00 -2.3841243487e+00 -8.8832680060e-01  2.1941491734e+00 -2.8253847208e+00 -1.0508579177e+00  3.9005977608e+00 -2.3116238309e+00  1.4573725603e+00 -1.1388386135e+00  8.0778031245e-03 -4.0104688396e-02 -2.8485340077e-01  4.0029270321e-01  2.5507641782e+00  1.0342154426e+00 -5.8521929737e-01  1.1287421762e+00  6.8148475979e-01 -1.5929617546e+00  1.3165182710e+00  9.4995373700e-01  2.0464358726e+00
ENERGY -1.010171586754e+03

JOB 6
COORDS  1.1425806024e+00 -9.9475392737e-01  2.5936390511e+00 -1.3638670156e+00  2.6874626562e+00 -2.0447153191e+00  1.0436653864e+00 -9.8632049600e-02  3.3682006293e-01  1.5019292659e+00  1.0265912900e+00 -5.8337671935e-01  1.6089550217e+00  4.3090354383e-02  1.6750661687e+00 -1.1224757827e+00  2.6035700008e+00 -2.3052054005e-01  9.6028739770e-01  2.7108831257e+00 -6.0405110473e-02  1.5260012578e+00 -1.9694173020e+00  2.2707643274e+00  1.5373750678e+00 -7.9868509029e-01  3.5951890794e+00  4.2687203404e-02 -1.0716548198e+00  2.6615956303e+00 -2.4450716612e+00  2.6962210538e+00 -2.2128798470e+00 -9.3605088838e-01  1.8121145352e+00 -2.5383846198e+00 -9.2353343903e-01  3.6003040572e+00 -2.4505876302e+00  1.3986832792e+00 -1.0471513738e+00 -8.8044837708e-02 -6.0417148183e-02 -1.4194188404e-01  3.3522955134e-01  2.5950269749e+00  1.0943266301e+00 -5.8609660445e-01  1.1642549622e+00  8.5335588439e-01 -1.6085948973e+00  1.3423047199e+00  9.5703452425e-01  2.0376799129e+00
ENERGY -1.010171300769e+03

JOB 7
COORDS  1.0138659963e+00 -9.7572700397e-01  2.4854090967e+00 -1.3240776526e+00  2.4560338038e+00 -1.8604801488e+00  1.0347137965e+00  2.5093264432e-03  2.6128274957e-01  1.5727510422e+00  1.1390688549e+00 -6.0041591486e-01  1.5620224977e+00  6.7588264916e-02  1.6198065023e+00 -9.8963154228e-01  2.8026255836e+00 -9.5632617925e-02  1.1117643265e+00  2.8300456446e+00 -3.0804286112e-02  1.3572797084e+00 -1.9573541146e+00  2.1393993195e+00  1.3858202055e+00 -8.3507827973e-01  3.5048273066e+00 -9.0057165814e-02 -9.9672319827e-01  2.5170970964e+00 -2.4085562379e+00  2.5267132276e+00 -1.9863666402e+00 -1.0045816322e+00  1.4472003978e+00 -2.1304501455e+00 -8.3466373418e-01  3.1915571990e+00 -2.5029847483e+00  1.3579054534e+00 -9.4478109864e-01 -1.9057661227e-01 -7.0131117952e-02  1.1619674608e-02  2.2827910251e-01  2.6673946440e+00  1.1523580919e+00 -5.7030135964e-01  1.2605854848e+00  1.0213882873e+00 -1.6410964110e+00  1.3316553807e+00  9.8140185067e-01  2.0067214122e+00
ENERGY -1.010169492404e+03

JOB 8
COORDS  9.6477571907e-01 -9.7348504776e-01  2.4135084405e+00 -1.2726319115e+00  2.3133464312e+00 -1.7633440131e+00  1.0079349876e+00  7.9407726933e-02  2.2424385892e-01  1.5789310777e+00  1.2298127068e+00 -5.9920424558e-01  1.5427781956e+00  8.0401002830e-02  1.5808224352e+00 -9.3287678378e-01  3.0029592992e+00 -1.0626217232e-01  1.1806565769e+00  2.9100254952e+00  3.1991312669e-02  1.2739697966e+00 -1.9534879782e+00  2.0323756729e+00  1.3459103670e+00 -8.7998701467e-01  3.4348869285e+00 -1.3910827383e-01 -9.5914436884e-01  2.4509939697e+00 -2.3468973504e+00  2.4455854606e+00 -1.9221583773e+00 -1.0417088612e+00  1.2473085476e+00 -1.8062005617e+00 -7.2623223026e-01  2.8522183984e+00 -2.5416811131e+00  1.2989849197e+00 -8.6120422186e-01 -2.6232602827e-01 -9.6791514492e-02  1.2256932039e-01  2.0085140258e-01  2.6733709851e+00  1.2069654824e+00 -5.6886817795e-01  1.2668028490e+00  1.1599792180e+00 -1.6434707865e+00  1.3437320423e+00  9.8792913813e-01  1.9989645028e+00
ENERGY -1.010166161375e+03

JOB 9
COORDS  9.6141789476e-01 -1.0001673774e+00  2.3823663351e+00 -1.2483693409e+00  2.2529121927e+00 -1.7421314284e+00  9.8081036282e-01  1.1444891934e-01  2.2271235027e-01  1.5569379825e+00  1.2818760281e+00 -5.7585968564e-01  1.5357791686e+00  7.1691217678e-02  1.5703476594e+00 -9.0496077426e-01  3.2146063970e+00 -2.3017612337e-01  1.1924298998e+00  2.9440171597e+00  1.0985197710e-01  1.2559338622e+00 -1.9718112144e+00  1.9696393141e+00  1.3591043868e+00 -9.3801250872e-01  3.3997660137e+00 -1.4164051053e-01 -9.7753464918e-01  2.4377607352e+00 -2.3045093509e+00  2.4410546878e+00 -1.9572738192e+00 -1.1108194365e+00  1.1822732687e+00 -1.5837155911e+00 -6.5037289829e-01  2.5939422805e+00 -2.5913935685e+00  1.2529588817e+00 -8.1635459512e-01 -2.9320072550e-01 -1.2351150440e-01  1.7049277996e-01  2.1927766133e-01  2.6511413189e+00  1.2441099639e+00 -5.5157624175e-01  1.2432283679e+00  1.2443123012e+00 -1.6207429324e+00  1.3495183791e+00  9.6895296274e-01  2.0161973556e+00
ENERGY -1.010161641552e+03

JOB 10
COORDS  9.7174782600e-01 -1.0265544513e+00  2.3624583601e+00 -1.2507148393e+00  2.2311224492e+00 -1.7301882771e+00  9.7982130773e-01  1.3156860535e-01  2.2582467316e-01  1.5551696679e+00  1.3145614104e+00 -5.5190172952e-01  1.5354781341e+00  6.7124692366e-02  1.5721934002e+00 -8.4135843044e-01  3.4117326734e+00 -4.0262754622e-01  1.1916962255e+00  2.9610460289e+00  1.6891207557e-01  1.2760156303e+00 -1.9867153879e+00  1.9305078704e+00  1.3682802511e+00 -9.8061677562e-01  3.3811225185e+00 -1.3158569399e-01 -1.0162118619e+00  2.4178417134e+00 -2.2810159692e+00  2.4812952356e+00 -2.0011492485e+00 -1.2229504320e+00  1.1959569355e+00 -1.3873329323e+00 -6.1936737736e-01  2.3604035020e+00 -2.6128166991e+00  1.2554470880e+00 -7.8972243068e-01 -3.0547721778e-01 -1.2446513657e-01  1.8280088188e-01  2.2438887003e-01  2.6491312627e+00  1.2748559508e+00 -5.2499906294e-01  1.2477060770e+00  1.2945344659e+00 -1.5988191974e+00  1.3385715978e+00  9.5335281858e-01  2.0357587423e+00
ENERGY -1.010157322973e+03

JOB 11
COORDS  6.5673823714e-01 -1.4330773549e-02  2.5375532448e+00  4.0315911042e+00  2.2936700485e+00  4.4676192005e-01  1.0729264511e+00 -1.2509281601e-01  1.4279265075e-01  1.8334690443e+00  4.8335490929e-01 -1.0360436473e+00  1.3379990637e+00  5.8767677242e-01  1.3900888943e+00  2.8861298364e+00  3.4590205241e+00 -3.6541911485e-01  1.3979801046e+00  2.2385417854e+00 -1.3693886050e+00  1.0816939179e+00 -1.0039202566e+00  2.7385979143e+00  8.2150124494e-01  6.0594446726e-01  3.4235767809e+00 -4.3122725921e-01 -1.3610051006e-01  2.3952686187e+00  4.6809187485e+00  2.9399189150e+00  1.0464108703e+00  4.6506222387e+00  1.7580294108e+00 -2.7757062423e-01  3.5001043020e+00  1.5992767704e+00  1.1012997545e+00  1.4090279135e+00 -1.1640370581e+00  2.6351622147e-01 -3.8823126439e-03 -1.6342286827e-01 -1.0155391402e-01  2.9118053042e+00  3.9208111378e-01 -9.0134311019e-01  1.5740088245e+00 -4.1013056339e-02 -1.9611496399e+00  1.0071476151e+00  1.5456981540e+00  1.2758264036e+00
ENERGY -1.010156999626e+03

JOB 12
COORDS  6.4766244021e-01 -4.0785786098e-03  2.5382813388e+00  4.0298507584e+00  2.3038423309e+00  4.4155987820e-01  1.0658265441e+00 -1.2199125685e-01  1.4474788055e-01  1.8594821592e+00  4.5107458400e-01 -1.0285900753e+00  1.3650179050e+00  5.6722783223e-01  1.3976237222e+00  2.7483859777e+00  3.4293771521e+00 -2.0544385180e-01  1.4721596637e+00  2.1981577318e+00 -1.4434978013e+00  1.0135812761e+00 -1.0188510531e+00  2.7302683322e+00  8.4700014457e-01  5.9696761142e-01  3.4304325533e+00 -4.4541517393e-01 -6.0670577784e-02  2.3937781251e+00  4.6461812245e+00  2.9437167341e+00  1.0812456098e+00  4.6596684712e+00  1.8986979795e+00 -3.5511161679e-01  3.5860927187e+00  1.5079124545e+00  1.0429588933e+00  1.3481768093e+00 -1.1775892097e+00  2.6161618130e-01 -1.0503734099e-02 -1.0319348018e-01 -1.0400615202e-01  2.9338798654e+00  3.3765516120e-01 -8.7657383608e-01  1.6015886655e+00 -8.3595450613e-02 -1.9488456831e+00  1.0953883925e+00  1.5452705487e+00  1.2953263111e+00
ENERGY -1.010159217886e+03

JOB 13
COORDS  6.3197174735e-01 -1.5000802601e-02  2.5484617326e+00  4.0394772633e+00  2.3485543554e+00  4.2651071554e-01  1.0351980320e+00 -1.1197146620e-01  1.5243057276e-01  1.8819020915e+00  4.0433068041e-01 -1.0090599934e+00  1.3928245527e+00  5.2198903812e-01  1.4197341559e+00  2.6217279870e+00  3.3709254844e+00 -9.9126207025e-02  1.5821372987e+00  2.1437538072e+00 -1.5176906893e+00  9.0974883823e-01 -1.0623266387e+00  2.7123166577e+00  8.8459415740e-01  5.4289267186e-01  3.4550751555e+00 -4.6249673525e-01  2.6078927995e-02  2.4085996413e+00  4.6172334501e+00  2.9958877051e+00  1.0935823782e+00  4.6691238925e+00  2.0645385540e+00 -4.2110278973e-01  3.6981521490e+00  1.4720090114e+00  9.8014514963e-01  1.2233484269e+00 -1.1902910245e+00  2.5202615405e-01 -3.4185786883e-02  5.4298816897e-03 -9.8921987942e-02  2.9464281971e+00  2.5573936165e-01 -8.1846187709e-01  1.6324272172e+00 -1.4719315931e-01 -1.9223322789e+00  1.2130501447e+00  1.5226168132e+00  1.3456271889e+00
ENERGY -1.010162815983e+03

JOB 14
COORDS  6.0288905335e-01 -4.8499473955e-02  2.5551993491e+00  4.0647133859e+00  2.4406065953e+00  3.9702544093e-01  9.8276174878e-01 -9.8209560587e-02  1.5449686788e-01  1.8925967362e+00  3.4307463580e-01 -9.9000410611e-01  1.4081267067e+00  4.5210270854e-01  1.4408634917e+00  2.5109583838e+00  3.2959247289e+00 -4.3785416354e-02  1.7114540181e+00  2.0730324994e+00 -1.5843060825e+00  7.7269074248e-01 -1.1245731672e+00  2.6755908977e+00  9.1708053561e-01  4.4389441532e-01  3.4804328950e+00 -4.8273540486e-01  1.0957269716e-01  2.4294493753e+00  4.5813564562e+00  3.1064097670e+00  1.0948931966e+00  4.6931324236e+00  2.2871425467e+00 -4.8401766541e-01  3.8501076515e+00  1.4940059842e+00  8.9642395689e-01  1.0457452770e+00 -1.1930739837e+00  2.2596469612e-01 -6.4816915058e-02  1.4664505220e-01 -9.6167993050e-02  2.9398356960e+00  1.4892125540e-01 -7.4755850145e-01  1.6521392634e+00 -2.2688295260e-01 -1.8949110765e+00  1.3299213034e+00  1.4674402052e+00  1.4037762305e+00
ENERGY -1.010166449151e+03

JOB 15
COORDS  5.2785820617e-01 -8.7789010866e-02  2.5586003511e+00  4.1495152662e+00  2.5842808369e+00  3.1375639428e-01  9.2154900111e-01 -1.0354831842e-01  1.6020596231e-01  1.8897591210e+00  2.6865441731e-01 -9.6130945025e-01  1.3994466203e+00  3.4726052082e-01  1.4672217997e+00  2.4587460684e+00  3.2070782949e+00 -2.8083556412e-03  1.8209169435e+00  1.9932891882e+00 -1.6001130186e+00  5.5997351551e-01 -1.1804695374e+00  2.6400335314e+00  8.9334561238e-01  3.2697088565e-01  3.5029571953e+00 -5.2856795442e-01  2.0970041812e-01  2.4351438579e+00  4.5878837062e+00  3.2514168022e+00  1.0620290777e+00  4.7496152459e+00  2.6150403250e+00 -5.9834854578e-01  4.1139778181e+00  1.5707936169e+00  7.1854390157e-01  8.5743286721e-01 -1.1999449357e+00  1.9417174127e-01 -8.9035620570e-02  2.6784572962e-01 -8.6924096666e-02  2.9154302431e+00  2.9599093037e-02 -6.6906515103e-01  1.6577587800e+00 -3.0913536663e-01 -1.8636125895e+00  1.4473864414e+00  1.3647250940e+00  1.4627477971e+00
ENERGY -1.010168827312e+03

JOB 16
COORDS  3.8175407909e-01 -1.4999466082e-01  2.5765430026e+00  4.3090186257e+00  2.7588738605e+00  1.9877310277e-01  8.6826619908e-01 -1.4939930461e-01  1.9622991424e-01  1.8918817485e+00  2.0262172075e-01 -8.8235835676e-01  1.3430268574e+00  2.0437352284e-01  1.5332881913e+00  2.5114368088e+00  3.1021241779e+00  1.3343096539e-01  1.8938684766e+00  1.9395229546e+00 -1.4962877747e+00  2.7379345762e-01 -1.2401029324e+00  2.6206047830e+00  7.5828921606e-01  1.8590882329e-01  3.5475881558e+00 -6.2415305620e-01  2.8122547568e-01  2.4263909638e+00  4.7190429490e+00  3.3952652602e+00  9.8892262812e-01  4.7798120191e+00  3.0089240602e+00 -7.5384084238e-01  4.4941021639e+00  1.7127140812e+00  4.5144221961e-01  7.2075267743e-01 -1.2381129843e+00  1.7709060558e-01 -1.0506809200e-01  3.0778076363e-01 -5.8100613999e-02  2.8973252954e+00 -6.9965763901e-02 -5.5024888397e-01  1.6787022048e+00 -3.5725844986e-01 -1.8004400012e+00  1.5213444450e+00  1.2063945001e+00  1.5640068566e+00
ENERGY -1.010169774920e+03

JOB 17
COORDS  4.2629483033e-01  2.0334344606e-01  2.3703880035e+00 -1.2599517182e+00  2.3047073850e+00 -7.6635004425e-01  1.1498274686e+00 -2.5128157198e-01  9.3073565652e-02  2.0079875988e+00  2.3623342765e-01 -1.0678433971e+00  1.3315458714e+00  5.6847256566e-01  1.2845909270e+00 -2.9594051689e-01  1.9131414446e+00 -2.2775047795e+00  1.6830536419e+00  1.9709395344e+00 -1.6055787207e+00  6.6638496549e-01 -8.0498192759e-01  2.7259946788e+00  5.6359772009e-01  8.9285361773e-01  3.2087884217e+00 -6.4269416276e-01  2.0984579860e-01  2.0866327126e+00 -2.3000046924e+00  2.4113969921e+00 -1.0903281928e+00 -9.2336284030e-01  3.2478597607e+00 -3.3130951592e-01 -1.1960889249e+00  1.5044555891e+00 -2.7497273080e-02  1.4569621332e+00 -1.2789100582e+00  3.2942794952e-01  9.7386526901e-02 -3.1384741371e-01 -2.4012200148e-01  3.0652778978e+00  2.5149693351e-01 -7.8107690826e-01  1.8875901765e+00 -4.1949569421e-01 -1.9333903594e+00  1.1950083086e+00  1.5459730173e+00  1.0331556782e+00
ENERGY -1.010171719945e+03

JOB 18
COORDS  4.7753591388e-01  8.9334036251e-02  2.4121571154e+00 -1.3404210542e+00  2.4758150438e+00 -8.7980683953e-01  1.1799507453e+00 -2.9402192795e-01  1.1591691002e-01  2.0176493859e+00  2.4150810215e-01 -1.0388196432e+00  1.3731399342e+00  4.9162301913e-01  1.3305039377e+00 -3.6233960890e-01  1.7485804700e+00 -2.2489517915e+00  1.5978915696e+00  1.9677636061e+00 -1.5387382963e+00  7.2436899216e-01 -9.2835894745e-01  2.7349256974e+00  6.1935257959e-01  7.5320635889e-01  3.2703881601e+00 -5.9324190499e-01  1.0058212115e-01  2.1359852588e+00 -2.3826015336e+00  2.4758718807e+00 -1.2139743150e+00 -1.0261432357e+00  3.5031473251e+00 -6.8828329963e-01 -1.2540716503e+00  1.8797883130e+00  3.1898653774e-02  1.4967907094e+00 -1.3261304041e+00  3.1693047024e-01  1.2270669838e-01 -3.4700344891e-01 -2.0346264060e-01  3.0736044868e+00  2.9928233084e-01 -7.5379468922e-01  1.9243728124e+00 -4.0088220447e-01 -1.9171147389e+00  1.2180192960e+00  1.4733425300e+00  1.1066733301e+00
ENERGY -1.010171051402e+03

JOB 19
COORDS  5.9939041674e-01 -6.1830290777e-02  2.5113430347e+00 -1.4450002545e+00  2.6727805547e+00 -1.0843511120e+00  1.2047877021e+00 -3.3783087647e-01  1.7220578734e-01  1.9896074884e+00  2.5479357265e-01 -9.9200107310e-01  1.4193610056e+00  4.2009482119e-01  1.4016107040e+00 -4.3795210664e-01  1.6473782325e+00 -2.2182250299e+00  1.4949773052e+00  1.9728950109e+00 -1.4423996130e+00  9.1671854846e-01 -1.0728818918e+00  2.7905680644e+00  7.4758453833e-01  5.8421178742e-01  3.3821082568e+00 -4.8209591362e-01 -1.0125304067e-01  2.2861603176e+00 -2.4749429475e+00  2.6067311626e+00 -1.4481734061e+00 -1.1229073335e+00  3.7149430896e+00 -1.1169719773e+00 -1.3969615767e+00  2.2965936600e+00 -5.9558673412e-02  1.5590316595e+00 -1.3647415490e+00  3.3352592394e-01  1.3913413141e-01 -4.1078755727e-01 -1.1178005465e-01  3.0495082545e+00  3.4735945526e-01 -7.3273440418e-01  1.9020411449e+00 -3.7144370487e-01 -1.8826270784e+00  1.1963859895e+00  1.3967792466e+00  1.2155942819e+00
ENERGY -1.010168643604e+03

JOB 20
COORDS  6.9833141340e-01 -2.0449459223e-01  2.5920208370e+00 -1.5086459274e+00  2.8411384956e+00 -1.2666916029e+00  1.2296263128e+00 -3.8266498996e-01  2.2567071034e-01  1.9588062995e+00  2.7144677435e-01 -9.4256131578e-01  1.4405954625e+00  3.5883140868e-01  1.4656467711e+00 -5.3638289410e-01  1.5526211167e+00 -2.1247374028e+00  1.3890898920e+00  1.9767873296e+00 -1.3408248052e+00  1.0954478203e+00 -1.1969077210e+00  2.8337282272e+00  8.3526880940e-01  4.3033503524e-01  3.4728633959e+00 -3.8543612437e-01 -3.1369340735e-01  2.4057573292e+00 -2.5371416292e+00  2.7317371923e+00 -1.6231297154e+00 -1.1493347463e+00  3.8386861226e+00 -1.5264975979e+00 -1.4812506160e+00  2.7025815812e+00 -1.8324730986e-01  1.6389255384e+00 -1.3935016223e+00  3.5515918847e-01  1.6212916767e-01 -5.0064716831e-01 -3.2255920741e-02  3.0193922166e+00  4.0324771867e-01 -7.0499161983e-01  1.8808901826e+00 -3.3814173508e-01 -1.8460866067e+00  1.1434915736e+00  1.3213541401e+00  1.3125708274e+00
ENERGY -1.010166048731e+03

JOB 21
COORDS  7.8646006881e-01 -3.2434844246e-01  2.6527016046e+00 -1.5550879520e+00  2.9768189426e+00 -1.4324127616e+00  1.2498013952e+00 -4.1324347678e-01  2.6759991301e-01  1.9165400766e+00  3.0368314868e-01 -9.0253908769e-01  1.4607384027e+00  3.0713294177e-01  1.5195185705e+00 -6.5745739689e-01  1.4850339108e+00 -1.9825671253e+00  1.2744077071e+00  1.9945829292e+00 -1.2326038821e+00  1.2443642465e+00 -1.2991777973e+00  2.8554960105e+00  9.1721860012e-01  2.9488766773e-01  3.5455030408e+00 -2.9510565765e-01 -4.8758698273e-01  2.4967661344e+00 -2.5866978886e+00  2.8519572531e+00 -1.7731150529e+00 -1.1391326121e+00  3.8767626786e+00 -1.8905258681e+00 -1.5389103202e+00  3.0676132983e+00 -3.4369313071e-01  1.7114113155e+00 -1.4055550187e+00  3.5900949248e-01  1.8226380436e-01 -5.7614200150e-01  3.7340722989e-02  2.9776491647e+00  4.6941424999e-01 -6.9092055080e-01  1.8380079147e+00 -2.8385420910e-01 -1.8211663884e+00  1.1057429158e+00  1.2547965858e+00  1.4006424886e+00
ENERGY -1.010163938767e+03

JOB 22
COORDS  8.7198008261e-01 -4.3605190596e-01  2.7039139829e+00 -1.5814819783e+00  3.0807045621e+00 -1.5890084842e+00  1.2616110177e+00 -4.3141675145e-01  3.0453895337e-01  1.8668637377e+00  3.4602428626e-01 -8.6161877990e-01  1.4861717980e+00  2.5585245964e-01  1.5718391594e+00 -7.7780528568e-01  1.4566976358e+00 -1.8020908055e+00  1.1664918279e+00  2.0251636520e+00 -1.1089505443e+00  1.3709680750e+00 -1.3992724607e+00  2.8601111452e+00  1.0092280189e+00  1.5895462630e-01  3.6120536107e+00 -2.0745256097e-01 -6.3350304361e-01  2.5762400155e+00 -2.6156906115e+00  2.9521740669e+00 -1.9191010508e+00 -1.1030789702e+00  3.8414951315e+00 -2.2103222146e+00 -1.5712151333e+00  3.3899161697e+00 -5.4105645618e-01  1.7608993889e+00 -1.4086180532e+00  3.4828083317e-01  1.9341995185e-01 -6.2644486432e-01  1.0316308370e-01  2.9291638761e+00  5.3479061418e-01 -6.7782953496e-01  1.7742456700e+00 -2.1205392010e-01 -1.7976427631e+00  1.0932640697e+00  1.1928751104e+00  1.4948342238e+00
ENERGY -1.010162656161e+03

JOB 23
COORDS  9.4416706333e-01 -5.3560712687e-01  2.7398694428e+00 -1.6007916811e+00  3.1464240371e+00 -1.7241753646e+00  1.2624810418e+00 -4.3615525966e-01  3.3302913470e-01  1.8120026794e+00  3.9616330148e-01 -8.2381313614e-01  1.5107864899e+00  2.0943756142e-01  1.6166627060e+00 -9.0376004979e-01  1.4669570947e+00 -1.5768902534e+00  1.0680154688e+00  2.0653358230e+00 -9.8506241788e-01  1.4655222539e+00 -1.4938898303e+00  2.8451642183e+00  1.0974362950e+00  2.8301821750e-02  3.6650711568e+00 -1.3474141526e-01 -7.4907384974e-01  2.6364030067e+00 -2.6410320657e+00  3.0166921333e+00 -2.0336346345e+00 -1.0705157401e+00  3.7273376105e+00 -2.4825877508e+00 -1.5747007579e+00  3.6677830606e+00 -7.6418214346e-01  1.7837887509e+00 -1.4027829251e+00  3.2428083661e-01  1.9270862309e-01 -6.5098500030e-01  1.5873194035e-01  2.8754411103e+00  6.0073916618e-01 -6.6552335983e-01  1.6973033736e+00 -1.3047186374e-01 -1.7755394154e+00  1.0979447885e+00  1.1405685684e+00  1.5856676279e+00
ENERGY -1.010162308961e+03

