JOB 0
COORDS  1.6305070593e+00 -1.1731935128e+00  1.6216418285e-02  3.2854444866e+00 -1.5575355576e+00  1.7519046717e+00  7.1656181009e-01 -7.4209539466e-01  9.8164589332e-01  2.3737331977e+00 -1.1272647138e+00  2.7143375786e+00  2.9151427186e+00 -1.5787548398e+00  4.0051366155e-01  1.1002189700e+00 -7.2027688300e-01  2.3185739666e+00 -9.4333942317e-01  1.1875308987e+00  4.7537968471e+00  9.3077849387e-02  9.6090182663e-01  3.6341057314e+00  3.8549397031e+00 -2.0131527519e+00 -5.0065865722e-01  1.5754208973e-01 -3.4930039697e-01  3.3038018026e+00 -4.6575696844e-01  6.9067378082e-01  5.9278729383e+00 -2.1062356392e+00  5.5587176590e-01  4.4438144862e+00 -2.6172284349e-01  1.7573429876e+00  2.5706518545e+00  1.2969528870e+00  1.4530557395e+00  4.0658008829e+00  1.3385649181e+00 -1.1938599892e+00 -1.0321067297e+00  4.2840479576e+00 -1.8796508305e+00  2.0301893865e+00 -2.8362640038e-01 -4.2818821813e-01  7.0127094528e-01  2.6419911802e+00 -1.1060729180e+00  3.7657398020e+00 -1.1375397021e+00  2.2565152058e+00  4.8749248071e+00  3.4814836535e+00 -1.9779363328e+00 -1.3954615998e+00
ENERGY -8.584518768513e+02

JOB 1
COORDS  1.6525546020e+00 -1.1443394769e+00 -1.8105196676e-03  3.2688678732e+00 -1.5951029967e+00  1.7543328412e+00  7.3035046036e-01 -7.1387306938e-01  9.5599298220e-01  2.3489902395e+00 -1.1653125395e+00  2.7091568759e+00  2.9219320602e+00 -1.5828576097e+00  3.9663545821e-01  1.0908230213e+00 -7.2560275834e-01  2.2994758551e+00 -9.5414341451e-01  1.1767677322e+00  4.7514371220e+00  9.2940183689e-02  9.4833922007e-01  3.6305293087e+00  3.8686518962e+00 -2.0185669008e+00 -4.9660664898e-01  1.3744668349e-01 -3.5631392196e-01  3.2752159757e+00 -3.8482502639e-01  9.6464008325e-01  5.9697341110e+00 -2.0040694379e+00  3.2963704527e-01  4.5963415056e+00 -2.4392204594e-01  1.7714440843e+00  2.5781120490e+00  1.3037858067e+00  1.4129103764e+00  4.0655892920e+00  1.3787818755e+00 -1.1389705494e+00 -1.0552096394e+00  4.2560068287e+00 -1.9421493813e+00  2.0433667634e+00 -2.5835106874e-01 -3.7477598792e-01  6.6448243205e-01  2.5995306273e+00 -1.1693374911e+00  3.7651358023e+00 -1.3188766024e+00  2.2063911195e+00  4.7122948101e+00  3.5117948148e+00 -1.9584490185e+00 -1.3968385469e+00
ENERGY -8.584500191141e+02

JOB 2
COORDS  1.6701274039e+00 -1.1193747890e+00 -1.1170794683e-02  3.2608679106e+00 -1.6283381172e+00  1.7520442970e+00  7.4611328646e-01 -6.8956553064e-01  9.4517094969e-01  2.3390984682e+00 -1.1995237681e+00  2.7054871017e+00  2.9278640110e+00 -1.5865826049e+00  3.9147543589e-01  1.0927138961e+00 -7.3077523531e-01  2.2917386377e+00 -9.6247488403e-01  1.1653264828e+00  4.7532192728e+00  1.1803685809e-01  9.3415753321e-01  3.6504459858e+00  3.8757723989e+00 -2.0230149489e+00 -5.0018358672e-01  1.3506091603e-01 -3.6318326473e-01  3.2638809698e+00 -3.7313706702e-01  1.2487028342e+00  5.9771240915e+00 -1.8595485840e+00  1.4679919923e-01  4.7660921440e+00 -1.7732163132e-01  1.7851882141e+00  2.6058058494e+00  1.3330350750e+00  1.3535656958e+00  4.1111170111e+00  1.4068339132e+00 -1.0909717870e+00 -1.0668676088e+00  4.2390070007e+00 -1.9973160622e+00  2.0444850001e+00 -2.3352584867e-01 -3.2817046745e-01  6.4986767966e-01  2.5795033975e+00 -1.2265561146e+00  3.7634532701e+00 -1.4923069094e+00  2.1009207779e+00  4.5587331631e+00  3.5290478261e+00 -1.9407353367e+00 -1.4026157797e+00
ENERGY -8.584479220599e+02

JOB 3
COORDS  1.6899263556e+00 -1.0891922298e+00 -1.3909517924e-02  3.2530238298e+00 -1.6671219005e+00  1.7521215529e+00  7.6532421605e-01 -6.6101516330e-01  9.4261437170e-01  2.3308430533e+00 -1.2399250803e+00  2.7058932805e+00  2.9343447739e+00 -1.5899826991e+00  3.8970122142e-01  1.0979265436e+00 -7.3726529352e-01  2.2912817396e+00 -9.6557328841e-01  1.1483690561e+00  4.7568655469e+00  1.4541578114e-01  9.1955486298e-01  3.6755948509e+00  3.8818920809e+00 -2.0264059994e+00 -5.0239714376e-01  1.3918379731e-01 -3.7164605546e-01  3.2628839769e+00 -3.9980105286e-01  1.5392541905e+00  5.9307280707e+00 -1.6676444032e+00  7.7121714162e-03  4.9788642112e+00 -1.1912879276e-01  1.7872665852e+00  2.6354429607e+00  1.3614156253e+00  1.2995515808e+00  4.1586959480e+00  1.4374530751e+00 -1.0330114210e+00 -1.0711324105e+00  4.2206069662e+00 -2.0620486809e+00  2.0457726501e+00 -2.0367763496e-01 -2.7341665886e-01  6.4547838072e-01  2.5605321041e+00 -1.2946258047e+00  3.7651617602e+00 -1.6539882476e+00  1.9274666628e+00  4.4217651652e+00  3.5459898480e+00 -1.9170787856e+00 -1.4060464826e+00
ENERGY -8.584468328708e+02

JOB 4
COORDS  1.7073995683e+00 -1.0616319025e+00 -2.7677321746e-02  3.2413144492e+00 -1.7010917740e+00  1.7432109034e+00  7.8037684979e-01 -6.3659037040e-01  9.2788402409e-01  2.3162097736e+00 -1.2772270919e+00  2.6956069222e+00  2.9385031886e+00 -1.5916447044e+00  3.7939716191e-01  1.0965195223e+00 -7.4514747508e-01  2.2783779846e+00 -9.8646301774e-01  1.1200942302e+00  4.7298948188e+00  1.6233960602e-01  8.9986595931e-01  3.6912909699e+00  3.8880528196e+00 -2.0269090904e+00 -5.1108117782e-01  1.3408786936e-01 -3.8295305578e-01  3.2472803448e+00 -5.0458313972e-01  1.7916297224e+00  5.8102327773e+00 -1.4817676130e+00 -6.9294362373e-02  5.1619061679e+00 -5.4491921536e-02  1.7901107262e+00  2.6598017534e+00  1.3693230879e+00  1.2348239262e+00  4.2219782133e+00  1.4674771287e+00 -9.7998315594e-01 -1.0861802759e+00  4.1987237191e+00 -2.1185894043e+00  2.0389730076e+00 -1.7824917572e-01 -2.2594190642e-01  6.2802606500e-01  2.5330476482e+00 -1.3573621709e+00  3.7559421188e+00 -1.7949883079e+00  1.6995839530e+00  4.2787021985e+00  3.5641661845e+00 -1.8936052450e+00 -1.4158997746e+00
ENERGY -8.584473662949e+02

JOB 5
COORDS  1.7196706779e+00 -1.0321874498e+00 -3.2968488438e-02  3.2160703591e+00 -1.7370709568e+00  1.7440825427e+00  7.8868296905e-01 -6.0633222988e-01  9.1844637794e-01  2.2871556937e+00 -1.3130019351e+00  2.6926271072e+00  2.9343210354e+00 -1.5955744930e+00  3.7866539373e-01  1.0839593056e+00 -7.4794499021e-01  2.2705428088e+00 -9.8831484025e-01  1.0930802716e+00  4.7276024758e+00  1.6755704874e-01  8.8939315152e-01  3.7071056346e+00  3.8864184254e+00 -2.0333102160e+00 -5.0784876970e-01  1.1713698853e-01 -3.8448670284e-01  3.2344916406e+00 -6.0954367047e-01  2.0104439278e+00  5.6581279492e+00 -1.2606806605e+00 -7.0928664133e-02  5.3766376087e+00 -2.7259199204e-02  1.8021570166e+00  2.6929077077e+00  1.3715318025e+00  1.1880795657e+00  4.2626383379e+00  1.4954853590e+00 -9.2502546604e-01 -1.0926157088e+00  4.1609176420e+00 -2.1794112162e+00  2.0440735361e+00 -1.5692466588e-01 -1.6963579857e-01  6.1404238988e-01  2.4881763581e+00 -1.4178195952e+00  3.7539334118e+00 -1.8903038869e+00  1.4408083857e+00  4.2188150507e+00  3.5773135368e+00 -1.8762574691e+00 -1.4140266864e+00
ENERGY -8.584491918118e+02

JOB 6
COORDS  1.7430003575e+00 -9.7511475476e-01 -3.2667278369e-02  3.1790773058e+00 -1.7751332943e+00  1.7549301966e+00  8.0892524767e-01 -5.3918359280e-01  9.1119962262e-01  2.2474510285e+00 -1.3398551477e+00  2.6955818886e+00  2.9286558154e+00 -1.5908468825e+00  3.8842716265e-01  1.0733934891e+00 -7.2280516997e-01  2.2647202190e+00 -9.5607622376e-01  1.1118333053e+00  4.7423775718e+00  1.6748193357e-01  9.2819575492e-01  3.6961030634e+00  3.8820935282e+00 -2.0405308010e+00 -4.9043974744e-01  1.0547113614e-01 -3.4617885058e-01  3.2226032824e+00 -7.1253130690e-01  2.2403825095e+00  5.4626753843e+00 -9.6667519592e-01  5.7124580656e-02  5.6025981405e+00 -5.5247074317e-02  1.8435772412e+00  2.6926162911e+00  1.3817059325e+00  1.2274702188e+00  4.2282172007e+00  1.5437365035e+00 -8.3499371951e-01 -1.0934583295e+00  4.1018852259e+00 -2.2576261681e+00  2.0615761852e+00 -1.1443319485e-01 -6.2010929167e-02  5.9951678068e-01  2.4234676122e+00 -1.4753574121e+00  3.7579303233e+00 -1.9306676408e+00  1.1916404036e+00  4.2548092688e+00  3.5974695669e+00 -1.8493620780e+00 -1.3980884541e+00
ENERGY -8.584512665017e+02

JOB 7
COORDS  1.7724895735e+00 -9.3786155616e-01 -5.3596430903e-02  3.1520934287e+00 -1.8203885135e+00  1.7401570868e+00  8.3229234109e-01 -5.0020575379e-01  8.8341088717e-01  2.2147962100e+00 -1.3830089988e+00  2.6740806643e+00  2.9327219321e+00 -1.5959220520e+00  3.7425415698e-01  1.0661027331e+00 -7.2464285579e-01  2.2364102527e+00 -9.2905889008e-01  1.0756343775e+00  4.7532041885e+00  1.6603571881e-01  9.2267084819e-01  3.6789051504e+00  3.8904849695e+00 -2.0497628999e+00 -4.9758282468e-01  9.1628339741e-02 -3.4468543327e-01  3.1864190563e+00 -8.7039547043e-01  2.3300715392e+00  5.2770889287e+00 -7.1035655317e-01  1.7947669131e-01  5.7541647794e+00 -6.5290045708e-02  1.8593340458e+00  2.7016115186e+00  1.3895462900e+00  1.2088407173e+00  4.2005397637e+00  1.5976101422e+00 -7.6630121508e-01 -1.1140651378e+00  4.0560066951e+00 -2.3345536591e+00  2.0515550907e+00 -7.1768771520e-02  9.5367931788e-03  5.6675271167e-01  2.3669473859e+00 -1.5476293066e+00  3.7360461550e+00 -1.9203988937e+00  9.0666019629e-01  4.3253709545e+00  3.6290312952e+00 -1.8283216190e+00 -1.4053296659e+00
ENERGY -8.584523968759e+02

JOB 8
COORDS  1.7972350721e+00 -9.0452011894e-01 -6.7100225320e-02  3.1170829330e+00 -1.8515591277e+00  1.7385810472e+00  8.4864237523e-01 -4.5903627854e-01  8.5768405729e-01  2.1717109180e+00 -1.4060474880e+00  2.6603799433e+00  2.9316493559e+00 -1.5988482908e+00  3.7256206857e-01  1.0487945154e+00 -7.1219427652e-01  2.2109551720e+00 -9.2432772228e-01  1.0720264412e+00  4.7514411331e+00  1.5563897594e-01  9.3870565267e-01  3.6560127948e+00  3.8956598326e+00 -2.0619726787e+00 -4.8733937763e-01  6.4982049594e-02 -3.2259887299e-01  3.1475663789e+00 -1.0841785986e+00  2.3816961379e+00  5.0826392499e+00 -5.2934735618e-01  3.8291984390e-01  5.8560601645e+00 -6.2967909488e-02  1.8942781262e+00  2.6988607704e+00  1.3877373887e+00  1.2028876619e+00  4.1735064857e+00  1.6488247476e+00 -7.1074716125e-01 -1.1277581224e+00  4.0015819301e+00 -2.3929092356e+00  2.0595062786e+00 -3.5631405826e-02  7.8782145360e-02  5.3168485250e-01  2.2984447895e+00 -1.5908711483e+00  3.7223800495e+00 -1.8791727668e+00  6.7256622661e-01  4.4007078987e+00  3.6591130946e+00 -1.8181514565e+00 -1.3961864144e+00
ENERGY -8.584520065449e+02

JOB 9
COORDS  1.8017273121e+00 -8.8079621525e-01 -6.0498407934e-02  3.0951633485e+00 -1.8804507322e+00  1.7356643143e+00  8.5751287636e-01 -4.3269515583e-01  8.6742664897e-01  2.1539714850e+00 -1.4320405812e+00  2.6604082141e+00  2.9210079641e+00 -1.6030205842e+00  3.7299352192e-01  1.0459898562e+00 -7.1049556889e-01  2.2175994062e+00 -9.2200534183e-01  1.0670671214e+00  4.7720828483e+00  1.7530015639e-01  9.3667895459e-01  3.6825509720e+00  3.8802659060e+00 -2.0704272586e+00 -4.8982915265e-01  6.4577336793e-02 -3.1717650378e-01  3.1554909566e+00 -1.3041482397e+00  2.3656379920e+00  4.9040004653e+00 -4.3261847076e-01  6.2536593968e-01  5.9613122805e+00  4.4285762343e-03  1.9098076826e+00  2.7376358333e+00  1.4074524449e+00  1.1604376082e+00  4.2216410178e+00  1.6617293805e+00 -6.6737292751e-01 -1.1185252075e+00  3.9681123650e+00 -2.4429077225e+00  2.0518626322e+00 -1.5024262536e-02  1.2658178358e-01  5.4601582433e-01  2.2733435972e+00 -1.6355165951e+00  3.7198437052e+00 -1.7947841332e+00  4.6814144601e-01  4.5015575726e+00  3.6529586594e+00 -1.8074093058e+00 -1.3956857514e+00
ENERGY -8.584504415254e+02

JOB 10
COORDS  2.1689725443e+00 -1.3408644670e+00 -2.4638201157e-01  2.8344216172e+00 -1.4513308066e+00  2.0877250839e+00  9.6343585591e-01 -7.3933854683e-01  1.2484569009e-01  1.6323101382e+00 -8.5052131340e-01  2.4566810184e+00  3.1044282847e+00 -1.6952267430e+00  7.3434905232e-01  7.1024873107e-01 -4.9845371929e-01  1.4716126204e+00 -2.0494420743e+00  1.7477120805e+00  2.4437691144e+00 -6.2383633691e-01  1.4125429465e+00  1.9048436423e+00  4.3036202784e+00 -2.2898651385e+00  4.3218802650e-01 -5.3381995526e-01  4.9738554404e-02  1.8578240912e+00 -2.6007188910e+00  2.7648497268e+00  1.7291051816e+00 -1.9734375772e+00  2.1186918106e+00  3.7491095942e+00 -4.3666567224e-01  1.9799127729e+00  6.7744500912e-01  3.3166636255e-01  1.9573106259e+00  2.7101664975e+00  2.3753923267e+00 -1.5325377361e+00 -1.2976931413e+00  3.5715115806e+00 -1.7350674684e+00  2.8324382214e+00  2.2844052415e-01 -4.5943085849e-01 -6.2277072835e-01  1.4066646947e+00 -6.5245399527e-01  3.4996708741e+00 -2.6939637758e+00  8.7003301081e-01  2.3609223256e+00  4.3761295728e+00 -2.3957176574e+00 -5.2956624133e-01
ENERGY -8.584487206066e+02

JOB 11
COORDS  2.1534001301e+00 -1.3301379277e+00 -2.6047540411e-01  2.8302259467e+00 -1.4706737428e+00  2.0686416793e+00  9.5402173087e-01 -7.2557086283e-01  1.2495562225e-01  1.6334134774e+00 -8.6780421572e-01  2.4517060444e+00  3.0919670117e+00 -1.7007282776e+00  7.1128498422e-01  7.0838548672e-01 -4.9849048106e-01  1.4755705232e+00 -2.0628472936e+00  1.7471522375e+00  2.4277286695e+00 -6.0226165517e-01  1.4148348981e+00  1.9737777583e+00  4.2861440113e+00 -2.2987457482e+00  3.9607545855e-01 -5.3194939818e-01  5.1997887170e-02  1.8696117852e+00 -2.6641807093e+00  2.5597986436e+00  1.5181651441e+00 -2.0472713486e+00  2.3840792113e+00  3.6287318960e+00 -3.1655962542e-01  2.0255007436e+00  7.8878149199e-01  3.0257170750e-01  1.8990393134e+00  2.8703912689e+00  2.3529959144e+00 -1.5108068390e+00 -1.3150567275e+00  3.5693919292e+00 -1.7676246621e+00  2.8061059373e+00  2.1648690773e-01 -4.3208402392e-01 -6.1499398357e-01  1.4148996972e+00 -6.8225629463e-01  3.4984455627e+00 -2.6427494602e+00  8.2688192552e-01  2.5203406469e+00  4.3529167179e+00 -2.3941712845e+00 -5.6718424604e-01
ENERGY -8.584479172541e+02

JOB 12
COORDS  2.1563171429e+00 -1.2997808880e+00 -2.7596250590e-01  2.8353002367e+00 -1.4869417589e+00  2.0486782944e+00  9.6012694716e-01 -6.9675148306e-01  1.2135112294e-01  1.6412655646e+00 -8.8612784190e-01  2.4438634298e+00  3.0947289316e+00 -1.6929668208e+00  6.8711098956e-01  7.1654382015e-01 -4.9396571136e-01  1.4761879567e+00 -2.0574649121e+00  1.7475333181e+00  2.4087508569e+00 -5.7955212768e-01  1.4155335745e+00  2.0277890998e+00  4.2858115797e+00 -2.2904755801e+00  3.5914975219e-01 -5.2075595480e-01  5.4689806310e-02  1.8806417362e+00 -2.6916958427e+00  2.3073774375e+00  1.3439138962e+00 -2.0889748370e+00  2.6399144613e+00  3.4357953901e+00 -2.2085530421e-01  2.0563324079e+00  8.8067172032e-01  2.7460660488e-01  1.8534410819e+00  2.9944389904e+00  2.3540280636e+00 -1.4616149551e+00 -1.3339436672e+00  3.5736489964e+00 -1.8010879528e+00  2.7798216274e+00  2.2319542234e-01 -3.8582902508e-01 -6.1210151015e-01  1.4247199440e+00 -7.1981271052e-01  3.4942242907e+00 -2.5845810848e+00  8.3921750675e-01  2.7065674369e+00  4.3507224537e+00 -2.3684788739e+00 -6.0579925396e-01
ENERGY -8.584485226080e+02

JOB 13
COORDS  2.1399797039e+00 -1.2876333363e+00 -2.6897998623e-01  2.8089927059e+00 -1.5145519149e+00  2.0552027441e+00  9.4755170982e-01 -6.8062850848e-01  1.3322396661e-01  1.6185208282e+00 -9.0970353445e-01  2.4553419168e+00  3.0715660807e+00 -1.7025736887e+00  6.9168443558e-01  7.0091968057e-01 -4.9578678497e-01  1.4900583470e+00 -2.0575019293e+00  1.7630458040e+00  2.3975881211e+00 -5.7774350347e-01  1.4144047550e+00  2.0776353831e+00  4.2589811876e+00 -2.3048634211e+00  3.5913003767e-01 -5.3350542548e-01  5.8295225744e-02  1.8956316922e+00 -2.7106935235e+00  2.0520680184e+00  1.2395889086e+00 -2.1144504153e+00  2.8628279113e+00  3.1982476397e+00 -1.5602180812e-01  2.0819984703e+00  9.6871401479e-01  2.3010569426e-01  1.8113207337e+00  3.1023446017e+00  2.3404909017e+00 -1.4350824075e+00 -1.3285469020e+00  3.5418829943e+00 -1.8460447530e+00  2.7841783029e+00  2.1553527945e-01 -3.5195292565e-01 -5.9745457547e-01  1.3995774394e+00 -7.5784662221e-01  3.5073807120e+00 -2.5513973881e+00  9.2679768828e-01  2.8966141579e+00  4.3267287572e+00 -2.3691103487e+00 -6.0663824365e-01
ENERGY -8.584501804905e+02

JOB 14
COORDS  2.1517519456e+00 -1.2658190955e+00 -2.7688964053e-01  2.8063177037e+00 -1.5432462219e+00  2.0457876372e+00  9.5979382418e-01 -6.6143384970e-01  1.3037221645e-01  1.6162613335e+00 -9.4125862309e-01  2.4516389442e+00  3.0760384741e+00 -1.7046106025e+00  6.8027226925e-01  7.0678749389e-01 -5.0342147698e-01  1.4893605587e+00 -2.0396330594e+00  1.7586765357e+00  2.4104614169e+00 -5.6750221281e-01  1.3968304786e+00  2.1115851770e+00  4.2626026142e+00 -2.3054976077e+00  3.4211551989e-01 -5.2780274521e-01  4.8204669303e-02  1.8979156813e+00 -2.7391884200e+00  1.7728909724e+00  1.2429478732e+00 -2.1022076616e+00  3.0032984511e+00  2.9587296712e+00 -1.1543330822e-01  2.0975275848e+00  1.0355480988e+00  2.1273885215e-01  1.7641561179e+00  3.1725260615e+00  2.3576456401e+00 -1.3928471769e+00 -1.3380587818e+00  3.5335009231e+00 -1.8929448572e+00  2.7719539007e+00  2.3285489783e-01 -3.1499258167e-01 -5.9718344474e-01  1.3917606674e+00 -8.0988915900e-01  3.5052685697e+00 -2.4879193570e+00  1.0365713278e+00  3.0967221958e+00  4.3354515785e+00 -2.3503798636e+00 -6.2437633271e-01
ENERGY -8.584518532397e+02

JOB 15
COORDS  2.1622051713e+00 -1.2234500576e+00 -2.8477178831e-01  2.7521867129e+00 -1.5608245326e+00  2.0471343034e+00  9.6526797244e-01 -6.1714761471e-01  1.0499662906e-01  1.5574090722e+00 -9.5664248333e-01  2.4353485761e+00  3.0567262806e+00 -1.6932401256e+00  6.8577695016e-01  6.7788633859e-01 -4.8778310795e-01  1.4600358672e+00 -2.0554622394e+00  1.7892175093e+00  2.4068525696e+00 -5.9647504686e-01  1.4059223418e+00  2.0890638346e+00  4.2464255339e+00 -2.2975711640e+00  3.6519118733e-01 -5.6302741658e-01  6.5919513510e-02  1.8477756149e+00 -2.8343964566e+00  1.5450725446e+00  1.3176857007e+00 -2.1187198871e+00  3.1171154902e+00  2.6967962111e+00 -1.3251619766e-01  2.1367111017e+00  1.0377560720e+00  1.8050543526e-01  1.7482726077e+00  3.1662291354e+00  2.3948152885e+00 -1.3281222829e+00 -1.3428530440e+00  3.4565862458e+00 -1.9343756087e+00  2.7838099182e+00  2.6053171536e-01 -2.4776217843e-01 -6.3300670349e-01  1.3063237090e+00 -8.4756547372e-01  3.4854889571e+00 -2.4316062565e+00  1.2146681355e+00  3.2570072106e+00  4.3436053909e+00 -2.3229170681e+00 -5.9987462158e-01
ENERGY -8.584525058476e+02

JOB 16
COORDS  2.1925549158e+00 -1.1967207333e+00 -2.9192381261e-01  2.7282144222e+00 -1.5997199355e+00  2.0432634853e+00  9.9354725391e-01 -5.8851650034e-01  8.8335528385e-02  1.5313664107e+00 -9.9323938959e-01  2.4212782961e+00  3.0606858171e+00 -1.7000797975e+00  6.8573138188e-01  6.7807916178e-01 -4.9039224152e-01  1.4397656786e+00 -2.0406048034e+00  1.7976956535e+00  2.4421378610e+00 -5.9427831235e-01  1.3981271906e+00  2.0774999523e+00  4.2510274710e+00 -2.3084163693e+00  3.7538192617e-01 -5.6625568868e-01  6.5084351746e-02  1.8152358642e+00 -2.9087470394e+00  1.3107863329e+00  1.5146615612e+00 -2.1381982012e+00  3.1536664370e+00  2.4692003525e+00 -1.3427091533e-01  2.1511204229e+00  1.0401899140e+00  1.9978996309e-01  1.7233058941e+00  3.1531772155e+00  2.4467224728e+00 -1.2772348773e+00 -1.3471680961e+00  3.4128039555e+00 -1.9992390090e+00  2.7849750239e+00  3.0817535648e-01 -1.9420913252e-01 -6.5494133056e-01  1.2586753280e+00 -9.0844791301e-01  3.4682474424e+00 -2.3086006223e+00  1.3990573086e+00  3.4239550995e+00  4.3695282431e+00 -2.3087694596e+00 -5.8762784316e-01
ENERGY -8.584517412516e+02

JOB 17
COORDS  2.2322326944e+00 -1.1656100107e+00 -2.9012473736e-01  2.6997033660e+00 -1.6575160421e+00  2.0417597579e+00  1.0276313535e+00 -5.6055950309e-01  7.7691070095e-02  1.4980994841e+00 -1.0533968520e+00  2.4081378460e+00  3.0693413091e+00 -1.7122650043e+00  6.9125323806e-01  6.7620751523e-01 -5.0791031261e-01  1.4228017672e+00 -2.0413994255e+00  1.7768499092e+00  2.4794166526e+00 -6.0480435341e-01  1.3727669730e+00  2.0545359495e+00  4.2628230343e+00 -2.3200513862e+00  3.9166268538e-01 -5.7323476462e-01  4.2467785229e-02  1.7890024957e+00 -2.9677550876e+00  1.0524377611e+00  1.7964416158e+00 -2.2352132129e+00  3.0980322412e+00  2.2267877858e+00 -1.7422396056e-01  2.1323895844e+00  1.0086543866e+00  2.2371152357e-01  1.7027714061e+00  3.1056968672e+00  2.5147682361e+00 -1.2106194086e+00 -1.3402414433e+00  3.3599079680e+00 -2.0898397905e+00  2.7871570567e+00  3.6680942801e-01 -1.3456592600e-01 -6.7018804232e-01  1.1968090681e+00 -1.0032271072e+00  3.4495469701e+00 -2.1751041558e+00  1.5960013800e+00  3.5489090565e+00  4.4071141417e+00 -2.2883271317e+00 -5.6729628311e-01
ENERGY -8.584499294725e+02

JOB 18
COORDS  2.2503218898e+00 -1.1318066939e+00 -2.8922198901e-01  2.6722712936e+00 -1.6899052215e+00  2.0360720724e+00  1.0489208203e+00 -5.1747365685e-01  7.3934645343e-02  1.4739772067e+00 -1.0766999746e+00  2.3979875602e+00  3.0632152544e+00 -1.7161406803e+00  6.9074735452e-01  6.7654501599e-01 -4.9336295670e-01  1.4141764703e+00 -2.0282673086e+00  1.8139102635e+00  2.4991295204e+00 -5.8924697682e-01  1.3881136740e+00  2.0690493550e+00  4.2521029597e+00 -2.3347482749e+00  3.9462091446e-01 -5.7073608328e-01  6.4603627598e-02  1.7757712145e+00 -2.9527943057e+00  9.1908954200e-01  2.0615493587e+00 -2.3211733177e+00  3.0362220539e+00  1.9826903197e+00 -1.4098353368e-01  2.1603421894e+00  1.0396835491e+00  2.4316637809e-01  1.6860009951e+00  3.1287760148e+00  2.5491061370e+00 -1.1550425310e+00 -1.3355302966e+00  3.3133023252e+00 -2.1512844545e+00  2.7807929998e+00  4.0703548836e-01 -6.3147174955e-02 -6.7375716785e-01  1.1558371064e+00 -1.0488036198e+00  3.4352034362e+00 -2.0842511270e+00  1.8685258951e+00  3.5888836906e+00  4.4119816815e+00 -2.2815502397e+00 -5.6089769797e-01
ENERGY -8.584479782465e+02

JOB 19
COORDS  2.2564606598e+00 -1.1219404076e+00 -2.9448303628e-01  2.6550548519e+00 -1.7135942684e+00  2.0265325090e+00  1.0594405290e+00 -4.9909754153e-01  6.8454626168e-02  1.4606422544e+00 -1.0926723191e+00  2.3884249101e+00  3.0558518267e+00 -1.7271038840e+00  6.8393406362e-01  6.7718884575e-01 -4.8796428220e-01  1.4061499766e+00 -2.0210605023e+00  1.8509022420e+00  2.4709867088e+00 -5.6939567419e-01  1.3923883529e+00  2.0995496684e+00  4.2403223186e+00 -2.3546929112e+00  3.8849939312e-01 -5.6711632562e-01  7.8942390098e-02  1.7628558042e+00 -2.9146277444e+00  8.4923171897e-01  2.2649660403e+00 -2.3833636300e+00  2.9136280930e+00  1.7033112115e+00 -5.8518923105e-02  2.1792240589e+00  1.1114448423e+00  2.2316830054e-01  1.6351354960e+00  3.2026100774e+00  2.5625825638e+00 -1.1350457713e+00 -1.3388611055e+00  3.2854646846e+00 -2.1917594744e+00  2.7697364218e+00  4.2796499040e-01 -2.7801458740e-02 -6.7766798164e-01  1.1348127371e+00 -1.0759125503e+00  3.4234446212e+00 -2.0585955978e+00  2.1468116154e+00  3.5217824274e+00  4.4075767158e+00 -2.2911409823e+00 -5.6511835003e-01
ENERGY -8.584469066297e+02

JOB 20
COORDS  2.2663083381e+00 -1.0982669258e+00 -2.9377836884e-01  2.6438158546e+00 -1.7450476255e+00  2.0166056200e+00  1.0712798846e+00 -4.7522154580e-01  7.5325596084e-02  1.4509087023e+00 -1.1241137873e+00  2.3834932263e+00  3.0539184509e+00 -1.7308079636e+00  6.7684609027e-01  6.7863359398e-01 -4.9129591336e-01  1.4099870323e+00 -2.0118380417e+00  1.8517766453e+00  2.4782954281e+00 -5.5668944143e-01  1.3786215128e+00  2.1515922650e+00  4.2362421143e+00 -2.3598975182e+00  3.7574851988e-01 -5.6368573821e-01  7.6721939817e-02  1.7699205097e+00 -2.8576231511e+00  7.9186180106e-01  2.5373857720e+00 -2.4557301284e+00  2.6900495577e+00  1.5009787189e+00 -9.7733944973e-03  2.1847314269e+00  1.1978462290e+00  2.0286027947e-01  1.5739054222e+00  3.2841818678e+00  2.5800330634e+00 -1.0899259832e+00 -1.3359775389e+00  3.2651970809e+00 -2.2447445672e+00  2.7532428336e+00  4.4864639955e-01  1.7785346354e-02 -6.6420343837e-01  1.1169068915e+00 -1.1293557477e+00  3.4159949676e+00 -2.0308766516e+00  2.3807272610e+00  3.4338821134e+00  4.4102059805e+00 -2.2768229923e+00 -5.7515677198e-01
ENERGY -8.584473867852e+02

JOB 21
COORDS  2.2759928693e+00 -1.0715951245e+00 -2.8867330049e-01  2.6129795138e+00 -1.7710750439e+00  2.0129540155e+00  1.0826845642e+00 -4.4299799282e-01  7.6496299621e-02  1.4216172406e+00 -1.1448827531e+00  2.3760249367e+00  3.0423334347e+00 -1.7331187222e+00  6.7968784500e-01  6.7090258089e-01 -4.8316809351e-01  1.4048277465e+00 -2.0038463386e+00  1.8715107615e+00  2.4550529009e+00 -5.5360945504e-01  1.3824744591e+00  2.1760443102e+00  4.2219907546e+00 -2.3688832515e+00  3.8215046643e-01 -5.6965266024e-01  9.2116616219e-02  1.7587960046e+00 -2.7969660279e+00  8.2109199200e-01  2.7893524979e+00 -2.5177235993e+00  2.4415469011e+00  1.3287940621e+00  2.6711634652e-02  2.2062442234e+00  1.2547385905e+00  1.7129918297e-01  1.5395167480e+00  3.3348956248e+00  2.6049303569e+00 -1.0449470485e+00 -1.3258698441e+00  3.2182364784e+00 -2.2932090128e+00  2.7474639552e+00  4.7596831849e-01  7.2595013804e-02 -6.6088641232e-01  1.0721265079e+00 -1.1683005563e+00  3.4031427658e+00 -2.0123817665e+00  2.6065380586e+00  3.2634748296e+00  4.4102218953e+00 -2.2682343182e+00 -5.6433272388e-01
ENERGY -8.584492090796e+02

JOB 22
COORDS  2.2981676510e+00 -1.0392124986e+00 -2.9322581034e-01  2.5902811862e+00 -1.7983299103e+00  1.9950800056e+00  1.1039357073e+00 -4.0949655464e-01  6.7249031427e-02  1.3981484527e+00 -1.1708762137e+00  2.3533732549e+00  3.0427987922e+00 -1.7314288110e+00  6.7061825787e-01  6.6908221804e-01 -4.7881630915e-01  1.3869051939e+00 -1.9963336652e+00  1.8659953009e+00  2.4497334548e+00 -5.5419131975e-01  1.3775160268e+00  2.1835184448e+00  4.2218923595e+00 -2.3701137052e+00  3.7709967196e-01 -5.7208712647e-01  9.8887019292e-02  1.7348916628e+00 -2.7097854289e+00  8.8487201596e-01  3.0626755176e+00 -2.6014918350e+00  2.1532677450e+00  1.2629840346e+00  3.1312354663e-02  2.2281758724e+00  1.2860538646e+00  1.5857152605e-01  1.5088439066e+00  3.3509462726e+00  2.6447437169e+00 -9.8976196969e-01 -1.3238093789e+00  3.1784933978e+00 -2.3437341811e+00  2.7265067798e+00  5.1389458597e-01  1.2916898945e-01 -6.6716136544e-01  1.0307835321e+00 -1.2165044453e+00  3.3734856350e+00 -1.9921641204e+00  2.7609380320e+00  3.0771118328e+00  4.4267497360e+00 -2.2482571545e+00 -5.6341742056e-01
ENERGY -8.584513041166e+02

JOB 23
COORDS  2.3306444211e+00 -1.0065535170e+00 -2.8483060140e-01  2.5441247669e+00 -1.8328856538e+00  1.9898959703e+00  1.1349288738e+00 -3.6973447221e-01  5.8064411654e-02  1.3510706061e+00 -1.1975581601e+00  2.3302809209e+00  3.0359171396e+00 -1.7357386739e+00  6.8133297081e-01  6.6090881609e-01 -4.6896146641e-01  1.3622093059e+00 -1.9922039624e+00  1.8708056696e+00  2.4580846577e+00 -5.6009377587e-01  1.3881588342e+00  2.1597751163e+00  4.2141289010e+00 -2.3834198468e+00  4.0495103602e-01 -5.8128977678e-01  1.1765942891e-01  1.6919594736e+00 -2.5842386750e+00  1.0243194826e+00  3.3431466007e+00 -2.7189289127e+00  1.8767612232e+00  1.3071116048e+00  2.7759462673e-03  2.2639114917e+00  1.2666333470e+00  1.7398155066e-01  1.5098536002e+00  3.3125755231e+00  2.7084072815e+00 -9.3420276872e-01 -1.3030408665e+00  3.1029531574e+00 -2.4066969313e+00  2.7226410201e+00  5.7408145304e-01  1.9693031381e-01 -6.7809781415e-01  9.5282327189e-01 -1.2647060595e+00  3.3375709514e+00 -1.9762487085e+00  2.8798340183e+00  2.8784780960e+00  4.4485729497e+00 -2.2389963005e+00 -5.2540878144e-01
ENERGY -8.584524085180e+02

