JOB 0
COORDS  1.2426677600e+00  6.3441613239e-01 -2.5132371396e-03 -7.1180067682e-01 -6.7966534208e-01 -7.3936099987e-01  3.9813070727e-01  1.4535607556e+00  6.4704023331e-01 -1.4892317639e+00  1.5882675644e-01 -2.4517040331e-02  1.2412665841e+00 -2.0418240112e+00  1.3790956127e+00  7.9819480385e-01 -6.4662725253e-01 -6.5815664637e-01  1.6855454751e+00 -3.3873096815e+00  1.9484948002e+00  1.2027562096e+00 -3.0905826038e+00 -8.2696809090e-01 -9.5889348628e-01  1.1875168130e+00  7.3145204323e-01  1.3441169364e+00 -1.8902689919e+00  2.6051821351e-03  8.4924494168e-01 -1.1570933255e+00  2.1347546008e+00  2.2976854302e+00  8.8762115358e-01 -3.4108932946e-02 -1.1915181565e+00 -1.4383639942e+00 -1.3501117978e+00  7.3535990374e-01  2.3562081762e+00  1.1456993366e+00 -2.5730258545e+00  8.9848389549e-02 -3.1435643867e-02  1.2343465621e+00 -7.0395870306e-01 -1.6641710174e+00  2.6621138424e+00 -3.6988855078e+00  1.5652569828e+00  1.7374660601e+00 -3.2815324457e+00  3.0323780306e+00  9.6358216923e-01 -4.1758383343e+00  1.7096496079e+00  1.9041862549e-01 -3.5154561174e+00 -7.8770990703e-01  1.4206751277e+00 -2.8283889440e+00 -1.8660442639e+00  1.9139173732e+00 -3.8633174174e+00 -5.3175091428e-01 -1.5737669114e+00  1.8480805278e+00  1.1798819899e+00
ENERGY -4.968657578366e+02

JOB 1
COORDS  1.2347815310e+00  6.1032929815e-01 -1.1733087141e-01 -8.0221457013e-01 -6.8482730175e-01 -6.6325416385e-01  4.6082144343e-01  1.4538311720e+00  5.8862027060e-01 -1.5033489999e+00  1.8579102887e-01  9.0221433252e-02  1.1063358561e+00 -2.0547105767e+00  1.3542954839e+00  7.0759599898e-01 -6.7892987864e-01 -6.9113383669e-01  1.5845312426e+00 -3.3699590951e+00  1.9642203059e+00  1.3911722723e+00 -3.0709919288e+00 -8.7284972201e-01 -8.9730513549e-01  1.2406008775e+00  7.4627477936e-01  1.2828111038e+00 -1.8954357263e+00 -9.5566847177e-03  6.1542844147e-01 -1.1876627869e+00  2.0743974287e+00  2.2884140852e+00  8.3828179174e-01 -2.4406286122e-01 -1.3368496983e+00 -1.4544368560e+00 -1.2120296396e+00  8.5307370982e-01  2.3551668202e+00  1.0488768197e+00 -2.5844149201e+00  1.3523469459e-01  1.8064461468e-01  1.0675940407e+00 -7.8779639720e-01 -1.7216719687e+00  2.6148226213e+00 -3.6089359121e+00  1.6823546947e+00  1.5225246809e+00 -3.2664820076e+00  3.0477380256e+00  9.4851077941e-01 -4.2068885405e+00  1.6556969228e+00  4.1500152800e-01 -3.5366819355e+00 -1.0718936658e+00  1.8265270248e+00 -2.7732274096e+00 -1.8310068469e+00  2.0475132982e+00 -3.8244869667e+00 -4.3809459137e-01 -1.4240746714e+00  1.7991836687e+00  1.3990040015e+00
ENERGY -4.968683326746e+02

JOB 2
COORDS  1.2096539933e+00  5.6834678670e-01 -2.0683646290e-01 -8.9502745950e-01 -6.7613127798e-01 -5.9927968076e-01  5.0627240828e-01  1.4403768541e+00  5.3918960405e-01 -1.5238941055e+00  2.3010816869e-01  1.7491544404e-01  1.0160567309e+00 -2.0821757174e+00  1.3440076929e+00  6.0847402684e-01 -7.1878664787e-01 -7.0824239254e-01  1.5153421025e+00 -3.3837619855e+00  1.9665937650e+00  1.5490141176e+00 -3.0373095034e+00 -8.8623564625e-01 -8.4635406630e-01  1.2741034015e+00  7.7659563073e-01  1.1908930765e+00 -1.9235349722e+00 -1.4231228422e-02  4.9870406353e-01 -1.2197471412e+00  2.0537641179e+00  2.2590891759e+00  7.6251912129e-01 -4.0490854128e-01 -1.4799224580e+00 -1.4419444342e+00 -1.0998589005e+00  9.5190770548e-01  2.3347672443e+00  9.6347384411e-01 -2.5987968932e+00  2.1729796490e-01  3.2844735481e-01  9.0208930615e-01 -8.7485997312e-01 -1.7531449593e+00  2.5848035416e+00 -3.5394462638e+00  1.7897564515e+00  1.3398761388e+00 -3.3163863843e+00  3.0403706015e+00  9.7987866762e-01 -4.2547479188e+00  1.5739103729e+00  6.6526191045e-01 -3.5761264373e+00 -1.2585710189e+00  2.1031701060e+00 -2.6588475018e+00 -1.7505473016e+00  2.1932638249e+00 -3.7516319089e+00 -3.7520178783e-01 -1.3105042512e+00  1.8448845585e+00  1.4654929692e+00
ENERGY -4.968695005579e+02

JOB 3
COORDS  1.1761933237e+00  4.9953431837e-01 -2.6738895557e-01 -9.9001913204e-01 -6.6796014087e-01 -5.5609113035e-01  5.3799509140e-01  1.4038015839e+00  4.9979873029e-01 -1.5532605628e+00  2.7570213649e-01  2.2264682148e-01  9.4696497426e-01 -2.1188007675e+00  1.3396664644e+00  5.0461054365e-01 -7.7161323337e-01 -7.1887816808e-01  1.5161095063e+00 -3.3837509332e+00  1.9793920617e+00  1.6583705443e+00 -2.9851543781e+00 -8.9778917371e-01 -8.1117435805e-01  1.2980374299e+00  7.8550288796e-01  1.0656227225e+00 -1.9826763467e+00 -2.3037251366e-02  4.0828195160e-01 -1.2639785284e+00  2.0446814903e+00  2.2235037546e+00  6.5117440824e-01 -5.0977293880e-01 -1.6203550322e+00 -1.4190043125e+00 -1.0223048413e+00  1.0349680419e+00  2.2831330604e+00  8.9810605132e-01 -2.6215458221e+00  3.1069733090e-01  4.1361606249e-01  7.4812760487e-01 -9.6225066254e-01 -1.7712067708e+00  2.5940305811e+00 -3.4799942846e+00  1.8115012637e+00  1.3327045844e+00 -3.3100093287e+00  3.0513975638e+00  1.0325026910e+00 -4.2899665792e+00  1.5996577116e+00  9.1050070404e-01 -3.3991952772e+00 -1.5874918693e+00  2.4636740674e+00 -2.5439336572e+00 -1.4984416755e+00  2.0827120291e+00 -3.8104139277e+00 -3.3025074434e-01 -1.2212661462e+00  1.8835881219e+00  1.4961463384e+00
ENERGY -4.968697433567e+02

JOB 4
COORDS  1.1405148271e+00  4.1977903686e-01 -3.1742007039e-01 -1.0814002734e+00 -6.5845342376e-01 -5.2154949926e-01  5.6573124921e-01  1.3560966592e+00  4.6273901494e-01 -1.5810287009e+00  3.2084447346e-01  2.5558754337e-01  8.8206364957e-01 -2.1536630267e+00  1.3294472657e+00  4.0077194159e-01 -8.2680019221e-01 -7.3089366578e-01  1.5363469502e+00 -3.3734338440e+00  1.9742522698e+00  1.7508712564e+00 -2.9352820870e+00 -8.7102123346e-01 -7.7714771298e-01  1.3122826655e+00  7.8890947847e-01  9.3300981844e-01 -2.0570476690e+00 -4.3045184199e-02  3.2451663186e-01 -1.3109982285e+00  2.0333082494e+00  2.1845364389e+00  5.2759781222e-01 -5.9546767415e-01 -1.7551041547e+00 -1.3885632424e+00 -9.5892969237e-01  1.1120810717e+00  2.2165263662e+00  8.3723703479e-01 -2.6410377360e+00  4.0717196893e-01  4.7376224718e-01  5.9689944633e-01 -1.0380948716e+00 -1.7890249391e+00  2.6126944648e+00 -3.4131579136e+00  1.7760410770e+00  1.3781616012e+00 -3.2927843203e+00  3.0497899713e+00  1.0942766466e+00 -4.3108695847e+00  1.6204036221e+00  1.2354807288e+00 -3.1354542424e+00 -1.8161307482e+00  2.7282577135e+00 -2.4888335839e+00 -1.1053869861e+00  1.9233886559e+00 -3.8940692492e+00 -3.8492902189e-01 -1.1446328512e+00  1.9341725293e+00  1.4917808692e+00
ENERGY -4.968696531447e+02

JOB 5
COORDS  1.1090550533e+00  3.4926867083e-01 -3.9127299246e-01 -1.1539363680e+00 -6.6439879486e-01 -4.4886783765e-01  6.0213958914e-01  1.3254772210e+00  3.8825124312e-01 -1.5866087352e+00  3.6031841052e-01  3.0823432369e-01  8.1490540749e-01 -2.2068896053e+00  1.3212936124e+00  3.0865411284e-01 -8.8293475153e-01 -7.3097872402e-01  1.5033754378e+00 -3.4115313672e+00  1.9576741816e+00  1.8599365722e+00 -2.8444509415e+00 -8.2555217374e-01 -7.2400357715e-01  1.3349235032e+00  7.7897151592e-01  8.5195923678e-01 -2.1173414456e+00 -5.7482430755e-02  2.3977715235e-01 -1.3818616703e+00  2.0293124785e+00  2.1398560687e+00  4.1885664896e-01 -7.2519036955e-01 -1.8691300188e+00 -1.3853734131e+00 -8.3150475842e-01  1.1921315133e+00  2.1787712706e+00  7.0945336352e-01 -2.6327652914e+00  4.9380503288e-01  5.6527225052e-01  4.3122082217e-01 -1.1218160427e+00 -1.7949645227e+00  2.5895605615e+00 -3.3724552944e+00  1.8215340732e+00  1.2826644209e+00 -3.3854054285e+00  3.0249342554e+00  1.1467942635e+00 -4.3585999346e+00  1.5398192727e+00  1.5255223339e+00 -2.9345703440e+00 -1.8629639433e+00  2.8355046350e+00 -2.3364368064e+00 -8.2512730513e-01  2.0001510663e+00 -3.8544419731e+00 -4.4084284316e-01 -1.0475125940e+00  2.0140530872e+00  1.4494572586e+00
ENERGY -4.968688902868e+02

JOB 6
COORDS  1.0783168599e+00  2.8637042677e-01 -4.6694382893e-01 -1.2066517204e+00 -6.7268800850e-01 -3.4617827251e-01  6.3734065891e-01  1.3107122865e+00  2.9112466770e-01 -1.5742951711e+00  4.0289958435e-01  3.7197428565e-01  7.4064561249e-01 -2.2991426794e+00  1.3193288842e+00  2.2892823223e-01 -9.3752122408e-01 -7.0935155913e-01  1.4660427171e+00 -3.4954783707e+00  1.9297031017e+00  1.9654325182e+00 -2.7207369013e+00 -7.6177126731e-01 -6.5516927350e-01  1.3560291938e+00  7.8304104512e-01  8.0323682542e-01 -2.1716076178e+00 -6.0736125275e-02  1.1685382814e-01 -1.5246395716e+00  2.0401822804e+00  2.0872946363e+00  3.2060948134e-01 -8.6570114381e-01 -1.9585463708e+00 -1.3935906144e+00 -6.4996447127e-01  1.2601325395e+00  2.1682255788e+00  5.2841297067e-01 -2.6028871865e+00  5.8156353097e-01  6.6806796146e-01  2.6908293372e-01 -1.2036324678e+00 -1.7747589886e+00  2.5530314560e+00 -3.3711984358e+00  1.8744945669e+00  1.1754905640e+00 -3.5532547858e+00  2.9789309433e+00  1.2099658313e+00 -4.4345375216e+00  1.4291071702e+00  1.7779423385e+00 -2.6871763039e+00 -1.8385677010e+00  2.8873840885e+00 -2.1578631560e+00 -5.5845092534e-01  2.1329261719e+00 -3.7646035102e+00 -4.9369006139e-01 -9.7324642697e-01  2.1782271185e+00  1.2712063957e+00
ENERGY -4.968669468656e+02

JOB 7
COORDS  1.0487305639e+00  2.4509533865e-01 -5.6028336022e-01 -1.2235498868e+00 -6.4689100115e-01 -1.5279345670e-01  6.8191433555e-01  1.3611562157e+00  1.0108055981e-01 -1.5212235452e+00  5.1412507625e-01  4.5263213207e-01  5.4329281550e-01 -2.5709791065e+00  1.2859344214e+00  1.5767675729e-01 -9.7457033968e-01 -6.4813244834e-01  1.4697757852e+00 -3.6294966652e+00  1.8829938790e+00  2.0740918078e+00 -2.5480455783e+00 -6.4070245918e-01 -5.6027935346e-01  1.4946899370e+00  6.9872272639e-01  8.0574242321e-01 -2.1821665226e+00 -1.2392212861e-02 -3.9804323649e-01 -2.1406861892e+00  1.9505889415e+00  2.0283921897e+00  2.1868700682e-01 -1.0260690347e+00 -2.0054822156e+00 -1.3866245385e+00 -2.8084148280e-01  1.3399868937e+00  2.2209001580e+00  1.8852381196e-01 -2.5194406393e+00  7.3478615853e-01  8.1558691953e-01  8.0200026139e-02 -1.2882790665e+00 -1.7007061551e+00  2.5112600731e+00 -3.2934040224e+00  1.9143292928e+00  1.1262786113e+00 -3.8240277623e+00  2.8989177113e+00  1.4377903205e+00 -4.5637381299e+00  1.3125109485e+00  2.0031139144e+00 -2.3525004005e+00 -1.7147332052e+00  2.9259876048e+00 -1.9775749499e+00 -2.4741236375e-01  2.2833104773e+00 -3.6117363798e+00 -5.1985582645e-01 -8.7027405970e-01  2.4182467937e+00  9.6156058949e-01
ENERGY -4.968637813114e+02

JOB 8
COORDS  9.7861689156e-01  6.3488134302e-01  4.5415815326e-01 -4.6449829608e-01 -5.2291149451e-01 -1.1401886573e+00 -1.2238695286e-01  1.1818927774e+00  1.0069492001e+00 -1.5220179056e+00  5.3874236348e-02 -5.4164551635e-01  9.3628840493e-01 -3.0139629745e+00 -4.4253079425e-01  9.0263461652e-01 -5.4222730126e-01 -4.9285875307e-01  1.1856405589e+00 -4.3230523699e+00  3.0066747880e-01  2.2656285174e+00 -1.7917536924e+00  1.1944486070e+00 -1.3984475154e+00  7.7430064536e-01  6.4866806399e-01  1.1397163545e+00 -1.8362182529e+00  2.5851212715e-01  5.3372866833e-01 -3.0429842685e+00 -1.6063418832e+00  1.9463469726e+00  1.0480049157e+00  7.1981060412e-01 -6.0479730451e-01 -1.0454112851e+00 -2.0752000331e+00 -6.6633045076e-02  1.9914953781e+00  1.7285906586e+00 -2.5205845128e+00  1.6195781606e-02 -9.6578250864e-01  1.6848566034e+00 -4.7292651346e-01 -1.2610637110e+00  8.6639239398e-01 -4.2855966024e+00  1.3456554686e+00  6.3107219997e-01 -5.1025770533e+00 -2.2323202969e-01  2.2481044251e+00 -4.5888587981e+00  2.7398132180e-01  3.2149760470e+00 -1.5836125587e+00  6.7722161649e-01  2.0984650817e+00 -1.0100804801e+00  1.9377894031e+00  2.3648392609e+00 -2.7369554651e+00  1.7250328553e+00 -2.1743824619e+00  1.3562347566e+00  9.2927547682e-01
ENERGY -4.968659601844e+02

JOB 9
COORDS  1.0217751630e+00  6.1904127426e-01  3.6558277380e-01 -5.8156112195e-01 -5.7887323665e-01 -1.0487168694e+00 -1.5210175092e-02  1.2729306122e+00  9.2658544912e-01 -1.5680881592e+00  1.0002983092e-01 -4.3700366435e-01  1.0161038688e+00 -3.0382576493e+00 -5.0730829863e-01  8.3484268408e-01 -5.9184807462e-01 -5.1672797157e-01  1.3608586572e+00 -4.3534377570e+00  1.8264188846e-01  2.0753383142e+00 -1.8135158822e+00  1.3291066476e+00 -1.3311978992e+00  9.2371471547e-01  6.6594486084e-01  1.1013405578e+00 -1.8801761311e+00  2.3998668541e-01  6.4908827676e-01 -3.0400240103e+00 -1.6850844337e+00  2.0250207817e+00  9.8153055625e-01  5.6647373606e-01 -8.0979061208e-01 -1.1888092035e+00 -1.9116988934e+00  1.2803704383e-01  2.1229077618e+00  1.5871500779e+00 -2.5976191920e+00  6.1809778508e-02 -7.7940081057e-01  1.5467854441e+00 -5.7442330666e-01 -1.3514887683e+00  8.9286663448e-01 -4.4421853606e+00  1.1674867129e+00  1.0095043746e+00 -5.1607415138e+00 -4.6050829192e-01  2.4435251127e+00 -4.4598536461e+00  3.1113042975e-01  3.0991858684e+00 -1.6424246702e+00  9.6324421414e-01  1.8110948300e+00 -9.9865537481e-01  2.0046936738e+00  2.0660741974e+00 -2.7367477073e+00  1.9070280474e+00 -2.0544156467e+00  1.5757597187e+00  9.3279995305e-01
ENERGY -4.968685527046e+02

JOB 10
COORDS  1.0589999006e+00  5.9848148531e-01  2.9129324688e-01 -6.7380080739e-01 -6.1958018604e-01 -9.5758266241e-01  7.9952128357e-02  1.3368626463e+00  8.5179894787e-01 -1.5963499808e+00  1.4030080881e-01 -3.4207355234e-01  1.0860848793e+00 -3.0540605015e+00 -5.6247143669e-01  7.7969487175e-01 -6.2889884503e-01 -5.3834608772e-01  1.5208234492e+00 -4.3568223438e+00  9.7620771584e-02  1.8956710976e+00 -1.8457269934e+00  1.4224350687e+00 -1.2626272913e+00  1.0424769101e+00  6.7166306681e-01  1.0898912662e+00 -1.9132298413e+00  2.0665065845e-01  7.2507056162e-01 -3.0453544982e+00 -1.7437732352e+00  2.0876750419e+00  9.1082796573e-01  4.4333702169e-01 -9.7588832157e-01 -1.2975162977e+00 -1.7451776945e+00  2.9479117923e-01  2.2104847264e+00  1.4600356919e+00 -2.6489741331e+00  1.0344979017e-01 -6.0547823289e-01  1.4197000284e+00 -6.4558725634e-01 -1.4278405592e+00  9.4370594385e-01 -4.5660852256e+00  1.0039872831e+00  1.3611549759e+00 -5.1592234787e+00 -6.2277663833e-01  2.5803711961e+00 -4.3343648956e+00  3.7371003340e-01  2.9668802687e+00 -1.7070615622e+00  1.2137842111e+00  1.5562154112e+00 -1.0083408788e+00  2.0334683959e+00  1.7733745014e+00 -2.7546985553e+00  2.0118325003e+00 -1.9388571643e+00  1.7514177505e+00  9.1582035007e-01
ENERGY -4.968706730073e+02

JOB 11
COORDS  1.0941292842e+00  5.8377872395e-01  2.1805758621e-01 -7.3951827230e-01 -6.5141057145e-01 -8.7250336675e-01  1.6411520265e-01  1.3770341265e+00  7.8710350421e-01 -1.6080157314e+00  1.6209248887e-01 -2.4722920987e-01  1.1613102951e+00 -3.0592622390e+00 -6.1308643278e-01  7.4099616147e-01 -6.5396288862e-01 -5.6423209321e-01  1.6481428940e+00 -4.3451544752e+00  4.2427642259e-02  1.7277674919e+00 -1.8709026687e+00  1.4800141461e+00 -1.1945396646e+00  1.1193008135e+00  6.8390440395e-01  1.1042805876e+00 -1.9297924138e+00  1.6327333558e-01  8.1595511807e-01 -3.0511224411e+00 -1.8002163488e+00  2.1394465197e+00  8.5827422973e-01  3.2440346613e-01 -1.1019152060e+00 -1.3769723869e+00 -1.5905377211e+00  4.3366707042e-01  2.2644251034e+00  1.3520602267e+00 -2.6771918933e+00  1.2454908746e-01 -4.3237540119e-01  1.3100196551e+00 -6.9406142734e-01 -1.4984978176e+00  9.9276862946e-01 -4.6458400415e+00  8.6675305277e-01  1.6421705459e+00 -5.1261410853e+00 -7.1796360576e-01  2.6613420713e+00 -4.2417359826e+00  4.4418588578e-01  2.8179975984e+00 -1.7385315078e+00  1.4282030251e+00  1.3110994792e+00 -1.0303032261e+00  2.0362894118e+00  1.5161777109e+00 -2.7795770456e+00  2.0456408744e+00 -1.8366465449e+00  1.8630665513e+00  9.1624258439e-01
ENERGY -4.968724916831e+02

JOB 12
COORDS  1.1311387374e+00  5.7156525728e-01  1.3177890289e-01 -7.8967296057e-01 -6.7046370634e-01 -7.9715318018e-01  2.5070344906e-01  1.3981551939e+00  7.3094878473e-01 -1.6047925788e+00  1.7583272649e-01 -1.4373963413e-01  1.2452657829e+00 -3.0596926825e+00 -6.5875464155e-01  7.0931548531e-01 -6.7530965572e-01 -5.9967570143e-01  1.7599931310e+00 -4.3253535730e+00  1.4108977983e-02  1.5468107496e+00 -1.8890770628e+00  1.5081120192e+00 -1.1172079459e+00  1.1632798682e+00  7.1806496263e-01  1.1203103923e+00 -1.9364928799e+00  1.1537774896e-01  9.4226453096e-01 -3.0616020628e+00 -1.8577525735e+00  2.1876667863e+00  8.1878247397e-01  1.7890644561e-01 -1.2088399404e+00 -1.4220945061e+00 -1.4564153307e+00  5.6879623265e-01  2.2928421460e+00  1.2578334665e+00 -2.6850424103e+00  1.4186296331e-01 -2.4785975920e-01  1.2081583884e+00 -7.4150121675e-01 -1.5702373318e+00  1.0413700741e+00 -4.6998435175e+00  7.5127340108e-01  1.8935972807e+00 -5.0808636468e+00 -7.6020015477e-01  2.7110524065e+00 -4.1621256114e+00  5.3071529990e-01  2.6285909802e+00 -1.7289143212e+00  1.6139965986e+00  1.0345453298e+00 -1.0679006975e+00  2.0109712747e+00  1.2806486738e+00 -2.8122827550e+00  2.0259403217e+00 -1.7311135722e+00  1.9289479900e+00  9.5567725109e-01
ENERGY -4.968741417314e+02

JOB 13
COORDS  1.1754370226e+00  5.4778820929e-01  1.7416289622e-02 -8.3854672540e-01 -6.6901801544e-01 -7.3501115433e-01  3.6299493112e-01  1.3934158775e+00  6.8104915549e-01 -1.5824040727e+00  1.9718989921e-01 -2.4184577319e-02  1.3460776926e+00 -3.0622353907e+00 -6.9384298921e-01  6.7085683905e-01 -7.0375294606e-01 -6.5236264935e-01  1.8728890168e+00 -4.3023381176e+00  1.7330860792e-02  1.3161134532e+00 -1.8927356072e+00  1.5059563650e+00 -1.0067682908e+00  1.1806439932e+00  7.8663096259e-01  1.1072247221e+00 -1.9463961501e+00  6.4593027952e-02  1.1399180701e+00 -3.0792883025e+00 -1.9127417843e+00  2.2376239283e+00  7.7047085876e-01 -2.4269188010e-02 -1.3257012951e+00 -1.4178012688e+00 -1.3504625178e+00  7.3785327774e-01  2.2857379081e+00  1.1734100293e+00 -2.6680664028e+00  1.8409384929e-01 -3.9799667099e-02  1.0966709365e+00 -8.1010405161e-01 -1.6519282644e+00  1.1069780990e+00 -4.7399912947e+00  6.6685974524e-01  2.1384209779e+00 -5.0323569510e+00 -7.4740315874e-01  2.7502382025e+00 -4.0857922652e+00  6.3459718866e-01  2.3270254667e+00 -1.5582635122e+00  1.7718706317e+00  6.0198902536e-01 -1.1944213371e+00  1.9470841427e+00  1.1416941613e+00 -2.8696620346e+00  1.9580197444e+00 -1.5849600333e+00  1.9625673735e+00  1.0591049555e+00
ENERGY -4.968758455098e+02

JOB 14
COORDS  1.1938817619e+00  4.8507620045e-01 -1.1852000637e-01 -9.3576050825e-01 -6.4907574419e-01 -6.4931619830e-01  4.9310208604e-01  1.3680709404e+00  6.1818353271e-01 -1.5667756381e+00  2.6026453057e-01  1.1654468859e-01  1.5029581890e+00 -3.0391787282e+00 -7.2324300858e-01  5.7034125118e-01 -7.5716823406e-01 -7.0439261416e-01  2.0416091147e+00 -4.2410129436e+00  4.3170393639e-02  1.0336509671e+00 -1.9499706451e+00  1.4719932777e+00 -8.7021277400e-01  1.2159690258e+00  8.6032763536e-01  1.0197999622e+00 -1.9877554671e+00  1.4400440867e-02  1.5012939174e+00 -3.0359714221e+00 -1.9588078300e+00  2.2553918405e+00  6.5473748227e-01 -2.7293942484e-01 -1.5198603752e+00 -1.3736102858e+00 -1.2077839100e+00  9.5193207040e-01  2.2456348993e+00  1.0637014657e+00 -2.6486901891e+00  3.0465450424e-01  1.9803500101e-01  9.0413385550e-01 -9.1670799291e-01 -1.7305078276e+00  1.2368416404e+00 -4.7681029981e+00  5.6702475149e-01  2.4891593593e+00 -4.9204596583e+00 -6.8214394551e-01  2.7926815309e+00 -3.9558275706e+00  7.8622034166e-01  1.9605220864e+00 -1.5186801314e+00  1.8699411549e+00  1.9752575222e-01 -1.3385529701e+00  1.8193965476e+00  9.0282908798e-01 -2.9491250921e+00  1.8885900767e+00 -1.3827959859e+00  2.0245430245e+00  1.1820426058e+00
ENERGY -4.968774919305e+02

JOB 15
COORDS  1.1870312320e+00  4.0143236833e-01 -2.5081983215e-01 -1.0426443125e+00 -6.2887175345e-01 -5.4424239141e-01  6.0917338708e-01  1.3376715420e+00  5.2489286636e-01 -1.5505871819e+00  3.4723463206e-01  2.3258101590e-01  1.6575788776e+00 -2.9689005742e+00 -7.1326634591e-01  4.4198492004e-01 -8.2164687278e-01 -7.2940371447e-01  2.2161493814e+00 -4.1448902393e+00  7.7839660514e-02  7.7466011892e-01 -2.0744729425e+00  1.4351692903e+00 -7.3812012481e-01  1.2750009406e+00  8.8359476665e-01  9.1650279215e-01 -2.0449930588e+00 -1.6581805079e-02  1.8632300986e+00 -2.8778162492e+00 -1.9276011314e+00  2.2388600421e+00  4.9519114895e-01 -5.0309587473e-01 -1.7179579847e+00 -1.3286267976e+00 -1.0266295445e+00  1.1544908346e+00  2.1940168515e+00  9.1021126313e-01 -2.6176627015e+00  4.6599746758e-01  3.9523946042e-01  6.7621464103e-01 -1.0278501620e+00 -1.7746882498e+00  1.4117758536e+00 -4.7772009019e+00  4.6864140547e-01  2.8323242775e+00 -4.7366851615e+00 -5.9891235034e-01  2.8227632648e+00 -3.8165762407e+00  9.2761794658e-01  1.6447929127e+00 -1.6448420453e+00  1.9480331285e+00 -1.0559854181e-01 -1.4919999132e+00  1.7130591774e+00  6.2081958651e-01 -3.0934256009e+00  1.7940265739e+00 -1.1722223709e+00  2.1200042861e+00  1.2262518330e+00
ENERGY -4.968781945524e+02

JOB 16
COORDS  1.1726551664e+00  4.6513173230e-01 -3.1342699431e-01 -1.0057896694e+00 -6.9563414178e-01 -5.0207106475e-01  5.6351943011e-01  1.4018585879e+00  4.3748007040e-01 -1.5461666539e+00  2.8504653139e-01  2.4609974419e-01  1.7798090617e+00 -2.9123655429e+00 -6.5927264791e-01  4.8175438528e-01 -8.1501041738e-01 -7.1702155347e-01  2.2619986736e+00 -4.1298680726e+00  1.1976833892e-01  6.7938982519e-01 -2.1173776915e+00  1.4332267396e+00 -7.7017651027e-01  1.2815397305e+00  8.3612619221e-01  1.0547331076e+00 -1.9733796034e+00  3.1277665175e-02  2.0507139463e+00 -2.7903193289e+00 -1.8583866546e+00  2.2110319513e+00  5.9948030498e-01 -5.9891850802e-01 -1.6558676675e+00 -1.4478321536e+00 -9.3869326098e-01  1.0696126108e+00  2.3024644586e+00  7.7215327639e-01 -2.6140846683e+00  3.5539822113e-01  4.2988412087e-01  7.0273683171e-01 -1.0498024580e+00 -1.7594733000e+00  1.4442863464e+00 -4.6374115285e+00  6.4076431312e-01  2.7196664117e+00 -4.8168395344e+00 -5.9198667802e-01  3.0108321403e+00 -3.8490546991e+00  8.6821907334e-01  1.4623261368e+00 -2.6256529344e+00  1.9972473929e+00  5.5423468421e-01 -1.1236644530e+00  1.8693516143e+00 -2.6198446091e-01 -2.6665894318e+00  1.5593696098e+00 -1.2416720764e+00  2.1176331483e+00  1.1501996591e+00
ENERGY -4.968777010549e+02

JOB 17
COORDS  1.1571998900e+00  3.7933349347e-01 -4.2010837855e-01 -1.0889349084e+00 -6.6413952844e-01 -3.7603641291e-01  6.5937248754e-01  1.3896488880e+00  3.1554122739e-01 -1.5188325423e+00  3.9605183109e-01  3.3549949758e-01  1.8879107825e+00 -2.8002309835e+00 -5.9225106762e-01  3.6627126505e-01 -8.7648319528e-01 -6.9895278610e-01  2.4177603538e+00 -4.0266344707e+00  1.4042363166e-01  4.6364167318e-01 -2.3088310858e+00  1.3957785189e+00 -6.5039824940e-01  1.3759417652e+00  8.0727062394e-01  9.5373366022e-01 -2.0318237238e+00  5.1325157786e-02  2.3011065518e+00 -2.5190889827e+00 -1.7229534397e+00  2.1783632870e+00  4.2571943313e-01 -7.8300547904e-01 -1.8136178243e+00 -1.3963986163e+00 -7.1899214463e-01  1.2400797007e+00  2.2722085889e+00  5.6667240244e-01 -2.5665477626e+00  5.4274878956e-01  5.8053307370e-01  4.8790782708e-01 -1.1605069729e+00 -1.7464415821e+00  1.6143339770e+00 -4.6602218422e+00  5.2829416982e-01  3.0203601090e+00 -4.5967737243e+00 -5.6671715525e-01  3.0527447270e+00 -3.7364413322e+00  9.8468373912e-01  1.2268220443e+00 -2.8119383558e+00  1.9900804354e+00  2.2872352247e-01 -1.3652320029e+00  1.8936530716e+00 -4.4339151779e-01 -2.9263428020e+00  1.3924412535e+00 -1.0510500510e+00  2.2571855532e+00  1.0951787914e+00
ENERGY -4.968761832058e+02

JOB 18
COORDS  1.1494008334e+00  3.4215994672e-01 -4.9017363037e-01 -1.1174837518e+00 -6.2669588774e-01 -2.5503670793e-01  7.2207112005e-01  1.4113986393e+00  2.0422914922e-01 -1.4768284139e+00  4.9125110262e-01  4.0712892926e-01  1.9350183444e+00 -2.7194540255e+00 -5.3491945191e-01  3.0573590546e-01 -8.9912502930e-01 -6.5997546859e-01  2.5016659581e+00 -3.9482814225e+00  1.6384261382e-01  3.3211639402e-01 -2.5004390975e+00  1.3480374793e+00 -5.5989536026e-01  1.4728625746e+00  7.6107280963e-01  9.1930459116e-01 -2.0484936535e+00  9.2902345725e-02  2.3911057532e+00 -2.3448856691e+00 -1.6216232077e+00  2.1490701041e+00  3.3065124928e-01 -9.0934970156e-01 -1.8833932078e+00 -1.3544291221e+00 -5.0583178707e-01  1.3427742813e+00  2.2866968861e+00  3.7051455861e-01 -2.5049650124e+00  6.8293622610e-01  6.9955157534e-01  3.4689878368e-01 -1.2213567853e+00 -1.7042505426e+00  1.7219266468e+00 -4.6651331852e+00  4.3957075732e-01  3.2055344076e+00 -4.4229463305e+00 -5.1987131845e-01  3.0348515868e+00 -3.6689055497e+00  1.0791865298e+00  1.1036115348e+00 -2.8636025275e+00  2.0296943060e+00 -1.6728348048e-01 -1.6595143059e+00  1.8309410847e+00 -4.1019733712e-01 -3.2973540918e+00  1.2043763080e+00 -9.1748067847e-01  2.3804107822e+00  1.0219005178e+00
ENERGY -4.968744991451e+02

JOB 19
COORDS  1.1273285296e+00  3.1899959568e-01 -5.7804290909e-01 -1.1309095095e+00 -5.9874794203e-01 -1.5910863677e-01  7.6287392508e-01  1.4193121256e+00  1.0308633963e-01 -1.4284009252e+00  5.4763765258e-01  4.8559877299e-01  1.9718784739e+00 -2.6529364962e+00 -4.7025907682e-01  2.6065578722e-01 -9.1697656787e-01 -6.3436289587e-01  2.5755230202e+00 -3.8713403627e+00  2.1605235616e-01  2.2166994151e-01 -2.6402989608e+00  1.2788230946e+00 -4.7436890393e-01  1.5205837173e+00  7.4751131879e-01  9.0926829264e-01 -2.0400566454e+00  1.4199408715e-01  2.4425710559e+00 -2.2318304486e+00 -1.5333087609e+00  2.0919154640e+00  2.7821272696e-01 -1.0690986284e+00 -1.9289052535e+00 -1.3102980795e+00 -3.4826511635e-01  1.4032130652e+00  2.2920960858e+00  1.8770708255e-01 -2.4344051320e+00  7.7158451231e-01  8.2790481021e-01  2.3113869628e-01 -1.2860305209e+00 -1.6650013445e+00  1.8357295521e+00 -4.6630405715e+00  3.7243682382e-01  3.3752738434e+00 -4.2477142548e+00 -4.2183873909e-01  2.9942017885e+00 -3.6102357231e+00  1.1938871801e+00  9.4005275760e-01 -3.0373816365e+00  1.9980348352e+00 -3.6558731806e-01 -1.8738210924e+00  1.7861692272e+00 -4.5971092567e-01 -3.4507197086e+00  9.8312850717e-01 -7.9744722265e-01  2.4407533186e+00  1.0088688206e+00
ENERGY -4.968728380809e+02

JOB 20
COORDS  8.5266154081e-01  5.6061080667e-01  7.3166141838e-01 -2.6540597439e-01 -4.5272055225e-01 -1.2224333076e+00 -2.8121755198e-01  1.2406526518e+00  9.7574142616e-01 -1.3572476565e+00  2.8050993321e-01 -9.2465346534e-01  2.2227773975e+00 -2.1384390946e+00  1.0205889456e+00  9.1813723508e-01 -5.4447313942e-01 -2.9649073694e-01  2.4441321601e+00 -3.5281712256e+00  1.6048147195e+00  1.9501865826e-01 -2.9958916790e+00 -8.2639534318e-02 -1.4510501347e+00  1.0272619909e+00  2.4025673053e-01  1.0265538027e+00 -1.8927347652e+00  3.8896093363e-01  3.0919543837e+00 -1.2680154538e+00  1.1363761561e+00  1.7413833758e+00  7.6140348469e-01  1.3154331324e+00 -2.4159628694e-01 -9.8422282810e-01 -2.1686066171e+00 -3.4981272121e-01  2.0006714686e+00  1.7481165214e+00 -2.2131015439e+00  3.3677547064e-01 -1.5908007348e+00  1.8490570197e+00 -4.4639299635e-01 -8.6782817713e-01  2.4764186792e+00 -4.2943297682e+00  8.2296601948e-01  3.4003833814e+00 -3.5163274500e+00  2.1279779658e+00  1.6522207189e+00 -3.8031966284e+00  2.3089071706e+00 -8.1026663987e-01 -2.6255669217e+00 -2.8815750504e-01  5.8492832236e-01 -3.4584724707e+00 -1.0013450576e+00  1.1202008666e-01 -3.7668731322e+00  6.8400245868e-01 -2.1786965898e+00  1.7249083314e+00  2.9661146611e-01
ENERGY -4.968709852688e+02

JOB 21
COORDS  9.3628675163e-01  5.8014443373e-01  6.2499600536e-01 -3.5569559340e-01 -4.6283809869e-01 -1.1937126962e+00 -1.7301377881e-01  1.2597937301e+00  9.6575499711e-01 -1.4216111007e+00  2.6341752788e-01 -8.0089490619e-01  2.1476202986e+00 -2.1181058866e+00  1.0765185993e+00  8.9195340009e-01 -5.6952172174e-01 -3.5438730053e-01  2.3318025849e+00 -3.4799630197e+00  1.7368994433e+00  3.1081925126e-01 -3.0387118705e+00 -2.5614762097e-01 -1.4116537197e+00  1.0115687494e+00  3.6721517821e-01  9.8290155277e-01 -1.9004916066e+00  3.6907356762e-01  3.0140762475e+00 -1.2493676813e+00  1.2075029424e+00  1.8791704196e+00  8.1497811191e-01  1.0984107203e+00 -4.0491339374e-01 -9.7968823545e-01 -2.1465923166e+00 -1.6493920486e-01  2.0516894498e+00  1.7084975802e+00 -2.3308565132e+00  3.2194409444e-01 -1.3919112969e+00  1.7803015373e+00 -5.2718602886e-01 -9.9894532904e-01  2.5603443627e+00 -4.2523559183e+00  9.9453775464e-01  3.1764160438e+00 -3.3983472075e+00  2.4215001112e+00  1.4433549728e+00 -3.7966057360e+00  2.2913523940e+00 -7.1985315916e-01 -2.7684758908e+00 -4.9094484028e-01  8.0581349573e-01 -3.3569356733e+00 -1.1862587484e+00  2.8127760079e-01 -3.8873987248e+00  4.2600230336e-01 -2.1403503931e+00  1.6994232352e+00  4.9099338635e-01
ENERGY -4.968687886013e+02

JOB 22
COORDS  1.0213808536e+00  5.9267150502e-01  4.8643990337e-01 -4.5859524194e-01 -4.8088881900e-01 -1.1545226079e+00 -4.7482651442e-02  1.2709432269e+00  9.4195462600e-01 -1.4823974864e+00  2.3515224347e-01 -6.4791096359e-01  2.0585491937e+00 -2.0939226733e+00  1.1343540665e+00  8.6106334775e-01 -5.9670654432e-01 -4.3006686344e-01  2.1733518320e+00 -3.4253740457e+00  1.8711831406e+00  4.7062152942e-01 -3.0688490341e+00 -4.3840505077e-01 -1.3460634052e+00  9.8774998990e-01  5.0962414675e-01  9.5532714934e-01 -1.9120044441e+00  3.1725221649e-01  2.9141428652e+00 -1.2256698022e+00  1.3134430846e+00  2.0107839467e+00  8.6149078034e-01  8.2527315342e-01 -5.9981974672e-01 -9.8906488874e-01 -2.1024534393e+00  4.1997975551e-02  2.0928911339e+00  1.6455685174e+00 -2.4502459397e+00  2.9014373840e-01 -1.1375470229e+00  1.6858363123e+00 -6.0597075360e-01 -1.1580031197e+00  2.6193204055e+00 -4.1903141819e+00  1.2260678286e+00  2.8422192811e+00 -3.2684156181e+00  2.7182645624e+00  1.2095754017e+00 -3.7969152519e+00  2.2296422883e+00 -5.7882593896e-01 -2.9261641875e+00 -7.0304886920e-01  1.0462980262e+00 -3.2175127334e+00 -1.3650981015e+00  5.4088209579e-01 -3.9769695535e+00  1.5725367286e-01 -2.0686681426e+00  1.6606659456e+00  7.2019475948e-01
ENERGY -4.968661121918e+02

JOB 23
COORDS  1.1694382488e+00  6.3287520969e-01  1.9800773556e-01 -6.3606945632e-01 -6.3073212856e-01 -9.0129772623e-01  2.2392178571e-01  1.4049331885e+00  7.5941280328e-01 -1.5251841873e+00  1.6381788763e-01 -2.7226080562e-01  1.7107659246e+00 -2.0207109066e+00  1.3644006599e+00  8.4527037242e-01 -6.1153572014e-01 -5.8403007356e-01  1.7959948688e+00 -3.4337579429e+00  1.9418792820e+00  9.2380959504e-01 -3.0919028180e+00 -7.1815008273e-01 -1.1376342229e+00  1.1146741523e+00  6.5651501476e-01  1.2560842016e+00 -1.9107009738e+00  7.2472236085e-02  2.0619400676e+00 -1.0618479425e+00  2.0540504480e+00  2.2083989383e+00  9.0442035126e-01  3.3214878345e-01 -1.0091051996e+00 -1.3286584054e+00 -1.6437477513e+00  4.7312352701e-01  2.2864490288e+00  1.3406102845e+00 -2.5906349732e+00  1.0930070788e-01 -4.7610879414e-01  1.4218346928e+00 -6.0644742991e-01 -1.5212546704e+00  2.6231705558e+00 -3.9946878221e+00  1.4928968991e+00  1.9899661419e+00 -3.3328466666e+00  3.0097915542e+00  8.7821286086e-01 -4.0097314418e+00  1.7901468971e+00 -9.8350555524e-02 -3.4509559583e+00 -5.4055417245e-01  1.0139250275e+00 -2.8427027049e+00 -1.7802081841e+00  1.6193862444e+00 -3.9078545219e+00 -5.2026338708e-01 -1.7990127955e+00  1.8355688896e+00  9.0500297799e-01
ENERGY -4.968633302193e+02

