JOB 0
COORDS -1.2432804803e+00  3.2892814101e+00  1.1202697093e+00  1.0701106296e+00  1.0440496312e-01  1.3420918066e-01  2.8414654701e+00  1.0221426945e+00  1.7167576741e+00  1.3554418209e+00  8.2307317301e-01  1.4497913995e+00 -6.0836494926e-01  2.0996678282e+00  1.4411694690e+00 -7.5983023799e-01  4.2369939184e+00  5.3545917535e-01  7.9951847889e-01  2.1594132550e+00  1.4559828074e+00 -2.3098332396e+00  3.2257199678e+00  1.4198990704e+00 -5.0203134866e-03  3.7339298717e-02 -5.1365449780e-02  1.5306147047e+00  6.4621253491e-01 -6.9780740387e-01  1.4803802536e+00 -9.1063812174e-01  1.6100692712e-01  3.0007488923e+00  1.5448001406e+00  2.6639344821e+00  3.2945436884e+00  1.6123159934e+00  9.1440067639e-01  3.3455089185e+00  5.2216844146e-02  1.7615404102e+00  9.0649116240e-01  2.6333695584e-01  2.2863806050e+00 -9.5937925615e-01  1.6852151874e+00  2.3084371389e+00
ENERGY -3.630590117835e+02

JOB 1
COORDS -1.2409447345e+00  3.2004558792e+00  1.0383357654e+00  1.0515617188e+00  1.8688229045e-01  1.1644294240e-01  2.8505867669e+00  9.9194670870e-01  1.7287334061e+00  1.3604042449e+00  8.1242296436e-01  1.4725956442e+00 -5.9690781897e-01  2.0998721345e+00  1.5805137393e+00 -7.7265058385e-01  4.0074886082e+00  2.6164740436e-01  8.0737907885e-01  2.1502550603e+00  1.5724012773e+00 -2.3003999993e+00  3.2034150729e+00  1.3686718930e+00 -2.7262528339e-02  1.3198738018e-01 -5.0923049094e-02  1.4961779525e+00  7.8520038280e-01 -6.8481339460e-01  1.4605302718e+00 -8.2785015056e-01  6.5410248680e-02  3.0264739802e+00  1.4499583728e+00  2.7061386169e+00  3.2928311483e+00  1.6334275996e+00  9.6034206805e-01  3.3533705658e+00  2.0695933785e-02  1.7011473104e+00  9.1951255513e-01  2.0196668226e-01  2.2755318411e+00 -9.4154707571e-01  1.8433711238e+00  2.5078901584e+00
ENERGY -3.630610312139e+02

JOB 2
COORDS -1.2324830814e+00  3.0875308978e+00  9.6818211545e-01  1.0279937818e+00  2.7999884250e-01  1.0264222734e-01  2.8568840167e+00  9.5824932015e-01  1.7393143816e+00  1.3618608798e+00  8.1235451284e-01  1.4917096186e+00 -5.7568787041e-01  2.1208437778e+00  1.7108389059e+00 -7.8163815090e-01  3.7084389247e+00  2.6997430637e-02  8.2526542052e-01  2.1511550990e+00  1.6771080568e+00 -2.2832693907e+00  3.1694420011e+00  1.3159332173e+00 -5.3980886104e-02  2.3819751255e-01 -4.7943176046e-02  1.4584197102e+00  9.3066019249e-01 -6.6448440421e-01  1.4315166021e+00 -7.3041824164e-01 -2.3441795290e-02  3.0504705694e+00  1.3547398766e+00  2.7401386891e+00  3.2995413259e+00  1.6380296838e+00  1.0047754068e+00  3.3462575581e+00 -1.6022445867e-02  1.6483983105e+00  9.1885081852e-01  1.6189403907e-01  2.2596743585e+00 -9.1088576097e-01  2.0264020504e+00  2.6702225289e+00
ENERGY -3.630628976179e+02

JOB 3
COORDS -1.2061139658e+00  2.9683228889e+00  9.0930301862e-01  9.9662424418e-01  3.7268391448e-01  1.0046111629e-01  2.8600012788e+00  9.3315386404e-01  1.7407592796e+00  1.3593330907e+00  8.1647918439e-01  1.5125975857e+00 -5.5438073977e-01  2.1535278991e+00  1.8168013272e+00 -7.4849555613e-01  3.4063086679e+00 -1.2752479301e-01  8.4386098713e-01  2.1502361331e+00  1.7931163041e+00 -2.2585441208e+00  3.1141415723e+00  1.2299935506e+00 -8.7619797556e-02  3.3257528013e-01 -3.1687275343e-02  1.4060584689e+00  1.0713549404e+00 -6.3451867465e-01  1.4009573247e+00 -6.2679832412e-01 -9.3273826520e-02  3.0760884809e+00  1.2651491043e+00  2.7603435850e+00  3.2962462891e+00  1.6524675260e+00  1.0408172276e+00  3.3377052219e+00 -3.8089139676e-02  1.5813123238e+00  9.2008143702e-01  1.2789477051e-01  2.2479957195e+00 -9.0268710077e-01  2.1920877615e+00  2.7735694030e+00
ENERGY -3.630643480964e+02

JOB 4
COORDS -1.4962654114e+00  2.5573232334e+00  1.8041375322e+00  1.6928162358e+00  5.3357081903e-01 -4.6396145564e-01  2.2538363629e+00  8.1288359972e-01  2.0048761127e+00  1.1763784032e+00  8.6835324233e-01  9.2730528883e-01 -1.2102952855e-01  2.5580070405e+00  1.9279469204e+00 -2.1390103220e+00  1.9770208710e+00  9.5045826029e-01  6.3043471203e-01  2.2149218785e+00  8.0113013996e-01 -1.9511470628e+00  3.1090361518e+00  2.6527800587e+00  8.8413008194e-01  5.9756104515e-01 -1.1965110621e+00  2.4876916103e+00  1.2271035043e+00 -7.5770086298e-01  2.0998445392e+00 -4.8200006630e-01 -4.7700362921e-01  1.8499239424e+00  1.1059577225e+00  2.9786530717e+00  3.0866273671e+00  1.4780006507e+00  1.7520507950e+00  2.6426541326e+00 -2.0668244767e-01  2.0975659838e+00  3.4494741985e-01  2.0387505697e-01  1.1872052569e+00  2.9728305993e-01  3.3365637411e+00  2.4311334612e+00
ENERGY -3.630645969948e+02

JOB 5
COORDS -1.4312865588e+00  2.4647767195e+00  1.8478130831e+00  1.6931960979e+00  5.5545014087e-01 -4.6900994025e-01  2.1995673951e+00  7.9044298661e-01  2.0165213563e+00  1.1579609948e+00  9.1058640355e-01  9.0974207629e-01 -7.1542255264e-02  2.6703805105e+00  1.8801543626e+00 -2.0235106891e+00  1.7152643374e+00  1.0920051382e+00  6.9561627696e-01  2.2902319022e+00  7.7710713774e-01 -1.9198588627e+00  3.0278032201e+00  2.6696207747e+00  9.1014670396e-01  6.6902575584e-01 -1.2230888271e+00  2.5351338711e+00  1.2028752416e+00 -7.3585904889e-01  2.0404385402e+00 -4.8213496632e-01 -4.7749075440e-01  1.7854399166e+00  1.1055341588e+00  2.9789152454e+00  3.0759189771e+00  1.4073002702e+00  1.7900459804e+00  2.5261292889e+00 -2.5018550280e-01  2.1156708855e+00  2.8209435599e-01  2.9513669554e-01  1.1378045577e+00  2.8367148995e-01  3.5190081696e+00  2.3101138444e+00
ENERGY -3.630648947285e+02

JOB 6
COORDS -1.3566564731e+00  2.3927812158e+00  1.9378669617e+00  1.7309800533e+00  5.7041576945e-01 -4.8532184134e-01  2.1044212094e+00  7.8535504220e-01  2.0242895849e+00  1.1285921046e+00  9.3480490065e-01  8.6281042578e-01 -5.3297795013e-02  2.7705802804e+00  1.7794109198e+00 -1.9317106122e+00  1.5057062094e+00  1.3269034785e+00  7.1487700209e-01  2.3313106542e+00  7.0425180959e-01 -1.8191483344e+00  2.9765495647e+00  2.7600481841e+00  9.9563528039e-01  7.0561636355e-01 -1.2827565678e+00  2.6039249164e+00  1.1951071263e+00 -7.0213335253e-01  2.0490807246e+00 -4.7645427095e-01 -4.7797022463e-01  1.6508705842e+00  1.1163602392e+00  2.9632911232e+00  3.0128847920e+00  1.3708039194e+00  1.8457735151e+00  2.3880242909e+00 -2.6575521391e-01  2.1422038195e+00  2.2483317268e-01  3.4577859555e-01  1.0388616778e+00  2.9580462677e-01  3.6325356473e+00  2.1825363580e+00
ENERGY -3.630641719565e+02

JOB 7
COORDS -1.2487160712e+00  1.9899411724e+00  2.1775286068e+00  1.5881443203e+00 -5.4264636376e-01  9.2297472428e-02  2.2712606444e+00  1.3072151790e+00  1.6995144158e+00  1.1273523138e+00  4.9109604314e-01  1.1083472566e+00 -4.3864648406e-01  2.2973596542e+00  1.1237791996e+00 -1.5891701223e+00  8.7323241917e-01  2.5368516930e+00  2.0723950746e-01  1.3455854994e+00  3.4684514763e-01 -1.5834665674e+00  2.9251771759e+00  2.6714636469e+00  7.3099908396e-01 -1.0802521001e+00 -3.2153150485e-01  2.1326239081e+00 -6.5461844468e-02 -7.2925736477e-01  2.2524649489e+00 -1.2661910861e+00  5.7434939954e-01  1.9063010781e+00  2.0550598137e+00  2.4107164482e+00  2.8353081016e+00  1.8156583093e+00  9.0980073901e-01  2.9563057284e+00  6.4814841203e-01  2.2425458349e+00  5.4815393178e-01  9.2455086974e-03  1.8994834833e+00 -6.1273063470e-02  3.2341089300e+00  1.0244822421e+00
ENERGY -3.630631194588e+02

JOB 8
COORDS -1.1160984143e+00  2.0501224664e+00  2.2392211049e+00  1.6314308166e+00 -5.2754131388e-01  5.1903523837e-02  2.1679376581e+00  1.2785284120e+00  1.7589670084e+00  1.0833251390e+00  4.4776998381e-01  1.0832624836e+00 -5.0904628343e-01  2.2639490126e+00  1.0343747303e+00 -1.3229250811e+00  9.7604229587e-01  2.7837314638e+00  1.7064792952e-01  1.2925574446e+00  3.0110316973e-01 -1.4421883917e+00  3.0238082535e+00  2.6593158169e+00  8.1680161732e-01 -1.0777304898e+00 -4.2662999248e-01  2.1995308150e+00 -4.3635744563e-04 -7.2166676782e-01  2.2949444238e+00 -1.2472819896e+00  5.4079658068e-01  1.7465649979e+00  1.9852654865e+00  2.4802955434e+00  2.7526227414e+00  1.8347950098e+00  1.0179012062e+00  2.8465348090e+00  6.1937486481e-01  2.3097850289e+00  4.8925350809e-01 -8.1582768437e-02  1.8301182239e+00 -1.7445502686e-01  3.1996364116e+00  8.2473759208e-01
ENERGY -3.630615396178e+02

JOB 9
COORDS -1.0333040434e+00  2.1003702585e+00  2.2736819077e+00  1.6489807629e+00 -5.1429485299e-01  2.4909664349e-02  2.1294115968e+00  1.2357786201e+00  1.8037115614e+00  1.0658335688e+00  4.2902723937e-01  1.0676227237e+00 -5.6711838155e-01  2.2349874186e+00  9.9602021000e-01 -1.0995089304e+00  1.0823880690e+00  2.9473171926e+00  1.8817584677e-01  1.3000795755e+00  2.7691597589e-01 -1.4105527842e+00  3.0853758596e+00  2.6178729728e+00  8.5245582664e-01 -1.0510105529e+00 -4.9742594953e-01  2.2425275526e+00  3.5727314116e-02 -7.1271335487e-01  2.2971269440e+00 -1.2471152460e+00  5.1506550376e-01  1.6858652086e+00  1.9227309556e+00  2.5297370772e+00  2.7404795670e+00  1.8091967918e+00  1.0980479738e+00  2.7861358956e+00  5.5802739700e-01  2.3587286741e+00  4.4836699451e-01 -1.1977156834e-01  1.7792665675e+00 -3.3999436622e-01  3.1757794433e+00  6.8845801585e-01
ENERGY -3.630591257579e+02

JOB 10
COORDS -9.9686999853e-01  2.1394452545e+00  2.2950840402e+00  1.6581387527e+00 -4.9893928044e-01  5.1089280241e-03  2.1369471784e+00  1.1927409846e+00  1.8391047206e+00  1.0713500290e+00  4.2964816431e-01  1.0597104738e+00 -6.1514401994e-01  2.2042211548e+00  9.8518454857e-01 -9.0428782611e-01  1.1996144573e+00  3.0726296420e+00  2.3850262890e-01  1.3437292651e+00  2.7256997393e-01 -1.4890643202e+00  3.0985022801e+00  2.5579368226e+00  8.6397157844e-01 -1.0118320831e+00 -5.4404198435e-01  2.2736964477e+00  5.8573314746e-02 -7.0844734230e-01  2.2873642319e+00 -1.2513157310e+00  4.9031050898e-01  1.6913407000e+00  1.8697747504e+00  2.5716371629e+00  2.7741351251e+00  1.7685144206e+00  1.1590948276e+00  2.7670556600e+00  4.8641033630e-01  2.3897577907e+00  4.2711351023e-01 -1.2311564242e-01  1.7432552592e+00 -5.4936841919e-01  3.1313050767e+00  5.7832134407e-01
ENERGY -3.630564645613e+02

JOB 11
COORDS -1.4725776510e+00  1.4594750705e+00  1.7905865013e+00  1.0933459482e+00 -1.7249044441e-01  3.7403556636e-01  2.9209235321e+00  1.1474516715e+00  1.5450772760e+00  1.4285672036e+00  8.5694642334e-01  1.4477826503e+00 -5.3068234914e-01  2.3254586614e+00  1.3228250422e+00 -1.3234196548e+00  3.7507651847e-01  2.3397637155e+00  8.5240651875e-01  2.1622915655e+00  1.1177328071e+00 -2.4659190410e+00  1.9303905190e+00  1.6398093687e+00  1.7097331314e-02 -3.4061151769e-01  3.0836597923e-01  1.4710523629e+00  1.5415269779e-01 -6.0084895411e-01  1.5616659647e+00 -1.1305664800e+00  6.2404616772e-01  3.1239788077e+00  1.8861021393e+00  2.3251748779e+00  3.3057758247e+00  1.5283630885e+00  5.9337282666e-01  3.4577282836e+00  2.2549954613e-01  1.7885187913e+00  1.0366084504e+00  5.3882117228e-01  2.4139921641e+00 -8.4167027346e-01  3.0909160907e+00  7.3698193594e-01
ENERGY -3.630544896701e+02

JOB 12
COORDS -1.4414790663e+00  1.4621262876e+00  1.8379667409e+00  1.0598146223e+00 -1.0134794473e-01  3.4658944982e-01  2.9248253976e+00  1.1224653450e+00  1.5624939982e+00  1.4275653709e+00  8.6026564040e-01  1.4714470169e+00 -5.2786475675e-01  2.3254790441e+00  1.3035484766e+00 -1.2509994309e+00  5.1849159601e-01  2.5927625122e+00  8.6996111473e-01  2.1938957949e+00  1.2280510233e+00 -2.4525320668e+00  1.7913605830e+00  1.5209287219e+00 -2.0192688129e-02 -2.5435479100e-01  2.8569496373e-01  1.4242085558e+00  2.7349220668e-01 -6.1603373815e-01  1.5170189012e+00 -1.0787028431e+00  5.3342767012e-01  3.1456820585e+00  1.8300536495e+00  2.3661526506e+00  3.3087165242e+00  1.5301025765e+00  6.2156098505e-01  3.4478777453e+00  1.8432292289e-01  1.7715838877e+00  1.0429364722e+00  4.9309308262e-01  2.4227968440e+00 -8.4065749562e-01  2.8865335719e+00  5.1824551341e-01
ENERGY -3.630564646101e+02

JOB 13
COORDS -1.4236191283e+00  1.4870595782e+00  1.8869529817e+00  1.0492008596e+00 -5.6469069031e-02  3.1411098632e-01  2.9182126648e+00  1.1069771382e+00  1.5833202098e+00  1.4204793488e+00  8.5668605652e-01  1.4769406912e+00 -5.2818261153e-01  2.3006049073e+00  1.2511856275e+00 -1.2074903792e+00  6.8755606709e-01  2.7861410602e+00  8.6842961027e-01  2.2042681930e+00  1.2939226202e+00 -2.4374915757e+00  1.6980812859e+00  1.4887668008e+00 -3.2233370120e-02 -2.0222200952e-01  2.4336559742e-01  1.4163015772e+00  3.5192421942e-01 -6.3384765969e-01  1.4996846789e+00 -1.0431233141e+00  4.6329145440e-01  3.1373038712e+00  1.7874165141e+00  2.4105755510e+00  3.3092095495e+00  1.5432768632e+00  6.5829391718e-01  3.4360261584e+00  1.6057303478e-01  1.7665150236e+00  1.0311098491e+00  4.5408068091e-01  2.4124526830e+00 -8.2205984459e-01  2.7005865763e+00  3.6522917164e-01
ENERGY -3.630591257568e+02

JOB 14
COORDS -1.4161307443e+00  1.5441022973e+00  1.9708436960e+00  1.0707544292e+00 -2.9198854765e-02  2.4945369469e-01  2.9009052634e+00  1.0918494279e+00  1.6126751240e+00  1.4085572964e+00  8.4076867854e-01  1.4545628997e+00 -5.3855306605e-01  2.2469411410e+00  1.1948178129e+00 -1.1647057613e+00  9.0926691158e-01  2.9840892106e+00  8.4932914711e-01  2.1919467315e+00  1.3121199038e+00 -2.4395413036e+00  1.6620205192e+00  1.5590109368e+00 -8.3005268468e-03 -1.8076933433e-01  1.4909409028e-01  1.4531938958e+00  4.1843588360e-01 -6.7458008244e-01  1.5270329707e+00 -1.0170909600e+00  3.6886304712e-01  3.0910841052e+00  1.7469830937e+00  2.4670305076e+00  3.3164380013e+00  1.5592003920e+00  7.1384880396e-01  3.4187460629e+00  1.4292181135e-01  1.7820930769e+00  9.9685976527e-01  4.0439268017e-01  2.3661486247e+00 -8.3078827674e-01  2.5055063037e+00  2.5714536975e-01
ENERGY -3.630615393850e+02

JOB 15
COORDS -1.4120712963e+00  1.6451280502e+00  2.0936572437e+00  1.1387101623e+00 -2.7130847918e-02  1.4916223644e-01  2.8653227705e+00  1.0769108797e+00  1.6563664097e+00  1.3904153247e+00  8.0983375496e-01  1.3982376002e+00 -5.7332586843e-01  2.1491324601e+00  1.1430798790e+00 -1.0971455717e+00  1.2122213438e+00  3.1915967320e+00  8.0970575353e-01  2.1516789657e+00  1.2608916883e+00 -2.4585739146e+00  1.6997254072e+00  1.7295855861e+00  6.8851432108e-02 -1.8475308456e-01 -2.0637140304e-02  1.5701447780e+00  4.5430411336e-01 -7.3536998878e-01  1.5992869185e+00 -1.0136890963e+00  2.6366216760e-01  2.9907919759e+00  1.7024087225e+00  2.5440503542e+00  3.3245238669e+00  1.5848365440e+00  8.0181332833e-01  3.3904336476e+00  1.3112967824e-01  1.8205880423e+00  9.3344380771e-01  3.4305150409e-01  2.2739325612e+00 -9.0563252834e-01  2.3024883272e+00  1.9660001631e-01
ENERGY -3.630631194623e+02

JOB 16
COORDS -1.4233320487e+00  1.7135115668e+00  2.1698157208e+00  1.2242419551e+00 -7.9995254331e-02  8.5562001214e-02  2.8305832920e+00  1.0909359326e+00  1.6769122430e+00  1.3829049163e+00  7.6273141659e-01  1.3458200322e+00 -6.3759304678e-01  1.9689331449e+00  1.0817206260e+00 -1.0388478387e+00  1.3474437476e+00  3.2693765585e+00  7.4740113962e-01  2.0726247942e+00  1.1819901301e+00 -2.4921447559e+00  1.8296851708e+00  1.8963018268e+00  1.6774131107e-01 -2.3949998574e-01 -1.4972810520e-01  1.7065634867e+00  4.0588418875e-01 -7.6954700420e-01  1.6863463613e+00 -1.0620482451e+00  2.3115961945e-01  2.8875795145e+00  1.7044333102e+00  2.5798439307e+00  3.3039987190e+00  1.6339933218e+00  8.5214218752e-01  3.3902070158e+00  1.6632878805e-01  1.8475053955e+00  9.0649751986e-01  2.7457659899e-01  2.1999084821e+00 -1.0072662827e+00  2.4477382262e+00  2.6843307198e-01
ENERGY -3.630641719674e+02

JOB 17
COORDS -1.4316744716e+00  1.8296809395e+00  2.2423125640e+00  1.2868385978e+00 -8.2440031948e-02  1.3489329708e-02  2.8010094309e+00  1.0741751088e+00  1.7043463741e+00  1.3766453018e+00  7.1453410843e-01  1.3100834886e+00 -6.8450297930e-01  1.8335867525e+00  1.0872661383e+00 -1.0045469664e+00  1.6571309745e+00  3.3699006632e+00  6.9871912852e-01  2.0019986004e+00  1.1782311646e+00 -2.5090841821e+00  1.9313408681e+00  1.9975335670e+00  2.4393297415e-01 -2.7242926133e-01 -2.5713364596e-01  1.7715866484e+00  4.5870027076e-01 -8.0625702780e-01  1.7853948738e+00 -1.0504809015e+00  1.3061868755e-01  2.8056765402e+00  1.6521476830e+00  2.6320478986e+00  3.2822777306e+00  1.6660991872e+00  9.1869743635e-01  3.3865883068e+00  1.6243642978e-01  1.8561702292e+00  8.9039496710e-01  1.7370545168e-01  2.1280135705e+00 -1.0643746424e+00  2.2870905425e+00  2.6189627836e-01
ENERGY -3.630648946389e+02

JOB 18
COORDS -1.1621200317e+00  3.1007782526e+00  1.6951693104e+00  1.0131961669e+00 -2.1384384891e-01  5.0524299342e-01  2.8280199896e+00  1.2374525146e+00  1.5484761694e+00  1.3360282199e+00  9.9909764212e-01  1.3710298041e+00 -5.5759621840e-01  2.2644270689e+00  7.7732401407e-01 -6.5056283133e-01  3.5469943399e+00  2.7040067486e+00  8.3919575142e-01  2.2263978130e+00  7.5912331163e-01 -2.2263808883e+00  3.2547769755e+00  1.4210047923e+00 -6.7272913035e-02 -3.2521422454e-01  3.7334674967e-01  1.4824944737e+00 -1.1946535339e-01 -4.8000357210e-01  1.3881726085e+00 -1.1268640260e+00  9.7966825059e-01  3.0017272735e+00  2.1262433693e+00  2.1605192879e+00  3.3146994871e+00  1.3793782938e+00  5.7785883356e-01  3.2878454894e+00  3.7563721023e-01  2.0414832271e+00  8.5341846925e-01  9.0622754492e-01  2.3502249714e+00 -9.4174950403e-01  2.2594724713e+00 -1.6440902031e-01
ENERGY -3.630645972471e+02

JOB 19
COORDS -1.1881682601e+00  3.2027669131e+00  1.6571660803e+00  1.0327870316e+00 -2.0614455568e-01  4.6134984807e-01  2.8366438139e+00  1.2128291067e+00  1.5622237351e+00  1.3454885132e+00  9.5834932898e-01  1.3961251450e+00 -5.8328113788e-01  2.2122824404e+00  9.0163800179e-01 -6.7788545901e-01  3.8358308234e+00  2.5591916790e+00  8.1569975551e-01  2.2098302204e+00  8.7360124715e-01 -2.2551914291e+00  3.2929450027e+00  1.3652524140e+00 -4.6828253006e-02 -3.5111516911e-01  3.5650272385e-01  1.4652777917e+00 -3.0527130541e-02 -5.2966267135e-01  1.4545759029e+00 -1.1342771420e+00  8.6106717899e-01  3.0066281949e+00  2.0679937473e+00  2.2214404249e+00  3.3032365457e+00  1.4202258786e+00  5.9361970552e-01  3.3201635941e+00  3.3238631236e-01  1.9961014523e+00  8.8125802259e-01  7.9047276241e-01  2.3749831698e+00 -9.7128908430e-01  2.0776475041e+00 -3.0534262699e-02
ENERGY -3.630636322569e+02

JOB 20
COORDS -1.2054323054e+00  3.2885659910e+00  1.6045434884e+00  1.0467616159e+00 -1.8709338053e-01  4.1725309832e-01  2.8430478165e+00  1.1885140868e+00  1.5784657480e+00  1.3522778298e+00  9.2293872828e-01  1.4203575654e+00 -6.0413320147e-01  2.1721964954e+00  1.0431653944e+00 -6.8846783809e-01  4.0946290823e+00  2.3503392648e+00  7.9677534066e-01  2.1940048557e+00  9.8921662359e-01 -2.2789410936e+00  3.3073581891e+00  1.3231047538e+00 -2.9948336618e-02 -3.6309348639e-01  3.2755088481e-01  1.4485697880e+00  6.5709014722e-02 -5.6994781362e-01  1.5051253005e+00 -1.1260343234e+00  7.4459921560e-01  3.0127049411e+00  2.0010294756e+00  2.2896791863e+00  3.2892317996e+00  1.4675658296e+00  6.1837468157e-01  3.3466932311e+00  2.8886233990e-01  1.9446474688e+00  9.0675159625e-01  6.8114853190e-01  2.3929655817e+00 -1.0019009417e+00  1.8951946133e+00  1.4575072994e-01
ENERGY -3.630621927944e+02

JOB 21
COORDS -1.2182019855e+00  3.3473066417e+00  1.5349556748e+00  1.0483659338e+00 -1.5171508730e-01  3.7842947424e-01  2.8510079166e+00  1.1616967097e+00  1.5954693202e+00  1.3587525407e+00  8.9564901129e-01  1.4475029474e+00 -6.1440815270e-01  2.1462440929e+00  1.1899524271e+00 -6.9848499469e-01  4.2889272723e+00  2.0969635639e+00  7.8874765508e-01  2.1857424102e+00  1.1123434525e+00 -2.2970635344e+00  3.2995966991e+00  1.2790567220e+00 -2.4096477262e-02 -3.6213367097e-01  3.0998562333e-01  1.4073298138e+00  1.8193735908e-01 -6.0113645320e-01  1.5462419948e+00 -1.0954596207e+00  6.2334167977e-01  3.0284881981e+00  1.9288574813e+00  2.3535382591e+00  3.2773345266e+00  1.5052528414e+00  6.4745113024e-01  3.3672121902e+00  2.4460295876e-01  1.8946782580e+00  9.3335483453e-01  5.8408092991e-01  2.4097739207e+00 -1.0154649171e+00  1.7309100146e+00  3.4775987177e-01
ENERGY -3.630603211901e+02

JOB 22
COORDS -1.2250250521e+00  3.3803814589e+00  1.4562224879e+00  1.0451919753e+00 -1.0373859522e-01  3.4012302270e-01  2.8576101614e+00  1.1360926572e+00  1.6122897266e+00  1.3632151209e+00  8.7624246938e-01  1.4708435460e+00 -6.1749013816e-01  2.1359426829e+00  1.3453474981e+00 -7.0067680794e-01  4.4205098178e+00  1.7956103717e+00  7.8741612025e-01  2.1820737265e+00  1.2299279770e+00 -2.3107840934e+00  3.2729092588e+00  1.2538676309e+00 -2.5191156725e-02 -3.2501869879e-01  2.6623388125e-01  1.3896996412e+00  2.9404522878e-01 -6.2016473453e-01  1.5529740883e+00 -1.0566210109e+00  5.2046468412e-01  3.0460252344e+00  1.8506814293e+00  2.4175169382e+00  3.2666227714e+00  1.5450094860e+00  6.8290698573e-01  3.3810362879e+00  2.0267334807e-01  1.8400362180e+00  9.5507375689e-01  4.9928646648e-01  2.4176659914e+00 -1.0265823671e+00  1.5810263180e+00  5.9117364650e-01
ENERGY -3.630581423276e+02

JOB 23
COORDS -1.2405923452e+00  3.3512068378e+00  1.2110328714e+00  1.0858041303e+00  3.4368427770e-02  1.5430398656e-01  2.8299886467e+00  1.0505548172e+00  1.7057381140e+00  1.3478153765e+00  8.4253568996e-01  1.4232883998e+00 -6.1351105419e-01  2.1173253671e+00  1.2995712485e+00 -7.4705741715e-01  4.3930749635e+00  8.3077751482e-01  7.9893451491e-01  2.1749250510e+00  1.3308301818e+00 -2.3126257459e+00  3.2332424937e+00  1.4721362993e+00  1.4994625348e-02 -4.6083138582e-02 -5.0763804681e-02  1.5636010264e+00  5.1792773871e-01 -7.0341460289e-01  1.4945581360e+00 -9.7619830811e-01  2.5880492323e-01  2.9737220952e+00  1.6354610844e+00  2.6181589533e+00  3.3030297764e+00  1.5819420469e+00  8.7443626664e-01  3.3255374234e+00  8.2673872250e-02  1.8261757644e+00  8.8210333410e-01  3.4075413644e-01  2.2885421351e+00 -9.6718698013e-01  1.5577849633e+00  2.0804476206e+00
ENERGY -3.630569159962e+02

