JOB 0
COORDS  2.3476690152e+00 -7.2852357919e-01  6.6857089159e-01  4.7360260216e+00 -1.2425023761e-01  1.2704530507e+00  1.0871907433e+00  5.4337122010e-01 -1.0838972343e+00  2.4249624537e-01 -1.6106634979e+00 -2.1475525194e-01  3.4409791955e+00  3.4090605067e-01  6.0221656206e-01  1.2593162411e+00 -5.6690328087e-01 -1.5758687257e-01  2.4496411409e+00 -1.6935080054e+00  1.4295259640e+00  4.5645465328e+00 -3.8565157697e-01  2.3167046023e+00  5.4911566469e+00  6.6728902859e-01  1.2227157999e+00  5.1331115994e+00 -1.0132425567e+00  7.7273257271e-01  2.0053180991e-02  7.7033919944e-01 -1.1730458351e+00  1.4678617678e+00  3.0690247779e-01 -2.0879703194e+00  1.5837137303e+00  1.4446554950e+00 -7.2517493522e-01 -7.4037351327e-01 -1.2052860255e+00  5.5542101383e-02  5.1160224617e-01 -2.3997383065e+00  4.8531583918e-01  1.7920900579e-01 -2.0295623477e+00 -1.2275002233e+00  3.0673662572e+00  1.2516663707e+00  1.0888571223e+00  3.6378817970e+00  6.1139529424e-01 -4.4067826504e-01
ENERGY -3.272090249160e+02

JOB 1
COORDS  2.2871339575e+00 -6.6469692282e-01  7.7133275082e-01  4.7332194351e+00 -1.7375787725e-01  1.1971111372e+00  1.1289307917e+00  4.8696689854e-01 -1.1303783877e+00  2.5244554424e-01 -1.6281974779e+00 -1.8547716806e-01  3.3972543568e+00  3.8627672576e-01  6.9854466359e-01  1.2718181956e+00 -5.8500993112e-01 -1.5243970872e-01  2.3227287080e+00 -1.5561133128e+00  1.6234287657e+00  4.6370662319e+00 -5.5852528906e-01  2.2141441691e+00  5.5007591971e+00  6.0691898951e-01  1.1829824337e+00  5.0700278602e+00 -9.9829816894e-01  5.6130303020e-01  6.6343629570e-02  6.1867838665e-01 -1.3544080101e+00  1.6479092390e+00  2.6303679857e-01 -2.0728427411e+00  1.4980808188e+00  1.4370431221e+00 -7.4234447083e-01 -7.3138651257e-01 -1.2213209787e+00  8.0814636582e-02  5.2247215993e-01 -2.4036332836e+00  5.2933609107e-01  1.8927332662e-01 -2.0629116723e+00 -1.1907079183e+00  3.0915440465e+00  1.2411889106e+00  1.3162253025e+00  3.5167903716e+00  7.6496543661e-01 -3.1995865545e-01
ENERGY -3.272080581243e+02

JOB 2
COORDS  2.2736875328e+00 -6.0911947769e-01  8.5238418891e-01  4.7599270883e+00 -2.2146675359e-01  1.0507412869e+00  1.2474376944e+00  4.6013457647e-01 -1.1680595094e+00  2.7033913187e-01 -1.5870330208e+00 -1.4993679577e-01  3.3915576106e+00  4.3285904203e-01  8.1610545566e-01  1.3071852518e+00 -5.5927024357e-01 -1.2344057531e-01  2.2629707100e+00 -1.4678003568e+00  1.7390803922e+00  4.7539140582e+00 -7.9425951753e-01  1.9801898123e+00  5.5433333770e+00  5.4104436970e-01  1.1082101013e+00  5.0106245168e+00 -9.0632920701e-01  2.3381528902e-01  2.6165600589e-01  4.1637818822e-01 -1.6362902961e+00  1.9983415802e+00  3.0035456070e-01 -1.9525683759e+00  1.3697273675e+00  1.4673794651e+00 -7.6176041663e-01 -7.2128651990e-01 -1.1420879258e+00 -7.0716067402e-04  4.6646396455e-01 -2.2989031868e+00  6.4994496504e-01  2.7725589077e-01 -2.1114216066e+00 -1.1134185968e+00  3.1824426628e+00  1.1499589023e+00  1.6194987782e+00  3.4083245906e+00  9.9784576475e-01 -1.1757917039e-01
ENERGY -3.272071915810e+02

JOB 3
COORDS  2.1764564433e+00 -5.9343825298e-01  9.0568721980e-01  4.6626370272e+00 -1.6586980828e-01  8.9285704845e-01  1.3124474640e+00  3.4781048504e-01 -1.2481711975e+00  1.8022420581e-01 -1.5595756558e+00 -1.2072788063e-01  3.2665231642e+00  4.7535082904e-01  9.2414043879e-01  1.2751895783e+00 -5.9349904485e-01 -1.3124779129e-01  2.1254306736e+00 -1.4225758775e+00  1.8191497885e+00  4.7581102271e+00 -8.9691863700e-01  1.6990030768e+00  5.4397024871e+00  5.9543461105e-01  1.0146265985e+00  4.8402267613e+00 -6.8180091454e-01 -5.7336948772e-02  6.1328449393e-01  2.4986319120e-03 -2.0126007787e+00  2.3026237418e+00  3.9391976980e-01 -1.7098349215e+00  1.0114876781e+00  1.3605986796e+00 -9.5227176391e-01 -7.8753824727e-01 -1.0429261808e+00 -1.2267161732e-01  2.6272331399e-01 -2.1670933775e+00  7.7883481147e-01  2.3123232214e-01 -2.2111761464e+00 -1.0016619103e+00  3.1375779975e+00  1.0094745504e+00  1.8716611862e+00  3.1657746496e+00  1.2123861178e+00  1.2585139026e-01
ENERGY -3.272071058438e+02

JOB 4
COORDS  2.1118626493e+00 -5.7830599671e-01  1.0021981097e+00  4.5878391408e+00 -1.5791047502e-01  7.5577538004e-01  1.4119836971e+00  2.6936804406e-01 -1.2505348258e+00  1.5064359660e-01 -1.5297278438e+00 -1.0514063250e-01  3.2163407865e+00  4.7359134127e-01  1.0483881469e+00  1.2780058277e+00 -6.0352439178e-01 -8.9789841919e-02  1.9929392524e+00 -1.3769528431e+00  1.9360215125e+00  4.7672704751e+00 -9.9598350019e-01  1.4342271373e+00  5.3889527151e+00  5.7583672355e-01  8.8991596618e-01  4.6443119908e+00 -5.3509658719e-01 -2.7174701842e-01  9.8296576197e-01 -2.3659226815e-01 -2.1200221068e+00  2.4582895317e+00  4.7496473076e-01 -1.4803952983e+00  8.8265029957e-01  1.2231515667e+00 -1.1189859168e+00 -7.8961840584e-01 -9.8125317518e-01 -2.4215372484e-01  1.2493761235e-01 -2.0632616278e+00  8.4348152848e-01  2.5429633625e-01 -2.2540800355e+00 -9.2277135680e-01  3.2092839333e+00  8.5255825646e-01  2.0741714362e+00  3.0310099624e+00  1.3233735341e+00  3.8788610712e-01
ENERGY -3.272077306749e+02

JOB 5
COORDS  2.8967065538e+00 -6.7817481237e-01 -2.9213123151e-01  4.4168150989e+00  1.2229466058e+00  4.0326385399e-01  1.0130220592e+00  3.4165987949e-01  1.0315837436e+00  5.8123998271e-01 -9.0217099599e-01 -1.0453750172e+00  3.9076871689e+00 -1.8915959056e-01  7.4123409300e-01  1.5633158274e+00 -4.0954424026e-01 -8.6442161047e-02  3.2910830617e+00 -1.2813621606e+00 -1.2943147042e+00  4.8242860969e+00  1.2441295696e+00 -6.1152724987e-01  5.2083124754e+00  1.5244517036e+00  1.0967437202e+00  3.6167608422e+00  1.9691540809e+00  4.6013469818e-01  1.7888357926e+00  8.6525051895e-01  1.5856556360e+00  4.6981731291e-01 -3.1534169541e-01  1.7248921140e+00  3.0802570405e-01  1.0937843760e+00  6.5743775450e-01 -1.7272209224e-01 -1.5130239577e+00 -5.3319730667e-01  1.0924039220e+00 -1.5049455807e+00 -1.7938638757e+00  7.1510642859e-02 -6.5860247355e-02 -1.5409661760e+00  4.7391757532e+00 -8.9503328443e-01  6.8354866516e-01  3.5189670574e+00 -2.2753475988e-01  1.7626166335e+00
ENERGY -3.272083182396e+02

JOB 6
COORDS  2.9017130623e+00 -7.7961544840e-01 -2.2913448904e-01  4.2955741016e+00  1.2492109196e+00  4.1821472948e-01  1.0494439613e+00  3.9766827066e-01  1.0083051799e+00  5.9795247855e-01 -8.7560842200e-01 -1.0414107972e+00  3.9364170782e+00 -2.1222844135e-01  7.3979950416e-01  1.5902802532e+00 -3.8290807889e-01 -9.3166204195e-02  3.2598198912e+00 -1.5271190107e+00 -1.1436109719e+00  4.6491574496e+00  1.3346166024e+00 -6.1382165642e-01  5.0933157374e+00  1.6023147114e+00  1.0796193551e+00  3.4399092415e+00  1.9213746070e+00  5.3434313409e-01  1.8302965519e+00  7.3067422946e-01  1.6874072642e+00  3.2653084590e-01 -1.9701109867e-01  1.5832866948e+00  5.2859171865e-01  1.2852664618e+00  6.2696809583e-01 -9.4754540178e-02 -1.5737127572e+00 -5.5267167363e-01  1.1102633248e+00 -1.3903538062e+00 -1.8521809083e+00  1.7410750463e-02 -3.7042933940e-02 -1.4445773461e+00  4.8190423582e+00 -8.4253072403e-01  6.1772446536e-01  3.6135960450e+00 -3.0692609497e-01  1.7819350096e+00
ENERGY -3.272082770257e+02

JOB 7
COORDS  2.9462231418e+00 -8.7235327835e-01 -1.8093853154e-01  4.2646993948e+00  1.2513564898e+00  4.2057451058e-01  1.1308815241e+00  4.3604046600e-01  9.6167480902e-01  6.7299271224e-01 -8.7967566217e-01 -1.0622415777e+00  4.0180701008e+00 -2.3980559092e-01  7.0655240069e-01  1.6701509012e+00 -3.5469989078e-01 -1.3560516874e-01  3.2493254022e+00 -1.7617450098e+00 -9.8064914585e-01  4.5272480591e+00  1.4006261730e+00 -6.3161386428e-01  5.0969297003e+00  1.6204593619e+00  1.0288695672e+00  3.3922321052e+00  1.8732715889e+00  6.3506545968e-01  1.8841238493e+00  6.2972321994e-01  1.7220878928e+00  3.0227864374e-01 -1.0192994503e-01  1.4413202339e+00  7.4632225359e-01  1.3982906917e+00  6.0037945987e-01  6.8481373207e-02 -1.6695667477e+00 -5.9547915189e-01  1.1771448312e+00 -1.2968498758e+00 -1.9323894148e+00  6.5423342774e-03 -6.7666609639e-02 -1.3728263563e+00  4.9246298385e+00 -8.1422670193e-01  5.0978935913e-01  3.7755602714e+00 -3.8437495282e-01  1.7666536206e+00
ENERGY -3.272071642079e+02

JOB 8
COORDS  2.8744386021e+00 -8.9831831601e-01 -1.3699749748e-01  4.1817165128e+00  1.2731184846e+00  4.5860159243e-01  1.0934865445e+00  5.1169827596e-01  9.0625970488e-01  6.4574846275e-01 -8.3840424777e-01 -1.0960207794e+00  3.9979960755e+00 -2.3892563802e-01  6.6652315041e-01  1.6454396854e+00 -2.7170515521e-01 -1.9468070807e-01  3.1075577902e+00 -1.9038720231e+00 -8.1149781443e-01  4.3105285755e+00  1.5041743949e+00 -6.0374530210e-01  5.0800462220e+00  1.6132711403e+00  9.8444745816e-01  3.3414050892e+00  1.8656842513e+00  8.2430787176e-01  1.8245729977e+00  6.4791436920e-01  1.7007588550e+00  2.2978650416e-01 -1.0027601224e-02  1.3397789590e+00  7.5962697520e-01  1.4982543307e+00  5.6275983390e-01  1.0291043102e-01 -1.6725407448e+00 -6.3042350131e-01  1.1359561642e+00 -1.2091701280e+00 -1.9952826078e+00 -7.1137625843e-02 -5.5487469128e-02 -1.3628101588e+00  4.9013477823e+00 -7.7407421157e-01  3.6911174636e-01  3.8527768311e+00 -4.5257182449e-01  1.7342483269e+00
ENERGY -3.272049267397e+02

JOB 9
COORDS  2.8804063346e+00 -9.3842012707e-01 -1.0887443282e-01  4.1384768449e+00  1.2878240705e+00  5.7000132240e-01  1.1220800688e+00  5.7841700221e-01  8.1347042303e-01  6.6612157899e-01 -9.0470260093e-01 -1.0961181798e+00  4.0458602918e+00 -2.4581145593e-01  6.0846431396e-01  1.6674830013e+00 -2.9096913719e-01 -2.2689370931e-01  3.0817092562e+00 -2.0150006185e+00 -6.7574484120e-01  3.9492331099e+00  1.6695325417e+00 -4.3872171168e-01  5.1490778178e+00  1.5978645745e+00  8.5572572074e-01  3.4458528859e+00  1.7864245543e+00  1.2493654129e+00  1.7824398764e+00  6.2104633825e-01  1.6778878371e+00  1.6331902596e-01  1.7316501356e-01  1.1591989873e+00  9.5173995140e-01  1.5973935327e+00  4.4554519781e-01  1.0481031480e-01 -1.6948636410e+00 -5.7887569831e-01  1.1577997846e+00 -1.3463982727e+00 -1.9619849891e+00 -3.3833601159e-02 -1.3043971123e-01 -1.4255008199e+00  4.9292386440e+00 -6.8561162018e-01  1.4129876098e-01  4.0605781864e+00 -5.9512757185e-01  1.6499684634e+00
ENERGY -3.272020441222e+02

JOB 10
COORDS  2.8484670291e+00 -9.6035595124e-01 -8.7133721577e-02  4.1226838368e+00  1.2652550911e+00  7.0419592694e-01  1.1190936572e+00  6.7179050099e-01  7.1105792659e-01  6.3247260776e-01 -9.5956039681e-01 -1.0606926389e+00  4.0647455681e+00 -2.6167299248e-01  5.3949340950e-01  1.6490302322e+00 -2.9749647458e-01 -2.4496042255e-01  3.0134808244e+00 -2.0871848035e+00 -5.6088966871e-01  3.6824755923e+00  1.7819973890e+00 -1.5454151064e-01  5.1691106255e+00  1.5800243702e+00  7.7404399555e-01  3.6241487911e+00  1.6246683951e+00  1.6069364182e+00  1.7824404638e+00  7.8954347435e-01  1.5639769443e+00  1.5711639170e-01  3.1191956989e-01  1.0959452023e+00  9.5796585358e-01  1.6532940564e+00  2.4886060677e-01  6.5758301365e-02 -1.7023555097e+00 -4.8301217203e-01  1.1098690295e+00 -1.4695445937e+00 -1.8964967480e+00 -6.0125654464e-02 -2.0121693035e-01 -1.4389829429e+00  4.8821898474e+00 -5.8875465365e-01 -1.0797460931e-01  4.2541656885e+00 -7.5272346160e-01  1.5020443084e+00
ENERGY -3.271997900619e+02

JOB 11
COORDS  2.8417731702e+00 -9.6076464009e-01 -3.8006814355e-02  4.1454972591e+00  1.2431930106e+00  8.6429941816e-01  1.1133412946e+00  7.6220179275e-01  6.0553679980e-01  6.2034678715e-01 -1.0329671398e+00 -9.8825373458e-01  4.0936533285e+00 -2.4596392776e-01  4.9711103517e-01  1.6430459364e+00 -3.0821838806e-01 -2.3434838214e-01  2.9909660804e+00 -2.1223574717e+00 -4.2705092526e-01  3.6644691682e+00  1.8738199435e+00  1.1054503998e-01  5.1939092772e+00  1.5538612245e+00  9.2767416249e-01  3.6942722170e+00  1.4621647730e+00  1.8357485483e+00  1.7965040467e+00  1.0147825100e+00  1.4094615274e+00  1.7453603763e-01  4.3069416748e-01  1.0668065355e+00  9.0496970313e-01  1.6662493464e+00  2.0044497193e-02  5.5889331594e-02 -1.7235025264e+00 -3.4725696568e-01  1.0902046139e+00 -1.6116934197e+00 -1.7822931144e+00 -7.3118262059e-02 -3.0572369322e-01 -1.4219443468e+00  4.8193682203e+00 -4.3655636616e-01 -2.9999040740e-01  4.4426935685e+00 -8.5121458027e-01  1.3407128086e+00
ENERGY -3.271982834618e+02

JOB 12
COORDS  2.6382223091e+00 -1.1385032212e+00 -3.6451725519e-01  3.7400107814e+00  6.7397324057e-01  1.2792394191e+00  9.2473006391e-01  6.4006541172e-01  7.0845964532e-02  2.8155241284e-01 -1.6915000477e+00 -3.6135703005e-01  3.8567607893e+00 -3.5000736423e-01  1.3929428004e-01  1.3544602028e+00 -7.5216664546e-01 -3.8595788591e-02  2.8447033197e+00 -2.1989014259e+00 -9.5970539666e-01  3.4112579892e+00  1.6606592983e+00  9.4621782316e-01  4.7220741586e+00  8.0773915337e-01  1.7446395946e+00  3.0521657265e+00  3.3346988317e-01  2.0598174726e+00  5.2834962008e-01  8.6643641037e-01  1.0680939337e+00  1.3463918749e-01  8.3401826300e-01 -6.6473179559e-01  1.7407169945e+00  1.3242956624e+00 -1.4662721565e-01 -5.7721986048e-01 -1.4746089836e+00  2.8149409222e-01  6.2297760224e-01 -2.7108016571e+00 -1.8548178248e-01 -3.0211986412e-02 -1.6096321157e+00 -1.4114453228e+00  4.3227530559e+00  1.1382213920e-01 -7.3893783962e-01  4.5448704170e+00 -1.1462858251e+00  4.3413522696e-01
ENERGY -3.271997901034e+02

JOB 13
COORDS  2.5960527698e+00 -1.1957268466e+00 -2.8922441346e-01  3.6937540414e+00  5.3318634741e-01  1.3852281269e+00  9.4155493583e-01  6.6263360266e-01 -6.7330687946e-02  2.2170509501e-01 -1.6823293749e+00 -2.4750221416e-01  3.8065226470e+00 -3.5485322516e-01  1.3573884419e-01  1.3202069165e+00 -7.4758473283e-01 -1.3690407125e-02  2.7841147304e+00 -2.3196765356e+00 -7.6072508670e-01  3.1355925405e+00  1.4557317985e+00  1.2199342804e+00  4.6966761291e+00  8.1933310855e-01  1.7189422307e+00  3.2127842553e+00 -4.4486605178e-03  2.2090014979e+00  5.3386790120e-01  1.0104475538e+00  8.8948426341e-01  1.7562037465e-01  8.0543321075e-01 -8.3969809663e-01  1.7900786288e+00  1.2884083086e+00 -3.3738964165e-01 -6.3531641668e-01 -1.3734581727e+00  3.5899493115e-01  5.3070619966e-01 -2.6866907875e+00  3.9760460006e-02 -7.9114035654e-02 -1.7040748223e+00 -1.3038683796e+00  4.1227528468e+00  2.5016135081e-01 -7.2492034277e-01  4.5943517301e+00 -1.0978540345e+00  2.7483388372e-01
ENERGY -3.272020435826e+02

JOB 14
COORDS  2.5911708190e+00 -1.2181522074e+00 -2.4248842942e-01  3.7179481717e+00  4.1201930791e-01  1.4465343440e+00  9.6971754590e-01  6.8346820905e-01 -1.8684971616e-01  2.0244085903e-01 -1.6503326114e+00 -2.1765844513e-01  3.7884331368e+00 -3.2848462638e-01  1.0125971034e-01  1.3181535660e+00 -7.2576929648e-01 -3.5903170897e-02  2.7721602468e+00 -2.3893772442e+00 -5.8316855847e-01  2.9328262587e+00  1.1690799165e+00  1.4833034234e+00  4.6710121192e+00  9.1391596248e-01  1.6439095748e+00  3.5366175622e+00 -2.9118998930e-01  2.2658508893e+00  4.4654170200e-01  1.0607777412e+00  7.0016532172e-01  3.0936313066e-01  8.1343486232e-01 -1.0545722177e+00  1.8545111137e+00  1.2940397490e+00 -3.5636477753e-01 -6.5053662220e-01 -1.2915796200e+00  3.6700518713e-01  4.9269554348e-01 -2.6420012323e+00  1.2699525443e-01 -9.7132789566e-02 -1.7257382737e+00 -1.2720791858e+00  3.9495849281e+00  3.9272295087e-01 -7.1160065074e-01  4.6462606171e+00 -1.0027973500e+00  8.4406405733e-02
ENERGY -3.272049262816e+02

JOB 15
COORDS  2.5923345643e+00 -1.2367259676e+00 -1.5954135685e-01  3.7585747413e+00  3.6931283370e-01  1.4745722376e+00  9.8006813573e-01  6.8590664177e-01 -2.5855421250e-01  1.8883151656e-01 -1.6394602263e+00 -2.2075014711e-01  3.7696276234e+00 -2.9288468461e-01  8.6315137350e-02  1.3160939713e+00 -7.2155046820e-01 -9.5370941668e-02  2.7890139800e+00 -2.4447149615e+00 -3.1621625071e-01  2.8933049391e+00  1.0188244026e+00  1.6274236991e+00  4.6607351485e+00  9.7426571820e-01  1.6126083723e+00  3.7431914963e+00 -3.9224540548e-01  2.2608570016e+00  3.7881315217e-01  1.0439802966e+00  5.8660668102e-01  3.9517267623e-01  8.3109026199e-01 -1.1768874500e+00  1.8720734629e+00  1.3037372971e+00 -3.3192549535e-01 -6.3271012366e-01 -1.2890541324e+00  4.1332349160e-01  4.9971353928e-01 -2.6342421291e+00  9.4074065910e-02 -1.6917057230e-01 -1.6961667875e+00 -1.2580340659e+00  3.8184115444e+00  4.7455819037e-01 -6.9615586241e-01  4.6595082352e+00 -9.1418946772e-01 -2.5955972858e-02
ENERGY -3.272071629768e+02

JOB 16
COORDS  2.5275963261e+00 -1.1917154611e+00 -7.6770521458e-02  3.7469723140e+00  4.0798643251e-01  1.4822541920e+00  9.2672356443e-01  7.3842099224e-01 -3.2633291775e-01  1.2042141294e-01 -1.5801235010e+00 -2.7281155893e-01  3.6965445622e+00 -2.2203667745e-01  7.8959812248e-02  1.2603609904e+00 -6.7259839055e-01 -2.1764980895e-01  2.7261606499e+00 -2.4087169620e+00 -2.3019208674e-02  2.8721604625e+00  1.0323191729e+00  1.6874083860e+00  4.6387988163e+00  1.0338248990e+00  1.5893430963e+00  3.7878553547e+00 -3.7283564577e-01  2.2478103386e+00  3.4766518885e-01  1.0735403155e+00  5.4498781944e-01  3.1719695896e-01  9.1055003028e-01 -1.2225722076e+00  1.8172049882e+00  1.3576892739e+00 -4.0333107537e-01 -5.9753543399e-01 -1.3347955755e+00  5.2005269292e-01  4.7624336049e-01 -2.6000831316e+00 -1.3927803959e-01 -3.9089317779e-01 -1.4976651606e+00 -1.2405702972e+00  3.6842955227e+00  5.5804361080e-01 -6.8953541099e-01  4.5920648537e+00 -8.2350657046e-01 -8.6556331031e-02
ENERGY -3.272082822542e+02

JOB 17
COORDS  2.4818563542e+00 -1.1752869376e+00  1.7684954219e-02  3.8479361614e+00  3.6377422159e-01  1.4929069420e+00  8.8606476790e-01  7.2799758233e-01 -4.0473046334e-01  9.9435223735e-02 -1.5961461456e+00 -3.2095899088e-01  3.6604156337e+00 -2.0760579795e-01  7.6766367417e-02  1.2329267187e+00 -6.7917515310e-01 -2.7958390008e-01  2.6653141608e+00 -2.3745786606e+00  2.4470439074e-01  2.9973788827e+00  9.8266633763e-01  1.7987542246e+00  4.7493991606e+00  9.8275746194e-01  1.5432183384e+00  3.9504737659e+00 -4.4901216581e-01  2.2176486134e+00  1.6726549201e-01  1.0151770963e+00  3.7449303938e-01  4.2264217528e-01  9.2401105496e-01 -1.3802185968e+00  1.7593516524e+00  1.3681599023e+00 -3.0652606346e-01 -5.6151325114e-01 -1.4404723280e+00  5.4235056956e-01  4.7135382127e-01 -2.6189409860e+00 -3.0320856686e-01 -4.8060744262e-01 -1.4282914465e+00 -1.2361436610e+00  3.5829201924e+00  5.9751729909e-01 -6.5923617913e-01  4.5342886455e+00 -8.0645459156e-01 -1.8908536287e-01
ENERGY -3.272083224311e+02

JOB 18
COORDS  2.5207958963e+00 -1.2293557568e+00  1.1764843969e-01  4.1289470725e+00  1.6099097432e-01  1.4777818773e+00  9.4231592441e-01  6.1679077979e-01 -5.0247416683e-01  1.5311240938e-01 -1.7177839200e+00 -2.4752844018e-01  3.6856426015e+00 -2.4519783791e-01  6.2218005280e-02  1.2623463839e+00 -7.7154716284e-01 -1.9074596329e-01  2.7309925511e+00 -2.4035726875e+00  4.3550885987e-01  3.3469648314e+00  7.2813797305e-01  1.9955784020e+00  5.0275929809e+00  7.8472816282e-01  1.4384451453e+00  4.3502120402e+00 -7.2976541523e-01  2.0714794112e+00 -1.0025457527e-01  8.0515224411e-01 -2.3088704988e-01  1.0593677803e+00  8.4206502692e-01 -1.5714745440e+00  1.5562962917e+00  1.3101234500e+00  7.3751068043e-02 -5.9579541465e-01 -1.4854270222e+00  5.2008372388e-01  5.4087760479e-01 -2.7204401754e+00 -7.5710669465e-02 -3.3101130468e-01 -1.6758880712e+00 -1.2311079154e+00  3.4770435696e+00  6.3637947019e-01 -5.4773888476e-01  4.4993034648e+00 -7.9070039332e-01 -4.2388107968e-01
ENERGY -3.272077305749e+02

JOB 19
COORDS  2.4553004848e+00 -1.1548567179e+00  1.8059517491e-01  4.2351288188e+00  5.4564991538e-02  1.4972560749e+00  8.7477650251e-01  6.1423698645e-01 -6.2293361173e-01  1.0929258865e-01 -1.7163561469e+00 -2.1059942751e-01  3.6022097760e+00 -1.4947928502e-01  1.1188609674e-01  1.1980489239e+00 -7.4339554907e-01 -1.9057729864e-01  2.6828013774e+00 -2.3079591287e+00  5.5886859807e-01  3.5309609594e+00  5.3180271305e-01  2.1878978579e+00  5.1227531513e+00  6.9118243272e-01  1.4259392009e+00  4.5271247767e+00 -9.0861589287e-01  1.9220016608e+00 -2.1208396009e-01  7.1461628879e-01 -6.5819301210e-01  1.2645412893e+00  8.3893022346e-01 -1.6237788058e+00  1.2480292616e+00  1.3651113547e+00  7.8644581383e-02 -6.9293044264e-01 -1.4118974889e+00  4.7264513538e-01  5.0127707802e-01 -2.6817262269e+00  1.0478540642e-01 -3.0704065126e-01 -1.8063235331e+00 -1.2216624303e+00  3.3145701794e+00  8.0913528160e-01 -3.2270157144e-01  4.3436203919e+00 -5.9612004370e-01 -5.5932395506e-01
ENERGY -3.272071055046e+02

JOB 20
COORDS  2.5176690199e+00 -1.0751775157e+00  2.7188779014e-01  4.4061415152e+00 -2.4335155979e-02  1.5758851355e+00  9.6650475760e-01  5.9293896369e-01 -7.7212316694e-01  1.8160608330e-01 -1.6755548853e+00 -1.2400010083e-01  3.6314904687e+00 -2.8453657543e-02  2.5092115933e-01  1.2783406540e+00 -7.1461294439e-01 -2.0023911670e-01  2.7453633849e+00 -2.2056106256e+00  7.1229030623e-01  3.7624883455e+00  2.9145574738e-01  2.4036777133e+00  5.2535863058e+00  6.6651331301e-01  1.5209580545e+00  4.7788539949e+00 -1.0252372260e+00  1.8023421625e+00  7.9199995200e-03  5.2246213731e-01 -1.2908411321e+00  1.7121695032e+00  9.0391208956e-01 -1.5082319882e+00  8.7642748249e-01  1.3742274058e+00 -6.4114846285e-03 -6.5076674020e-01 -1.2594318716e+00  4.5679663775e-01  5.4485450383e-01 -2.5792593099e+00  3.6221347691e-01 -1.8348564667e-01 -1.9284166856e+00 -1.1271633134e+00  3.2598408519e+00  9.7544769900e-01  3.8043787967e-02  4.3060380412e+00 -3.0001882951e-01 -5.7044363517e-01
ENERGY -3.272071915826e+02

JOB 21
COORDS  2.4513882830e+00 -1.0414847868e+00  3.3751353262e-01  4.5032752625e+00 -1.1542854658e-01  1.4941564459e+00  9.2528427121e-01  5.3353709136e-01 -8.7680231988e-01  1.3047699176e-01 -1.6794923924e+00 -9.8503369126e-02  3.5400153773e+00  3.3906595863e-02  3.1227217125e-01  1.2263690118e+00 -7.2167458143e-01 -1.9878995432e-01  2.6733688412e+00 -2.1465404098e+00  8.3904609739e-01  3.9773727431e+00  2.4087061827e-02  2.4436420653e+00  5.3010783041e+00  6.3168241389e-01  1.4300541728e+00  4.9499574399e+00 -1.1113990184e+00  1.5068972762e+00  1.4631344532e-01  3.5163567955e-01 -1.6229575228e+00  1.7955781294e+00  9.2351382418e-01 -1.4059435520e+00  5.5692608378e-01  1.3032189469e+00 -1.8425285308e-01 -7.3846643798e-01 -1.2105981762e+00  3.7954731675e-01  4.6065983777e-01 -2.5271791281e+00  4.9947608159e-01 -1.6862892768e-01 -2.0360612207e+00 -1.0923743251e+00  3.1050883795e+00  1.0368151789e+00  3.1951316232e-01  4.0863070735e+00 -6.3268570214e-02 -6.3534840544e-01
ENERGY -3.272080581218e+02

JOB 22
COORDS  2.3994086979e+00 -9.4562145102e-01  4.1982603175e-01  4.5764783570e+00 -1.1287751025e-01  1.4195286635e+00  9.5475939952e-01  5.4810256709e-01 -9.7992752805e-01  1.1142881355e-01 -1.6157079696e+00 -1.3414027922e-01  3.4902437787e+00  1.2726443100e-01  3.6944222811e-01  1.2230502716e+00 -6.7798641470e-01 -2.4166825237e-01  2.5744556878e+00 -1.9996675448e+00  1.0354132297e+00  4.1563527474e+00 -8.0967166621e-02  2.4286101992e+00  5.3530439561e+00  6.5522448140e-01  1.3421443229e+00  5.0364539316e+00 -1.0945081475e+00  1.2886463537e+00  3.0072270928e-01  3.1773192537e-01 -1.8269709854e+00  1.8700221392e+00  9.8121312175e-01 -1.3826757571e+00  4.5103527908e-01  1.3027730145e+00 -3.5887648012e-01 -7.5901737363e-01 -1.1268142681e+00  3.2220914029e-01  4.2056055618e-01 -2.4549715165e+00  4.8654770552e-01 -1.7800404282e-01 -1.9856107989e+00 -1.1256071143e+00  3.0476069071e+00  1.1187481998e+00  5.1270709410e-01  3.9291764310e+00  1.3086545017e-01 -6.3715495823e-01
ENERGY -3.272090253490e+02

JOB 23
COORDS  2.3490286620e+00 -8.9931094134e-01  5.3090610694e-01  4.6279625212e+00 -1.6658210727e-01  1.3731515833e+00  9.7220519210e-01  4.9430345902e-01 -1.0314760031e+00  1.1738721665e-01 -1.6385364734e+00 -1.4107408821e-01  3.4525323299e+00  1.5856153233e-01  4.5098321862e-01  1.2365540326e+00 -7.1067510921e-01 -2.5925055680e-01  2.4650668736e+00 -1.8837461014e+00  1.2637699235e+00  4.3020081927e+00 -2.3156490472e-01  2.4140766964e+00  5.3953977866e+00  6.1051363209e-01  1.2937114316e+00  5.0752490401e+00 -1.1286649437e+00  1.1123714556e+00  4.4964110880e-01  2.2369918291e-01 -1.9551963122e+00  1.8945357549e+00  1.0013154316e+00 -1.3101857924e+00  3.3743420895e-01  1.2022004090e+00 -4.7857696849e-01 -7.3745924441e-01 -1.1594205327e+00  3.5554023477e-01  4.3382629859e-01 -2.4981226160e+00  4.4706556627e-01 -2.0108641408e-01 -1.9708947352e+00 -1.1359870259e+00  3.0315676623e+00  1.1388997654e+00  7.0586512120e-01  3.7999508005e+00  2.3800216557e-01 -5.8657204108e-01
ENERGY -3.272094327583e+02

