JOB 0
COORDS  3.9873303626e+00 -1.0061899935e+00 -5.4351851827e+00  3.0970449319e+00 -1.4393413162e-01 -4.5313295216e+00  2.4150355560e+00 -9.0440879954e-01 -3.3773532461e+00  3.2016185944e+00 -1.3533434255e+00 -2.7526583409e+00  1.6384548393e+00  9.5314840887e-02 -2.5047866728e+00  1.5207486273e+00 -2.0437000785e+00 -3.9126000646e+00  5.2001317549e-01 -2.6411200046e+00 -2.9146206503e+00 -2.2883769845e-01 -3.8473386118e+00 -3.4937818430e+00  4.5050920911e+00 -3.8957822657e-01 -6.1780079070e+00  3.4100599439e+00 -1.7599496796e+00 -5.9795595989e+00  4.7511122766e+00 -1.5315600109e+00 -4.8492033235e+00  3.7034987039e+00  6.6572497782e-01 -4.1053319874e+00  2.3204511974e+00  3.4241708218e-01 -5.1377628423e+00  1.2401848613e+00 -3.6861746588e-01 -1.5979366113e+00  2.2876748608e+00  9.2188031958e-01 -2.1947750151e+00  7.9476137030e-01  5.2705824582e-01 -3.0579699889e+00  2.1570752451e+00 -2.8486992630e+00 -4.2996386716e+00  9.5544794274e-01 -1.6655546453e+00 -4.7780224865e+00 -2.0594844420e-01 -1.8787651630e+00 -2.6122543878e+00  1.0468885565e+00 -2.9447764194e+00 -1.9995594264e+00 -9.5123864217e-01 -4.2528765694e+00 -2.7769176668e+00  4.6451640844e-01 -4.6530722881e+00 -3.7617447524e+00 -7.7893441387e-01 -3.5706868180e+00 -4.4010451214e+00
ENERGY -2.764508499856e+02

JOB 1
COORDS  3.9574197491e+00 -9.1105860433e-01 -5.5337599126e+00  3.0460118335e+00 -1.2016142772e-01 -4.5867676974e+00  2.4805439033e+00 -9.4030052171e-01 -3.4109681788e+00  3.3268465147e+00 -1.3449537742e+00 -2.8378126693e+00  1.7048651903e+00  4.9221337573e-03 -2.4774438528e+00  1.6292677965e+00 -2.1312130361e+00 -3.9270570100e+00  4.7137086451e-01 -2.5996578029e+00 -3.0350037366e+00 -2.6124903849e-01 -3.8076336806e+00 -3.6309946195e+00  4.3635286874e+00 -2.6575353639e-01 -6.3203729394e+00  3.4229712319e+00 -1.7311701047e+00 -6.0237367670e+00  4.8046567667e+00 -1.3456482366e+00 -4.9897857273e+00  3.6072243981e+00  7.3355214091e-01 -4.1854093666e+00  2.2047224571e+00  3.0326970403e-01 -5.1524940930e+00  1.3437848550e+00 -5.0223065600e-01 -1.5781918090e+00  2.3475184437e+00  8.3171877454e-01 -2.1547197959e+00  8.3716501694e-01  4.4262749546e-01 -2.9860600508e+00  2.2874479419e+00 -2.9829953406e+00 -4.1367132645e+00  1.1951922246e+00 -1.8498604094e+00 -4.8979364465e+00 -2.4159318328e-01 -1.7811897227e+00 -2.8898476007e+00  8.4689125089e-01 -2.8617339150e+00 -2.0367487984e+00 -1.0941557852e+00 -4.1250362210e+00 -2.9940240398e+00  4.1443619144e-01 -4.6628844671e+00 -3.7483669683e+00 -6.6937932993e-01 -3.5720118018e+00 -4.6210614198e+00
ENERGY -2.764483973183e+02

JOB 2
COORDS  4.0163756405e+00 -9.8375368803e-01 -5.3590448797e+00  3.0336043567e+00 -2.6896384233e-01 -4.4232281638e+00  2.5909988970e+00 -1.1086560797e+00 -3.2090115115e+00  3.4979847841e+00 -1.4376155536e+00 -2.6836739017e+00  1.8134879424e+00 -2.0623018160e-01 -2.2348219273e+00  1.8091316604e+00 -2.3797699492e+00 -3.6643558729e+00  5.1595581314e-01 -2.7282098530e+00 -2.9128741408e+00 -1.5806001913e-01 -3.9801046965e+00 -3.4870428603e+00  4.3092862442e+00 -3.3734865661e-01 -6.1935971528e+00  3.5854641517e+00 -1.8961244753e+00 -5.7841998229e+00  4.9290966991e+00 -1.2684255625e+00 -4.8221032693e+00  3.4983410313e+00  6.5868340858e-01 -4.0648649170e+00  2.1384882652e+00  3.2532483942e-02 -4.9848264811e+00  1.4992114669e+00 -7.3992108949e-01 -1.3332509120e+00  2.4415882373e+00  6.3398586857e-01 -1.9184392420e+00  9.1665862156e-01  2.1469882122e-01 -2.7040883031e+00  2.4777541744e+00 -3.2485453590e+00 -3.6353667977e+00  1.5374550936e+00 -2.2608498180e+00 -4.7222540589e+00 -1.8388795659e-01 -1.8868276199e+00 -2.9626449286e+00  7.2657870920e-01 -2.8907490627e+00 -1.8483134842e+00 -1.0817075478e+00 -4.2195281745e+00 -2.9487704119e+00  5.0320161572e-01 -4.8519958342e+00 -3.4200188426e+00 -4.1396168975e-01 -3.8414688215e+00 -4.5441704471e+00
ENERGY -2.764457516421e+02

JOB 3
COORDS  3.9627174971e+00 -1.0247800389e+00 -5.3493678650e+00  2.9701696174e+00 -2.9815574248e-01 -4.4336637169e+00  2.5836267557e+00 -1.0889307121e+00 -3.1676977280e+00  3.5228091278e+00 -1.4166627876e+00 -2.7017834225e+00  1.8973113305e+00 -1.5640696101e-01 -2.1557551517e+00  1.7661242069e+00 -2.3719720109e+00 -3.5259112624e+00  3.4784080851e-01 -2.4957055115e+00 -2.9486248029e+00 -3.4917160690e-01 -3.7780783460e+00 -3.4187081079e+00  4.2051978606e+00 -4.1883891408e-01 -6.2291914573e+00  3.5673585445e+00 -1.9811441289e+00 -5.7074170207e+00  4.8997939942e+00 -1.2332018795e+00 -4.8195103264e+00  3.4078882875e+00  6.6285582103e-01 -4.1339842527e+00  2.0558444865e+00 -5.5609723625e-02 -4.9937055861e+00  1.6416874570e+00 -6.7305277919e-01 -1.2256033311e+00  2.5648647687e+00  6.7319364389e-01 -1.8977913167e+00  9.7654753031e-01  2.7764056405e-01 -2.5607828052e+00  2.3330783301e+00 -3.2598629279e+00 -3.2197025801e+00  1.6822730766e+00 -2.4477549826e+00 -4.6171393153e+00 -2.5579403589e-01 -1.6294240702e+00 -3.2448183731e+00  3.8148390693e-01 -2.4865094708e+00 -1.8531654665e+00 -1.3584103102e+00 -3.8611180139e+00 -3.0006932954e+00  2.1311346071e-01 -4.6684194255e+00 -3.1132576812e+00 -4.3703829789e-01 -3.8030711915e+00 -4.5112902260e+00
ENERGY -2.764446762297e+02

JOB 4
COORDS  3.8548889107e+00 -1.1281085025e+00 -5.3729361486e+00  2.8381489720e+00 -4.4300164164e-01 -4.4522013639e+00  2.5201214454e+00 -1.2292077923e+00 -3.1635772169e+00  3.4903311736e+00 -1.5419099956e+00 -2.7527771328e+00  1.8741620194e+00 -3.2084000504e-01 -2.1070586209e+00  1.7168177710e+00 -2.5303320145e+00 -3.4618797493e+00  2.1956232620e-01 -2.5150102342e+00 -3.1190550245e+00 -4.7169326075e-01 -3.8271141047e+00 -3.5083571045e+00  4.0466701050e+00 -5.2391303687e-01 -6.2663385912e+00  3.5101678121e+00 -2.1112309292e+00 -5.7101322224e+00  4.8113304926e+00 -1.2734307333e+00 -4.8568836996e+00  3.2264440162e+00  5.4634135124e-01 -4.1775764488e+00  1.9041168254e+00 -2.5895623392e-01 -5.0023576823e+00  1.6816271146e+00 -8.5784544956e-01 -1.1721304546e+00  2.5383376844e+00  5.1874298592e-01 -1.8739055521e+00  9.2306185014e-01  9.7586747070e-02 -2.4534702854e+00  2.1702502817e+00 -3.3642628763e+00 -2.9100597689e+00  1.8262302375e+00 -2.7908062225e+00 -4.5209350485e+00 -2.7604322422e-01 -1.6813267019e+00 -3.6335317342e+00  8.1289915121e-02 -2.3389812468e+00 -2.0468831893e+00 -1.5363728120e+00 -3.8108362072e+00 -3.2506571921e+00 -1.6472068884e-02 -4.6809614517e+00 -2.9925542732e+00 -3.9159197420e-01 -4.0126759800e+00 -4.5858836514e+00
ENERGY -2.764460999932e+02

JOB 5
COORDS  3.7223911745e+00 -1.1775983113e+00 -5.4524094818e+00  2.7591591104e+00 -5.0219695443e-01 -4.4690991138e+00  2.5482317223e+00 -1.2718674749e+00 -3.1488267590e+00  3.5515225859e+00 -1.5564267518e+00 -2.7998411531e+00  1.9428426285e+00 -3.6847812962e-01 -2.0653699397e+00  1.7634538700e+00 -2.5928964087e+00 -3.3519879798e+00  2.3516548203e-01 -2.4940489519e+00 -3.2372375805e+00 -4.5655722228e-01 -3.8254330125e+00 -3.5533427565e+00  3.8563135869e+00 -5.6663934016e-01 -6.3517347756e+00  3.3627896355e+00 -2.1597201754e+00 -5.7759971235e+00  4.7094137698e+00 -1.3207439252e+00 -4.9968815219e+00  3.1454430642e+00  4.9784144636e-01 -4.2329748369e+00  1.7872163745e+00 -3.4052426012e-01 -4.9562788956e+00  1.7861923280e+00 -9.1427096955e-01 -1.1279303216e+00  2.6106929808e+00  4.7350811755e-01 -1.8522709555e+00  9.7759881605e-01  4.6675791558e-02 -2.3746512142e+00  2.1041357020e+00 -3.3222029579e+00 -2.6041722738e+00  2.0223638135e+00 -3.0277123854e+00 -4.3241249095e+00 -1.4367692770e-01 -1.7200777210e+00 -3.9181916072e+00 -4.1865076173e-02 -2.1748358752e+00 -2.2267797322e+00 -1.5445358893e+00 -3.7464250411e+00 -3.4518939735e+00 -1.1511663810e-01 -4.6173430678e+00 -2.8760994301e+00 -2.3922528301e-01 -4.1515087670e+00 -4.5771883217e+00
ENERGY -2.764487357146e+02

JOB 6
COORDS  3.4729048186e+00 -1.3358304494e+00 -5.5074972740e+00  2.6933991665e+00 -5.8927613080e-01 -4.4184675306e+00  2.5450201884e+00 -1.3520207648e+00 -3.0866764844e+00  3.5644929393e+00 -1.6115615634e+00 -2.7643216498e+00  1.9452787745e+00 -4.4596254545e-01 -2.0016214124e+00  1.7863338803e+00 -2.6900187209e+00 -3.2234237004e+00  2.6512220370e-01 -2.5836044460e+00 -3.4012308223e+00 -3.9287834093e-01 -3.9530472983e+00 -3.6077684201e+00  3.6307944334e+00 -6.9553378000e-01 -6.3821644738e+00  2.9459514205e+00 -2.2315841855e+00 -5.8509647035e+00  4.4582952356e+00 -1.6497578717e+00 -5.1428051911e+00  3.2012039658e+00  3.6139727349e-01 -4.2098767557e+00  1.7000741070e+00 -3.1801978292e-01 -4.8005036572e+00  1.8071808936e+00 -9.8887747747e-01 -1.0592665911e+00  2.6022972187e+00  4.0798422167e-01 -1.8025040357e+00  9.7053918581e-01 -4.6447474925e-02 -2.3018641366e+00  1.9808700478e+00 -3.2871418936e+00 -2.3214326945e+00  2.2078603703e+00 -3.2671621230e+00 -4.0545891369e+00  3.1236430610e-02 -1.9381120424e+00 -4.2577540793e+00 -1.7770463157e-01 -2.1001510436e+00 -2.5233075868e+00 -1.4790051332e+00 -3.8640458372e+00 -3.7200281789e+00 -1.9865725858e-01 -4.6157686154e+00 -2.7561251196e+00 -3.6502278627e-03 -4.4476773801e+00 -4.5053929029e+00
ENERGY -2.764508714600e+02

JOB 7
COORDS  3.2976054898e+00 -1.3502103145e+00 -5.5211249239e+00  2.6799267008e+00 -5.6916234711e-01 -4.3554005480e+00  2.5930518304e+00 -1.3517858602e+00 -3.0308674115e+00  3.6225932803e+00 -1.6159809015e+00 -2.7472161075e+00  2.0289248463e+00 -4.5842509841e-01 -1.9151595792e+00  1.8239074371e+00 -2.6844661144e+00 -3.1487685923e+00  3.6179089550e-01 -2.5798895518e+00 -3.6038127130e+00 -3.2563151274e-01 -3.9488937672e+00 -3.6683707112e+00  3.4286579550e+00 -7.0710226241e-01 -6.3981232089e+00  2.6702107267e+00 -2.1945323326e+00 -5.8247430684e+00  4.2825355529e+00 -1.7498437256e+00 -5.2514320930e+00  3.2747951212e+00  3.3604165062e-01 -4.1773244039e+00  1.6801162115e+00 -2.1680774022e-01 -4.6397253930e+00  1.9730328676e+00 -9.9847936753e-01 -9.6299396150e-01  2.6611157280e+00  4.2366020757e-01 -1.7630061407e+00  1.0216689790e+00 -1.0055661109e-01 -2.1551974637e+00  1.8521914347e+00 -3.1841499770e+00 -2.1705741326e+00  2.3593015389e+00 -3.3510142745e+00 -3.8365009457e+00  3.1171257613e-01 -2.1058078039e+00 -4.5915967754e+00 -1.9689039195e-01 -1.9275720495e+00 -2.9223061412e+00 -1.3663985243e+00 -3.8605513510e+00 -3.9987749223e+00 -3.2711844622e-01 -4.4365486077e+00 -2.6864839918e+00  1.9101580349e-01 -4.6171730809e+00 -4.3673515717e+00
ENERGY -2.764518789808e+02

JOB 8
COORDS  3.2570859089e+00 -1.3428527170e+00 -5.4458732073e+00  2.6445248663e+00 -5.9394516648e-01 -4.2556780439e+00  2.6215202640e+00 -1.4014927896e+00 -2.9449369037e+00  3.6564771784e+00 -1.6929170989e+00 -2.7167365569e+00  2.1289938253e+00 -5.1180191832e-01 -1.7904469791e+00  1.7913982804e+00 -2.7045888845e+00 -3.0284036191e+00  4.1916409041e-01 -2.5930978669e+00 -3.7082139350e+00 -3.6707663182e-01 -3.9078878269e+00 -3.6422076177e+00  3.2926244460e+00 -7.0705308909e-01 -6.3372584435e+00  2.6847190188e+00 -2.2398685963e+00 -5.7037362546e+00  4.2826075557e+00 -1.6601937795e+00 -5.2227550882e+00  3.2202086597e+00  3.2436670430e-01 -4.0825321247e+00  1.6275374642e+00 -2.6733067121e-01 -4.5039875211e+00  2.1675544083e+00 -1.0448779483e+00 -8.3383768018e-01  2.7427377238e+00  3.9119702157e-01 -1.6957802826e+00  1.0933708534e+00 -1.8915402237e-01 -1.9496927163e+00  1.6577653294e+00 -3.0976452097e+00 -2.0120235217e+00  2.3718566245e+00 -3.4667305977e+00 -3.5655218081e+00  5.4363334997e-01 -2.3028826192e+00 -4.7570753833e+00 -1.7087145963e-01 -1.7959973321e+00 -3.2381039346e+00 -1.3374193310e+00 -3.8205686764e+00 -4.1431728201e+00 -5.5240990906e-01 -4.2064348283e+00 -2.6038548340e+00  1.8586525557e-01 -4.7220666262e+00 -4.1255693974e+00
ENERGY -2.764509819436e+02

JOB 9
COORDS  3.2259152925e+00 -1.2762165806e+00 -5.4855479254e+00  2.5982842299e+00 -5.8259639118e-01 -4.2687170095e+00  2.6509330157e+00 -1.4174559907e+00 -2.9756170560e+00  3.6876087426e+00 -1.7501402206e+00 -2.8329420284e+00  2.2829885001e+00 -5.2191604524e-01 -1.7774476206e+00  1.7454178395e+00 -2.6816018213e+00 -2.9862121761e+00  4.6313230561e-01 -2.6172218486e+00 -3.8290409486e+00 -3.7724102166e-01 -3.8925199518e+00 -3.6911132669e+00  3.1610138384e+00 -6.4694082389e-01 -6.3800601623e+00  2.7362738560e+00 -2.2281983136e+00 -5.7147317015e+00  4.2861634150e+00 -1.4895665990e+00 -5.3057504470e+00  3.1340699566e+00  3.5861432879e-01 -4.0920638473e+00  1.5619539240e+00 -3.0141713682e-01 -4.4865258663e+00  2.3823002155e+00 -1.0637053039e+00 -8.3032300843e-01  2.9254560586e+00  3.6448266156e-01 -1.7259684337e+00  1.2451513035e+00 -1.7399756033e-01 -1.8531348473e+00  1.4802425077e+00 -2.9324840662e+00 -1.9517615138e+00  2.3304509511e+00 -3.5364390864e+00 -3.3525417434e+00  7.1048631597e-01 -2.4638001197e+00 -4.8839388349e+00 -1.4414588007e-01 -1.7534082478e+00 -3.5276210174e+00 -1.2850248916e+00 -3.8416777237e+00 -4.3022445760e+00 -6.8300683494e-01 -4.0550954854e+00 -2.6510481665e+00  1.9048451492e-01 -4.7748876812e+00 -4.0095058470e+00
ENERGY -2.764479751215e+02

JOB 10
COORDS  3.9735160096e+00  2.9286029112e-01 -3.9936783136e+00  3.3706799967e+00 -1.0949819365e+00 -3.7379882727e+00  2.5224975706e+00 -1.1875976679e+00 -2.4533089332e+00  3.1455383277e+00 -8.1243680725e-01 -1.6307428406e+00  1.2865606000e+00 -2.7449522493e-01 -2.5443100211e+00  2.0796653483e+00 -2.6403460398e+00 -2.0865165447e+00  2.2074256677e+00 -3.7252818106e+00 -3.1671478291e+00  1.6881091759e+00 -5.0819178493e+00 -2.6760894654e+00  4.6459907989e+00  2.7027936108e-01 -4.8581858662e+00  4.5553170840e+00  6.3498279379e-01 -3.1292858619e+00  3.2072709405e+00  1.0469704938e+00 -4.1973034651e+00  2.7652426345e+00 -1.3929394145e+00 -4.6026454045e+00  4.1933021568e+00 -1.8174746696e+00 -3.6770476159e+00  7.0973883831e-01 -3.0463278103e-01 -1.6133492972e+00  1.5525095204e+00  7.7030269953e-01 -2.7310434918e+00  6.2390722292e-01 -6.0199029922e-01 -3.3558697324e+00  1.0371275642e+00 -2.6172799026e+00 -1.7462202757e+00  2.6607049594e+00 -2.9777387871e+00 -1.2178976502e+00  3.2528593289e+00 -3.8315406222e+00 -3.4757816409e+00  1.6498017114e+00 -3.4319282184e+00 -4.0655912746e+00  1.7904498411e+00 -5.8525360098e+00 -3.4480058730e+00  6.2874828175e-01 -5.0241763221e+00 -2.3998721164e+00  2.2410021553e+00 -5.4200388508e+00 -1.7915980702e+00
ENERGY -2.764447256028e+02

JOB 11
COORDS  3.8687208196e+00  2.4407362277e-01 -4.0085175817e+00  3.2208686827e+00 -1.1285974058e+00 -3.7833317478e+00  2.4329955829e+00 -1.2403000495e+00 -2.4626293012e+00  3.1329386014e+00 -9.4613152971e-01 -1.6683199861e+00  1.2568343786e+00 -2.5175599736e-01 -2.4158743015e+00  1.9299542143e+00 -2.6831262859e+00 -2.1266393397e+00  2.2568396578e+00 -3.8167076361e+00 -3.1109828308e+00  1.6373540658e+00 -5.1483315834e+00 -2.6697989977e+00  4.5006615871e+00  2.3308376140e-01 -4.9032805933e+00  4.5017716752e+00  5.2522505138e-01 -3.1581221844e+00  3.1250625620e+00  1.0351921010e+00 -4.1443972171e+00  2.5617560073e+00 -1.3588446764e+00 -4.6305431906e+00  4.0105481169e+00 -1.8875476558e+00 -3.7952482858e+00  7.1748696324e-01 -3.3412216096e-01 -1.4656670790e+00  1.5825020586e+00  7.8777745736e-01 -2.5190819076e+00  5.4260852846e-01 -4.6328518926e-01 -3.2221461838e+00  8.3772923368e-01 -2.6535412286e+00 -2.0201905589e+00  2.3074214626e+00 -2.9704847670e+00 -1.1373130140e+00  3.3422435299e+00 -3.9414886678e+00 -3.2030107626e+00  1.8904564172e+00 -3.5629913798e+00 -4.1124256006e+00  1.8718721088e+00 -5.9519969495e+00 -3.3764106720e+00  5.4582055052e-01 -5.0728798712e+00 -2.5997232287e+00  2.0103651700e+00 -5.4509687494e+00 -1.6841931382e+00
ENERGY -2.764440256505e+02

JOB 12
COORDS  3.6094832271e+00  1.1964612906e-01 -4.0158439138e+00  2.9422222400e+00 -1.2475054658e+00 -3.8166571831e+00  2.1881379712e+00 -1.3854804440e+00 -2.4801203600e+00  2.9334942612e+00 -1.1729309985e+00 -1.6993861706e+00  1.0666973368e+00 -3.4775966602e-01 -2.3267476993e+00  1.6281778978e+00 -2.8129134922e+00 -2.1996192694e+00  2.1576131933e+00 -3.9774152156e+00 -3.0487453378e+00  1.4978551268e+00 -5.3080140991e+00 -2.6667998347e+00  4.2187504844e+00  1.2615526335e-01 -4.9262217629e+00  4.2683318494e+00  3.6280606384e-01 -3.1732965253e+00  2.8764033257e+00  9.2690820434e-01 -4.1075536732e+00  2.2550107391e+00 -1.4375509879e+00 -4.6528800235e+00  3.7141900168e+00 -2.0217190952e+00 -3.8731848955e+00  5.3504417643e-01 -4.8932325324e-01 -1.3789526006e+00  1.4455098659e+00  6.7866864379e-01 -2.3408882367e+00  3.3288645075e-01 -4.4895116991e-01 -3.1366431571e+00  5.3863416603e-01 -2.7875439240e+00 -2.3433389085e+00  1.7736248104e+00 -3.0480276462e+00 -1.1379230767e+00  3.2450823597e+00 -4.0711136620e+00 -2.9327530987e+00  1.9776990204e+00 -3.7767746400e+00 -4.1105446991e+00  1.8761299636e+00 -6.1327484134e+00 -3.2807111059e+00  4.1067691046e-01 -5.2626685577e+00 -2.8014631348e+00  1.6894491414e+00 -5.5581176077e+00 -1.6167230474e+00
ENERGY -2.764457865738e+02

JOB 13
COORDS  3.6731246412e+00  1.7395463870e-01 -4.1125017163e+00  2.9807578145e+00 -1.1824681534e+00 -3.9271151583e+00  2.2626006744e+00 -1.3412038261e+00 -2.5742993929e+00  3.0423191078e+00 -1.2265957348e+00 -1.8052978828e+00  1.2122277757e+00 -2.4948120093e-01 -2.3257945712e+00  1.6208681831e+00 -2.7370127270e+00 -2.3660371048e+00  2.2924400318e+00 -3.9333453220e+00 -3.0529224998e+00  1.6018725387e+00 -5.2578487192e+00 -2.7057292243e+00  4.2582321961e+00  1.8914184322e-01 -5.0384683317e+00  4.3593748368e+00  3.8232046924e-01 -3.2825855646e+00  2.9557818639e+00  9.9868180303e-01 -4.1649414545e+00  2.2624516978e+00 -1.3370496284e+00 -4.7452724905e+00  3.7320740115e+00 -1.9723889969e+00 -4.0264105408e+00  6.8298988707e-01 -4.2858789442e-01 -1.3829036566e+00  1.6567208412e+00  7.4863208931e-01 -2.2692204958e+00  4.6430158483e-01 -2.4115016215e-01 -3.1288906379e+00  5.8254238931e-01 -2.6957104560e+00 -2.7277894256e+00  1.5474280837e+00 -2.9294045493e+00 -1.2879071287e+00  3.3501520995e+00 -3.9906847556e+00 -2.7621353967e+00  2.2790353301e+00 -3.7941152986e+00 -4.1392024950e+00  2.0805906391e+00 -6.1037323430e+00 -3.2111686987e+00  5.4739730959e-01 -5.2430589776e+00 -3.0058313390e+00  1.6346637506e+00 -5.4508919550e+00 -1.6271050744e+00
ENERGY -2.764486303840e+02

JOB 14
COORDS  3.7249859772e+00  2.1125345830e-01 -4.1485191526e+00  2.9635439258e+00 -1.1083412977e+00 -3.9684455261e+00  2.2874052233e+00 -1.2700316955e+00 -2.5945498059e+00  3.0923482438e+00 -1.2565157392e+00 -1.8429564159e+00  1.3293197206e+00 -1.1451627516e-01 -2.2702978447e+00  1.5452587672e+00 -2.6151528656e+00 -2.4452142380e+00  2.2901392773e+00 -3.8657994854e+00 -2.9293677943e+00  1.5390718060e+00 -5.1582068874e+00 -2.5870584404e+00  4.2733169899e+00  2.1808570582e-01 -5.0968231795e+00  4.4543083141e+00  3.5789598775e-01 -3.3425435831e+00  3.0550027901e+00  1.0764290936e+00 -4.1513902243e+00  2.2034976771e+00 -1.2018702956e+00 -4.7579269302e+00  3.6646096211e+00 -1.9356198405e+00 -4.1196969966e+00  8.1626281621e-01 -2.9019593114e-01 -1.3179523994e+00  1.8499533764e+00  8.4439524865e-01 -2.1915486742e+00  5.6086263924e-01 -1.6841126140e-02 -3.0476369519e+00  5.9105063192e-01 -2.5513312366e+00 -2.9896529975e+00  1.2762697033e+00 -2.7441485368e+00 -1.3882439654e+00  3.2923103930e+00 -3.8964947608e+00 -2.4799353352e+00  2.4406048058e+00 -3.8155980062e+00 -4.0131923696e+00  2.0740343607e+00 -6.0417569622e+00 -2.9522019498e+00  5.3956806689e-01 -5.1636607555e+00 -3.0377559167e+00  1.4125430911e+00 -5.2678113758e+00 -1.5036834506e+00
ENERGY -2.764509514819e+02

JOB 15
COORDS  3.7218999657e+00  2.3736668859e-01 -4.1952338450e+00  2.8789158786e+00 -1.0359725645e+00 -4.0477461562e+00  2.2675713110e+00 -1.2434239879e+00 -2.6492782916e+00  3.0988295747e+00 -1.2946562274e+00 -1.9291719013e+00  1.3622084951e+00 -7.1888201010e-02 -2.2388560734e+00  1.4856182555e+00 -2.5673386689e+00 -2.5490161549e+00  2.2967430778e+00 -3.8429846457e+00 -2.8120087927e+00  1.4924788729e+00 -5.1172438177e+00 -2.5278057869e+00  4.2114148798e+00  2.6928763673e-01 -5.1746994052e+00  4.5069981382e+00  2.7988793480e-01 -3.4306297755e+00  3.1178441413e+00  1.1449991842e+00 -4.1018877739e+00  2.0686460149e+00 -1.0276231860e+00 -4.7909587237e+00  3.5095528771e+00 -1.8971264454e+00 -4.2935636349e+00  9.0885848910e-01 -2.5325262441e-01 -1.2579311758e+00  1.9119910432e+00  8.7189367324e-01 -2.1773572885e+00  5.4733398770e-01  6.2071159785e-02 -2.9616316057e+00  6.3322406562e-01 -2.5324746398e+00 -3.2434610583e+00  1.0501675616e+00 -2.6343282673e+00 -1.5425973303e+00  3.2001207252e+00 -3.8331363426e+00 -2.1870437523e+00  2.6427585414e+00 -3.8641084128e+00 -3.8514421916e+00  2.0830937838e+00 -6.0176774219e+00 -2.7291735951e+00  5.9241298767e-01 -5.1623783760e+00 -3.1521916510e+00  1.1696668662e+00 -5.1562082232e+00 -1.4808695341e+00
ENERGY -2.764518961601e+02

JOB 16
COORDS  3.7854672126e+00  2.5496932179e-01 -4.1881354125e+00  2.7997728109e+00 -9.1556283519e-01 -4.0829744486e+00  2.2895064519e+00 -1.2012047708e+00 -2.6570647304e+00  3.1649217573e+00 -1.2986018125e+00 -1.9975745752e+00  1.4257492019e+00 -4.6123312603e-02 -2.1270661679e+00  1.5046256089e+00 -2.5268713027e+00 -2.5973969024e+00  2.3710565754e+00 -3.7920999316e+00 -2.6501286932e+00  1.5426277074e+00 -5.0802743103e+00 -2.5809850553e+00  4.1578787829e+00  3.6256196068e-01 -5.2127265609e+00  4.6519443463e+00  9.8028071704e-02 -3.5347275753e+00  3.3254361894e+00  1.2072590065e+00 -3.9062484817e+00  1.9341231409e+00 -7.2747333771e-01 -4.7333834617e+00  3.2864654237e+00 -1.8151727949e+00 -4.4775508003e+00  1.0938340154e+00 -2.4290534965e-01 -1.1016286569e+00  1.9673558598e+00  9.0470792087e-01 -2.1209505211e+00  5.2978678017e-01  8.3817085709e-02 -2.7472626528e+00  7.7033759890e-01 -2.5478678656e+00 -3.4155482862e+00  9.1971577058e-01 -2.5527561672e+00 -1.6679249032e+00  3.0845204172e+00 -3.7701339092e+00 -1.8157545379e+00  2.9732513276e+00 -3.8006816073e+00 -3.5666450591e+00  2.1811400510e+00 -5.9700517721e+00 -2.6078535500e+00  8.4385578489e-01 -5.1453843432e+00 -3.4231766343e+00  9.5171185450e-01 -5.1209448261e+00 -1.6584057041e+00
ENERGY -2.764517467530e+02

JOB 17
COORDS  3.5960485727e+00  4.5409758947e-02 -4.4010665285e+00  2.5770657731e+00 -1.0917177682e+00 -4.2598919761e+00  2.1934147281e+00 -1.4403202700e+00 -2.8084132953e+00  3.1217894857e+00 -1.5787514890e+00 -2.2357233491e+00  1.3996805779e+00 -3.0195614151e-01 -2.1486932059e+00  1.3994097663e+00 -2.7655340005e+00 -2.7615270151e+00  2.2828942302e+00 -4.0089535433e+00 -2.5969910869e+00  1.4871722887e+00 -5.3185590803e+00 -2.6220012880e+00  3.8638491467e+00  2.0491602037e-01 -5.4512736584e+00  4.5182476257e+00 -1.8405302348e-01 -3.8540903983e+00  3.2087332499e+00  9.9369139146e-01 -4.0150187357e+00  1.6616968842e+00 -8.3876841585e-01 -4.8122775754e+00  2.9845158716e+00 -1.9899016961e+00 -4.7421494597e+00  1.1676867742e+00 -5.3993659765e-01 -1.1046172371e+00  1.9506316734e+00  6.4383871470e-01 -2.1565340725e+00  4.4875723537e-01 -1.3938246377e-01 -2.6716460390e+00  7.8954108534e-01 -2.8597287032e+00 -3.6703718460e+00  6.8843550140e-01 -2.7396946888e+00 -1.9249491605e+00  2.8319036513e+00 -3.9302151790e+00 -1.6496515917e+00  3.0433968935e+00 -4.0295104324e+00 -3.3889934543e+00  2.1397998979e+00 -6.1879861721e+00 -2.4865935465e+00  9.5995433297e-01 -5.4418488436e+00 -3.5751981554e+00  7.3511289575e-01 -5.3382369240e+00 -1.8244192703e+00
ENERGY -2.764506007601e+02

JOB 18
COORDS  3.6761783857e+00  3.0726306134e-01 -4.4186348307e+00  2.6836300942e+00 -8.5230812418e-01 -4.2742274751e+00  2.3396734126e+00 -1.2350986542e+00 -2.8219601517e+00  3.2872684672e+00 -1.4078554284e+00 -2.2921328476e+00  1.6020622002e+00 -1.0200289656e-01 -2.0920421207e+00  1.5225265570e+00 -2.5524652546e+00 -2.7836440918e+00  2.3391483507e+00 -3.7654901183e+00 -2.3199819201e+00  1.5370880217e+00 -5.0711786243e+00 -2.3294415714e+00  3.9325526905e+00  4.7567522134e-01 -5.4702870905e+00  4.6073203277e+00  9.6700262349e-02 -3.8790144230e+00  3.2705891455e+00  1.2454281976e+00 -4.0268603572e+00  1.7524242452e+00 -6.1017038700e-01 -4.8047903575e+00  3.0981220144e+00 -1.7368664359e+00 -4.7762493883e+00  1.3767682783e+00 -3.8649464058e-01 -1.0580467870e+00  2.1910216076e+00  8.2007844581e-01 -2.0587761710e+00  6.5044028713e-01  1.2520902383e-01 -2.5889615478e+00  1.0993616449e+00 -2.7568326073e+00 -3.7758995696e+00  6.6207290764e-01 -2.4387080123e+00 -2.1114975043e+00  2.7189122543e+00 -3.5735247960e+00 -1.3078652512e+00  3.2241012808e+00 -3.8743485933e+00 -2.9617457408e+00  2.1418394761e+00 -5.9169579956e+00 -1.9843414765e+00  1.1784926067e+00 -5.3065368956e+00 -3.3383382031e+00  6.5950677535e-01 -4.9996141792e+00 -1.6761295111e+00
ENERGY -2.764490525316e+02

JOB 19
COORDS  3.5659708685e+00  3.5385260890e-01 -4.4046060658e+00  2.6275458350e+00 -8.5747915308e-01 -4.3540975360e+00  2.3402780523e+00 -1.3941209568e+00 -2.9394429677e+00  3.3132340174e+00 -1.6305363519e+00 -2.4847516719e+00  1.6598817809e+00 -3.4998636117e-01 -2.0416164353e+00  1.5147617151e+00 -2.7071781263e+00 -2.9968174486e+00  2.2238980509e+00 -3.9054086898e+00 -2.3530412786e+00  1.3973701893e+00 -5.1945852980e+00 -2.4065942685e+00  3.8002778951e+00  6.2542366218e-01 -5.4396621878e+00  4.5128557366e+00  1.3933736685e-01 -3.8944891628e+00  3.1239514901e+00  1.2341759903e+00 -3.9274148718e+00  1.6745522390e+00 -6.0537628580e-01 -4.8402073386e+00  3.0651075443e+00 -1.6714309557e+00 -4.9470348470e+00  1.4463104837e+00 -7.7023312638e-01 -1.0521610621e+00  2.2829819467e+00  5.3771382753e-01 -1.8940003633e+00  7.0674466050e-01 -2.4080263438e-02 -2.4769032853e+00  1.2827262786e+00 -2.9567504566e+00 -4.0404737367e+00  5.4449618309e-01 -2.5611818206e+00 -2.5047702985e+00  2.4624097881e+00 -3.6648222011e+00 -1.3082430062e+00  3.1869895934e+00 -4.0644583560e+00 -2.8562742672e+00  1.9286641394e+00 -6.0322338750e+00 -1.9415861971e+00  1.1716160147e+00 -5.4757118331e+00 -3.4419727868e+00  4.4216272273e-01 -5.0727356756e+00 -1.8824981872e+00
ENERGY -2.764485537827e+02

JOB 20
COORDS  3.3781645881e+00  3.2672345078e-01 -4.3274927467e+00  2.5027350411e+00 -9.3174653556e-01 -4.3061313135e+00  2.3353025677e+00 -1.5758019017e+00 -2.9179311953e+00  3.3462793111e+00 -1.8313735308e+00 -2.5670681245e+00  1.7213114374e+00 -6.1949564404e-01 -1.8851871656e+00  1.5256486029e+00 -2.8932865111e+00 -3.0011256059e+00  2.1355841434e+00 -4.0401022772e+00 -2.1850876001e+00  1.2958628787e+00 -5.3212978522e+00 -2.2266892792e+00  3.5369158400e+00  6.7632531694e-01 -5.3534278998e+00  4.3630516153e+00  1.2848231130e-01 -3.8874271872e+00  2.9241544813e+00  1.1502495322e+00 -3.7673713407e+00  1.5098037816e+00 -6.9473915873e-01 -4.7143194141e+00  2.9376504875e+00 -1.6807534474e+00 -4.9803344438e+00  1.5637955888e+00 -1.1307838806e+00 -9.2862335429e-01  2.3606230537e+00  2.4760988019e-01 -1.6921910061e+00  7.4681257998e-01 -2.5027889098e-01 -2.2289891285e+00  1.4530389895e+00 -3.2186242400e+00 -4.0474743051e+00  4.9313012016e-01 -2.7165022067e+00 -2.6717967259e+00  2.2626371367e+00 -3.7195498515e+00 -1.1421098517e+00  3.1444578174e+00 -4.2482750010e+00 -2.5646664505e+00  1.7623035791e+00 -6.1265342037e+00 -1.6485975043e+00  1.1715945790e+00 -5.6779667085e+00 -3.2559975848e+00  2.9471047201e-01 -5.1504792572e+00 -1.8140387464e+00
ENERGY -2.764495917163e+02

JOB 21
COORDS  3.5843842826e+00  6.3523717267e-01 -4.4991176645e+00  2.7235664058e+00 -6.3362464784e-01 -4.5135131283e+00  2.5669349907e+00 -1.3219746855e+00 -3.1451984946e+00  3.5785428001e+00 -1.5935901737e+00 -2.8070880731e+00  1.9541464011e+00 -3.9449221824e-01 -2.0852783569e+00  1.7544247075e+00 -2.6282471682e+00 -3.2725818230e+00  2.1310768985e+00 -3.7007384811e+00 -2.2422186845e+00  1.2711103081e+00 -4.9647230601e+00 -2.3529451121e+00  3.7357553931e+00  1.0169751968e+00 -5.5146556565e+00  4.5729343769e+00  4.3537699110e-01 -4.0681468140e+00  3.1227719760e+00  1.4364639517e+00 -3.9135731832e+00  1.7266994625e+00 -3.9507973401e-01 -4.9111269092e+00  3.1649057512e+00 -1.3554989980e+00 -5.2124466775e+00  1.7830788270e+00 -9.2903902831e-01 -1.1446522301e+00  2.6003543173e+00  4.5988721063e-01 -1.8619518120e+00  9.8690734696e-01 -4.2359983635e-03 -2.4265437590e+00  1.9016195110e+00 -3.0525672476e+00 -4.2750459847e+00  6.8197829102e-01 -2.4007819611e+00 -3.1966691818e+00  2.0435932328e+00 -3.2901714919e+00 -1.2279319482e+00  3.1887648207e+00 -3.9633060554e+00 -2.3746400819e+00  1.5714612093e+00 -5.7204471295e+00 -1.6188965287e+00  1.3569126627e+00 -5.4143736216e+00 -3.3492079409e+00  2.1208707401e-01 -4.7374544149e+00 -2.1839985436e+00
ENERGY -2.764511300482e+02

JOB 22
COORDS  3.5525089397e+00  6.1022362974e-01 -4.6926857953e+00  2.6694358160e+00 -6.4323215135e-01 -4.6575499193e+00  2.6184336500e+00 -1.3628983994e+00 -3.2962409144e+00  3.6520783415e+00 -1.6304027350e+00 -3.0281818443e+00  2.0618972580e+00 -4.5591853463e-01 -2.1882632485e+00  1.8148513344e+00 -2.6720620103e+00 -3.4148730205e+00  1.9886752191e+00 -3.6493315608e+00 -2.2449815345e+00  1.2101805704e+00 -4.9549288612e+00 -2.4455715020e+00  3.6211742240e+00  1.0108414735e+00 -5.7099225645e+00  4.5711557222e+00  3.8376017813e-01 -4.3553294422e+00  3.1605615119e+00  1.4076236630e+00 -4.0537447927e+00  1.6463479689e+00 -3.7861434028e-01 -4.9600329698e+00  3.0344629488e+00 -1.3537929148e+00 -5.4101765133e+00  2.0155791573e+00 -9.7593571345e-01 -1.2266346431e+00  2.6793743452e+00  4.3564087554e-01 -2.0438058891e+00  1.0460580318e+00 -1.2299472160e-01 -2.4371258656e+00  2.1139522428e+00 -3.1867497055e+00 -4.3383556432e+00  7.4873514811e-01 -2.4308341493e+00 -3.5351930854e+00  1.6653442819e+00 -3.1797738468e+00 -1.3085017516e+00  3.0564560853e+00 -3.8746780620e+00 -2.1223843353e+00  1.3520182730e+00 -5.6400628558e+00 -1.6025932879e+00  1.5348187799e+00 -5.4731328567e+00 -3.3555130945e+00  1.3523482579e-01 -4.7622540504e+00 -2.5415441235e+00
ENERGY -2.764520008900e+02

JOB 23
COORDS  3.5321943310e+00  6.0862428208e-01 -4.5712908366e+00  2.6085459034e+00 -6.1385471511e-01 -4.5009394446e+00  2.6735479790e+00 -1.4023667612e+00 -3.1782963408e+00  3.7289162074e+00 -1.6483938534e+00 -2.9856344419e+00  2.1597482452e+00 -5.6461843437e-01 -1.9973303877e+00  1.9026517077e+00 -2.7281218433e+00 -3.3250803770e+00  1.8794966089e+00 -3.6256549621e+00 -2.0812358814e+00  1.2324208888e+00 -4.9887830146e+00 -2.3541189208e+00  3.4925544122e+00  1.0714830870e+00 -5.5633730188e+00  4.5739386009e+00  3.2608906921e-01 -4.3780615121e+00  3.2559504129e+00  1.3769350677e+00 -3.8424055303e+00  1.5700952510e+00 -3.0015006733e-01 -4.6760381238e+00  2.8628196676e+00 -1.2940424846e+00 -5.3243286939e+00  2.2813342744e+00 -1.0881532262e+00 -1.0446910586e+00  2.6959022049e+00  3.8540341545e-01 -1.9136634893e+00  1.0929897027e+00 -3.3679663027e-01 -2.1203575567e+00  2.3403332894e+00 -3.2933107669e+00 -4.1593494199e+00  8.6704272476e-01 -2.5055093464e+00 -3.6220245335e+00  1.3369437250e+00 -3.1283002825e+00 -1.2695509267e+00  2.9063546560e+00 -3.7736452403e+00 -1.7197977495e+00  1.2137384211e+00 -5.6116213647e+00 -1.4530658949e+00  1.7788621542e+00 -5.5385573239e+00 -3.1293013281e+00  1.9857347777e-01 -4.8716641110e+00 -2.6998522603e+00
ENERGY -2.764519502330e+02

