JOB 0
COORDS  1.1488885049e+00  7.9158956391e-01  1.5255528840e+00  2.6562957908e-01 -3.6168226258e-01  1.0230391257e+00 -9.9271878873e-01 -4.8425342407e-01  1.8974214904e+00 -9.7926275815e-02 -2.4984395817e-01 -4.8257253021e-01 -9.2903671742e-01 -9.4896658153e-01 -6.5638642632e-01 -6.1220562354e-01  1.1472742003e+00 -8.7070309815e-01  1.0570442319e+00 -6.6188520911e-01 -1.4162451394e+00  1.4440291986e+00 -2.1447055118e+00 -1.3514901819e+00  2.0401293231e+00  9.2902125262e-01  9.0358873945e-01  1.4889626110e+00  5.9534197944e-01  2.5484035067e+00  6.0093251587e-01  1.7395461613e+00  1.5388223037e+00  8.3213424375e-01 -1.2915198975e+00  1.1533105993e+00 -1.6009106743e+00 -1.3458305227e+00  1.5994835725e+00 -7.2630531551e-01 -6.1109469705e-01  2.9529113778e+00 -1.6222543032e+00  4.1009002304e-01  1.8250455640e+00 -1.0207183407e+00  1.1346333975e+00 -1.8871399226e+00  1.9099376282e-01  1.8917158762e+00 -8.5022997242e-01 -1.4064485888e+00  1.4944502924e+00 -2.0174757508e-01  1.9379834423e+00 -4.1631129296e-02 -1.2044169376e+00  7.6577316328e-01 -4.2211185578e-01 -2.4469602522e+00  2.2152605109e+00 -2.3796116389e+00 -2.0931690528e+00  5.7834083333e-01 -2.7853506730e+00 -1.5574954276e+00  1.8393885871e+00 -2.4279414371e+00 -3.7087340696e-01
ENERGY -2.764514314468e+02

JOB 1
COORDS  9.7451271725e-01  9.5992400399e-01  1.5447984784e+00  3.2039168037e-01 -3.1556834472e-01  9.8959104589e-01 -9.0608555983e-01 -6.8173469777e-01  1.8414381758e+00 -6.0938036537e-02 -2.2115265218e-01 -5.1839125533e-01 -9.3835751480e-01 -8.6614670781e-01 -6.6749777503e-01 -5.2298867391e-01  1.1867618220e+00 -9.3547488704e-01  1.0698179742e+00 -7.0932703341e-01 -1.4418783544e+00  1.3035712549e+00 -2.2248552215e+00 -1.4096924911e+00  1.8330385661e+00  1.2773830562e+00  9.4194838891e-01  1.3359635367e+00  7.8752331315e-01  2.5646846120e+00  2.6602723103e-01  1.7932325895e+00  1.5833372988e+00  1.0455821770e+00 -1.1304571525e+00  1.1003951707e+00 -1.3276921914e+00 -1.6460500802e+00  1.5364720279e+00 -6.4795605568e-01 -7.4807712058e-01  2.9046637872e+00 -1.6951287239e+00  7.3765594002e-02  1.7408259857e+00 -9.3205408640e-01  1.1642830104e+00 -1.9516135199e+00  3.0197357814e-01  1.9069284193e+00 -9.2894414704e-01 -1.3075536408e+00  1.5709580660e+00 -2.7443269450e-01  1.9986181371e+00 -1.8451587315e-01 -1.1784631849e+00  8.3895379394e-01 -4.1242438857e-01 -2.4729410984e+00  2.1128559868e+00 -2.5136106089e+00 -2.0892016263e+00  4.0051992648e-01 -2.7646204856e+00 -1.7179762810e+00  1.5743314967e+00 -2.5794803703e+00 -4.0966293314e-01
ENERGY -2.764496347862e+02

JOB 2
COORDS  8.7098471851e-01  1.1111249268e+00  1.6427840765e+00  4.1556921581e-01 -2.2000646968e-01  1.0232068188e+00 -7.0522584550e-01 -8.3111858594e-01  1.8798733072e+00 -2.4671363553e-02 -1.2879058290e-01 -4.7669960775e-01 -9.5887483418e-01 -6.9900714719e-01 -5.7311764269e-01 -3.7725615344e-01  1.2948992199e+00 -9.4189481802e-01  1.0175015205e+00 -7.5597682878e-01 -1.4206402428e+00  1.1345802216e+00 -2.2805676910e+00 -1.3014157268e+00  1.6764145976e+00  1.5796282675e+00  1.0668385080e+00  1.2500277799e+00  9.4169963359e-01  2.6568700069e+00  4.8662663293e-02  1.8299162226e+00  1.7153169647e+00  1.2717003794e+00 -9.0306479977e-01  1.0771244950e+00 -9.7955096734e-01 -1.8292378789e+00  1.5204458660e+00 -4.0446137975e-01 -9.2128821663e-01  2.9302215308e+00 -1.6064579456e+00 -2.0591520777e-01  1.8454147781e+00 -7.8889374110e-01  1.2659151311e+00 -1.9569205310e+00  4.9915933447e-01  1.9513680951e+00 -9.6117326359e-01 -1.1299474954e+00  1.7607609458e+00 -2.9733052509e-01  1.9951323737e+00 -2.9097001191e-01 -1.2308551785e+00  7.5830274381e-01 -5.0402606456e-01 -2.4570084839e+00  1.8913987573e+00 -2.6742117438e+00 -1.9886335761e+00  1.8051371563e-01 -2.7634540954e+00 -1.5433185095e+00  1.4151742724e+00 -2.5941017650e+00 -2.9025995752e-01
ENERGY -2.764472139969e+02

JOB 3
COORDS  6.3329555844e-01  1.1509662914e+00  1.7956706928e+00  3.8168562898e-01 -1.4442496250e-01  1.0069373154e+00 -6.1410935906e-01 -1.0347490378e+00  1.7666091801e+00 -7.0325821037e-02  5.1562222217e-02 -4.8218577733e-01 -1.0569937967e+00 -4.2128983075e-01 -5.8574157922e-01 -2.3614335317e-01  1.5134467635e+00 -9.2599274504e-01  8.7367065636e-01 -6.8208912706e-01 -1.4563352676e+00  8.9285450733e-01 -2.2075626345e+00 -1.2993648616e+00  1.3672500319e+00  1.7978197263e+00  1.3055621740e+00  1.0207456372e+00  9.1034371203e-01  2.7921613695e+00 -2.8601259495e-01  1.7306000284e+00  1.9344638102e+00  1.3414714246e+00 -6.7679037854e-01  9.8696709675e-01 -7.5971214868e-01 -1.9944343577e+00  1.2594530524e+00 -2.6940899448e-01 -1.2410918246e+00  2.7866676099e+00 -1.5936260225e+00 -5.4546186960e-01  1.8383742508e+00 -6.4154251019e-01  1.5522111190e+00 -1.9431927424e+00  7.2043185913e-01  2.0477475732e+00 -9.3483538123e-01 -9.2228087612e-01  2.0674015570e+00 -2.7841803010e-01  1.8907849188e+00 -2.8473058802e-01 -1.3312167926e+00  5.7683118518e-01 -4.3941612436e-01 -2.4849418272e+00  1.5617764691e+00 -2.6691654345e+00 -2.0338639301e+00 -1.0820309308e-01 -2.6288095201e+00 -1.4493890269e+00  1.2353491714e+00 -2.5151430575e+00 -3.0592272883e-01
ENERGY -2.764464232870e+02

JOB 4
COORDS  4.0206640786e-01  1.7010089484e+00  1.0438797260e+00  4.9717778749e-01  1.9769550746e-01  7.4269072143e-01 -2.3995205823e-01 -6.1753872784e-01  1.8148541774e+00  3.2658482543e-02 -2.3301378982e-01 -6.8662155056e-01 -9.5210102182e-01 -7.1087915889e-01 -5.7835281316e-01 -9.5887728459e-02  9.0973776741e-01 -1.7015774172e+00  9.7294595182e-01 -1.3412834094e+00 -1.2103579780e+00  4.7477175994e-01 -2.0774776314e+00 -2.4598295151e+00  9.8495236178e-01  2.2999200582e+00  3.3858003471e-01  7.8649535996e-01  1.9065356613e+00  2.0494340320e+00 -6.3449930689e-01  2.0581618551e+00  1.0121764525e+00  1.5642323747e+00 -5.6340329432e-02  8.1669436263e-01 -1.6638186077e-01 -1.6937066677e+00  1.6212050031e+00  1.7038934086e-01 -4.2959390965e-01  2.8135526808e+00 -1.3050096915e+00 -3.5543516668e-01  1.8356525991e+00 -4.8348645622e-01  5.4100401044e-01 -2.6559849724e+00  8.7586151930e-01  1.3781084263e+00 -1.8996255785e+00 -7.7925385896e-01  1.6902484205e+00 -1.3555788027e+00  1.1251850887e+00 -2.0757114001e+00 -4.0899593898e-01  1.9601199388e+00 -9.0197888231e-01 -1.4108510671e+00  1.1478969373e+00 -2.9008072187e+00 -2.7227828248e+00  4.1262467627e-01 -1.4168550583e+00 -3.3302163752e+00 -5.2202704191e-01 -2.5034951836e+00 -2.2938196283e+00
ENERGY -2.764478640625e+02

JOB 5
COORDS  1.0182038512e-01  1.6473887168e+00  8.3864324071e-01  4.0441276570e-01  1.8286015556e-01  4.8614534281e-01 -2.0986187349e-01 -7.4658858763e-01  1.5447420705e+00 -3.5136757511e-02 -2.4155740823e-01 -9.4568600099e-01 -1.0680786600e+00 -6.1469065116e-01 -8.7269029716e-01 -4.0698846467e-03  8.9756462886e-01 -1.9739264261e+00  8.2718026735e-01 -1.4304455251e+00 -1.4259764871e+00  2.6164864214e-01 -2.1882298100e+00 -2.6334951530e+00  6.2391728747e-01  2.3479747984e+00  1.8144313949e-01  4.1603860983e-01  1.8616427556e+00  1.8664656363e+00 -9.7246873135e-01  1.8610329817e+00  7.7361790788e-01  1.4976228839e+00  6.7144967121e-02  5.3155909482e-01 -2.3178212699e-02 -1.8027663417e+00  1.3251437000e+00  1.9885285870e-01 -5.3818636892e-01  2.5397950938e+00 -1.2965574002e+00 -6.0483513310e-01  1.5949751021e+00 -3.0217309157e-01  5.4016948746e-01 -2.9641484228e+00  1.0052898426e+00  1.3177813459e+00 -2.0650296456e+00 -6.8322101915e-01  1.7117077372e+00 -1.7067049083e+00  9.5337721920e-01 -2.1408644966e+00 -6.0070375868e-01  1.8342739720e+00 -1.0598921271e+00 -1.6623887816e+00  8.9419910895e-01 -3.0454243603e+00 -2.8889487593e+00  1.9491493909e-01 -1.5557958564e+00 -3.5243647374e+00 -7.4421942763e-01 -2.5693784662e+00 -2.4207515680e+00
ENERGY -2.764498637353e+02

JOB 6
COORDS  2.2350201055e-01  1.8239654392e+00  1.3695122313e+00  7.0284618510e-01  4.1414080644e-01  9.8504196948e-01  2.5648096278e-01 -5.7746839009e-01  2.0734236052e+00  2.2843170687e-01 -2.5965132248e-02 -4.2645754632e-01 -8.4083929144e-01 -2.7673696436e-01 -3.4528461345e-01  3.7242896561e-01  1.0926708847e+00 -1.4715403730e+00  9.7289373635e-01 -1.2940083515e+00 -8.9805261365e-01  3.3122125309e-01 -2.0022081792e+00 -2.0984312448e+00  6.4477152395e-01  2.5986584671e+00  7.2350052162e-01  5.1587684071e-01  2.0597700555e+00  2.3987606328e+00 -8.7013054073e-01  1.8959885291e+00  1.3131119108e+00  1.8031537853e+00  4.3096857535e-01  9.6934635759e-01  6.0614386863e-01 -1.5968801013e+00  1.8890106494e+00  6.3791529646e-01 -2.7416383871e-01  3.0546309756e+00 -8.3836330029e-01 -6.0722586912e-01  2.1392718856e+00  1.0295662312e-01  7.3837069027e-01 -2.4707189810e+00  1.4082450175e+00  1.4525410266e+00 -1.5163491407e+00 -2.7059806819e-01  1.9485227643e+00 -1.2504793068e+00  1.0366987890e+00 -2.0131611836e+00 -7.5553428451e-02  2.0087502272e+00 -1.0207640907e+00 -1.1428512725e+00  8.8045981940e-01 -2.9156827354e+00 -2.3515029123e+00  3.1629921504e-01 -1.3731662358e+00 -2.9938896851e+00 -7.0371923785e-01 -2.2880216789e+00 -1.8761959326e+00
ENERGY -2.764506882775e+02

JOB 7
COORDS  2.4007595492e-01  1.8138210409e+00  1.4924771070e+00  8.7384451057e-01  4.7311804391e-01  1.0817285516e+00  6.7987082126e-01 -5.4203811404e-01  2.2220674389e+00  3.2595365190e-01 -4.1054305012e-02 -2.7665628696e-01 -7.6165345300e-01 -1.7155531077e-01 -1.5854302144e-01  5.5520892694e-01  9.8158946340e-01 -1.4023378600e+00  9.1848255612e-01 -1.4152060063e+00 -6.5349252826e-01  3.8990759633e-01 -2.0108588957e+00 -1.9656480554e+00  4.7575581171e-01  2.6217326899e+00  7.9510320073e-01  5.9848871728e-01  2.1224360470e+00  2.4805710522e+00 -8.5241970571e-01  1.7266385749e+00  1.5497230877e+00  1.9550761329e+00  6.3661986108e-01  9.5811181846e-01  1.2631975413e+00 -1.4549206502e+00  2.0776053780e+00  9.8897316612e-01 -1.0734380476e-01  3.1789158721e+00 -3.7560342626e-01 -8.2808466224e-01  2.3153557328e+00  1.5015748873e-01  6.2694255368e-01 -2.3538159693e+00  1.6274939984e+00  1.1677913707e+00 -1.5454792862e+00  7.4609423581e-02  1.9397721898e+00 -1.1906714701e+00  7.0601740569e-01 -2.1289181895e+00  1.4783296801e-01  2.0132993529e+00 -1.3294820943e+00 -7.0603484696e-01  7.4247727200e-01 -3.0404664738e+00 -2.0907872026e+00  7.1821640614e-01 -1.4461706168e+00 -2.8431201811e+00 -7.0662127533e-01 -2.0330583439e+00 -1.9745333907e+00
ENERGY -2.764507083039e+02

JOB 8
COORDS -9.6652162581e-03  1.7731648875e+00  1.4932328957e+00  7.9216172540e-01  5.4966541186e-01  1.0159477430e+00  7.5032001987e-01 -5.2429833434e-01  2.1165299719e+00  2.8582238470e-01  4.8095643762e-02 -3.6539238790e-01 -8.1462679696e-01  3.4294275499e-02 -3.2259847292e-01  6.9254210108e-01  1.0314209597e+00 -1.4778786998e+00  7.5908041403e-01 -1.3798621859e+00 -7.0079212218e-01  2.7547438354e-01 -1.9112254065e+00 -2.0568934175e+00  4.3329058755e-04  2.5933808876e+00  7.6981195020e-01  3.9489067257e-01  2.1618500356e+00  2.4342945414e+00 -1.0566842568e+00  1.4982729347e+00  1.6713071912e+00  1.8415067282e+00  8.5475226151e-01  8.8992071496e-01  1.4323941285e+00 -1.3552637647e+00  1.9180843889e+00  1.0350349864e+00 -9.0010156803e-02  3.0813830730e+00 -2.6059767207e-01 -9.3644980075e-01  2.2274837291e+00  2.1307843724e-01  7.8746334711e-01 -2.4300022189e+00  1.7783973316e+00  1.0060827104e+00 -1.6350875697e+00  4.1694340069e-01  2.0612338089e+00 -1.2351325290e+00  4.0984036976e-01 -2.0663144604e+00  7.6513603944e-02  1.8575805344e+00 -1.4111581133e+00 -6.6821834281e-01  5.3675104270e-01 -2.9687667257e+00 -2.1726251490e+00  7.2056199607e-01 -1.3711349601e+00 -2.8976825513e+00 -8.1447069344e-01 -1.8274094774e+00 -2.1465408613e+00
ENERGY -2.764503541054e+02

JOB 9
COORDS -4.6405370189e-02  1.7245498648e+00  1.6030225848e+00  8.9900691540e-01  6.2582382815e-01  1.0885529144e+00  1.0291718649e+00 -4.5774827824e-01  2.1722268395e+00  4.1321088890e-01  1.0590178842e-01 -2.9916870282e-01 -6.8164198016e-01  2.1421228489e-01 -3.2213328318e-01  9.5891750049e-01  1.0309073451e+00 -1.4043346798e+00  7.5746322690e-01 -1.3650132056e+00 -5.8958598598e-01  2.2595764283e-01 -1.8815789315e+00 -1.9333543997e+00 -1.9554874182e-01  2.5191829271e+00  8.6387562682e-01  3.4293755822e-01  2.1900919229e+00  2.5154314422e+00 -1.0299725331e+00  1.3002938544e+00  1.8379644147e+00  1.8964076425e+00  1.0646827390e+00  9.4671740345e-01  1.7657078820e+00 -1.2232326889e+00  1.9122412514e+00  1.3443254893e+00 -5.5678114465e-03  3.1194982649e+00  7.0630909677e-02 -9.5935998747e-01  2.3527025958e+00  4.8028148919e-01  8.4602016619e-01 -2.3705143676e+00  2.0391261670e+00  8.8515360551e-01 -1.5311851440e+00  7.9437144888e-01  2.0848676655e+00 -1.1571246136e+00  3.4990150029e-01 -1.9964764251e+00  2.0633664839e-01  1.8482461055e+00 -1.4949771103e+00 -5.5703554960e-01  4.0077788164e-01 -2.9585433554e+00 -2.0312536806e+00  7.0914934673e-01 -1.3931392134e+00 -2.7848031071e+00 -8.5398814029e-01 -1.7112006812e+00 -2.0207435463e+00
ENERGY -2.764489515236e+02

JOB 10
COORDS -2.8021652704e-01  1.5913084791e+00  1.6143699659e+00  8.0516576309e-01  6.6368845554e-01  1.0447938578e+00  1.1234351498e+00 -4.2883585460e-01  2.0797843684e+00  3.7771738268e-01  1.4814189418e-01 -3.7192031661e-01 -6.9580369021e-01  3.5793347550e-01 -4.8281986876e-01  1.0787773754e+00  1.0007366325e+00 -1.4466829048e+00  5.9133151774e-01 -1.3547352495e+00 -6.1991354660e-01  2.5576593224e-02 -1.8528201308e+00 -1.9566705577e+00 -5.2884249117e-01  2.3976070486e+00  9.1425799122e-01  3.9271379730e-02  2.0536525253e+00  2.5554252496e+00 -1.1997184122e+00  1.0275119955e+00  1.8125897569e+00  1.7226127478e+00  1.2528094983e+00  9.1746889763e-01  1.9194809485e+00 -1.1009609229e+00  1.7462127309e+00  1.4530581584e+00  3.2495074905e-02  3.0177011495e+00  2.4209816422e-01 -1.0385638307e+00  2.3097703516e+00  6.8128517148e-01  8.1460683809e-01 -2.4490010220e+00  2.1560206303e+00  7.9245634546e-01 -1.4666460986e+00  9.5159343594e-01  2.0691654003e+00 -1.2383595424e+00  1.2054485020e-01 -1.9262641191e+00  1.8682455460e-01  1.6640748851e+00 -1.5855038260e+00 -5.7368243832e-01  1.1552176768e-01 -2.9417940607e+00 -2.0344965911e+00  5.4904133888e-01 -1.4197708224e+00 -2.8143647179e+00 -1.0371245395e+00 -1.5993338793e+00 -2.0527093019e+00
ENERGY -2.764466125047e+02

JOB 11
COORDS -4.1887625909e-01  1.3904762950e+00  1.7415000348e+00  7.7493994142e-01  6.6872300057e-01  1.0974305472e+00  1.3317885717e+00 -3.9825272014e-01  2.0536189974e+00  4.0497616245e-01  1.7183334528e-01 -3.4549504942e-01 -6.3539791752e-01  4.7361092219e-01 -5.3007065977e-01  1.2821319009e+00  8.8041408510e-01 -1.3892027251e+00  4.2944150817e-01 -1.3592116735e+00 -5.2530801287e-01 -1.5341108538e-01 -1.8388509596e+00 -1.8614851775e+00 -7.7144943261e-01  2.2139591726e+00  1.1100591290e+00 -1.5558481217e-01  1.8064651046e+00  2.7209943165e+00 -1.2592188559e+00  6.9995889663e-01  1.8877171550e+00  1.5709657785e+00  1.4154699676e+00  9.8014532602e-01  2.2008676980e+00 -9.1476128094e-01  1.6341735129e+00  1.6504481704e+00  7.3378669809e-02  2.9900262885e+00  5.8224845879e-01 -1.1548004452e+00  2.3091493264e+00  9.7768742777e-01  6.4859121749e-01 -2.4143455834e+00  2.3333389197e+00  5.8597942199e-01 -1.2759720243e+00  1.2279351930e+00  1.9683275518e+00 -1.2690627724e+00 -1.4429796312e-01 -1.8235642768e+00  2.8468666601e-01  1.4567875476e+00 -1.7317026372e+00 -4.2585134475e-01 -2.0295653268e-01 -2.9327537178e+00 -1.8934114240e+00  4.4903429739e-01 -1.5149540664e+00 -2.7156536410e+00 -1.1705911977e+00 -1.4557577666e+00 -2.0077532953e+00
ENERGY -2.764455817840e+02

JOB 12
COORDS -7.2652913261e-01  1.2288787424e+00  2.1362127877e+00  5.7882270680e-01  7.6509452152e-01  1.4728466036e+00  1.3282827415e+00 -2.5071272810e-01  2.3473942427e+00  3.3395426810e-01  3.1598448853e-01 -4.5676635201e-03 -6.5668658323e-01  6.9461128999e-01 -2.9243758873e-01  1.3937261647e+00  9.0646821017e-01 -9.4245404208e-01  2.1348737513e-01 -1.2156484342e+00 -1.6128049359e-01 -3.1422559324e-01 -1.6633510898e+00 -1.5307057891e+00 -1.1835764871e+00  2.0488405463e+00  1.5716999931e+00 -5.5119766553e-01  1.5797385078e+00  3.1598279467e+00 -1.4580414563e+00  4.1192428700e-01  2.1885877028e+00  1.2232967159e+00  1.6534159174e+00  1.4200650513e+00  2.2680665917e+00 -5.6960956974e-01  1.8836630129e+00  1.5753123477e+00  1.9785574586e-01  3.3160755918e+00  7.3056973898e-01 -1.1466824305e+00  2.5441026732e+00  1.2133227858e+00  6.4451471972e-01 -1.9893995813e+00  2.3933967491e+00  5.4104182052e-01 -6.7492491101e-01  1.4114976043e+00  1.9998618103e+00 -8.7466658183e-01 -4.6671007966e-01 -1.5968276128e+00  6.1048985445e-01  1.1846903137e+00 -1.6903949606e+00  2.4948995969e-02 -4.6159271042e-01 -2.7486099925e+00 -1.5562762861e+00  3.7535439945e-01 -1.4091425165e+00 -2.3417429022e+00 -1.2786286432e+00 -1.1918059381e+00 -1.7549061326e+00
ENERGY -2.764476708724e+02

JOB 13
COORDS -8.4645641964e-01  9.5192509263e-01  2.5237361365e+00  4.9527073429e-01  6.9841762256e-01  1.8204757520e+00  1.3684790291e+00 -2.8611072029e-01  2.6125249976e+00  2.9450230374e-01  3.0996436774e-01  3.2716051217e-01 -6.2474397378e-01  8.1170388827e-01 -7.4296176609e-03  1.4664566542e+00  7.9393992745e-01 -5.3658863877e-01  2.5518737987e-02 -1.1982218869e+00  1.3600544745e-01 -5.3620653001e-01 -1.5615175838e+00 -1.2446097300e+00 -1.4107494739e+00  1.7445344080e+00  2.0203189859e+00 -6.9550870174e-01  1.2556328331e+00  3.5659746075e+00 -1.4723742259e+00  5.0877886515e-02  2.5329243405e+00  1.0277682649e+00  1.6600658206e+00  1.8178509607e+00  2.3198789836e+00 -4.8313227270e-01  2.1064594148e+00  1.6000988297e+00  1.2151048076e-01  3.6027732786e+00  8.6429971956e-01 -1.2464503751e+00  2.7630022529e+00  1.3201523117e+00  5.5978810047e-01 -1.5954686421e+00  2.4059577868e+00  3.2378668779e-01 -2.2123918674e-01  1.5937999429e+00  1.8789847287e+00 -4.5366835095e-01 -6.8868164834e-01 -1.5335366924e+00  8.9838530433e-01  9.4864327081e-01 -1.7641986639e+00  3.1228600941e-01 -7.5556608238e-01 -2.6329258720e+00 -1.3089678048e+00  1.6589135737e-01 -1.3234427880e+00 -2.0500600840e+00 -1.4676442471e+00 -1.0188404807e+00 -1.4453604037e+00
ENERGY -2.764504482097e+02

JOB 14
COORDS -8.1323910584e-01  8.3282937023e-01  2.4070926569e+00  5.2973851810e-01  7.4842463407e-01  1.6649172817e+00  1.5277422092e+00 -1.1666451236e-01  2.4510807096e+00  3.5357600404e-01  3.0858015177e-01  1.8642840518e-01 -4.8860771594e-01  8.9563425671e-01 -2.0916725054e-01  1.5916242195e+00  6.6110814190e-01 -6.5354232260e-01 -2.5983837356e-02 -1.1783156585e+00  3.6626471985e-02 -5.4358422546e-01 -1.5529054333e+00 -1.3584369625e+00 -1.5200942552e+00  1.4809382017e+00  1.8765469615e+00 -6.7594830470e-01  1.2411742356e+00  3.4147372566e+00 -1.2806384860e+00 -1.5210688705e-01  2.5171345633e+00  9.3809983617e-01  1.7684520891e+00  1.6323286166e+00  2.4964215978e+00 -1.8834126709e-01  1.9459877853e+00  1.7052412061e+00  3.1005786837e-01  3.4445090419e+00  1.1485661094e+00 -1.1341337021e+00  2.5954609624e+00  1.4229654169e+00  4.7586865458e-01 -1.7186762598e+00  2.4627874877e+00  6.8303779465e-02 -3.5192268661e-01  1.8534217674e+00  1.7193865665e+00 -5.4229882241e-01 -7.9855238114e-01 -1.4326901203e+00  7.7151404119e-01  8.4338032371e-01 -1.8025198586e+00  2.7847241189e-01 -8.5167763106e-01 -2.6036142264e+00 -1.3929331331e+00  2.1845239116e-01 -1.4106290651e+00 -2.1312487085e+00 -1.4123669912e+00 -9.4247607959e-01 -1.6321334269e+00
ENERGY -2.764517081665e+02

JOB 15
COORDS -7.2087486175e-01  6.2433066316e-01  2.3749224185e+00  5.7447564154e-01  6.8950049520e-01  1.5500033092e+00  1.7025083337e+00 -5.4136363617e-02  2.2844218517e+00  3.6944575365e-01  2.2247314299e-01  8.3393064905e-02 -3.8224582161e-01  9.0282947040e-01 -3.4515160722e-01  1.6521086003e+00  4.1077401618e-01 -7.4567143828e-01 -1.8025119227e-01 -1.2108415608e+00 -4.0019484187e-02 -5.3348824892e-01 -1.6242795432e+00 -1.4751145763e+00 -1.5593406376e+00  1.0904325145e+00  1.8438839877e+00 -5.9685904708e-01  1.1488064889e+00  3.3290013090e+00 -1.0033038159e+00 -4.0789350147e-01  2.6068946369e+00  8.6792757039e-01  1.7470484996e+00  1.4888494958e+00  2.6645520729e+00  4.7197579650e-02  1.7733688049e+00  1.8250643462e+00  3.4370990633e-01  3.2980512568e+00  1.4824156955e+00 -1.1234116519e+00  2.3787674655e+00  1.4495051401e+00  3.4052862220e-01 -1.8184014499e+00  2.4050472857e+00 -3.4773128014e-01 -5.0374194715e-01  2.0981022537e+00  1.3947975794e+00 -5.6037196200e-01 -1.0796475461e+00 -1.3076509140e+00  5.7738603137e-01  5.5140019526e-01 -1.9200052947e+00  3.6807490875e-01 -1.0098595841e+00 -2.6106012802e+00 -1.4904564866e+00  3.5102675505e-01 -1.6780524694e+00 -2.1171601150e+00 -1.2318071290e+00 -9.1098426599e-01 -1.9293879070e+00
ENERGY -2.764514700966e+02

JOB 16
COORDS -6.9277372283e-01  5.2015575072e-01  2.3632489724e+00  5.5831210254e-01  7.1919510337e-01  1.4918410765e+00  1.7678372280e+00  9.2531347156e-02  2.2101608783e+00  3.6830642616e-01  2.0061210101e-01  3.5665655569e-02 -2.6785775038e-01  9.4276513447e-01 -4.7017521098e-01  1.6990479131e+00  2.2696919937e-01 -7.4083925071e-01 -3.1311782227e-01 -1.1757968268e+00 -5.5573624239e-02 -5.4852335963e-01 -1.6691502527e+00 -1.4895546472e+00 -1.5991452516e+00  8.8645486722e-01  1.8663391390e+00 -5.9047714163e-01  1.0640269510e+00  3.3089967036e+00 -8.4753989402e-01 -5.3531365494e-01  2.6085075201e+00  7.4718376583e-01  1.7984138108e+00  1.4131789852e+00  2.7147139154e+00  3.2909167620e-01  1.7172635249e+00  1.8318543976e+00  4.6208018381e-01  3.2397593751e+00  1.6794615005e+00 -9.9912615431e-01  2.2607816582e+00  1.5322504776e+00  1.2557321938e-01 -1.8171763967e+00  2.3676359912e+00 -5.8441918436e-01 -4.3260969988e-01  2.2270587406e+00  1.1741249286e+00 -5.8098772571e-01 -1.2799912436e+00 -1.1353408552e+00  4.5586778029e-01  2.8987139439e-01 -1.9172666032e+00  4.8587979854e-01 -1.1363059128e+00 -2.5935352735e+00 -1.4899757202e+00  3.8896985323e-01 -1.8769843357e+00 -2.0139134468e+00 -1.1003713073e+00 -9.2456915329e-01 -2.0760900649e+00
ENERGY -2.764496189657e+02

JOB 17
COORDS -4.1646332558e-01  4.4231254695e-01  2.3345182171e+00  7.1118644300e-01  7.9585289990e-01  1.3487259996e+00  2.0313620475e+00  2.7481266761e-01  1.9520785963e+00  4.4774114044e-01  2.8077795089e-01 -1.0763202236e-01 -9.1873494870e-02  1.0874809356e+00 -6.2549689964e-01  1.7588023061e+00  1.6227094339e-01 -9.1325068555e-01 -3.7035364959e-01 -1.0191413553e+00 -1.8494720260e-01 -6.7974726340e-01 -1.4908403016e+00 -1.6122770513e+00 -1.4005410273e+00  7.6394483030e-01  1.9741098814e+00 -2.4394642181e-01  9.3484108289e-01  3.2979573177e+00 -4.6171408781e-01 -6.3520305803e-01  2.5198264198e+00  7.8645850963e-01  1.8891726957e+00  1.2912654064e+00  2.9119808554e+00  6.0761674901e-01  1.3970994436e+00  2.1402876645e+00  6.2899501934e-01  2.9832607008e+00  2.0480801684e+00 -8.2145090924e-01  1.9809703551e+00  1.5512736444e+00  2.6845091490e-02 -1.9786053649e+00  2.3704956902e+00 -6.8497012361e-01 -5.8452312977e-01  2.3638420808e+00  1.0704352194e+00 -8.1681243554e-01 -1.3194102690e+00 -8.8416812614e-01  3.4239807719e-01  1.6587451146e-01 -1.8157995348e+00  3.4925310543e-01 -1.3679500065e+00 -2.3429641215e+00 -1.5962289212e+00  2.1938075738e-01 -1.8070990199e+00 -2.1491374103e+00 -1.1534814018e+00 -6.9252916753e-01 -2.1964507384e+00
ENERGY -2.764457699703e+02

JOB 18
COORDS -3.9614209817e-01  2.4392097410e-01  2.4014511223e+00  6.4930331525e-01  7.8979968768e-01  1.4105476912e+00  2.0378714097e+00  5.1270419108e-01  2.0228656167e+00  4.7885117085e-01  2.6065153687e-01 -6.8476977319e-02  5.0613220552e-02  1.0941264568e+00 -6.4307067398e-01  1.8286577658e+00  1.2726180910e-03 -7.6992656576e-01 -4.4768377601e-01 -9.6153362348e-01 -2.1216368597e-01 -7.3447983749e-01 -1.3750840031e+00 -1.6624525618e+00 -1.4240830335e+00  4.6182348382e-01  2.0933575706e+00 -2.5019047167e-01  7.0219661143e-01  3.3858177459e+00 -3.0440155801e-01 -8.3958256529e-01  2.5264159747e+00  5.3039534856e-01  1.8795310972e+00  1.3731120646e+00  2.8537419214e+00  9.6739623422e-01  1.4560045522e+00  2.0829217850e+00  9.1688832619e-01  3.0402479293e+00  2.2362832145e+00 -5.6340640519e-01  2.0916881583e+00  1.6759568044e+00 -2.0846363106e-01 -1.8322430893e+00  2.3625679813e+00 -8.5189843898e-01 -3.3720973191e-01  2.4861058541e+00  8.7398428205e-01 -7.1165610681e-01 -1.4049691163e+00 -7.5314965191e-01  2.7406082325e-01 -1.1373585490e-02 -1.8146361411e+00  3.2497721571e-01 -1.5054420255e+00 -2.1526698548e+00 -1.6949861356e+00  1.5073891624e-01 -1.7738762340e+00 -2.1662439797e+00 -1.0973977326e+00 -5.2309737584e-01 -2.2502523820e+00
ENERGY -2.764412021313e+02

JOB 19
COORDS -2.3985437417e-01 -5.3291600580e-02  2.4476205375e+00  6.3773285938e-01  6.7643598520e-01  1.4125170522e+00  2.0784575398e+00  7.4791289771e-01  1.9496400666e+00  5.1300163503e-01  1.4609478645e-01 -7.6142973920e-02  1.6422517675e-01  9.9874391272e-01 -6.7448900516e-01  1.8424198975e+00 -3.2478417730e-01 -6.9025431904e-01 -5.7382863743e-01 -9.3826512262e-01 -2.6031652455e-01 -8.4563456200e-01 -1.3218532488e+00 -1.7218170202e+00 -1.3039757566e+00 -1.5582589424e-02  2.2020881639e+00 -1.1707542252e-01  4.1718183494e-01  3.4294551307e+00  4.3625014760e-02 -1.1066433175e+00  2.5544295927e+00  2.7193232282e-01  1.7111702349e+00  1.3920780418e+00  2.7246343703e+00  1.3775456055e+00  1.3314461407e+00  2.0773123439e+00  1.1760372438e+00  2.9581452699e+00  2.5390378105e+00 -2.4393687097e-01  2.0157942036e+00  1.7154865546e+00 -5.6532837984e-01 -1.7491365221e+00  2.2192263146e+00 -1.2253853544e+00 -1.9115561864e-01  2.6202341563e+00  4.4023339154e-01 -6.3057188974e-01 -1.5139918522e+00 -5.7942562627e-01  1.7033881271e-01 -3.0218363673e-01 -1.8397103419e+00  3.0346869142e-01 -1.7243513193e+00 -1.9724283413e+00 -1.7909634660e+00 -8.0172888283e-03 -1.8590308905e+00 -2.1761095840e+00 -1.0425391785e+00 -4.3283437211e-01 -2.3335669459e+00
ENERGY -2.764396377371e+02

JOB 20
COORDS -1.3638155798e-01 -2.0954589558e-01  2.4524997642e+00  5.9747394644e-01  6.6921222303e-01  1.4230219924e+00  2.0049017697e+00  1.0223536396e+00  1.9260733281e+00  5.5910364805e-01  1.4582076385e-01 -6.1160041281e-02  3.2581995660e-01  1.0182238290e+00 -6.8727887604e-01  1.8682454059e+00 -4.9946496307e-01 -5.3464144491e-01 -6.4090387616e-01 -7.9671201847e-01 -3.2205435928e-01 -8.7215392602e-01 -1.1289447272e+00 -1.8026141708e+00 -1.1939804652e+00 -3.3948577517e-01  2.2142178557e+00 -7.7438202878e-02  2.5557592090e-01  3.4429767253e+00  3.1397358803e-01 -1.2066846271e+00  2.5363170148e+00  3.6854331946e-02  1.6145617832e+00  1.4072409005e+00  2.5157706191e+00  1.7190242126e+00  1.2529134331e+00  1.9436172906e+00  1.5012149078e+00  2.9096581688e+00  2.6362439396e+00  1.3348104309e-01  2.0319511473e+00  1.8057248852e+00 -7.9044470966e-01 -1.5867204817e+00  2.0919865859e+00 -1.4039536128e+00  4.4665071447e-02  2.7219681536e+00  1.7589338943e-01 -4.3942001665e-01 -1.5505787114e+00 -3.2038072126e-01  6.2616895563e-02 -5.1931036108e-01 -1.7292915940e+00  2.4249681531e-01 -1.8093962100e+00 -1.6810759198e+00 -1.9326323421e+00 -7.1575569195e-02 -1.7463893189e+00 -2.2207616016e+00 -9.3857825885e-01 -2.1611832412e-01 -2.4072209433e+00
ENERGY -2.764430042137e+02

JOB 21
COORDS  1.3861640933e+00  3.4600838142e-01  1.3405889260e+00  1.1773683596e-01 -3.5201644301e-01  8.2151327358e-01 -1.1168045242e+00  8.2769586768e-02  1.6240312487e+00 -9.3001736406e-02 -2.5437770951e-01 -7.2296804976e-01 -6.3471542438e-01 -1.1650605521e+00 -1.0179508253e+00 -8.7387132559e-01  9.9077117839e-01 -1.1624729729e+00  1.2257590808e+00 -3.5362376356e-01 -1.5242292370e+00  1.9545374069e+00 -1.6958783761e+00 -1.3775977324e+00  2.3001058656e+00 -7.8887814542e-02  9.2037400213e-01  1.4483406605e+00  2.4804178293e-01  2.4302896879e+00  1.3813162778e+00  1.4193669124e+00  1.1122117687e+00  2.5941934109e-01 -1.4209217645e+00  1.0335503226e+00 -2.0249629781e+00 -4.1426698258e-01  1.2642010337e+00 -9.9430033110e-01 -1.7416717246e-01  2.6821044399e+00 -1.2806209504e+00  1.1641157901e+00  1.5653460151e+00 -9.7711613080e-01  1.0154584632e+00 -2.2527203375e+00 -3.5372189267e-01  1.9086612554e+00 -8.6217633995e-01 -1.8799371564e+00  1.0244815729e+00 -7.3597486817e-01  1.8965339544e+00  4.7175810771e-01 -1.2580420315e+00  9.8437438155e-01 -2.0994860903e-01 -2.5851667224e+00  2.8528491859e+00 -1.7258692085e+00 -2.0039107238e+00  1.3072353003e+00 -2.5251439977e+00 -1.6872863468e+00  2.2657447851e+00 -1.8920598591e+00 -3.4695326087e-01
ENERGY -2.764479417312e+02

JOB 22
COORDS  1.2992284660e+00  4.0652289785e-01  1.3203019054e+00  1.0136621371e-01 -4.2057654900e-01  8.2623714944e-01 -1.1455067716e+00 -1.3699211364e-01  1.6773449711e+00 -1.7771310438e-01 -2.7820380516e-01 -6.9564636816e-01 -8.5529370471e-01 -1.1046238340e+00 -9.5882479435e-01 -8.5507222099e-01  1.0477058579e+00 -1.0720720154e+00  1.0792091472e+00 -4.8946021608e-01 -1.5660603948e+00  1.7762785212e+00 -1.8416845158e+00 -1.3718964039e+00  2.2339169136e+00  1.1288590089e-01  8.3482466612e-01  1.4332933353e+00  2.7369996939e-01  2.3997119156e+00  1.1519271995e+00  1.4781102317e+00  1.1407727188e+00  3.5818592149e-01 -1.4754628327e+00  9.9109239634e-01 -2.0179384668e+00 -6.8571605822e-01  1.3034528426e+00 -9.7982325177e-01 -4.4129101315e-01  2.7168510985e+00 -1.3981979119e+00  9.2867942073e-01  1.6849852479e+00 -1.0182643399e+00  1.1017435032e+00 -2.1540803546e+00 -2.3406692683e-01  1.9068599216e+00 -7.9269874674e-01 -1.8279342832e+00  1.1672664376e+00 -5.8713358379e-01  1.7936451545e+00  3.2506294922e-01 -1.3935036115e+00  7.7658072208e-01 -4.0070976802e-01 -2.6173247084e+00  2.5961448193e+00 -1.9647054813e+00 -2.0879117918e+00  1.0748515333e+00 -2.6706517469e+00 -1.5250294544e+00  2.1993406292e+00 -1.9496201449e+00 -3.6826518690e-01
ENERGY -2.764513221086e+02

JOB 23
COORDS  1.2273316268e+00  5.5384310486e-01  1.5195789314e+00  1.3254380597e-01 -4.1279250014e-01  1.0418333903e+00 -1.1178976942e+00 -2.8356753628e-01  1.9266318792e+00 -2.0690974886e-01 -2.7289769435e-01 -4.6499327903e-01 -9.9475870982e-01 -1.0140681669e+00 -6.6797708916e-01 -7.7834556022e-01  1.1057059508e+00 -8.3603048512e-01  9.7694204558e-01 -6.0819786964e-01 -1.3947765972e+00  1.5982631585e+00 -1.9951999128e+00 -1.1899207505e+00  2.1525075552e+00  4.4489990583e-01  9.4447738156e-01  1.4702821837e+00  3.6681383462e-01  2.5715080401e+00  9.0457271433e-01  1.5976495581e+00  1.4402771163e+00  5.1094789950e-01 -1.4325868521e+00  1.1843177530e+00 -1.9198705332e+00 -9.4750219047e-01  1.5833869757e+00 -8.8643606285e-01 -5.4802935249e-01  2.9645709673e+00 -1.5091562586e+00  7.3949639760e-01  1.9316456084e+00 -1.0716685314e+00  1.1251871067e+00 -1.8915222154e+00 -3.8837586252e-02  1.9006177488e+00 -6.8951052087e-01 -1.6639941262e+00  1.3584236501e+00 -2.4558266754e-01  1.7543809081e+00  1.5969415984e-01 -1.2922143148e+00  6.2048179631e-01 -5.3104685387e-01 -2.4299573174e+00  2.3355357989e+00 -2.2098654993e+00 -1.9711583321e+00  8.3421936628e-01 -2.7808942642e+00 -1.2290645788e+00  2.1109087283e+00 -2.0793629323e+00 -2.2648686749e-01
ENERGY -2.764520540761e+02

