JOB 0
COORDS -1.9782172878e-01 -6.5594521654e-02  1.5241075409e+00 -3.0564647752e-01 -1.1619887597e+00 -6.8851129293e-01 -6.9719602803e-02 -1.4219786225e+00  8.1630214366e-01 -1.0100521292e+00 -2.4888052838e+00  1.3831527632e+00  1.5248178442e+00  2.6646982359e+00  1.9013216397e+00  5.4009326389e-01  8.8096005769e-01  6.7321825979e-01  4.6598135171e-01  2.2550227686e+00  9.8094263474e-01  1.0633825169e+00  8.8682675676e-01 -1.8984305307e+00 -1.3268829138e+00  1.2827248111e+00 -1.1301930815e+00 -2.2017381894e-02  6.2414476220e-01 -9.5536205615e-01 -1.2548206162e+00  2.2842242335e-01  1.6388394420e+00  2.6850474957e-01 -9.1965239228e-02  2.5122905911e+00  3.7315000228e-01 -1.7120891010e+00 -1.3403820181e+00 -1.3398579055e+00 -1.3372977214e+00 -9.8923115936e-01  9.6690513328e-01 -1.7551568207e+00  9.2162111380e-01 -2.0427378663e+00 -2.3171667422e+00  1.0618636355e+00 -9.7988936673e-01 -2.5024057513e+00  2.4776927126e+00 -7.2462901321e-01 -3.4849874656e+00  1.0296529927e+00  2.4905932513e+00  2.4954114043e+00  1.4209462848e+00  1.4111722876e+00  3.7363928030e+00  2.0894408421e+00  1.5114423380e+00  2.1346762100e+00  2.8669385364e+00 -4.6504529975e-01  2.4965972752e+00  1.3244302472e+00
ENERGY -8.558684728775e+02

JOB 1
COORDS -1.3694130469e-01  8.4225069720e-02  1.5658274084e+00 -2.3781230356e-01 -9.2309347791e-01 -6.8552381941e-01 -1.3261886812e-02 -1.2455271773e+00  8.1040294430e-01 -9.5986705642e-01 -2.3358551717e+00  1.3344310764e+00  1.6143992124e+00  2.7745001500e+00  2.0724054707e+00  6.2422488359e-01  1.0533047362e+00  7.6172515492e-01  5.6535733494e-01  2.4148677765e+00  1.1209035053e+00  1.1933362364e+00  1.1377956910e+00 -1.7984758074e+00 -1.2013011576e+00  1.5565260541e+00 -1.0571916958e+00  8.6425353655e-02  8.6493130356e-01 -8.8350900112e-01 -1.1923929246e+00  3.8556772076e-01  1.6769683920e+00  3.1467822294e-01  1.6844728393e-02  2.5589475566e+00  4.3099601187e-01 -1.4638630565e+00 -1.3553650060e+00 -1.2744128262e+00 -1.0625319911e+00 -9.9562341201e-01  1.0220954166e+00 -1.5862730532e+00  8.9802918902e-01 -1.9273769883e+00 -2.3094401406e+00  8.2373009794e-01 -1.1257493575e+00 -2.2392021890e+00  2.4121532048e+00 -5.4041669396e-01 -3.3307979547e+00  1.1540407086e+00  2.5854177621e+00  2.6048006748e+00  1.6028468363e+00  1.5157199490e+00  3.8410120659e+00  2.2952105842e+00  1.5754792003e+00  2.2124187755e+00  3.0190901678e+00 -3.6798320891e-01  2.6592537135e+00  1.4557479251e+00
ENERGY -8.558666088949e+02

JOB 2
COORDS -1.8167210990e-01  1.2168487652e-04  1.5300595117e+00 -3.7993436468e-01 -1.0234672791e+00 -6.9327164638e-01 -6.4079926353e-02 -1.3357454655e+00  7.8430331066e-01 -9.4896317946e-01 -2.4507317232e+00  1.3757019990e+00  1.5526534325e+00  2.7058572133e+00  1.9823619924e+00  5.6109965212e-01  9.6262861442e-01  7.0275568976e-01  5.0073909000e-01  2.3293164156e+00  1.0403128460e+00  1.1393280650e+00  9.4455611709e-01 -1.8565707608e+00 -1.2388195534e+00  1.4846603850e+00 -1.1407476314e+00  1.7688586349e-02  7.4573390194e-01 -9.4000222904e-01 -1.2374694635e+00  2.9570815158e-01  1.6557288373e+00  2.8620961415e-01 -5.6277647781e-02  2.5164826788e+00  2.0549990469e-01 -1.6064152712e+00 -1.4047838062e+00 -1.4440207454e+00 -1.1100066435e+00 -9.1894491059e-01  9.8576593070e-01 -1.6390786929e+00  8.2056451216e-01 -1.8304067914e+00 -2.6434835330e+00  7.5709690590e-01 -1.2879605371e+00 -2.2007676499e+00  2.3860711224e+00 -3.9950350029e-01 -3.3942438520e+00  1.4393007812e+00  2.5222846479e+00  2.5320367258e+00  1.5114176477e+00  1.4515045672e+00  3.7752442614e+00  2.1898247448e+00  1.5191516915e+00  2.1577778369e+00  2.9373715033e+00 -4.3175536586e-01  2.5776049817e+00  1.3749380972e+00
ENERGY -8.558647294627e+02

JOB 3
COORDS -1.6877111033e-01  4.7030738306e-03  1.5345901541e+00 -3.9125636098e-01 -9.9492887337e-01 -6.9526207824e-01 -5.8726661328e-02 -1.3248849679e+00  7.7268501341e-01 -9.3404336214e-01 -2.4478576226e+00  1.3703137280e+00  1.5835708184e+00  2.6983790552e+00  1.9982238203e+00  5.7108123803e-01  9.7290473543e-01  7.1102869528e-01  5.1984955028e-01  2.3360331520e+00  1.0639481455e+00  1.1189170154e+00  9.8152323461e-01 -1.8555412765e+00 -1.2488480391e+00  1.5207061157e+00 -1.1050207956e+00  7.7673643012e-03  7.7603842111e-01 -9.2770916070e-01 -1.2227273227e+00  3.0227223295e-01  1.6692249223e+00  3.0501472430e-01 -6.2316693832e-02  2.5175937176e+00  1.8430480090e-01 -1.5717479109e+00 -1.4197682119e+00 -1.4584051650e+00 -1.0775808448e+00 -9.0816896073e-01  9.9445751327e-01 -1.6150585055e+00  8.1423725794e-01 -1.6518451508e+00 -2.8376237413e+00  6.4263785341e-01 -1.5106852373e+00 -2.0884425317e+00  2.2288600121e+00 -3.2542959047e-01 -3.2886537395e+00  1.7125753405e+00  2.5472429281e+00  2.5255351566e+00  1.5148515448e+00  1.4892391340e+00  3.7659282912e+00  2.2179948679e+00  1.5582158826e+00  2.1403814357e+00  2.9477335080e+00 -4.0791275434e-01  2.5843987518e+00  1.4114105141e+00
ENERGY -8.558639785828e+02

JOB 4
COORDS -9.6201269956e-03  1.4681129928e-01  1.6670939762e+00 -2.0568548594e-01 -7.3714508157e-01 -6.1474975943e-01  8.7717935365e-02 -1.1460577743e+00  8.3986312773e-01 -8.2682733259e-01 -2.2713525249e+00  1.3618253450e+00  1.8026678559e+00  2.7699592201e+00  2.2914044661e+00  7.6807402022e-01  1.1365634286e+00  9.0548618731e-01  7.4311229512e-01  2.4809351915e+00  1.3272666301e+00  1.3450848153e+00  1.2765383691e+00 -1.6511585333e+00 -1.0232676086e+00  1.8088806890e+00 -8.9699171838e-01  2.2092478682e-01  1.0375166322e+00 -7.4744948064e-01 -1.0587042735e+00  4.6318290139e-01  1.7952798310e+00  4.4240374236e-01  2.2334397999e-02  2.6547686940e+00  3.7986840713e-01 -1.2856672417e+00 -1.3530605683e+00 -1.2687316457e+00 -7.9605806095e-01 -8.5510291778e-01  1.1337578216e+00 -1.4569474634e+00  9.0847761162e-01 -1.3311197766e+00 -2.7953670926e+00  5.4429283506e-01 -1.6197012641e+00 -1.8664171920e+00  2.0002946920e+00 -2.6922789093e-01 -3.0050145156e+00  1.9490804308e+00  2.7683551536e+00  2.6009866061e+00  1.8107064372e+00  1.7289159437e+00  3.8264039007e+00  2.5658906472e+00  1.7530349350e+00  2.1637242332e+00  3.2098620886e+00 -1.8315108216e-01  2.7322482334e+00  1.6766230839e+00
ENERGY -8.558648776586e+02

JOB 5
COORDS  3.3881378592e-02  2.5875829691e-01  1.7042659990e+00 -1.7237800025e-01 -5.5193313731e-01 -6.0470980115e-01  1.2013551015e-01 -1.0075007452e+00  8.3477716763e-01 -8.0789081250e-01 -2.1323319029e+00  1.3143837261e+00  1.8645196179e+00  2.8494420989e+00  2.4061066102e+00  8.1752246349e-01  1.2664714084e+00  9.7188946287e-01  8.0201065818e-01  2.5972205219e+00  1.4349995321e+00  1.3902088592e+00  1.4813967970e+00 -1.5807109200e+00 -9.7281779216e-01  2.0074340111e+00 -8.0564371496e-01  2.6600086256e-01  1.2229094032e+00 -6.8246168023e-01 -1.0121789973e+00  5.7953104912e-01  1.8445974008e+00  4.8744544139e-01  1.0042612233e-01  2.6862887333e+00  4.0752291614e-01 -1.0811176711e+00 -1.3613030126e+00 -1.2367519968e+00 -5.9724703661e-01 -8.4330611427e-01  1.1624373299e+00 -1.3324935845e+00  9.0228439475e-01 -1.1009751619e+00 -2.7879773186e+00  4.8827571736e-01 -1.7385846442e+00 -1.7180732797e+00  1.7188355699e+00 -3.3933965799e-01 -2.7360472376e+00  2.0961166833e+00  2.8285781072e+00  2.6894514451e+00  1.9190828184e+00  1.7977601036e+00  3.8972675833e+00  2.7134522378e+00  1.8121733846e+00  2.2152518582e+00  3.3053549478e+00 -1.2216466989e-01  2.8440827050e+00  1.7929556118e+00
ENERGY -8.558667928485e+02

JOB 6
COORDS  4.2991056361e-02  2.1814313540e-01  1.7033906960e+00 -1.5545762063e-01 -6.0487676948e-01 -6.1415995575e-01  1.1337400968e-01 -1.0502795430e+00  8.3640738478e-01 -8.4274596028e-01 -2.1495356609e+00  1.3058795077e+00  1.8820954627e+00  2.8176826280e+00  2.3595787562e+00  8.0564243880e-01  1.2291060991e+00  9.5347266210e-01  7.9256547942e-01  2.5593934616e+00  1.4203102723e+00  1.2874115438e+00  1.5061146296e+00 -1.6117254895e+00 -1.0694685759e+00  1.9178045010e+00 -7.5333574639e-01  2.0580713807e-01  1.1862095275e+00 -6.8193732576e-01 -1.0000960680e+00  5.3633231035e-01  1.8682704863e+00  5.2024192699e-01  6.2428568345e-02  2.6743961229e+00  4.7408905688e-01 -1.1063311015e+00 -1.3494674876e+00 -1.2071024258e+00 -6.9924283814e-01 -8.9083436242e-01  1.1454586821e+00 -1.4059680091e+00  9.0854296147e-01 -9.3832041181e-01 -2.9379992691e+00  5.5230239561e-01 -1.8469729162e+00 -1.7432272973e+00  1.4714047647e+00 -5.0015666001e-01 -2.6019351851e+00  2.2415473291e+00  2.8321800563e+00  2.6685885161e+00  1.8426135246e+00  1.8152349274e+00  3.8636246719e+00  2.6732262364e+00  1.8629391413e+00  2.1793580721e+00  3.2571861331e+00 -1.2214529618e-01  2.7951133756e+00  1.8087888665e+00
ENERGY -8.558685606075e+02

JOB 7
COORDS  5.8000027598e-02  2.2047102694e-01  1.7096741657e+00 -1.5964701450e-01 -5.8645477465e-01 -6.1481203266e-01  1.1553127174e-01 -1.0408777282e+00  8.3337348082e-01 -8.4507734934e-01 -2.1357818451e+00  1.2979236415e+00  1.8960575773e+00  2.8197618039e+00  2.3653157699e+00  8.0939044057e-01  1.2386041610e+00  9.5863731569e-01  7.9787154313e-01  2.5656847809e+00  1.4349613118e+00  1.2655266852e+00  1.5388312605e+00 -1.6082036522e+00 -1.0846297138e+00  1.9336524020e+00 -7.2422089907e-01  1.9412232736e-01  1.2064973897e+00 -6.7106082379e-01 -9.8290920478e-01  5.3597423757e-01  1.8928802586e+00  5.4962142879e-01  5.5154098086e-02  2.6717836436e+00  4.6977286050e-01 -1.0786834270e+00 -1.3563768313e+00 -1.2113112640e+00 -6.8230638892e-01 -8.9059627352e-01  1.1435692492e+00 -1.4125416570e+00  8.7936281447e-01 -7.6618464368e-01 -3.0246568152e+00  6.6378622570e-01 -1.8830976035e+00 -1.7872941556e+00  1.2648541769e+00 -6.2143099250e-01 -2.4383945721e+00  2.3265595945e+00  2.8413240477e+00  2.6763198679e+00  1.8380218331e+00  1.8301008482e+00  3.8633638476e+00  2.6868478765e+00  1.8870562166e+00  2.1752016521e+00  3.2586088212e+00 -1.1343786764e-01  2.7961705300e+00  1.8344436408e+00
ENERGY -8.558692471231e+02

JOB 8
COORDS  6.2156540138e-02  2.0705647300e-01  1.7055654960e+00 -1.8274470391e-01 -5.8716868023e-01 -6.2020488285e-01  1.0783129511e-01 -1.0494332031e+00  8.2531945034e-01 -8.4762385693e-01 -2.1493098744e+00  1.2948630165e+00  1.9057464270e+00  2.8015919933e+00  2.3584708804e+00  8.0634683052e-01  1.2284990170e+00  9.5254948990e-01  8.0027334343e-01  2.5530630382e+00  1.4353600138e+00  1.2457294097e+00  1.5345652183e+00 -1.6162494339e+00 -1.0962540604e+00  1.9374767829e+00 -7.1453695609e-01  1.7931054968e-01  1.2040380963e+00 -6.7273527799e-01 -9.7698791332e-01  5.2145501816e-01  1.9017018886e+00  5.6323606640e-01  3.6386524787e-02  2.6618672398e+00  4.3563770835e-01 -1.0788464451e+00 -1.3713381334e+00 -1.2376348143e+00 -6.7567773197e-01 -8.8502892386e-01  1.1341758097e+00 -1.4277225997e+00  8.3864029673e-01 -6.1064737259e-01 -3.1077480872e+00  8.2294973739e-01 -1.8903587910e+00 -1.8954874121e+00  1.0797846139e+00 -7.5538541197e-01 -2.2979064176e+00  2.3770733684e+00  2.8468033314e+00  2.6590672261e+00  1.8234512983e+00  1.8437470406e+00  3.8439013481e+00  2.6849467157e+00  1.9026231355e+00  2.1532736435e+00  3.2490956316e+00 -1.0780212047e-01  2.7833932902e+00  1.8421868932e+00
ENERGY -8.558685123084e+02

JOB 9
COORDS  7.0665684006e-02  2.1662267294e-01  1.7074140355e+00 -1.9160018814e-01 -5.5746462081e-01 -6.2274434174e-01  1.0834016177e-01 -1.0332044788e+00  8.1787111061e-01 -8.4093874709e-01 -2.1433340008e+00  1.2918825191e+00  1.9232228030e+00  2.8026009025e+00  2.3693682158e+00  8.1049579723e-01  1.2435208913e+00  9.5835201586e-01  8.0989695955e-01  2.5638182881e+00  1.4531329680e+00  1.2291558947e+00  1.5740070922e+00 -1.6110563077e+00 -1.1051189082e+00  1.9680715951e+00 -6.8592194642e-01  1.7071330302e-01  1.2342729300e+00 -6.6186879900e-01 -9.6702071019e-01  5.2946757727e-01  1.9136080186e+00  5.7824862038e-01  3.6386829760e-02  2.6585500282e+00  4.2232413929e-01 -1.0418105594e+00 -1.3823039266e+00 -1.2475913964e+00 -6.4178263223e-01 -8.8370695264e-01  1.1350478855e+00 -1.4094653526e+00  8.0821511935e-01 -4.6374096420e-01 -3.1338561111e+00  1.0220149797e+00 -1.8510333108e+00 -2.0202958203e+00  8.9086069320e-01 -9.1788010306e-01 -2.1341550006e+00  2.3855530894e+00  2.8596922734e+00  2.6639899096e+00  1.8253467134e+00  1.8651241410e+00  3.8419432991e+00  2.7058564540e+00  1.9266670731e+00  2.1461353945e+00  3.2539968785e+00 -9.4521740962e-02  2.7912657026e+00  1.8695774308e+00
ENERGY -8.558666962307e+02

JOB 10
COORDS  8.5371444910e-02  2.7679042736e-01  1.7250889728e+00 -2.3599636018e-01 -4.3725020959e-01 -6.0263971721e-01  1.1872190769e-01 -9.5271238794e-01  8.0797190952e-01 -7.9179023441e-01 -2.1011705257e+00  1.2846622887e+00  1.9474711771e+00  2.8331911061e+00  2.4529686953e+00  8.3739871290e-01  1.3115529500e+00  9.9973247324e-01  8.4711728948e-01  2.6231340721e+00  1.5144520890e+00  1.3212883059e+00  1.6093912894e+00 -1.5618028907e+00 -1.0045859527e+00  2.1379256196e+00 -6.8388194858e-01  2.2616487662e-01  1.3330317102e+00 -6.3334647760e-01 -9.5170970124e-01  5.9218325256e-01  1.9322099136e+00  5.8611999972e-01  7.3628594357e-02  2.6754078026e+00  2.9886189754e-01 -9.4269954708e-01 -1.4071420065e+00 -1.3100816715e+00 -4.5422240405e-01 -7.9436539086e-01  1.1548064470e+00 -1.2988233569e+00  7.5981234794e-01 -2.8385764248e-01 -3.0671764403e+00  1.2216674015e+00 -1.7226929737e+00 -2.1579040243e+00  7.1364172044e-01 -1.0648506460e+00 -1.9642171296e+00  2.3368381231e+00  2.8911720613e+00  2.6869834299e+00  1.9235914503e+00  1.8991540530e+00  3.8690018559e+00  2.8017104834e+00  1.9255577385e+00  2.1658789232e+00  3.3291989821e+00 -6.1326528646e-02  2.8597663873e+00  1.9168277001e+00
ENERGY -8.558647824050e+02

JOB 11
COORDS -1.6052776978e-01  4.0560123985e-01  1.6338957236e+00  9.8007622984e-02 -6.5565141222e-01 -5.6279704990e-01  9.7277731896e-02 -9.4591652797e-01  9.5053936265e-01 -9.0146997094e-01 -2.0459979139e+00  1.3704742121e+00  1.4815316768e+00  3.0993698570e+00  2.4012724844e+00  7.5555557838e-01  1.3444435838e+00  9.6865765744e-01  6.4516183167e-01  2.7175084401e+00  1.2652949317e+00  1.8555889571e+00  1.2733474293e+00 -1.4133456059e+00 -6.1127162838e-01  1.8540814959e+00 -1.2185158700e+00  5.6435069524e-01  1.1044141307e+00 -7.4854542626e-01 -1.2142447882e+00  7.1438148361e-01  1.5244905687e+00  8.3729403762e-02  3.6397163527e-01  2.6987449880e+00  8.0920717512e-01 -1.2583042408e+00 -1.1284307515e+00 -8.9815658133e-01 -7.3511706627e-01 -1.0012337707e+00  1.1123058676e+00 -1.2413684233e+00  1.2289558622e+00 -3.9222321528e-01 -2.8835816084e+00  1.8540852527e+00 -1.4498560689e+00 -2.4484429151e+00  5.1369190067e-01 -1.6443515918e+00 -1.6606944983e+00  2.0762093260e+00  2.5257673852e+00  2.9069241192e+00  2.1468679270e+00  1.3542742276e+00  4.1732615654e+00  2.5668645641e+00  1.2408847379e+00  2.5685253749e+00  3.3360721767e+00 -3.3311329664e-01  2.9817232173e+00  1.3930669484e+00
ENERGY -8.558639778813e+02

JOB 12
COORDS -1.6971054930e-01  3.7823652306e-01  1.6240226977e+00  6.4602335156e-02 -6.8684606954e-01 -5.7575912678e-01  7.9435593865e-02 -9.7481189604e-01  9.3633999511e-01 -9.1816248480e-01 -2.0673214817e+00  1.3676669352e+00  1.4948058255e+00  3.0692037914e+00  2.3605656641e+00  7.3637311113e-01  1.3159892494e+00  9.4277342771e-01  6.3333308942e-01  2.6890268923e+00  1.2429428162e+00  1.7785940034e+00  1.2637268216e+00 -1.4655714139e+00 -6.8931208908e-01  1.8154866906e+00 -1.2083347216e+00  5.0633310254e-01  1.0784345734e+00 -7.6943934215e-01 -1.2242234730e+00  6.8839472420e-01  1.5295328921e+00  9.0612707557e-02  3.3902103412e-01  2.6851486969e+00  7.7956186516e-01 -1.2822914832e+00 -1.1442432875e+00 -9.3402847742e-01 -7.8254938549e-01 -1.0056237227e+00  1.0930949675e+00 -1.2651927501e+00  1.2252117316e+00 -4.6582068757e-01 -2.7561434065e+00  2.0862332678e+00 -1.2311143827e+00 -2.6770225161e+00  5.1367697170e-01 -1.8230635998e+00 -1.6404596037e+00  1.8105186261e+00  2.5331167965e+00  2.8772144225e+00  2.0826688846e+00  1.3712644026e+00  4.1428270446e+00  2.5306518068e+00  1.2749758880e+00  2.5368293946e+00  3.2996064956e+00 -3.4179515068e-01  2.9531934924e+00  1.3930139560e+00
ENERGY -8.558648877008e+02

JOB 13
COORDS -1.5365272494e-01  3.8726721881e-01  1.6387907816e+00  5.6242324308e-02 -6.5591217504e-01 -5.7494071084e-01  8.6806871596e-02 -9.5833998159e-01  9.3306834755e-01 -9.1093207422e-01 -2.0460464556e+00  1.3544156197e+00  1.5184671923e+00  3.0713275497e+00  2.3826128884e+00  7.4510756778e-01  1.3316902018e+00  9.5629062564e-01  6.4570070252e-01  2.7017997053e+00  1.2702528452e+00  1.7620154344e+00  1.3015588228e+00 -1.4629050207e+00 -7.0261269460e-01  1.8530268368e+00 -1.1756362058e+00  4.9667567745e-01  1.1108383369e+00 -7.5572881405e-01 -1.2086741632e+00  6.9954556446e-01  1.5596861215e+00  1.1936957362e-01  3.3696280580e-01  2.6961812799e+00  7.6393725535e-01 -1.2461459400e+00 -1.1576352794e+00 -9.4773190805e-01 -7.4782325041e-01 -9.9376915104e-01  1.0996397710e+00 -1.2574996959e+00  1.2174510486e+00 -5.6193936141e-01 -2.5763142991e+00  2.2454158388e+00 -1.0127456613e+00 -2.8037335213e+00  5.6953222508e-01 -1.9065083546e+00 -1.6333924133e+00  1.5444813014e+00  2.5538573875e+00  2.8814640270e+00  2.0925964973e+00  1.3971863722e+00  4.1433884823e+00  2.5638366811e+00  1.3077653196e+00  2.5304224540e+00  3.3188821454e+00 -3.2775402388e-01  2.9649995806e+00  1.4324950191e+00
ENERGY -8.558668239834e+02

JOB 14
COORDS -1.2579775677e-01  4.3294797456e-01  1.6595817487e+00  1.1020720574e-01 -5.8074298890e-01 -5.7855048824e-01  1.0103572353e-01 -9.0157678963e-01  9.2871267761e-01 -9.2921701220e-01 -1.9699834863e+00  1.3022281314e+00  1.5618144167e+00  3.1044343506e+00  2.4242752232e+00  7.6274003874e-01  1.3900640464e+00  9.8138108620e-01  6.6417959273e-01  2.7540642337e+00  1.3253046809e+00  1.7090851378e+00  1.4665964239e+00 -1.4654098329e+00 -7.6638796937e-01  1.9065862162e+00 -1.0918205104e+00  4.7503171070e-01  1.2047846859e+00 -7.2700851128e-01 -1.1810301023e+00  7.4881926606e-01  1.6038453260e+00  1.6477645949e-01  3.6315314259e-01  2.7110268257e+00  8.6819184851e-01 -1.1294315733e+00 -1.1379112003e+00 -8.6984405404e-01 -7.1578550060e-01 -1.0396766366e+00  1.0995298653e+00 -1.2385931951e+00  1.2221965558e+00 -7.5077057606e-01 -2.3487319201e+00  2.3137794819e+00 -8.5941736049e-01 -2.8286208296e+00  6.2569545086e-01 -1.9503929968e+00 -1.5794172983e+00  1.2428379284e+00  2.5908756088e+00  2.9274317682e+00  2.1051610242e+00  1.4389403057e+00  4.1714759207e+00  2.6320412517e+00  1.3768104175e+00  2.5415952523e+00  3.3529717421e+00 -3.0645991544e-01  3.0063711242e+00  1.5187394979e+00
ENERGY -8.558685791555e+02

JOB 15
COORDS -1.4606430624e-01  2.6870509944e-01  1.6284489336e+00  3.8919308008e-02 -8.0282322011e-01 -5.8947425023e-01  6.6345911308e-02 -1.0822942042e+00  9.2739612338e-01 -9.5322786793e-01 -2.1411437465e+00  1.3478656035e+00  1.5397401463e+00  2.9709183774e+00  2.2765516901e+00  7.1640189415e-01  1.2132435587e+00  9.0095291835e-01  6.1707932133e-01  2.5851467147e+00  1.2107513989e+00  1.6006668094e+00  1.2303014524e+00 -1.5698121522e+00 -8.6763146708e-01  1.6642993619e+00 -1.1459212483e+00  3.8735084964e-01  9.8024867265e-01 -7.9395999756e-01 -1.2047053738e+00  5.7671545796e-01  1.5960068388e+00  1.7570924498e-01  2.2663830530e-01  2.6721803255e+00  7.8792756462e-01 -1.3604018844e+00 -1.1520244680e+00 -9.5000910615e-01 -9.5602167778e-01 -1.0251234501e+00  1.0735149366e+00 -1.4208126313e+00  1.1884041889e+00 -9.0904624844e-01 -2.3164420139e+00  2.4281733467e+00 -7.6143608343e-01 -3.0948487817e+00  8.4569305790e-01 -1.9719052553e+00 -1.8259192409e+00  1.0972099799e+00  2.5616345532e+00  2.7919242139e+00  1.9361998884e+00  1.4146231482e+00  4.0423974802e+00  2.4585264135e+00  1.3823769858e+00  2.4323753041e+00  3.2245654858e+00 -3.5008835703e-01  2.8369146757e+00  1.4214357265e+00
ENERGY -8.558692466116e+02

JOB 16
COORDS -1.3436832140e-01  2.7475610594e-01  1.6338536991e+00  3.2337630965e-02 -7.8022841068e-01 -5.9446501543e-01  7.1027712036e-02 -1.0701104111e+00  9.2270272480e-01 -9.4518393556e-01 -2.1342104005e+00  1.3451568576e+00  1.5508026014e+00  2.9757502323e+00  2.2858129062e+00  7.1818536653e-01  1.2266233301e+00  9.0487557229e-01  6.1869171658e-01  2.5958337739e+00  1.2261773078e+00  1.5780444900e+00  1.2659351723e+00 -1.5742116121e+00 -8.8731872347e-01  1.6878997724e+00 -1.1223301279e+00  3.7343741615e-01  1.0053729775e+00 -7.8835513712e-01 -1.1942470784e+00  5.8024300046e-01  1.6154266327e+00  1.9857723122e-01  2.2480154710e-01  2.6737142760e+00  7.8018211503e-01 -1.3302688626e+00 -1.1658810152e+00 -9.5798665208e-01 -9.3266640152e-01 -1.0266488052e+00  1.0826077387e+00 -1.4167083206e+00  1.1538564422e+00 -1.0682195707e+00 -2.1440150300e+00  2.4337805643e+00 -6.4227600396e-01 -3.1332554635e+00  1.0187073596e+00 -1.9305322482e+00 -1.9215142301e+00  9.1593048007e-01  2.5697469898e+00  2.8018077645e+00  1.9341857290e+00  1.4249714104e+00  4.0455204352e+00  2.4770927915e+00  1.4040022305e+00  2.4297096748e+00  3.2312340159e+00 -3.4695945504e-01  2.8438742473e+00  1.4478643316e+00
ENERGY -8.558684890080e+02

JOB 17
COORDS -1.2845700563e-01  2.6207087165e-01  1.6324952437e+00  1.1110588975e-02 -7.8051062144e-01 -6.0214399189e-01  6.7492027228e-02 -1.0795812175e+00  9.1407624098e-01 -9.4059870568e-01 -2.1524940016e+00  1.3516841005e+00  1.5648948508e+00  2.9572848447e+00  2.2842125111e+00  7.1792256203e-01  1.2168171093e+00  9.0099497219e-01  6.2326404706e-01  2.5843769490e+00  1.2305445458e+00  1.5580128467e+00  1.2640077636e+00 -1.5847212225e+00 -9.0166929666e-01  1.6942941252e+00 -1.1105926412e+00  3.5875702140e-01  1.0047156950e+00 -7.9024771744e-01 -1.1884689966e+00  5.6800793554e-01  1.6259966115e+00  2.1411946563e-01  2.0559447064e-01  2.6689258432e+00  7.4940450053e-01 -1.3302859150e+00 -1.1861800316e+00 -9.8455893335e-01 -9.2432338252e-01 -1.0243343788e+00  1.0845928574e+00 -1.4254778805e+00  1.1189653580e+00 -1.2413847138e+00 -2.0039336479e+00  2.3945509905e+00 -5.3790271182e-01 -3.1624396409e+00  1.2398825230e+00 -1.8597634698e+00 -2.0893157935e+00  7.5939521784e-01  2.5805348942e+00  2.7833260364e+00  1.9231566571e+00  1.4426180212e+00  4.0263035472e+00  2.4818820280e+00  1.4250885026e+00  2.4067828368e+00  3.2281044045e+00 -3.4011069053e-01  2.8328220592e+00  1.4614393184e+00
ENERGY -8.558666512014e+02

JOB 18
COORDS -1.2514370996e-01  2.9860781571e-01  1.6346751110e+00 -4.9700541396e-02 -6.9409087195e-01 -6.1068670881e-01  6.8345713918e-02 -1.0292693849e+00  8.9080529617e-01 -9.0024275219e-01 -2.1375088671e+00  1.3482186190e+00  1.5727778614e+00  2.9720844139e+00  2.3437217355e+00  7.3000374674e-01  1.2601320619e+00  9.2297930869e-01  6.4509983595e-01  2.6231179194e+00  1.2697703817e+00  1.6306492847e+00  1.2667335500e+00 -1.5414565996e+00 -8.1253799589e-01  1.8317219327e+00 -1.1273682905e+00  3.9856039454e-01  1.0721933124e+00 -7.7870022831e-01 -1.1842693807e+00  6.0876532049e-01  1.6288644261e+00  2.1189973079e-01  2.2222021891e-01  2.6718046085e+00  6.1570957348e-01 -1.2762026201e+00 -1.2487872236e+00 -1.0764698747e+00 -7.6272145295e-01 -9.7365119505e-01  1.1005584569e+00 -1.3498799361e+00  1.0566562852e+00 -1.3764194061e+00 -1.8763845659e+00  2.2992054664e+00 -3.9315115479e-01 -3.0979564280e+00  1.4687824460e+00 -1.7128240129e+00 -2.2800837871e+00  6.2905122018e-01  2.5922971056e+00  2.7897675451e+00  1.9979911925e+00  1.4600336379e+00  4.0401695611e+00  2.5519094541e+00  1.4102128602e+00  2.4126099689e+00  3.2786629540e+00 -3.1915954293e-01  2.8812820343e+00  1.4859396971e+00
ENERGY -8.558647516026e+02

JOB 19
COORDS -2.2530402815e-01  7.0859592445e-02  1.5231121141e+00 -2.3933102165e-01 -1.0188332959e+00 -6.7448136439e-01 -3.8149942330e-02 -1.2870261665e+00  8.2940709069e-01 -9.5691966270e-01 -2.3939835213e+00  1.3902165596e+00  1.4616286010e+00  2.7967835506e+00  2.0360739390e+00  5.8271476734e-01  1.0116450815e+00  7.3232386244e-01  4.9147416025e-01  2.3873979011e+00  1.0227109605e+00  1.3677780748e+00  9.1748932012e-01 -1.7703385166e+00 -1.0611648018e+00  1.4720445761e+00 -1.2671313710e+00  1.7525373741e-01  7.4350447685e-01 -9.4242959286e-01 -1.2887519177e+00  3.6417238942e-01  1.5477012126e+00  1.5598818944e-01  4.8056638048e-02  2.5475109356e+00  3.9909082843e-01 -1.6217117205e+00 -1.3209310363e+00 -1.2833556106e+00 -1.1158296126e+00 -9.7703707642e-01  1.0088846873e+00 -1.5645403324e+00  9.7699873805e-01 -1.6079748976e+00 -2.0082648577e+00  2.1813417239e+00 -3.7602053886e-01 -3.2163866999e+00  1.8158978128e+00 -1.6043343946e+00 -2.8179675349e+00  6.1725380493e-01  2.4670623251e+00  2.6137957506e+00  1.6516092462e+00  1.3412118014e+00  3.8713394513e+00  2.2024591207e+00  1.3511903378e+00  2.2770482076e+00  3.0010852311e+00 -4.6593422439e-01  2.6410298614e+00  1.2720934294e+00
ENERGY -8.558639782092e+02

JOB 20
COORDS -2.0955987380e-01  7.7235494108e-02  1.5333154680e+00 -2.4730629618e-01 -9.8882982365e-01 -6.7466418183e-01 -2.9839367634e-02 -1.2739963526e+00  8.2171866293e-01 -9.4623812997e-01 -2.3803682544e+00  1.3793653399e+00  1.4943635172e+00  2.7910552884e+00  2.0594581239e+00  5.9531731555e-01  1.0235826534e+00  7.4536596863e-01  5.1250666531e-01  2.3962472809e+00  1.0516619011e+00  1.3525420209e+00  9.5448231023e-01 -1.7667838865e+00 -1.0691220593e+00  1.5109768304e+00 -1.2310818868e+00  1.6852678917e-01  7.7530689748e-01 -9.2783507554e-01 -1.2716920893e+00  3.7393975398e-01  1.5673788143e+00  1.7817977780e-01  4.4417342159e-02  2.5550707823e+00  3.8240213189e-01 -1.5866552205e+00 -1.3342075186e+00 -1.2955352637e+00 -1.0821913271e+00 -9.6436227776e-01  1.0175447190e+00 -1.5471020313e+00  9.7595204472e-01 -1.7716519278e+00 -1.9595124661e+00  1.9626018805e+00 -3.9120421027e-01 -3.0399960644e+00  2.0530860011e+00 -1.3681462132e+00 -3.0043323511e+00  5.8660429081e-01  2.4951498766e+00  2.6081223608e+00  1.6630257287e+00  1.3800194512e+00  3.8642553644e+00  2.2384108370e+00  1.3914226415e+00  2.2615598301e+00  3.0199979872e+00 -4.4134953907e-01  2.6511240488e+00  1.3131703252e+00
ENERGY -8.558648663277e+02

JOB 21
COORDS -2.2249691592e-01  4.7065159492e-02  1.5201277546e+00 -2.8156114468e-01 -1.0259672408e+00 -6.8912820202e-01 -5.4459617943e-02 -1.3054209473e+00  8.0686140046e-01 -9.7470629926e-01 -2.3983918862e+00  1.3684696128e+00  1.4934349338e+00  2.7624345746e+00  2.0072542910e+00  5.6683779487e-01  9.9287327754e-01  7.1526191429e-01  4.8891227733e-01  2.3658929654e+00  1.0227263291e+00  1.2590772261e+00  9.4594445882e-01 -1.8158020389e+00 -1.1560109700e+00  1.4621838400e+00 -1.2142813237e+00  1.0067404228e-01  7.4472384666e-01 -9.4685214097e-01 -1.2834150704e+00  3.4437375910e-01  1.5734449391e+00  1.8516698481e-01  1.6306162483e-02  2.5340657395e+00  3.5749314993e-01 -1.6129683494e+00 -1.3492615339e+00 -1.3285786147e+00 -1.1405272701e+00 -9.7611681048e-01  9.9096190044e-01 -1.5866241486e+00  9.6249817125e-01 -1.9243735760e+00 -1.9787742673e+00  1.7167935868e+00 -5.0922029801e-01 -2.8803888958e+00  2.2344481519e+00 -1.1820515075e+00 -3.1783038750e+00  6.3006536742e-01  2.4849801160e+00  2.5821765996e+00  1.5870997726e+00  1.3808422394e+00  3.8352385913e+00  2.1896765325e+00  1.4144605480e+00  2.2319734939e+00  2.9695215251e+00 -4.5894059618e-01  2.6186963190e+00  1.3070889607e+00
ENERGY -8.558667818425e+02

JOB 22
COORDS -2.2763271845e-01 -3.0042144674e-02  1.5115345506e+00 -2.9450767321e-01 -1.1372979217e+00 -6.8901119718e-01 -6.8733781761e-02 -1.3905471627e+00  8.1477194197e-01 -9.9614943393e-01 -2.4679122060e+00  1.3817793555e+00  1.4955988266e+00  2.6967207708e+00  1.9218886030e+00  5.4001556708e-01  9.0896709869e-01  6.7707873910e-01  4.6290739876e-01  2.2847047086e+00  9.7358306555e-01  1.1395719032e+00  8.7855994942e-01 -1.8787608808e+00 -1.2666248016e+00  1.3180518788e+00 -1.1866438349e+00  2.2353673632e-02  6.4236178743e-01 -9.6613735573e-01 -1.2882849684e+00  2.6451803802e-01  1.5827075557e+00  2.0060506383e-01 -4.3388465623e-02  2.5171963658e+00  3.7533284275e-01 -1.7068345562e+00 -1.3335231883e+00 -1.3324881162e+00 -1.2970854599e+00 -9.8630616270e-01  9.7347534130e-01 -1.6861916850e+00  9.6748273375e-01 -2.0197364868e+00 -2.0918031296e+00  1.4855475827e+00 -6.6178253792e-01 -2.7756348315e+00  2.3783153711e+00 -1.0125596757e+00 -3.3587423670e+00  7.4636306198e-01  2.4745067701e+00  2.5200824041e+00  1.4716541238e+00  1.3809745906e+00  3.7701749843e+00  2.0990689060e+00  1.4514581624e+00  2.1737098506e+00  2.8904607440e+00 -4.7702009116e-01  2.5340373209e+00  1.2857625207e+00
ENERGY -8.558685574967e+02

JOB 23
COORDS -2.0776307996e-01 -7.5091662534e-02  1.5189774494e+00 -2.9276570025e-01 -1.1848811743e+00 -6.8743085945e-01 -6.9654558234e-02 -1.4360869736e+00  8.1859520422e-01 -1.0151491929e+00 -2.4967500418e+00  1.3831185493e+00  1.5120778391e+00  2.6584498254e+00  1.8954289567e+00  5.3850067663e-01  8.6679300576e-01  6.6992657263e-01  4.6091540163e-01  2.2422377443e+00  9.6934034937e-01  1.0838819167e+00  8.5900341109e-01 -1.8972496029e+00 -1.3136036016e+00  1.2565396834e+00 -1.1521842633e+00 -9.5710665636e-03  6.0047600291e-01 -9.6233794759e-01 -1.2659448327e+00  2.1943542768e-01  1.6198484386e+00  2.4736596163e-01 -9.4174322600e-02  2.5125571481e+00  3.9225719381e-01 -1.7378721499e+00 -1.3302885459e+00 -1.3247890605e+00 -1.3645658790e+00 -9.9364845228e-01  9.6638421347e-01 -1.7600761286e+00  9.5529072622e-01 -2.0610543767e+00 -2.1960061820e+00  1.2585021613e+00 -8.3162695017e-01 -2.6526988103e+00  2.4516375836e+00 -8.7717116518e-01 -3.4573340521e+00  8.7647543548e-01  2.4818217663e+00  2.4909324915e+00  1.4224053370e+00  1.3936085648e+00  3.7303537639e+00  2.0794450099e+00  1.4937762961e+00  2.1314470562e+00  2.8626398881e+00 -4.7300561342e-01  2.4855254067e+00  1.3036617851e+00
ENERGY -8.558692470863e+02

