JOB 0
COORDS  1.0257488610e+00 -3.2252105163e+00 -3.3283428736e+00  1.7789832379e+00 -2.0390303017e+00 -3.9962158387e+00  1.1007275832e+00 -2.9547010581e+00 -1.8223446695e+00  2.3013941244e+00 -1.1726815866e+00 -2.8404472320e+00  3.6965552939e+00  1.6045896601e-01  1.1993676493e+00  3.5446594841e+00 -3.6142393922e-01 -2.3629450542e-01  2.4967770242e+00 -1.4705524540e+00 -2.8986582387e-01  2.3572853082e+00 -2.1193897453e+00 -1.6535854478e+00 -1.5110411836e-02 -3.2913638802e+00 -3.6481327745e+00  1.5010177523e+00 -4.1775341395e+00 -3.5738688332e+00  2.6048419429e+00 -2.3999218198e+00 -4.6126965524e+00  1.1291539934e+00 -1.4466627383e+00 -4.6418539098e+00  1.1709763553e+00 -3.8436754328e+00 -1.1936555306e+00  2.7595637442e-01 -2.3327734017e+00 -1.4695955693e+00  3.2860498826e+00 -7.3742627667e-01 -3.0052181986e+00  1.6023913310e+00 -3.8053851330e-01 -2.5640629808e+00  4.4344477334e+00  9.6528799398e-01  1.2307218542e+00  4.0323871596e+00 -6.2881376540e-01  1.8789659537e+00  2.7512171062e+00  5.5972508197e-01  1.5803550108e+00  3.2539513160e+00  4.6182619726e-01 -8.9497505377e-01  4.5112789091e+00 -7.3914847861e-01 -5.9296197232e-01  2.7253206551e+00 -2.2765393006e+00  4.1214080170e-01  1.5080961325e+00 -1.0759870457e+00 -4.1805026120e-02  3.1665468144e+00 -2.7335905043e+00 -1.7928173114e+00
ENERGY -3.309737390284e+02

JOB 1
COORDS  1.0135655982e+00 -3.2088853993e+00 -3.3340702433e+00  1.9122508986e+00 -2.1290665179e+00 -4.0027979301e+00  1.1168859246e+00 -2.9435162363e+00 -1.8264092638e+00  2.4250586899e+00 -1.2547179081e+00 -2.8534134284e+00  3.6331909373e+00  2.0335676424e-01  1.1781481300e+00  3.4667046852e+00 -2.9653244071e-01 -2.6416959764e-01  2.6216569509e+00 -1.5685395896e+00 -2.8083768493e-01  2.4285219589e+00 -2.1946530166e+00 -1.6583840056e+00 -2.7016914957e-02 -3.1399404669e+00 -3.6543325247e+00  1.3620183086e+00 -4.2142314467e+00 -3.5790065195e+00  2.7473671409e+00 -2.5926100646e+00 -4.5333947488e+00  1.3682419300e+00 -1.5204270675e+00 -4.7264333194e+00  1.1267376856e+00 -3.8347331106e+00 -1.1969386677e+00  3.3959101885e-01 -2.2655468347e+00 -1.4701085114e+00  3.4224266870e+00 -8.4215580727e-01 -2.9991285278e+00  1.7332025669e+00 -4.4711085326e-01 -2.6082580834e+00  4.2269415001e+00  1.1201861542e+00  1.1909510117e+00  4.1451982581e+00 -5.3568737121e-01  1.8020995400e+00  2.6649805516e+00  4.2624088195e-01  1.6376379570e+00  2.9890777750e+00  4.8157979516e-01 -8.6563847993e-01  4.4543011341e+00 -4.8877412339e-01 -6.9998638573e-01  3.0532519791e+00 -2.3473725013e+00  3.5199883271e-01  1.6184647130e+00 -1.3529261181e+00  9.4022412923e-02  3.1932112656e+00 -2.8599433482e+00 -1.8093573060e+00
ENERGY -3.309709329874e+02

JOB 2
COORDS  9.4744003730e-01 -3.1397198952e+00 -3.3325698089e+00  1.9554544025e+00 -2.1709357015e+00 -4.0162226743e+00  1.0764481760e+00 -2.8640560288e+00 -1.8281696670e+00  2.5333028832e+00 -1.3161492544e+00 -2.8834813357e+00  3.5922202385e+00  2.0596163377e-01  1.1758371708e+00  3.3528410109e+00 -2.4387715447e-01 -2.7290181010e-01  2.7108464413e+00 -1.6295999139e+00 -2.8310712491e-01  2.4479854407e+00 -2.2294756288e+00 -1.6707249949e+00 -7.9485533932e-02 -2.9657628833e+00 -3.6570248831e+00  1.1878561347e+00 -4.1797164187e+00 -3.5619359558e+00  2.7494304769e+00 -2.7278716597e+00 -4.5197328802e+00  1.4825486844e+00 -1.5347075919e+00 -4.7656360954e+00  1.0126136190e+00 -3.7441774540e+00 -1.1864229905e+00  3.6133779446e-01 -2.1168862926e+00 -1.4790962741e+00  3.5637829801e+00 -9.9470889221e-01 -3.0293138331e+00  1.9113869904e+00 -4.4752276480e-01 -2.6666051468e+00  4.0426284796e+00  1.2010838451e+00  1.1887814222e+00  4.2698173110e+00 -4.7489257216e-01  1.7003239243e+00  2.6550650407e+00  2.5622654717e-01  1.7392002773e+00  2.7033730674e+00  4.7979679605e-01 -7.7334688395e-01  4.3063336607e+00 -2.5951350495e-01 -8.1182399397e-01  3.3321474302e+00 -2.3535699920e+00  2.4797237224e-01  1.7421548113e+00 -1.5950327938e+00  2.1915844556e-01  3.1429104740e+00 -2.9664617571e+00 -1.8210641294e+00
ENERGY -3.309683671422e+02

JOB 3
COORDS  8.7732626882e-01 -3.0049784072e+00 -3.3546245815e+00  2.0237274546e+00 -2.2136891878e+00 -4.0463375514e+00  1.0795035764e+00 -2.7902139581e+00 -1.8446029213e+00  2.6766058129e+00 -1.3891053290e+00 -2.9349433909e+00  3.5904134899e+00  1.9052436504e-01  1.1438301518e+00  3.2516868820e+00 -2.2674950852e-01 -2.9488524434e-01  2.8332696629e+00 -1.6946287551e+00 -3.2039665013e-01  2.4997192548e+00 -2.2666075968e+00 -1.7080774605e+00 -1.0705042247e-01 -2.6406748179e+00 -3.6519413740e+00  9.2268347105e-01 -4.0644169014e+00 -3.6125858615e+00  2.7528475011e+00 -2.8963905450e+00 -4.4909271769e+00  1.6634871472e+00 -1.5625834302e+00 -4.8440832038e+00  9.7394226392e-01 -3.6850170293e+00 -1.2296850479e+00  4.3161862948e-01 -2.0077789901e+00 -1.4447506517e+00  3.7349748771e+00 -1.1756720093e+00 -3.0828566236e+00  2.1426699177e+00 -4.5909597094e-01 -2.7417877027e+00  3.8731782795e+00  1.2453358396e+00  1.1703328494e+00  4.4277309717e+00 -3.9067948545e-01  1.5425443412e+00  2.7336174765e+00  5.7559896422e-02  1.8118456984e+00  2.4434400466e+00  4.0753284826e-01 -6.7293178807e-01  4.1239558571e+00 -6.7793845008e-02 -9.3652600604e-01  3.6322530236e+00 -2.3212534255e+00  8.1167243232e-02  1.9472130602e+00 -1.8537204648e+00  2.9636984572e-01  3.1186998334e+00 -3.0691687036e+00 -1.8514694507e+00
ENERGY -3.309677151121e+02

JOB 4
COORDS  7.1828347627e-01 -2.9776507012e+00 -3.4333929851e+00  1.9632214328e+00 -2.3904072877e+00 -4.1510038612e+00  1.0122024907e+00 -2.8587211764e+00 -1.9233251806e+00  2.6882674128e+00 -1.5799940484e+00 -3.0781456076e+00  3.4074824315e+00  1.2023426942e-01  9.9761685328e-01  3.0187652622e+00 -3.2366077392e-01 -4.2023774750e-01  2.8669202005e+00 -1.8409142281e+00 -4.6608678291e-01  2.4643374293e+00 -2.4119744552e+00 -1.8307574388e+00 -1.8406361402e-01 -2.4152807121e+00 -3.6782964100e+00  5.4593614734e-01 -4.0142505473e+00 -3.7263392183e+00  2.6115608001e+00 -3.1886513032e+00 -4.5246399246e+00  1.7003308406e+00 -1.7616283898e+00 -5.0029443192e+00  9.0090982382e-01 -3.7834171189e+00 -1.3560151953e+00  4.2024992387e-01 -2.0778964046e+00 -1.4427127691e+00  3.7584777431e+00 -1.4468738694e+00 -3.2404762840e+00  2.2218618536e+00 -6.0991628098e-01 -2.9083591206e+00  3.5228173031e+00  1.2059509525e+00  1.0316091864e+00  4.3564780805e+00 -3.2667928011e-01  1.3101942645e+00  2.6418689962e+00 -1.5806302094e-01  1.7284635151e+00  2.0801346866e+00  1.6411703048e-01 -7.0715632947e-01  3.7877053806e+00 -7.3277285103e-04 -1.1284415780e+00  3.8163272847e+00 -2.3149665515e+00 -2.0648776821e-01  2.1150572604e+00 -2.1894345514e+00  2.4428762136e-01  3.0255863458e+00 -3.2579947061e+00 -1.9618250664e+00
ENERGY -3.309692046397e+02

JOB 5
COORDS  6.7432257161e-01 -2.7626970395e+00 -3.3340187437e+00  1.9777720545e+00 -2.3963959915e+00 -4.0865177231e+00  1.0398701295e+00 -2.7418936017e+00 -1.8331527013e+00  2.7967305162e+00 -1.6235934668e+00 -3.0566232243e+00  3.2912388356e+00  1.6802796758e-01  1.0510129770e+00  2.9178548405e+00 -2.9703550831e-01 -3.6403311096e-01  3.0005113736e+00 -1.8173416112e+00 -4.5585601468e-01  2.5255090237e+00 -2.3987153540e+00 -1.7834783867e+00 -1.0736345725e-01 -2.0272913572e+00 -3.5325558783e+00  2.9315421573e-01 -3.7374566653e+00 -3.6410359048e+00  2.5164890129e+00 -3.2947507096e+00 -4.4045355682e+00  1.7933752335e+00 -1.7940626082e+00 -4.9773577914e+00  8.9668515872e-01 -3.6894511904e+00 -1.3128723563e+00  5.1711688655e-01 -1.9581358334e+00 -1.2839294797e+00  3.8722195585e+00 -1.5866635863e+00 -3.2371015145e+00  2.4155401254e+00 -6.1319241180e-01 -2.9106964858e+00  3.2553045438e+00  1.2581958195e+00  1.1095697163e+00  4.3042021667e+00 -1.4723831479e-01  1.3203931445e+00  2.5993095327e+00 -2.3136128262e-01  1.7989248419e+00  1.9043373128e+00  4.6360077716e-02 -6.0372084882e-01  3.5981575485e+00  1.5933481899e-01 -1.0891374539e+00  4.0359246351e+00 -2.1445472797e+00 -3.3123691938e-01  2.3995737271e+00 -2.3020536645e+00  3.1699760732e-01  3.0197826688e+00 -3.2887632282e+00 -1.8936547436e+00
ENERGY -3.309714615588e+02

JOB 6
COORDS  6.5593073189e-01 -2.6764652952e+00 -3.2736380206e+00  1.9801054773e+00 -2.5075168556e+00 -4.0523958209e+00  1.0548747112e+00 -2.7099317162e+00 -1.7817645510e+00  2.8807418276e+00 -1.7670681780e+00 -3.0699892457e+00  3.1758557930e+00  1.7483980123e-01  1.0525258418e+00  2.7815690335e+00 -3.1975597528e-01 -3.4712597844e-01  3.0900225297e+00 -1.8082492513e+00 -4.8379215278e-01  2.5626171205e+00 -2.4529458368e+00 -1.7559434813e+00 -6.7264720715e-03 -1.8286345757e+00 -3.4587845111e+00  1.2279529662e-01 -3.5816916387e+00 -3.5669752522e+00  2.4154671465e+00 -3.4780485777e+00 -4.3125809470e+00  1.8537424044e+00 -1.9456669525e+00 -4.9791776636e+00  8.7460915022e-01 -3.6649830522e+00 -1.2871919578e+00  5.8003540604e-01 -1.9217198263e+00 -1.1996263641e+00  3.9530761271e+00 -1.8355323053e+00 -3.2605862509e+00  2.5931231125e+00 -7.2058192045e-01 -2.9696808584e+00  2.9884690942e+00  1.2475220029e+00  1.1383866328e+00  4.2387984617e+00  5.2918726527e-03  1.2509529287e+00  2.5981879575e+00 -3.3097101842e-01  1.8323454996e+00  1.7155126385e+00 -1.2835465777e-01 -5.1267526409e-01  3.3343936605e+00  2.4948916346e-01 -1.1002164403e+00  4.1698680393e+00 -1.9791039248e+00 -4.7941700027e-01  2.6543942768e+00 -2.3808681964e+00  3.3944225655e-01  3.0076065394e+00 -3.3737921209e+00 -1.8083405820e+00
ENERGY -3.309727922097e+02

JOB 7
COORDS  8.2415203966e-01 -3.0163342062e+00 -3.4762984670e+00  2.0132777816e+00 -2.3072351084e+00 -4.1684434519e+00  8.9403501279e-01 -2.5328404564e+00 -2.0315715595e+00  3.0221023330e+00 -1.9819566821e+00 -3.0434203481e+00  3.0459559113e+00  1.3948504842e-01  1.0214061683e+00  2.4652495297e+00 -4.0048406493e-01 -2.9471184885e-01  2.8397101252e+00 -1.8705851520e+00 -4.6204083683e-01  2.3855869807e+00 -2.5142401156e+00 -1.7624763857e+00 -1.3517765176e-01 -2.7672379145e+00 -3.9323841498e+00  9.3372811912e-01 -4.1047830259e+00 -3.5177916437e+00  2.4621533826e+00 -2.9352422331e+00 -4.9390698199e+00  1.6871150631e+00 -1.3823275849e+00 -4.6475505130e+00  4.0531093899e-01 -3.1717550929e+00 -1.2942082708e+00  5.3189801258e-01 -1.5098970707e+00 -1.9257791553e+00  3.9966774082e+00 -2.4584685841e+00 -3.1554968587e+00  3.1704993554e+00 -9.1209516953e-01 -2.9131835393e+00  2.7648678144e+00  1.1867556630e+00  1.1528895334e+00  4.1388228739e+00  8.2129059856e-02  1.0292498869e+00  2.6682219949e+00 -4.1860355302e-01  1.8837653582e+00  1.3775700913e+00 -2.8201158520e-01 -2.8297424322e-01  2.8493902793e+00  1.9603689930e-01 -1.1278533922e+00  3.9252098457e+00 -2.0004964639e+00 -4.3156400252e-01  2.4049073677e+00 -2.4751180179e+00  3.3854858737e-01  2.6654583828e+00 -3.4974274176e+00 -1.6938906269e+00
ENERGY -3.309726760426e+02

JOB 8
COORDS  8.1300612823e-01 -2.9455298191e+00 -3.4955338839e+00  2.0666560192e+00 -2.3466713786e+00 -4.1792478429e+00  8.9225590313e-01 -2.4286875649e+00 -2.0629996904e+00  3.0640720232e+00 -2.0544875574e+00 -3.0361894537e+00  3.0527333907e+00  1.5305877726e-01  9.8297696465e-01  2.3372595967e+00 -4.7373076359e-01 -2.2298309502e-01  2.8788168503e+00 -1.8768166952e+00 -4.8170244256e-01  2.3740276760e+00 -2.5299710935e+00 -1.7600383234e+00 -1.1597402245e-01 -2.6362693541e+00 -3.9769590112e+00  8.3953191382e-01 -4.0398075629e+00 -3.5075609336e+00  2.4892050963e+00 -3.0313250716e+00 -4.9156989518e+00  1.8196630163e+00 -1.4185681010e+00 -4.6978058272e+00  3.3136910785e-01 -2.9989701874e+00 -1.3205767267e+00  6.1998438014e-01 -1.3755979748e+00 -1.9968602544e+00  4.0169528754e+00 -2.5787278360e+00 -3.1171611660e+00  3.2613172669e+00 -9.9021406627e-01 -2.9123651508e+00  2.6436682940e+00  1.1448754885e+00  1.1881591363e+00  4.1256965803e+00  2.6355010047e-01  7.9811348869e-01  2.9223495924e+00 -4.5426165137e-01  1.8841624845e+00  1.2625839527e+00 -5.1712898354e-01 -2.3328401627e-02  2.4806066122e+00  1.6510326334e-01 -1.1018632292e+00  3.9690797795e+00 -1.8752997452e+00 -5.6034094370e-01  2.6013288359e+00 -2.5482340839e+00  3.3527362074e-01  2.5806233276e+00 -3.5294571965e+00 -1.6740497095e+00
ENERGY -3.309725598464e+02

JOB 9
COORDS  7.4461367267e-01 -2.9458123309e+00 -3.5651617831e+00  2.0744830422e+00 -2.5502892018e+00 -4.2598502847e+00  8.5344815790e-01 -2.3492129744e+00 -2.1645011183e+00  3.0359433810e+00 -2.1583793211e+00 -3.1191306154e+00  2.9118935111e+00  8.3741134727e-02  9.9203788611e-01  2.1984380783e+00 -5.5161026586e-01 -2.1049445992e-01  2.8795134221e+00 -1.8641035884e+00 -5.8526579888e-01  2.3196040119e+00 -2.5483006756e+00 -1.8309181605e+00 -1.3427478548e-01 -2.5623347727e+00 -4.0855214993e+00  6.4008849443e-01 -4.0334707346e+00 -3.5079857412e+00  2.4730373672e+00 -3.3749208983e+00 -4.8524756104e+00  1.9351498888e+00 -1.7024312667e+00 -4.9323729183e+00  2.3626224149e-01 -2.8267169726e+00 -1.4018346868e+00  6.6815220658e-01 -1.2757845270e+00 -2.1631843878e+00  4.0035458744e+00 -2.6611865151e+00 -3.1388469910e+00  3.2009441639e+00 -1.0815680608e+00 -3.0612831852e+00  2.4136414375e+00  1.0137863657e+00  1.2747764338e+00  3.9551187988e+00  3.1917444128e-01  7.5989525746e-01  2.8971315889e+00 -5.8063865219e-01  1.8617357479e+00  1.1492886359e+00 -7.3172707515e-01  4.1553883908e-02  2.2192398810e+00  1.4824011075e-01 -1.0542171662e+00  3.9466448195e+00 -1.7250691926e+00 -7.7155845019e-01  2.7735326467e+00 -2.5828280545e+00  2.3130726951e-01  2.4588379816e+00 -3.5552749642e+00 -1.7080809107e+00
ENERGY -3.309709571613e+02

JOB 10
COORDS  7.3007396787e-01 -2.8623340385e+00 -3.5514348204e+00  2.0981253095e+00 -2.6591889558e+00 -4.2596166847e+00  8.9159194978e-01 -2.2027038764e+00 -2.1821231110e+00  3.0646878691e+00 -2.1847392520e+00 -3.1590719799e+00  2.9067615822e+00  4.3125169800e-02  1.1065194754e+00  2.1740538147e+00 -5.6860386063e-01 -9.6680575888e-02  2.9713978797e+00 -1.7508590091e+00 -6.3959133774e-01  2.3486506178e+00 -2.4668366803e+00 -1.8456980747e+00 -9.8769328300e-02 -2.4120501276e+00 -4.0996128482e+00  5.0325972510e-01 -3.9259794757e+00 -3.4370099060e+00  2.4445908059e+00 -3.5855560876e+00 -4.7204551939e+00  2.0373805706e+00 -1.9069241003e+00 -5.0474472865e+00  2.5468024902e-01 -2.6091660563e+00 -1.3957744700e+00  7.6628371230e-01 -1.1216997545e+00 -2.2281982162e+00  4.0322250884e+00 -2.6881570265e+00 -3.1435957849e+00  3.2290412248e+00 -1.1058945965e+00 -3.1847328571e+00  2.3385839686e+00  8.8916800065e-01  1.4997493780e+00  3.9000962753e+00  4.0809798306e-01  8.2743548900e-01  3.0251764504e+00 -6.8505127443e-01  1.9150353498e+00  1.1757154283e+00 -8.9480789198e-01  2.0982150526e-01  2.0486562786e+00  1.9804469289e-01 -8.6941231250e-01  3.9727019393e+00 -1.4463575512e+00 -9.4883415995e-01  3.0808101524e+00 -2.5091480655e+00  1.3911668288e-01  2.4289826924e+00 -3.4729182893e+00 -1.6752446605e+00
ENERGY -3.309687856760e+02

JOB 11
COORDS  1.8334677363e+00 -3.4486924772e+00 -3.2792369165e+00  9.1585446031e-01 -2.2952763755e+00 -3.7776222898e+00  2.4317184697e+00 -2.9537642187e+00 -1.9593717797e+00  1.1750428758e+00 -1.1210809399e+00 -2.8202397853e+00  3.4480328790e+00 -2.7102839048e-01  1.4658774432e+00  3.0785188997e+00 -1.2845873687e+00  3.7275415248e-01  2.8358546724e+00 -5.5407226283e-01 -9.4572080934e-01  2.4992987124e+00 -1.4484511085e+00 -2.1507716473e+00  1.2886049826e+00 -4.3808484214e+00 -3.1234622325e+00  2.6259065667e+00 -3.6547023402e+00 -4.0033513912e+00  1.1542484393e+00 -2.0234893777e+00 -4.8075070994e+00 -1.3951503160e-01 -2.5701519266e+00 -3.7510247901e+00  3.4255967019e+00 -3.3393441556e+00 -1.7338139412e+00  1.7716410470e+00 -3.1375278104e+00 -1.1121830738e+00  1.2511700342e+00 -1.4178118538e-01 -3.2948811094e+00  4.3840649669e-01 -1.0691482293e+00 -2.0160972113e+00  3.6149270474e+00 -7.8778863805e-01  2.4137213221e+00  2.6486305845e+00  4.6045205634e-01  1.6205340605e+00  4.3643517770e+00  2.7241683506e-01  1.2150464822e+00  3.8873802739e+00 -2.0137030866e+00  2.6195244567e-01  2.1805227627e+00 -1.8311091194e+00  6.7737400850e-01  2.0066053068e+00  1.4841422593e-01 -8.4723870255e-01  3.7212568363e+00  1.7395822374e-02 -1.2312493433e+00  3.2283290158e+00 -1.2892987445e+00 -2.8515667111e+00
ENERGY -3.309676465656e+02

JOB 12
COORDS  1.7963014776e+00 -3.4574585147e+00 -3.2471009159e+00  9.8129726093e-01 -2.2757542291e+00 -3.8489219973e+00  2.3031268041e+00 -2.9586326437e+00 -1.8904111307e+00  1.2064922373e+00 -1.0898507531e+00 -2.8960797328e+00  3.5051208129e+00 -2.6807086667e-01  1.4683867910e+00  3.2184433505e+00 -1.2875108717e+00  3.5633063502e-01  2.7434668402e+00 -5.6246801383e-01 -9.0101890312e-01  2.4473204449e+00 -1.4629724244e+00 -2.1058450577e+00  1.1953118341e+00 -4.3589868726e+00 -3.1206066123e+00  2.6372720655e+00 -3.7180259660e+00 -3.8949122119e+00  1.3232739165e+00 -2.0397886814e+00 -4.8582405251e+00 -8.3767757633e-02 -2.5028968846e+00 -3.9127028481e+00  3.2570935014e+00 -3.3771010025e+00 -1.5726764748e+00  1.5651914431e+00 -3.0968744009e+00 -1.0991916040e+00  1.3703042500e+00 -1.2694718926e-01 -3.3820005062e+00  4.0335436975e-01 -9.8589424453e-01 -2.1642478382e+00  3.8346784201e+00 -7.8409360526e-01  2.3730500952e+00  2.6108663079e+00  3.1050733879e-01  1.7208150417e+00  4.2938378553e+00  4.3234044836e-01  1.1766229778e+00  4.1272519591e+00 -1.8623044388e+00  1.4646824553e-01  2.4550378489e+00 -1.9921373002e+00  6.9796637873e-01  1.8164446823e+00 -2.4770589447e-02 -6.9126083562e-01  3.4807252248e+00  1.6791730604e-01 -1.2401431242e+00  3.2408132693e+00 -1.3602440780e+00 -2.7455877613e+00
ENERGY -3.309686898131e+02

JOB 13
COORDS  1.7583862639e+00 -3.4661537429e+00 -3.2176982954e+00  1.0482486929e+00 -2.2633273014e+00 -3.9044999822e+00  2.1952703389e+00 -2.9574057781e+00 -1.8400333650e+00  1.2573552162e+00 -1.0638764230e+00 -2.9640690082e+00  3.5541295178e+00 -2.7389740410e-01  1.4605770614e+00  3.3255261745e+00 -1.2758218763e+00  3.1983945299e-01  2.6435095302e+00 -5.8275332899e-01 -8.5740911812e-01  2.4127467100e+00 -1.4744152466e+00 -2.0714725319e+00  1.1046953698e+00 -4.3332150163e+00 -3.1137425119e+00  2.6282588600e+00 -3.7852092358e+00 -3.7974648159e+00  1.4749167849e+00 -2.0692002979e+00 -4.8901641458e+00 -1.8720548729e-02 -2.4430817936e+00 -4.0432362819e+00  3.1091271393e+00 -3.4051027269e+00 -1.4525242014e+00  1.4030909006e+00 -3.0474594837e+00 -1.0939805155e+00  1.5052838467e+00 -1.2355951318e-01 -3.4583959786e+00  4.0518092544e-01 -9.0188864820e-01 -2.3017748780e+00  4.0312732521e+00 -7.7231926943e-01  2.3074335287e+00  2.6093208353e+00  1.5205319239e-01  1.8128177175e+00  4.2038736124e+00  5.4905215972e-01  1.1471197978e+00  4.2879120072e+00 -1.6988912934e+00  7.6113463282e-03  2.7057038654e+00 -2.1020807715e+00  6.7896011664e-01  1.6567853930e+00 -2.2234808236e-01 -5.5616421676e-01  3.2188221884e+00  2.7523855612e-01 -1.2125192535e+00  3.2622258854e+00 -1.4115257207e+00 -2.6421998802e+00
ENERGY -3.309713057533e+02

JOB 14
COORDS  1.6952390869e+00 -3.4705016375e+00 -3.1941820676e+00  1.0917663428e+00 -2.2431534468e+00 -3.9361124943e+00  2.0886964299e+00 -2.9633509729e+00 -1.8027619270e+00  1.3077320876e+00 -1.0409699662e+00 -3.0010174417e+00  3.5977145690e+00 -2.6199039297e-01  1.4508470642e+00  3.4019113173e+00 -1.2495162866e+00  2.9195859803e-01  2.5352414075e+00 -6.2456985413e-01 -7.9830780257e-01  2.3826062789e+00 -1.4940189180e+00 -2.0305996885e+00  9.8909052780e-01 -4.2978952686e+00 -3.1121595100e+00  2.5745387740e+00 -3.8478871595e+00 -3.7220994769e+00  1.5862580249e+00 -2.0867543919e+00 -4.8964709592e+00  2.7038960479e-02 -2.3692124703e+00 -4.1371611305e+00  2.9624890015e+00 -3.4478945097e+00 -1.3696998450e+00  1.2613555155e+00 -3.0070891628e+00 -1.0904326998e+00  1.6367507120e+00 -1.2477189521e-01 -3.4931060348e+00  4.2606032668e-01 -8.2067291117e-01 -2.3967268278e+00  4.2037840545e+00 -7.1930464012e-01  2.2361791981e+00  2.6395414738e+00  2.6622344553e-02  1.8944131498e+00  4.1085634309e+00  6.4746291225e-01  1.1199084102e+00  4.3799143337e+00 -1.5306663237e+00 -1.1901991885e-01  2.9312084422e+00 -2.1631425934e+00  6.6641729380e-01  1.5228344216e+00 -4.4355982017e-01 -4.2758896089e-01  2.9442322025e+00  3.2811662596e-01 -1.1444199039e+00  3.2770473717e+00 -1.4567573227e+00 -2.5315107823e+00
ENERGY -3.309739225127e+02

JOB 15
COORDS  1.6296203454e+00 -3.4733306189e+00 -3.2043743012e+00  1.1405285781e+00 -2.2151973693e+00 -3.9774077429e+00  1.9793685875e+00 -2.9843924718e+00 -1.7952718946e+00  1.3749317460e+00 -1.0249547777e+00 -3.0322597255e+00  3.6203979618e+00 -2.3806842385e-01  1.4349647310e+00  3.4838112170e+00 -1.2037792780e+00  2.4983715039e-01  2.4545854024e+00 -6.8623716056e-01 -7.5142900418e-01  2.3662919572e+00 -1.5331980027e+00 -2.0005447830e+00  8.7162723663e-01 -4.2564734938e+00 -3.1578586083e+00  2.5105972544e+00 -3.9051580617e+00 -3.6854480918e+00  1.6961407678e+00 -2.0906023516e+00 -4.9085769145e+00  8.3167125623e-02 -2.2795294799e+00 -4.2377873522e+00  2.8008069693e+00 -3.5177211996e+00 -1.3185791991e+00  1.1168101623e+00 -2.9782835389e+00 -1.1245569833e+00  1.7849923891e+00 -1.3217230092e-01 -3.5060727603e+00  4.7585301292e-01 -7.4911373217e-01 -2.4781377465e+00  4.3530241091e+00 -6.1998855005e-01  2.1494908479e+00  2.6692639289e+00 -1.1976738695e-01  1.9634634626e+00  3.9549547538e+00  7.5130739397e-01  1.1080354040e+00  4.4571749685e+00 -1.3176471434e+00 -2.4500200001e-01  3.1885835844e+00 -2.1919003744e+00  6.1605594315e-01  1.4497133602e+00 -6.6954216461e-01 -3.2133982914e-01  2.7002925522e+00  3.2594201984e-01 -1.0841228648e+00  3.2952080880e+00 -1.5291255396e+00 -2.4359175703e+00
ENERGY -3.309752994709e+02

JOB 16
COORDS  1.5598127536e+00 -3.4940381646e+00 -3.2103950202e+00  1.1904821766e+00 -2.2114275532e+00 -4.0097080637e+00  1.8406099353e+00 -3.0189754037e+00 -1.7821338850e+00  1.4358282423e+00 -1.0357974283e+00 -3.0493666965e+00  3.6309313877e+00 -2.1731173351e-01  1.4222667216e+00  3.5689715415e+00 -1.1320593615e+00  1.9174074236e-01  2.3946119181e+00 -7.5621779335e-01 -7.0792214944e-01  2.3368381177e+00 -1.5973355084e+00 -1.9631955455e+00  7.5878840924e-01 -4.2345985091e+00 -3.2142550610e+00  2.4456410322e+00 -3.9740010111e+00 -3.6334788785e+00  1.8075620300e+00 -2.1200758500e+00 -4.9053668938e+00  1.4876799148e-01 -2.2158268785e+00 -4.3333803948e+00  2.5869776241e+00 -3.6018228416e+00 -1.2429285384e+00  9.3341471392e-01 -2.9486212089e+00 -1.1779457039e+00  1.9216044710e+00 -1.6704710058e-01 -3.4955309523e+00  5.2362340612e-01 -7.1015007017e-01 -2.5454715619e+00  4.4761823207e+00 -4.9472416019e-01  2.0560632249e+00  2.7208074191e+00 -2.9873160065e-01  2.0246184302e+00  3.7576704727e+00  8.3093779016e-01  1.1343674525e+00  4.5043507253e+00 -1.0459689392e+00 -3.7653570045e-01  3.4802876641e+00 -2.1749036733e+00  5.1436087872e-01  1.4318172431e+00 -8.7949929270e-01 -2.0612810763e-01  2.4786625474e+00  2.8323713316e-01 -1.0362092763e+00  3.2882176571e+00 -1.6491877523e+00 -2.3432758178e+00
ENERGY -3.309751481579e+02

JOB 17
COORDS  1.5178810001e+00 -3.4768928706e+00 -3.2230456576e+00  1.2824029569e+00 -2.1718678630e+00 -4.0380313796e+00  1.7121900088e+00 -3.0186394979e+00 -1.7757588607e+00  1.5198890054e+00 -1.0169127870e+00 -3.0510017324e+00  3.6793569393e+00 -1.7947586456e-01  1.4130169685e+00  3.6526728980e+00 -1.0226156927e+00  1.3178664715e-01  2.3565432588e+00 -8.0458084914e-01 -6.4470452312e-01  2.3151797993e+00 -1.6337582890e+00 -1.9135268825e+00  6.7952606638e-01 -4.1713731568e+00 -3.2933988523e+00  2.4058321154e+00 -4.0042371174e+00 -3.5802892873e+00  1.9701714029e+00 -2.1116809034e+00 -4.8834932109e+00  2.6973584868e-01 -2.1159988624e+00 -4.4397153750e+00  2.3708721235e+00 -3.6463076370e+00 -1.1746281808e+00  7.6390639426e-01 -2.8852737542e+00 -1.2512382663e+00  2.0782267699e+00 -1.7030315441e-01 -3.4528955783e+00  5.9295836333e-01 -6.5006278105e-01 -2.6055549298e+00  4.6172414967e+00 -3.3828213077e-01  1.9499153195e+00  2.8591002736e+00 -4.5076774296e-01  2.0847553509e+00  3.5985034452e+00  8.8869994870e-01  1.1887078295e+00  4.5038212464e+00 -7.4942657116e-01 -5.0542797581e-01  3.7643136100e+00 -2.0831627497e+00  3.8628440412e-01  1.4711346178e+00 -1.0692354377e+00 -6.3065493167e-02  2.2664007838e+00  2.4093533135e-01 -9.4905586933e-01  3.2813015279e+00 -1.7481288992e+00 -2.2381423080e+00
ENERGY -3.309738778731e+02

JOB 18
COORDS  1.4705066061e+00 -3.4659999376e+00 -3.2411821852e+00  1.3932981641e+00 -2.1367691579e+00 -4.0490345983e+00  1.5898417717e+00 -3.0404443560e+00 -1.7756620371e+00  1.6181527789e+00 -1.0140493773e+00 -3.0232244798e+00  3.7248585805e+00 -1.3802415419e-01  1.4053504978e+00  3.7010849503e+00 -9.3429185161e-01  9.4870493488e-02  2.3194644731e+00 -8.9525598337e-01 -5.5328262460e-01  2.2904901528e+00 -1.6976772286e+00 -1.8459901911e+00  5.9054649002e-01 -4.0944978636e+00 -3.3850435556e+00  2.3410321805e+00 -4.0539622225e+00 -3.5421109084e+00  2.1552938899e+00 -2.1116198840e+00 -4.8302990159e+00  4.2581226957e-01 -2.0078237690e+00 -4.5361865396e+00  2.1632153341e+00 -3.7159111728e+00 -1.1390283978e+00  6.1710806916e-01 -2.8520853682e+00 -1.3170147291e+00  2.2509569109e+00 -1.9319173569e-01 -3.3638502888e+00  6.8127124520e-01 -6.0497927456e-01 -2.6402038660e+00  4.7231165160e+00 -1.6859973297e-01  1.8477059953e+00  3.0222443906e+00 -5.5209508743e-01  2.1350863903e+00  3.4647649174e+00  9.1179799419e-01  1.2378533902e+00  4.4385882117e+00 -5.1710242943e-01 -6.0298436644e-01  3.9885044461e+00 -1.9750339170e+00  2.8994049077e-01  1.5483608931e+00 -1.3080006874e+00  9.9611191033e-02  2.0409874742e+00  1.2957110917e-01 -8.0669275835e-01  3.2638786646e+00 -1.8762674092e+00 -2.1143055906e+00
ENERGY -3.309723869788e+02

JOB 19
COORDS  1.3789114126e+00 -3.4527832922e+00 -3.2449164618e+00  1.5038340546e+00 -2.1236997244e+00 -4.0493209520e+00  1.5007288691e+00 -3.0537523744e+00 -1.7683372508e+00  1.6833760874e+00 -1.0214192813e+00 -2.9976314431e+00  3.7653697365e+00  3.0630803716e-02  1.3100839734e+00  3.7305080076e+00 -7.6287705992e-01 -1.7149839640e-03  2.2991810736e+00 -9.5935140356e-01 -4.9447571149e-01  2.2663730496e+00 -1.7454036207e+00 -1.7998250359e+00  4.2759490885e-01 -3.9565933299e+00 -3.4211919790e+00  2.1713003522e+00 -4.1505126102e+00 -3.5242466902e+00  2.3624596505e+00 -2.1583036964e+00 -4.7234686941e+00  6.2205466955e-01 -1.9227901401e+00 -4.6592333065e+00  2.0336545439e+00 -3.7652396965e+00 -1.1357224373e+00  5.3267968140e-01 -2.8283884106e+00 -1.3165926044e+00  2.3514951464e+00 -2.0805241293e-01 -3.2848337911e+00  7.3116996796e-01 -6.0271500995e-01 -2.6660521090e+00  4.7967932929e+00  1.6074679608e-01  1.6452939500e+00  3.2181794445e+00 -4.8803859352e-01  2.1033565860e+00  3.3256898384e+00  1.0250217292e+00  1.1852337123e+00  4.3111186716e+00 -2.3417289111e-01 -7.6847632103e-01  4.2015463228e+00 -1.7429538054e+00  1.4750539582e-01  1.7026669516e+00 -1.5149053044e+00  2.3130608944e-01  1.8070262910e+00 -3.2708231735e-03 -6.8119846745e-01  3.2379277189e+00 -1.9745370196e+00 -2.0343349652e+00
ENERGY -3.309717884978e+02

JOB 20
COORDS  1.2985608010e+00 -3.4184968794e+00 -3.3080004020e+00  1.6787973128e+00 -2.1107816461e+00 -4.0633043487e+00  1.4495970629e+00 -3.0973858401e+00 -1.8099571760e+00  1.8248789944e+00 -1.0445616930e+00 -2.9756308423e+00  3.7308483214e+00  9.6972210741e-02  1.2719857966e+00  3.7196380250e+00 -6.6501911236e-01 -5.8924459237e-02  2.3045910798e+00 -1.0902295117e+00 -4.4252076484e-01  2.2892899789e+00 -1.8339419638e+00 -1.7692790857e+00  2.7409370239e-01 -3.7280243302e+00 -3.5192351809e+00  1.9527520903e+00 -4.2412586753e+00 -3.6017075762e+00  2.6202701944e+00 -2.2347019523e+00 -4.6045562987e+00  9.2356818655e-01 -1.8141467408e+00 -4.7924494306e+00  1.9446937903e+00 -3.8675344140e+00 -1.2168906489e+00  4.9724008562e-01 -2.8452544577e+00 -1.3396611059e+00  2.5445771889e+00 -2.5346790403e-01 -3.1907538248e+00  8.6768953905e-01 -5.9721130237e-01 -2.6995352520e+00  4.7518211623e+00  3.8270969035e-01  1.5348419341e+00  3.3350233867e+00 -5.1817029317e-01  2.0860746902e+00  3.1320878634e+00  1.0110140380e+00  1.2118558452e+00  4.1437454232e+00 -3.3350716370e-02 -8.4936300509e-01  4.3543788080e+00 -1.5569881591e+00  2.2139964863e-02  1.8890619670e+00 -1.7665196858e+00  3.0732008857e-01  1.6311942402e+00 -2.3707903710e-01 -5.4385096687e-01  3.2566122465e+00 -2.1174673715e+00 -1.9580421320e+00
ENERGY -3.309725362979e+02

JOB 21
COORDS  1.1998466764e+00 -3.3785895463e+00 -3.3439502040e+00  1.7288940908e+00 -2.1033437323e+00 -4.0624784671e+00  1.3556343677e+00 -3.1074972630e+00 -1.8359955524e+00  1.9423049574e+00 -1.0726840697e+00 -2.9518904498e+00  3.6926889717e+00  1.2391616274e-01  1.2366655567e+00  3.6840850477e+00 -5.8462627235e-01 -1.2395785662e-01  2.3215143204e+00 -1.2104991989e+00 -4.1008862602e-01  2.2984207676e+00 -1.9212231618e+00 -1.7487297111e+00  1.5273812763e-01 -3.5737890544e+00 -3.5793383453e+00  1.7694709230e+00 -4.2592186323e+00 -3.6456642845e+00  2.6715149165e+00 -2.3095910053e+00 -4.5760470935e+00  1.0305683160e+00 -1.7235422253e+00 -4.8095672286e+00  1.7750086302e+00 -3.9312898537e+00 -1.2570583108e+00  4.2126563719e-01 -2.7879716756e+00 -1.3702118875e+00  2.7361490179e+00 -3.4848252422e-01 -3.1366279075e+00  1.0229692149e+00 -5.4338299959e-01 -2.6920820185e+00  4.6764675234e+00  5.5730665215e-01  1.4302004744e+00  3.4675754199e+00 -5.7282491674e-01  2.0501098120e+00  2.9579957049e+00  9.3440635497e-01  1.2675512387e+00  3.9425771242e+00  1.3096776129e-01 -9.1312901775e-01  4.4505180991e+00 -1.3706220898e+00 -1.3337291405e-01  2.0795201743e+00 -1.9603007292e+00  3.4701917990e-01  1.5175229959e+00 -4.7151897219e-01 -4.2866754047e-01  3.2457489316e+00 -2.2807265793e+00 -1.9088917293e+00
ENERGY -3.309740192087e+02

JOB 22
COORDS  1.1345238932e+00 -3.3380259434e+00 -3.3444820218e+00  1.7742107104e+00 -2.1062572921e+00 -4.0468587804e+00  1.2907672483e+00 -3.0895204358e+00 -1.8336047086e+00  2.0806370716e+00 -1.1093000423e+00 -2.9262036218e+00  3.6635083729e+00  1.6001813493e-01  1.2190680014e+00  3.6353232622e+00 -4.7124051914e-01 -1.7938237482e-01  2.3647852786e+00 -1.2928465761e+00 -3.8023312513e-01  2.3339211712e+00 -1.9917939912e+00 -1.7205920094e+00  7.8379617062e-02 -3.4465655817e+00 -3.5949802045e+00  1.6349032327e+00 -4.2604798363e+00 -3.6439879675e+00  2.6934446657e+00 -2.3885868440e+00 -4.5661572476e+00  1.1107701866e+00 -1.6563657607e+00 -4.7868079041e+00  1.6256981739e+00 -3.9514236231e+00 -1.2552064286e+00  3.8139575392e-01 -2.6916179724e+00 -1.3790543011e+00  2.9475010783e+00 -4.7305947584e-01 -3.1025285482e+00  1.2206705987e+00 -4.8507313735e-01 -2.6729133043e+00  4.5797094231e+00  7.3954500168e-01  1.3526472523e+00  3.6327039038e+00 -6.0365005020e-01  2.0024249656e+00  2.8158865249e+00  8.3624789297e-01  1.3673680521e+00  3.7006412352e+00  3.1598461926e-01 -9.3786660771e-01  4.5123770947e+00 -1.1192183579e+00 -3.0693808084e-01  2.2883823659e+00 -2.0768909732e+00  3.7788647820e-01  1.4624164126e+00 -6.7854665461e-01 -3.2881274271e-01  3.2528077693e+00 -2.4279071873e+00 -1.8544988739e+00
ENERGY -3.309752106285e+02

JOB 23
COORDS  1.0823316899e+00 -3.2646438971e+00 -3.3241019046e+00  1.7222656964e+00 -2.0209307689e+00 -4.0059202608e+00  1.1622946687e+00 -2.9929259676e+00 -1.8182070011e+00  2.2042889209e+00 -1.1149177770e+00 -2.8624618401e+00  3.7261793644e+00  1.3383634629e-01  1.2253155099e+00  3.6181192877e+00 -4.2391964082e-01 -2.0059659178e-01  2.4266874444e+00 -1.3706160730e+00 -3.1926835965e-01  2.3373992413e+00 -2.0449967589e+00 -1.6695813795e+00  4.5193284300e-02 -3.4178427000e+00 -3.6254851699e+00  1.6313282278e+00 -4.1733836122e+00 -3.5807907092e+00  2.5582032269e+00 -2.3157062619e+00 -4.6434169299e+00  1.0119083422e+00 -1.4820051612e+00 -4.6343991258e+00  1.3304919836e+00 -3.8732011399e+00 -1.1961828598e+00  2.8952560526e-01 -2.4538572387e+00 -1.4439974896e+00  3.1574622810e+00 -6.2022761644e-01 -3.0445288209e+00  1.4620842745e+00 -3.6562776002e-01 -2.5786565876e+00  4.5735616169e+00  8.1922062664e-01  1.2985821162e+00  3.8774859248e+00 -6.6587576560e-01  1.9569011413e+00  2.8244272175e+00  6.8724914848e-01  1.5056613987e+00  3.5128564894e+00  4.0316900956e-01 -9.0946190435e-01  4.5428014452e+00 -9.5684781855e-01 -4.5739075030e-01  2.4829270225e+00 -2.1727557906e+00  4.2159888654e-01  1.4802087104e+00 -8.4209369245e-01 -1.7870106975e-01  3.1967359615e+00 -2.5898370966e+00 -1.7997432251e+00
ENERGY -3.309752735660e+02

