JOB 0
COORDS -5.9975744381e-01 -5.8699193261e-01  2.5006131674e+00 -7.1748678411e-01  2.4280371850e-01  3.5736050648e+00 -1.3736080410e-01  2.7238312118e-01  1.4523921029e+00  7.6595881336e-01 -1.3185546136e+00 -3.5992639417e-01 -9.9699482134e-01  4.1230933406e-01 -9.8230886784e-01  3.1892960157e-01  1.1087417127e+00 -9.6081169453e-01  8.4070404663e-02 -4.7131824469e-02  1.6844790145e-02 -1.1415939971e-02  1.5156481633e+00  1.8772607489e+00  9.4791401074e-01 -1.6889226266e+00 -1.5061940473e+00 -3.5448630956e-01  1.4990991356e+00  3.2328079452e+00  1.1876092206e+00 -2.0490156587e+00  7.0663872537e-01 -8.1058847631e-01 -1.6442426760e+00  2.4459324448e+00 -1.2423502800e+00  1.2713989444e-01  4.5132771458e+00 -1.8521575240e+00  9.0911609234e-01 -5.3602369508e-01 -1.2042789748e+00 -2.7082813395e-01 -1.7989320123e+00  1.0127843475e+00  8.9956695727e-01 -1.7671219001e+00  3.8312942313e-01  2.0906389019e+00 -5.0734874091e-01  1.6285040197e+00 -2.8351790348e+00  3.3014493046e-01
ENERGY -5.514132129913e+02

JOB 1
COORDS -5.7595053369e-01 -5.8563013739e-01  2.5054453808e+00 -6.9299337768e-01  2.4311758938e-01  3.5842335361e+00 -1.1386945293e-01  2.6836648094e-01  1.4543257587e+00  7.7233910300e-01 -1.3251478282e+00 -3.6264126906e-01 -1.0027646416e+00  3.9860673998e-01 -9.7127351741e-01  3.1120773658e-01  1.0991952288e+00 -9.6667406784e-01  9.1035720869e-02 -5.4070512477e-02  1.7033304234e-02  7.7296650608e-03  1.5135800806e+00  1.8760485733e+00  9.4375388410e-01 -1.6989721358e+00 -1.5093855257e+00 -3.0324658295e-01  1.4932117481e+00  3.2375401548e+00  1.2058539226e+00 -2.0506192509e+00  7.0225253422e-01 -8.2525950702e-01 -1.6343257098e+00  2.4413126007e+00 -1.4060138638e+00  1.5156266629e-01  4.3953738702e+00 -1.8545961155e+00  8.9412577198e-01 -5.1716762406e-01 -1.2170711354e+00 -2.8772270379e-01 -1.7834024815e+00  9.9668035249e-01  8.8975350877e-01 -1.7800503132e+00  3.7768252801e-01  2.0828680774e+00 -5.1727352830e-01  1.6448615276e+00 -2.8374646358e+00  3.2496725954e-01
ENERGY -5.514063832374e+02

JOB 2
COORDS -5.4049067571e-01 -5.8414226041e-01  2.5241006132e+00 -6.6194615384e-01  2.3921079045e-01  3.6141590313e+00 -8.8125992349e-02  2.6895749251e-01  1.4694755784e+00  7.7188218493e-01 -1.3199736340e+00 -3.6231068147e-01 -1.0144086834e+00  4.0226898496e-01 -9.4332430333e-01  2.9848815797e-01  1.1047528067e+00 -9.5663153324e-01  9.4248329258e-02 -5.0160247437e-02  2.8443338587e-02  2.6596732376e-02  1.5147435243e+00  1.8933248704e+00  9.2764842861e-01 -1.6932952444e+00 -1.5113933669e+00 -2.4280410480e-01  1.4840294175e+00  3.2606501861e+00  1.2212187258e+00 -2.0447289687e+00  6.9624646813e-01 -8.1615018701e-01 -1.6259954763e+00  2.4491177635e+00 -1.5256440086e+00  1.5676915620e-01  4.2675072937e+00 -1.8604764543e+00  8.9591932817e-01 -4.7650783797e-01 -1.2394501666e+00 -2.8312175136e-01 -1.7533430569e+00  9.7252434946e-01  8.9769721543e-01 -1.7801084274e+00  3.7026464887e-01  2.0879980642e+00 -5.0697704684e-01  1.6560616373e+00 -2.8312095601e+00  3.1341989312e-01
ENERGY -5.513953888194e+02

JOB 3
COORDS -5.0112683402e-01 -5.8837463033e-01  2.5404071719e+00 -6.4312719931e-01  2.2980440093e-01  3.6403144140e+00 -6.0407965214e-02  2.6833632313e-01  1.4838352201e+00  7.7285988746e-01 -1.3163316459e+00 -3.6202940791e-01 -1.0251379524e+00  4.0361737612e-01 -9.1490897939e-01  2.8611987364e-01  1.1086170333e+00 -9.4703678839e-01  9.9052385190e-02 -4.7774711279e-02  3.9487949618e-02  4.3949035216e-02  1.5140568269e+00  1.9113942189e+00  9.1145499740e-01 -1.6882053428e+00 -1.5136415128e+00 -1.8084856083e-01  1.4682422568e+00  3.2858849275e+00  1.2388282246e+00 -2.0403134929e+00  6.8969052341e-01 -8.0901689937e-01 -1.6210727365e+00  2.4551728738e+00 -1.6249293165e+00  1.9274116246e-01  4.1108002418e+00 -1.8651916879e+00  8.9514482441e-01 -4.3507897218e-01 -1.2610204246e+00 -2.8120864874e-01 -1.7223207361e+00  9.4803944162e-01  9.0391120054e-01 -1.7808899587e+00  3.6314108222e-01  2.0915063874e+00 -4.9737661863e-01  1.6691454433e+00 -2.8266019771e+00  3.0138016963e-01
ENERGY -5.513805973037e+02

JOB 4
COORDS -4.8156525337e-01 -5.7997252391e-01  2.5518772256e+00 -6.4415931713e-01  2.3881812508e-01  3.6611556933e+00 -4.5088771801e-02  2.7089469386e-01  1.4885366103e+00  7.7307558009e-01 -1.3202639406e+00 -3.5540982434e-01 -1.0312857163e+00  3.9540157712e-01 -9.0338188574e-01  2.7854371760e-01  1.1023506332e+00 -9.4865028675e-01  1.0115499146e-01 -4.9950047666e-02  4.4176888340e-02  5.6183739335e-02  1.5170443339e+00  1.9154710213e+00  9.0480240905e-01 -1.6971947142e+00 -1.5059766137e+00 -1.4305569811e-01  1.4658710349e+00  3.2922189300e+00  1.2443119928e+00 -2.0384753483e+00  6.9787740288e-01 -8.0993788468e-01 -1.6065995122e+00  2.4604464686e+00 -1.7055777014e+00  1.7940361070e-01  3.9233753788e+00 -1.8684849535e+00  8.8830485441e-01 -4.1990130721e-01 -1.2723876009e+00 -2.9342481578e-01 -1.7058460313e+00  9.3405665350e-01  8.9518945521e-01 -1.7869378933e+00  3.5763444829e-01  2.0874912659e+00 -5.0419537391e-01  1.6727390487e+00 -2.8273478259e+00  3.1271385959e-01
ENERGY -5.513626907009e+02

JOB 5
COORDS -7.9052433077e-01 -5.7774870431e-01  2.5005938524e+00 -9.3312534394e-01  2.2377679204e-01  3.6255433900e+00 -3.2665175231e-01  2.8478969147e-01  1.4570853861e+00  7.1396071231e-01 -1.3058897201e+00 -2.8745420986e-01 -9.6690674706e-01  4.5772755572e-01 -1.0361604174e+00  3.5293578329e-01  1.1314044200e+00 -8.9754323015e-01  1.6835952885e-02 -3.0357568355e-02  4.6466902720e-02 -2.0562208721e-01  1.5215304073e+00  1.9098917843e+00  9.6727824534e-01 -1.6778148054e+00 -1.4189447640e+00 -7.4828696157e-01  1.5154627291e+00  3.1899230325e+00  1.0702963322e+00 -2.0373500212e+00  8.0371004042e-01 -8.0241745629e-01 -1.6582415299e+00  2.4821280126e+00 -2.2999162912e-01 -1.6482662537e-01  4.3688054911e+00 -1.8480206864e+00  9.6600285418e-01 -6.5891088861e-01 -1.1156966676e+00 -2.1614164332e-01 -1.8728642124e+00  1.1093233579e+00  9.1612902920e-01 -1.6438000722e+00  3.9312755977e-01  2.1086990268e+00 -4.3161292495e-01  1.5309524763e+00 -2.8246216213e+00  4.5377175498e-01
ENERGY -5.513638657250e+02

JOB 6
COORDS -7.5872122490e-01 -5.8582634043e-01  2.4983094473e+00 -9.1309711895e-01  2.2429358121e-01  3.6028264103e+00 -3.0202668660e-01  2.8030367634e-01  1.4549699367e+00  7.2015713402e-01 -1.3057732800e+00 -3.0492169870e-01 -9.7100779107e-01  4.5643958072e-01 -1.0311319215e+00  3.4928543951e-01  1.1320941178e+00 -9.0620763913e-01  2.5917427590e-02 -3.1570781196e-02  3.9470862485e-02 -1.8560306461e-01  1.5194879261e+00  1.9016353868e+00  9.6489806446e-01 -1.6725645843e+00 -1.4401858950e+00 -7.0373068492e-01  1.5132472334e+00  3.1937421097e+00  1.0831289642e+00 -2.0431499727e+00  7.7972478700e-01 -7.8872670520e-01 -1.6652987959e+00  2.4796408373e+00 -3.6950718461e-01 -9.6557706232e-02  4.4904763867e+00 -1.8486177306e+00  9.6232086031e-01 -6.4267284776e-01 -1.1281412540e+00 -2.1595521948e-01 -1.8675165486e+00  1.0974594853e+00  9.1937965897e-01 -1.6614202127e+00  3.9315716194e-01  2.1085416813e+00 -4.3888277735e-01  1.5404274472e+00 -2.8289459411e+00  4.2222173341e-01
ENERGY -5.513816360613e+02

JOB 7
COORDS -7.2376547701e-01 -5.9391757111e-01  2.5012867465e+00 -8.9412811623e-01  2.2635775334e-01  3.5872053213e+00 -2.7651978411e-01  2.7506149342e-01  1.4563143009e+00  7.2462929530e-01 -1.3092275107e+00 -3.1639665781e-01 -9.7880676776e-01  4.4921553390e-01 -1.0217576636e+00  3.4160570761e-01  1.1277873668e+00 -9.1382237219e-01  3.2704315824e-02 -3.6139644317e-02  3.6057706517e-02 -1.7183748257e-01  1.5176630902e+00  1.8944197381e+00  9.5508593361e-01 -1.6756862641e+00 -1.4549233480e+00 -6.5116462326e-01  1.5076781407e+00  3.2027864044e+00  1.1022336480e+00 -2.0458566454e+00  7.6350309243e-01 -7.8097023202e-01 -1.6716696609e+00  2.4750103198e+00 -5.5457027680e-01 -8.3265388540e-02  4.5711398162e+00 -1.8522130082e+00  9.5351276914e-01 -6.2192702143e-01 -1.1453204577e+00 -2.2344308231e-01 -1.8561401963e+00  1.0804604505e+00  9.1665548644e-01 -1.6785936325e+00  3.8955950305e-01  2.1042817095e+00 -4.4695851372e-01  1.5562204606e+00 -2.8308939059e+00  4.0024225212e-01
ENERGY -5.513962223914e+02

JOB 8
COORDS -6.9331736114e-01 -6.0660682787e-01  2.5025757851e+00 -8.6898335087e-01  2.1889761940e-01  3.5760927904e+00 -2.5286035567e-01  2.6685373792e-01  1.4573462811e+00  7.2981053817e-01 -1.3136268466e+00 -3.2846148017e-01 -9.8610642342e-01  4.4072858450e-01 -1.0127022297e+00  3.3372994731e-01  1.1227279722e+00 -9.2015083950e-01  3.9480869226e-02 -4.2279295904e-02  3.2720873779e-02 -1.5913221820e-01  1.5113582401e+00  1.8901551042e+00  9.4957135144e-01 -1.6778415553e+00 -1.4699416406e+00 -6.0576431425e-01  1.4966304816e+00  3.2128121323e+00  1.1179707220e+00 -2.0518787879e+00  7.4631948600e-01 -7.7481787489e-01 -1.6823619669e+00  2.4719148924e+00 -7.3738601686e-01 -3.5841283622e-02  4.6212540517e+00 -1.8560890196e+00  9.4203865672e-01 -6.0178635157e-01 -1.1607428248e+00 -2.3174307869e-01 -1.8455887944e+00  1.0640062884e+00  9.1408415616e-01 -1.6937927927e+00  3.8483314091e-01  2.0989053167e+00 -4.5296075386e-01  1.5693985289e+00 -2.8356961467e+00  3.7735175521e-01
ENERGY -5.514069672101e+02

JOB 9
COORDS -6.5550309850e-01 -6.0508440091e-01  2.5046681730e+00 -8.2083486056e-01  2.2489574254e-01  3.5713748263e+00 -2.1820443959e-01  2.6899541864e-01  1.4572617609e+00  7.3786240336e-01 -1.3131612500e+00 -3.4069257000e-01 -9.9158810136e-01  4.3659909193e-01 -1.0018823709e+00  3.2807086801e-01  1.1215948239e+00 -9.3103803090e-01  5.1549829751e-02 -4.1975214803e-02  2.8361480165e-02 -1.2597095256e-01  1.5148468303e+00  1.8845028248e+00  9.4402987648e-01 -1.6768587092e+00 -1.4849598857e+00 -5.3752738387e-01  1.4980242709e+00  3.2209489146e+00  1.1375709908e+00 -2.0518205413e+00  7.2931283642e-01 -7.7019054827e-01 -1.6774784233e+00  2.4683938795e+00 -9.0917627566e-01  2.1544645793e-02  4.6309364442e+00 -1.8562086825e+00  9.3659259770e-01 -5.7819688566e-01 -1.1776984511e+00 -2.3769482474e-01 -1.8308265758e+00  1.0466449472e+00  9.1322808502e-01 -1.7156244589e+00  3.8452270439e-01  2.0986346796e+00 -4.6624445126e-01  1.5846899617e+00 -2.8356541248e+00  3.5523185146e-01
ENERGY -5.514135120754e+02

JOB 10
COORDS -6.1236367266e-01 -5.9356042412e-01  2.5156254274e+00 -7.4418907146e-01  2.2923704888e-01  3.5906039302e+00 -1.6534381143e-01  2.8124580228e-01  1.4726839692e+00  7.5090372171e-01 -1.2931376236e+00 -3.5002024970e-01 -1.0005437430e+00  4.5087056738e-01 -9.6721017728e-01  3.1743235286e-01  1.1419583356e+00 -9.2644927071e-01  6.9732559805e-02 -2.4362297478e-02  3.6398872357e-02 -4.9154831904e-02  1.5220370574e+00  1.9071422483e+00  9.3808805250e-01 -1.6520722814e+00 -1.4990893141e+00 -4.1880592626e-01  1.4961892219e+00  3.2563719683e+00  1.1671364391e+00 -2.0358681662e+00  7.1051156170e-01 -7.8215039774e-01 -1.6580133275e+00  2.4622978057e+00 -1.0504285590e+00  7.4604334545e-02  4.6170034463e+00 -1.8573830219e+00  9.4584822992e-01 -5.2221513855e-01 -1.2034284230e+00 -2.2246717899e-01 -1.7930234418e+00  1.0178230247e+00  9.3878933930e-01 -1.7286288142e+00  3.8090194162e-01  2.1183201036e+00 -4.6112251857e-01  1.6084142037e+00 -2.8183657624e+00  3.2688694512e-01
ENERGY -5.514156272325e+02

