JOB 0
COORDS -4.1927867944e-01  7.2994888852e-01  2.9343441763e+00 -4.9970268062e-01 -2.5766776564e-01  1.7547846662e+00 -1.8517949151e+00 -9.9901891643e-01  1.7440588340e+00 -2.1987516347e-01  4.0917072960e-01  4.1109689758e-01 -9.4644486112e-01  1.7231739408e+00  1.9279840099e-01  5.9676723831e-01 -1.3294539910e-01 -5.1744286712e-01  9.3618838277e-01  5.3760759439e-01 -1.8335279392e+00  1.2773309604e+00 -1.4797447985e+00 -3.7481780356e-01  5.3517458695e-01  1.2676605252e+00  2.9353904206e+00 -1.2236210963e+00  1.4725964616e+00  2.9080418942e+00 -5.0354801504e-01  1.8914559464e-01  3.8832936140e+00  2.7623302351e-01 -1.0041567797e+00  1.9402359600e+00 -1.8113323114e+00 -1.8727366626e+00  1.0852906491e+00 -2.1084013383e+00 -1.3537488227e+00  2.7496040374e+00 -2.6674469902e+00 -3.5224777960e-01  1.4033214199e+00 -4.3294406486e-01  2.5579863214e+00  6.8662018716e-01 -1.9545790329e+00  1.6829409271e+00  6.1913551472e-01 -1.0577539538e+00  1.9772688497e+00 -8.6199783997e-01  2.0100595107e+00  4.3897683668e-01 -2.0362437818e+00  4.1703599662e-01  5.0086954848e-02 -2.6702879220e+00  6.9697979746e-01  1.6012802282e+00 -1.8607582741e+00  1.1858580172e+00 -2.0418731049e+00 -1.3127851007e+00  2.3535259261e+00 -1.3599885159e+00 -1.8950985336e-01  8.6665135291e-01 -2.1048215808e+00  4.1869378364e-01
ENERGY -3.145423818579e+02

JOB 1
COORDS -3.7624394435e-01  7.4238317971e-01  2.7764983402e+00 -4.7477514739e-01 -2.5702949239e-01  1.6078558445e+00 -1.8336735862e+00 -9.9537072775e-01  1.6116847040e+00 -1.9390572876e-01  3.8727919334e-01  2.5438582173e-01 -9.2002095157e-01  1.6987827226e+00  2.0138513497e-02  6.2049475419e-01 -1.6932611627e-01 -6.6744744887e-01  9.5629276757e-01  4.8104808668e-01 -1.9944614320e+00  1.3013179850e+00 -1.5137308487e+00 -5.0659155538e-01  5.8094499030e-01  1.2751766249e+00  2.7609964772e+00 -1.1770838946e+00  1.4891904376e+00  2.7532253511e+00 -4.5186008526e-01  2.0998167002e-01  3.7307112063e+00  2.9878623127e-01 -1.0033756790e+00  1.8018938306e+00 -1.7332575380e+00 -1.9993473565e+00  1.1865690887e+00 -2.2067372008e+00 -1.1205249441e+00  2.6354537642e+00 -2.5985202626e+00 -4.5483542424e-01  1.0453559625e+00 -4.0038701668e-01  2.5402256904e+00  4.9590475506e-01 -1.9240238830e+00  1.6672933599e+00  4.5723075210e-01 -1.0407631964e+00  1.9362431422e+00 -1.0375476964e+00  2.0313671751e+00  3.8853918850e-01 -2.1938793963e+00  4.4298800642e-01 -2.6048492262e-02 -2.8231308211e+00  7.0747244286e-01  1.5418064741e+00 -2.0409136128e+00  1.1950126185e+00 -2.0955926287e+00 -1.4309255382e+00  2.3803052714e+00 -1.3915902357e+00 -3.4022190850e-01  9.0183355913e-01 -2.1210647147e+00  3.0615862929e-01
ENERGY -3.145409297823e+02

JOB 2
COORDS -3.7143218886e-01  6.5860859560e-01  2.9963097625e+00 -5.2904782663e-01 -3.1263652382e-01  1.8098789158e+00 -1.9164630952e+00 -1.0100939379e+00  1.8274758914e+00 -2.5366505130e-01  3.5979356040e-01  4.7015519359e-01 -9.9782749211e-01  1.6664430999e+00  2.6220761174e-01  5.7449532793e-01 -1.6059556861e-01 -4.6043758751e-01  9.0215661127e-01  5.3058887284e-01 -1.7688403053e+00  1.2804659758e+00 -1.4952969210e+00 -3.3181911694e-01  6.0700417241e-01  1.1512108045e+00  2.9753939551e+00 -1.1410055868e+00  1.4378758407e+00  2.9982372473e+00 -4.5561992268e-01  1.1170749813e-01  3.9416920256e+00  2.2681326472e-01 -1.0838265836e+00  1.9687018280e+00 -1.8189162136e+00 -2.0828255306e+00  1.6325192996e+00 -2.3977684892e+00 -9.1177719457e-01  2.8075579966e+00 -2.5996136982e+00 -5.9130222822e-01  1.0828101528e+00 -4.6987054337e-01  2.5110300335e+00  7.2308641292e-01 -1.9871655482e+00  1.6256067593e+00  7.3058972768e-01 -1.1532190334e+00  1.9053012221e+00 -7.9090390617e-01  1.9797945719e+00  4.6624755921e-01 -1.9655113032e+00  4.0335516986e-01  3.4183618497e-02 -2.6127301454e+00  6.3066456973e-01  1.5866265222e+00 -1.7888737543e+00  1.1874564289e+00 -2.0554125462e+00 -1.2709317998e+00  2.3565197678e+00 -1.3569740754e+00 -1.5933068585e-01  8.9068405701e-01 -2.1305381617e+00  4.6417897745e-01
ENERGY -3.145391178337e+02

JOB 3
COORDS -4.3191309212e-01  5.7926868539e-01  3.1939895322e+00 -6.5702084168e-01 -3.7799635822e-01  2.0063827070e+00 -2.0944954787e+00 -9.7642498702e-01  2.0271421857e+00 -3.4410665288e-01  3.0041821105e-01  6.7911267764e-01 -1.1035284805e+00  1.5961225774e+00  4.4658737175e-01  5.3491997206e-01 -1.8994691508e-01 -2.2055038148e-01  8.9099632554e-01  5.2757423385e-01 -1.5073345319e+00  1.2773707595e+00 -1.5029887188e+00 -7.9115564107e-02  5.8609772219e-01  9.8401375614e-01  3.1858012391e+00 -1.1309486687e+00  1.4219904767e+00  3.1777984038e+00 -5.7912217652e-01  4.8470344286e-02  4.1412996359e+00  4.7092056732e-02 -1.1983750463e+00  2.1497925120e+00 -2.0647337634e+00 -2.0682876755e+00  2.0983857788e+00 -2.6752716434e+00 -6.1098746153e-01  2.8811602069e+00 -2.6531462116e+00 -7.2852820313e-01  1.1199263088e+00 -5.6355794429e-01  2.4612192583e+00  8.5229880983e-01 -2.0758976191e+00  1.5706493826e+00  9.4904613864e-01 -1.2954083153e+00  1.7907446549e+00 -6.1020818776e-01  1.9770102672e+00  5.0173500161e-01 -1.6623131061e+00  4.4237906178e-01  2.5497189790e-02 -2.3757591182e+00  5.8432800359e-01  1.5740195794e+00 -1.5258709894e+00  1.2326983016e+00 -2.0580719277e+00 -1.0248350422e+00  2.3423133427e+00 -1.3319806393e+00  1.2912273990e-01  8.8381462237e-01 -2.1567222862e+00  6.9983704935e-01
ENERGY -3.145381374944e+02

JOB 4
COORDS -4.0694680086e-01  3.7326318282e-01  3.2529022879e+00 -7.0768442821e-01 -5.3534237389e-01  2.0438119570e+00 -2.1899934026e+00 -1.0074078814e+00  2.0566008808e+00 -3.4750945084e-01  1.6889975051e-01  7.4276007085e-01 -1.1037120438e+00  1.4672522856e+00  5.0370689505e-01  5.7541116278e-01 -2.8920718277e-01 -1.2942885090e-01  9.6779707856e-01  4.6616437996e-01 -1.3835318660e+00  1.3391967055e+00 -1.5894502761e+00  1.2564845364e-02  6.4778155994e-01  6.6826260563e-01  3.2706904040e+00 -1.0131928261e+00  1.2848259825e+00  3.2318178027e+00 -6.3075101785e-01 -1.4889553931e-01  4.1904777991e+00 -7.5045793811e-02 -1.4166799302e+00  2.1520608916e+00 -2.2644136991e+00 -2.0543721368e+00  2.3680493697e+00 -2.8097735292e+00 -4.0843812685e-01  2.7319701721e+00 -2.6361410978e+00 -9.4963730048e-01  1.0588090668e+00 -5.4035297881e-01  2.3379597822e+00  8.6281584338e-01 -2.0581353057e+00  1.4668643695e+00  1.0385515491e+00 -1.3298643824e+00  1.6333751888e+00 -5.5184643116e-01  2.0598334784e+00  4.7427768102e-01 -1.4912367165e+00  5.7186175121e-01 -2.8719286000e-02 -2.2812439387e+00  6.3115207422e-01  1.5035102435e+00 -1.3935823005e+00  1.3370820104e+00 -2.1288514222e+00 -9.4330620590e-01  2.3929057764e+00 -1.3994857404e+00  2.5808202312e-01  9.3686863310e-01 -2.2646672934e+00  7.6830840182e-01
ENERGY -3.145387030572e+02

JOB 5
COORDS -4.9640781353e-01  8.8835445716e-02  3.4353600183e+00 -7.9980029394e-01 -7.5258603247e-01  2.1796050903e+00 -2.3099476033e+00 -1.0938989511e+00  2.0996377395e+00 -3.1013183694e-01 -3.6965714702e-02  9.2763421009e-01 -9.6284496058e-01  1.3145796976e+00  6.7661696704e-01  6.4112853588e-01 -5.2852509700e-01  1.0537737421e-01  1.1628511090e+00  2.3546133082e-01 -1.0953788951e+00  1.3146268272e+00 -1.8767091251e+00  2.5634742488e-01  5.7765481489e-01  2.8074567740e-01  3.5307059492e+00 -1.0112165371e+00  1.0547214391e+00  3.4036284226e+00 -8.3139663208e-01 -4.3275194608e-01  4.3397343702e+00 -2.5427969547e-01 -1.6910543269e+00  2.2845662464e+00 -2.5215503154e+00 -2.0371812555e+00  2.6145797286e+00 -2.9366133403e+00 -3.1345294858e-01  2.5433879341e+00 -2.6278690361e+00 -1.2282776426e+00  1.0602915982e+00 -3.6146413386e-01  2.1386613228e+00  1.0813173716e+00 -1.9427107402e+00  1.3723737901e+00  1.1587816501e+00 -1.1192459800e+00  1.5124255254e+00 -3.8617621343e-01  2.2576091828e+00  1.7195568442e-01 -1.1349739814e+00  7.9307149661e-01 -2.0365726643e-01 -2.0324223193e+00  8.9707392174e-01  1.2932478297e+00 -1.0906427324e+00  1.3418001908e+00 -2.3902818886e+00 -7.1330434159e-01  2.3598726848e+00 -1.7578897319e+00  5.7257652781e-01  8.2585022112e-01 -2.5453775969e+00  9.6544042941e-01
ENERGY -3.145402367402e+02

JOB 6
COORDS -8.0244590112e-01  3.5895506827e-02  3.9549002761e+00 -1.0045760696e+00 -7.8203181115e-01  2.6643935071e+00 -2.4882656584e+00 -1.1778021344e+00  2.4956871405e+00 -4.7430602209e-01 -2.8969290510e-02  1.4499652464e+00 -1.0636023519e+00  1.3588196349e+00  1.2548316397e+00  4.5495790947e-01 -5.3297885013e-01  6.1004860973e-01  1.0314337483e+00  2.5177743487e-01 -5.5191513105e-01  1.0450679762e+00 -1.9254925307e+00  7.0199173269e-01  2.5410136912e-01  2.8406853519e-01  4.1026485416e+00 -1.3694851055e+00  9.7213832552e-01  3.9331777209e+00 -1.1430583387e+00 -5.3361193987e-01  4.8274521918e+00 -4.3277702233e-01 -1.7040021337e+00  2.7817138340e+00 -2.7513567881e+00 -1.9883248070e+00  3.1847738945e+00 -3.1640076835e+00 -3.3724805766e-01  2.6855427735e+00 -2.6804428203e+00 -1.5417816735e+00  1.4806864859e+00 -4.7920066370e-01  2.1268580074e+00  1.7777758531e+00 -2.0804662222e+00  1.4115138202e+00  1.6548323701e+00 -1.1211368207e+00  1.6461009540e+00  2.0325183067e-01  2.1173946437e+00  1.0334107254e-01 -6.0201400175e-01  6.2557659320e-01 -1.0436203689e-01 -1.5090352834e+00  8.5214185072e-01  1.3257314925e+00 -4.8767314789e-01  1.0730622726e+00 -2.3827384064e+00 -2.9529395385e-01  2.0848187468e+00 -1.8890104281e+00  1.0546496393e+00  4.9359499386e-01 -2.6033727717e+00  1.3541263395e+00
ENERGY -3.145417833897e+02

JOB 7
COORDS -9.2685624878e-01 -1.0907473298e-02  4.1190373672e+00 -9.9727358996e-01 -7.6337200172e-01  2.7766515575e+00 -2.4236170262e+00 -1.2867908687e+00  2.5163447351e+00 -4.9316839222e-01  8.9790394572e-02  1.6162113398e+00 -1.0719213871e+00  1.4920199743e+00  1.5585316629e+00  3.9270225583e-01 -3.6419221615e-01  7.0399891578e-01  9.5506271145e-01  4.8995062193e-01 -4.1477222199e-01  9.3955272563e-01 -1.7774711499e+00  6.6899121033e-01  8.5985339272e-02  3.5920958286e-01  4.3117647364e+00 -1.6092254498e+00  8.4473957460e-01  4.1461027042e+00 -1.2054002247e+00 -6.7797323859e-01  4.9426266981e+00 -3.4514518531e-01 -1.6335429864e+00  2.8781752345e+00 -2.7356945795e+00 -1.9755351331e+00  3.3102064876e+00 -3.1530807315e+00 -4.7016063096e-01  2.4777234673e+00 -2.4727135074e+00 -1.8243680967e+00  1.5636098420e+00 -5.3541532011e-01  2.1814716179e+00  2.2229855746e+00 -2.1168962650e+00  1.4939449907e+00  1.8854281884e+00 -1.0533289277e+00  1.9163367172e+00  5.5374242720e-01  2.0336890985e+00  3.1386028996e-01 -5.1228430905e-01  5.0835989771e-01  2.1906875996e-01 -1.3814909196e+00  8.1304519056e-01  1.5608493299e+00 -2.6475500474e-01  9.4171635937e-01 -2.1477401926e+00 -3.6394137894e-01  1.9835456137e+00 -1.8052870209e+00  1.0099048371e+00  3.7117143289e-01 -2.4904180117e+00  1.2671357801e+00
ENERGY -3.145426807758e+02

JOB 8
COORDS -8.4826897091e-01  7.9132116954e-02  4.1619336423e+00 -8.8616329326e-01 -6.9956518213e-01  2.8333941409e+00 -2.2838644408e+00 -1.3013786996e+00  2.5848846303e+00 -4.2422776388e-01  1.4059100636e-01  1.6460706589e+00 -1.0152698699e+00  1.5368315632e+00  1.5894354142e+00  4.2992327817e-01 -3.2600472124e-01  7.1025794702e-01  9.4889531765e-01  5.0617939157e-01 -4.4513830155e-01  9.7914961605e-01 -1.7384495425e+00  6.8360681186e-01  1.3968200807e-01  5.2016824057e-01  4.3337269375e+00 -1.5867387834e+00  8.8726696439e-01  4.1895013784e+00 -1.0676862350e+00 -5.9389702090e-01  4.9979856606e+00 -1.9129717357e-01 -1.5333767461e+00  2.9593331949e+00 -2.6763140448e+00 -1.7747245862e+00  3.4925721747e+00 -3.0021201329e+00 -5.2691492053e-01  2.2920140028e+00 -2.2555975542e+00 -2.0451111485e+00  1.7822074363e+00 -4.8543779730e-01  2.2293752288e+00  2.2558488137e+00 -2.0601008637e+00  1.5279378271e+00  1.9180014472e+00 -1.0018027976e+00  1.9637912749e+00  5.8591834256e-01  2.0260136508e+00  3.3874323094e-01 -5.7098409355e-01  4.7639385797e-01  2.0648862575e-01 -1.3907994392e+00  7.9977459835e-01  1.5789492388e+00 -3.1765216636e-01  9.2945383626e-01 -2.1356950513e+00 -3.3810150745e-01  2.0394516835e+00 -1.7545669982e+00  9.7061289316e-01  4.4508438878e-01 -2.4365816351e+00  1.3288875926e+00
ENERGY -3.145424012575e+02

JOB 9
COORDS -7.9508834969e-01  1.0401008017e-01  4.0071977739e+00 -8.5182719767e-01 -6.8692351616e-01  2.6862423873e+00 -2.2564969456e+00 -1.2900951333e+00  2.4536180914e+00 -3.9146339979e-01  1.3216506349e-01  1.4847756580e+00 -9.8084125180e-01  1.5283000772e+00  1.4121443796e+00  4.5804411293e-01 -3.4981693465e-01  5.5258469600e-01  9.7167880733e-01  4.6391387601e-01 -6.1818823046e-01  1.0059719074e+00 -1.7628083773e+00  5.4431036100e-01  1.9619152741e-01  5.4403284586e-01  4.1620623102e+00 -1.5311071244e+00  9.1455620628e-01  4.0383306538e+00 -1.0049864779e+00 -5.6235840399e-01  4.8507457446e+00 -1.5829509005e-01 -1.5202106758e+00  2.8209130509e+00 -2.7570795202e+00 -1.5170797814e+00  3.4018626975e+00 -2.9050815943e+00 -5.8280202389e-01  1.9242136709e+00 -2.2049559926e+00 -2.1990373713e+00  1.8465458373e+00 -4.4449282210e-01  2.2288809906e+00  2.0647461975e+00 -2.0228201009e+00  1.5252685664e+00  1.7503013071e+00 -9.7524922459e-01  1.9415605144e+00  4.0280846438e-01  2.0497271911e+00  3.0055491306e-01 -7.4165681841e-01  5.0048174554e-01  1.4371122167e-01 -1.5577322302e+00  8.1619650726e-01  1.5379257515e+00 -5.1065815349e-01  9.3636842853e-01 -2.1809512800e+00 -4.6792059076e-01  2.0716285215e+00 -1.7736437369e+00  8.1087131518e-01  4.8427725353e-01 -2.4470669454e+00  1.2140733616e+00
ENERGY -3.145409677560e+02

JOB 10
COORDS -8.5417118077e-01 -7.1116355888e-02  4.2918702934e+00 -9.5772385497e-01 -8.1172350874e-01  2.9441697878e+00 -2.3847568748e+00 -1.3807416893e+00  2.7188331626e+00 -5.0285449699e-01  4.8482596854e-02  1.7710069313e+00 -1.1186095956e+00  1.4353420205e+00  1.7369477862e+00  3.6629959214e-01 -3.8462680730e-01  8.3307298106e-01  8.7186449622e-01  4.8116671950e-01 -3.0351787574e-01  9.4741785676e-01 -1.7832535323e+00  7.8195855231e-01  1.5267444855e-01  3.3342166185e-01  4.4435242204e+00 -1.5649205643e+00  7.5909299444e-01  4.3638508219e+00 -1.0701687097e+00 -7.6058556831e-01  5.1151776900e+00 -2.7625110469e-01 -1.6600079001e+00  3.0317633051e+00 -2.9698334822e+00 -1.3878708502e+00  3.6451595086e+00 -2.9466296919e+00 -7.7087768070e-01  2.0034095915e+00 -2.3514793372e+00 -2.3970806404e+00  2.3151363293e+00 -5.8006608836e-01  2.1336601408e+00  2.3902032780e+00 -2.1525162805e+00  1.4069152208e+00  2.0978279937e+00 -1.1423670907e+00  1.8668253958e+00  7.3528680430e-01  1.9545752457e+00  3.4740801596e-01 -4.2163783626e-01  4.1720273724e-01  1.8324785511e-01 -1.2584442607e+00  6.8990934299e-01  1.5467993753e+00 -1.5993013920e-01  8.9800848938e-01 -2.1673863425e+00 -2.4484809374e-01  2.0102219946e+00 -1.7788164805e+00  1.0597982355e+00  4.3498671320e-01 -2.5022935396e+00  1.4218365374e+00
ENERGY -3.145391453703e+02

JOB 11
COORDS -8.3551062147e-01 -1.5573168324e-01  4.3266440176e+00 -1.0333650178e+00 -8.6890870402e-01  2.9739988915e+00 -2.5083569934e+00 -1.3328199852e+00  2.7896816317e+00 -5.6267305241e-01 -3.3446008966e-04  1.8148229356e+00 -1.2045601774e+00  1.3764337084e+00  1.7649239421e+00  3.5143197371e-01 -4.0092519848e-01  9.0578555329e-01  8.6507327535e-01  4.9597217517e-01 -2.0277556241e-01  9.8411048455e-01 -1.7769557600e+00  8.6248849748e-01  2.0795417917e-01  1.4951250587e-01  4.4616339130e+00 -1.4628861697e+00  7.3758987639e-01  4.4132154048e+00 -1.1030546023e+00 -8.2622306388e-01  5.1510772423e+00 -4.0638893287e-01 -1.7603534155e+00  3.0146041220e+00 -3.1303947129e+00 -1.0679252801e+00  3.6516006716e+00 -2.9682671064e+00 -8.8274867078e-01  1.9049011084e+00 -2.5669998532e+00 -2.4183329856e+00  2.6624128475e+00 -6.3385380916e-01  2.1116621680e+00  2.3465514680e+00 -2.2111068244e+00  1.3506481424e+00  2.1946495200e+00 -1.3015372848e+00  1.7613466754e+00  7.4799239622e-01  1.9559506087e+00  4.0675697577e-01 -2.8153090709e-01  4.5843750041e-01  1.9085155384e-01 -1.1769648106e+00  6.3445499273e-01  1.5517264971e+00 -5.5558678515e-02  9.9253852132e-01 -2.1491175687e+00 -1.6987165123e-01  2.0332082368e+00 -1.7380536594e+00  1.1859613711e+00  4.7241410521e-01 -2.5224594675e+00  1.4720191560e+00
ENERGY -3.145381370089e+02

JOB 12
COORDS -9.8046948296e-01  2.8004983499e-01  3.7674496177e+00 -1.1259845469e+00 -6.7166582217e-01  2.5630558192e+00 -2.6144450158e+00 -1.0657951058e+00  2.3416591167e+00 -5.1207127980e-01 -5.1636382248e-02  1.3151433911e+00 -1.1452838405e+00  1.2664604437e+00  8.9481399605e-01  5.1973405055e-01 -5.9493907536e-01  6.3504436440e-01  1.1590671025e+00  7.7593013537e-02 -5.6338543805e-01  1.1778810602e+00 -1.9195422895e+00  9.6113857146e-01  7.1870726589e-02  5.1977364114e-01  3.9542051972e+00 -1.5183357018e+00  1.2197647843e+00  3.6046729545e+00 -1.3907970616e+00 -1.8126036100e-01  4.6733850783e+00 -5.7314538989e-01 -1.5776379869e+00  2.8124860722e+00 -3.2972137036e+00 -4.0891299654e-01  2.8915654911e+00 -2.8928961151e+00 -1.0475202657e+00  1.2842891238e+00 -2.8013395540e+00 -2.0808989521e+00  2.7084755603e+00 -6.0074480993e-01  2.1276236115e+00  1.3026569219e+00 -2.1730219474e+00  1.3402792929e+00  1.2625275660e+00 -1.1854279301e+00  1.3857430457e+00 -1.9018584427e-01  2.2524059915e+00  3.1389881293e-02 -4.8156847241e-01  8.9598009361e-01 -4.4390010594e-01 -1.4941897223e+00  8.8412789246e-01  1.1270978075e+00 -6.7509486531e-01  1.3087714458e+00 -2.5064762583e+00  4.2969615963e-02  2.1834610549e+00 -1.7652046939e+00  1.3754564307e+00  6.1805731336e-01 -2.5362709614e+00  1.6648282377e+00
ENERGY -3.145387341577e+02

JOB 13
COORDS -9.3346482514e-01  3.3526444940e-01  3.7967565253e+00 -1.1195312543e+00 -6.0428155395e-01  2.5889583286e+00 -2.6112917977e+00 -9.8994594228e-01  2.4208164914e+00 -5.4933020495e-01  3.0343455612e-02  1.3272893401e+00 -1.2127611153e+00  1.3389634239e+00  9.2309901015e-01  4.7595582520e-01 -4.9191194160e-01  6.2110845215e-01  1.0714689703e+00  1.9598251928e-01 -5.9124800636e-01  1.1689774063e+00 -1.8034555584e+00  9.2682894981e-01  1.2584168262e-01  5.5987371412e-01  3.9606890981e+00 -1.4619316470e+00  1.2831559005e+00  3.6513011795e+00 -1.3294917076e+00 -1.2563826752e-01  4.7094520500e+00 -5.6393925539e-01 -1.5175053273e+00  2.8050912942e+00 -3.2798320236e+00 -1.9782920700e-01  2.7755041942e+00 -2.8597589995e+00 -1.2251977278e+00  1.3818319914e+00 -2.8425849838e+00 -1.8739849952e+00  3.0261825226e+00 -6.6123512248e-01  2.2091529526e+00  1.3014380825e+00 -2.2261262009e+00  1.4063729373e+00  1.3285661315e+00 -1.2958353064e+00  1.4480362746e+00 -1.6063903820e-01  2.1671994126e+00  1.6427889722e-01 -5.4151933746e-01  7.8832124163e-01 -3.2356490398e-01 -1.5172706824e+00  7.7901817121e-01  1.2422012831e+00 -6.8862744477e-01  1.2838876062e+00 -2.3880128342e+00  4.9647095971e-03  2.1833464044e+00 -1.6288562417e+00  1.3105330476e+00  6.4367415601e-01 -2.4311133214e+00  1.6471935554e+00
ENERGY -3.145403075625e+02

JOB 14
COORDS -9.6323420176e-01  4.4183905812e-01  3.8169991435e+00 -1.0785941334e+00 -5.2682429658e-01  2.6240907861e+00 -2.5306553078e+00 -1.0300453885e+00  2.4700062788e+00 -5.5895571588e-01  1.1638247025e-01  1.3437237250e+00 -1.2285426955e+00  1.4305513663e+00  9.7419488332e-01  4.2717593229e-01 -4.1592870639e-01  5.9058006500e-01  9.8709374972e-01  2.6918669100e-01 -6.4044383777e-01  1.1036202685e+00 -1.7452156980e+00  8.5685273831e-01  7.2434177501e-02  7.6828908799e-01  3.9599320197e+00 -1.5819122208e+00  1.3338514411e+00  3.6749674220e+00 -1.2966718519e+00 -4.5131287882e-02  4.7408097756e+00 -4.5645523241e-01 -1.3922514732e+00  2.8582457422e+00 -3.2555778951e+00 -2.1368990100e-01  2.5619810475e+00 -2.6836274098e+00 -1.5294208032e+00  1.5084032303e+00 -2.7684897043e+00 -1.7458933357e+00  3.2658082131e+00 -7.0190689466e-01  2.2916871330e+00  1.4054629408e+00 -2.2540139670e+00  1.4672393607e+00  1.3531288428e+00 -1.2836352408e+00  1.5837444968e+00 -1.0534632440e-01  2.0814625896e+00  1.9082045143e-01 -6.4786699838e-01  6.3516712531e-01 -2.2036725586e-01 -1.5592174044e+00  7.3579535316e-01  1.3286118167e+00 -7.0483339407e-01  1.1876905836e+00 -2.3124575796e+00 -7.8922855559e-02  2.1291216191e+00 -1.5975995598e+00  1.2219893834e+00  5.8050824246e-01 -2.3783320706e+00  1.5740736559e+00
ENERGY -3.145418445542e+02

JOB 15
COORDS -8.8550339428e-01  5.5676831610e-01  3.5397385945e+00 -8.8829403156e-01 -4.4756442143e-01  2.3717125724e+00 -2.2723359076e+00 -1.1094986997e+00  2.2225253211e+00 -4.3016786530e-01  1.9349055458e-01  1.0648013497e+00 -1.1005607513e+00  1.5148695790e+00  7.3484650967e-01  4.9290949729e-01 -3.7030524207e-01  2.5665028114e-01  1.0087113093e+00  2.8298789463e-01 -1.0100698733e+00  1.1324674799e+00 -1.7231470019e+00  4.9839490347e-01  9.6970492246e-02  1.0277429672e+00  3.6532564865e+00 -1.6258921762e+00  1.3510003876e+00  3.3999810864e+00 -1.1261784213e+00  4.6338418119e-02  4.4790881284e+00 -1.7917293795e-01 -1.2332101956e+00  2.6414341608e+00 -3.0539770007e+00 -3.6696298058e-01  2.0261940992e+00 -2.2761124918e+00 -1.8307307517e+00  1.3989487071e+00 -2.5497744662e+00 -1.6374949659e+00  3.1426109421e+00 -6.2067455587e-01  2.3552413685e+00  1.2526713324e+00 -2.1477346621e+00  1.5086776730e+00  1.0546686572e+00 -1.0966548846e+00  1.7362926545e+00 -3.3327751278e-01  2.0976957660e+00  1.6463131330e-01 -1.0738638063e+00  5.9154988914e-01 -2.0258862934e-01 -1.9031815653e+00  7.9374660814e-01  1.3503220117e+00 -1.0738107276e+00  1.1682916216e+00 -2.2885386453e+00 -4.4134849112e-01  2.1729652071e+00 -1.6136071505e+00  8.3347855886e-01  6.0731583741e-01 -2.3406740013e+00  1.2277668736e+00
ENERGY -3.145426907482e+02

JOB 16
COORDS -8.0671434121e-01  6.2789309417e-01  3.3341046226e+00 -7.7773623023e-01 -4.1475366254e-01  2.2003679434e+00 -2.1334922216e+00 -1.1392129350e+00  2.0786715522e+00 -3.4599712170e-01  1.8215790071e-01  8.6400172454e-01 -1.0165755329e+00  1.4965507890e+00  5.1064384360e-01  5.4951400002e-01 -4.1872706986e-01  5.1592487665e-02  1.0381253243e+00  1.8089792049e-01 -1.2516654143e+00  1.1808096424e+00 -1.7689352568e+00  3.2675544202e-01  1.5170305637e-01  1.1525262767e+00  3.4137011997e+00 -1.5899716989e+00  1.3787406480e+00  3.1863176942e+00 -1.0024038609e+00  1.3474663667e-01  4.2925587659e+00 -3.8211782687e-02 -1.1600690464e+00  2.5027868534e+00 -2.8897271217e+00 -4.9985595213e-01  1.6097656624e+00 -2.0369376618e+00 -2.0315818922e+00  1.4508181369e+00 -2.5091947881e+00 -1.4497671953e+00  3.0603104034e+00 -5.3812829817e-01  2.3452044202e+00  1.0159389925e+00 -2.0639202833e+00  1.4947100633e+00  8.3120024147e-01 -1.0128394655e+00  1.7011074331e+00 -5.6066059645e-01  2.1251386577e+00  5.6375829164e-02 -1.3350212400e+00  5.9978035733e-01 -3.3965539189e-01 -2.1143506930e+00  8.2438652303e-01  1.2453467544e+00 -1.3545994957e+00  1.1715168338e+00 -2.3751898880e+00 -5.8786263179e-01  2.2352878967e+00 -1.6596714231e+00  6.1485939790e-01  6.7778929803e-01 -2.3462107096e+00  1.1031104722e+00
ENERGY -3.145423992032e+02

JOB 17
COORDS -8.3494711241e-01  6.0970163238e-01  3.5235850797e+00 -8.1693751859e-01 -3.9985708056e-01  2.3595108822e+00 -2.1771776582e+00 -1.1219388031e+00  2.2198258478e+00 -3.8290255722e-01  2.2698651714e-01  1.0388233523e+00 -1.0553814930e+00  1.5488942085e+00  7.1893369086e-01  5.1333996988e-01 -3.5371735655e-01  2.1271265812e-01  1.0002257468e+00  2.7675804680e-01 -1.0765055231e+00  1.1471240475e+00 -1.7087238691e+00  4.5583387149e-01  1.2525344305e-01  1.1300463980e+00  3.6106634909e+00 -1.6179735307e+00  1.3663205570e+00  3.4055561494e+00 -1.0233664091e+00  8.7384730081e-02  4.4677529362e+00 -7.8019492733e-02 -1.1524687398e+00  2.6438613133e+00 -2.8530559949e+00 -5.8288530133e-01  1.5474761506e+00 -2.0364417988e+00 -2.1136604435e+00  1.7756902525e+00 -2.6729768251e+00 -1.2513653853e+00  3.1879774120e+00 -5.7585791778e-01  2.3848328040e+00  1.2439411495e+00 -2.1015313091e+00  1.5379154829e+00  1.0437403704e+00 -1.0553968679e+00  1.7802978921e+00 -3.4693163765e-01  2.0884763641e+00  1.6313065122e-01 -1.1596190618e+00  5.6845289908e-01 -2.2983346675e-01 -1.9507126672e+00  7.7763536249e-01  1.3411958527e+00 -1.1582194691e+00  1.1264798935e+00 -2.2985421766e+00 -4.6934336929e-01  2.2050509995e+00 -1.6047358711e+00  7.3291052854e-01  6.5325956625e-01 -2.2995834138e+00  1.2278218658e+00
ENERGY -3.145409943156e+02

JOB 18
COORDS -7.8890911053e-01  5.2370307595e-01  3.4506311831e+00 -8.2584726403e-01 -4.9107279444e-01  2.2909288314e+00 -2.2139245130e+00 -1.1784066948e+00  2.1827011500e+00 -4.0026178318e-01  1.2592002309e-01  9.6402582214e-01 -1.0945978398e+00  1.4340986683e+00  6.3198242093e-01  5.0891922097e-01 -4.4380538856e-01  1.4451462930e-01  9.8414458758e-01  1.8925451081e-01 -1.1479064169e+00  1.1704497134e+00 -1.7837853586e+00  3.9613466938e-01  1.9085172117e-01  1.0092900124e+00  3.5192130383e+00 -1.5461839930e+00  1.3071131625e+00  3.3397927128e+00 -9.8132240607e-01  1.3244015447e-02  4.4005591990e+00 -9.9635200750e-02 -1.2598275170e+00  2.5611939287e+00 -2.7942060924e+00 -7.9086605903e-01  1.3394511309e+00 -2.0961153345e+00 -2.2515798258e+00  1.9973451509e+00 -2.8059012730e+00 -1.0612334972e+00  3.0964980275e+00 -6.0929036724e-01  2.2864232733e+00  1.1243586482e+00 -2.1313940422e+00  1.4201978878e+00  9.8529949576e-01 -1.1251391053e+00  1.6408539763e+00 -4.3871966258e-01  2.0748245137e+00  9.9645225400e-02 -1.2285513437e+00  5.6546564393e-01 -3.3236286913e-01 -2.0196709179e+00  7.3768162028e-01  1.2478921226e+00 -1.2363809515e+00  1.1620742454e+00 -2.3796888410e+00 -5.2535817544e-01  2.2259545072e+00 -1.6564382909e+00  6.7263474089e-01  6.8862479310e-01 -2.3798437881e+00  1.1717773763e+00
ENERGY -3.145391961966e+02

JOB 19
COORDS -7.7240927192e-01  5.4424711922e-01  3.1935707874e+00 -8.7853693711e-01 -5.0315494011e-01  2.0670441825e+00 -2.3196016719e+00 -1.0850862568e+00  1.9700608365e+00 -4.0450220794e-01  6.1873856708e-02  7.3434445045e-01 -1.1005075753e+00  1.3472253931e+00  3.1925941978e-01  5.5406297404e-01 -5.1523118027e-01 -2.1090113239e-02  1.0690387421e+00  8.9013821244e-02 -1.3122528522e+00  1.2401431281e+00 -1.8262418820e+00  3.0473073386e-01  2.4649775530e-01  9.3974388021e-01  3.2688538784e+00 -1.4515689446e+00  1.3880444391e+00  3.0328192211e+00 -1.0332623090e+00  9.1506537038e-02  4.1567652892e+00 -2.1032535228e-01 -1.3154728723e+00  2.3552365311e+00 -2.7685053541e+00 -8.9932524605e-01  9.8985709543e-01 -2.3140761694e+00 -2.1703248514e+00  2.1137010385e+00 -2.9858636654e+00 -6.5782615695e-01  2.7272247334e+00 -5.9469220856e-01  2.2320400370e+00  7.2644837475e-01 -2.1270246376e+00  1.3713961707e+00  6.9940733135e-01 -1.1584249964e+00  1.4672448792e+00 -7.6404146759e-01  2.1643893741e+00  3.0346116908e-02 -1.3421446893e+00  7.0509394622e-01 -4.7331512390e-01 -2.1833479788e+00  7.9545586994e-01  1.1361014024e+00 -1.4470418627e+00  1.2882964458e+00 -2.4531288646e+00 -5.9478677883e-01  2.2787273673e+00 -1.6587227084e+00  6.2096922239e-01  7.4288890287e-01 -2.4094317299e+00  1.0804097325e+00
ENERGY -3.145381465463e+02

JOB 20
COORDS -5.1375649004e-01  3.5778474176e-01  2.9227446528e+00 -7.3859597529e-01 -6.4874799963e-01  1.7765079511e+00 -2.2287757666e+00 -1.0902172158e+00  1.7058824593e+00 -2.5492453099e-01 -7.0289336990e-02  4.5356230735e-01 -9.5190927060e-01  1.2177640787e+00  4.1222763100e-02  7.2158170218e-01 -6.2340549525e-01 -2.9663252502e-01  1.2348935737e+00  9.6593955472e-03 -1.5745492162e+00  1.4336015025e+00 -1.9223216176e+00  1.9524307991e-02  5.4347108089e-01  6.3289576375e-01  3.0028107583e+00 -1.0920432823e+00  1.2752556383e+00  2.7719897866e+00 -8.2686388510e-01 -7.4693626038e-02  3.8801867967e+00 -1.3957750430e-01 -1.5284756104e+00  2.0134237322e+00 -2.6052217682e+00 -1.0866731151e+00  6.7869022348e-01 -2.3646573813e+00 -2.0971016334e+00  2.1125172640e+00 -2.8746021272e+00 -4.1798431572e-01  2.2822037854e+00 -3.9393258925e-01  2.1045926850e+00  3.6782453779e-01 -1.9454219465e+00  1.2862812938e+00  4.9426495252e-01 -1.0885019059e+00  1.2938382453e+00 -1.0397547020e+00  2.3317921303e+00 -1.6452340508e-02 -1.5926790243e+00  8.9721985917e-01 -5.5313024305e-01 -2.4559171847e+00  9.3104240075e-01  1.0494639020e+00 -1.7011202087e+00  1.4930304764e+00 -2.5436275200e+00 -8.8329614817e-01  2.4691106287e+00 -1.7344261310e+00  3.3431265969e-01  9.5213314840e-01 -2.5194429169e+00  7.9448387461e-01
ENERGY -3.145386712081e+02

JOB 21
COORDS -3.2371348141e-01  5.9908383229e-01  2.6236978988e+00 -6.1538938649e-01 -4.2513296917e-01  1.5090975944e+00 -2.0954163261e+00 -8.8395856166e-01  1.5592874566e+00 -2.4286599730e-01  1.4721394487e-01  1.4772209905e-01 -1.0075988886e+00  1.4044479525e+00 -2.4004827484e-01  7.0161168367e-01 -3.8442023607e-01 -6.5721483332e-01  1.1053588578e+00  2.4494890297e-01 -1.9757890549e+00  1.4806899949e+00 -1.6513498993e+00 -3.7099360976e-01  7.3494323100e-01  8.7963647819e-01  2.6331268576e+00 -9.1471710624e-01  1.5115705358e+00  2.4934141150e+00 -5.7474351559e-01  1.8229975297e-01  3.6062766774e+00  9.2987600268e-03 -1.2972496702e+00  1.7060176660e+00 -2.4677457905e+00 -1.1516213252e+00  5.6552832013e-01 -2.2208245263e+00 -1.7434508046e+00  2.2255617461e+00 -2.7468004582e+00 -8.6406969534e-02  1.9351938658e+00 -4.5285846296e-01  2.3150427454e+00  2.0056445161e-02 -1.9657871943e+00  1.4581644448e+00  2.8434912487e-01 -1.2272990806e+00  1.4470970614e+00 -1.3091638099e+00  2.1984302372e+00  2.4808660183e-01 -2.0719183240e+00  7.2148176014e-01 -3.3824007215e-01 -2.8244028952e+00  7.6436677309e-01  1.2744010024e+00 -2.0922195208e+00  1.5008226443e+00 -2.2863532755e+00 -1.2660109133e+00  2.5277541850e+00 -1.4206042212e+00 -1.3207655296e-01  1.0768383181e+00 -2.2513905539e+00  4.4489450278e-01
ENERGY -3.145402160112e+02

JOB 22
COORDS -3.6722787632e-01  7.0555362973e-01  2.6155491461e+00 -5.7806944815e-01 -3.4534724370e-01  1.5083096530e+00 -2.0117997674e+00 -9.1754562843e-01  1.5654745097e+00 -2.5016628402e-01  2.3050368215e-01  1.3558151609e-01 -1.0115837290e+00  1.4967710962e+00 -2.2241148269e-01  6.5176360963e-01 -3.1986786260e-01 -7.0503423942e-01  1.0266765946e+00  3.0048187811e-01 -2.0365720837e+00  1.4039639911e+00 -1.6098482188e+00 -4.4845210657e-01  6.6016527992e-01  1.0851677174e+00  2.6077132480e+00 -1.0435263895e+00  1.5583767767e+00  2.4980368534e+00 -5.5997034601e-01  2.6769015667e-01  3.6018831774e+00  1.1088842815e-01 -1.1656733245e+00  1.7166523445e+00 -2.2606920827e+00 -1.4553184170e+00  6.4498611678e-01 -2.1291383084e+00 -1.5971277632e+00  2.4165593905e+00 -2.7547656205e+00 -1.2005757935e-01  1.6820952095e+00 -4.7643385428e-01  2.3991273706e+00  1.0047975661e-01 -1.9883349259e+00  1.5180830660e+00  2.6981103448e-01 -1.1947975610e+00  1.5869434025e+00 -1.2947693357e+00  2.1131630914e+00  2.4970443069e-01 -2.1806932613e+00  5.7706257708e-01 -2.5471705641e-01 -2.8715863386e+00  7.3421223173e-01  1.3470627759e+00 -2.1304752335e+00  1.3936344207e+00 -2.2309668068e+00 -1.3531908173e+00  2.4603388265e+00 -1.4103791416e+00 -2.2247063831e-01  9.9538998179e-01 -2.2124712964e+00  3.6321643284e-01
ENERGY -3.145417850733e+02

JOB 23
COORDS -4.3808414472e-01  6.6823525459e-01  2.8341500858e+00 -5.4746378433e-01 -3.1925770040e-01  1.6568934771e+00 -1.9269064766e+00 -1.0070581461e+00  1.6457521281e+00 -2.4488091767e-01  3.4945839044e-01  3.1892127175e-01 -9.6886843146e-01  1.6630977659e+00  8.5479290805e-02  5.9387725054e-01 -1.8572991066e-01 -5.9381447126e-01  9.5841493500e-01  4.9521602473e-01 -1.8979727291e+00  1.2777253568e+00 -1.5303076601e+00 -4.4501006055e-01  5.4177627292e-01  1.1577375698e+00  2.8494300842e+00 -1.2042094434e+00  1.4488627636e+00  2.7876870358e+00 -5.6657058672e-01  1.3959959663e-01  3.7854044869e+00  2.0144226603e-01 -1.0937998616e+00  1.8361222961e+00 -2.0067794656e+00 -1.7094511028e+00  8.0966890256e-01 -2.0973000442e+00 -1.5563547662e+00  2.5789744154e+00 -2.7371676641e+00 -2.7642340736e-01  1.5415888419e+00 -4.5015803950e-01  2.5042263502e+00  5.6307437910e-01 -1.9752829838e+00  1.6327850141e+00  5.1573622516e-01 -1.0836539969e+00  1.9007210357e+00 -9.7295279368e-01  2.0357498023e+00  3.9700164419e-01 -2.0814472149e+00  4.5439737961e-01  1.5649736385e-02 -2.7485239865e+00  7.2085910961e-01  1.5594291445e+00 -1.9202611566e+00  1.2216972181e+00 -2.0806314836e+00 -1.3926675895e+00  2.3462478422e+00 -1.4071066799e+00 -2.2140156005e-01  8.4397194132e-01 -2.1681773932e+00  3.2576509038e-01
ENERGY -3.145426860967e+02

