JOB 0
COORDS  1.2598894459e-02 -8.1045487494e-01 -1.0501188263e+00  5.1299435848e+00 -9.3717608437e-01  3.1704033309e-01  3.4402817928e+00 -1.5708388858e+00  1.9863107522e+00  1.2436033610e+00 -3.1212851022e-01 -2.9697174775e-01  3.7046895520e+00 -9.2518722011e-01  6.9108421214e-01  2.1835173659e+00 -2.8080235071e+00 -2.9226097518e-01  3.2849336468e+00 -1.1012638937e+00 -1.8300267721e+00  2.6479533329e+00 -1.4355455241e+00 -5.5021859859e-01 -2.8443768808e-01 -1.8008623714e+00 -6.9876477485e-01  2.0250899060e-01 -8.6559462701e-01 -2.1253870006e+00 -8.1648678075e-01 -1.1552856107e-01 -8.8544385252e-01  5.2572197000e+00 -4.6491521102e-01 -6.5600576393e-01  5.5475922058e+00 -1.9528431935e+00  2.8254545621e-01  5.6701198128e+00 -3.5606297719e-01  1.0697123957e+00  2.3822621497e+00 -1.4933064391e+00  2.2448888888e+00  4.0158429526e+00 -1.0369681376e+00  2.7474852426e+00  3.7205404680e+00 -2.6315084526e+00  1.9913534512e+00  1.0664395140e+00 -2.6729451608e-01  7.8021921314e-01  1.5907394150e+00  6.6455691840e-01 -6.3956513817e-01
ENERGY -7.624281034506e+02

JOB 1
COORDS  3.0198873401e-03 -8.7623528004e-01 -9.0440596007e-01  5.1610026357e+00 -9.5700622246e-01  3.7726597030e-01  3.3642738581e+00 -1.5874019420e+00  1.9305059831e+00  1.2937552475e+00 -2.4621767352e-01 -3.8913508705e-01  3.7189370504e+00 -9.0677933044e-01  6.7585098886e-01  2.2577857841e+00 -2.7421121254e+00 -4.7002406244e-01  3.4163390535e+00 -9.5614090659e-01 -1.8674876925e+00  2.7208062602e+00 -1.3547412382e+00 -6.3766983178e-01 -2.0657262178e-01 -1.8138515658e+00 -3.8607235752e-01  5.9099802106e-02 -1.0831585981e+00 -1.9764979122e+00 -8.2680183104e-01 -1.8315724987e-01 -7.3386664974e-01  5.3552785232e+00 -4.5702384528e-01 -5.7063802842e-01  5.5459580060e+00 -1.9850499451e+00  3.2965772229e-01  5.6791928630e+00 -4.1994108546e-01  1.1766504156e+00  2.2961422100e+00 -1.4842549052e+00  2.1345709611e+00  3.9127557817e+00 -1.0992750023e+00  2.7407926167e+00  3.6103162205e+00 -2.6563774055e+00  1.9121578481e+00  1.2398563683e+00 -4.2620938003e-02  6.8244288587e-01  1.5623174023e+00  6.7694384564e-01 -9.0596877383e-01
ENERGY -7.624268435837e+02

JOB 2
COORDS  3.9627244935e-02 -9.4048402403e-01 -7.5492278559e-01  5.1920192255e+00 -9.9586140842e-01  4.3712784580e-01  3.2815216233e+00 -1.6030521728e+00  1.8562035759e+00  1.3447860073e+00 -1.9944411790e-01 -4.8429018791e-01  3.7383320937e+00 -8.8805786094e-01  6.5473954341e-01  2.3760729407e+00 -2.6749770478e+00 -6.8479475049e-01  3.5618524358e+00 -7.7593017363e-01 -1.8944545209e+00  2.8113454912e+00 -1.2692306672e+00 -7.3330007028e-01 -7.5156922556e-02 -1.7945576271e+00 -8.4485909318e-02 -5.1868997694e-03 -1.3113509030e+00 -1.7818225171e+00 -7.9893797854e-01 -2.5386298774e-01 -5.9994578327e-01  5.4645800074e+00 -4.5936553911e-01 -4.7081299158e-01  5.5315310001e+00 -2.0380718824e+00  3.5948566364e-01  5.6853333613e+00 -5.2420262762e-01  1.2915314067e+00  2.2074069494e+00 -1.4619039257e+00  2.0000935378e+00  3.7970462738e+00 -1.1708222484e+00  2.7181993640e+00  3.4854474700e+00 -2.6800430623e+00  1.8080256422e+00  1.4015450469e+00  1.6978184078e-01  5.4124535120e-01  1.5074937119e+00  6.4159076503e-01 -1.1610098370e+00
ENERGY -7.624255485825e+02

JOB 3
COORDS  7.4195275269e-02 -1.0010047040e+00 -5.7092678454e-01  5.1789429285e+00 -1.0340455024e+00  4.9345200760e-01  3.1745604095e+00 -1.6129498610e+00  1.7875490612e+00  1.3537482107e+00 -1.7170186503e-01 -5.5727167354e-01  3.7212245353e+00 -8.7087860434e-01  6.4107846328e-01  2.4725997059e+00 -2.6029757413e+00 -8.8227406515e-01  3.6499023536e+00 -5.8847027382e-01 -1.8943305770e+00  2.8631506701e+00 -1.1852148472e+00 -8.0813040583e-01  6.1896942883e-02 -1.7353781838e+00  2.3762181945e-01 -3.7301230629e-02 -1.5424684255e+00 -1.5126937246e+00 -7.8489861609e-01 -3.3312805586e-01 -4.4916411375e-01  5.5188946981e+00 -4.7767732490e-01 -3.7927302833e-01  5.4787994647e+00 -2.0866983203e+00  3.9565567214e-01  5.6459961531e+00 -6.1284103284e-01  1.3879661745e+00  2.1026952415e+00 -1.4236998711e+00  1.8873901956e+00  3.6660777664e+00 -1.2419797977e+00  2.6910197852e+00  3.3314726393e+00 -2.6958187610e+00  1.7029737791e+00  1.5005484462e+00  3.6987229043e-01  3.7868915007e-01  1.3908536352e+00  5.4905160937e-01 -1.3769671626e+00
ENERGY -7.624251115015e+02

JOB 4
COORDS  1.4505698282e-01 -2.3854164057e-01 -5.4847488030e-01  4.6191571923e+00 -3.6589455530e-01  6.3863710951e-01  3.6983855697e+00 -2.4360608926e+00  1.5863543775e+00  1.6184376403e+00  3.5282890537e-03 -8.5874873023e-01  3.4327356941e+00 -1.2208341621e+00  7.9671979467e-01  1.7336482506e+00 -2.6646520490e+00 -4.5064697942e-01  3.5843725457e+00 -1.5439530903e+00 -1.7946570753e+00  2.6214617322e+00 -1.5190044910e+00 -6.8151485192e-01  5.6167715849e-03 -5.5957521369e-01  4.8661436068e-01 -2.7297383112e-01 -1.0076505982e+00 -1.2005276111e+00 -4.0996173462e-01  6.9269754116e-01 -7.0167685821e-01  4.3672363907e+00  5.4126037454e-01  8.4568958389e-02  5.4366773397e+00 -8.7522137121e-01  1.1330755669e-01  4.9532790377e+00 -7.1384841561e-02  1.6373132062e+00  2.7913607592e+00 -3.0355953306e+00  1.6498647287e+00  3.9856846777e+00 -2.1158071521e+00  2.5918050961e+00  4.5070977847e+00 -3.0470614630e+00  1.1617756570e+00  2.0641739293e+00  7.4760808542e-01 -1.9654871421e-01  1.7768539082e+00  3.1045084912e-01 -1.8947889715e+00
ENERGY -7.624254802506e+02

JOB 5
COORDS  2.2196980533e-01 -2.4238827734e-01 -4.0249149339e-01  4.5734027526e+00 -3.5777391294e-01  6.8432063417e-01  3.6031139758e+00 -2.4414120649e+00  1.5512665152e+00  1.6224210853e+00 -3.4252714802e-02 -9.6725789319e-01  3.3869132128e+00 -1.2245829223e+00  7.4920682503e-01  1.8197664970e+00 -2.6968059041e+00 -6.3884680657e-01  3.6980421178e+00 -1.4566683204e+00 -1.8340950600e+00  2.6735746118e+00 -1.5114043420e+00 -7.7928463327e-01  2.5445885715e-01 -4.3175188688e-01  6.7387087124e-01 -2.6976529210e-01 -1.0889163902e+00 -8.8482654085e-01 -3.7492509669e-01  6.5880657190e-01 -5.7561055321e-01  4.3549670096e+00  5.5188801510e-01  1.2096142770e-01  5.4312823886e+00 -8.5590742432e-01  2.1583045537e-01  4.8314145479e+00 -6.9879808656e-02  1.7072006403e+00  2.7006109211e+00 -3.0509233718e+00  1.5417322130e+00  3.8094555006e+00 -2.1247572162e+00  2.5775395315e+00  4.4479499121e+00 -3.0418487870e+00  1.1863422328e+00  2.1547142345e+00  7.9085372241e-01 -4.9020815658e-01  1.6093506198e+00  1.4059885533e-01 -2.0462032988e+00
ENERGY -7.624272216279e+02

JOB 6
COORDS  3.3793715485e-01 -2.2367916943e-01 -2.8232941433e-01  4.5074108460e+00 -3.3796407939e-01  7.3118824574e-01  3.5342118643e+00 -2.4580929424e+00  1.5062357571e+00  1.6311962193e+00 -8.3389787518e-02 -1.0759820185e+00  3.3433821852e+00 -1.2367082137e+00  7.0494626848e-01  1.9139237231e+00 -2.7303571257e+00 -8.0119134740e-01  3.8058979956e+00 -1.3920196613e+00 -1.8632615087e+00  2.7307492460e+00 -1.5127075309e+00 -8.6679655780e-01  5.4073475340e-01 -2.7184077804e-01  7.9097341701e-01 -1.9982168055e-01 -1.1273780270e+00 -5.7577301061e-01 -3.0240964156e-01  6.4329899140e-01 -4.7332411737e-01  4.2996230745e+00  5.7616374977e-01  1.7143835595e-01  5.4069451953e+00 -8.0434687873e-01  3.1052778620e-01  4.6918814290e+00 -6.2923811261e-02  1.7733299055e+00  2.6487162318e+00 -3.0874955815e+00  1.4306047341e+00  3.6656428092e+00 -2.1497157959e+00  2.5472925771e+00  4.4146346083e+00 -3.0349498614e+00  1.1910080306e+00  2.2106851864e+00  7.9990292789e-01 -7.9834797241e-01  1.4554332155e+00 -4.8936556888e-02 -2.1550333336e+00
ENERGY -7.624288158171e+02

JOB 7
COORDS  4.7795823862e-01 -1.2031644006e-01 -1.9487925536e-01  4.4032507471e+00 -2.9151741769e-01  7.8857520705e-01  3.5213334796e+00 -2.4916901231e+00  1.4455425071e+00  1.6442738921e+00 -1.1415643102e-01 -1.1756710938e+00  3.2973227860e+00 -1.2547995813e+00  6.7736654710e-01  1.9884834533e+00 -2.7466468989e+00 -9.2562891374e-01  3.8961265096e+00 -1.3431864263e+00 -1.8703487156e+00  2.7781298049e+00 -1.5087632768e+00 -9.2951737668e-01  8.3171519911e-01 -4.6563678648e-03  8.3218015008e-01 -8.4147812706e-02 -1.0544063735e+00 -2.6777075440e-01 -1.9797967289e-01  7.0869996586e-01 -4.2732464746e-01  4.1586697287e+00  6.3410202377e-01  2.6331755354e-01  5.3445479630e+00 -6.8349278404e-01  3.8341805755e-01  4.5329487688e+00 -5.4010524949e-02  1.8480232265e+00  2.6781739555e+00 -3.1664111704e+00  1.3051269747e+00  3.5851409798e+00 -2.2140612364e+00  2.5014663704e+00  4.4480262142e+00 -3.0054103216e+00  1.1546531011e+00  2.2476715777e+00  7.9474610126e-01 -1.1137589212e+00  1.3217508439e+00 -2.3410599252e-01 -2.2140564421e+00
ENERGY -7.624291708098e+02

JOB 8
COORDS  6.0349937758e-01  3.0732532743e-02 -1.4201062075e-01  4.2219371876e+00 -2.8021307591e-01  8.2950445547e-01  3.5277475520e+00 -2.5820554875e+00  1.3485138649e+00  1.6163778339e+00 -1.5999118394e-01 -1.2649258000e+00  3.2057709692e+00 -1.3274831614e+00  6.4590234749e-01  1.9845467082e+00 -2.7921598433e+00 -1.0361588775e+00  3.9129864077e+00 -1.3579506345e+00 -1.8827068238e+00  2.7609232640e+00 -1.5463160042e+00 -9.8791629415e-01  1.0934875023e+00  3.2229092992e-01  7.8857499009e-01  4.3119359434e-02 -8.9043188750e-01  3.7948372024e-02 -1.0705637572e-01  8.1369426499e-01 -4.2633870036e-01  3.9011001721e+00  6.4909408513e-01  3.5274345383e-01  5.1994193772e+00 -5.6414146797e-01  4.1948419386e-01  4.3172942649e+00 -9.1426835746e-02  1.9023110773e+00  2.7472830176e+00 -3.3167581949e+00  1.1557224254e+00  3.5521664661e+00 -2.3594279520e+00  2.4189486616e+00  4.4999752288e+00 -2.9958297482e+00  1.0470735490e+00  2.2344376494e+00  7.2568242145e-01 -1.4301741214e+00  1.1443887195e+00 -4.2533058602e-01 -2.2150939628e+00
ENERGY -7.624281071298e+02

JOB 9
COORDS  6.8800278149e-01  1.3131239854e-01 -1.0799802011e-01  4.1190892313e+00 -2.6970168500e-01  8.2883838541e-01  3.5108213796e+00 -2.6160532818e+00  1.2517303905e+00  1.5288546326e+00 -2.0785362751e-01 -1.3340393918e+00  3.1563879296e+00 -1.3533979695e+00  5.8102236916e-01  2.0755961347e+00 -2.8180336349e+00 -1.1888842784e+00  3.9250176697e+00 -1.2266902541e+00 -1.9255183926e+00  2.7659209141e+00 -1.5266310564e+00 -1.0709918245e+00  1.2902489193e+00  5.7443204381e-01  6.8634345639e-01  1.9787469471e-01 -7.5953486661e-01  2.9278586605e-01 -8.8053569156e-02  8.4774027259e-01 -3.9776248008e-01  3.7836822843e+00  6.5387693693e-01  3.5068037710e-01  5.1244188107e+00 -5.0632487826e-01  4.5798800087e-01  4.1589197649e+00 -9.6250439484e-02  1.9078505203e+00  2.7659512148e+00 -3.3746944898e+00  1.0158676038e+00  3.4993957557e+00 -2.4267054100e+00  2.3288801709e+00  4.5060796425e+00 -2.9816556360e+00  9.6354113767e-01  2.0849713346e+00  6.5487817725e-01 -1.7075130136e+00  9.2483493096e-01 -6.0888995765e-01 -2.1520528277e+00
ENERGY -7.624260875426e+02

JOB 10
COORDS  7.7767906727e-01  1.9158600036e-01 -7.6497095593e-02  4.1150548689e+00 -2.9048385523e-01  9.2411840914e-01  3.4733520294e+00 -2.6413449203e+00  1.2713821747e+00  1.4806395612e+00 -2.9903847052e-01 -1.3381401395e+00  3.1716916816e+00 -1.3691072036e+00  5.9566282401e-01  2.2899285318e+00 -2.8462795481e+00 -1.2733265306e+00  3.9960353311e+00 -1.0429740926e+00 -1.8625783727e+00  2.8438043323e+00 -1.5002718347e+00 -1.0711840957e+00  1.4429493801e+00  7.7558561577e-01  5.6136501802e-01  3.8663259214e-01 -6.4117246632e-01  5.1234147498e-01 -6.2439698781e-02  8.3014605109e-01 -3.7046062436e-01  3.8344177210e+00  6.3252907097e-01  4.1265815709e-01  5.1472085628e+00 -5.3641010027e-01  6.4392091221e-01  4.0617517427e+00 -1.1306045210e-01  2.0021654782e+00  2.7369533196e+00 -3.3914021225e+00  9.8750982785e-01  3.4052409480e+00 -2.4619324564e+00  2.3483346725e+00  4.4788511254e+00 -3.0156014704e+00  1.0345534702e+00  1.9316463335e+00  5.2193993995e-01 -1.8992950583e+00  8.0282715058e-01 -8.4479176596e-01 -1.9982285321e+00
ENERGY -7.624238239434e+02

JOB 11
COORDS  7.3663456406e-01  4.5734791340e-02 -3.6199789011e-01  4.6141259712e+00 -1.2889564833e+00 -3.2833743574e-01  3.4578630812e+00 -6.7314209897e-01  1.7598916619e+00  6.3979938376e-01 -1.4758359816e+00 -3.1920192145e-01  3.3289805004e+00 -1.1253888975e+00  3.6766731483e-01  1.9410263065e+00 -3.0568441716e+00  1.3986637617e+00  2.6206379091e+00 -3.1101536902e+00 -1.0644125960e+00  2.1894344562e+00 -2.3641045767e+00  1.2539496963e-01  1.5046246506e+00  3.7770658441e-01 -1.0631799782e+00  9.6456862518e-01  4.6879289991e-01  6.1883820876e-01 -2.2914818944e-01  4.4828720361e-01 -6.8624396578e-01  4.4426295962e+00 -1.6097134608e+00 -1.3545448235e+00  5.2691442375e+00 -2.0181495087e+00  1.6755637014e-01  5.1093043347e+00 -3.1330527333e-01 -3.3666699725e-01  2.4749402197e+00 -5.5426812190e-01  2.2173051192e+00  3.9557248125e+00  3.0101316936e-01  1.7521599754e+00  4.0374514119e+00 -1.3743906464e+00  2.3737132760e+00  3.8090675184e-01 -1.8891190864e+00 -1.2960989945e+00 -8.9046808322e-02 -1.8204583009e+00  4.1677293325e-01
ENERGY -7.624226338797e+02

JOB 12
COORDS  7.6656857368e-01  3.2467815945e-02 -4.4400664153e-01  4.6966535067e+00 -1.2479028465e+00 -2.8909465921e-01  3.4285165060e+00 -6.7863522300e-01  1.7423299478e+00  6.7039420871e-01 -1.4721069756e+00 -2.1245899857e-01  3.3716213302e+00 -1.0789141841e+00  3.2889966535e-01  2.1317348146e+00 -3.2044094438e+00  1.2085624103e+00  2.6550780267e+00 -2.9164152139e+00 -1.2719820024e+00  2.2699000263e+00 -2.3425777907e+00  2.4831439534e-02  1.4099654787e+00  2.6521652713e-01 -1.2954778569e+00  1.1569521697e+00  5.5647088554e-01  4.2979511656e-01 -2.3674419492e-01  4.1842733701e-01 -6.5465255197e-01  4.5809486238e+00 -1.5395246920e+00 -1.3316978091e+00  5.3101565826e+00 -1.9977952259e+00  2.2903621554e-01  5.2035488592e+00 -2.7966105941e-01 -2.4198278472e-01  2.4216050677e+00 -5.4917193898e-01  2.1444122919e+00  3.9451150476e+00  2.8385428608e-01  1.7992999386e+00  3.9536187190e+00 -1.4136905053e+00  2.3654614982e+00  2.3718036924e-01 -1.9912179183e+00 -1.0702716884e+00  8.2535351535e-02 -1.7113438439e+00  6.7607645539e-01
ENERGY -7.624238239415e+02

JOB 13
COORDS  7.3583770785e-01  1.3845625384e-02 -5.5066270527e-01  4.6896269065e+00 -1.2662346616e+00 -2.4387475730e-01  3.3607923642e+00 -7.4648454695e-01  1.7606830623e+00  6.4418422021e-01 -1.4449977668e+00 -1.1636026360e-01  3.3453124861e+00 -1.0773898363e+00  3.2790048353e-01  2.1654080222e+00 -3.3126796886e+00  1.0356462635e+00  2.5754632360e+00 -2.7534546473e+00 -1.4167988340e+00  2.2443666650e+00 -2.3247019517e+00 -5.1253612223e-02  1.2477513801e+00  1.0779660997e-01 -1.5116933257e+00  1.2710385588e+00  6.2135370555e-01  1.8045149271e-01 -2.7728603800e-01  4.1470103513e-01 -6.6197801560e-01  4.6035047442e+00 -1.5203109025e+00 -1.2993498465e+00  5.2615509943e+00 -2.0491092066e+00  2.7310440559e-01  5.2208147633e+00 -3.1503704280e-01 -1.4745158908e-01  2.3445697619e+00 -5.6912313694e-01  2.1211898051e+00  3.9297680035e+00  1.7907614526e-01  1.8853557368e+00  3.8114195206e+00 -1.5391613219e+00  2.3712621483e+00  6.8711824591e-02 -2.0511265942e+00 -8.2081424382e-01  2.0050680628e-01 -1.5556522883e+00  8.7558750363e-01
ENERGY -7.624260875427e+02

JOB 14
COORDS  7.3033078816e-01 -2.7511404601e-02 -6.7978990885e-01  4.7367775432e+00 -1.1797782022e+00 -2.1052605709e-01  3.4220420757e+00 -7.9042858144e-01  1.8314403314e+00  7.0385580358e-01 -1.4013310582e+00 -2.0126694289e-02  3.3952505691e+00 -1.0326231746e+00  3.8102607072e-01  2.2629809867e+00 -3.3349484605e+00  9.3978187466e-01  2.6038976209e+00 -2.5846177212e+00 -1.4712880791e+00  2.3035613962e+00 -2.2656984916e+00 -6.9395336335e-02  1.0897588032e+00 -9.6667552837e-02 -1.7098305770e+00  1.3783658468e+00  6.6135511581e-01 -1.3518217623e-01 -2.8434900857e-01  3.8340128792e-01 -6.9813780040e-01  4.6435038737e+00 -1.3746855463e+00 -1.2779493592e+00  5.3171569939e+00 -1.9867488897e+00  2.5772600783e-01  5.2631281752e+00 -2.3225556565e-01 -6.5110577875e-02  2.4109861798e+00 -6.1490134727e-01  2.2066803679e+00  4.0076134585e+00  1.1594327196e-01  2.0081980614e+00  3.8624135873e+00 -1.6256082191e+00  2.3906818936e+00  3.7952287935e-02 -2.1005463640e+00 -5.3361339871e-01  4.0504082048e-01 -1.3591529093e+00  1.0299462418e+00
ENERGY -7.624281071348e+02

JOB 15
COORDS  7.2175096816e-01 -9.1586319173e-02 -8.7267103868e-01  4.7381147264e+00 -1.0578720186e+00 -1.5791727495e-01  3.5003273352e+00 -8.9815627666e-01  1.9616712664e+00  7.4526678319e-01 -1.3196123806e+00  2.9369610377e-02  3.4195796924e+00 -1.0090811442e+00  4.9725442103e-01  2.2526234276e+00 -3.3117550519e+00  9.3653195928e-01  2.6456040507e+00 -2.4769041868e+00 -1.4404262472e+00  2.3255836667e+00 -2.2083309563e+00 -3.2811013825e-02  9.3560158108e-01 -3.6762145633e-01 -1.9079813699e+00  1.4602442037e+00  6.4491824192e-01 -5.4775853840e-01 -2.7070681478e-01  3.6869115631e-01 -8.3575388487e-01  4.6074132312e+00 -1.1590179558e+00 -1.2342853335e+00  5.3602909586e+00 -1.8853096190e+00  2.1022253692e-01  5.2437816205e+00 -1.1144717071e-01  5.3515336790e-02  2.5026910082e+00 -7.9216105471e-01  2.3929193236e+00  4.0672299863e+00  6.9069426675e-03  2.1964899124e+00  3.9885775890e+00 -1.7658364810e+00  2.4227359194e+00  1.8918640926e-02 -2.0790889742e+00 -2.7438591934e-01  5.6189740734e-01 -1.0798615701e+00  1.0795714169e+00
ENERGY -7.624291706741e+02

JOB 16
COORDS  6.5646572476e-01 -1.5585667476e-01 -1.0449072563e+00  4.7616071465e+00 -9.9904075802e-01 -1.2752514603e-01  3.5483496432e+00 -1.0053011096e+00  2.0105785016e+00  7.8025116486e-01 -1.2210919667e+00  3.7683005528e-02  3.4499720648e+00 -9.9663404419e-01  5.4308014089e-01  2.2388518182e+00 -3.2945108124e+00  8.3579617142e-01  2.6718774240e+00 -2.3412719718e+00 -1.4884660128e+00  2.3409261651e+00 -2.1421211028e+00 -7.2538167417e-02  7.3011175113e-01 -6.0351828508e-01 -2.0379685394e+00  1.4415460656e+00  5.9832287614e-01 -9.4365435645e-01 -3.1397502118e-01  3.4266119919e-01 -9.5603499177e-01  4.6205197760e+00 -1.0079516101e+00 -1.2073420112e+00  5.3811378313e+00 -1.8589582026e+00  1.6229937027e-01  5.2770255859e+00 -7.7633508945e-02  1.5796861043e-01  2.5561081667e+00 -9.4659182973e-01  2.4623986986e+00  4.1109671019e+00 -1.1725902876e-01  2.3115469184e+00  4.0496425912e+00 -1.9035056155e+00  2.3920993265e+00  1.5417588623e-02 -1.9976919834e+00 -5.3598428196e-02  7.2945389919e-01 -8.1217548935e-01  1.0492661842e+00
ENERGY -7.624288156045e+02

JOB 17
COORDS  5.3331091573e-01 -2.1557335991e-01 -1.1425178294e+00  4.8155006863e+00 -9.8191128112e-01 -6.5150091538e-02  3.5671642108e+00 -1.0776970871e+00  2.0483760157e+00  8.1192642151e-01 -1.1081166539e+00  6.1342936677e-02  3.4925405348e+00 -9.7227056665e-01  5.8323143001e-01  2.2371649018e+00 -3.2595651453e+00  7.1171751953e-01  2.6995651664e+00 -2.1602946093e+00 -1.5404467251e+00  2.3624303606e+00 -2.0497143102e+00 -1.1637204309e-01  4.8504619694e-01 -8.0449650359e-01 -2.0600711761e+00  1.3127666955e+00  5.4194033022e-01 -1.2612106003e+00 -4.2428504827e-01  2.9527014139e-01 -9.9950040664e-01  4.6935718750e+00 -9.2560701639e-01 -1.1459234022e+00  5.4010601415e+00 -1.8772265270e+00  1.8579242009e-01  5.3557704623e+00 -9.5868336496e-02  2.7999038226e-01  2.5698754210e+00 -1.0198964415e+00  2.4895633598e+00  4.1498326069e+00 -2.2759301700e-01  2.4138332167e+00  4.0363707738e+00 -2.0130100391e+00  2.3779372373e+00  4.9897706748e-02 -1.8819772684e+00  1.8512313263e-01  8.9116653364e-01 -5.4903700937e-01  9.9561410275e-01
ENERGY -7.624272216214e+02

JOB 18
COORDS  4.0631438598e-01 -3.2054594690e-01 -1.2039782275e+00  4.8869090921e+00 -1.0063072396e+00  2.9111202562e-03  3.5719971228e+00 -1.1532179407e+00  2.0721605734e+00  8.5611115755e-01 -1.0210624042e+00  7.3773764454e-02  3.5463510890e+00 -9.6960153438e-01  6.1304956570e-01  2.2544460568e+00 -3.2434501117e+00  5.6412643404e-01  2.7518414188e+00 -1.9837714160e+00 -1.5930888666e+00  2.4012759896e+00 -1.9748288397e+00 -1.6793540390e-01  2.4852980222e-01 -1.0381614534e+00 -2.0111840602e+00  1.1485118990e+00  4.0812899814e-01 -1.5387923743e+00 -5.3465636996e-01  2.0488801787e-01 -1.0110552345e+00  4.8001578757e+00 -8.8751674020e-01 -1.0762209367e+00  5.4251145425e+00 -1.9389753162e+00  2.2217202510e-01  5.4542806895e+00 -1.6472566365e-01  4.1019052438e-01  2.5640309021e+00 -1.0762983130e+00  2.4862536104e+00  4.1762266379e+00 -3.4790969518e-01  2.4989170539e+00  3.9925967322e+00 -2.1230219436e+00  2.3659236552e+00  1.3191012007e-01 -1.7646288510e+00  4.1337552031e-01  1.0493071955e+00 -3.1783244258e-01  8.8555436060e-01
ENERGY -7.624254799981e+02

JOB 19
COORDS  2.8124897734e-01 -4.1404797225e-01 -1.2411828621e+00  4.9680915068e+00 -1.0421632237e+00  5.0669173036e-02  3.5519931711e+00 -1.1932310511e+00  2.0482214695e+00  9.1195619701e-01 -9.2245941213e-01  5.2321523586e-02  3.6038850928e+00 -9.3773126535e-01  5.9986550709e-01  2.2998499007e+00 -3.2007666726e+00  3.2566533424e-01  2.8148640592e+00 -1.7352184040e+00 -1.6892859544e+00  2.4545555039e+00 -1.8639610016e+00 -2.7209458201e-01  2.8842168868e-02 -1.2380478682e+00 -1.9119926284e+00  9.5846219534e-01  2.5805344682e-01 -1.7720270077e+00 -6.3667633332e-01  1.3066061626e-01 -9.9758393316e-01  4.9422224037e+00 -8.6214435985e-01 -1.0232870069e+00  5.4282724975e+00 -2.0208934566e+00  2.4541944145e-01  5.5712538038e+00 -2.6482064966e-01  5.2790402112e-01  2.5322333102e+00 -1.0724338747e+00  2.4216220067e+00  4.1822617505e+00 -4.4800369692e-01  2.5412116324e+00  3.9010270345e+00 -2.1999656066e+00  2.3105360047e+00  2.6399477866e-01 -1.6203912832e+00  5.8549747796e-01  1.1861148771e+00 -1.0083127789e-01  7.1581223987e-01
ENERGY -7.624247423727e+02

JOB 20
COORDS  1.8031942066e-01 -5.2894918844e-01 -1.2321474788e+00  5.0259941937e+00 -1.0637598612e+00  1.0941895088e-01  3.5345175489e+00 -1.2455126906e+00  2.0487402643e+00  9.6997230769e-01 -8.2118065670e-01  4.1887895272e-02  3.6491346286e+00 -9.2027952482e-01  6.1771068558e-01  2.3162725238e+00 -3.1415531873e+00  1.4255487422e-01  2.8787934024e+00 -1.5193535310e+00 -1.7329611722e+00  2.4982798663e+00 -1.7607353715e+00 -3.3564545239e-01 -1.2919765294e-01 -1.4501253882e+00 -1.7320669685e+00  7.7579833442e-01  5.6295760859e-02 -1.9350056193e+00 -7.1790597713e-01  3.8634736033e-02 -9.6906313361e-01  5.0464311393e+00 -8.2632814864e-01 -9.5355052593e-01  5.4322582655e+00 -2.0725400464e+00  2.6719975102e-01  5.6473933661e+00 -3.4242026480e-01  6.4722075547e-01  2.5103849696e+00 -1.0857019138e+00  2.3945727749e+00  4.1854645586e+00 -5.6117368342e-01  2.5996188368e+00  3.8216992113e+00 -2.2814336130e+00  2.2701264930e+00  4.1100379567e-01 -1.4370611511e+00  7.4835256896e-01  1.2933455849e+00  1.0040388262e-01  5.2908583258e-01
ENERGY -7.624253169694e+02

JOB 21
COORDS  1.3449913016e-01 -5.9956968115e-01 -1.2431432944e+00  5.0771387742e+00 -1.0336968223e+00  1.5875441742e-01  3.5312627650e+00 -1.3056008370e+00  2.0445562506e+00  1.0428089522e+00 -6.6621351824e-01 -1.6429327825e-02  3.6905895247e+00 -8.9026186815e-01  6.4110924023e-01  2.3013059529e+00 -3.0320859067e+00 -1.5873723504e-02  2.9743603249e+00 -1.3117700061e+00 -1.7640385115e+00  2.5457378597e+00 -1.6307880332e+00 -3.9645008355e-01 -1.9197601984e-01 -1.5959718611e+00 -1.5529226123e+00  6.4908567650e-01 -1.2818888771e-01 -2.0822579202e+00 -7.5389455723e-01 -1.0368274929e-02 -9.9585728613e-01  5.1309332785e+00 -7.3042427261e-01 -8.8609093571e-01  5.4566841595e+00 -2.0597442610e+00  2.6220154526e-01  5.6997448623e+00 -3.6256902578e-01  7.5673448198e-01  2.5059038335e+00 -1.1316655425e+00  2.3787306856e+00  4.1918430172e+00 -6.8222870669e-01  2.6531751796e+00  3.7790556192e+00 -2.3631481577e+00  2.2022292626e+00  5.6211740218e-01 -1.1614444344e+00  8.2909975662e-01  1.3901300965e+00  3.2495530543e-01  2.8139125722e-01
ENERGY -7.624265507262e+02

JOB 22
COORDS  1.0145026705e-01 -6.9096443288e-01 -1.2255031879e+00  5.1007972184e+00 -9.9381985333e-01  2.1294842398e-01  3.5339962511e+00 -1.4210091743e+00  2.0542331820e+00  1.1174299135e+00 -5.2724020006e-01 -9.6126934815e-02  3.7057545846e+00 -9.1157360189e-01  6.8374691611e-01  2.2332947166e+00 -2.9560193814e+00 -7.1404648664e-02  3.0724263238e+00 -1.2484448192e+00 -1.7629865972e+00  2.5736280282e+00 -1.5667856476e+00 -4.1902279366e-01 -2.4482861509e-01 -1.7251749486e+00 -1.3008270394e+00  5.3567118897e-01 -3.9677970275e-01 -2.1832075380e+00 -7.6455782728e-01 -5.3456640454e-02 -1.0235434303e+00  5.1631980703e+00 -6.2309597389e-01 -8.0920362484e-01  5.5002150177e+00 -2.0166567527e+00  2.5412362868e-01  5.7013726696e+00 -3.5154493624e-01  8.6299671087e-01  2.5009324253e+00 -1.2915631732e+00  2.3833695006e+00  4.1732469310e+00 -8.2630655821e-01  2.7123761074e+00  3.8009062723e+00 -2.4815115423e+00  2.1455275911e+00  7.1306860420e-01 -8.3463335213e-01  8.7054422785e-01  1.4940273054e+00  4.9513491813e-01 -2.8341636019e-02
ENERGY -7.624277734944e+02

JOB 23
COORDS  4.7851865316e-02 -7.3341220293e-01 -1.1616474215e+00  5.1045224355e+00 -9.3825836289e-01  2.5630586025e-01  3.5008765417e+00 -1.5085096051e+00  2.0290589573e+00  1.1815208622e+00 -3.8613364682e-01 -1.9855009417e-01  3.6977270669e+00 -9.1803789311e-01  6.9550418596e-01  2.1616972517e+00 -2.8649160211e+00 -1.5023968093e-01  3.1618820432e+00 -1.1908008894e+00 -1.7896843865e+00  2.5911350360e+00 -1.4945380038e+00 -4.7132464244e-01 -2.9824359872e-01 -1.7582674424e+00 -1.0070432034e+00  3.7086412198e-01 -6.2523658037e-01 -2.1999099689e+00 -7.9244940338e-01 -5.4081566989e-02 -9.8988425128e-01  5.1831893905e+00 -5.0779655713e-01 -7.4091372912e-01  5.5279825335e+00 -1.9520589370e+00  2.4685281847e-01  5.6737893763e+00 -3.2187761077e-01  9.5773283568e-01  2.4549956100e+00 -1.4306136348e+00  2.3321883275e+00  4.1029270004e+00 -9.3467375880e-01  2.7389177630e+00  3.7961286858e+00 -2.5645258204e+00  2.0681410650e+00  8.8133809884e-01 -5.0205902201e-01  8.4558003362e-01  1.5695548690e+00  6.2258061878e-01 -3.5236017607e-01
ENERGY -7.624284736507e+02

