JOB 0
COORDS  1.1564013978e+00  2.8429071898e+00  4.2029163713e+00  2.6105240485e+00  1.9236524263e+00  2.7722747218e+00  2.2352662013e+00  3.6652105119e+00  4.0027677421e+00  2.5733914093e+00 -1.1359525283e+00  4.4060759084e+00  9.9015686708e-01 -1.4959475330e-01  6.0381748508e+00  2.5285767539e+00  5.0293470446e+00  4.5520459363e+00  3.1289940036e+00  3.0799405940e+00  3.1101240148e+00  1.3914439375e+00  1.7226196595e+00  3.3992788026e+00  1.2071284821e+00 -6.6104859609e-01  4.6748574517e+00 -8.2946535487e-01  6.0203179939e-01  3.8871944484e+00  8.0395800496e-01 -4.2406900151e-01  2.1938273685e+00  2.7212410136e+00  5.9937585742e+00  3.5167729389e+00  5.0513780397e-01  2.2964578931e-01  3.4550310500e+00  2.4317221076e-01  2.9453078209e+00  4.7696779428e+00  3.0158158444e+00  1.2054411657e+00  2.0724279581e+00  2.6254384686e+00 -1.5513186037e+00  3.4004755217e+00  3.3182224418e+00 -3.3625631130e-01  4.5209640482e+00  2.7925020896e+00 -1.9306466522e+00  5.1228663179e+00 -5.8367884953e-02  1.1573154763e-01  6.1663339011e+00  1.2340613298e+00 -9.5591722395e-01  6.7337397233e+00  1.6259536955e+00  7.1871568001e-01  6.2581796122e+00  1.6918801161e+00  5.3827238383e+00  5.1593675270e+00  3.4194730185e+00  4.9780706400e+00  5.1955268323e+00  3.3369657846e+00  5.5973968166e+00  2.8772554161e+00
ENERGY -1.023383199498e+03

JOB 1
COORDS  1.2783852446e+00  2.7923984097e+00  4.2752181509e+00  2.5584366863e+00  1.9889555556e+00  2.6241371629e+00  2.2824868871e+00  3.6713646075e+00  3.9601442799e+00  2.5923536643e+00 -1.1043575402e+00  4.4806284701e+00  8.8356592343e-01 -2.0537490055e-01  6.0349704463e+00  2.5927941990e+00  5.0289122149e+00  4.5172953275e+00  3.0678897643e+00  3.1577056248e+00  2.9327008339e+00  1.4588851310e+00  1.7040272614e+00  3.4158415090e+00  1.1980892344e+00 -6.7555993099e-01  4.6760828661e+00 -7.9977037658e-01  5.9102947539e-01  3.7888044451e+00  9.1558463211e-01 -4.2578716682e-01  2.1795615446e+00  2.6343052225e+00  6.0275885157e+00  3.4981648480e+00  5.5647551715e-01  2.2070520317e-01  3.4291397502e+00  4.4154322066e-01  2.8433168715e+00  4.9554297978e+00  2.8963919452e+00  1.3077641175e+00  1.8552548267e+00  2.7116276674e+00 -1.5174030852e+00  3.4798169494e+00  3.3014870279e+00 -2.7875338727e-01  4.6323655866e+00  2.8001334241e+00 -1.8906914604e+00  5.2097414842e+00 -1.7022466885e-01  6.3806299214e-02  6.0939498747e+00  1.0701870635e+00 -1.0350987814e+00  6.7208538205e+00  1.5071723821e+00  6.4957787440e-01  6.3291724435e+00  1.8203066524e+00  5.3341859881e+00  5.2273097480e+00  3.5527339032e+00  4.9915541252e+00  5.0536307005e+00  3.1738519306e+00  5.6653031955e+00  2.7749156644e+00
ENERGY -1.023383079338e+03

JOB 2
COORDS  1.4168444321e+00  2.7393412633e+00  4.3640969931e+00  2.4903411958e+00  2.0617814652e+00  2.5213552683e+00  2.3207402420e+00  3.6822515198e+00  3.9482917705e+00  2.6015994956e+00 -1.0935535937e+00  4.5954473622e+00  7.8858998698e-01 -2.5256942563e-01  6.0653636984e+00  2.6433848445e+00  5.0336552620e+00  4.5138104125e+00  2.9790463566e+00  3.2458371712e+00  2.8031044366e+00  1.5397699936e+00  1.6837726234e+00  3.4544408954e+00  1.1944589050e+00 -6.8002170596e-01  4.7172652529e+00 -7.5700712857e-01  5.9364657073e-01  3.7377045563e+00  1.0160300305e+00 -4.3959068240e-01  2.2107189532e+00  2.5259280598e+00  6.0628909321e+00  3.5322958260e+00  6.1241181398e-01  2.1397658194e-01  3.4434258742e+00  6.7902530664e-01  2.7302450486e+00  5.1519831722e+00  2.7543571602e+00  1.4218121743e+00  1.6908140230e+00  2.7816604394e+00 -1.4907980995e+00  3.5972737254e+00  3.2912068513e+00 -2.6254693290e-01  4.7976743302e+00  2.7759246955e+00 -1.8885136959e+00  5.3240078977e+00 -2.6128363271e-01  3.7509633865e-02  6.0571280109e+00  9.0780583487e-01 -1.1101488506e+00  6.7320241651e+00  1.4061131800e+00  5.7593973367e-01  6.4371403028e+00  1.9497694436e+00  5.2840938884e+00  5.3203156616e+00  3.6609345393e+00  5.0201097598e+00  4.9322066784e+00  2.9787042255e+00  5.7397165382e+00  2.7346539253e+00
ENERGY -1.023382106998e+03

JOB 3
COORDS  1.5788925809e+00  2.6791530135e+00  4.4084311902e+00  2.4199829057e+00  2.1353284738e+00  2.4085191209e+00  2.3680325992e+00  3.6865264135e+00  3.9185450307e+00  2.6064072747e+00 -1.0927991628e+00  4.6911008146e+00  6.8983548442e-01 -2.9198707811e-01  6.0570716973e+00  2.7023218892e+00  5.0286863523e+00  4.4992071887e+00  2.8836965303e+00  3.3321376205e+00  2.6759258795e+00  1.6388222701e+00  1.6612190402e+00  3.4498902335e+00  1.1975077698e+00 -6.7168852176e-01  4.7302652690e+00 -6.9777389150e-01  6.0333570915e-01  3.6507003145e+00  1.1243514157e+00 -4.6403797575e-01  2.2154903909e+00  2.4062322216e+00  6.0886161620e+00  3.5908389133e+00  6.8064473426e-01  2.0822177350e-01  3.4247953120e+00  9.6399967199e-01  2.6010052941e+00  5.2919008350e+00  2.6028936118e+00  1.5416024485e+00  1.5236218488e+00  2.8494515030e+00 -1.4680727074e+00  3.6977004992e+00  3.2846432612e+00 -2.7064356197e-01  4.9562090048e+00  2.7287508685e+00 -1.9059372330e+00  5.4103303665e+00 -3.4377206330e-01  4.1126960928e-02  5.9730847043e+00  7.1846670108e-01 -1.1826684946e+00  6.6899000238e+00  1.3023539554e+00  4.9213945809e-01  6.5211355510e+00  2.1132093219e+00  5.2106854650e+00  5.4015128495e+00  3.7665290078e+00  5.0508272989e+00  4.7775964134e+00  2.7648569099e+00  5.8230085287e+00  2.7267804681e+00
ENERGY -1.023380615412e+03

JOB 4
COORDS  1.2000776928e+00  3.3942091303e+00  3.7805295346e+00  2.6770375402e+00  1.7087475016e+00  3.8106067235e+00  2.4203655870e+00  3.8176791921e+00  4.2335581016e+00 -2.3819452877e+00  1.1769741411e+00  2.8101276371e+00 -1.1187000688e+00  7.8885260046e-01  4.9102270842e+00  2.8589699758e+00  5.1680220809e+00  4.7140995878e+00  3.3261039499e+00  2.7578650616e+00  4.2474981652e+00  1.3542360471e+00  2.0261649154e+00  3.5308204134e+00 -1.1200402748e+00  1.3643350371e+00  3.5533097976e+00  7.0191921609e-02  1.5395427310e+00  1.3260662582e+00  7.7255649607e-01 -3.3035458751e-01  2.8872658951e+00  3.3462298757e+00  5.1241047861e+00  6.0571708912e+00  2.6087499085e-01  1.0195367422e+00  2.6706826445e+00  2.5298420895e-01  3.8907421366e+00  3.6346508766e+00  3.0566712723e+00  7.0408349087e-01  3.6837499174e+00 -2.3024883216e+00  1.6483410879e+00  1.8315124424e+00 -2.6418827957e+00  1.1741556253e-01  2.6912041414e+00 -3.1682686211e+00  1.6761622183e+00  3.3812229019e+00 -1.8516601036e-01  1.0374673115e+00  5.4174597064e+00 -1.9409892771e+00  1.2500544153e+00  5.4619936588e+00 -1.2475560890e+00 -2.9995383912e-01  4.8988238159e+00  3.6332707518e+00  5.5594478309e+00  4.0387825063e+00  2.0189194487e+00  5.8663064682e+00  4.7085835772e+00  4.0019749941e+00  4.4071954096e+00  6.0911964883e+00
ENERGY -1.023379603830e+03

JOB 5
COORDS  1.1652584430e+00  3.3144151845e+00  3.9364696838e+00  2.7328959277e+00  1.7272377588e+00  3.7375646209e+00  2.4052143760e+00  3.8077283218e+00  4.2389445140e+00 -2.3504954874e+00  1.2363186191e+00  2.7691200007e+00 -1.2190290381e+00  7.5727476247e-01  4.9280528126e+00  2.8188112638e+00  5.1745625180e+00  4.6942675540e+00  3.3689016855e+00  2.8075485883e+00  4.1112731167e+00  1.3645618168e+00  1.9572722742e+00  3.6515944968e+00 -1.1212708072e+00  1.3454345900e+00  3.5794552312e+00  1.7702690724e-01  1.4163349932e+00  1.3980349636e+00  7.5872969065e-01 -4.0811424011e-01  3.0524680383e+00  3.4747185060e+00  5.1396305399e+00  5.9636742936e+00  2.8727767880e-01  9.4399500563e-01  2.7695548226e+00  1.7859617390e-01  3.7512082305e+00  3.9239509808e+00  3.1563170456e+00  7.5162692253e-01  3.5400298490e+00 -2.1946832933e+00  1.7146895333e+00  1.8032761743e+00 -2.6594505704e+00  1.9399337741e-01  2.6199022690e+00 -3.1381791469e+00  1.7692814839e+00  3.3069221146e+00 -2.9729939079e-01  9.4356841895e-01  5.4813494626e+00 -2.0385693416e+00  1.2606455790e+00  5.4462214851e+00 -1.4099499721e+00 -3.2173060931e-01  4.8957997067e+00  3.4756150429e+00  5.6251575256e+00  3.9362498971e+00  1.9440978413e+00  5.8184067770e+00  4.8115620014e+00  4.1685195536e+00  4.4616802066e+00  5.8992905114e+00
ENERGY -1.023378332111e+03

JOB 6
COORDS  1.1554584992e+00  3.2371982028e+00  4.0735569771e+00  2.7898109967e+00  1.7805422537e+00  3.6145317272e+00  2.3856031439e+00  3.8107790023e+00  4.2424882613e+00 -2.2829577005e+00  1.3553792387e+00  2.6889887880e+00 -1.3089823780e+00  7.5656193644e-01  4.8996126343e+00  2.7565804078e+00  5.1873615195e+00  4.7042210232e+00  3.3927882992e+00  2.8901322334e+00  3.9524888985e+00  1.4075151754e+00  1.9032504782e+00  3.7188256324e+00 -1.0965590484e+00  1.3497911380e+00  3.5664149053e+00  3.0571941146e-01  1.2951001776e+00  1.4391551401e+00  7.4324716195e-01 -4.7084541013e-01  3.1918587752e+00  3.5475959808e+00  5.1590343935e+00  5.8945648161e+00  3.2936764517e-01  8.8234889644e-01  2.8345238965e+00  1.4778771786e-01  3.6028194202e+00  4.1945824230e+00  3.2546582091e+00  8.4810348216e-01  3.3224376075e+00 -2.0358629543e+00  1.8346312602e+00  1.7429094272e+00 -2.6644602045e+00  3.4396094750e-01  2.5011482113e+00 -3.0544758809e+00  1.9413536198e+00  3.1943195449e+00 -4.0474452254e-01  8.5999234794e-01  5.5011877055e+00 -2.1115931803e+00  1.3176996238e+00  5.3841608733e+00 -1.5822141917e+00 -3.0326943380e-01  4.8407815755e+00  3.2961676900e+00  5.7053558525e+00  3.8983036884e+00  1.8598114508e+00  5.7653142877e+00  4.9391724501e+00  4.2757723865e+00  4.5363475909e+00  5.7300876306e+00
ENERGY -1.023376134711e+03

JOB 7
COORDS  1.1091770147e+00  3.2028345909e+00  4.2724919551e+00  2.6819544181e+00  2.1329562848e+00  3.0968720884e+00  2.2764652614e+00  3.9143404161e+00  4.2541312917e+00 -1.7504224141e+00  1.6774674387e+00  2.7270807044e+00 -1.8379968360e+00  4.0100468082e-01  4.8613209806e+00  2.6203454599e+00  5.2383809941e+00  4.8700414821e+00  3.2476036490e+00  3.2326060413e+00  3.5210465806e+00  1.3413242325e+00  2.0772164144e+00  3.4650516015e+00 -1.0263463423e+00  1.1860052360e+00  3.9126483575e+00  5.7329852073e-01  2.3964368973e-03  2.2415690578e+00  9.5998749454e-01 -1.5608823525e-01  4.7511303651e+00  3.8176576209e+00  5.1654451475e+00  5.6421861482e+00  4.9299395632e-01  5.7230200052e-01  3.5818645934e+00  1.4878193192e-01  3.3708657696e+00  4.7337815987e+00  3.1384168449e+00  1.3557793072e+00  2.4978907973e+00 -1.0944322606e+00  2.3068577377e+00  2.1239050613e+00 -2.1304314478e+00  8.5842657201e-01  2.1054966269e+00 -2.5848229811e+00  2.2879082991e+00  3.0811144503e+00 -1.2285476874e+00  1.1604926802e-01  5.7174607428e+00 -2.6505709145e+00  1.0471047752e+00  5.2026520827e+00 -2.2640579438e+00 -4.9788656427e-01  4.3981192834e+00  2.7216003095e+00  5.9951640128e+00  4.0778658732e+00  1.8248072977e+00  5.5616373957e+00  5.5459440799e+00  4.4681561036e+00  4.6838795236e+00  5.1027615744e+00
ENERGY -1.023375064148e+03

JOB 8
COORDS  1.1711333889e+00  3.1549854072e+00  4.4417723680e+00  2.5907750993e+00  2.1646954274e+00  3.0219313204e+00  2.3008206283e+00  3.9070556865e+00  4.2725327501e+00 -1.6533987675e+00  1.6824778629e+00  2.7020234063e+00 -1.9446945678e+00  3.2623734500e-01  4.7607239146e+00  2.6895235786e+00  5.2287430748e+00  4.8666546513e+00  3.1749443388e+00  3.2762734183e+00  3.3874991196e+00  1.3258118066e+00  2.0526008446e+00  3.5884339384e+00 -1.0474607248e+00  1.1656062477e+00  3.9425110701e+00  6.7979733467e-01 -9.0584916637e-02  2.4345131786e+00  8.8444070677e-01 -1.1518251203e-01  4.9680705842e+00  3.9878767196e+00  5.1809616468e+00  5.4557815793e+00  4.9590341554e-01  5.4845644963e-01  3.7335859568e+00  2.7964814076e-01  3.2820665634e+00  5.0362536957e+00  2.9751250312e+00  1.4160832701e+00  2.3420325064e+00 -9.4993967549e-01  2.3428081208e+00  2.1925544804e+00 -1.9505430056e+00  8.7728112409e-01  2.0199407718e+00 -2.5318574301e+00  2.2673140627e+00  2.9849556074e+00 -1.4245489272e+00  5.9268268546e-03  5.6621908012e+00 -2.7970526184e+00  9.4823161531e-01  5.0444281928e+00 -2.3079749373e+00 -5.5190311713e-01  4.2119238948e+00  2.6515466430e+00  6.0047213994e+00  4.0875419527e+00  1.9907777325e+00  5.5104804743e+00  5.6581763972e+00  4.5677383176e+00  4.7328999736e+00  4.8162677246e+00
ENERGY -1.023377462442e+03

JOB 9
COORDS  1.2292882727e+00  3.2847008891e+00  3.7564976282e+00  3.0145221641e+00  1.9896693591e+00  3.3973021336e+00  2.3870245942e+00  4.0110954055e+00  3.8495185107e+00 -1.8095292782e+00  1.6059183507e+00  3.1591191312e+00 -3.9910268053e-01  1.1066296083e+00  1.1625029193e+00  2.5943601751e+00  5.4715854792e+00  4.1146586468e+00  3.4879861903e+00  3.1909403554e+00  3.6198923864e+00  1.6279132715e+00  1.9839910915e+00  3.4290197797e+00 -6.6618697153e-01  8.8049602196e-01  2.5899570756e+00  1.4511837426e+00 -4.5694355245e-01  2.8789154769e+00  1.8521378165e-01  4.3240670317e-01  4.9161731200e+00  3.2842643962e+00  6.1176722270e+00  3.0421970972e+00  6.4200283694e-01  5.5160419431e-01  3.5425453331e+00  1.9309192949e-01  3.5557189895e+00  3.8867594290e+00  3.5776437813e+00  1.0919661721e+00  3.1814079108e+00 -1.8672111714e+00  1.4205645667e+00  4.2306502790e+00 -1.7432611295e+00  2.6849573190e+00  2.9690349097e+00 -2.7190013347e+00  1.2225057155e+00  2.6885609280e+00  3.6433163974e-01  4.1055703794e-01  8.1666586907e-01 -1.3235227717e+00  9.0789485211e-01  6.1470468960e-01 -7.6994204793e-02  2.1378649626e+00  9.6809302436e-01  1.6335043443e+00  5.9809807295e+00  4.2192506582e+00  3.1498810517e+00  5.5932946219e+00  5.0555505058e+00  4.0762638391e+00  5.5841239229e+00  2.8601200690e+00
ENERGY -1.023378977224e+03

JOB 10
COORDS  1.2328596547e+00  3.2963260166e+00  3.9579841827e+00  2.9476089476e+00  2.0395261814e+00  3.2654216647e+00  2.3838867682e+00  4.0359703957e+00  3.8839274001e+00 -1.7738340875e+00  1.6843581375e+00  3.1083843997e+00 -3.1386863494e-01  1.0186578797e+00  1.2102029544e+00  2.6198267832e+00  5.4888687988e+00  4.1670678144e+00  3.4393725648e+00  3.2404088036e+00  3.4483883267e+00  1.5871206557e+00  2.0116039229e+00  3.5326862257e+00 -6.6552755278e-01  8.4575336731e-01  2.6282284436e+00  1.4485998784e+00 -4.5122906226e-01  3.0625585035e+00  9.3920966871e-02  5.1912831478e-01  5.0098343921e+00  3.1259746379e+00  6.1802308036e+00  3.0228139481e+00  6.0904028096e-01  5.7672345676e-01  3.6535741997e+00  2.3300919447e-01  3.5400657789e+00  4.2825724848e+00  3.4757453718e+00  1.1558989051e+00  2.9346282054e+00 -1.9311371251e+00  1.5118671469e+00  4.1721336397e+00 -1.5926980110e+00  2.7509763630e+00  2.9216166753e+00 -2.6750792143e+00  1.3819549989e+00  2.5689609931e+00  4.2000540614e-01  2.6772240983e-01  9.1992411646e-01 -1.2217600986e+00  8.6304899309e-01  6.2286166683e-01  7.9911026755e-02  2.0235994037e+00  1.0077996074e+00  1.6839436381e+00  5.9814896514e+00  4.4409552040e+00  3.3166339008e+00  5.5854371745e+00  5.0119126559e+00  3.8853703789e+00  5.6654753578e+00  2.7012125408e+00
ENERGY -1.023380737591e+03

JOB 11
COORDS  1.2196124211e+00  3.1570404277e+00  4.0802139290e+00  2.8309848271e+00  1.9766620756e+00  3.0718900221e+00  2.3370911901e+00  3.9247992056e+00  3.8790735879e+00 -1.7474152446e+00  1.7027304736e+00  2.9412722926e+00 -2.6216036911e-01  9.1792998898e-01  1.1167694444e+00  2.5972284928e+00  5.3625296595e+00  4.2152411622e+00  3.3271479099e+00  3.1775578103e+00  3.2487379654e+00  1.5323080742e+00  1.9021977570e+00  3.5476947745e+00 -6.9071188004e-01  7.7105781236e-01  2.5170904567e+00  1.3840432245e+00 -5.5774149278e-01  3.0415970325e+00 -4.2151925724e-02  4.3071064938e-01  4.9317395110e+00  2.9545928697e+00  6.1228108660e+00  3.0586957269e+00  5.3512120736e-01  4.7963360984e-01  3.6009022349e+00  2.7743922432e-01  3.3518489748e+00  4.5694406908e+00  3.3184584192e+00  1.1232869392e+00  2.6210733758e+00 -1.9935941392e+00  1.5264664756e+00  3.9875687094e+00 -1.4554455127e+00  2.7508971862e+00  2.7930166743e+00 -2.6326230169e+00  1.4938459962e+00  2.3355302517e+00  4.3231337850e-01  1.1897359830e-01  8.6005879894e-01 -1.1506636117e+00  8.2287918653e-01  4.8852008103e-01  2.0559454726e-01  1.8947330291e+00  9.3261834854e-01  1.6990614985e+00  5.8261725085e+00  4.6298801517e+00  3.3923049085e+00  5.4217286678e+00  4.9722458095e+00  3.6636088986e+00  5.6299110562e+00  2.6119310274e+00
ENERGY -1.023382338305e+03

JOB 12
COORDS  1.2683198385e+00  3.1139253282e+00  4.2315976762e+00  2.7525316103e+00  2.0042847124e+00  2.9765616029e+00  2.3245433082e+00  3.9195994367e+00  3.8926814584e+00 -1.6603912350e+00  1.7997735723e+00  2.8855404706e+00 -1.7204643246e-01  8.7497191252e-01  1.1339061440e+00  2.5906488081e+00  5.3570026831e+00  4.2261482063e+00  3.2366607309e+00  3.2157526468e+00  3.1124040057e+00  1.5461119710e+00  1.8758962508e+00  3.6440476309e+00 -6.5752835148e-01  7.8576770974e-01  2.5206804345e+00  1.3619403538e+00 -5.8890310037e-01  3.1464125146e+00 -1.1258830489e-01  4.6329829673e-01  4.9645170266e+00  2.7677084722e+00  6.1505385823e+00  3.0503933408e+00  5.1828918973e-01  4.7674001740e-01  3.6576282024e+00  3.9668109609e-01  3.2652971713e+00  4.8502985897e+00  3.1976860742e+00  1.1747272888e+00  2.4445231003e+00 -1.9767841956e+00  1.6472870555e+00  3.9166033427e+00 -1.2788920563e+00  2.8213160685e+00  2.7550549763e+00 -2.5240880946e+00  1.6568679458e+00  2.2317969045e+00  4.9124562858e-01  3.7134306165e-02  9.2307424620e-01 -1.0412986246e+00  8.0605859557e-01  4.7607463725e-01  3.4825120241e-01  1.8234278995e+00  9.4131361323e-01  1.7449731122e+00  5.7855409366e+00  4.7689226320e+00  3.4789742462e+00  5.4243161583e+00  4.8702907865e+00  3.4302094349e+00  5.6933605109e+00  2.5051801798e+00
ENERGY -1.023383494151e+03

JOB 13
COORDS  1.3060844129e+00  3.1045832540e+00  4.3655643808e+00  2.6249074274e+00  2.0660385238e+00  2.8863320039e+00  2.2871392186e+00  3.9453517347e+00  3.9074040059e+00 -1.6080706724e+00  1.9433418254e+00  2.8343570860e+00 -1.5193193973e-01  8.4546810670e-01  1.1558571280e+00  2.5689746525e+00  5.3797629115e+00  4.2420969132e+00  3.0981330613e+00  3.2850813900e+00  2.9889258920e+00  1.5363071991e+00  1.8835990847e+00  3.7233624032e+00 -6.6830984440e-01  8.5015184394e-01  2.5337807643e+00  1.2731902539e+00 -5.8932802180e-01  3.2660077277e+00 -2.1675357452e-01  5.7039310591e-01  5.0018143624e+00  2.6056459139e+00  6.1975038263e+00  3.0705573778e+00  4.5647103636e-01  5.2303653911e-01  3.7167936688e+00  5.1603853250e-01  3.2171845890e+00  5.0927897741e+00  3.0165389916e+00  1.2612858807e+00  2.2790071681e+00 -1.9803030282e+00  1.8354677073e+00  3.8522583267e+00 -1.1450562093e+00  2.9310047956e+00  2.7063594518e+00 -2.4492886469e+00  1.8511154541e+00  2.1435349265e+00  4.7543021734e-01 -3.1759470517e-02  1.0027610402e+00 -1.0103595155e+00  7.8166184338e-01  4.8337419054e-01  4.1513854259e-01  1.7579162314e+00  9.2517408297e-01  1.7818812159e+00  5.7835103110e+00  4.8831032301e+00  3.5213486857e+00  5.4493263220e+00  4.7869951995e+00  3.2038836619e+00  5.7558645935e+00  2.4441176094e+00
ENERGY -1.023383876463e+03

JOB 14
COORDS  1.3737676897e+00  3.0271835214e+00  4.4938610086e+00  2.5004444936e+00  2.0859867612e+00  2.8075854164e+00  2.2642228254e+00  3.9119405913e+00  3.9445286758e+00 -1.5148565409e+00  2.0324353396e+00  2.7735485209e+00 -1.5639647032e-01  7.0097558056e-01  1.1817581574e+00  2.5591445507e+00  5.3386597789e+00  4.3007986837e+00  2.9577669948e+00  3.3115262826e+00  2.8967496605e+00  1.5509007458e+00  1.8324238261e+00  3.7861579825e+00 -6.6420617085e-01  8.5033833334e-01  2.5540013428e+00  1.1886083243e+00 -6.5313301811e-01  3.3961935012e+00 -2.8973662563e-01  6.3664369018e-01  5.0404481065e+00  2.4474941667e+00  6.1981055234e+00  3.1647294560e+00  4.1306536547e-01  5.1365948321e-01  3.7760135013e+00  6.7374201825e-01  3.0925296101e+00  5.3131857099e+00  2.8315381272e+00  1.3176120146e+00  2.1218891634e+00 -1.9153581483e+00  2.0109529521e+00  3.7862225747e+00 -9.6721684067e-01  2.9696456439e+00  2.6072737601e+00 -2.3465911928e+00  1.9735846051e+00  2.0678672235e+00  4.3165765085e-01 -2.1277148472e-01  1.1058370468e+00 -1.0211426260e+00  6.1538863910e-01  5.1953785852e-01  4.4686073884e-01  1.5642347112e+00  8.6915350603e-01  1.8439893728e+00  5.7017717496e+00  5.0425049122e+00  3.5662919235e+00  5.4090147072e+00  4.7362528267e+00  2.9746296542e+00  5.7899913442e+00  2.4569241637e+00
ENERGY -1.023383070392e+03

JOB 15
COORDS  1.4548726734e+00  2.9548889948e+00  4.5658336686e+00  2.3366772848e+00  2.1800018849e+00  2.6656470006e+00  2.2525045282e+00  3.8990789954e+00  3.9759314813e+00 -1.4253647672e+00  2.1253562110e+00  2.6134471597e+00 -2.1329083173e-01  5.4113628877e-01  1.1340842709e+00  2.5871747974e+00  5.2965258310e+00  4.4065249457e+00  2.7944878716e+00  3.4013923766e+00  2.7931764445e+00  1.5437916625e+00  1.8214685743e+00  3.7471485211e+00 -6.7506269214e-01  8.6419379842e-01  2.4918872113e+00  1.0915659956e+00 -6.8150038502e-01  3.4457288900e+00 -3.6280443287e-01  7.3483958902e-01  4.9923033198e+00  2.3431849552e+00  6.2402369225e+00  3.3621162475e+00  3.5905868732e-01  5.3462941986e-01  3.7480655543e+00  8.6005987029e-01  2.9454649940e+00  5.4665350511e+00  2.5811543063e+00  1.4801446635e+00  1.8779149215e+00 -1.8254202731e+00  2.2177387665e+00  3.6223551893e+00 -8.0086790489e-01  2.9972776598e+00  2.3776275652e+00 -2.2597162807e+00  2.0813444001e+00  1.9098047543e+00  3.5450765581e-01 -3.8824986081e-01  1.1506287040e+00 -1.0998299452e+00  3.9763955859e-01  5.1134002326e-01  3.9497106917e-01  1.3477397834e+00  7.0391136331e-01  1.9639478411e+00  5.5934796836e+00  5.2531849994e+00  3.6384713182e+00  5.3426164305e+00  4.7256930171e+00  2.7757777305e+00  5.8882113658e+00  2.5655761763e+00
ENERGY -1.023381040256e+03

JOB 16
COORDS  1.5872930074e+00  2.9977068207e+00  4.6356838712e+00  2.1093911888e+00  2.4382026165e+00  2.5388204893e+00  2.3193672615e+00  3.9864229169e+00  4.0334588699e+00 -1.4267073143e+00  2.0854863455e+00  2.4050288146e+00 -2.2867318483e-01  2.7255959669e-01  1.1819079540e+00  2.7790018919e+00  5.3141875471e+00  4.5595437282e+00  2.6365927336e+00  3.6232556734e+00  2.7272024464e+00  1.4857613659e+00  1.9740319717e+00  3.6865143335e+00 -6.5571396602e-01  8.3478196933e-01  2.4703501933e+00  1.0819012867e+00 -5.7593336832e-01  3.6493284917e+00 -4.3361547624e-01  9.7648620657e-01  4.9808108780e+00  2.4188404779e+00  6.3816931216e+00  3.6814915730e+00  3.2912038996e-01  6.5808748354e-01  3.7859463001e+00  1.1329411580e+00  2.9027543430e+00  5.6100446077e+00  2.1899114291e+00  1.8396076553e+00  1.6418483721e+00 -1.8051509727e+00  2.3358851794e+00  3.3954213390e+00 -8.2152392098e-01  2.9153073873e+00  2.0167052036e+00 -2.2767024094e+00  1.9177022812e+00  1.7395255088e+00  3.9675066933e-01 -6.0278397706e-01  1.3511867093e+00 -1.1262932894e+00 -3.8303821698e-02  6.4066917012e-01  3.1207747160e-01  1.0089099045e+00  5.7368029132e-01  2.3097944125e+00  5.5243516360e+00  5.5234878802e+00  3.8683923017e+00  5.2942163502e+00  4.7090825894e+00  2.6883021316e+00  6.1068160298e+00  2.7885450480e+00
ENERGY -1.023378174387e+03

JOB 17
COORDS  9.7105645502e-01  3.1778073815e+00  3.6748351697e+00  2.4919381656e+00  2.2112637885e+00  4.9924510560e+00  2.0326911191e+00  4.0175173960e+00  3.8951047217e+00  2.2931328867e+00 -9.4918855435e-01  3.5613428702e+00  1.6901249353e+00 -1.0823832036e+00  5.9950774440e+00  2.2964732026e+00  5.4038943699e+00  3.3859459173e+00  2.9708082426e+00  3.4010439986e+00  4.7155269365e+00  1.2597882452e+00  2.0186083081e+00  4.3968127730e+00  1.3420712841e+00 -6.4413655718e-01  4.6376613465e+00 -6.0308139786e-01  6.5969218062e-01  5.5658698406e+00 -2.5443401842e-01  5.1419615228e-01  3.0530330380e+00  3.5781378479e+00  5.5062714164e+00  2.7639351988e+00  2.6946156504e-01  5.7688143137e-01  4.4071664682e+00  7.3469023820e-02  3.2631802873e+00  3.0809181364e+00  2.9601066521e+00  1.4661631410e+00  5.6200144357e+00  1.8542584596e+00 -6.8993587432e-01  2.5984824493e+00  3.2380848473e+00 -4.0767684344e-01  3.6924035881e+00  2.4874309597e+00 -2.0249445519e+00  3.5751493110e+00  9.2169151439e-01 -7.5773180465e-01  6.6947860132e+00  1.7321725370e+00 -2.1753015613e+00  6.0013452850e+00  2.6649889909e+00 -6.8876843554e-01  6.3086505158e+00  1.5551476511e+00  5.6797406299e+00  2.6323201492e+00  2.2184902240e+00  6.1197776921e+00  4.2173999592e+00  4.2117618706e+00  5.0816585921e+00  3.3669378835e+00
ENERGY -1.023376200115e+03

JOB 18
COORDS  9.6184950984e-01  3.2327254989e+00  3.6806705450e+00  2.6230203327e+00  2.1163460536e+00  4.6677169091e+00  2.0414564753e+00  4.0514185188e+00  3.8954763396e+00  2.2830201288e+00 -1.1860962115e+00  3.6114507993e+00  1.5666402963e+00 -9.6231441718e-01  6.0117650462e+00  2.2434336810e+00  5.4995585638e+00  3.5608594677e+00  3.0666702840e+00  3.3412342700e+00  4.5090988740e+00  1.3340367101e+00  1.9877722137e+00  4.1867520040e+00  1.3437086180e+00 -6.3941341653e-01  4.5977024923e+00 -6.6642022027e-01  7.4820510304e-01  5.2178916531e+00 -6.1889646250e-02  4.0220818210e-01  2.7742072482e+00  3.4301733388e+00  5.7085329259e+00  2.7936804378e+00  3.2018670085e-01  5.6367372393e-01  4.1669995950e+00 -1.0962225676e-03  3.3917566372e+00  3.2181944972e+00  3.1628624362e+00  1.2952953401e+00  5.1170022200e+00  1.9601038066e+00 -9.1822950368e-01  2.6064103949e+00  3.2996328449e+00 -8.1134375904e-01  3.7802455982e+00  2.2818895902e+00 -2.2766145184e+00  3.6980733253e+00  7.9350288543e-01 -4.9864028867e-01  6.6223092530e+00  1.5063484875e+00 -2.0478311996e+00  6.1346678236e+00  2.5528805033e+00 -6.1917086145e-01  6.3471792717e+00  1.4091706300e+00  5.8710551532e+00  2.9611831379e+00  2.2824755538e+00  6.0868923420e+00  4.4900640001e+00  4.1368922119e+00  5.2089526827e+00  3.2366386935e+00
ENERGY -1.023375195693e+03

JOB 19
COORDS  9.3181414593e-01  3.2456468950e+00  3.7431396779e+00  2.7200420000e+00  2.0723559100e+00  4.3796824541e+00  2.0237650555e+00  4.0620199105e+00  3.8952715202e+00  2.2940181301e+00 -1.3478106399e+00  3.7121536055e+00  1.5854082805e+00 -7.7402542316e-01  6.0566934875e+00  2.1653724335e+00  5.5418090203e+00  3.6948094020e+00  3.1278961145e+00  3.3166462252e+00  4.2918308459e+00  1.3795860734e+00  1.9643100178e+00  4.0623777991e+00  1.3774098871e+00 -6.3589056533e-01  4.6105696328e+00 -6.7525642797e-01  7.8144988231e-01  4.9960590652e+00  1.0361886483e-01  2.6341046334e-01  2.6306494389e+00  3.2426895076e+00  5.8589984345e+00  2.8124096565e+00  3.8242135846e-01  5.2825125858e-01  4.0318680536e+00 -9.0004508651e-02  3.4323027605e+00  3.4471207605e+00  3.3234017711e+00  1.2212678593e+00  4.6604930394e+00  2.0097956208e+00 -1.1676154021e+00  2.6766148738e+00  3.3309910490e+00 -1.0265406880e+00  3.8673925201e+00  2.2176295710e+00 -2.4202757112e+00  3.9146670111e+00  7.9197890524e-01 -2.5695558093e-01  6.5943076183e+00  1.5444866005e+00 -1.8368349736e+00  6.3126547753e+00  2.5577198587e+00 -3.6785998600e-01  6.3603936375e+00  1.2575445788e+00  5.9535345004e+00  3.2476151550e+00  2.3156451767e+00  6.0291799379e+00  4.6694744824e+00  4.0031074967e+00  5.3269019895e+00  3.1021835410e+00
ENERGY -1.023375007932e+03

JOB 20
COORDS  9.9290142813e-01  3.2460994737e+00  3.8157086492e+00  2.8368990609e+00  2.0183152925e+00  4.0871847503e+00  2.0965813546e+00  4.0470204919e+00  3.9623888383e+00  2.3224339908e+00 -1.4633504581e+00  3.8206899155e+00  1.5586259401e+00 -5.5153738005e-01  6.0323236148e+00  2.2179391051e+00  5.5417208047e+00  3.9541516495e+00  3.2359649633e+00  3.2673277035e+00  4.1295980642e+00  1.4699878070e+00  1.9376483968e+00  3.8977749531e+00  1.3756147684e+00 -6.3680250953e-01  4.5787398878e+00 -6.7482068185e-01  8.3605605597e-01  4.6553974761e+00  3.4055483587e-01  1.4139784858e-01  2.4238671545e+00  3.1509318009e+00  5.9971569265e+00  2.9727227472e+00  4.7058991539e-01  5.0510177440e-01  3.8242659332e+00 -5.7417380659e-02  3.4572618772e+00  3.6804288753e+00  3.4666086400e+00  1.1441158574e+00  4.1718984700e+00  2.0912094183e+00 -1.4085058686e+00  2.7582069772e+00  3.3580586014e+00 -1.1426935816e+00  3.9885247260e+00  2.2155341758e+00 -2.5010195609e+00  4.1502131809e+00  7.2465094983e-01 -1.0313065050e-02  6.4775418174e+00  1.5667871688e+00 -1.5676940478e+00  6.4363164004e+00  2.5001299322e+00 -5.1535261826e-02  6.2908910126e+00  1.2563458536e+00  5.9996329448e+00  3.7110220686e+00  2.5173761471e+00  5.8886499437e+00  4.9540695916e+00  3.9524719933e+00  5.4577684738e+00  3.0803234939e+00
ENERGY -1.023375638868e+03

JOB 21
COORDS  9.9611746790e-01  3.1543857715e+00  3.8985492537e+00  2.8516910711e+00  1.9381584750e+00  3.6477752447e+00  2.1147008588e+00  3.9378981514e+00  4.0170922610e+00  2.3388084158e+00 -1.5028677753e+00  4.0100668661e+00  1.4695894250e+00 -2.8263691617e-01  6.0093280903e+00  2.2421890949e+00  5.4128240973e+00  4.2536815407e+00  3.2617033041e+00  3.1657015582e+00  3.8574753243e+00  1.4692592714e+00  1.8645886138e+00  3.6442528448e+00  1.2993171061e+00 -6.4757583039e-01  4.5968534763e+00 -7.2071740279e-01  8.3643117334e-01  4.3455411340e+00  4.7177240305e-01 -9.8612074604e-02  2.2854125751e+00  2.9645016492e+00  6.0646600819e+00  3.2069593179e+00  4.8020165723e-01  4.2017944479e-01  3.6414380174e+00 -6.1170509214e-02  3.3599860411e+00  3.9691392132e+00  3.4802469520e+00  1.0799703785e+00  3.4551298654e+00  2.1452140992e+00 -1.6427505209e+00  2.9477611816e+00  3.3421047707e+00 -1.0821424589e+00  4.1544998661e+00  2.2929004357e+00 -2.4768519441e+00  4.5052455833e+00  5.7495858853e-01  2.2490918432e-01  6.3684481879e+00  1.5980412590e+00 -1.2051082896e+00  6.5810210240e+00  2.3466789302e+00  3.6062338476e-01  6.1588555723e+00  1.2545165826e+00  5.8781768019e+00  4.2897356515e+00  2.7363007087e+00  5.5847247251e+00  5.2211745395e+00  3.7736609117e+00  5.5460051201e+00  3.0618822963e+00
ENERGY -1.023377120912e+03

JOB 22
COORDS  9.9305443914e-01  2.9766398067e+00  3.9624758581e+00  2.7418450393e+00  1.8512290722e+00  3.1471643641e+00  2.1308717827e+00  3.7385558564e+00  4.0102601801e+00  2.4463769459e+00 -1.3669014842e+00  4.2079210236e+00  1.3087924182e+00 -5.7322880453e-02  5.9825409415e+00  2.3333687177e+00  5.1489255055e+00  4.4765548121e+00  3.2109420703e+00  3.0235645881e+00  3.4973034500e+00  1.3752035177e+00  1.7654456078e+00  3.3738021223e+00  1.2432614682e+00 -6.3779171283e-01  4.6323767569e+00 -8.0446108213e-01  7.1186280229e-01  4.0874181589e+00  5.7234815021e-01 -3.8027940604e-01  2.2143429532e+00  2.8594027173e+00  5.9865500004e+00  3.4457248208e+00  4.5267003216e-01  2.8503748386e-01  3.4985662714e+00 -3.1079132200e-02  3.1563308798e+00  4.2520270621e+00  3.2961746048e+00  1.0534877003e+00  2.6717594221e+00  2.3239586758e+00 -1.7148784142e+00  3.1831856345e+00  3.3511896780e+00 -7.5056048349e-01  4.2918793218e+00  2.5520809903e+00 -2.2370299467e+00  4.8610282004e+00  3.3732072394e-01  3.5397471978e-01  6.2535085591e+00  1.5524283919e+00 -8.6366972407e-01  6.6782158806e+00  2.0785745187e+00  7.2310926457e-01  6.0536857089e+00  1.3808700046e+00  5.5882548755e+00  4.7817253872e+00  3.0048523697e+00  5.1500995435e+00  5.3479473951e+00  3.6141275610e+00  5.5121909805e+00  3.0581128391e+00
ENERGY -1.023379790624e+03

JOB 23
COORDS  1.0768520072e+00  2.8980828018e+00  4.0703624588e+00  2.6921692176e+00  1.8729514384e+00  2.9129158958e+00  2.1987495834e+00  3.6818365029e+00  3.9951818524e+00  2.5497036240e+00 -1.2234622334e+00  4.2938859370e+00  1.1467130309e+00 -9.0424569331e-02  5.9941600993e+00  2.4529087371e+00  5.0628687428e+00  4.5204087724e+00  3.1938063611e+00  3.0300797373e+00  3.2703366731e+00  1.3822088631e+00  1.7384707273e+00  3.3490460669e+00  1.2400972087e+00 -6.4901107874e-01  4.6352943992e+00 -8.1135885146e-01  6.4068641513e-01  3.9559114734e+00  7.0937229223e-01 -4.2131830182e-01  2.1779239485e+00  2.8010336571e+00  5.9780037636e+00  3.4805196474e+00  4.9020815040e-01  2.4620236072e-01  3.4478638114e+00  1.0084165817e-01  3.0413860350e+00  4.5088380888e+00  3.1718541283e+00  1.1182106120e+00  2.3043377959e+00  2.5229935596e+00 -1.6206698657e+00  3.2799840278e+00  3.3600139162e+00 -4.8797362589e-01  4.3896759386e+00  2.7373031454e+00 -2.0483117202e+00  4.9855666538e+00  1.2230475500e-01  2.2196333668e-01  6.1919662416e+00  1.4116094730e+00 -8.8511928876e-01  6.6953624779e+00  1.8304360573e+00  7.5729022071e-01  6.1374651319e+00  1.5538902787e+00  5.4587764729e+00  4.9985055796e+00  3.2518151100e+00  5.0225741070e+00  5.2756657265e+00  3.4909806535e+00  5.5470747454e+00  2.9482978860e+00
ENERGY -1.023382115923e+03

