JOB 0
COORDS  8.1926709370e-01 -1.8015798986e-01 -3.9377764339e-02  4.8751829061e-01 -4.8673037750e-01  1.2261447042e+00  1.4128778584e+00  1.7568558887e+00  2.1875514796e+00 -8.1773034720e-02  1.8907062476e+00  2.1202043184e+00  5.4609928738e-01  5.1466060998e-01  2.3549904888e+00 -2.2601529102e-03 -1.8814942936e+00  1.5516809985e+00  4.8901239072e-01 -1.1459253126e-02  3.7805689602e+00 -1.7363245908e+00  4.1295527422e-01  4.4102635993e+00 -7.5232666865e-01 -6.1927875408e-01  4.1608343492e+00  7.3409903791e-01 -9.1877430670e-01 -8.3184694307e-01  1.1727403623e+00  8.0226586818e-01 -3.4029141134e-01  1.9922211272e+00  1.8457310319e+00  1.2754596598e+00  1.9184519295e+00  2.1337556207e+00  3.0726023493e+00 -5.9693894544e-01  2.3530327925e+00  2.9558506639e+00 -5.3594968435e-01  2.0459466584e+00  1.1463509351e+00  6.4000520194e-01 -2.3730447611e+00  2.2910737030e+00 -1.0057944298e+00 -1.8611462710e+00  1.9861991117e+00 -1.6294382344e-02 -2.5022990254e+00  6.5213083205e-01  7.1000460994e-01  7.9986692797e-01  4.4828155359e+00  1.2283956018e+00 -8.0572336920e-01  3.9282274734e+00 -2.2171953520e+00  5.8961422265e-02  5.2396451851e+00 -2.4033143273e+00  3.1779408253e-01  3.6397266833e+00
ENERGY -4.045074474880e+02

JOB 1
COORDS  1.1402219464e+00 -3.5110479839e-01  4.7061629112e-02  5.7987606549e-01 -5.4388314085e-01  1.2522378292e+00  1.3424492189e+00  1.7979436362e+00  2.1456339928e+00 -1.6198081617e-01  1.7921766312e+00  2.0986825225e+00  6.0277789208e-01  4.8849731608e-01  2.3505501417e+00 -2.0707874273e-01 -1.8093299264e+00  1.5180124372e+00  5.9887350090e-01 -1.6074075288e-02  3.7879891624e+00 -1.6290555864e+00  2.9606580166e-01  4.4786012744e+00 -5.9650036866e-01 -6.8200896585e-01  4.2115352623e+00  1.0440724263e+00 -1.0983285847e+00 -7.3657132209e-01  1.7140318366e+00  5.3487383533e-01 -2.0655237545e-01  1.8912513371e+00  1.9492644844e+00  1.2237152198e+00  1.8213023386e+00  2.2360718228e+00  3.0169802733e+00 -7.0866778659e-01  2.2231800393e+00  2.9308535813e+00 -6.3321431842e-01  1.8880184401e+00  1.1251731996e+00  1.9029324160e-01 -2.3653784492e+00  2.3726980283e+00 -1.2498199867e+00 -1.5808516753e+00  1.7640872487e+00 -1.8940851552e-01 -2.4639383450e+00  6.4246069003e-01  7.9683707622e-01  8.1594900971e-01  4.4727550410e+00  1.3819301993e+00 -7.7052330019e-01  3.9244497408e+00 -2.0544025769e+00 -6.4579956011e-02  5.3351165011e+00 -2.3197868849e+00  1.4167926056e-01  3.7391598592e+00
ENERGY -4.045079490262e+02

JOB 2
COORDS  1.3440946690e+00 -4.6933862449e-01  1.5972904013e-01  6.0484607537e-01 -5.4578285528e-01  1.2772298052e+00  1.2801992514e+00  1.8509155715e+00  2.0871409664e+00 -2.2517252339e-01  1.7546249199e+00  2.1125814042e+00  6.2869618752e-01  5.0886451083e-01  2.3515063385e+00 -3.8974564113e-01 -1.6713650771e+00  1.4587624440e+00  7.1348049986e-01  2.7861439451e-02  3.7958970649e+00 -1.5120717562e+00  1.7961794864e-01  4.5463511024e+00 -4.1041614967e-01 -7.1806322743e-01  4.2747801042e+00  1.2535165488e+00 -1.2191565275e+00 -6.2261824858e-01  2.0728200658e+00  3.1765938047e-01 -8.7044094833e-03  1.7632490426e+00  2.0194261911e+00  1.1319438050e+00  1.7736369553e+00  2.3396640298e+00  2.9226891284e+00 -7.5984750980e-01  2.1684745248e+00  2.9610055378e+00 -7.4175273958e-01  1.8129406348e+00  1.1589159040e+00 -1.6694735596e-01 -2.2690675776e+00  2.3469086458e+00 -1.4022211978e+00 -1.2734942692e+00  1.6014893855e+00 -3.9760656860e-01 -2.3293129214e+00  5.8530083042e-01  8.7815684420e-01  8.8309284518e-01  4.4612835956e+00  1.5529142778e+00 -6.6805518194e-01  3.9069895282e+00 -1.8855131088e+00 -1.9290355637e-01  5.4217578233e+00 -2.2055692334e+00 -4.8962089688e-02  3.8289468118e+00
ENERGY -4.045093374899e+02

JOB 3
COORDS  1.4623502549e+00 -5.8117810073e-01  2.9570857000e-01  5.6730797973e-01 -5.2955783220e-01  1.2932336587e+00  1.2047978648e+00  1.8934086603e+00  2.0363426794e+00 -2.9777078417e-01  1.7593841651e+00  2.1279980298e+00  5.9339236273e-01  5.4359887214e-01  2.3488761319e+00 -5.7162754217e-01 -1.5206114434e+00  1.3738047626e+00  7.6255974409e-01  8.1717381153e-02  3.7917694827e+00 -1.4598048490e+00  1.9893649937e-02  4.5546663815e+00 -2.7219469705e-01 -7.6662016317e-01  4.2981990058e+00  1.4027823479e+00 -1.3451854250e+00 -4.7625952686e-01  2.2893678791e+00  1.1969169874e-01  2.2504217117e-01  1.6372242939e+00  2.0493015784e+00  1.0545110606e+00  1.7222850590e+00  2.4128657325e+00  2.8384147470e+00 -8.0874557963e-01  2.1723853296e+00  2.9916146294e+00 -8.5466749332e-01  1.7993382140e+00  1.1958654170e+00 -5.1652802344e-01 -2.1104276265e+00  2.2932441075e+00 -1.5351136295e+00 -9.9445808867e-01  1.3910543839e+00 -5.6894335956e-01 -2.1999068150e+00  5.1668594580e-01  8.6082711606e-01  9.5359001843e-01  4.4495863398e+00  1.6663682260e+00 -5.3172726297e-01  3.8789785327e+00 -1.8063409166e+00 -3.8864355021e-01  5.4248953679e+00 -2.1186133154e+00 -2.7330247662e-01  3.8278374923e+00
ENERGY -4.045107644564e+02

JOB 4
COORDS  1.5689832465e+00 -7.0418725902e-01  4.5257805290e-01  5.4668368952e-01 -5.2033389769e-01  1.2998790978e+00  1.1377320089e+00  1.9259054805e+00  1.9847332008e+00 -3.5838395373e-01  1.7620536577e+00  2.1405774082e+00  5.6213399188e-01  5.7026587925e-01  2.3384382596e+00 -6.7464377689e-01 -1.4090862085e+00  1.2822206448e+00  8.1433727351e-01  1.1681837232e-01  3.7705678549e+00 -1.3733300113e+00 -5.9037136941e-02  4.6036654236e+00 -1.5901153934e-01 -7.8761979348e-01  4.3017561403e+00  1.5556174737e+00 -1.5000204755e+00 -2.8898054215e-01  2.4508138876e+00 -6.8808129552e-02  4.7641073395e-01  1.5266341521e+00  2.0650159773e+00  9.8172304221e-01  1.6771712624e+00  2.4697512879e+00  2.7558438666e+00 -8.4032845782e-01  2.1784854728e+00  3.0192988845e+00 -9.5512151548e-01  1.7867515806e+00  1.2326666175e+00 -7.6312712790e-01 -1.9548757579e+00  2.2272868566e+00 -1.5862620784e+00 -8.0891015374e-01  1.1675967704e+00 -6.3537980682e-01 -2.1319305308e+00  4.6231093417e-01  8.8936116620e-01  9.8958446710e-01  4.4306570782e+00  1.7503818817e+00 -4.5030443772e-01  3.8167335764e+00 -1.6818050079e+00 -5.0316549981e-01  5.4706909670e+00 -2.0364298085e+00 -3.6125270276e-01  3.8843045531e+00
ENERGY -4.045113718645e+02

JOB 5
COORDS  1.6469748761e+00 -8.2160267023e-01  6.0895834323e-01  5.3288646798e-01 -5.0637634604e-01  1.2834317303e+00  1.0652134792e+00  1.9603228276e+00  1.9337307731e+00 -4.1996333736e-01  1.7622073308e+00  2.1484101252e+00  5.3029969631e-01  5.9365792502e-01  2.3144573878e+00 -7.4380136449e-01 -1.2991135583e+00  1.1440310486e+00  8.6228223168e-01  1.4356284038e-01  3.7297427326e+00 -1.2786696699e+00 -1.1739107435e-01  4.6512634373e+00 -5.8506668538e-02 -8.0419777776e-01  4.2803424923e+00  1.6719359747e+00 -1.6476106402e+00 -9.8466353180e-02  2.5662680517e+00 -2.5457074638e-01  7.3822723400e-01  1.4162466958e+00  2.0943038139e+00  9.1577493027e-01  1.6210842461e+00  2.5201287625e+00  2.6816906979e+00 -8.7503470395e-01  2.1740422575e+00  3.0435572251e+00 -1.0538380319e+00  1.7751214932e+00  1.2658354292e+00 -9.7804445624e-01 -1.7979195269e+00  2.0915447527e+00 -1.5898267325e+00 -6.4441017888e-01  9.0270818494e-01 -6.6520354649e-01 -2.0610961130e+00  3.6322387729e-01  9.2663137117e-01  1.0113773446e+00  4.3976092047e+00  1.8196732295e+00 -3.8775066950e-01  3.7305563161e+00 -1.5387812086e+00 -5.9210550430e-01  5.5179224514e+00 -1.9636514210e+00 -4.1829625981e-01  3.9521972590e+00
ENERGY -4.045106938720e+02

JOB 6
COORDS  1.7070047707e+00 -9.5631820212e-01  8.4014339396e-01  5.3475289188e-01 -5.0909021020e-01  1.3100940278e+00  9.4331440772e-01  2.0054502981e+00  1.8652828545e+00 -5.2029205565e-01  1.7415501628e+00  2.1406499425e+00  4.8828577749e-01  6.2481030167e-01  2.3063760051e+00 -7.6799043580e-01 -1.2048496501e+00  1.0034079835e+00  8.9360736352e-01  2.3757354262e-01  3.7198587660e+00 -1.1959525566e+00 -1.2161548544e-01  4.7218096124e+00  4.5210117428e-02 -7.4926991883e-01  4.3163475615e+00  1.7678714849e+00 -1.8174583530e+00  1.7864906221e-01  2.6432305427e+00 -4.6203446554e-01  1.0919332294e+00  1.2552846728e+00  2.1183079536e+00  8.3195720772e-01  1.4987439201e+00  2.6132369583e+00  2.5754386768e+00 -9.6092892845e-01  2.1572885969e+00  3.0411205228e+00 -1.1884532053e+00  1.7029139398e+00  1.2850186958e+00 -1.2031048364e+00 -1.6055783007e+00  1.9271848563e+00 -1.5034170206e+00 -5.1396616544e-01  5.7538769022e-01 -6.2919760938e-01 -2.0336205072e+00  3.0331887914e-01  9.2411060378e-01  1.1244846871e+00  4.3647367111e+00  1.8803272885e+00 -2.3578332553e-01  3.7044967992e+00 -1.3913344986e+00 -5.8322296318e-01  5.6122892264e+00 -1.8913948659e+00 -4.8280439589e-01  4.0631424681e+00
ENERGY -4.045089585364e+02

JOB 7
COORDS  1.6671347922e+00 -1.1189794661e+00  1.0265211899e+00  5.0338534648e-01 -5.2587772749e-01  1.3261379241e+00  8.0214821092e-01  2.0140210957e+00  1.8342458755e+00 -6.2175140868e-01  1.6788314024e+00  2.2086467481e+00  4.5143245833e-01  6.1419499094e-01  2.3183144546e+00 -8.0296894890e-01 -1.0270537856e+00  7.6204747939e-01  9.4178423890e-01  2.7283219154e-01  3.7161752322e+00 -1.0822897897e+00 -1.8504257598e-01  4.8117242343e+00  1.7592890614e-01 -7.4667835810e-01  4.3647085112e+00  1.7163348528e+00 -1.9722339081e+00  3.5435188797e-01  2.6112903429e+00 -7.6579001642e-01  1.4355987435e+00  1.0414809291e+00  2.1242630335e+00  7.8113838337e-01  1.3757660309e+00  2.6570178475e+00  2.4975525705e+00 -1.0188203121e+00  2.0770185472e+00  3.1365863300e+00 -1.3474689887e+00  1.6013477194e+00  1.4049985527e+00 -1.5060391889e+00 -1.2620945538e+00  1.5702771800e+00 -1.2885405553e+00 -2.7234475583e-01  1.3167092668e-01 -6.5801370040e-01 -1.9260177983e+00  1.5667620622e-01  9.5432970762e-01  1.1724125635e+00  4.3440085169e+00  1.9516277898e+00 -1.4609994348e-01  3.6710715535e+00 -1.2015488279e+00 -6.2165782369e-01  5.7279821710e+00 -1.7822597656e+00 -6.2016091894e-01  4.2049450851e+00
ENERGY -4.045072970670e+02

JOB 8
COORDS  1.5912501980e+00 -1.3183581565e+00  1.2387950135e+00  4.8847492659e-01 -5.6645997325e-01  1.3696069691e+00  6.7988341446e-01  1.9942294870e+00  1.7740314622e+00 -6.9341544943e-01  1.6064923697e+00  2.2576632531e+00  4.4017144027e-01  5.9648133945e-01  2.3329664826e+00 -7.3826584277e-01 -8.5196613362e-01  5.3673336405e-01  1.0088347487e+00  3.4680696396e-01  3.7206629989e+00 -9.4377536340e-01 -2.2797157450e-01  4.8871927523e+00  3.5214247786e-01 -6.9706565033e-01  4.4413074470e+00  1.6249423078e+00 -2.1553379280e+00  5.4584625601e-01  2.4916783859e+00 -1.1368581256e+00  1.8193881141e+00  8.4346576958e-01  2.0716802393e+00  7.0324642957e-01  1.2694984944e+00  2.6867912571e+00  2.3698663535e+00 -1.0434444782e+00  2.0148945661e+00  3.1997058046e+00 -1.4706133306e+00  1.4673453702e+00  1.5138111776e+00 -1.6183850983e+00 -1.0067146002e+00  1.1720250470e+00 -9.7604261589e-01 -1.7273561271e-02 -1.3477950412e-01 -5.9596174563e-01 -1.7432530498e+00 -7.9949468884e-02  9.7683590545e-01  1.2728294744e+00  4.3083227638e+00  2.0483140226e+00  1.0085466752e-02  3.6616232479e+00 -1.0069477821e+00 -6.2685858261e-01  5.8259535160e+00 -1.6102738012e+00 -7.5601772732e-01  4.3174997867e+00
ENERGY -4.045068794936e+02

JOB 9
COORDS  1.4143127965e+00 -1.4738697072e+00  1.4514776212e+00  4.2259948127e-01 -5.7006642178e-01  1.4174954217e+00  5.5316705229e-01  2.0038014560e+00  1.7336235486e+00 -7.7808014656e-01  1.5887939955e+00  2.2995298437e+00  3.9381598757e-01  6.1566695557e-01  2.3454201073e+00 -6.7534411118e-01 -6.8915844102e-01  3.8515447319e-01  1.0396312166e+00  4.4617549549e-01  3.7121310430e+00 -8.2550874419e-01 -2.9183852243e-01  4.9229445361e+00  5.1433733563e-01 -6.2889179787e-01  4.4878458045e+00  1.4354613479e+00 -2.3074960298e+00  7.5400139810e-01  2.2152334804e+00 -1.4390031839e+00  2.1831264310e+00  6.5952791453e-01  2.0598391848e+00  6.5439170464e-01  1.1534251295e+00  2.7273707300e+00  2.2796235464e+00 -1.0918739140e+00  2.0099422877e+00  3.2485694144e+00 -1.5881748794e+00  1.4023340607e+00  1.6033371664e+00 -1.6535559515e+00 -8.2466115576e-01  8.6139052574e-01 -7.4869490958e-01  2.0784303338e-01 -2.4211119487e-01 -4.9779965348e-01 -1.5422310948e+00 -2.7446951346e-01  9.5236397833e-01  1.3832136551e+00  4.2765953832e+00  2.1033097433e+00  2.0519562859e-01  3.6153288040e+00 -8.4868676953e-01 -6.8180761922e-01  5.8671705627e+00 -1.4293105201e+00 -8.9691781678e-01  4.3594209249e+00
ENERGY -4.045080127376e+02

JOB 10
COORDS  1.2412416484e+00 -1.6015621420e+00  1.5990637906e+00  3.8517128515e-01 -5.8253356169e-01  1.4165868456e+00  4.4496852694e-01  2.0015120925e+00  1.7095591408e+00 -8.5371240254e-01  1.5425086853e+00  2.3129305263e+00  3.5302363729e-01  6.0904819222e-01  2.3306724041e+00 -5.7014799973e-01 -6.0413887765e-01  2.4291941251e-01  1.0657902612e+00  4.9120747070e-01  3.6691819516e+00 -7.1954969680e-01 -3.1823945923e-01  4.9513637072e+00  6.2826990881e-01 -5.8642957070e-01  4.4944379661e+00  1.2638973388e+00 -2.4389209050e+00  9.0587892483e-01  1.9161477861e+00 -1.6585929089e+00  2.4458559893e+00  5.1992629366e-01  2.0687287692e+00  6.2903232617e-01  1.0349539886e+00  2.7430318248e+00  2.2421107613e+00 -1.1580048990e+00  1.9542024328e+00  3.2691463538e+00 -1.6733167356e+00  1.3187555051e+00  1.6390277933e+00 -1.6083794209e+00 -7.0446985553e-01  5.8044533846e-01 -5.1667803989e-01  3.1182590023e-01 -3.5671500818e-01 -3.5111175707e-01 -1.4470981823e+00 -4.1697690990e-01  9.6515916578e-01  1.4353434684e+00  4.2193893687e+00  2.1328991633e+00  2.9347414039e-01  3.5207569305e+00 -7.0417634739e-01 -7.0217306768e-01  5.8981283662e+00 -1.2996692367e+00 -9.5901887918e-01  4.4021271081e+00
ENERGY -4.045093372655e+02

JOB 11
COORDS  1.0791501707e+00 -1.7248531454e+00  1.7026790486e+00  3.8013564539e-01 -6.1417459645e-01  1.4106688452e+00  3.2870102281e-01  1.9752890916e+00  1.7452516463e+00 -9.2319688407e-01  1.4385509490e+00  2.3805591992e+00  3.2931112709e-01  5.6552473190e-01  2.3384133724e+00 -3.8749666973e-01 -5.3751515988e-01  1.0770851254e-01  1.1039379902e+00  4.7189730214e-01  3.6440166807e+00 -6.0645069413e-01 -3.1777406904e-01  5.0419876859e+00  7.1413781734e-01 -5.9074097323e-01  4.5154136194e+00  1.1110156454e+00 -2.5563212558e+00  1.0026341306e+00  1.6115163358e+00 -1.8559674147e+00  2.6376036533e+00  3.5850604549e-01  2.0786824338e+00  6.6644939369e-01  8.9591430628e-01  2.7338732913e+00  2.2780210550e+00 -1.2147189532e+00  1.8119925980e+00  3.3561608623e+00 -1.7524991568e+00  1.1820158757e+00  1.7302037726e+00 -1.4660451871e+00 -4.4548497744e-01  2.7897042494e-01 -8.5200065714e-02  3.2016748465e-01 -5.0303254933e-01 -2.2384916761e-01 -1.4403790340e+00 -4.8539374465e-01  1.0264446074e+00  1.4237523390e+00  4.1838246701e+00  2.1617019825e+00  2.7152241445e-01  3.4417035068e+00 -5.3657589679e-01 -6.8260375046e-01  5.9938102259e+00 -1.2145426049e+00 -9.6979109095e-01  4.5381099029e+00
ENERGY -4.045098356547e+02

JOB 12
COORDS  8.9166897681e-01 -1.8276920105e+00  1.7700795297e+00  3.7327302132e-01 -6.4037128673e-01  1.4105963744e+00  1.7642428480e-01  1.9360785313e+00  1.7917021710e+00 -1.0064734277e+00  1.3042498370e+00  2.4693413396e+00  3.0296414520e-01  5.2285240021e-01  2.3593380924e+00 -1.5160243395e-01 -4.4643070179e-01  3.7121728427e-03  1.1382677585e+00  4.5449719873e-01  3.6287066103e+00 -4.8165348838e-01 -3.0716275361e-01  5.1523861490e+00  7.9886082979e-01 -5.9377564049e-01  4.5412680749e+00  9.3468926369e-01 -2.6483083738e+00  1.0576265915e+00  1.2706311082e+00 -2.0201094435e+00  2.7673354630e+00  1.4752684866e-01  2.0588929895e+00  7.1520301931e-01  7.0508862773e-01  2.7293536364e+00  2.3132385074e+00 -1.2817628906e+00  1.6421837321e+00  3.4623005444e+00 -1.8401950339e+00  9.8583622554e-01  1.8513727224e+00 -1.1657195142e+00 -3.1003286263e-02 -9.3372842605e-03  4.8362344580e-01  2.4106267256e-01 -5.6663869756e-01 -1.7642475577e-01 -1.3985858668e+00 -5.3176391907e-01  1.0837559916e+00  1.4140239716e+00  4.1572399765e+00  2.1837581045e+00  2.4952037962e-01  3.3745246874e+00 -3.4892578951e-01 -6.6039199741e-01  6.1018954227e+00 -1.1266841857e+00 -9.6097640623e-01  4.6992010241e+00
ENERGY -4.045100747349e+02

JOB 13
COORDS  7.3628839749e-01 -1.9038669377e+00  1.8441356949e+00  4.1734649785e-01 -6.6818394663e-01  1.4220222153e+00  1.0697286097e-01  1.9001758843e+00  1.8101359215e+00 -1.0277957926e+00  1.2028823333e+00  2.5070456392e+00  3.1862961630e-01  4.9570287874e-01  2.3724435523e+00  9.7472246163e-02 -4.2579559520e-01 -3.6382848871e-02  1.2041975556e+00  4.7335998500e-01  3.6098455756e+00 -3.2845049974e-01 -2.7579751013e-01  5.2276377626e+00  9.2445856425e-01 -5.6056343096e-01  4.5607321335e+00  7.9024675086e-01 -2.7314793254e+00  1.1403866317e+00  9.6494219784e-01 -2.1173958744e+00  2.8825060939e+00  4.9849969672e-02  2.0273462276e+00  7.3549393846e-01  5.9759024617e-01  2.7208135153e+00  2.3262628180e+00 -1.3105884804e+00  1.5282140636e+00  3.5022849310e+00 -1.8464208197e+00  8.3043915177e-01  1.8977592326e+00 -8.8812883419e-01  3.6836549536e-02 -1.7066782630e-01  8.3114841327e-01  2.4562800077e-01 -4.9745500565e-01  1.0122911331e-01 -1.3655642457e+00 -5.9416206157e-01  1.1498628408e+00  1.4421193550e+00  4.1209197293e+00  2.2413344107e+00  2.8105739402e-01  3.3160933314e+00 -1.4358873303e-01 -6.0089183570e-01  6.1784917867e+00 -9.8643355019e-01 -9.4964294382e-01  4.8250300619e+00
ENERGY -4.045093794243e+02

JOB 14
COORDS  4.5055833695e-01 -1.9272531414e+00  1.8400681796e+00  3.5788675998e-01 -6.6170632543e-01  1.3991886896e+00 -2.4414924152e-02  1.8956171550e+00  1.8181299635e+00 -1.0995909581e+00  1.1532797433e+00  2.5648552014e+00  2.6237076555e-01  4.9950053487e-01  2.3594393187e+00  2.8913244246e-01 -3.7259567449e-01 -8.2574166683e-02  1.2162774860e+00  4.9406479481e-01  3.5466036230e+00 -1.9587680203e-01 -2.5049181140e-01  5.2702097623e+00  1.0016913220e+00 -5.4327906919e-01  4.5104526412e+00  5.1361186013e-01 -2.7573113755e+00  1.1398189462e+00  5.0533785693e-01 -2.1630398219e+00  2.8975276569e+00 -1.3971376940e-01  2.0281161593e+00  7.4860927812e-01  4.5717809514e-01  2.7329096067e+00  2.3158864890e+00 -1.3502891698e+00  1.4692050207e+00  3.5719778396e+00 -1.9274819682e+00  7.4871843680e-01  1.9890957801e+00 -6.5760166185e-01  1.0883494032e-01 -3.5913269714e-01  1.0930990545e+00  3.0484467167e-01 -3.9321847241e-01  3.7250547623e-01 -1.2950424604e+00 -6.6313627338e-01  1.1758778169e+00  1.4620223343e+00  4.0603313835e+00  2.2378233252e+00  3.1535027866e-01  3.1956682724e+00  5.7148381764e-02 -5.7933731546e-01  6.2039641921e+00 -8.8941017331e-01 -9.1722400268e-01  4.9183305765e+00
ENERGY -4.045079407595e+02

JOB 15
COORDS -3.8411743403e-01 -1.5094695643e+00  1.4481368090e+00  5.5631555086e-01 -5.5950569568e-01  1.3532393539e+00  1.1392535627e+00  1.9485125712e+00  1.8795542771e+00 -3.5512167676e-01  1.7887398369e+00  2.0267117812e+00  5.6775644683e-01  6.1207447732e-01  2.3093347777e+00  1.6861216599e+00 -6.6759862372e-01  3.5933193766e-01  7.1142373092e-01  2.4329925591e-01  3.7772089177e+00  3.0177045741e+00  5.3225274652e-01  4.0997146619e+00  1.9350240346e+00 -4.2999464812e-01  4.0869348946e+00 -3.7860831825e-01 -2.3843823141e+00  8.0255677806e-01 -1.1967683838e+00 -1.4402934079e+00  2.1680794728e+00  1.5375421455e+00  2.0423944611e+00  8.7404505789e-01  1.6733715795e+00  2.5210854991e+00  2.6306657643e+00 -8.4843793982e-01  2.2680015343e+00  2.8689820548e+00 -9.5462292472e-01  1.7369328747e+00  1.1231512505e+00  1.6659530071e+00  1.5270600128e-01 -3.6822450139e-01  2.6547553609e+00 -6.1151288271e-01  8.7063352121e-01  1.6414623207e+00 -1.6087279688e+00 -1.9556836580e-01 -6.3224764924e-02 -4.7405223346e-01  4.0646283501e+00  6.2114381799e-01  1.1391197179e+00  4.4040530221e+00  3.5753265576e+00  2.9513575154e-01  3.2749146235e+00  3.5699952877e+00  2.2680760689e-01  4.9034917384e+00
ENERGY -4.045072968581e+02

JOB 16
COORDS -5.2275728061e-01 -1.3653920568e+00  1.2828756498e+00  5.3163511734e-01 -5.4086827540e-01  1.3416748210e+00  1.0281502143e+00  1.9823120193e+00  1.8470110057e+00 -4.4612196922e-01  1.7551011899e+00  2.0970388134e+00  5.4486475399e-01  6.2252131389e-01  2.3043894474e+00  1.8061228691e+00 -8.1662905005e-01  5.8344395287e-01  7.8158299806e-01  2.3566622919e-01  3.7557628735e+00  3.0844365721e+00  6.2249212448e-01  3.9713614858e+00  2.0479738305e+00 -3.8955900033e-01  3.9898441059e+00 -5.2364089013e-01 -2.2497478998e+00  6.4982264043e-01 -1.4263568169e+00 -1.1702820113e+00  1.8570477776e+00  1.3468333992e+00  2.0897619811e+00  8.1408580850e-01  1.5877159134e+00  2.5812220916e+00  2.5583758974e+00 -8.9483673214e-01  2.2109497538e+00  2.9762909221e+00 -1.1044016605e+00  1.6869698992e+00  1.2368934787e+00  2.0950808154e+00  3.4906767251e-02 -4.3265322384e-02  2.6287091316e+00 -9.9099796822e-01  1.2878713049e+00  1.7128887503e+00 -1.6975327791e+00 -5.8089983818e-02  5.2131734179e-02 -5.2155442376e-01  4.0597956127e+00  6.8768769351e-01  1.1146923687e+00  4.4053055633e+00  3.5959501176e+00  4.4777642589e-01  3.1020114574e+00  3.7026898548e+00  3.1317693728e-01  4.7238885803e+00
ENERGY -4.045089585387e+02

JOB 17
COORDS -5.8021246873e-01 -1.2375344869e+00  1.0648619256e+00  5.3289663877e-01 -5.3998130560e-01  1.3291608436e+00  9.4299592771e-01  1.9741801002e+00  1.8892743575e+00 -5.0982335876e-01  1.6837382457e+00  2.1993982704e+00  5.2765074632e-01  5.8584509447e-01  2.3319281893e+00  1.8726154620e+00 -9.0734181406e-01  7.3908120431e-01  8.4646332564e-01  1.7034656282e-01  3.7608004977e+00  3.1369475146e+00  6.5836079831e-01  3.8891801591e+00  2.1483214721e+00 -3.9914447928e-01  3.9348190371e+00 -5.7512165696e-01 -2.0848403738e+00  3.8265652392e-01 -1.5337765099e+00 -9.7387426994e-01  1.5171114759e+00  1.2087285402e+00  2.1119247059e+00  8.4463610319e-01  1.5124948334e+00  2.5772911093e+00  2.5892126093e+00 -9.3288836781e-01  2.1024553655e+00  3.1090801855e+00 -1.2024922873e+00  1.6198719011e+00  1.3666109106e+00  2.3355811260e+00 -4.4649231918e-02  2.4505959566e-01  2.5536575100e+00 -1.2312888623e+00  1.5345208770e+00  1.7862555034e+00 -1.7164943363e+00  8.1321572474e-03  1.6523019179e-01 -6.2881450625e-01  4.0707840939e+00  7.3580672981e-01  1.0265628732e+00  4.4374983236e+00  3.6093820640e+00  5.2797996334e-01  2.9901798607e+00  3.8062521739e+00  3.5964032626e-01  4.6011400312e+00
ENERGY -4.045106940088e+02

JOB 18
COORDS -6.1783659801e-01 -1.1116019473e+00  8.8067696600e-01  5.1389774812e-01 -5.5401933453e-01  1.3335737529e+00  8.7265192480e-01  1.9554597472e+00  1.8890842453e+00 -5.5927878978e-01  1.6355154060e+00  2.2588632259e+00  5.0026345494e-01  5.5703841223e-01  2.3502439227e+00  1.8742635263e+00 -1.0199567625e+00  8.7080420203e-01  8.9826072566e-01  1.6312053688e-01  3.7668057330e+00  3.1736904369e+00  7.3945392499e-01  3.7968767519e+00  2.2267156469e+00 -3.5062449599e-01  3.9039780653e+00 -6.0118580952e-01 -1.9204986017e+00  1.5345355405e-01 -1.5942417585e+00 -7.8010372021e-01  1.2251039872e+00  1.0915439508e+00  2.0913466023e+00  8.3332762324e-01  1.4612320558e+00  2.5689627014e+00  2.5636416182e+00 -9.5354106953e-01  2.0452747145e+00  3.1851631258e+00 -1.2833249053e+00  1.5673541692e+00  1.4540396273e+00  2.4547194324e+00 -1.7828447499e-01  4.7197907590e-01  2.4413480292e+00 -1.4352873174e+00  1.7103092971e+00  1.7953324166e+00 -1.7818057686e+00  9.0000211027e-02  2.6304141829e-01 -6.6017769652e-01  4.1112126084e+00  7.7459169396e-01  1.0194277070e+00  4.4409843684e+00  3.6181619235e+00  6.0114971963e-01  2.8848272398e+00  3.8779027524e+00  4.8281046555e-01  4.4913948743e+00
ENERGY -4.045113719733e+02

JOB 19
COORDS -5.6153534958e-01 -2.0536676450e-01  3.4411251531e-01  2.7551005049e-01 -4.9856790237e-01  1.3494011628e+00  1.8711867735e+00  1.2877948547e+00  2.3565424598e+00  5.3200681141e-01  1.9688641658e+00  2.1777792699e+00  5.8544550747e-01  4.8223240295e-01  2.4446823324e+00  9.4164690153e-01 -1.8491996562e+00  1.4646400999e+00  2.1883921411e-01  1.0095452326e-02  3.8457409173e+00 -2.0410345075e+00  6.0937676894e-01  3.7485639679e+00 -1.1130815109e+00 -4.8598082973e-01  3.9516306002e+00 -7.7328042988e-01 -9.2249104634e-01 -4.4582391545e-01 -1.0537714932e+00  7.6106777128e-01  2.7244242078e-01  2.4855362789e+00  1.1484488370e+00  1.4715821218e+00  2.4300521754e+00  1.4637231311e+00  3.2730848716e+00  1.6072133207e-01  2.6001772511e+00  2.9785843814e+00  2.7713388897e-01  2.3080118400e+00  1.1792644452e+00  2.0225324401e+00 -1.7398000044e+00  1.6134610356e+00  5.5096052620e-01 -2.4024097306e+00  2.3264525122e+00  7.7306397523e-01 -2.4574089279e+00  5.7186190947e-01  3.7749413034e-01  8.2280174346e-01  4.5666712851e+00  8.3699136049e-01 -8.4453631095e-01  4.1415905766e+00 -2.8135166312e+00  3.4860521396e-01  4.3642118308e+00 -2.3835994229e+00  4.6630861399e-01  2.7938482255e+00
ENERGY -4.045120599768e+02

JOB 20
COORDS -3.7462164002e-01 -1.5850387847e-01  1.9524952065e-01  2.7297278864e-01 -4.8618812961e-01  1.3232905538e+00  1.8169824057e+00  1.3544368873e+00  2.2997539608e+00  4.5052725837e-01  1.9877036313e+00  2.1812370408e+00  5.5898855725e-01  4.9958610811e-01  2.4209061093e+00  8.0009722060e-01 -1.8855326566e+00  1.5438173140e+00  2.7479974121e-01  2.5332983111e-03  3.8305929551e+00 -1.9993857156e+00  5.5145936039e-01  3.8583865487e+00 -1.0403103203e+00 -5.2793889390e-01  3.9913712425e+00 -5.2610862339e-01 -8.8759964110e-01 -5.9728618094e-01 -7.7875108505e-01  8.3509161430e-01  2.4463259198e-02  2.4016363223e+00  1.2432534426e+00  1.3915759409e+00  2.4005026500e+00  1.5351289810e+00  3.1998600809e+00  8.4587627761e-02  2.5883454360e+00  3.0075871556e+00  1.4782719377e-01  2.3415255483e+00  1.2019112402e+00  1.8630102130e+00 -1.8649517378e+00  1.8141076346e+00  2.6521140470e-01 -2.3787411633e+00  2.3627607312e+00  6.8437721379e-01 -2.4989061211e+00  6.4637086511e-01  4.4332736320e-01  8.1015694817e-01  4.5544222985e+00  9.2792505070e-01 -8.3780214994e-01  4.0871191012e+00 -2.7380893890e+00  2.5861089797e-01  4.5004213516e+00 -2.3819356738e+00  4.2821942262e-01  2.9161807038e+00
ENERGY -4.045117591345e+02

JOB 21
COORDS -1.1562785059e-01 -1.3497243155e-01  7.3664028976e-02  3.0327256026e-01 -4.8584812796e-01  1.2996444183e+00  1.7489898493e+00  1.4342288995e+00  2.2690468127e+00  3.4965664674e-01  1.9888783200e+00  2.1867744887e+00  5.4132608248e-01  5.0399829774e-01  2.4075605299e+00  6.5899449861e-01 -1.9238708841e+00  1.6054699305e+00  3.1764237800e-01 -6.8965919612e-03  3.8216757158e+00 -1.9510321427e+00  5.4620567846e-01  4.0055635742e+00 -9.9089859404e-01 -5.3940671440e-01  4.0387359314e+00 -2.1080694965e-01 -8.7469740639e-01 -7.1728676571e-01 -3.8506891582e-01  8.8410835212e-01 -1.8700383373e-01  2.3178186526e+00  1.3531954322e+00  1.3482492710e+00  2.3407423289e+00  1.6406461336e+00  3.1581325792e+00 -3.1586079709e-02  2.5547506367e+00  3.0303425536e+00 -3.1593572858e-03  2.3358779838e+00  1.2220600329e+00  1.6911021753e+00 -2.0036204086e+00  1.9692413898e+00  7.1010554520e-03 -2.3333836383e+00  2.3840455351e+00  5.6328800038e-01 -2.5492513160e+00  7.1416381581e-01  5.1363091580e-01  7.9433214181e-01  4.5449474493e+00  9.8228113895e-01 -8.4686363762e-01  4.0455165330e+00 -2.6413060840e+00  2.4114837281e-01  4.6941743803e+00 -2.4053119501e+00  4.5073852708e-01  3.0927063577e+00
ENERGY -4.045106538165e+02

JOB 22
COORDS  1.9369198279e-01 -1.2404899681e-01 -5.9765380035e-03  3.5987369870e-01 -4.9411668063e-01  1.2744899584e+00  1.6538219053e+00  1.5322715140e+00  2.2498842211e+00  2.1397708627e-01  1.9618177797e+00  2.1900251820e+00  5.3736560911e-01  4.9321416890e-01  2.3999222749e+00  4.8201191598e-01 -1.9605483894e+00  1.6272824934e+00  3.6520692655e-01 -3.0313662522e-02  3.8153422901e+00 -1.8900561957e+00  5.2084606186e-01  4.1567657068e+00 -9.3463637772e-01 -5.6623299856e-01  4.0849466383e+00  1.2771324207e-01 -8.6670505247e-01 -7.9662619381e-01  1.1750072516e-01  9.1397558487e-01 -3.1756953676e-01  2.2178837004e+00  1.4942188041e+00  1.3236948505e+00  2.2357662018e+00  1.7893824009e+00  3.1320124556e+00 -2.0206026420e-01  2.4883623287e+00  3.0424042643e+00 -1.9627928892e-01  2.2641831450e+00  1.2324399074e+00  1.4635292247e+00 -2.1779872154e+00  2.0671871226e+00 -2.7342054135e-01 -2.2582468668e+00  2.3608253132e+00  3.6865398161e-01 -2.5839365114e+00  7.3674145256e-01  5.8409072914e-01  7.6606931615e-01  4.5365923762e+00  1.0400336135e+00 -8.6895614587e-01  4.0111459122e+00 -2.5244369794e+00  1.9997866626e-01  4.8905791107e+00 -2.4170121641e+00  4.5136642230e-01  3.2816579446e+00
ENERGY -4.045093228344e+02

JOB 23
COORDS  5.1999470569e-01 -1.4250661326e-01 -4.1011905900e-02  4.2413613780e-01 -5.0453285668e-01  1.2494996123e+00  1.5317534813e+00  1.6339019765e+00  2.2278866949e+00  5.9306234136e-02  1.9189280461e+00  2.1579956941e+00  5.3148673076e-01  4.8649659759e-01  2.3837811370e+00  2.6259086094e-01 -1.9655332758e+00  1.6100106890e+00  4.0729673468e-01 -3.9895643616e-02  3.8030118261e+00 -1.8284013990e+00  4.8997871593e-01  4.2990239189e+00 -8.7697000026e-01 -5.8846242083e-01  4.1272051269e+00  4.5843738345e-01 -8.8184791875e-01 -8.3483686839e-01  6.5614551963e-01  8.8837576415e-01 -3.5827348798e-01  2.1112008603e+00  1.6466342977e+00  1.3108380456e+00  2.0754496426e+00  1.9553786455e+00  3.1128080008e+00 -4.0858471497e-01  2.4182095492e+00  2.9999246008e+00 -3.7916100681e-01  2.1417051324e+00  1.1903250163e+00  1.1380369208e+00 -2.3355408662e+00  2.1579801522e+00 -6.0525852138e-01 -2.1265257529e+00  2.2557020483e+00  1.5313783105e-01 -2.5744871157e+00  7.0902781760e-01  6.4070625062e-01  7.5856775822e-01  4.5164792182e+00  1.0988740183e+00 -8.7020301967e-01  3.9759619619e+00 -2.3947625802e+00  1.5522921347e-01  5.0808867459e+00 -2.4299826150e+00  4.3022802056e-01  3.4729086953e+00
ENERGY -4.045082097698e+02

