JOB 0
COORDS  1.7130205710e+00 -1.1986053562e+00 -1.0983823053e-01  2.1739081010e+00 -2.1344857029e+00 -9.5403853695e-01  4.2975233817e-01 -5.6664728810e-01 -6.0366815607e-01  1.2624002271e+00 -2.2942924990e+00 -2.1577986990e+00 -1.3353741140e-02 -1.5202636416e+00 -1.7433362983e+00  3.6378621105e+00 -3.8002221826e+00  4.3680967313e-01  4.5339158158e+00 -2.6153107997e+00  1.0644045721e-01  3.3887093798e+00 -2.9684429856e+00 -7.9670920603e-01  3.7563612184e+00 -3.5904542418e+00 -1.9917105054e+00  2.2093383637e+00 -8.7913858070e-01  8.0376391931e-01 -3.2941056585e-01 -4.7305435203e-01  1.8157491376e-01  6.2293315032e-01  4.5088597492e-01 -9.7305237467e-01  1.7410274757e+00 -1.8625461869e+00 -3.0462553509e+00  1.0637297158e+00 -3.3445454336e+00 -2.3944670041e+00 -7.5279621169e-01 -2.2274571436e+00 -1.3536607713e+00 -4.7694331121e-01 -9.9203093996e-01 -2.5812255301e+00  4.0495568803e+00 -4.7928739174e+00  2.8011251055e-01  2.9210126729e+00 -3.7069057688e+00  1.2466716735e+00  4.4524899224e+00 -1.7068550975e+00  6.9532949216e-01  5.5272770001e+00 -2.8369426324e+00 -2.7077438394e-01
ENERGY -4.113437044241e+02

JOB 1
COORDS  1.7896325846e+00 -1.0673691899e+00 -1.9280525453e-01  2.2161359569e+00 -2.0685374146e+00 -9.7699574536e-01  4.6003200779e-01 -5.0990951566e-01 -6.5185595504e-01  1.2339463092e+00 -2.3537330311e+00 -2.0991694311e+00 -3.1935514714e-02 -1.5697223850e+00 -1.6722057108e+00  3.5928114166e+00 -3.8846756176e+00  3.0177021878e-01  4.4839670981e+00 -2.6502811272e+00  2.3398896657e-01  3.4415609246e+00 -2.8822448851e+00 -8.1572844714e-01  3.9361458073e+00 -3.3260335830e+00 -2.0462112590e+00  2.3393182241e+00 -6.5582876202e-01  6.5011080052e-01 -2.4767796917e-01 -3.6295339821e-01  1.7227652469e-01  6.0241559004e-01  4.7492435405e-01 -1.1193988318e+00  1.6440290943e+00 -1.9938287131e+00 -3.0511650888e+00  1.0467627123e+00 -3.4253356237e+00 -2.2277695765e+00 -7.2843571621e-01 -2.2521279974e+00 -1.1741553510e+00 -5.6044114770e-01 -1.1264475252e+00 -2.5208180545e+00  4.0435008108e+00 -4.8383762176e+00  4.3145091578e-02  2.8061238428e+00 -3.9188627439e+00  1.0488747235e+00  4.3297860370e+00 -1.8475603356e+00  9.4797635710e-01  5.5131130443e+00 -2.8012850635e+00 -7.5696384922e-02
ENERGY -4.113443441328e+02

JOB 2
COORDS  1.8381392719e+00 -9.7662847892e-01 -2.6063422136e-01  2.2288123217e+00 -2.0418899679e+00 -9.7494389787e-01  4.8847541358e-01 -4.5687528502e-01 -7.0330722289e-01  1.2023497483e+00 -2.4121576528e+00 -2.0301569302e+00 -4.5897964083e-02 -1.5941800706e+00 -1.6137974920e+00  3.5897756179e+00 -3.9518258413e+00  1.7523385249e-01  4.4251483032e+00 -2.6840703409e+00  3.3151174092e-01  3.4745041258e+00 -2.8235209056e+00 -8.1574373158e-01  4.0784390557e+00 -3.0880950557e+00 -2.0512708160e+00  2.4288768005e+00 -4.9938620293e-01  5.1718511162e-01 -1.8252938841e-01 -2.4183223532e-01  1.3636681221e-01  6.1040351614e-01  4.8665641331e-01 -1.2541806568e+00  1.5721513053e+00 -2.1276596776e+00 -3.0232465338e+00  1.0107233502e+00 -3.4904571192e+00 -2.0658152678e+00 -7.1981801853e-01 -2.2327073549e+00 -1.0332849477e+00 -6.1092778203e-01 -1.2184773721e+00 -2.4713426979e+00  4.1028385879e+00 -4.8474615091e+00 -1.6247309277e-01  2.7582154921e+00 -4.1116582468e+00  8.5467335713e-01  4.1806380101e+00 -1.9917532797e+00  1.1305182010e+00  5.4804733457e+00 -2.7562085925e+00  8.8876025724e-02
ENERGY -4.113448205545e+02

JOB 3
COORDS  1.8730488396e+00 -9.0743743194e-01 -3.2126873512e-01  2.2280766399e+00 -2.0321146772e+00 -9.5835447248e-01  5.1545957465e-01 -4.0750399999e-01 -7.6036899908e-01  1.1681395879e+00 -2.4663945775e+00 -1.9540496732e+00 -5.9441278153e-02 -1.6062464951e+00 -1.5614077623e+00  3.6115417198e+00 -4.0053139586e+00  5.3610357674e-02  4.3636423075e+00 -2.7245207286e+00  4.1337104839e-01  3.4974027793e+00 -2.7780389461e+00 -8.0568221470e-01  4.1948448668e+00 -2.8600881214e+00 -2.0192371829e+00  2.4970962319e+00 -3.8142003366e-01  3.9697985323e-01 -1.2580930570e-01 -1.1628720813e-01  7.9502563922e-02  6.3148220680e-01  4.8694018165e-01 -1.3888968052e+00  1.5102054484e+00 -2.2567818601e+00 -2.9756131693e+00  9.6523077967e-01 -3.5422951041e+00 -1.9061750205e+00 -7.1775775713e-01 -2.1908039418e+00 -9.1036762051e-01 -6.5086923557e-01 -1.2917964101e+00 -2.4256938218e+00  4.1957707843e+00 -4.8292783186e+00 -3.4509823500e-01  2.7510927591e+00 -4.2861942929e+00  6.5360865922e-01  4.0262596539e+00 -2.1458341521e+00  1.2670894773e+00  5.4353745099e+00 -2.7187786990e+00  2.4221934466e-01
ENERGY -4.113447006780e+02

JOB 4
COORDS  1.9005375178e+00 -8.4729883463e-01 -3.7975760947e-01  2.2233520848e+00 -2.0249781017e+00 -9.3261953309e-01  5.3964539452e-01 -3.6243741733e-01 -8.2332378563e-01  1.1340895299e+00 -2.5166822699e+00 -1.8681348651e+00 -7.2330042827e-02 -1.6121739142e+00 -1.5113631428e+00  3.6464368788e+00 -4.0444570060e+00 -6.9205553748e-02  4.3023353976e+00 -2.7784591745e+00  4.8455941308e-01  3.5161185432e+00 -2.7355285696e+00 -7.8868546404e-01  4.2925178992e+00 -2.6325777873e+00 -1.9532538964e+00  2.5525095946e+00 -2.7882637136e-01  2.7925010559e-01 -7.5480848149e-02  7.3597553864e-03  5.0530614586e-03  6.5378614230e-01  4.7560369244e-01 -1.5256425485e+00  1.4530802475e+00 -2.3869349681e+00 -2.9106930754e+00  9.1813702472e-01 -3.5830624021e+00 -1.7367238180e+00 -7.1822919967e-01 -2.1348311663e+00 -7.9818230925e-01 -6.8470398937e-01 -1.3581942775e+00 -2.3808628876e+00  4.3011651990e+00 -4.7872467302e+00 -5.1473619225e-01  2.7691376314e+00 -4.4371910008e+00  4.3669153300e-01  3.8775579861e+00 -2.3187602948e+00  1.3711169782e+00  5.3811281216e+00 -2.7035119368e+00  3.9068118226e-01
ENERGY -4.113439989436e+02

JOB 5
COORDS  1.9254404772e+00 -7.8522292806e-01 -4.4512407174e-01  2.2238520571e+00 -2.0082186929e+00 -9.0620884836e-01  5.5977626089e-01 -3.2233514456e-01 -8.9596516221e-01  1.1060685598e+00 -2.5601719089e+00 -1.7725933827e+00 -8.3129134865e-02 -1.6199630340e+00 -1.4543803603e+00  3.6837978259e+00 -4.0665893470e+00 -1.9900902429e-01  4.2373764419e+00 -2.8529839899e+00  5.5004654785e-01  3.5360065618e+00 -2.6877561820e+00 -7.6357676760e-01  4.3875675238e+00 -2.4035485619e+00 -1.8432037399e+00  2.6001391245e+00 -1.7286826444e-01  1.4877595829e-01 -2.9296254744e-02  1.2981287878e-01 -8.9879778711e-02  6.6639201714e-01  4.4666378556e-01 -1.6744707428e+00  1.3974485632e+00 -2.5119385705e+00 -2.8306341719e+00  8.8425643335e-01 -3.6114313042e+00 -1.5569315197e+00 -7.0629130694e-01 -2.0751966013e+00 -6.7750619814e-01 -7.2369759326e-01 -1.4356644936e+00 -2.3210879110e+00  4.4038010799e+00 -4.7214955101e+00 -6.7986976379e-01  2.7959677575e+00 -4.5562627697e+00  1.9098535757e-01  3.7299980049e+00 -2.5209210558e+00  1.4501071525e+00  5.3153167139e+00 -2.7240970809e+00  5.4469401911e-01
ENERGY -4.113427978914e+02

JOB 6
COORDS  1.9539176700e+00 -7.1798517193e-01 -5.2625703507e-01  2.2353980895e+00 -1.9780082572e+00 -8.8864950840e-01  5.7646415934e-01 -2.8802439921e-01 -9.7285929058e-01  1.0846814786e+00 -2.5989787521e+00 -1.6609832005e+00 -8.9520910193e-02 -1.6265740027e+00 -1.3884657152e+00  3.7222828613e+00 -4.0689020533e+00 -3.4012606701e-01  4.1616339697e+00 -2.9500307333e+00  6.0446013831e-01  3.5612261515e+00 -2.6337814003e+00 -7.3359358981e-01  4.4887402247e+00 -2.1813935329e+00 -1.6855639366e+00  2.6500994853e+00 -5.7602698576e-02 -1.4195890712e-02  1.6749953228e-02  2.3972986490e-01 -1.9215384639e-01  6.5901027333e-01  4.0598139672e-01 -1.8215901546e+00  1.3382612102e+00 -2.6502967301e+00 -2.7289472285e+00  8.6319781499e-01 -3.6243889309e+00 -1.3444704827e+00 -6.8679651182e-01 -2.0060241590e+00 -5.5281060755e-01 -7.5896803010e-01 -1.5179615162e+00 -2.2460849049e+00  4.5067747102e+00 -4.6296464821e+00 -8.3843680969e-01  2.8295136524e+00 -4.6370359832e+00 -9.4980118297e-02  3.5679814735e+00 -2.7514632087e+00  1.4910447301e+00  5.2301433874e+00 -2.7878020254e+00  7.0883111030e-01
ENERGY -4.113415387966e+02

JOB 7
COORDS  1.9844960176e+00 -6.4549324994e-01 -6.3121255046e-01  2.2601057533e+00 -1.9328601617e+00 -8.8709423401e-01  5.8827449141e-01 -2.6096990396e-01 -1.0603764664e+00  1.0742786646e+00 -2.6340496077e+00 -1.5263777665e+00 -8.9195968040e-02 -1.6332083546e+00 -1.3153676991e+00  3.7725547879e+00 -4.0458007990e+00 -4.9294184869e-01  4.0614654699e+00 -3.0713323254e+00  6.4591216759e-01  3.5898577803e+00 -2.5716439903e+00 -6.9030215324e-01  4.5941674672e+00 -1.9676791419e+00 -1.4606860695e+00  2.6991363891e+00  6.4752118708e-02 -2.2211433421e-01  5.9960694350e-02  3.3777323681e-01 -3.0945944544e-01  6.2908349979e-01  3.4959456619e-01 -1.9736871689e+00  1.2781713122e+00 -2.8158198242e+00 -2.5908186988e+00  8.6335675951e-01 -3.6126733843e+00 -1.0805500195e+00 -6.6005718567e-01 -1.9243408748e+00 -4.2764065093e-01 -7.8538282671e-01 -1.6113712817e+00 -2.1581530536e+00  4.6290385026e+00 -4.4974783243e+00 -9.8321672709e-01  2.8891873361e+00 -4.6743184029e+00 -4.3263313442e-01  3.3681749064e+00 -3.0200796277e+00  1.4795447823e+00  5.1041172610e+00 -2.8931894427e+00  8.9134266319e-01
ENERGY -4.113409305048e+02

JOB 8
COORDS  2.0212200316e+00 -5.7567640220e-01 -7.5965415463e-01  2.2964217755e+00 -1.8807029142e+00 -9.0290510092e-01  6.0090189787e-01 -2.4337937120e-01 -1.1541794393e+00  1.0783644801e+00 -2.6554400668e+00 -1.3733826173e+00 -7.8484968231e-02 -1.6362629041e+00 -1.2182095054e+00  3.8317704091e+00 -3.9978055349e+00 -6.5184716045e-01  3.9291928957e+00 -3.2159163756e+00  6.5255933480e-01  3.6150615684e+00 -2.5113779535e+00 -6.3861883095e-01  4.6810507844e+00 -1.7818316728e+00 -1.1754080223e+00  2.7506623313e+00  1.7612854553e-01 -4.6960595493e-01  1.0913261201e-01  4.3093916019e-01 -4.4353792352e-01  5.8385746007e-01  2.6498036449e-01 -2.1287127281e+00  1.2169363808e+00 -2.9741526232e+00 -2.4158457749e+00  8.9919184025e-01 -3.5678699823e+00 -7.9231599634e-01 -6.0208684433e-01 -1.8258772477e+00 -2.7568263140e-01 -8.1619345556e-01 -1.7122041757e+00 -2.0216845089e+00  4.7637463986e+00 -4.3399671023e+00 -1.0902725371e+00  2.9785020323e+00 -4.6490606697e+00 -8.1244087092e-01  3.1304632314e+00 -3.3098124192e+00  1.3820530047e+00  4.9210802518e+00 -3.0548994303e+00  1.0638590102e+00
ENERGY -4.113418915991e+02

JOB 9
COORDS  2.0475841936e+00 -5.3411689914e-01 -8.7087745464e-01  2.3153563348e+00 -1.8483877884e+00 -8.9102351000e-01  6.1150137538e-01 -2.3963404576e-01 -1.2403972181e+00  1.0810976846e+00 -2.6627605127e+00 -1.2342088395e+00 -6.9083000413e-02 -1.6292622202e+00 -1.1343714554e+00  3.8923187839e+00 -3.9390943783e+00 -7.7210568895e-01  3.8252882061e+00 -3.3468408380e+00  6.2825036311e-01  3.6214171262e+00 -2.4708794332e+00 -5.7962913075e-01  4.7042004830e+00 -1.6495010544e+00 -8.9398847554e-01  2.7880014259e+00  2.3885158370e-01 -6.8550467554e-01  1.4823795565e-01  5.0284965975e-01 -5.8029462352e-01  5.5135698723e-01  1.6901735165e-01 -2.2591385602e+00  1.1764151459e+00 -3.0791552719e+00 -2.2465916834e+00  9.2684090367e-01 -3.5148763124e+00 -5.6099666658e-01 -5.5222834151e-01 -1.7208473871e+00 -1.5631832867e-01 -8.3958830684e-01 -1.7847368248e+00 -1.8945597907e+00  4.8760984053e+00 -4.1948459783e+00 -1.1524706532e+00  3.0836021720e+00 -4.5777774033e+00 -1.1123634673e+00  2.9603230889e+00 -3.5598318643e+00  1.2491874905e+00  4.7620504896e+00 -3.2183591583e+00  1.1615699605e+00
ENERGY -4.113439669753e+02

JOB 10
COORDS  2.0612021076e+00 -5.2137377963e-01 -9.5116396431e-01  2.3106359133e+00 -1.8351111099e+00 -8.4351404484e-01  6.2206322917e-01 -2.4683659299e-01 -1.3266563974e+00  1.0658092782e+00 -2.6607426272e+00 -1.1160603865e+00 -7.0591725559e-02 -1.6094642272e+00 -1.0689963125e+00  3.9544145899e+00 -3.8735824927e+00 -8.5888559045e-01  3.7688510926e+00 -3.4624788431e+00  5.9363600043e-01  3.6113419027e+00 -2.4480633523e+00 -5.1033820545e-01  4.6764237220e+00 -1.5583804868e+00 -6.3008210303e-01  2.8121011071e+00  2.5526271498e-01 -8.4253259407e-01  1.7658624420e-01  5.6533947388e-01 -7.4073280243e-01  5.5001967618e-01  5.3660709946e-02 -2.3818899334e+00  1.1407891090e+00 -3.1359710380e+00 -2.1040746183e+00  9.1270372304e-01 -3.4689388288e+00 -3.9090190247e-01 -5.1356458911e-01 -1.6042689050e+00 -6.7799297153e-02 -8.7217100732e-01 -1.8238561441e+00 -1.7814014735e+00  4.9703102808e+00 -4.0486691870e+00 -1.1983031886e+00  3.1941911801e+00 -4.4868407402e+00 -1.3319242691e+00  2.8775434627e+00 -3.7842542919e+00  1.1232338575e+00  4.6621318166e+00 -3.3656190273e+00  1.2025548179e+00
ENERGY -4.113455709248e+02

JOB 11
COORDS  2.0716987305e+00 -5.2799409472e-01 -1.0168143487e+00  2.2950282746e+00 -1.8294627895e+00 -7.7917919740e-01  6.3514039327e-01 -2.6067578273e-01 -1.4064678149e+00  1.0367634821e+00 -2.6541177909e+00 -9.8660077548e-01 -8.0546649139e-02 -1.5822400397e+00 -1.0278663203e+00  4.0168168313e+00 -3.7957366666e+00 -9.3450203022e-01  3.7412150136e+00 -3.5706526029e+00  5.4402429577e-01  3.5958980199e+00 -2.4354661124e+00 -4.3782859693e-01  4.6258749401e+00 -1.5004823649e+00 -3.7909243869e-01  2.8372681776e+00  2.4065859611e-01 -9.7991379856e-01  2.0763673440e-01  6.0760776938e-01 -8.9193831740e-01  5.6225553432e-01 -5.2285851371e-02 -2.4837202610e+00  1.1009775830e+00 -3.2079397560e+00 -1.9337223716e+00  8.6844484202e-01 -3.3973395893e+00 -1.9894912484e-01 -5.1774104993e-01 -1.4815967476e+00 -2.9239819017e-02 -8.8947446509e-01 -1.8438922656e+00 -1.7157953212e+00  5.0545211336e+00 -3.8900535939e+00 -1.2383816338e+00  3.3068073254e+00 -4.3718743149e+00 -1.5191406403e+00  2.8429257394e+00 -3.9924277439e+00  9.8312572477e-01  4.5992805221e+00 -3.5142170339e+00  1.2061703821e+00
ENERGY -4.113459732480e+02

JOB 12
COORDS  2.0834500108e+00 -5.5039924161e-01 -1.0817704947e+00  2.2785048983e+00 -1.8264187491e+00 -7.1590217063e-01  6.5067074966e-01 -2.8280771572e-01 -1.4821351410e+00  1.0016616514e+00 -2.6389761394e+00 -8.3938054916e-01 -9.3305660852e-02 -1.5537760925e+00 -9.9800418232e-01  4.0831691695e+00 -3.7003555196e+00 -1.0039932982e+00  3.7195862104e+00 -3.6757101255e+00  4.7315162413e-01  3.5797572420e+00 -2.4311322430e+00 -3.6549668540e-01  4.5658090271e+00 -1.4767468473e+00 -1.2558962112e-01  2.8666361791e+00  2.0046494021e-01 -1.1205774990e+00  2.4607405559e-01  6.3218806881e-01 -1.0341308001e+00  5.7576567930e-01 -1.5526950764e-01 -2.5717535140e+00  1.0510924890e+00 -3.2965708039e+00 -1.7189485147e+00  8.1746372612e-01 -3.2849642726e+00  2.5877689963e-02 -5.4684950870e-01 -1.3567001894e+00 -2.1492220912e-02 -8.9505579628e-01 -1.8626455052e+00 -1.6745505980e+00  5.1382534326e+00 -3.7188863048e+00 -1.2584626736e+00  3.4287644712e+00 -4.2188586487e+00 -1.6976778011e+00  2.8202966671e+00 -4.1867976324e+00  8.0034646080e-01  4.5390464197e+00 -3.6758262461e+00  1.1846575814e+00
ENERGY -4.113452301369e+02

JOB 13
COORDS  2.0952457157e+00 -5.8814372621e-01 -1.1529972181e+00  2.2639755720e+00 -1.8273185763e+00 -6.6754781391e-01  6.6426542712e-01 -3.2064903535e-01 -1.5583891204e+00  9.6637441407e-01 -2.6145944356e+00 -6.9433428588e-01 -1.0463583014e-01 -1.5248166056e+00 -9.5580392721e-01  4.1601239077e+00 -3.5869693667e+00 -1.0581873668e+00  3.6911622864e+00 -3.7725284217e+00  3.7825598555e-01  3.5631838021e+00 -2.4330989856e+00 -2.9575734170e-01  4.4901669903e+00 -1.4879498672e+00  1.4196451099e-01  2.8950425148e+00  1.3772741337e-01 -1.2682990657e+00  2.8708735171e-01  6.4101175454e-01 -1.1917499749e+00  5.8097104346e-01 -2.8987684353e-01 -2.6545095710e+00  9.8695105416e-01 -3.3674190620e+00 -1.4958569439e+00  7.8151930202e-01 -3.1560332149e+00  2.3972904109e-01 -5.5169656564e-01 -1.2271882464e+00 -2.1697838611e-03 -9.1472217883e-01 -1.8774239624e+00 -1.6002087302e+00  5.2306019884e+00 -3.5421724674e+00 -1.2331746891e+00  3.5743128815e+00 -4.0216326918e+00 -1.8624145204e+00  2.7924082794e+00 -4.3514574104e+00  5.6368334834e-01  4.4584531568e+00 -3.8496550244e+00  1.1419350595e+00
ENERGY -4.113436748831e+02

JOB 14
COORDS  2.1061782081e+00 -6.5148454856e-01 -1.2443040827e+00  2.2479425658e+00 -1.8448400310e+00 -6.4890309842e-01  6.7327820686e-01 -3.6794012771e-01 -1.6307966207e+00  9.2379152213e-01 -2.5821431356e+00 -5.6487790392e-01 -1.1718399859e-01 -1.4832954547e+00 -8.9772359918e-01  4.2609084977e+00 -3.4634744000e+00 -1.0804373776e+00  3.6622598056e+00 -3.8602483870e+00  2.6397538171e-01  3.5406523332e+00 -2.4488348215e+00 -2.3467265797e-01  4.3770826582e+00 -1.5384044330e+00  4.1603060221e-01  2.9256197140e+00  3.2235596947e-02 -1.4498539938e+00  3.4280256499e-01  6.3651871679e-01 -1.3422908701e+00  5.5668575868e-01 -4.3191932492e-01 -2.7224542252e+00  8.9316128256e-01 -3.4061354974e+00 -1.2932002592e+00  7.5544877104e-01 -3.0297346409e+00  4.2074195798e-01 -5.2415575036e-01 -1.0822243913e+00  3.5746469457e-02 -9.5844753247e-01 -1.8627730614e+00 -1.4843168493e+00  5.3409198569e+00 -3.3674837654e+00 -1.1369705545e+00  3.7738081397e+00 -3.7996880481e+00 -1.9908644477e+00  2.7749183918e+00 -4.4853818818e+00  2.7594946486e-01  4.3551201173e+00 -4.0229371387e+00  1.0833902564e+00
ENERGY -4.113419083088e+02

JOB 15
COORDS  2.1097771731e+00 -7.4752544810e-01 -1.3521112583e+00  2.2227400505e+00 -1.8904322956e+00 -6.6042075009e-01  6.7518718226e-01 -4.2546442905e-01 -1.7002154637e+00  8.6881788150e-01 -2.5415781395e+00 -4.4171275554e-01 -1.3147657850e-01 -1.4222290250e+00 -8.2597859400e-01  4.3832179064e+00 -3.3251481685e+00 -1.0688865666e+00  3.6552245154e+00 -3.9421085688e+00  1.2281276977e-01  3.5037923811e+00 -2.4838508642e+00 -1.8780403023e-01  4.2019674973e+00 -1.6332043973e+00  6.7820327196e-01  2.9501547491e+00 -1.2768539626e-01 -1.6551399773e+00  4.1167903242e-01  6.1848979592e-01 -1.4955367170e+00  5.0085608973e-01 -5.8510798656e-01 -2.7742023040e+00  7.5719601932e-01 -3.4244995461e+00 -1.0880405812e+00  7.3581478365e-01 -2.8906389142e+00  5.8822017888e-01 -4.6654512282e-01 -9.1335144269e-01  8.3255259598e-02 -1.0213929137e+00 -1.8054766509e+00 -1.3329716658e+00  5.4545141250e+00 -3.1774181986e+00 -9.7120248728e-01  4.0310616673e+00 -3.5487657788e+00 -2.0712247439e+00  2.8112812244e+00 -4.5998649253e+00 -6.3097281707e-02  4.2569234495e+00 -4.1943283958e+00  9.9022128875e-01
ENERGY -4.113408329894e+02

JOB 16
COORDS  2.1078296314e+00 -8.5738504745e-01 -1.4446794010e+00  2.1923123363e+00 -1.9450434881e+00 -6.6595135164e-01  6.7736985945e-01 -4.9111296579e-01 -1.7654299722e+00  8.1770576427e-01 -2.4901483615e+00 -3.2146605002e-01 -1.3871048255e-01 -1.3546635768e+00 -7.6618601520e-01  4.4799883022e+00 -3.1829828825e+00 -1.0327741877e+00  3.6746664402e+00 -4.0108964034e+00 -3.1069204313e-02  3.4563044151e+00 -2.5347049361e+00 -1.4752800555e-01  4.0005776321e+00 -1.7790671426e+00  9.0149171679e-01  2.9655602908e+00 -3.1522918933e-01 -1.8360734077e+00  4.7901784385e-01  5.8068278114e-01 -1.6518988420e+00  4.4676367762e-01 -7.4079227675e-01 -2.8111801203e+00  6.2723114944e-01 -3.4226228867e+00 -8.7195941625e-01  7.2078946257e-01 -2.7316272472e+00  7.4267407350e-01 -4.0012121209e-01 -7.4447898243e-01  1.0404261364e-01 -1.0722551596e+00 -1.7291343443e+00 -1.1952749437e+00  5.5219428457e+00 -2.9971817871e+00 -7.9049728666e-01  4.2541813073e+00 -3.2777340613e+00 -2.0902082792e+00  2.9009193550e+00 -4.6755610265e+00 -4.0474096148e-01  4.1987176542e+00 -4.3605049507e+00  8.5287663332e-01
ENERGY -4.113411396001e+02

JOB 17
COORDS  2.1020809300e+00 -9.5839409853e-01 -1.5145449367e+00  2.1676654757e+00 -1.9843841918e+00 -6.5481707941e-01  6.7709407820e-01 -5.5960818021e-01 -1.8217433503e+00  7.8553458430e-01 -2.4312497236e+00 -2.1352449461e-01 -1.3721612975e-01 -1.2948639467e+00 -7.2301050356e-01  4.5417358252e+00 -3.0601955240e+00 -9.8174521991e-01  3.7006681186e+00 -4.0550860892e+00 -1.7979665949e-01  3.4133396589e+00 -2.5870558789e+00 -1.1618055981e-01  3.8206564643e+00 -1.9613443569e+00  1.0720959903e+00  2.9678395755e+00 -4.9001600711e-01 -1.9770880580e+00  5.2812059582e-01  5.2581881860e-01 -1.7983880594e+00  3.9870124831e-01 -8.9004282399e-01 -2.8327831890e+00  5.3604716888e-01 -3.3994512717e+00 -6.7030941399e-01  7.2161802355e-01 -2.5721540191e+00  8.7077897998e-01 -3.3839864460e-01 -6.0008708574e-01  9.8420784819e-02 -1.1019294215e+00 -1.6606831720e+00 -1.0853608635e+00  5.5467227262e+00 -2.8657445581e+00 -6.2014122762e-01  4.4156613739e+00 -3.0207764009e+00 -2.0589611465e+00  2.9993999833e+00 -4.6917313789e+00 -7.1172572588e-01  4.1654494783e+00 -4.5031388867e+00  6.9299232487e-01
ENERGY -4.113424141824e+02

JOB 18
COORDS  2.0942436059e+00 -1.0454375715e+00 -1.5662103406e+00  2.1526289904e+00 -2.0018125994e+00 -6.2919639291e-01  6.7296565944e-01 -6.2977992919e-01 -1.8695685958e+00  7.7092360786e-01 -2.3682831382e+00 -1.1849779127e-01 -1.3101276307e-01 -1.2464299557e+00 -6.9314498783e-01  4.5815017182e+00 -2.9622929308e+00 -9.2235697767e-01  3.7219200053e+00 -4.0739280764e+00 -3.1887637504e-01  3.3810442746e+00 -2.6316999172e+00 -9.0332751359e-02  3.6782150006e+00 -2.1608324635e+00  1.1973264757e+00  2.9593970378e+00 -6.4091888559e-01 -2.0861877621e+00  5.5630518131e-01  4.5798506114e-01 -1.9332559391e+00  3.5633605523e-01 -1.0342151936e+00 -2.8416621455e+00  4.8280146960e-01 -3.3616143464e+00 -4.9052523109e-01  7.3430101741e-01 -2.4205340170e+00  9.7459674228e-01 -2.8702703012e-01 -4.8155673824e-01  7.4030102448e-02 -1.1165361232e+00 -1.6085644134e+00 -9.9865795195e-01  5.5501488896e+00 -2.7885267872e+00 -4.6435343681e-01  4.5336484771e+00 -2.7910497564e+00 -1.9928538769e+00  3.0816777085e+00 -4.6515569268e+00 -9.7929105874e-01  4.1373083305e+00 -4.6191401902e+00  5.2318588645e-01
ENERGY -4.113438201837e+02

JOB 19
COORDS  1.2261872742e+00 -1.7531271426e+00  1.6479464123e-01  1.9836974023e+00 -2.3488853903e+00 -7.6697306198e-01  1.8085570653e-01 -8.4701207057e-01 -4.4547068027e-01  1.5529212372e+00 -1.9572618598e+00 -2.1691639034e+00  1.8566498379e-01 -1.2655023543e+00 -1.9399288170e+00  3.9587797863e+00 -3.2643425810e+00  7.1065668712e-01  4.5562780529e+00 -2.7846455321e+00 -6.1115446813e-01  3.1308087414e+00 -3.2548112138e+00 -5.3643607948e-01  2.9121870623e+00 -4.5191663412e+00 -1.1018243673e+00  1.3639746150e+00 -1.8649481354e+00  1.2373995780e+00 -8.0385080727e-01 -9.6382351638e-01  2.1038632766e-02  4.6516022435e-01  2.0692339650e-01 -3.1369304731e-01  2.2929108899e+00 -1.2748188238e+00 -2.6107812990e+00  1.4835429929e+00 -2.8209430599e+00 -2.8378355413e+00 -6.1741324125e-01 -1.9889875833e+00 -2.1122853969e+00  1.7603784139e-02 -4.2280649167e-01 -2.6162339820e+00  4.2765172638e+00 -4.2383396387e+00  1.0688463198e+00  3.7475160495e+00 -2.5317234132e+00  1.4826413282e+00  4.7342618834e+00 -1.7216625172e+00 -7.4405385445e-01  5.2631872115e+00 -3.4443045067e+00 -1.1053750962e+00
ENERGY -4.113447681842e+02

JOB 20
COORDS  1.2957181756e+00 -1.6899920671e+00  1.4450642611e-01  1.9833517635e+00 -2.3635723125e+00 -7.8929528956e-01  2.4195761130e-01 -7.9131139311e-01 -4.6323313085e-01  1.4904575970e+00 -2.0335018091e+00 -2.1873672303e+00  1.5160774079e-01 -1.3005663908e+00 -1.9255818848e+00  3.9087559105e+00 -3.3606277370e+00  7.0603474510e-01  4.5575720131e+00 -2.7011741386e+00 -5.0742452128e-01  3.1537563565e+00 -3.2428786768e+00 -5.8098051375e-01  3.0429664138e+00 -4.4371643119e+00 -1.3045533309e+00  1.4868818710e+00 -1.7381266187e+00  1.2135156525e+00 -7.1782445404e-01 -8.4790698493e-01  6.2742683657e-02  5.6245208845e-01  2.5952885715e-01 -4.1569166265e-01  2.2215619908e+00 -1.3896504387e+00 -2.6968438435e+00  1.3717545157e+00 -2.9265961083e+00 -2.8078927061e+00 -6.7251908741e-01 -2.0165289924e+00 -2.0060210934e+00 -4.0179349922e-02 -4.9821536292e-01 -2.6433941855e+00  4.2520997539e+00 -4.3563438679e+00  9.6756810436e-01  3.6132405651e+00 -2.7385162003e+00  1.5444275409e+00  4.6817038934e+00 -1.6225835619e+00 -5.0703534791e-01  5.3254757441e+00 -3.2644606597e+00 -1.0293128200e+00
ENERGY -4.113450816398e+02

JOB 21
COORDS  1.3772519532e+00 -1.6143486326e+00  1.1233378069e-01  1.9951256128e+00 -2.3612367645e+00 -8.1553316162e-01  3.0072604190e-01 -7.3730639232e-01 -4.8773630921e-01  1.4250994197e+00 -2.1049464338e+00 -2.2001271547e+00  1.1280808737e-01 -1.3390016677e+00 -1.9040846524e+00  3.8577752654e+00 -3.4623883680e+00  6.8589839501e-01  4.5575040703e+00 -2.6340284200e+00 -3.8460792768e-01  3.1870903132e+00 -3.2171691407e+00 -6.3027140687e-01  3.1876750245e+00 -4.3130182148e+00 -1.4996424703e+00  1.6335160531e+00 -1.5906068572e+00  1.1685755319e+00 -6.2573632532e-01 -7.4016707893e-01  9.7816918100e-02  6.3971632792e-01  3.0804574105e-01 -5.3109635795e-01  2.1326913959e+00 -1.5015213200e+00 -2.7865254512e+00  1.2615780723e+00 -3.0292549913e+00 -2.7612190340e+00 -7.2104940354e-01 -2.0480791386e+00 -1.8854614023e+00 -1.1647679528e-01 -5.8298081107e-01 -2.6602017047e+00  4.2275296600e+00 -4.4694840636e+00  8.4958683783e-01  3.4677925731e+00 -2.9651766203e+00  1.5681392398e+00  4.6242712004e+00 -1.5589101822e+00 -2.5039330705e-01  5.3859025660e+00 -3.0986094188e+00 -9.1128277106e-01
ENERGY -4.113447284536e+02

JOB 22
COORDS  1.4803539987e+00 -1.5105602693e+00  6.0433443108e-02  2.0323852998e+00 -2.3239625997e+00 -8.5380476045e-01  3.5475592555e-01 -6.8239788910e-01 -5.1948647179e-01  1.3587035079e+00 -2.1698746349e+00 -2.2065997584e+00  6.6190552479e-02 -1.3885714590e+00 -1.8684053977e+00  3.7951574172e+00 -3.5741960933e+00  6.4209268270e-01  4.5603041539e+00 -2.5926761593e+00 -2.3360364074e-01  3.2397448950e+00 -3.1658076208e+00 -6.8965037593e-01  3.3540151644e+00 -4.1303708651e+00 -1.6930945690e+00  1.8185458586e+00 -1.4012477138e+00  1.0883507905e+00 -5.2613504428e-01 -6.4312944835e-01  1.3159669890e-01  6.8148596459e-01  3.5756903903e-01 -6.6627924762e-01  2.0156068718e+00 -1.6088953331e+00 -2.8862285857e+00  1.1618327550e+00 -3.1319510356e+00 -2.6876202502e+00 -7.5679869927e-01 -2.0979681788e+00 -1.7336688347e+00 -2.2710331406e-01 -6.9246851710e-01 -2.6591931329e+00  4.1852590973e+00 -4.5850198648e+00  7.0670089300e-01  3.2938331904e+00 -3.2131304954e+00  1.5347916757e+00  4.5723153238e+00 -1.5426422769e+00  4.1550578804e-02  5.4503381944e+00 -2.9628873601e+00 -7.3371414537e-01
ENERGY -4.113440417032e+02

JOB 23
COORDS  1.6034045875e+00 -1.3627867583e+00 -1.8266044626e-02  2.1016076522e+00 -2.2369387215e+00 -9.0705551297e-01  3.9757967234e-01 -6.2523973518e-01 -5.5867974583e-01  1.3011901658e+00 -2.2300842710e+00 -2.1976039872e+00  1.8366662301e-02 -1.4543224814e+00 -1.8121799735e+00  3.7148413508e+00 -3.6927142660e+00  5.6022716944e-01  4.5592901572e+00 -2.5894952360e+00 -5.8925431813e-02  3.3141349178e+00 -3.0762336259e+00 -7.5210988571e-01  3.5504133071e+00 -3.8775832744e+00 -1.8696074353e+00  2.0282209605e+00 -1.1534601491e+00  9.6128445545e-01 -4.2343836675e-01 -5.6050741445e-01  1.6473778606e-01  6.6629576415e-01  4.0879515574e-01 -8.1968832957e-01  1.8723178505e+00 -1.7210786973e+00 -2.9859522206e+00  1.0942460775e+00 -3.2384061244e+00 -2.5679154608e+00 -7.6682815608e-01 -2.1693600370e+00 -1.5457460096e+00 -3.6415550935e-01 -8.3756025975e-01 -2.6303015043e+00  4.1127030700e+00 -4.7020521227e+00  5.1934406442e-01  3.0958091373e+00 -3.4662133418e+00  1.4230890448e+00  4.5285833045e+00 -1.5935408456e+00  3.7234944655e-01  5.5062085078e+00 -2.8814065693e+00 -5.0283283276e-01
ENERGY -4.113435056218e+02

