JOB 0
COORDS  1.2296535391e+00  1.4417062224e+00  5.6039188098e-01 -1.1375104011e+00  1.3297195467e+00 -3.0781216981e-01  4.9724353064e-01 -1.2819932671e+00 -1.2870197251e+00 -8.9046398410e-01 -2.8328121210e+00 -8.0384726822e-02 -2.3272017938e+00  5.4063570812e-01  2.3187630252e-01  2.1397546745e-01 -7.1285509895e-01  1.1177935342e-01 -1.0816138072e+00 -1.4358155916e+00  5.1150346997e-01  1.1577116270e+00  2.9732680345e+00  6.0442771221e-01  6.2896587848e-01  3.5191708490e+00  1.9198539932e+00  1.6349240755e-01 -2.7048496221e+00 -1.1200376808e+00  1.1150148698e-01  7.4521757789e-01  1.8647253999e-01  2.2844927257e+00  8.8923356637e-01  8.6851871219e-01 -2.2251748271e+00 -8.3548036159e-01 -1.1106513840e-01  1.4724824394e+00  3.2898603858e+00  2.9453770881e+00 -5.7699436571e-01  2.9877385951e+00  2.2635074550e+00  4.5237159199e-01  4.8642598533e+00  1.8360694006e+00 -1.1563010573e+00  1.3077083611e+00 -1.4053116057e+00 -1.2312364911e+00  2.3630397100e+00  1.8899611871e-02 -1.2910382346e-01 -7.7059060351e-01 -2.0338918595e+00  1.5473435884e+00 -1.1508642371e+00 -1.5637321384e+00 -5.6742075033e-01 -3.5376474392e+00  6.9434576972e-01 -1.8485949939e+00 -3.1823571516e+00 -4.7967722365e-01 -2.3869725694e+00  6.6103173445e-01  1.3240492627e+00 -3.2539124548e+00  9.0838165742e-01 -2.1570630532e-01  1.0151339677e+00 -1.0172394515e+00  7.8568585415e-01 -1.2284655864e+00 -1.4421778954e+00  1.6001069582e+00  5.7529324684e-01  3.4190913413e+00 -2.0301751100e-01  2.1848017310e+00  3.3279925136e+00  5.1125703960e-01 -1.2928934905e-01 -3.1222522233e+00 -1.9967427323e+00
ENERGY -9.104632918804e+02

JOB 1
COORDS  1.2020215765e+00  1.4135181669e+00  5.3113950144e-01 -1.1627813286e+00  1.3121525063e+00 -3.4104700662e-01  4.2682166177e-01 -1.3165067808e+00 -1.3459585298e+00 -9.3975786195e-01 -2.8509115310e+00 -9.4817841767e-02 -2.3446644559e+00  5.3465554270e-01  2.3278875328e-01  1.8408965976e-01 -7.3783581352e-01  5.6528465600e-02 -1.1061647689e+00 -1.4493464785e+00  4.9318891407e-01  1.1310617069e+00  2.9447313370e+00  5.5680823495e-01  5.6110436140e-01  3.5128062894e+00  1.8506441239e+00  8.6589972607e-02 -2.7358434307e+00 -1.1633444772e+00  9.4291704718e-02  7.2103328634e-01  1.2273595209e-01  2.2462916667e+00  8.6024991346e-01  8.7330836106e-01 -2.2602490585e+00 -8.4395851289e-01 -1.0494567534e-01  1.4865905538e+00  3.5818738137e+00  2.8284695444e+00 -4.8564342837e-01  2.7910529027e+00  2.3323940565e+00  1.0076256107e-01  4.7784657588e+00  1.6505045769e+00 -1.2099696074e+00  1.2859422182e+00 -1.4374212588e+00 -1.2404589407e+00  2.3486574165e+00 -1.8924774021e-02 -2.1403286698e-01 -8.0401064327e-01 -2.0795794827e+00  1.4705387932e+00 -1.1951895117e+00 -1.6505081607e+00 -6.0014714550e-01 -3.5528706955e+00  6.7541411576e-01 -1.9101889387e+00 -3.1972222121e+00 -4.6620223617e-01 -2.3764545240e+00  6.6149872187e-01  1.3252969914e+00 -3.2796220206e+00  9.0629427984e-01 -1.9403621409e-01  9.9993406769e-01 -1.0426026844e+00  7.1224138113e-01 -1.2259421198e+00 -1.4478720360e+00  1.5850802237e+00  5.8202509430e-01  3.3836679818e+00 -2.7693466479e-01  2.1612502483e+00  3.2958234913e+00  4.8944617428e-01 -2.3328800199e-01 -3.1546713930e+00 -2.0298264387e+00
ENERGY -9.104620899758e+02

JOB 2
COORDS  1.2434302507e+00  1.3921177005e+00  5.7057114460e-01 -1.1160157299e+00  1.3312057608e+00 -3.1344921365e-01  4.3635922514e-01 -1.3124541547e+00 -1.3400469649e+00 -9.5431761398e-01 -2.8366023280e+00 -1.0326116130e-01 -2.3096580769e+00  5.6652466254e-01  2.5355515593e-01  2.0099480318e-01 -7.4141145330e-01  6.6787513910e-02 -1.0998378274e+00 -1.4377759048e+00  4.9684789955e-01  1.1837190806e+00  2.9241242746e+00  6.0946763255e-01  5.1259144384e-01  3.5000181717e+00  1.8575842389e+00  7.6401978745e-02 -2.7282335551e+00 -1.1682811404e+00  1.3198919054e-01  7.1751819584e-01  1.4459237775e-01  2.2806385580e+00  8.2515663131e-01  9.1124531725e-01 -2.2445974881e+00 -8.1010269086e-01 -9.6464614213e-02  1.4139699155e+00  3.8719606668e+00  2.7910545438e+00 -3.4595013321e-01  2.6315892943e+00  2.4529029046e+00 -2.1484271060e-01  4.6092894411e+00  1.5474062431e+00 -1.1638389953e+00  1.3160131771e+00 -1.4100155023e+00 -1.1784006983e+00  2.3670460068e+00  1.5315822637e-02 -1.9711218563e-01 -7.8533615842e-01 -2.0697591972e+00  1.4817510951e+00 -1.2034067265e+00 -1.6435291107e+00 -6.2789522520e-01 -3.5508574864e+00  6.6133219409e-01 -1.9293266399e+00 -3.1639011810e+00 -4.7995665462e-01 -2.3399678219e+00  6.8435576271e-01  1.3470532922e+00 -3.2390222587e+00  9.5513029976e-01 -1.7032810479e-01  1.0118254196e+00 -1.0628681728e+00  7.2086796186e-01 -1.2201113702e+00 -1.4439119639e+00  1.5886369955e+00  7.0281463752e-01  3.3606600160e+00 -2.6669546096e-01  2.2195241280e+00  3.2631373960e+00  6.1874110547e-01 -2.4670625399e-01 -3.1368505449e+00 -2.0384492450e+00
ENERGY -9.104607600618e+02

JOB 3
COORDS  1.2694413693e+00  1.3963009794e+00  5.6993870224e-01 -1.0890735884e+00  1.3553228596e+00 -3.1756138065e-01  4.1769770246e-01 -1.3009686374e+00 -1.3638436816e+00 -9.6623046056e-01 -2.8106739646e+00 -1.0125443896e-01 -2.2816701813e+00  6.0688826503e-01  2.7304048785e-01  2.1310016309e-01 -7.2730421392e-01  4.6627278132e-02 -1.0872426305e+00 -1.4102508951e+00  5.0030994022e-01  1.2143806886e+00  2.9289160340e+00  6.3515361986e-01  4.5250171513e-01  3.4887092570e+00  1.8415014180e+00  4.5274246835e-02 -2.7128117452e+00 -1.1856793720e+00  1.5900035783e-01  7.3191080532e-01  1.2652974862e-01  2.3045728944e+00  8.2173731177e-01  9.0386611162e-01 -2.2364467420e+00 -7.7182147652e-01 -7.2896321616e-02  1.2697429917e+00  4.1546179294e+00  2.6859814315e+00 -1.7349388064e-01  2.5291987336e+00  2.5689389434e+00 -5.1488680003e-01  4.3681155077e+00  1.4528161456e+00 -1.1528412612e+00  1.3286516815e+00 -1.4129582058e+00 -1.1359927297e+00  2.3961193878e+00 -2.4406446974e-03 -2.2223538090e-01 -7.6742096506e-01 -2.0830676904e+00  1.4588303459e+00 -1.2034126806e+00 -1.6854533151e+00 -6.3210037726e-01 -3.5273947452e+00  6.5769882948e-01 -1.9510281060e+00 -3.1293019151e+00 -4.5940807176e-01 -2.2927776023e+00  7.2923254672e-01  1.3664334341e+00 -3.2139118289e+00  1.0031834459e+00 -1.3717194675e-01  1.0320644993e+00 -1.0564378520e+00  6.8650202775e-01 -1.1877514752e+00 -1.4143614179e+00  1.5940882131e+00  7.8790706799e-01  3.3663967309e+00 -2.6852851046e-01  2.2489151504e+00  3.2589329489e+00  7.1721403015e-01 -2.9895781498e-01 -3.1171312423e+00 -2.0497214177e+00
ENERGY -9.104602122636e+02

JOB 4
COORDS  1.2908001417e+00  1.4090181198e+00  5.5414486962e-01 -1.0655400373e+00  1.3756664508e+00 -3.4643110031e-01  4.2055368514e-01 -1.2929962775e+00 -1.3704230194e+00 -9.7130992327e-01 -2.7853049803e+00 -9.4731356372e-02 -2.2639027333e+00  6.4428879007e-01  2.5335242961e-01  2.2219685949e-01 -7.0938220058e-01  3.6738158460e-02 -1.0822346183e+00 -1.3801449823e+00  4.9757187477e-01  1.2441437646e+00  2.9416102079e+00  6.5333424684e-01  4.8468377157e-01  3.4716546735e+00  1.8729513657e+00  3.7094273794e-02 -2.7009123685e+00 -1.1832418773e+00  1.7658152513e-01  7.5054237030e-01  1.1157600944e-01  2.3270018599e+00  8.2802701843e-01  8.7272837334e-01 -2.2292222385e+00 -7.3877029187e-01 -7.6984226078e-02  1.2190536990e+00  4.3775562899e+00  2.5571640014e+00  1.4295686645e-01  2.4946269958e+00  2.7471820874e+00 -6.7604292022e-01  4.0958702791e+00  1.5184152600e+00 -1.1263016459e+00  1.3267089826e+00 -1.4411252191e+00 -1.1044086650e+00  2.4219900508e+00 -5.1642292859e-02 -2.1563805898e-01 -7.5951692575e-01 -2.0928532823e+00  1.4621563014e+00 -1.2056700971e+00 -1.6933899098e+00 -6.3870709406e-01 -3.4986164095e+00  6.6811418549e-01 -1.9589522209e+00 -3.1009542967e+00 -4.4756245473e-01 -2.2742400815e+00  7.7896719750e-01  1.3455729187e+00 -3.1934545945e+00  1.0425906721e+00 -1.6098528988e-01  1.0399970719e+00 -1.0410979983e+00  6.7668489492e-01 -1.1797633687e+00 -1.3760142557e+00  1.5916299784e+00  8.1902960210e-01  3.4020637748e+00 -2.3987156737e-01  2.2815664304e+00  3.2582152161e+00  7.4791112728e-01 -3.1353810014e-01 -3.1068065475e+00 -2.0439470292e+00
ENERGY -9.104604916908e+02

JOB 5
COORDS  1.0871212886e+00  1.5627072070e+00  1.7213850377e-01 -1.3599959177e+00  1.1209831237e+00 -2.5576896774e-01  4.0064466346e-01 -1.3419676414e+00 -1.3812252141e+00 -5.6073861804e-01 -2.9591899113e+00  1.1926863866e-01 -2.3375200061e+00  2.3931774063e-01  5.1627473788e-01  2.8620875337e-01 -7.1908376914e-01  1.8761219099e-02 -8.2480705202e-01 -1.5574916497e+00  6.6964241453e-01  8.3363728882e-01  3.0773841898e+00  1.9796790235e-01  3.7013555312e-01  3.5973832617e+00  1.5565964782e+00  2.7122032380e-01 -2.7802910683e+00 -1.0989651468e+00  1.6119520820e-02  7.1896886045e-01  4.7112533165e-02  2.2428824856e+00  1.1571035156e+00  2.8001255728e-01 -2.1219343016e+00 -1.1361287449e+00  2.2711484390e-01  8.7604175919e-01  4.8286781834e+00  1.8039422039e+00  7.5062941395e-01  2.7997648483e+00  2.5785974217e+00 -9.8877295120e-01  3.7072082592e+00  1.6315556323e+00 -1.5543415488e+00  1.0182771688e+00 -1.3314366907e+00 -1.5270711660e+00  2.1575850145e+00  2.7461909125e-02 -3.9705726608e-01 -9.5172525625e-01 -2.0314167120e+00  1.3671379840e+00 -1.1127743149e+00 -1.8391572771e+00 -1.9599160488e-02 -3.5643969495e+00  8.5575098414e-01 -1.5195342332e+00 -3.4480838069e+00 -8.3421436902e-02 -2.2335501241e+00  4.2554030548e-01  1.5961564170e+00 -3.3635944735e+00  4.6636779288e-01  2.1648163009e-01  1.2199615603e+00 -8.8490633862e-01  5.5671229245e-01 -7.8665846106e-01 -1.5077575136e+00  1.7663647747e+00  1.0588916866e-01  3.3934853810e+00 -5.5122157084e-01  1.7942205507e+00  3.5413107982e+00 -2.1365990445e-02 -1.2141240730e-01 -3.2783172568e+00 -1.8903482806e+00
ENERGY -9.104614939037e+02

JOB 6
COORDS  1.0595604196e+00  1.5439180298e+00  1.8463680004e-01 -1.3852800824e+00  1.1067743711e+00 -2.7772673542e-01  3.8433408720e-01 -1.3614855410e+00 -1.3660836323e+00 -6.0203111918e-01 -2.9721339348e+00  1.2545286164e-01 -2.3768592891e+00  2.3175097409e-01  4.8380450316e-01  2.5100120816e-01 -7.3443779458e-01  3.0392292779e-02 -8.7143728412e-01 -1.5681603609e+00  6.6740435992e-01  8.1591148147e-01  3.0601445146e+00  2.0160234481e-01  4.1566734323e-01  3.5874213751e+00  1.5713103913e+00  2.4788576114e-01 -2.7986516368e+00 -1.0811309660e+00 -1.5206629690e-02  7.0473023206e-01  5.2002158218e-02  2.2109442105e+00  1.1316302375e+00  3.0880500700e-01 -2.1610875672e+00 -1.1457356029e+00  2.0446776112e-01  6.5561306941e-01  4.9191276519e+00  1.6601770007e+00  1.0940014605e+00  2.9920661438e+00  2.5745299589e+00 -9.1074480505e-01  3.4060639539e+00  1.8294548734e+00 -1.5608137453e+00  9.9593267851e-01 -1.3558076941e+00 -1.5560043080e+00  2.1451272508e+00 -3.8962181615e-03 -4.0280229775e-01 -9.7196359122e-01 -2.0293631615e+00  1.3579877317e+00 -1.1356584112e+00 -1.8103165091e+00 -7.2798837647e-02 -3.5759642604e+00  8.7164376123e-01 -1.5586878935e+00 -3.4598838111e+00 -8.9683991146e-02 -2.2875788578e+00  4.2327655347e-01  1.5639724138e+00 -3.3977553053e+00  4.6046291067e-01  1.6792084606e-01  1.1765664075e+00 -9.0197068951e-01  5.8180621592e-01 -8.4940404359e-01 -1.5149140697e+00  1.7644156432e+00  5.7921866414e-02  3.3803936089e+00 -5.1482738824e-01  1.7689233822e+00  3.5205694162e+00 -5.7472977526e-02 -1.3409219373e-01 -3.2984920513e+00 -1.8765611168e+00
ENERGY -9.104628048420e+02

JOB 7
COORDS  1.0665686952e+00  1.5250799140e+00  2.1685181151e-01 -1.3728182998e+00  1.1032008715e+00 -2.8146006033e-01  4.0134766261e-01 -1.3678348002e+00 -1.3669302198e+00 -6.1137075421e-01 -2.9842910187e+00  9.9915896156e-02 -2.3770083073e+00  2.2424811491e-01  4.5897154053e-01  2.5186260217e-01 -7.4948656132e-01  3.1834149742e-02 -8.8232415205e-01 -1.5828831842e+00  6.4771355775e-01  8.2711399990e-01  3.0410075021e+00  2.1857715706e-01  4.5371292571e-01  3.5862266884e+00  1.5855515068e+00  2.5585934970e-01 -2.8062423463e+00 -1.0935750598e+00 -8.1474406219e-03  6.9076791523e-01  5.6698381621e-02  2.2130875280e+00  1.1086821657e+00  3.7099753934e-01 -2.1633836782e+00 -1.1513787155e+00  1.6981664114e-01  4.0370143873e-01  4.9425325240e+00  1.5580015693e+00  1.3355970083e+00  3.2334532236e+00  2.5417934535e+00 -7.7259720550e-01  3.1573220761e+00  1.9978410537e+00 -1.5383965639e+00  1.0091770949e+00 -1.3627409054e+00 -1.5413535082e+00  2.1383011790e+00  6.3206951924e-03 -3.7566263635e-01 -9.7050750379e-01 -2.0375526030e+00  1.3815515286e+00 -1.1427230104e+00 -1.7969932740e+00 -9.5100336624e-02 -3.5954406832e+00  8.4921344721e-01 -1.5670747805e+00 -3.4663600103e+00 -1.3167477587e-01 -2.3005938727e+00  4.0561088768e-01  1.5417881868e+00 -3.3927785365e+00  4.6035374087e-01  1.3214594484e-01  1.1690665697e+00 -9.2387818482e-01  5.9490518938e-01 -8.7541021827e-01 -1.5374092159e+00  1.7452790213e+00  6.5588491401e-02  3.3689626892e+00 -4.9053609470e-01  1.7774963218e+00  3.4990526747e+00 -5.7044402435e-02 -1.1687236118e-01 -3.2994344395e+00 -1.8974964065e+00
ENERGY -9.104635826989e+02

JOB 8
COORDS  1.1087103930e+00  1.5848678159e+00  2.5634638409e-01 -1.3218123772e+00  1.1679230608e+00 -2.8205731268e-01  4.5623904173e-01 -1.2991387208e+00 -1.3728903150e+00 -5.6743468442e-01 -2.9234618371e+00  7.7464319623e-02 -2.3308704926e+00  2.8512357094e-01  4.4730727483e-01  2.9929434519e-01 -6.8910239350e-01  2.8719704486e-02 -8.3958117919e-01 -1.5252227748e+00  6.3260677845e-01  8.6820769818e-01  3.0998125066e+00  2.4737133383e-01  4.5785104302e-01  3.6567546375e+00  1.5998802238e+00  3.0762342293e-01 -2.7389801781e+00 -1.1093551062e+00  4.0517053240e-02  7.5113812040e-01  5.9239648417e-02  2.2503775557e+00  1.1680492271e+00  4.4597650295e-01 -2.1169205961e+00 -1.0887394095e+00  1.4941659714e-01  1.0829741550e-01  4.9648684651e+00  1.4894157917e+00  1.4445429148e+00  3.5721519204e+00  2.5122781017e+00 -6.2418078444e-01  3.0110883060e+00  2.1214865131e+00 -1.4822389848e+00  1.0828543429e+00 -1.3647686216e+00 -1.4903548802e+00  2.2013921935e+00  1.2413969474e-02 -3.1626600107e-01 -8.9665887529e-01 -2.0456519744e+00  1.4392048347e+00 -1.0727206795e+00 -1.7960731150e+00 -5.6877438407e-02 -3.5404489938e+00  8.2587834541e-01 -1.5224389344e+00 -3.4023852632e+00 -1.6337991691e-01 -2.2593175747e+00  4.5874192925e-01  1.5315490263e+00 -3.3447682007e+00  5.2431790633e-01  1.1691718162e-01  1.2128302056e+00 -8.6711406328e-01  5.9647866126e-01 -8.3919693175e-01 -1.4865388476e+00  1.7304280231e+00  1.3636255618e-01  3.4339587808e+00 -4.8908992909e-01  1.8265530221e+00  3.5571941628e+00 -1.5509758180e-03 -6.0391594266e-02 -3.2268637881e+00 -1.9186815831e+00
ENERGY -9.104632928416e+02

JOB 9
COORDS  1.2743269756e+00  1.6428826882e+00  3.9205697877e-01 -1.1494472060e+00  1.3040250742e+00 -2.2073314466e-01  5.6174411623e-01 -1.1961642978e+00 -1.3464977073e+00 -5.1413029643e-01 -2.8132482885e+00  7.2759658987e-02 -2.1850626184e+00  4.3851007142e-01  4.9282767863e-01  4.1748063257e-01 -6.0337136061e-01  6.3653300419e-02 -7.4653493000e-01 -1.4169421043e+00  6.5089744758e-01  1.0659913827e+00  3.1618626658e+00  3.9310354925e-01  5.9070017418e-01  3.7164465919e+00  1.7301807775e+00  3.7753817396e-01 -2.6349530312e+00 -1.1026444857e+00  1.9989756227e-01  8.4262074962e-01  1.1259347789e-01  2.3944000711e+00  1.1961153348e+00  6.3557038025e-01 -2.0094595899e+00 -9.3551561402e-01  1.7192380511e-01 -1.7967827696e-02  4.9207253193e+00  1.5620737807e+00  1.6005333445e+00  3.8862504681e+00  2.6051701205e+00 -3.2656382712e-01  2.9087433665e+00  2.3331234156e+00 -1.3118067210e+00  1.2436785502e+00 -1.3046751913e+00 -1.2883327687e+00  2.3374243239e+00  9.0445582294e-02 -1.9918779080e-01 -7.6475612752e-01 -2.0146478887e+00  1.5508503467e+00 -9.8867760088e-01 -1.7653996448e+00 -3.0776119968e-02 -3.4603808971e+00  8.1364015271e-01 -1.4822406459e+00 -3.2558498456e+00 -1.8508775616e-01 -2.1105027619e+00  5.9197817732e-01  1.5798213996e+00 -3.1911225978e+00  7.1199524585e-01  1.6496124108e-01  1.3235392314e+00 -8.1432666392e-01  6.3198795176e-01 -7.4828283809e-01 -1.3964355385e+00  1.7491382849e+00  3.9249444447e-01  3.5258433927e+00 -3.8350463415e-01  2.0467898620e+00  3.5996888807e+00  2.0306325435e-01  8.0624965581e-03 -3.1053423064e+00 -1.9216453823e+00
ENERGY -9.104620736401e+02

JOB 10
COORDS  1.3206149026e+00  1.6269758844e+00  4.3277199600e-01 -1.0994940167e+00  1.3272960911e+00 -2.0559116677e-01  5.6619220583e-01 -1.1955293718e+00 -1.3453798090e+00 -5.3215278853e-01 -2.7997358488e+00  7.1147813253e-02 -2.1471578977e+00  4.7825886470e-01  5.1044214599e-01  4.3713244482e-01 -6.0531308204e-01  6.7227981830e-02 -7.3805561523e-01 -1.4020625876e+00  6.5617273434e-01  1.1231662684e+00  3.1478181754e+00  4.4965784140e-01  5.3118440549e-01  3.6930579151e+00  1.7504341451e+00  3.6149923497e-01 -2.6319266494e+00 -1.1043375347e+00  2.4273467835e-01  8.4329781729e-01  1.2311903356e-01  2.4333146749e+00  1.1660304109e+00  6.8346795696e-01 -1.9949466123e+00 -8.9754888063e-01  1.8457590536e-01 -3.3769466038e-01  4.7114230353e+00  1.5014460669e+00  1.4803539838e+00  4.1678905221e+00  2.5825825071e+00 -1.7159470161e-01  2.7576359614e+00  2.4445298519e+00 -1.2656527518e+00  1.2693278295e+00 -1.2889967682e+00 -1.2210882272e+00  2.3643395387e+00  1.0191070521e-01 -1.9099231382e-01 -7.5077193529e-01 -2.0090624036e+00  1.5564740606e+00 -1.0020872402e+00 -1.7682684588e+00 -6.0145233724e-02 -3.4596107958e+00  8.0806502021e-01 -1.5087715625e+00 -3.2227271679e+00 -1.8771806354e-01 -2.0656252701e+00  6.2750324566e-01  1.5974090426e+00 -3.1499079358e+00  7.6882111123e-01  1.8717396576e-01  1.3418342096e+00 -8.3277369598e-01  6.3134911563e-01 -7.3472651891e-01 -1.3858899675e+00  1.7544378118e+00  5.1810775868e-01  3.5151304591e+00 -3.7995705733e-01  2.1188155943e+00  3.5787862691e+00  3.4547851477e-01 -1.4573327025e-02 -3.0957915139e+00 -1.9240815776e+00
ENERGY -9.104607369535e+02

JOB 11
COORDS  1.3497459557e+00  1.5829210708e+00  4.4861150425e-01 -1.0697154154e+00  1.3188899140e+00 -2.0485762412e-01  5.5367288104e-01 -1.2260298400e+00 -1.3473799301e+00 -5.6860261824e-01 -2.8143831463e+00  6.8277818072e-02 -2.1298007348e+00  4.8930471230e-01  5.1563800376e-01  4.3679286717e-01 -6.3559869566e-01  6.6015900077e-02 -7.4975680636e-01 -1.4145901078e+00  6.5678242669e-01  1.1682980095e+00  3.1065330525e+00  4.9106118366e-01  4.7787205029e-01  3.6317121656e+00  1.7549402883e+00  3.2970253980e-01 -2.6593431995e+00 -1.1054822746e+00  2.6429471742e-01  8.1520431812e-01  1.2716537137e-01  2.4580029929e+00  1.1073146019e+00  6.9090539094e-01 -2.0002683031e+00 -8.8923965464e-01  1.9038396246e-01 -6.0215478667e-01  4.4052072867e+00  1.4455802382e+00  1.3060518702e+00  4.3961696847e+00  2.4985586271e+00  1.9437309548e-02  2.6417243033e+00  2.5625374944e+00 -1.2361279534e+00  1.2542266001e+00 -1.2877706976e+00 -1.1758488178e+00  2.3609162360e+00  9.1163363902e-02 -1.9891112770e-01 -7.7071969662e-01 -2.0091543694e+00  1.5455030233e+00 -1.0466319636e+00 -1.7728057818e+00 -1.0976503958e-01 -3.4851743439e+00  8.0361980633e-01 -1.5526782480e+00 -3.2182913557e+00 -1.9301493659e-01 -2.0429781990e+00  6.3816327433e-01  1.6023059141e+00 -3.1286784571e+00  7.9532975048e-01  1.9472838214e-01  1.3390935723e+00 -8.7862824926e-01  6.2747912238e-01 -7.4262781791e-01 -1.4003378967e+00  1.7550241536e+00  6.2253621904e-01  3.4824783934e+00 -3.7536568440e-01  2.1734481646e+00  3.5248390862e+00  4.6721699452e-01 -5.0058750491e-02 -3.1195535469e+00 -1.9256118169e+00
ENERGY -9.104602116051e+02

JOB 12
COORDS  1.3688912013e+00  1.6019291883e+00  4.2352967963e-01 -1.0518937549e+00  1.3446645298e+00 -2.4018509746e-01  5.5684772850e-01 -1.2149890828e+00 -1.3550670998e+00 -5.7334017602e-01 -2.7849678132e+00  7.5798136763e-02 -2.1184080585e+00  5.3114145856e-01  4.8873739090e-01  4.4354293327e-01 -6.1225093977e-01  5.3321955316e-02 -7.4727872804e-01 -1.3790914181e+00  6.5172011884e-01  1.1998647760e+00  3.1271068853e+00  4.9987086390e-01  5.2223642429e-01  3.6219970578e+00  1.7805921725e+00  3.2172862680e-01 -2.6448542409e+00 -1.1023250457e+00  2.7831416396e-01  8.3998097437e-01  1.0536545088e-01  2.4771590697e+00  1.1188870020e+00  6.4967764446e-01 -1.9959197878e+00 -8.5233754252e-01  1.8204694587e-01 -7.2384521308e-01  4.1237455643e+00  1.5350308347e+00  1.2289523401e+00  4.6216918537e+00  2.3564961397e+00  3.7140204734e-01  2.6505644181e+00  2.7103796822e+00 -1.2135531283e+00  1.2600331607e+00 -1.3223753969e+00 -1.1529636477e+00  2.3917301450e+00  3.6582696457e-02 -1.9154549851e-01 -7.5978920061e-01 -2.0214898622e+00  1.5503773922e+00 -1.0462970748e+00 -1.7808459544e+00 -1.1472384033e-01 -3.4503166752e+00  8.1624132961e-01 -1.5595446885e+00 -3.1879076630e+00 -1.7869554523e-01 -2.0344286336e+00  6.9375262148e-01  1.5739894892e+00 -3.1148730562e+00  8.3800143934e-01  1.6121276047e-01  1.3446627730e+00 -8.5609861609e-01  6.1624958829e-01 -7.3864604980e-01 -1.3550244457e+00  1.7498121385e+00  6.4915368441e-01  3.5275404148e+00 -3.5265673041e-01  2.2101620644e+00  3.5328194851e+00  4.8367758460e-01 -6.5244619188e-02 -3.1070795099e+00 -1.9179068832e+00
ENERGY -9.104605294600e+02

JOB 13
COORDS  1.2967748464e+00  1.5823518994e+00  4.0795787813e-01 -1.1268816141e+00  1.3211609522e+00 -2.4815619745e-01  5.5644314144e-01 -1.2280920243e+00 -1.2992662985e+00 -6.3774804180e-01 -2.8122702605e+00  6.1544633375e-02 -2.2226298433e+00  4.9082904852e-01  4.1427467584e-01  3.6432397237e-01 -6.3364732687e-01  1.0424071825e-01 -8.5115810909e-01 -1.4103468020e+00  6.3435720184e-01  1.1427586484e+00  3.1100027780e+00  4.6781724106e-01  5.9887287607e-01  3.6158652883e+00  1.8012044852e+00  3.1640608836e-01 -2.6607751301e+00 -1.0674659281e+00  1.8892195742e-01  8.1838102152e-01  1.5504887688e-01  2.4083166545e+00  1.0949818652e+00  6.0476662852e-01 -2.0760660789e+00 -8.8863223804e-01  1.0212942694e-01 -7.5363435324e-01  3.8033147719e+00  1.7654008488e+00  1.1375825216e+00  4.8197303975e+00  2.1141578914e+00  8.5348304593e-01  2.7798083848e+00  2.8289154757e+00 -1.2360912672e+00  1.2568776795e+00 -1.3386736234e+00 -1.2479996688e+00  2.3599539210e+00  4.9899221359e-02 -1.5895429859e-01 -7.7267310728e-01 -2.0010566323e+00  1.5700484774e+00 -1.0507933081e+00 -1.6700878818e+00 -2.1401164172e-01 -3.4781820116e+00  8.2204456994e-01 -1.6067564346e+00 -3.2202242043e+00 -2.4552935977e-01 -2.1977749804e+00  6.4301357935e-01  1.5041564076e+00 -3.2023215431e+00  7.9547940694e-01  3.7850304476e-02  1.2359690519e+00 -8.7681048239e-01  7.1234699141e-01 -9.0117910860e-01 -1.3930348110e+00  1.7315728788e+00  5.0467278259e-01  3.5000372645e+00 -3.2635675485e-01  2.1478997577e+00  3.5120141449e+00  3.4955428713e-01 -2.5317404691e-02 -3.1198330551e+00 -1.9047665157e+00
ENERGY -9.104615929649e+02

JOB 14
COORDS  1.2271986273e+00  1.4833342522e+00  5.3097939949e-01 -1.1715399788e+00  1.2245745482e+00 -2.1729954948e-01  5.8507073924e-01 -1.2906270168e+00 -1.2438149206e+00 -6.6905397426e-01 -2.9130525723e+00  1.0867412095e-02 -2.2901420154e+00  3.7102866044e-01  3.7285082463e-01  3.1596893126e-01 -7.2902721062e-01  1.6029775721e-01 -9.1837729343e-01 -1.5270050617e+00  6.0929521325e-01  1.0691647757e+00  3.0089603134e+00  6.0574994067e-01  5.6289684012e-01  3.4912321534e+00  1.9563526248e+00  3.5786951289e-01 -2.7300128439e+00 -1.0471959769e+00  1.2796841597e-01  7.2062729922e-01  2.3585000784e-01  2.3321961157e+00  9.9423176096e-01  7.5745603235e-01 -2.1199278269e+00 -9.9876581726e-01  3.1950600023e-02 -7.9139158310e-01  3.3636066786e+00  2.0724836015e+00  8.3515749849e-01  4.8109399429e+00  2.1205766705e+00  1.1141478263e+00  2.8312892101e+00  2.9924792677e+00 -1.2289310010e+00  1.1867287701e+00 -1.3130641891e+00 -1.3149744767e+00  2.2538985441e+00  1.0256167553e-01 -1.0369843311e-01 -8.3222762422e-01 -1.9702772629e+00  1.6123966089e+00 -1.0915476848e+00 -1.5617817227e+00 -2.9758612795e-01 -3.6039214206e+00  7.7623851892e-01 -1.6176983602e+00 -3.3061976130e+00 -3.7082626952e-01 -2.3146680988e+00  4.9508324852e-01  1.4662096146e+00 -3.2540583438e+00  6.8002213060e-01 -3.9105363470e-02  1.1576039533e+00 -9.8189067282e-01  8.0563440061e-01 -1.0224367215e+00 -1.5388961762e+00  1.7027453895e+00  4.0516028177e-01  3.4110550118e+00 -1.6059897052e-01  2.0676366218e+00  3.4224931241e+00  4.6625999497e-01  8.5917409380e-02 -3.1860921110e+00 -1.9113849779e+00
ENERGY -9.104628945199e+02

JOB 15
COORDS  1.2324961888e+00  1.4775340061e+00  5.6238013045e-01 -1.1541564384e+00  1.2311431738e+00 -2.2279537574e-01  6.0898268861e-01 -1.2866584490e+00 -1.2424560796e+00 -6.6926984033e-01 -2.9110144261e+00 -1.6456882500e-02 -2.2819290363e+00  3.7681578817e-01  3.4872708932e-01  3.2230128196e-01 -7.3108549432e-01  1.6050671535e-01 -9.2041845043e-01 -1.5277254743e+00  5.8830299040e-01  1.0796812426e+00  3.0035510640e+00  6.2053484866e-01  5.9013605841e-01  3.5036197176e+00  1.9678619174e+00  3.7840144670e-01 -2.7262586878e+00 -1.0535882338e+00  1.3859472968e-01  7.1896295648e-01  2.3901845792e-01  2.3290344397e+00  9.8458155122e-01  8.2022212295e-01 -2.1126149501e+00 -9.9093451843e-01 -4.3418976188e-04 -6.8977993704e-01  3.1126440247e+00  2.2303959656e+00  5.9432619438e-01  4.8616031217e+00  1.9987978450e+00  1.3523182434e+00  3.0720748763e+00  2.9903597344e+00 -1.2008074872e+00  1.2043655812e+00 -1.3194093514e+00 -1.2975293090e+00  2.2578907028e+00  1.0582609024e-01 -7.0222639293e-02 -8.2452183502e-01 -1.9756787660e+00  1.6404802074e+00 -1.0874114401e+00 -1.5466422188e+00 -3.1699751732e-01 -3.6110397799e+00  7.4959187507e-01 -1.6137687737e+00 -3.2936556837e+00 -4.1878261594e-01 -2.3176211435e+00  4.9301237176e-01  1.4425344243e+00 -3.2401249971e+00  6.9239267625e-01 -7.1537097105e-02  1.1541704193e+00 -9.8971044674e-01  8.1606987511e-01 -1.0384146020e+00 -1.5465957520e+00  1.6802169124e+00  4.1967879189e-01  3.4124367558e+00 -1.4570721283e-01  2.0786857064e+00  3.4149293663e+00  4.7275646039e-01  1.2412974475e-01 -3.1811785651e+00 -1.9237927720e+00
ENERGY -9.104635997030e+02

JOB 16
COORDS  1.2262042723e+00  1.4502416134e+00  5.7466382058e-01 -1.1553374072e+00  1.2209221274e+00 -2.2719547345e-01  5.9075784641e-01 -1.3075458084e+00 -1.2518545438e+00 -6.9745928026e-01 -2.9253091961e+00 -2.7130549147e-02 -2.2887313862e+00  3.7243367662e-01  3.4220209615e-01  3.0835731526e-01 -7.5219200950e-01  1.5216022705e-01 -9.3966004130e-01 -1.5411928585e+00  5.7893234430e-01  1.0791894585e+00  2.9762686621e+00  6.2041456481e-01  5.5970653018e-01  3.4977872656e+00  1.9496082665e+00  3.4865254776e-01 -2.7457557575e+00 -1.0667762644e+00  1.3423428183e-01  6.9875036442e-01  2.3124870767e-01  2.3154703473e+00  9.5137018654e-01  8.5295762990e-01 -2.1276631881e+00 -9.9555489812e-01 -1.0137650171e-02 -5.9556200578e-01  2.8876977065e+00  2.3366000998e+00  2.9650098574e-01  4.8275231478e+00  1.8721855502e+00  1.4476493279e+00  3.3183025784e+00  2.9482635782e+00 -1.2031350636e+00  1.1996304904e+00 -1.3238605497e+00 -1.2913827488e+00  2.2477629273e+00  1.0509436810e-01 -8.4513960490e-02 -8.3825732615e-01 -1.9841350651e+00  1.6238402979e+00 -1.1158433880e+00 -1.5557016007e+00 -3.4699025645e-01 -3.6273912424e+00  7.3789061646e-01 -1.6447390540e+00 -3.3030894085e+00 -4.2742626274e-01 -2.3236771431e+00  4.8630553313e-01  1.4361423454e+00 -3.2448397688e+00  6.9477781009e-01 -7.7705714728e-02  1.1385473816e+00 -1.0163247462e+00  8.0762708812e-01 -1.0583312164e+00 -1.5602657756e+00  1.6707464328e+00  4.5525576547e-01  3.3914711287e+00 -1.7238472327e-01  2.0846135954e+00  3.3812976744e+00  4.9927569968e-01  8.7947727217e-02 -3.1955757476e+00 -1.9377084949e+00
ENERGY -9.104632388366e+02

JOB 17
COORDS  1.2345855886e+00  1.4923956109e+00  5.4570985080e-01 -1.1435042946e+00  1.2648541354e+00 -2.6232056612e-01  5.6691326029e-01 -1.2785778674e+00 -1.3067753835e+00 -6.9448523967e-01 -2.8817252370e+00 -3.4837370430e-02 -2.2667711926e+00  4.2459680906e-01  3.3973580559e-01  3.2171523664e-01 -7.1076201932e-01  9.9301751851e-02 -9.1847208181e-01 -1.4914327303e+00  5.6301115882e-01  1.0831638641e+00  3.0178515351e+00  5.6874294374e-01  5.1197041334e-01  3.5616621421e+00  1.8727492961e+00  3.2049375952e-01 -2.7141641321e+00 -1.1070302587e+00  1.5503868707e-01  7.4123385534e-01  1.6670546429e-01  2.3154017559e+00  9.9647144063e-01  8.6091076546e-01 -2.1174568532e+00 -9.4675225209e-01 -4.5676413518e-03 -4.6165128454e-01  2.7655156412e+00  2.3943756894e+00 -3.6707937364e-02  4.7899263621e+00  1.6882081034e+00  1.4607192932e+00  3.6838117516e+00  2.8252371545e+00 -1.2181623707e+00  1.2383969484e+00 -1.3572089790e+00 -1.2679319014e+00  2.2950425789e+00  6.5463793373e-02 -1.2224418215e-01 -8.1010549619e-01 -2.0263830796e+00  1.5936347803e+00 -1.0953903555e+00 -1.6369029141e+00 -3.2140661380e-01 -3.5750144437e+00  7.2754238838e-01 -1.6525900236e+00 -3.2644703620e+00 -4.0317381025e-01 -2.2769184961e+00  5.4787678965e-01  1.4330622962e+00 -3.2310059166e+00  7.4632795938e-01 -6.1752867586e-02  1.1665071483e+00 -9.7030731638e-01  7.3755894583e-01 -1.0120617507e+00 -1.4992205395e+00  1.6573729244e+00  4.9508782180e-01  3.4224052988e+00 -2.5600711441e-01  2.0918426528e+00  3.4220488414e+00  4.7748932347e-01  2.9512662348e-02 -3.1657042160e+00 -1.9673720301e+00
ENERGY -9.104620065583e+02

JOB 18
COORDS  1.2826778957e+00  1.5206680792e+00  5.7877417773e-01 -1.0926612083e+00  1.3214502175e+00 -2.3956217412e-01  5.7003822810e-01 -1.2333261812e+00 -1.3187275955e+00 -6.8844321668e-01 -2.8288827417e+00 -3.3282253592e-02 -2.2179172396e+00  4.9385560910e-01  3.7674073298e-01  3.5429841776e-01 -6.7048940975e-01  9.4240288907e-02 -8.8772553606e-01 -1.4390893101e+00  5.7372569706e-01  1.1344405782e+00  3.0465891443e+00  6.2179176867e-01  4.5743566420e-01  3.5804853390e+00  1.8855984823e+00  3.0720898038e-01 -2.6669293953e+00 -1.1244540008e+00  2.0470937865e-01  7.8238391004e-01  1.7254913830e-01  2.3586446842e+00  1.0154115230e+00  8.9553746508e-01 -2.0889040145e+00 -8.7824243762e-01  2.6421124367e-02 -3.1077242258e-01  2.6500552904e+00  2.5117750104e+00 -3.5711575638e-01  4.6318687041e+00  1.5997523840e+00  1.3593635436e+00  4.0121863422e+00  2.7938294552e+00 -1.1811542333e+00  1.2946148067e+00 -1.3332762291e+00 -1.2011801101e+00  2.3549142305e+00  8.4612009141e-02 -1.2336662736e-01 -7.5164535393e-01 -2.0252483746e+00  1.5939486837e+00 -1.0618779433e+00 -1.6637656777e+00 -3.0705554366e-01 -3.5280951004e+00  7.1955501231e-01 -1.6565868572e+00 -3.2020568360e+00 -3.8464945537e-01 -2.2110117364e+00  6.1428051419e-01  1.4703004645e+00 -3.1839675759e+00  8.2752561834e-01 -1.0377092403e-02  1.2060007448e+00 -9.4263209758e-01  7.1791028417e-01 -9.6468390999e-01 -1.4503872107e+00  1.6693258824e+00  6.0986963339e-01  3.4528171019e+00 -2.4386957316e-01  2.1483597019e+00  3.4456530846e+00  6.0936923529e-01 -7.7392514447e-03 -3.1073018424e+00 -1.9821137273e+00
ENERGY -9.104607039876e+02

JOB 19
COORDS  1.3109109764e+00  1.4785741268e+00  5.8704997179e-01 -1.0644344809e+00  1.3145662979e+00 -2.3825457211e-01  5.5854262813e-01 -1.2624406258e+00 -1.3218381882e+00 -7.2400628550e-01 -2.8396943928e+00 -3.8362468680e-02 -2.2008673084e+00  5.0604333537e-01  3.8265283329e-01  3.5349836482e-01 -6.9751461571e-01  9.1637172155e-02 -8.9906914234e-01 -1.4482256361e+00  5.7308491766e-01  1.1779445937e+00  3.0063587846e+00  6.5698399074e-01  4.1379447420e-01  3.5255638797e+00  1.8799831727e+00  2.7880538459e-01 -2.6923235185e+00 -1.1250136201e+00  2.2496678858e-01  7.5685542808e-01  1.7370856076e-01  2.3835088091e+00  9.5891021929e-01  8.9124312320e-01 -2.0939503952e+00 -8.6801223413e-01  3.1972521684e-02 -1.2929923732e-01  2.5336217620e+00  2.6299666149e+00 -6.1825463896e-01  4.3385894180e+00  1.5131169729e+00  1.2089504664e+00  4.2488682401e+00  2.6979424563e+00 -1.1548503837e+00  1.2826086365e+00 -1.3316504395e+00 -1.1568198045e+00  2.3520982763e+00  7.7453521223e-02 -1.3092407801e-01 -7.7255960944e-01 -2.0266832837e+00  1.5835594320e+00 -1.1040480594e+00 -1.6697320860e+00 -3.5911562254e-01 -3.5494908219e+00  7.1268505282e-01 -1.6982608321e+00 -3.1920247399e+00 -3.9459968365e-01 -2.1888300380e+00  6.2662554608e-01  1.4762413883e+00 -3.1629498462e+00  8.5418869079e-01 -1.5245638775e-03  1.2022935422e+00 -9.8341097638e-01  7.1312842699e-01 -9.7212638530e-01 -1.4611172402e+00  1.6689140727e+00  7.1015874997e-01  3.4211669367e+00 -2.3694115266e-01  2.1957301570e+00  3.3888803146e+00  7.1770208680e-01 -3.6095926982e-02 -3.1324018186e+00 -1.9828874968e+00
ENERGY -9.104602101205e+02

JOB 20
COORDS  1.3339605520e+00  1.5028396514e+00  5.6986663741e-01 -1.0425417163e+00  1.3468265752e+00 -2.6510590863e-01  5.6623351967e-01 -1.2390973103e+00 -1.3259695084e+00 -7.2525695380e-01 -2.8040957176e+00 -3.4392002337e-02 -2.1863634591e+00  5.5197888220e-01  3.5952951289e-01  3.6228358326e-01 -6.6757709073e-01  8.5053819893e-02 -8.9541650988e-01 -1.4085873718e+00  5.6841866691e-01  1.2143305271e+00  3.0313786967e+00  6.6496832346e-01  4.7712199836e-01  3.5273688685e+00  1.9119166100e+00  2.7314520972e-01 -2.6663364337e+00 -1.1265224909e+00  2.4080673207e-01  7.8764406277e-01  1.6428866989e-01  2.4061581145e+00  9.7544068122e-01  8.6119183980e-01 -2.0868067140e+00 -8.2611658930e-01  2.2017686458e-02  2.2941435563e-01  2.5424030589e+00  2.8068641424e+00 -7.3611588219e-01  4.0725644567e+00  1.5971670963e+00  1.1762415652e+00  4.4901985357e+00  2.5524300746e+00 -1.1254378935e+00  1.2957804783e+00 -1.3582912781e+00 -1.1301334647e+00  2.3889608951e+00  3.3987659561e-02 -1.1631221073e-01 -7.4615166148e-01 -2.0351074461e+00  1.5937584333e+00 -1.0906254950e+00 -1.6708265674e+00 -3.5810516150e-01 -3.5087956455e+00  7.2040720679e-01 -1.7009948273e+00 -3.1582601200e+00 -3.8439640265e-01 -2.1774476057e+00  6.8220381661e-01  1.4523415237e+00 -3.1452881148e+00  9.0218199990e-01 -3.0568422518e-02  1.2085000394e+00 -9.5659642038e-01  7.0860304957e-01 -9.7004540511e-01 -1.4145617072e+00  1.6642240210e+00  7.3041955933e-01  3.4674430322e+00 -2.1024375333e-01  2.2374741785e+00  3.4007680285e+00  7.1649364243e-01 -5.1441996098e-02 -3.1027457906e+00 -1.9826085288e+00
ENERGY -9.104605268507e+02

JOB 21
COORDS  1.2708455558e+00  1.5027629928e+00  5.0688100738e-01 -1.1225351162e+00  1.3541073368e+00 -2.8120598076e-01  5.1250333148e-01 -1.2414786465e+00 -1.2936926964e+00 -8.1653112223e-01 -2.8012432906e+00 -3.3137636905e-02 -2.2854282961e+00  5.5669120755e-01  3.0245445240e-01  2.6743119410e-01 -6.6688567800e-01  1.0992799356e-01 -1.0055678261e+00 -1.4028838457e+00  5.5637509318e-01  1.1762267306e+00  3.0342598437e+00  5.8885883598e-01  5.8528652690e-01  3.5391930800e+00  1.9025237749e+00  2.0152939204e-01 -2.6672159340e+00 -1.1072511792e+00  1.4779152396e-01  7.8991978917e-01  1.8225243887e-01  2.3500098002e+00  9.6633251744e-01  7.5080228538e-01 -2.1771379774e+00 -8.2131752160e-01 -3.1171367312e-02  7.3494700479e-01  2.6626188634e+00  2.9187568345e+00 -7.5656917456e-01  3.7787304742e+00  1.7968572876e+00  1.1548182900e+00  4.7075049687e+00  2.2785972896e+00 -1.1736002904e+00  1.3154530497e+00 -1.3772002460e+00 -1.2184520726e+00  2.3909138094e+00  3.2473037937e-02 -1.4376808013e-01 -7.4274197064e-01 -2.0232168618e+00  1.5514605572e+00 -1.0995269585e+00 -1.6047129555e+00 -4.5990762024e-01 -3.4972334754e+00  7.3484884124e-01 -1.7827464858e+00 -3.1648837502e+00 -3.9896433832e-01 -2.3143880383e+00  6.8631281367e-01  1.3951372424e+00 -3.2299620504e+00  9.0877634719e-01 -1.1966984179e-01  1.0937892246e+00 -9.5752201436e-01  7.5904445147e-01 -1.1159086630e+00 -1.4040584423e+00  1.6493053610e+00  5.9632423259e-01  3.4641364635e+00 -2.2901437060e-01  2.2017858399e+00  3.3956456794e+00  5.2805321704e-01 -1.1438885134e-01 -3.0937496663e+00 -1.9714444721e+00
ENERGY -9.104615563021e+02

JOB 22
COORDS  1.2743658131e+00  1.5129241840e+00  5.3077511206e-01 -1.1080100832e+00  1.3669783448e+00 -2.9830581099e-01  5.4655068562e-01 -1.2265092260e+00 -1.2762000838e+00 -8.0891534856e-01 -2.7874605459e+00 -4.5605340987e-02 -2.2832272133e+00  5.7057185949e-01  2.6122596848e-01  2.7186080690e-01 -6.5346078340e-01  1.2257128983e-01 -1.0103837881e+00 -1.3896514896e+00  5.4116501427e-01  1.1852836203e+00  3.0439141108e+00  6.0748822339e-01  6.5356700826e-01  3.5456265479e+00  1.9413494277e+00  2.3270296137e-01 -2.6525188641e+00 -1.0967982994e+00  1.5163671792e-01  8.0346111116e-01  1.9521288146e-01  2.3474828779e+00  9.7242063791e-01  7.9107929870e-01 -2.1692239792e+00 -8.0752909980e-01 -7.0446914008e-02  1.1162683395e+00  2.8361330823e+00  2.9897697334e+00 -7.1039073282e-01  3.4826155493e+00  2.0016558546e+00  9.8881844187e-01  4.8433615582e+00  2.1373083829e+00 -1.1343514719e+00  1.3257800162e+00 -1.3950834842e+00 -1.2109789030e+00  2.4037710442e+00  1.2528097060e-02 -9.4488738803e-02 -7.2791242240e-01 -2.0191905117e+00  1.5917822829e+00 -1.0838364780e+00 -1.5650726014e+00 -4.6962205533e-01 -3.4845472723e+00  7.2918766149e-01 -1.7670051596e+00 -3.1501131861e+00 -4.3315170142e-01 -2.3334064410e+00  7.0032369175e-01  1.3530096954e+00 -3.2188495144e+00  9.2347934767e-01 -1.7966236464e-01  1.0843376445e+00 -9.4609436309e-01  7.8816376928e-01 -1.1438485064e+00 -1.3918660550e+00  1.6315246413e+00  5.7010735376e-01  3.4799229998e+00 -1.8093426452e-01  2.2068569335e+00  3.4096997344e+00  5.0506360290e-01 -6.3446877068e-02 -3.0793513738e+00 -1.9678185310e+00
ENERGY -9.104628451195e+02

JOB 23
COORDS  1.2414159924e+00  1.4692974533e+00  5.5088099057e-01 -1.1319220145e+00  1.3402988690e+00 -3.0279902398e-01  5.1890883723e-01 -1.2607224753e+00 -1.2764310013e+00 -8.5716318972e-01 -2.8188349965e+00 -6.5664435499e-02 -2.3161794014e+00  5.4564164168e-01  2.4030475863e-01  2.3287123333e-01 -6.9127022221e-01  1.2162962593e-01 -1.0575126589e+00 -1.4220536713e+00  5.2375002551e-01  1.1634043533e+00  3.0008653575e+00  6.0584620075e-01  6.5782898296e-01  3.5259319942e+00  1.9376788823e+00  1.9519639459e-01 -2.6856088265e+00 -1.1063068232e+00  1.2066475545e-01  7.6628151994e-01  1.9582571734e-01  2.3040115425e+00  9.2227612527e-01  8.3996878295e-01 -2.2060004345e+00 -8.3089996900e-01 -9.8580851448e-02  1.3535199356e+00  3.0415599035e+00  2.9844274922e+00 -6.5238561359e-01  3.2094116805e+00  2.1520471294e+00  7.4219203168e-01  4.8794444474e+00  1.9785870073e+00 -1.1497112120e+00  1.3108786953e+00 -1.4001439893e+00 -1.2327269506e+00  2.3743715591e+00  1.8403846347e-02 -1.1164619528e-01 -7.5536137686e-01 -2.0238340078e+00  1.5678506760e+00 -1.1227405032e+00 -1.5540529514e+00 -5.2871841444e-01 -3.5199352197e+00  7.1018144500e-01 -1.8131313949e+00 -3.1757328079e+00 -4.6362630375e-01 -2.3757246818e+00  6.6892742371e-01  1.3322723602e+00 -3.2456793609e+00  9.0633308848e-01 -2.0721226307e-01  1.0366134225e+00 -9.9021914180e-01  7.9493225982e-01 -1.2031957600e+00 -1.4274299688e+00  1.6125332248e+00  5.4786555167e-01  3.4410387170e+00 -1.7996249928e-01  2.1856905038e+00  3.3617768004e+00  4.8813959030e-01 -9.5335694435e-02 -3.1067588022e+00 -1.9819675252e+00
ENERGY -9.104635895981e+02

