JOB 0
COORDS  4.5427486921e-01 -7.8301627715e-01  1.6124150466e+00  6.6522426229e-02 -1.5447251236e+00  3.3797665943e-01  8.1099627125e-01 -2.8871203105e+00  2.5687473443e-01  3.4759226353e-01 -6.9417773726e-01 -9.2270725908e-01 -4.4023500395e-01  5.8635532090e-01 -9.7980278512e-01  8.0541129732e-02  1.8194196393e+00 -1.0143677448e+00 -7.1385118524e-01  3.0961362886e+00 -1.0653576455e+00 -1.0904998725e-01  1.4954565678e-01  1.7116158196e+00  2.7156091375e-01 -1.3898053343e+00  2.5067578867e+00  1.5210308380e+00 -5.2704449851e-01  1.5949196395e+00 -1.0132644915e+00 -1.7476293027e+00  3.6672401363e-01  7.5707978980e-01 -3.3191247746e+00 -7.4882376029e-01  4.1606535638e-01 -3.6145083193e+00  9.7391311457e-01  1.8758148822e+00 -2.7468633462e+00  4.8205386469e-01  1.4215466036e+00 -4.7205273663e-01 -9.7608213849e-01  1.0782371507e-01 -1.3015996854e+00 -1.8067910887e+00 -1.5280141843e+00  4.7791461769e-01 -9.8201871370e-01  1.1672874613e+00  1.9261431608e+00 -1.0046447596e+00 -4.8817878883e-01  3.7370223047e+00 -2.0347560893e-01 -1.7903244277e+00  2.8983959545e+00 -1.0689839004e+00 -4.7188262222e-01  3.6783042181e+00 -1.9635549595e+00
ENERGY -2.752193242940e+02

JOB 1
COORDS  4.1451736194e-01 -7.3029705438e-01  1.6516975161e+00  2.7439781793e-02 -1.5114447630e+00  3.8846980213e-01  7.8307864468e-01 -2.8546311112e+00  3.1984341985e-01  3.0069763274e-01 -6.6997685376e-01 -8.8096630757e-01 -4.8129648610e-01  6.1386075259e-01 -9.4026419654e-01  4.5015127246e-02  1.8438188779e+00 -9.9571795444e-01 -7.4355226428e-01  3.1240105174e+00 -1.0500829923e+00 -1.6402816602e-01  1.9314071678e-01  1.7490011861e+00  2.5237630784e-01 -1.3320204228e+00  2.5535138524e+00  1.4763711628e+00 -4.5649467085e-01  1.6194425948e+00 -1.0513624889e+00 -1.7158976872e+00  4.2068124063e-01  9.5782107360e-01 -3.1707760947e+00 -7.1448381425e-01  2.5376523661e-01 -3.6532224610e+00  8.4915658402e-01  1.7742011612e+00 -2.7591934215e+00  7.8009235166e-01  1.3753193917e+00 -4.5397687406e-01 -9.4599519813e-01  4.9427448860e-02 -1.2826729951e+00 -1.7581011369e+00 -1.5695694202e+00  5.1095099419e-01 -9.2623226736e-01  1.1322968038e+00  1.9451025287e+00 -1.0019771114e+00 -5.0310730491e-01  3.7730852976e+00 -1.9837906813e-01 -1.8209587442e+00  2.9318216564e+00 -1.0371738890e+00 -5.1072591079e-01  3.6950976636e+00 -1.9577621054e+00
ENERGY -2.752174859910e+02

JOB 2
COORDS  4.6800707427e-01 -7.3422216133e-01  1.6425018236e+00  4.5705003982e-02 -1.5147583626e+00  3.9005030858e-01  7.7774343988e-01 -2.8769411885e+00  3.0710665871e-01  2.9388032467e-01 -6.8070257260e-01 -8.8941449751e-01 -4.8831037100e-01  6.0325286842e-01 -9.4088119086e-01  3.7990357271e-02  1.8324694228e+00 -1.0113886060e+00 -7.5037052624e-01  3.1130899728e+00 -1.0580622726e+00 -8.4033196556e-02  2.0563808581e-01  1.7376228146e+00  2.9755405013e-01 -1.3245702960e+00  2.5500870253e+00  1.5368986423e+00 -4.9044201560e-01  1.5985065935e+00 -1.0348737146e+00 -1.6999802070e+00  4.5156366562e-01  1.1586544218e+00 -3.0734816542e+00 -7.0090748080e-01  1.3155429953e-01 -3.7115958169e+00  5.9618320784e-01  1.6474178462e+00 -2.8949913389e+00  9.7373809530e-01  1.3672122461e+00 -4.6661452444e-01 -9.7732584466e-01  2.4495231490e-02 -1.2990117694e+00 -1.7572208826e+00 -1.5762442393e+00  5.0132284629e-01 -9.0708281877e-01  1.1250744575e+00  1.9327596652e+00 -1.0371298890e+00 -4.9439272582e-01  3.7660674583e+00 -2.1390759460e-01 -1.8275346886e+00  2.9219254131e+00 -1.0252619587e+00 -5.3307981527e-01  3.6795355185e+00 -1.9724780307e+00
ENERGY -2.752157115060e+02

JOB 3
COORDS  5.3100315547e-01 -7.3688999312e-01  1.6395493164e+00  6.9924665090e-02 -1.5076568309e+00  3.9481205893e-01  7.6306156322e-01 -2.8913636157e+00  2.9479370895e-01  2.9375198817e-01 -6.8469248219e-01 -8.9492532769e-01 -4.9603056440e-01  5.9467646837e-01 -9.4569027678e-01  2.3281851157e-02  1.8260866022e+00 -1.0289027128e+00 -7.7188704369e-01  3.1025553611e+00 -1.0738698755e+00  2.3401174177e-02  2.2871602557e-01  1.7253867850e+00  3.3143376943e-01 -1.3111576308e+00  2.5511255089e+00  1.6105127361e+00 -5.4355203025e-01  1.5962066208e+00 -1.0121218275e+00 -1.6687317238e+00  4.9019045134e-01  1.3446800067e+00 -2.9859282995e+00 -6.2874078912e-01  3.7267993133e-02 -3.7110426559e+00  3.0074710347e-01  1.4502243499e+00 -3.0603536144e+00  1.1302436873e+00  1.3644758057e+00 -4.6635946091e-01 -1.0010846452e+00  1.4646063011e-02 -1.3128472095e+00 -1.7527559255e+00 -1.5829322252e+00  4.8742681730e-01 -8.9900801746e-01  1.1094967907e+00  1.9315986128e+00 -1.0674597293e+00 -5.0925957976e-01  3.7617461599e+00 -2.3662027901e-01 -1.8476378950e+00  2.9063742657e+00 -1.0273633855e+00 -5.6800465102e-01  3.6645914460e+00 -1.9940722883e+00
ENERGY -2.752151442394e+02

JOB 4
COORDS  5.7261279731e-01 -6.8483724348e-01  1.6294282777e+00  7.2850646826e-02 -1.4757573215e+00  4.1282517857e-01  7.2375092511e-01 -2.8773229994e+00  3.3607555976e-01  2.8085454073e-01 -7.0090370221e-01 -9.0715259064e-01 -5.1499147538e-01  5.7271890144e-01 -9.9619603972e-01 -1.2151161856e-03  1.8024333216e+00 -1.1258201885e+00 -8.0181219998e-01  3.0736514799e+00 -1.2079486308e+00  1.0893368514e-01  3.0511234291e-01  1.6813851122e+00  3.4776955452e-01 -1.2181360213e+00  2.5595007418e+00  1.6599174602e+00 -5.4122614049e-01  1.5812544474e+00 -1.0098625716e+00 -1.6108040852e+00  5.4162439917e-01  1.4898330574e+00 -2.9201043844e+00 -4.4665332041e-01 -1.5611586829e-02 -3.6442267095e+00  7.9748535109e-02  1.1851860108e+00 -3.1699897521e+00  1.2842479889e+00  1.3495334408e+00 -4.8211196609e-01 -1.0307737097e+00 -2.6830294617e-03 -1.3613298672e+00 -1.7391899320e+00 -1.6009535615e+00  4.6294894324e-01 -9.3666111149e-01  1.0842310628e+00  1.9105582928e+00 -1.1770535982e+00 -5.3464207896e-01  3.7623580330e+00 -3.9630011093e-01 -1.8763320741e+00  2.8752368169e+00 -1.1453406575e+00 -6.0802137000e-01  3.6042335412e+00 -2.1487731272e+00
ENERGY -2.752162022782e+02

JOB 5
COORDS  5.9534370968e-01 -6.0244635413e-01  1.6100776491e+00  4.1993951351e-02 -1.3994586090e+00  4.2135689342e-01  6.5746902060e-01 -2.8104119476e+00  3.4895931381e-01  2.2959886650e-01 -6.5513209743e-01 -9.1841955673e-01 -5.5212481579e-01  6.2671208490e-01 -1.0154482117e+00 -2.5024863381e-02  1.8482793758e+00 -1.1668521437e+00 -8.1095685531e-01  3.1282002376e+00 -1.2549319224e+00  1.6471324486e-01  4.0274796420e-01  1.6525863180e+00  3.7563964661e-01 -1.1100754048e+00  2.5555396284e+00  1.6852968414e+00 -4.9461222694e-01  1.5344789596e+00 -1.0391608076e+00 -1.5128532718e+00  5.8480186908e-01  1.5688433221e+00 -2.8130879521e+00 -2.6111931110e-01 -3.2671742622e-02 -3.5136260860e+00 -1.3166615458e-01  8.9876301102e-01 -3.2056862719e+00  1.3406918808e+00  1.2977642985e+00 -4.5214923365e-01 -1.0699377449e+00 -8.0286845773e-02 -1.3285118953e+00 -1.7304983376e+00 -1.6384673391e+00  5.3106316078e-01 -9.4127982256e-01  1.0609346866e+00  1.9422071559e+00 -1.2332087481e+00 -5.2530955699e-01  3.8234628158e+00 -4.5525657188e-01 -1.8869542813e+00  2.9438806865e+00 -1.1766076982e+00 -6.2243369966e-01  3.6447398769e+00 -2.2045974938e+00
ENERGY -2.752181371152e+02

JOB 6
COORDS  5.9382321392e-01 -6.1860928527e-01  1.5168322594e+00 -2.6673280868e-02 -1.4134098150e+00  3.6053753401e-01  5.5068020537e-01 -2.8351030547e+00  2.8747017981e-01  1.4325744705e-01 -6.8968143752e-01 -9.9329846051e-01 -5.9435084104e-01  6.1901068586e-01 -1.0779452664e+00 -2.9482168773e-02  1.8188533573e+00 -1.2630316981e+00 -7.7163497564e-01  3.1254296553e+00 -1.3387430001e+00  1.8767681948e-01  3.9621559561e-01  1.5678279526e+00  4.0565191693e-01 -1.1118399265e+00  2.4767712636e+00  1.6812676957e+00 -5.3573327079e-01  1.3917002959e+00 -1.1051178037e+00 -1.4984362254e+00  5.5773008084e-01  1.5667923877e+00 -2.8238422876e+00 -1.2612557005e-01 -5.3412926575e-02 -3.4717591207e+00 -3.6950076885e-01  5.8645277894e-01 -3.3085149858e+00  1.2743533797e+00  1.2122909845e+00 -5.2653528613e-01 -1.1823268717e+00 -2.1766690039e-01 -1.3582435382e+00 -1.7879483717e+00 -1.6800756866e+00  5.6390769613e-01 -9.6404135093e-01  1.0560524754e+00  1.8724924249e+00 -1.3692273835e+00 -4.3268596990e-01  3.8185773859e+00 -5.5827358328e-01 -1.8500418508e+00  2.9811481596e+00 -1.2199752185e+00 -5.9900377125e-01  3.6243985337e+00 -2.3007468400e+00
ENERGY -2.752197464106e+02

JOB 7
COORDS  6.1887413559e-01 -6.5155531970e-01  1.5146002940e+00 -1.9529207079e-03 -1.4533493516e+00  3.6335793224e-01  6.1600524394e-01 -2.8553950760e+00  2.7469084909e-01  1.4349328318e-01 -7.1129000061e-01 -9.8461111268e-01 -5.9040307715e-01  6.0119009286e-01 -1.0368311023e+00 -2.6412540697e-02  1.8004339467e+00 -1.2282334088e+00 -7.6534803321e-01  3.1102810616e+00 -1.2726196997e+00  1.6949456695e-01  3.4242100161e-01  1.5989969634e+00  4.8752788389e-01 -1.1691605118e+00  2.4714856189e+00  1.6960134723e+00 -5.1671390328e-01  1.3531894195e+00 -1.0765870445e+00 -1.5675752883e+00  5.6578364853e-01  1.6975380605e+00 -2.7938936831e+00  1.0113373218e-01  1.7667017606e-01 -3.4373260832e+00 -5.4343207911e-01  4.6381671188e-01 -3.4144474958e+00  1.2048386730e+00  1.2089998721e+00 -5.4937710807e-01 -1.1939149631e+00 -2.3691032414e-01 -1.3670074393e+00 -1.7806492458e+00 -1.6727812555e+00  5.4925702398e-01 -8.9297098638e-01  1.0559140758e+00  1.8510154830e+00 -1.3643797887e+00 -4.0180355124e-01  3.7959642294e+00 -4.9662718332e-01 -1.8405210236e+00  2.9689984740e+00 -1.1244973610e+00 -6.1812702596e-01  3.6163129249e+00 -2.2351628305e+00
ENERGY -2.752202167761e+02

JOB 8
COORDS  6.7666943322e-01 -7.1438712938e-01  1.4266499424e+00  1.7401196118e-02 -1.5235151086e+00  3.0195813853e-01  6.4480271994e-01 -2.9229511529e+00  1.9733115709e-01  1.2274045263e-01 -7.7964485006e-01 -1.0500720086e+00 -5.8063988356e-01  5.5023605012e-01 -1.0683846694e+00  1.6069974735e-03  1.7354903183e+00 -1.2898495249e+00 -7.0734126441e-01  3.0625115041e+00 -1.3009915459e+00  2.0373808217e-01  2.6449813965e-01  1.5489419866e+00  6.1638308065e-01 -1.2453481755e+00  2.3836756294e+00  1.7378127032e+00 -5.4562702204e-01  1.2046288686e+00 -1.0505432177e+00 -1.6396550279e+00  5.3379355994e-01  1.7386835226e+00 -2.8652685343e+00  2.5017923819e-01  3.6571094480e-01 -3.4301500259e+00 -7.3249904685e-01  3.2542751240e-01 -3.5567696010e+00  1.0328893893e+00  1.1818695999e+00 -6.4325701479e-01 -1.3053081148e+00 -3.0807113221e-01 -1.4232494244e+00 -1.8299837349e+00 -1.6556979525e+00  5.2443935671e-01 -8.7174418399e-01  1.0768820685e+00  1.7601639779e+00 -1.4787314945e+00 -2.9043400022e-01  3.7400320960e+00 -5.4490917528e-01 -1.7771157150e+00  2.9469710430e+00 -1.1006262328e+00 -5.9508388880e-01  3.5641092366e+00 -2.2705453748e+00
ENERGY -2.752193186368e+02

JOB 9
COORDS  7.2686447139e-01 -7.5505219593e-01  1.3874541061e+00  3.5678482255e-02 -1.5687345335e+00  2.8494573051e-01  6.5992381486e-01 -2.9746620016e+00  1.6757396225e-01  1.0872640209e-01 -8.2593315202e-01 -1.0706662679e+00 -5.7755838396e-01  5.1284148492e-01 -1.0688689257e+00  1.1958861912e-02  1.6899655947e+00 -1.3133236559e+00 -6.8003079870e-01  3.0259323879e+00 -1.3048878799e+00  2.5025786857e-01  2.1944403974e-01  1.5292112027e+00  7.0533009687e-01 -1.2885199584e+00  2.3448808084e+00  1.7777475391e+00 -5.7745885897e-01  1.1274636893e+00 -1.0264292447e+00 -1.6769127577e+00  5.4292152382e-01  1.7186239892e+00 -2.9607973386e+00  4.5073920304e-01  5.7093564366e-01 -3.3863907822e+00 -8.4300643380e-01  1.7301579027e-01 -3.6769142116e+00  8.5419330150e-01  1.1611772352e+00 -7.0406982694e-01 -1.3588961324e+00 -3.5476694885e-01 -1.4643690493e+00 -1.8358923954e+00 -1.6457081818e+00  5.0138099973e-01 -8.3629100986e-01  1.0805511524e+00  1.7004092220e+00 -1.5380020503e+00 -2.2983058638e-01  3.6998789742e+00 -5.6486647340e-01 -1.7440066114e+00  2.9245953677e+00 -1.0690906749e+00 -5.9340450642e-01  3.5237145224e+00 -2.2790255815e+00
ENERGY -2.752174748418e+02

JOB 10
COORDS  7.7508800616e-01 -7.6863807377e-01  1.3671438808e+00  4.9991735959e-02 -1.5779288583e+00  2.8301623155e-01  6.4587663410e-01 -3.0019782611e+00  1.5679276216e-01  9.5098783177e-02 -8.4202166929e-01 -1.0776750126e+00 -5.8609877651e-01  4.9920136351e-01 -1.0678021333e+00  2.9175166344e-03  1.6730859524e+00 -1.3286169049e+00 -6.8374030313e-01  3.0117229694e+00 -1.3126497975e+00  3.2768677777e-01  2.2110479546e-01  1.4989115771e+00  7.4608267705e-01 -1.2881394066e+00  2.3318562948e+00  1.8286394885e+00 -6.2553789755e-01  1.0963444285e+00 -1.0062033886e+00 -1.6636482323e+00  5.7020035734e-01  1.6166806530e+00 -3.0742615366e+00  6.5882756870e-01  7.8049363377e-01 -3.3021623433e+00 -8.8739981426e-01 -1.2626793257e-03 -3.7492177292e+00  6.2915132067e-01  1.1412842678e+00 -7.2633962153e-01 -1.3901009565e+00 -3.8806996400e-01 -1.4831212595e+00 -1.8284181990e+00 -1.6495081688e+00  4.9274470283e-01 -8.1430803146e-01  1.0670213833e+00  1.6785418530e+00 -1.5738072042e+00 -2.1668779560e-01  3.6870894363e+00 -5.8447345171e-01 -1.7433121923e+00  2.9154906967e+00 -1.0558422555e+00 -6.1412783044e-01  3.5049489359e+00 -2.2904652898e+00
ENERGY -2.752156991266e+02

JOB 11
COORDS -7.1158792121e-02 -6.8083463426e-01  1.5577964541e+00 -1.1630080877e-01 -1.4075690796e+00  2.0657359917e-01  6.1926394686e-01 -2.7713388593e+00  2.7036056319e-01  4.5381114395e-01 -5.2668680857e-01 -9.2912526641e-01 -3.2518851995e-01  7.3777955838e-01 -1.1686928960e+00  1.5566263113e-01  1.9816991101e+00 -1.0485617586e+00 -6.3027959264e-01  3.2428541805e+00 -1.2840567454e+00 -6.1284554778e-01  2.6925290494e-01  1.5215550647e+00 -5.1331500980e-01 -1.2975375405e+00  2.3481902288e+00  9.6555565192e-01 -4.6287798182e-01  1.8447728317e+00 -1.1721091273e+00 -1.5947626230e+00 -3.0432453878e-02  1.0323968014e+00 -2.9597567150e+00  1.2667491177e+00  1.4578570337e+00 -2.8093069331e+00 -4.3374293416e-01 -4.4771548521e-02 -3.6068137851e+00  2.7046862011e-02  1.5004449458e+00 -2.8290158093e-01 -7.0435654176e-01  4.6150660773e-01 -1.1236709854e+00 -1.8520968050e+00 -1.3724650489e+00  6.0710909519e-01 -1.4535864510e+00  1.1999348320e+00  2.1103229019e+00 -7.5626607975e-01 -6.5068535620e-01  3.8700112696e+00 -3.8363972229e-01 -1.6640449624e+00  3.0234935565e+00 -1.5688380693e+00 -1.7919288605e-01  3.8484074784e+00 -2.0803301008e+00
ENERGY -2.752151490251e+02

JOB 12
COORDS -2.2143494294e-02 -6.7657340235e-01  1.5850895405e+00 -1.0942685299e-01 -1.3917962644e+00  2.3019170547e-01  5.9105841453e-01 -2.7705917896e+00  2.6684727552e-01  4.4533210080e-01 -5.2409152776e-01 -9.2109922828e-01 -3.3872504789e-01  7.3655083996e-01 -1.1647538908e+00  1.4005798020e-01  1.9822911605e+00 -1.0557240469e+00 -6.5080934643e-01  3.2399287168e+00 -1.2935051058e+00 -5.1797332090e-01  2.9855855073e-01  1.5554180804e+00 -4.9117132381e-01 -1.2764266199e+00  2.3725124893e+00  1.0244806295e+00 -5.0910620769e-01  1.8712385246e+00 -1.1760181869e+00 -1.5580081166e+00  2.4442268931e-02  7.8460472721e-01 -3.0986525869e+00  1.2934264786e+00  1.5706657636e+00 -2.7229327108e+00 -2.2453241941e-01  1.0006138658e-02 -3.5445216044e+00 -2.4386152647e-01  1.4939944983e+00 -2.7615608627e-01 -7.1098086109e-01  4.4409954596e-01 -1.1317794867e+00 -1.8372870237e+00 -1.3876138717e+00  6.0139607148e-01 -1.4412522948e+00  1.1861188876e+00  2.1152731814e+00 -7.7182760964e-01 -6.6624731216e-01  3.8727483060e+00 -3.9696679393e-01 -1.6860612590e+00  3.0161595179e+00 -1.5693034676e+00 -2.0705452589e-01  3.8414935709e+00 -2.0968834736e+00
ENERGY -2.752162355917e+02

JOB 13
COORDS  2.2535920664e-02 -6.8447674464e-01  1.5938114393e+00 -1.0481381085e-01 -1.3902523874e+00  2.3757357930e-01  5.8146721673e-01 -2.7697096537e+00  2.5206812685e-01  4.3404580442e-01 -5.2601288726e-01 -9.2324291588e-01 -3.5269618510e-01  7.3482570929e-01 -1.1577030037e+00  1.2656300022e-01  1.9805962938e+00 -1.0510136093e+00 -6.6688674182e-01  3.2385424646e+00 -1.2783369497e+00 -4.5210863053e-01  3.0142645291e-01  1.5770491156e+00 -4.4533547666e-01 -1.2772420436e+00  2.3872174302e+00  1.0775603913e+00 -5.4109641166e-01  1.8618118310e+00 -1.1774818965e+00 -1.5494644113e+00  5.6364604278e-02  5.5863485383e-01 -3.2201717979e+00  1.2501308809e+00  1.6422021197e+00 -2.6727197246e+00 -1.3063691161e-02  1.2717907416e-01 -3.4633153007e+00 -4.6268417371e-01  1.4855002553e+00 -2.7795502322e-01 -7.2807571025e-01  4.2013565464e-01 -1.1350993091e+00 -1.8384848279e+00 -1.4041892524e+00  5.9976501386e-01 -1.4240014380e+00  1.1754491316e+00  2.1133277395e+00 -7.7758594900e-01 -6.7342441780e-01  3.8696503770e+00 -3.8048895176e-01 -1.7048208053e+00  3.0150617731e+00 -1.5440974826e+00 -2.3139073413e-01  3.8417350014e+00 -2.0850103638e+00
ENERGY -2.752181746353e+02

JOB 14
COORDS  5.5123856781e-02 -7.1774010212e-01  1.5976713869e+00 -9.8002333180e-02 -1.4218565614e+00  2.4340059808e-01  5.9848163942e-01 -2.7909509843e+00  2.4618978991e-01  4.2266359715e-01 -5.5115783456e-01 -9.2135117162e-01 -3.6504610446e-01  7.1329736196e-01 -1.1324835484e+00  1.1973125554e-01  1.9572263419e+00 -1.0294983856e+00 -6.7490178425e-01  3.2183624039e+00 -1.2338851090e+00 -4.3434631339e-01  2.6091865079e-01  1.5967859446e+00 -3.8085053951e-01 -1.3183919845e+00  2.4034613228e+00  1.1150560169e+00 -5.5916748837e-01  1.8353718934e+00 -1.1718186532e+00 -1.5902546045e+00  7.6487071700e-02  3.7406748391e-01 -3.3508845322e+00  1.1607409203e+00  1.6885550668e+00 -2.6679576355e+00  2.0869616845e-01  3.0333734370e-01 -3.3979404027e+00 -6.1655961794e-01  1.4779496511e+00 -3.0630042140e-01 -7.4358457155e-01  3.9070761802e-01 -1.1528330166e+00 -1.8409465541e+00 -1.4222224581e+00  5.8248490986e-01 -1.3775969082e+00  1.1744477924e+00  2.0857954433e+00 -7.7733362093e-01 -6.6124755622e-01  3.8448255118e+00 -3.3286695963e-01 -1.7186964070e+00  2.9989095564e+00 -1.4792798567e+00 -2.5459066402e-01  3.8246375330e+00 -2.0462845490e+00
ENERGY -2.752197703892e+02

JOB 15
COORDS  8.6059981323e-02 -7.2863717207e-01  1.4976483924e+00 -1.1642165556e-01 -1.4466630031e+00  1.5704370379e-01  5.7806783426e-01 -2.8153224228e+00  1.5651111234e-01  3.8297117751e-01 -5.8574073287e-01 -1.0254611064e+00 -3.7415824184e-01  7.0276256385e-01 -1.1999419819e+00  1.5300896288e-01  1.9311740132e+00 -1.1224635576e+00 -6.1127079816e-01  3.2161217030e+00 -1.2912166238e+00 -4.2438099765e-01  2.3893143290e-01  1.5155472089e+00 -2.9432455979e-01 -1.3319744350e+00  2.3295755248e+00  1.1527762884e+00 -5.4508645712e-01  1.6789488797e+00 -1.1941543773e+00 -1.6122773832e+00  1.6057175303e-02  1.8044255273e-01 -3.4624742423e+00  9.4629286178e-01  1.6566580701e+00 -2.7063150226e+00  3.2418721809e-01  4.3972632294e-01 -3.3329224326e+00 -7.9972160393e-01  1.4515598739e+00 -3.7300042292e-01 -8.9057330273e-01  2.9482034949e-01 -1.1810852316e+00 -1.9453099602e+00 -1.4453650091e+00  6.0470686695e-01 -1.3944586659e+00  1.2219287634e+00  2.0272730645e+00 -9.2071942710e-01 -5.3536108764e-01  3.8423074325e+00 -3.9309727213e-01 -1.6718591557e+00  3.0288638043e+00 -1.4861123139e+00 -2.1180393578e-01  3.8087890396e+00 -2.1239249510e+00
ENERGY -2.752202108105e+02

JOB 16
COORDS  1.7804718321e-01 -8.0137830928e-01  1.5334097852e+00 -2.1630058809e-02 -1.5316334565e+00  1.9851128455e-01  7.2740313740e-01 -2.8741412229e+00  1.9274650252e-01  4.3599774754e-01 -6.5053492956e-01 -9.8741432192e-01 -3.3899022445e-01  6.3155933987e-01 -1.1262959533e+00  1.7843562056e-01  1.8647192137e+00 -1.0596102989e+00 -6.0376356290e-01  3.1429146656e+00 -1.1940596307e+00 -3.9320970995e-01  1.3084390865e-01  1.5724836878e+00 -1.3200397837e-01 -1.4283752230e+00  2.3772943578e+00  1.2362499661e+00 -5.4910709828e-01  1.6761728784e+00 -1.0936845622e+00 -1.7341382123e+00  6.6993419485e-02  2.0787178135e-01 -3.6227423279e+00  8.0110603845e-01  1.7481945103e+00 -2.7620366671e+00  5.7585393977e-01  7.9616517670e-01 -3.2840029479e+00 -8.2196805537e-01  1.5057999763e+00 -4.2798572968e-01 -8.7998023785e-01  3.2804490161e-01 -1.2359322825e+00 -1.9113700774e+00 -1.4153261768e+00  5.2400890004e-01 -1.2844647060e+00  1.2526513467e+00  1.9703683647e+00 -8.9408542518e-01 -5.0349226239e-01  3.7643877937e+00 -2.9504851229e-01 -1.6684861296e+00  2.9461811126e+00 -1.3539718362e+00 -2.3879720526e-01  3.7446323501e+00 -2.0360627626e+00
ENERGY -2.752192780014e+02

JOB 17
COORDS  1.2593323252e-01 -7.4276916205e-01  1.6398525411e+00 -4.8267375174e-02 -1.4975883068e+00  3.1461645841e-01  7.3261004426e-01 -2.8281700505e+00  3.3327429853e-01  4.0036353103e-01 -6.1940335909e-01 -8.7788099343e-01 -3.8910863697e-01  6.5238648081e-01 -1.0281041375e+00  1.1430799539e-01  1.8919642646e+00 -9.7416458788e-01 -6.8243784854e-01  3.1597913862e+00 -1.1208182035e+00 -4.7511210983e-01  1.7097696420e-01  1.6669752088e+00 -1.6414399848e-01 -1.3684683091e+00  2.4918787003e+00  1.1755081723e+00 -4.5524129939e-01  1.7788397034e+00 -1.1148925209e+00 -1.7198419154e+00  1.7617298649e-01  1.1833016616e-01 -3.6502034230e+00  7.1612730241e-01  1.6395273293e+00 -2.7553473260e+00  9.4299971812e-01  1.0390800886e+00 -3.1208734002e+00 -6.7795267476e-01  1.4675952360e+00 -3.8431561559e-01 -7.7128689505e-01  2.9968046456e-01 -1.2134492413e+00 -1.7970562520e+00 -1.4643059294e+00  5.3112723946e-01 -1.1843462990e+00  1.1873333761e+00  2.0114884486e+00 -8.1043018229e-01 -5.8894063246e-01  3.7911623423e+00 -2.2799018216e-01 -1.7449041558e+00  2.9494002670e+00 -1.2783350665e+00 -3.2461163137e-01  3.7573361360e+00 -1.9688362655e+00
ENERGY -2.752174266199e+02

JOB 18
COORDS  7.2352118632e-02 -6.4285407806e-01  1.7015773882e+00 -1.0264479287e-01 -1.4117108715e+00  3.8444631708e-01  6.6797149388e-01 -2.7548072401e+00  4.1542103194e-01  3.4410015211e-01 -5.4988681422e-01 -8.2053776910e-01 -4.5276965396e-01  7.1422192495e-01 -9.9394872814e-01  4.2396227375e-02  1.9576865902e+00 -9.5444450341e-01 -7.6144042453e-01  3.2181186874e+00 -1.1242530672e+00 -5.0930557719e-01  2.8383091580e-01  1.7085933812e+00 -2.4273801472e-01 -1.2512058411e+00  2.5570849416e+00  1.1261601272e+00 -3.7644096366e-01  1.8513914287e+00 -1.1718379755e+00 -1.6239534235e+00  2.5290764895e-01 -6.1670328932e-03 -3.6076193712e+00  5.4607649986e-01  1.4066808282e+00 -2.7794433241e+00  1.2231438947e+00  1.2076666189e+00 -2.9277117151e+00 -5.2257269258e-01  1.4096091295e+00 -3.0706667631e-01 -7.1447028936e-01  2.4974192638e-01 -1.1598742047e+00 -1.7299428718e+00 -1.5261365687e+00  5.8372657562e-01 -1.1551582426e+00  1.1135390426e+00  2.0864741831e+00 -7.8551962600e-01 -6.7766226947e-01  3.8627461757e+00 -2.3998010717e-01 -1.8215034327e+00  2.9986438468e+00 -1.2854968717e+00 -4.0193461821e-01  3.8057724845e+00 -1.9784487159e+00
ENERGY -2.752156863648e+02

JOB 19
COORDS  8.8546187144e-02 -5.7879227202e-01  1.7461828053e+00 -1.0676344991e-01 -1.3499947947e+00  4.3353213300e-01  6.3846946961e-01 -2.7097443206e+00  4.5728500312e-01  3.2576807085e-01 -5.0623177987e-01 -7.8792051401e-01 -4.8206472781e-01  7.4843638467e-01 -9.7842533390e-01  2.7504085423e-03  1.9963959316e+00 -9.5531906796e-01 -8.1206245228e-01  3.2474888316e+00 -1.1410489478e+00 -4.5863366405e-01  3.6882499086e-01  1.7408947077e+00 -2.5730227005e-01 -1.1694725732e+00  2.6017812977e+00  1.1501118054e+00 -3.5003996642e-01  1.9054884247e+00 -1.1816873598e+00 -1.5464459655e+00  3.2466998943e-01 -4.7169266798e-02 -3.5532217512e+00  3.2725460587e-01  1.1606577464e+00 -2.8643061101e+00  1.4073714870e+00  1.3900545863e+00 -2.7740263485e+00 -3.3699310820e-01  1.3898672642e+00 -2.5355796406e-01 -6.9180898165e-01  2.3160163076e-01 -1.1333857203e+00 -1.6857758168e+00 -1.5543380790e+00  6.0679297654e-01 -1.1371583966e+00  1.0728664346e+00  2.1364831046e+00 -7.8881375853e-01 -7.3300350983e-01  3.9044829869e+00 -2.6549254539e-01 -1.8703465191e+00  3.0168231132e+00 -1.2982993369e+00 -4.5832494731e-01  3.8267754116e+00 -2.0033246218e+00
ENERGY -2.752151461452e+02

JOB 20
COORDS  1.4024134338e-01 -5.7184562989e-01  1.7656828625e+00 -9.4713851130e-02 -1.3328373309e+00  4.5402256515e-01  6.1739506416e-01 -2.7064745852e+00  4.5478539314e-01  3.1960730210e-01 -5.0104698890e-01 -7.8054281989e-01 -4.9492847620e-01  7.4897841421e-01 -9.7357137762e-01 -1.4807865318e-02  1.9989036997e+00 -9.5975284472e-01 -8.3494572390e-01  3.2464614248e+00 -1.1459874211e+00 -3.6445028330e-01  3.9918244128e-01  1.7610112605e+00 -2.3003610615e-01 -1.1468660850e+00  2.6213951515e+00  1.2112255970e+00 -3.8986854345e-01  1.9238395996e+00 -1.1759039281e+00 -1.5112585074e+00  3.7528028725e-01 -3.2901024768e-02 -3.5013474542e+00  7.5110039901e-02  9.0513713226e-01 -3.0014195504e+00  1.4699251066e+00  1.5315395373e+00 -2.6918866528e+00 -1.4878679077e-01  1.3837886697e+00 -2.4368666281e-01 -6.9946074145e-01  2.1773810309e-01 -1.1380630160e+00 -1.6707888699e+00 -1.5675919746e+00  6.0215231452e-01 -1.1244139121e+00  1.0559154302e+00  2.1435793726e+00 -8.0120972717e-01 -7.5210314234e-01  3.9079605421e+00 -2.7418155419e-01 -1.8935015940e+00  3.0115738930e+00 -1.2948794141e+00 -4.8897456831e-01  3.8226986816e+00 -2.0134417388e+00
ENERGY -2.752161910900e+02

JOB 21
COORDS  1.8657067890e-01 -5.7518444403e-01  1.7704693212e+00 -8.6036803944e-02 -1.3282525822e+00  4.6181455859e-01  6.0851464282e-01 -2.7038857375e+00  4.4383310124e-01  3.1055242281e-01 -5.0109522749e-01 -7.8067383593e-01 -5.0653905815e-01  7.4872738913e-01 -9.6496334591e-01 -2.6925357160e-02  1.9988870222e+00 -9.5577884175e-01 -8.4999662256e-01  3.2459348525e+00 -1.1321543685e+00 -2.9701879430e-01  4.0653065076e-01  1.7745780262e+00 -1.8251242892e-01 -1.1432624104e+00  2.6311946319e+00  1.2635538670e+00 -4.1603188795e-01  1.9124082757e+00 -1.1704331246e+00 -1.5003095334e+00  4.0810572760e-01  4.9855709752e-02 -3.4287398245e+00 -1.5809571748e-01  6.7112207743e-01 -3.1234887051e+00  1.4544752039e+00  1.6304857075e+00 -2.6359955102e+00  5.3817607388e-02  1.3756399882e+00 -2.4314902639e-01 -7.1528195613e-01  1.9654711867e-01 -1.1404867574e+00 -1.6677966086e+00 -1.5807129391e+00  6.0146815862e-01 -1.1039032516e+00  1.0454697201e+00  2.1440784762e+00 -8.0938114988e-01 -7.5777584298e-01  3.9071347523e+00 -2.6107150200e-01 -1.9100045963e+00  3.0103497382e+00 -1.2691487679e+00 -5.1427603706e-01  3.8227554179e+00 -2.0032418558e+00
ENERGY -2.752181108612e+02

JOB 22
COORDS  2.1802251438e-01 -6.0579925116e-01  1.7721017083e+00 -8.3968975384e-02 -1.3544220590e+00  4.6755886411e-01  6.1479369194e-01 -2.7221430373e+00  4.3457145649e-01  2.9507432014e-01 -5.2103379546e-01 -7.7656715083e-01 -5.1894357066e-01  7.3418339071e-01 -9.3697543001e-01 -3.2952650311e-02  1.9818787963e+00 -9.3025101448e-01 -8.5317147233e-01  3.2339182984e+00 -1.0829698483e+00 -2.7437608573e-01  3.7113576243e-01  1.7954766256e+00 -1.1957586480e-01 -1.1809038584e+00  2.6412437901e+00  1.2971070242e+00 -4.3688957878e-01  1.8822712941e+00 -1.1685761510e+00 -1.5313063007e+00  4.2989895433e-01  2.0199470313e-01 -3.3629343986e+00 -3.5268134953e-01  4.8335674671e-01 -3.2529315619e+00  1.3844718904e+00  1.6924255733e+00 -2.6135362790e+00  2.6262689843e-01  1.3622982040e+00 -2.6818495435e-01 -7.2860437274e-01  1.6189100864e-01 -1.1526548051e+00 -1.6664950997e+00 -1.5964189770e+00  5.9313836091e-01 -1.0552692440e+00  1.0428856287e+00  2.1209313255e+00 -8.0462623646e-01 -7.4045933521e-01  3.8895060138e+00 -2.1005498877e-01 -1.9168410586e+00  3.0042698691e+00 -1.2002612784e+00 -5.3195695087e-01  3.8142637805e+00 -1.9571805571e+00
ENERGY -2.752197348750e+02

JOB 23
COORDS  2.3231074899e-01 -6.1480270926e-01  1.6832545557e+00 -1.1467010322e-01 -1.3771324147e+00  3.9787277893e-01  5.8441611794e-01 -2.7429842401e+00  3.6356845853e-01  2.4272537606e-01 -5.5447862608e-01 -8.6076725783e-01 -5.3867853867e-01  7.2469618794e-01 -9.9140190788e-01 -1.5173900273e-02  1.9569028539e+00 -1.0139846466e+00 -8.0298316277e-01  3.2326978313e+00 -1.1380375167e+00 -2.7846397408e-01  3.5178991013e-01  1.7264769450e+00 -4.9406008705e-02 -1.1910393667e+00  2.5717256198e+00  1.3115466984e+00 -4.2321632645e-01  1.7380986949e+00 -1.2003780070e+00 -1.5502115940e+00  3.8480588121e-01  3.4177429921e-01 -3.2944929780e+00 -5.5193863320e-01  2.9235621355e-01 -3.3614043387e+00  1.2195603889e+00  1.6743727309e+00 -2.6220328900e+00  3.9827011650e-01  1.3180990062e+00 -3.3345168392e-01 -8.5370016939e-01  5.6498545815e-02 -1.1805450539e+00 -1.7449148729e+00 -1.6241766788e+00  6.1629047528e-01 -1.0611683935e+00  1.0688844709e+00  2.0635643799e+00 -9.3673555585e-01 -6.3154024274e-01  3.8888750780e+00 -2.7517777011e-01 -1.8773225542e+00  3.0351742556e+00 -1.2064263626e+00 -5.0369441465e-01  3.7985923295e+00 -2.0293398052e+00
ENERGY -2.752202180532e+02

