JOB 0
COORDS -1.2057961214e+00  3.2043274934e+00  8.3980960106e-01 -2.7034964389e+00  3.0600230308e+00  1.0129851081e+00  1.0123817180e+00 -5.9223406914e-02  3.3059745720e-01  2.8759070395e+00  1.1124545584e+00  1.6140168754e+00  1.3729601483e+00  8.8610905442e-01  1.4727563105e+00 -6.3539136782e-01  4.1431858439e+00  3.4175554334e-01 -5.9654985985e-01  2.0911447164e+00  1.3549988285e+00  8.5410425170e-01  2.2146414116e+00  1.2507565211e+00 -3.1803371149e+00  3.2269933401e+00  4.4253060711e-02 -2.9880800342e+00  2.0826667296e+00  1.4053421547e+00 -3.0482414337e+00  3.8406855338e+00  1.6967215591e+00 -7.1380296640e-02 -1.5867669795e-01  2.3135120956e-01  1.4174070291e+00  3.1454704141e-01 -6.1527587329e-01  1.4306299856e+00 -1.0534592640e+00  5.2052467144e-01  3.0923620222e+00  1.7959917851e+00  2.4391679715e+00  3.2909933267e+00  1.5327041848e+00  6.9288229856e-01  3.3700577057e+00  1.5658182401e-01  1.8114991689e+00  9.6171044515e-01  5.1551668361e-01  2.4203673562e+00
ENERGY -4.222388332354e+02

JOB 1
COORDS -1.1937184398e+00  3.1316080813e+00  7.8685910330e-01 -2.6878428920e+00  3.0323704592e+00  1.0122238944e+00  9.7807608208e-01  3.3720585639e-02  3.0813247388e-01  2.8829540139e+00  1.0880779641e+00  1.6323778260e+00  1.3746421621e+00  8.9256033065e-01  1.5051996850e+00 -6.3086599109e-01  3.9508351110e+00  1.0391138402e-01 -5.7771498872e-01  2.1392088029e+00  1.5058637022e+00  8.7108771756e-01  2.2405754244e+00  1.3836851347e+00 -3.1871659269e+00  3.0835557725e+00  4.2215568619e-02 -2.9725263602e+00  2.1178528345e+00  1.5345791726e+00 -3.0057995499e+00  3.8972130743e+00  1.6016158892e+00 -1.0871833408e-01 -5.3726035210e-02  2.3144864746e-01  1.3599979488e+00  4.7321252358e-01 -6.1873151106e-01  1.3936475172e+00 -9.7398209889e-01  4.1471975180e-01  3.1241765735e+00  1.7168658023e+00  2.4934853555e+00  3.2884231886e+00  1.5575735473e+00  7.3097377781e-01  3.3656149887e+00  1.1502699329e-01  1.7629474662e+00  9.7497329429e-01  4.6366468984e-01  2.4330025011e+00
ENERGY -4.222390364127e+02

JOB 2
COORDS -1.1747987159e+00  3.0371427143e+00  7.5491476603e-01 -2.6662717804e+00  3.0036618316e+00  1.0130373729e+00  9.4400849804e-01  1.4254918959e-01  2.7832685886e-01  2.8833741903e+00  1.0631086947e+00  1.6510246840e+00  1.3705475552e+00  9.0209351523e-01  1.5306098200e+00 -6.1357682545e-01  3.6993000357e+00 -8.1996723625e-02 -5.5891324617e-01  2.1930075065e+00  1.6468192896e+00  8.8841474963e-01  2.2641407801e+00  1.5170256159e+00 -3.1793747748e+00  2.8720644762e+00  5.7912107653e-02 -2.9525158483e+00  2.2126775350e+00  1.7076369449e+00 -2.9655798841e+00  3.9711435559e+00  1.4263657994e+00 -1.4513867510e-01  7.5973751945e-02  2.1190747396e-01  1.3184620604e+00  6.4540860488e-01 -6.1849762057e-01  1.3437331644e+00 -8.7682991851e-01  3.0337153754e-01  3.1461162449e+00  1.6227058361e+00  2.5526870600e+00  3.2852226800e+00  1.5908891755e+00  7.8083258048e-01  3.3509853160e+00  7.5449393466e-02  1.7034282950e+00  9.7454629547e-01  4.1172718449e-01  2.4291039605e+00
ENERGY -4.222394968656e+02

JOB 3
COORDS -1.1516109183e+00  2.9254595775e+00  7.3803000472e-01 -2.6394596421e+00  2.9773605583e+00  1.0107136544e+00  9.1026604437e-01  2.5251540103e-01  2.5201014363e-01  2.8774674080e+00  1.0444524901e+00  1.6630579403e+00  1.3609523956e+00  9.1602036560e-01  1.5494608751e+00 -5.8592502903e-01  3.3969475243e+00 -2.1672910859e-01 -5.4173717825e-01  2.2539564721e+00  1.7728412047e+00  9.0408056482e-01  2.2849906257e+00  1.6427363966e+00 -3.1695048365e+00  2.6837705688e+00  1.0213775110e-01 -2.9328874213e+00  2.3374445565e+00  1.8440271562e+00 -2.9101606403e+00  4.0121339206e+00  1.2400426963e+00 -1.7997937241e-01  1.9246327683e-01  1.9704947372e-01  1.2707511964e+00  8.1766325156e-01 -6.1212479987e-01  1.3044986987e+00 -7.6799857306e-01  1.9946761612e-01  3.1589845393e+00  1.5334706742e+00  2.5994619411e+00  3.2775585746e+00  1.6273772736e+00  8.2799744499e-01  3.3299316361e+00  4.8705852110e-02  1.6387623262e+00  9.6601498444e-01  3.6948004673e-01  2.4155671059e+00
ENERGY -4.222400576404e+02

JOB 4
COORDS -1.5872809097e+00  2.4373605273e+00  9.2634809931e-01 -2.4802640598e+00  3.1434328225e+00  1.9225980154e+00  1.9802392279e+00  3.7086849079e-01 -4.4067271102e-01  2.0732348256e+00  1.1104441168e+00  1.9986124248e+00  1.2038336276e+00  8.9153543485e-01  7.6477888945e-01 -1.9465384897e+00  1.8100574867e+00 -3.9123159416e-02 -2.7515805736e-01  2.6346908501e+00  1.2983798376e+00  6.3387267549e-01  2.1332100121e+00  2.8531620433e-01 -3.3496917415e+00  2.5141761963e+00  2.1210086165e+00 -1.9581464196e+00  3.3791187315e+00  2.8512746701e+00 -2.8296351897e+00  4.0761518927e+00  1.4691602199e+00  1.3170344881e+00  2.3946458308e-01 -1.2993262315e+00  2.7800157503e+00  1.0661038938e+00 -7.1457618322e-01  2.4324569924e+00 -5.9436187109e-01 -1.9380371704e-01  1.4888810638e+00  1.5314420233e+00  2.8206254093e+00  2.8961519581e+00  1.7951312723e+00  1.7695768811e+00  2.4957870845e+00  1.5667145198e-01  2.3322564440e+00  3.7444817762e-01  2.1071594759e-01  9.9207611302e-01
ENERGY -4.222402548094e+02

JOB 5
COORDS -1.5204428159e+00  2.3856240026e+00  9.7961968152e-01 -2.4386561569e+00  3.1311905271e+00  1.9221055492e+00  1.9773488590e+00  4.0349382364e-01 -4.5281798199e-01  2.0007135090e+00  1.0828980721e+00  2.0059263812e+00  1.1766668634e+00  9.3562031062e-01  7.3119322977e-01 -1.8554958825e+00  1.5866867347e+00  1.3897850770e-01 -2.2335510258e-01  2.7725881834e+00  1.2304395032e+00  6.9894972515e-01  2.2206671792e+00  2.5660518076e-01 -3.2186985903e+00  2.4489836767e+00  2.2647606121e+00 -1.9012906185e+00  3.5565903637e+00  2.7709839143e+00 -2.9154756630e+00  3.9432654191e+00  1.3645721693e+00  1.3460999815e+00  3.2792026334e-01 -1.3417352138e+00  2.8247497094e+00  1.0600214671e+00 -6.7423810008e-01  2.3652161571e+00 -5.9078906029e-01 -2.1174656934e-01  1.4024153863e+00  1.5148351041e+00  2.8124568018e+00  2.8663000929e+00  1.7297039092e+00  1.8305047112e+00  2.3592575007e+00  1.0160729971e-01  2.3347611408e+00  3.0493804919e-01  2.9530658634e-01  9.0214030522e-01
ENERGY -4.222405620301e+02

JOB 6
COORDS -1.4557380175e+00  2.3860264700e+00  1.0073654257e+00 -2.3558091977e+00  3.1397408294e+00  1.9621919599e+00  2.0327470884e+00  4.4452232863e-01 -4.6489732777e-01  1.8393651555e+00  1.0238876532e+00  2.0104489731e+00  1.1364541316e+00  9.5466334381e-01  6.5900531709e-01 -1.7922409694e+00  1.4766594370e+00  2.8589282721e-01 -1.8705681973e-01  2.9004649894e+00  1.0999149593e+00  7.5914087767e-01  2.2786717008e+00  1.8909946631e-01 -2.7409157326e+00  2.4356432136e+00  2.7048067576e+00 -1.8378333450e+00  3.9578613023e+00  2.4637237297e+00 -3.2058915553e+00  3.5285214781e+00  1.3961027153e+00  1.4890267382e+00  4.2184778967e-01 -1.4127443079e+00  2.9161826927e+00  1.0807616456e+00 -5.7763448240e-01  2.3652148185e+00 -5.7082711210e-01 -2.2856758056e-01  1.1853919291e+00  1.4542193549e+00  2.7738540924e+00  2.7439598980e+00  1.6368629738e+00  1.9444944824e+00  2.1219391815e+00  1.6746107975e-02  2.3349511213e+00  2.3530413037e-01  3.3994035647e-01  7.1650169388e-01
ENERGY -4.222393936279e+02

JOB 7
COORDS -1.4225314075e+00  2.3419079701e+00  1.0859777523e+00 -2.2395969416e+00  3.1989252727e+00  2.0298209143e+00  2.1671127805e+00  4.9090785576e-01 -4.5603564449e-01  1.5891228621e+00  9.7530367710e-01  1.9745615845e+00  1.0890070605e+00  9.2051712483e-01  5.3576933185e-01 -1.7773874524e+00  1.2922524975e+00  6.0017940690e-01 -2.1421086559e-01  2.9506533136e+00  8.8928988935e-01  7.3075659479e-01  2.2420597630e+00  3.5102490317e-02 -2.2403684717e+00  2.7245723106e+00  3.0159826774e+00 -1.8401838849e+00  4.2096524410e+00  2.1211189539e+00 -3.2683129231e+00  3.2265220491e+00  1.6654306735e+00  1.7851055878e+00  5.1792645856e-01 -1.4800839229e+00  3.0443528912e+00  1.1415654593e+00 -3.8867654279e-01  2.4733810230e+00 -5.3490921244e-01 -2.2934418590e-01  8.0060712886e-01  1.2899050948e+00  2.6637745854e+00  2.4280439451e+00  1.6723091768e+00  2.0672357050e+00  1.9236117504e+00 -2.0285225913e-02  2.2839971474e+00  2.2073132684e-01  2.6642783624e-01  4.5040900669e-01
ENERGY -4.222366951283e+02

JOB 8
COORDS -1.3959673622e+00  2.3086288724e+00  1.1689834071e+00 -2.2005812500e+00  3.2474601451e+00  2.0451149080e+00  2.2243295570e+00  5.3085834009e-01 -4.5474182791e-01  1.4834280060e+00  9.1691611701e-01  1.9460337171e+00  1.0737109823e+00  9.0450060389e-01  4.7817563240e-01 -1.7107844145e+00  1.1747949698e+00  8.8355049671e-01 -2.6921945271e-01  2.9655893753e+00  7.7093709025e-01  7.3547994531e-01  2.2387133721e+00 -6.2445890617e-03 -2.0728240629e+00  2.9401301035e+00  3.0876708028e+00 -1.8841629278e+00  4.2857161483e+00  1.9398527211e+00 -3.2553541209e+00  3.1402453267e+00  1.7850234345e+00  1.9083975284e+00  5.7692358084e-01 -1.5003740888e+00  3.0786679804e+00  1.1997732108e+00 -3.1391019349e-01  2.5408615310e+00 -4.9350381848e-01 -2.3506139221e-01  6.4912034759e-01  1.1909702615e+00  2.5970530398e+00  2.3036934493e+00  1.6220985735e+00  2.1135182658e+00  1.8146848087e+00 -8.3927114810e-02  2.2414475237e+00  2.2576045910e-01  2.4032579502e-01  3.1748087494e-01
ENERGY -4.222333005636e+02

JOB 9
COORDS -1.3808395495e+00  2.2987308483e+00  1.2563599752e+00 -2.2302052090e+00  3.3015397363e+00  2.0131849929e+00  2.2413299015e+00  5.6538695979e-01 -4.7035325803e-01  1.4783362264e+00  8.3239583800e-01  1.9378741518e+00  1.0815316651e+00  9.0035916876e-01  4.6778302046e-01 -1.6296000177e+00  1.1179763983e+00  1.1481190840e+00 -3.1746988989e-01  2.9695817576e+00  7.3407273030e-01  7.7335516737e-01  2.2630747931e+00  4.7132753867e-02 -2.0600812043e+00  3.1543495304e+00  3.0842456933e+00 -1.9871173924e+00  4.3323080932e+00  1.7536915230e+00 -3.2801726959e+00  3.0900780925e+00  1.8019338970e+00  1.9358465008e+00  6.5398904349e-01 -1.5161701560e+00  3.0950520585e+00  1.2265718258e+00 -2.9394724538e-01  2.5552857315e+00 -4.6694624383e-01 -2.8701980019e-01  6.4461443059e-01  1.0935357763e+00  2.5935588509e+00  2.3149363923e+00  1.5080769091e+00  2.1427275893e+00  1.7839814765e+00 -1.8880947624e-01  2.1887157779e+00  2.3045741216e-01  2.5401481182e-01  2.6260024229e-01
ENERGY -4.222296226110e+02

JOB 10
COORDS -1.3616630779e+00  2.3089012225e+00  1.3668648427e+00 -2.3010504297e+00  3.3522473179e+00  1.9431785755e+00  2.2362957503e+00  6.0507821207e-01 -4.9657169695e-01  1.5253006192e+00  7.2649940836e-01  1.9383591871e+00  1.1011766537e+00  9.0138334989e-01  4.8498139648e-01 -1.5228456366e+00  1.1109311513e+00  1.4532776699e+00 -3.4386234619e-01  2.9723897531e+00  7.5589977802e-01  8.2422595758e-01  2.2981355987e+00  1.6010023251e-01 -2.1499736170e+00  3.3847881108e+00  3.0265398215e+00 -2.1264509961e+00  4.3456065194e+00  1.5292180298e+00 -3.3267407080e+00  3.0313163161e+00  1.7507734994e+00  1.9060358866e+00  7.3791771057e-01 -1.5298845234e+00  3.0950007862e+00  1.2581010201e+00 -3.1322339260e-01  2.5559037620e+00 -4.3305128015e-01 -3.6193860443e-01  7.1070341098e-01  9.6437480633e-01  2.6244841361e+00  2.3839140674e+00  1.3669105536e+00  2.1652048436e+00  1.8117767324e+00 -3.1571597331e-01  2.1158882043e+00  2.3149418910e-01  2.9040006525e-01  2.5135782298e-01
ENERGY -4.222265724691e+02

JOB 11
COORDS -1.3208943445e+00  2.3466604252e+00  1.4917165647e+00 -2.3723237819e+00  3.3804886490e+00  1.8532003626e+00  2.1908182604e+00  6.3051168650e-01 -5.2885934206e-01  1.6052441542e+00  6.3415029997e-01  1.9415102987e+00  1.1184805466e+00  9.1446108575e-01  5.2488942367e-01 -1.3843222732e+00  1.1715241185e+00  1.7809347952e+00 -3.4069487347e-01  2.9896609638e+00  8.0340462628e-01  8.8505085223e-01  2.3406093401e+00  3.0021712094e-01 -2.4008616516e+00  3.4658366465e+00  2.9431789737e+00 -2.1709363228e+00  4.3576856045e+00  1.4145517211e+00 -3.3435862431e+00  3.0086893888e+00  1.5179592805e+00  1.8105026675e+00  8.1690272744e-01 -1.5362412348e+00  3.0750171309e+00  1.2542182062e+00 -3.6467575570e-01  2.4923477835e+00 -4.1907122598e-01 -4.5377305479e-01  8.4720338854e-01  8.9546311239e-01  2.6803813962e+00  2.5207181612e+00  1.1986064136e+00  2.1472139217e+00  1.8239043306e+00 -4.3376621213e-01  2.0518092291e+00  2.1357321914e-01  3.5358263252e-01  2.9709149556e-01
ENERGY -4.222248093756e+02

JOB 12
COORDS -1.2581923484e+00  2.5560535596e+00  1.1955062818e+00 -2.6008110964e+00  3.0545585064e+00  6.9331284085e-01  8.0474022344e-01 -7.5450644558e-02  1.1645158588e+00  2.9487730015e+00  1.2842262718e+00  1.1070252914e+00  1.4338555950e+00  1.3041923692e+00  1.3178260668e+00 -1.0522430247e+00  2.1373698519e+00  2.3139475330e+00 -3.7029744959e-01  2.6777599790e+00  1.7277450801e-01  1.0269529259e+00  2.2130271798e+00  2.4930598227e-01 -3.0229097586e+00  3.7183826643e+00  1.4509116833e+00 -2.5253580592e+00  3.5691344541e+00 -2.6470575406e-01 -3.2653406506e+00  2.1916759023e+00  5.8875090292e-01 -2.7811002554e-01 -3.8199215034e-02  1.2945771552e+00  1.0335281911e+00 -4.9187915418e-01  1.7808529799e-01  1.2054160341e+00 -7.5022266813e-01  1.9286922501e+00  3.3737720740e+00  2.2847318717e+00  1.2202707781e+00  3.2024022378e+00  9.0285016090e-01  1.1322099741e-01  3.3995632550e+00  6.2558924462e-01  1.8560099831e+00  1.1934998795e+00  1.7424135287e+00  2.2844821655e+00
ENERGY -4.222265739943e+02

JOB 13
COORDS -1.1922205465e+00  2.6472719495e+00  1.2222782905e+00 -2.5841701653e+00  2.9429689335e+00  6.9757659500e-01  7.3827004530e-01 -8.1062228925e-03  1.0977806736e+00  2.9475482139e+00  1.2454583945e+00  1.1357486230e+00  1.4334316786e+00  1.3283442224e+00  1.3297460010e+00 -9.1895729353e-01  2.4311298521e+00  2.3826460980e+00 -3.3625795146e-01  2.6782161336e+00  1.6426001490e-01  1.0797952281e+00  2.3119884394e+00  3.1137218411e-01 -3.0617738918e+00  3.6532278405e+00  1.3755787288e+00 -2.5718428588e+00  3.3350923471e+00 -3.1964823066e-01 -3.1607428531e+00  2.0130939819e+00  7.1671498949e-01 -3.4390054428e-01  7.3102978367e-02  1.2224394702e+00  9.5147019889e-01 -3.8354335602e-01  9.1798762589e-02  1.0975368482e+00 -7.4069261440e-01  1.8281389579e+00  3.4126607754e+00  2.2255568947e+00  1.2699242230e+00  3.1979675174e+00  8.6844017555e-01  1.3961692137e-01  3.3608823224e+00  5.6037420771e-01  1.8825630678e+00  1.1995442807e+00  1.7242897051e+00  2.3159744521e+00
ENERGY -4.222296188810e+02

JOB 14
COORDS -1.1489380321e+00  2.7208077016e+00  1.2282084354e+00 -2.5702940449e+00  2.8840137537e+00  7.2844072569e-01  7.1307472042e-01  1.1660423682e-02  1.0167201019e+00  2.9365963930e+00  1.2332366578e+00  1.1751586452e+00  1.4194704343e+00  1.3253392248e+00  1.3292408189e+00 -8.1709301492e-01  2.6873482668e+00  2.3922313884e+00 -3.2806379196e-01  2.6220248315e+00  1.4392834374e-01  1.0967945057e+00  2.3644090517e+00  3.5670743056e-01 -3.0386348563e+00  3.6969818234e+00  1.2873101036e+00 -2.6146870048e+00  3.0841065068e+00 -3.4242509036e-01 -3.1187598496e+00  1.9627696699e+00  9.4660448220e-01 -3.7151376510e-01  1.0065531955e-01  1.1201529634e+00  9.4098533305e-01 -3.1849350430e-01 -1.7358366209e-03  1.0473072315e+00 -7.5892290264e-01  1.7189875357e+00  3.4069688904e+00  2.2015398014e+00  1.3659900683e+00  3.2106724432e+00  8.9916898051e-01  1.6994415083e-01  3.3239407602e+00  5.1251660656e-01  1.9020163081e+00  1.1614146521e+00  1.6770516497e+00  2.3270292478e+00
ENERGY -4.222332916591e+02

JOB 15
COORDS -1.1219889356e+00  2.8092937124e+00  1.2198336203e+00 -2.5715612095e+00  2.8991308406e+00  7.9097926617e-01  7.4795475341e-01 -4.8243037674e-02  9.1190289864e-01  2.9110421067e+00  1.2523841465e+00  1.2377272833e+00  1.3861003961e+00  1.2793165937e+00  1.3036548829e+00 -7.0876885518e-01  2.9783827962e+00  2.3443271353e+00 -3.6635293943e-01  2.4980577184e+00  1.2400518318e-01  1.0642459359e+00  2.3373569400e+00  3.5350062888e-01 -2.9951179141e+00  3.8167350425e+00  1.2050103093e+00 -2.6855234925e+00  2.8857493770e+00 -2.9340407474e-01 -3.1128902615e+00  2.0522836519e+00  1.2229715897e+00 -3.4365918333e-01  2.4566242334e-03  9.5127119843e-01  1.0444762599e+00 -3.3747112181e-01 -1.0133049331e-01  1.0700447801e+00 -8.2898262848e-01  1.6087197985e+00  3.3273790458e+00  2.2341579882e+00  1.4787331600e+00  3.2555873514e+00  9.5693270972e-01  2.4201460860e-01  3.2878363434e+00  5.2933761058e-01  1.9676156359e+00  1.0604368226e+00  1.5893348986e+00  2.2969771915e+00
ENERGY -4.222366979822e+02

JOB 16
COORDS -1.0929871672e+00  2.9237821565e+00  1.1842716657e+00 -2.5774576642e+00  2.9915610443e+00  8.9872684736e-01  8.6153519482e-01 -1.9704324699e-01  7.7481746741e-01  2.8400494275e+00  1.3105176048e+00  1.3347520382e+00  1.3231581969e+00  1.1789127039e+00  1.2427831472e+00 -5.4354344692e-01  3.3316698711e+00  2.1804699488e+00 -4.7036297325e-01  2.3067050519e+00  1.2854738458e-01  9.7155253313e-01  2.2116807246e+00  2.8070475228e-01 -2.9182392543e+00  4.0107071471e+00  1.0944309472e+00 -2.8164387846e+00  2.7051700807e+00 -1.2606609202e-01 -3.0951161114e+00  2.3239294408e+00  1.5936159620e+00 -2.2522921279e-01 -2.3023077668e-01  6.5862574156e-01  1.3199321509e+00 -4.5223512433e-01 -1.8597491243e-01  1.1469354249e+00 -9.5577683581e-01  1.5112655685e+00  3.1216034583e+00  2.3135808159e+00  1.6651030613e+00  3.3075385143e+00  1.1118631676e+00  3.6523697549e-01  3.2220518146e+00  5.8422362484e-01  2.0585579162e+00  8.7425890339e-01  1.4371964125e+00  2.2046414033e+00
ENERGY -4.222393919851e+02

JOB 17
COORDS -1.1244439103e+00  2.9698503880e+00  1.2245806643e+00 -2.6091830950e+00  3.0611649375e+00  9.5174997246e-01  9.6292795272e-01 -2.6438640900e-01  6.3836347447e-01  2.8086787144e+00  1.3253714336e+00  1.3957119217e+00  1.3094383350e+00  1.0958084048e+00  1.2348376978e+00 -5.3213157255e-01  3.4977726800e+00  2.1342241091e+00 -5.4538122914e-01  2.1824990176e+00  2.5472711405e-01  9.0105843264e-01  2.1786514123e+00  3.6059136245e-01 -2.8192368297e+00  4.0478987026e+00  5.2784448382e-01 -2.9480276884e+00  2.2968742725e+00  2.5090090522e-01 -3.1454607937e+00  2.9768633170e+00  1.8988180461e+00 -1.1474861604e-01 -3.6116262317e-01  4.8247927346e-01  1.4669707603e+00 -4.0159912003e-01 -3.2367315602e-01  1.2827027405e+00 -1.0624616347e+00  1.3169115727e+00  3.0037705153e+00  2.3117846536e+00  1.8237952305e+00  3.3177155947e+00  1.2510723661e+00  4.2952111993e-01  3.2232918556e+00  5.6400111837e-01  2.0632208700e+00  8.1129983777e-01  1.2362109455e+00  2.1999051605e+00
ENERGY -4.222405661868e+02

JOB 18
COORDS -1.1460360914e+00  3.0702457309e+00  1.2008773784e+00 -2.6384405142e+00  3.0894166243e+00  9.5406823160e-01  1.0042001413e+00 -2.9161023923e-01  5.8663182967e-01  2.8119521324e+00  1.3000407949e+00  1.4265922420e+00  1.3180725778e+00  1.0398546053e+00  1.2610397956e+00 -5.4214541854e-01  3.7721693465e+00  1.9737954236e+00 -5.7778988972e-01  2.1129288583e+00  3.8890375924e-01  8.6981592190e-01  2.1615778040e+00  4.6293758046e-01 -2.8871916166e+00  4.0188107216e+00  4.3330189875e-01 -2.9705355846e+00  2.2428326569e+00  3.5158393576e-01 -3.1517409941e+00  3.0947075472e+00  1.9179079220e+00 -7.1942743421e-02 -4.1219690979e-01  4.3862732480e-01  1.4989816316e+00 -3.5243178899e-01 -3.8800710693e-01  1.3589287770e+00 -1.1193238604e+00  1.2100400234e+00  2.9845513107e+00  2.2669283396e+00  1.9058917288e+00  3.3155353079e+00  1.2921044199e+00  4.5479586256e-01  3.2515433690e+00  5.1472710313e-01  2.0487825095e+00  8.2148268706e-01  1.1054321083e+00  2.2367394835e+00
ENERGY -4.222402450609e+02

JOB 19
COORDS -1.1684334640e+00  3.1631936670e+00  1.1683167716e+00 -2.6666403695e+00  3.0970745295e+00  9.6416658553e-01  1.0304964642e+00 -2.9218793757e-01  5.2933101562e-01  2.8234650370e+00  1.2645703650e+00  1.4585454525e+00  1.3310278197e+00  9.9311392767e-01  1.2942902368e+00 -5.6687986118e-01  4.0197986710e+00  1.7663587463e+00 -5.9558192698e-01  2.0786113069e+00  5.4213267162e-01  8.5353740217e-01  2.1619044726e+00  5.8925411542e-01 -2.9551759216e+00  3.8990187173e+00  2.7831588947e-01 -2.9889919479e+00  2.1403972202e+00  5.5068002043e-01 -3.1564082519e+00  3.2802975808e+00  1.9228350956e+00 -4.5367008251e-02 -4.2345495750e-01  3.8983432762e-01  1.5099741102e+00 -2.7161441041e-01 -4.5461561517e-01  1.4117644621e+00 -1.1556885924e+00  1.0848341969e+00  2.9900754438e+00  2.1973380895e+00  2.0032322417e+00  3.3128773815e+00  1.3345016453e+00  4.8210482282e-01  3.2834844059e+00  4.4341051665e-01  2.0163792410e+00  8.4601722886e-01  9.7592905112e-01  2.2785140069e+00
ENERGY -4.222395042266e+02

JOB 20
COORDS -1.1868509383e+00  3.2302461022e+00  1.1171541114e+00 -2.6887574272e+00  3.0996170368e+00  9.7844260874e-01  1.0477288546e+00 -2.7617725352e-01  4.7522425206e-01  2.8349068450e+00  1.2295826999e+00  1.4928539928e+00  1.3429240915e+00  9.5307839539e-01  1.3298180683e+00 -5.9108423473e-01  4.2018656378e+00  1.5098942521e+00 -6.0756687725e-01  2.0545310656e+00  7.0112839996e-01  8.4315450494e-01  2.1642458915e+00  7.2125999225e-01 -3.0166534200e+00  3.7503379851e+00  1.6256083622e-01 -3.0015049783e+00  2.0759171422e+00  7.6789397603e-01 -3.1534877381e+00  3.4548561454e+00  1.9006800404e+00 -2.8253531270e-02 -4.1463251561e-01  3.4433404184e-01  1.5091074961e+00 -1.7354939090e-01 -5.1224637010e-01  1.4522988002e+00 -1.1724523176e+00  9.5745824844e-01  3.0008781248e+00  2.1217077607e+00  2.1021092228e+00  3.3090678490e+00  1.3770042431e+00  5.1757381795e-01  3.3114384289e+00  3.7489216028e-01  1.9821673786e+00  8.7189515437e-01  8.5514307430e-01  2.3162029528e+00
ENERGY -4.222389400621e+02

JOB 21
COORDS -1.2006099912e+00  3.2680999977e+00  1.0578503711e+00 -2.7038255423e+00  3.0974616051e+00  9.9378585749e-01  1.0548529110e+00 -2.4257557070e-01  4.2451076625e-01  2.8460062937e+00  1.1957256254e+00  1.5273764447e+00  1.3532124267e+00  9.2170921193e-01  1.3651048742e+00 -6.0986683060e-01  4.3050188686e+00  1.2299696612e+00 -6.1453187166e-01  2.0419275449e+00  8.6666885086e-01  8.3756244305e-01  2.1709932385e+00  8.5701979072e-01 -3.0660119401e+00  3.5742002731e+00  7.8333752156e-02 -3.0067197310e+00  2.0493908187e+00  9.9673377246e-01 -3.1469247543e+00  3.6202208045e+00  1.8441861911e+00 -2.1723179707e-02 -3.8110031386e-01  2.9910980386e-01  1.5004985784e+00 -6.1664908082e-02 -5.5895408936e-01  1.4741520961e+00 -1.1687570171e+00  8.3181644582e-01  3.0166394786e+00  2.0403349474e+00  2.1998635027e+00  3.3050314721e+00  1.4198392621e+00  5.5955323908e-01  3.3344406475e+00  3.0980884065e-01  1.9439911101e+00  8.9705849798e-01  7.4558063365e-01  2.3475894781e+00
ENERGY -4.222386732190e+02

JOB 22
COORDS -1.2094532825e+00  3.2772411477e+00  9.9933758704e-01 -2.7123026558e+00  3.0902678362e+00  1.0045602021e+00  1.0507820837e+00 -1.9183529945e-01  3.8001657337e-01  2.8578905724e+00  1.1631940580e+00  1.5584035850e+00  1.3626649906e+00  8.9879004702e-01  1.4011513896e+00 -6.2367743551e-01  4.3303773771e+00  9.5163556504e-01 -6.1587683918e-01  2.0428277508e+00  1.0392563946e+00  8.3678325213e-01  2.1810593057e+00  9.9727478766e-01 -3.0996847805e+00  3.3808142451e+00  2.3725185048e-02 -3.0056162558e+00  2.0609828683e+00  1.2163479561e+00 -3.1410859581e+00  3.7641518293e+00  1.7494345416e+00 -2.7421340650e-02 -3.2438070204e-01  2.6270779623e-01  1.4791721865e+00  6.4900507754e-02 -5.9421482434e-01  1.4791506825e+00 -1.1447620276e+00  7.0853994867e-01  3.0397336384e+00  1.9541319453e+00  2.2906254753e+00  3.2998632629e+00  1.4620019808e+00  6.0295123718e-01  3.3544715887e+00  2.4927886745e-01  1.8977167553e+00  9.2384729449e-01  6.4717212525e-01  2.3750396671e+00
ENERGY -4.222386448655e+02

JOB 23
COORDS -1.2112911226e+00  3.2496578753e+00  8.8955372773e-01 -2.7115683037e+00  3.0814934721e+00  1.0094883278e+00  1.0374787290e+00 -1.4146474920e-01  3.6547270525e-01  2.8669911352e+00  1.1418224302e+00  1.5891600048e+00  1.3687612569e+00  8.9047328191e-01  1.4398391355e+00 -6.3404484561e-01  4.2647650488e+00  5.8786265718e-01 -6.0972211872e-01  2.0558998987e+00  1.1865691860e+00  8.4216157668e-01  2.1936952152e+00  1.1121556983e+00 -3.1724924312e+00  3.4279571299e+00  8.1399100126e-02 -3.0035436931e+00  2.0492065210e+00  1.2074751099e+00 -3.0664780148e+00  3.7226776677e+00  1.8210465582e+00 -4.3084588300e-02 -2.6001595940e-01  2.5465912414e-01  1.4561950248e+00  1.6481391419e-01 -5.9859949121e-01  1.4623441273e+00 -1.1137653440e+00  6.3674643085e-01  3.0630166678e+00  1.8875670654e+00  2.3639676993e+00  3.2948620042e+00  1.4957314368e+00  6.4623882799e-01  3.3657580689e+00  2.0833571963e-01  1.8661990608e+00  9.4389753149e-01  5.8736323813e-01  2.4052759600e+00
ENERGY -4.222387108258e+02

