JOB 0
COORDS -1.8148243487e+00  1.0135230678e+00 -8.7188383365e-01  2.1541177548e+00  6.5409423089e-01  1.0915486653e+00 -7.8674745481e-01  5.8123511598e-02 -1.3100217455e+00  9.6372386735e-01  9.9551601049e-01  3.0342591243e-01  2.2683672003e-01 -2.6411020026e-01 -1.9609829694e-01 -2.6039557448e+00  1.7784005765e+00 -4.9161651087e-01  3.0985240730e+00  3.5696796768e-01  1.7015715659e+00 -1.2855656245e+00 -8.5881273518e-01 -1.6392385832e+00 -2.7708696793e-01  4.8011753198e-01 -2.1830113542e+00  3.0032428555e-01  1.6217754979e+00  9.0767758482e-01  1.2921659150e+00  1.6059518314e+00 -5.4570745590e-01  9.5124127423e-01 -9.7724814269e-01 -5.9935944102e-01 -2.7747724779e-01 -7.5246440164e-01  6.4177576833e-01
ENERGY -3.036658270022e+02

JOB 1
COORDS -1.7789718767e+00  1.0404194715e+00 -9.7497191564e-01  2.2157208923e+00  6.5825929055e-01  9.7902855860e-01 -7.4811889561e-01  5.0538362212e-02 -1.3210905959e+00  9.0596356418e-01  9.8446656898e-01  4.0249641775e-01  1.7587310858e-01 -2.7096830046e-01 -1.3193913338e-01 -2.5712875457e+00  1.8328184141e+00 -6.6392345011e-01  3.2555388406e+00  3.7543811823e-01  1.4164013494e+00 -1.2460747332e+00 -8.6056083154e-01 -1.6674869431e+00 -1.6540789624e-01  4.4141846838e-01 -2.1620923661e+00  3.0021906090e-01  1.5074586827e+00  1.1477443596e+00  1.0813690352e+00  1.6970315605e+00 -4.1170105850e-01  9.0939691612e-01 -1.0039940192e+00 -4.7781024177e-01 -3.9294396901e-01 -7.4049103944e-01  6.7440729458e-01
ENERGY -3.036642369549e+02

JOB 2
COORDS -1.7324224432e+00  1.0620680651e+00 -1.0712750899e+00  2.2556994134e+00  6.8006907305e-01  8.4952637911e-01 -7.0439561423e-01  4.2504990583e-02 -1.3280081018e+00  8.6103018001e-01  9.6793852743e-01  4.9470100818e-01  1.2519054553e-01 -2.7784764056e-01 -7.0675934214e-02 -2.5253836845e+00  1.8779752196e+00 -8.3053569482e-01  3.3608360206e+00  4.2863386424e-01  1.1106206205e+00 -1.1993838292e+00 -8.6299749162e-01 -1.6930632937e+00 -5.4871173338e-02  4.0381058808e-01 -2.1325038946e+00  3.4560632035e-01  1.3683880752e+00  1.3716593428e+00  8.7583144671e-01  1.7758595334e+00 -2.4501010892e-01  8.5192474498e-01 -1.0457305328e+00 -3.4613092097e-01 -5.1838542566e-01 -7.0883752522e-01  6.9975796392e-01
ENERGY -3.036624885704e+02

JOB 3
COORDS -1.6716022817e+00  1.0837108661e+00 -1.1613999161e+00  2.2673342184e+00  7.1685427273e-01  7.0866399224e-01 -6.5519021082e-01  3.5428030792e-02 -1.3316968617e+00  8.2320927228e-01  9.4547476365e-01  5.8015286860e-01  7.6832512791e-02 -2.8395960401e-01 -1.4232068933e-02 -2.4586983177e+00  1.9222721208e+00 -9.8886952547e-01  3.4081665650e+00  5.0809865254e-01  7.9694396306e-01 -1.1477048176e+00 -8.6376742892e-01 -1.7153537791e+00  5.5751483417e-02  3.6595959363e-01 -2.0967746685e+00  4.2965819585e-01  1.1999548312e+00  1.5680367563e+00  6.7648908555e-01  1.8347965435e+00 -4.1168630678e-02  7.8197848630e-01 -1.0943047752e+00 -2.1051815246e-01 -6.4494769022e-01 -6.5868312040e-01  7.1527829829e-01
ENERGY -3.036617848342e+02

JOB 4
COORDS -1.5923671068e+00  1.1086651624e+00 -1.2426570940e+00  2.2446334635e+00  7.6930977012e-01  5.6399021193e-01 -6.0207712497e-01  2.6426207726e-02 -1.3288129946e+00  7.8688358227e-01  9.1575588319e-01  6.5921387332e-01  2.9563381091e-02 -2.9121700752e-01  4.0718242077e-02 -2.3613986584e+00  1.9744411807e+00 -1.1352841282e+00  3.3949957335e+00  6.2038196505e-01  4.7824553909e-01 -1.0971119455e+00 -8.6382749391e-01 -1.7295153983e+00  1.6713893767e-01  3.2014913392e-01 -2.0516902816e+00  5.3759877143e-01  1.0174427367e+00  1.7196423484e+00  4.9336699531e-01  1.8576118009e+00  1.8559070327e-01  7.0338666149e-01 -1.1423772016e+00 -7.6614656124e-02 -7.6333618922e-01 -6.0092739113e-01  7.2623591028e-01
ENERGY -3.036627753877e+02

JOB 5
COORDS -1.4952887596e+00  1.1379095367e+00 -1.3129279672e+00  2.1871963450e+00  8.3353789731e-01  4.2454680139e-01 -5.4657345068e-01  1.6124277821e-02 -1.3185046278e+00  7.5217123897e-01  8.7822805637e-01  7.3481428273e-01 -1.7891895425e-02 -3.0104546378e-01  9.4373221794e-02 -2.2341480607e+00  2.0348916707e+00 -1.2673941794e+00  3.3181506157e+00  7.6140699424e-01  1.6285834495e-01 -1.0503116080e+00 -8.6094621497e-01 -1.7368352535e+00  2.7897125278e-01  2.6599010414e-01 -1.9943283948e+00  6.5465401040e-01  8.3903272584e-01  1.8243883903e+00  3.4127529187e-01  1.8421354948e+00  4.1897332088e-01  6.2104438586e-01 -1.1855973898e+00  4.3450117185e-02 -8.6797286460e-01 -5.4983294285e-01  7.3564821906e-01
ENERGY -3.036649122941e+02

JOB 6
COORDS -1.3829675760e+00  1.1687004351e+00 -1.3726697564e+00  2.1032016035e+00  9.0770673690e-01  2.9819634573e-01 -4.9243065184e-01  2.1367657935e-03 -1.3035753983e+00  7.2589981167e-01  8.3344788013e-01  8.0520210839e-01 -6.6359580680e-02 -3.1271507246e-01  1.4393030809e-01 -2.0794337293e+00  2.1000266386e+00 -1.3828704348e+00  3.1836949045e+00  9.3044199469e-01 -1.3151299396e-01 -1.0134253470e+00 -8.5708756236e-01 -1.7373389288e+00  3.8440328310e-01  1.9851512042e-01 -1.9303917711e+00  7.7604216396e-01  6.7499479378e-01  1.8872572940e+00  2.3131404557e-01  1.7966110225e+00  6.4429051830e-01  5.3169217072e-01 -1.2275711700e+00  1.4373954768e-01 -9.6035459672e-01 -5.0337283648e-01  7.4480543668e-01
ENERGY -3.036669473780e+02

JOB 7
COORDS -1.2565173697e+00  1.1983540175e+00 -1.4268677078e+00  2.0003734445e+00  9.9957446631e-01  1.9076254052e-01 -4.4747826063e-01 -2.0858032972e-02 -1.2892843866e+00  7.1241188442e-01  7.8417343949e-01  8.6501946298e-01 -1.1410065825e-01 -3.2431133872e-01  1.8435344550e-01 -1.8925281569e+00  2.1702053666e+00 -1.4853464778e+00  3.0070362881e+00  1.1339478488e+00 -3.7579152592e-01 -1.0024835223e+00 -8.5592253072e-01 -1.7278231417e+00  4.6987967665e-01  1.0381637694e-01 -1.8739854806e+00  9.0735030140e-01  5.1999399193e-01  1.9089826219e+00  1.6016410040e-01  1.7297351705e+00  8.6548181396e-01  4.3708489940e-01 -1.2683134560e+00  2.2252224201e-01 -1.0399161256e+00 -4.5856057321e-01  7.5103886916e-01
ENERGY -3.036676438724e+02

JOB 8
COORDS -1.1345728295e+00  1.2163975059e+00 -1.4826853038e+00  1.8981231269e+00  1.1008252682e+00  1.1351172099e-01 -4.1652470209e-01 -5.0143865552e-02 -1.2781335883e+00  7.2098817880e-01  7.3200812646e-01  9.1149067323e-01 -1.6076306789e-01 -3.2794445027e-01  2.1528343369e-01 -1.7044447586e+00  2.2241021933e+00 -1.5924677814e+00  2.8133675221e+00  1.3681574449e+00 -5.5212991220e-01 -1.0147503732e+00 -8.5901687186e-01 -1.7090213310e+00  5.2663277919e-01 -7.9563301291e-03 -1.8311772658e+00  1.0524762019e+00  3.6698422507e-01  1.8879031450e+00  1.4435072847e-01  1.6470113938e+00  1.0843361989e+00  3.2633117614e-01 -1.3051934109e+00  2.8843833519e-01 -1.1099374807e+00 -3.9339648240e-01  7.5371395095e-01
ENERGY -3.036664937114e+02

JOB 9
COORDS -1.0426449613e+00  1.2149812996e+00 -1.5450498986e+00  1.8075910549e+00  1.2015719670e+00  6.8687990351e-02 -3.9430914521e-01 -7.6328329267e-02 -1.2712399544e+00  7.4898964102e-01  6.8238031892e-01  9.4440804137e-01 -2.0609453184e-01 -3.1543568481e-01  2.3854314422e-01 -1.5684414896e+00  2.2386834727e+00 -1.7114315881e+00  2.6351945909e+00  1.5896541500e+00 -6.5002640513e-01 -1.0204581484e+00 -8.6908842799e-01 -1.6925652104e+00  5.6640266784e-01 -1.0191313298e-01 -1.7931661024e+00  1.2091696548e+00  2.1606732171e-01  1.8198103792e+00  1.8452659089e-01  1.5498839952e+00  1.3021853706e+00  1.9423632852e-01 -1.3276026083e+00  3.5208093409e-01 -1.1728857510e+00 -2.9101959525e-01  7.4682557468e-01
ENERGY -3.036638238762e+02

JOB 10
COORDS -9.7776468624e-01  1.1980370572e+00 -1.6136718663e+00  1.7293215412e+00  1.2989949273e+00  5.6214729730e-02 -3.7854020000e-01 -9.9220715084e-02 -1.2658940624e+00  7.8805232225e-01  6.3413299798e-01  9.6593131493e-01 -2.4827702553e-01 -2.8848946754e-01  2.5733771368e-01 -1.4773928144e+00  2.2221189371e+00 -1.8450465074e+00  2.4751741882e+00  1.8004987353e+00 -6.8147687431e-01 -1.0197033918e+00 -8.8673168191e-01 -1.6746084533e+00  5.9497895979e-01 -1.7876733957e-01 -1.7576392396e+00  1.3644444790e+00  6.6911216567e-02  1.7016806203e+00  2.7066484786e-01  1.4270814407e+00  1.5150215870e+00  4.3582858051e-02 -1.3299298849e+00  4.2119772896e-01 -1.2232645769e+00 -1.5280147657e-01  7.3001558407e-01
ENERGY -3.036608156346e+02

JOB 11
COORDS  4.8304120171e-01  4.2286077144e-01 -2.1566131543e+00  3.6420182388e-01  2.0756448542e+00  5.0424468223e-01 -5.3883275861e-01 -3.0015498284e-02 -1.2012653969e+00  5.5279176286e-01  7.3323871980e-01  1.0681138228e+00  6.7634397029e-02 -4.3724545746e-01  1.5639457217e-01  1.3192101658e+00  7.3870239767e-01 -2.9000854910e+00  1.7844195934e-01  3.1355093040e+00  6.3677628562e-02 -1.2859783557e+00  7.6023548669e-01 -1.0834831860e+00 -1.0446725653e+00 -8.9477668093e-01 -1.6426996046e+00  1.6176717676e+00  6.2260154364e-01  1.2922218511e+00  2.9072298533e-02  7.0808566998e-01  2.0279702155e+00  8.9808774622e-01 -1.1244162451e+00 -1.7648609519e-02 -6.9878983856e-01 -9.9818565836e-01  6.9780832819e-01
ENERGY -3.036587467071e+02

JOB 12
COORDS  5.5889938766e-01  3.8732137359e-01 -2.1289707877e+00  2.5456856231e-01  2.0769876014e+00  5.5049561679e-01 -5.1999933705e-01 -2.4692492980e-02 -1.2184102761e+00  6.0144161875e-01  7.3279449175e-01  1.0284461727e+00  1.3972009567e-02 -4.2669158825e-01  1.6950209688e-01  1.4430810846e+00  6.8146003342e-01 -2.8243920667e+00 -4.7608910618e-02  3.1311923932e+00  1.6406073700e-01 -1.2440697026e+00  7.9115780924e-01 -1.1410127683e+00 -1.0335402746e+00 -8.7958295496e-01 -1.6697958877e+00  1.6944602880e+00  6.7636976308e-01  1.0375316895e+00  2.7342796549e-01  6.4272601793e-01  2.0674799904e+00  7.7210973187e-01 -1.2050964547e+00  6.1108416433e-02 -8.2486281859e-01 -8.7170678543e-01  7.1259272483e-01
ENERGY -3.036608156487e+02

JOB 13
COORDS  6.3319739092e-01  3.3098615847e-01 -2.1070719425e+00  1.5230354429e-01  2.0746776304e+00  6.2362411751e-01 -4.9831789979e-01 -2.1524648375e-02 -1.2363248149e+00  6.4481367510e-01  7.3751016592e-01  9.7930391560e-01 -3.3936660161e-02 -4.0612697066e-01  1.8088409769e-01  1.5598358236e+00  5.8864577600e-01 -2.7605735559e+00 -2.6263759465e-01  3.1180421107e+00  3.2146433790e-01 -1.1904416176e+00  8.2461551713e-01 -1.2040444987e+00 -1.0284824657e+00 -8.6495926519e-01 -1.6897457620e+00  1.7227395121e+00  7.3884286238e-01  7.8628743512e-01  5.1167489389e-01  5.8420664345e-01  2.0536945621e+00  6.5343905603e-01 -1.2540625428e+00  1.3446945115e-01 -9.2230805335e-01 -7.3861423019e-01  7.2666831513e-01
ENERGY -3.036638238758e+02

JOB 14
COORDS  7.0458544442e-01  2.4647547721e-01 -2.0995000525e+00  5.7849654970e-02  2.0714297123e+00  7.3058225165e-01 -4.7205043857e-01 -2.0877172939e-02 -1.2594935884e+00  6.7888188950e-01  7.5433559793e-01  9.2558089506e-01 -7.4480338300e-02 -3.7337306395e-01  1.8638466870e-01  1.6656720509e+00  4.4682307963e-01 -2.7227561291e+00 -4.6156490958e-01  3.0953207007e+00  5.4599112415e-01 -1.1201745494e+00  8.6045250462e-01 -1.2789123610e+00 -1.0312045154e+00 -8.5038188309e-01 -1.7034328958e+00  1.7089610760e+00  8.2198638130e-01  5.5955022369e-01  7.2773946468e-01  5.3843147534e-01  1.9967976591e+00  5.5154239507e-01 -1.2695400749e+00  1.9658278727e-01 -9.9387761948e-01 -6.0884352694e-01  7.3126107539e-01
ENERGY -3.036664937054e+02

JOB 15
COORDS  7.7125000682e-01  1.2902062116e-01 -2.1069717531e+00 -2.6495021588e-02  2.0685308888e+00  8.7054198658e-01 -4.4166887277e-01 -2.3867144612e-02 -1.2912481658e+00  6.9979266953e-01  7.9088879762e-01  8.6923855451e-01 -1.0708666216e-01 -3.2794847645e-01  1.8198678516e-01  1.7588859893e+00  2.4462006675e-01 -2.7099944113e+00 -6.3902041283e-01  3.0567955775e+00  8.4697699707e-01 -1.0311481981e+00  8.9547260706e-01 -1.3705759715e+00 -1.0433666742e+00 -8.3431013941e-01 -1.7141206227e+00  1.6592084875e+00  9.3925909810e-01  3.6270907920e-01  9.1756405349e-01  5.1465781050e-01  1.9055410178e+00  4.7017413350e-01 -1.2548499103e+00  2.4455116083e-01 -1.0462098936e+00 -4.8603058939e-01  7.2000100154e-01
ENERGY -3.036676438789e+02

JOB 16
COORDS  8.3032280837e-01  1.5215979098e-03 -2.1150690821e+00 -8.9354986861e-02  2.0640082154e+00  1.0335850975e+00 -4.1138400943e-01 -4.0415898742e-02 -1.3307969426e+00  7.0240939021e-01  8.4580667310e-01  8.1307027675e-01 -1.3875032709e-01 -2.7451123460e-01  1.6813620319e-01  1.8370160735e+00  3.4526495473e-02 -2.6964621792e+00 -7.5283598054e-01  3.0064943105e+00  1.1889727552e+00 -9.4889110830e-01  9.0203029793e-01 -1.4830688989e+00 -1.0441740270e+00 -8.4060363403e-01 -1.7271884654e+00  1.5721440116e+00  1.0894569978e+00  1.9467526342e-01  1.0821239515e+00  5.1349693253e-01  1.7845856339e+00  3.9813345107e-01 -1.2198887992e+00  2.8909216904e-01 -1.0948796422e+00 -3.6968274676e-01  6.8910382751e-01
ENERGY -3.036669474332e+02

JOB 17
COORDS  8.8625133234e-01 -1.1900597054e-01 -2.1118273680e+00 -1.2408771333e-01  2.0501743189e+00  1.2002128727e+00 -3.8288106380e-01 -6.8014769080e-02 -1.3735708467e+00  6.8969849038e-01  9.1084040665e-01  7.5599004974e-01 -1.7455942742e-01 -2.1850969178e-01  1.4638050727e-01  1.9124227615e+00 -1.5524643566e-01 -2.6579270903e+00 -8.0145750433e-01  2.9299592326e+00  1.5464680433e+00 -8.7792348014e-01  8.8200098897e-01 -1.6042063148e+00 -1.0319679177e+00 -8.6708567770e-01 -1.7452582717e+00  1.4478682058e+00  1.2593012270e+00  4.7869430498e-02  1.2288971950e+00  5.3649632217e-01  1.6319656869e+00  3.2014500345e-01 -1.1749544650e+00  3.3682354496e-01 -1.1505262770e+00 -2.5371627929e-01  6.3571541421e-01
ENERGY -3.036649125189e+02

JOB 18
COORDS  9.3900793985e-01 -2.2726099820e-01 -2.0915359927e+00 -1.2727607608e-01  2.0212037612e+00  1.3594371388e+00 -3.5736075223e-01 -1.0261793524e-01 -1.4109228039e+00  6.6794437669e-01  9.7853117563e-01  6.9912341396e-01 -2.1465616229e-01 -1.6227845108e-01  1.2255878358e-01  1.9844662626e+00 -3.1915824442e-01 -2.5926131886e+00 -7.8525747247e-01  2.8267271527e+00  1.8800696179e+00 -8.1973804834e-01  8.4115765909e-01 -1.7207817749e+00 -1.0094153182e+00 -9.0998172290e-01 -1.7590076843e+00  1.2828425414e+00  1.4409641016e+00 -7.9091015245e-02  1.3655064114e+00  5.8040372343e-01  1.4420178193e+00  2.2795630573e-01 -1.1241073949e+00  3.9371613570e-01 -1.2121404032e+00 -1.3134361964e-01  5.6566520845e-01
ENERGY -3.036627753851e+02

JOB 19
COORDS  9.9378033792e-01 -3.2255861434e-01 -2.0555451407e+00 -1.0728854778e-01  1.9698104262e+00  1.5053155961e+00 -3.2875550579e-01 -1.3667942692e-01 -1.4412621397e+00  6.3649806849e-01  1.0439815996e+00  6.4281459276e-01 -2.5616955832e-01 -1.0821528162e-01  9.7409388461e-02  2.0578613796e+00 -4.6080081100e-01 -2.5039787565e+00 -7.2258959338e-01  2.6877262062e+00  2.1827170646e+00 -7.5827277572e-01  7.9566795682e-01 -1.8237233996e+00 -9.8038106722e-01 -9.5189308093e-01 -1.7716067308e+00  1.0758024092e+00  1.6241413277e+00 -1.7503960358e-01  1.4783694258e+00  6.4651303248e-01  1.2162499686e+00  1.2743980281e-01 -1.0662309766e+00  4.5604743369e-01 -1.2744147710e+00 -9.2231503350e-03  4.7923738494e-01
ENERGY -3.036617848346e+02

JOB 20
COORDS  1.0474565677e+00 -4.0429630285e-01 -2.0038955712e+00 -6.2152742220e-02  1.9028715600e+00  1.6272481206e+00 -3.0009788813e-01 -1.7068214317e-01 -1.4637076367e+00  5.9578104330e-01  1.1078302760e+00  5.8374006839e-01 -2.9988115654e-01 -5.3581687684e-02  7.1879225149e-02  2.1298317367e+00 -5.7766045763e-01 -2.3922973945e+00 -6.1092429902e-01  2.5241081970e+00  2.4431104151e+00 -6.9858877379e-01  7.4349161055e-01 -1.9166133400e+00 -9.4628194789e-01 -9.9642221367e-01 -1.7780536782e+00  8.4531854060e-01  1.7919536435e+00 -2.3469384652e-01  1.5483456031e+00  7.3373372010e-01  9.6811648756e-01  2.6607847692e-02 -9.9644484111e-01  5.1676821382e-01 -1.3335349267e+00  1.0733784609e-01  3.8703459464e-01
ENERGY -3.036624885697e+02

JOB 21
COORDS  1.0978926582e+00 -4.7699414875e-01 -1.9402856199e+00  1.1423013508e-03  1.8264051416e+00  1.7221220360e+00 -2.7146596946e-01 -2.0077272795e-01 -1.4810697608e+00  5.4408470671e-01  1.1753745147e+00  5.2394110045e-01 -3.4630757415e-01  4.5279017634e-03  4.3219720936e-02  2.1960578105e+00 -6.8179706835e-01 -2.2635506281e+00 -4.5781227738e-01  2.3341071725e+00  2.6623899158e+00 -6.3593800256e-01  6.8978579979e-01 -2.0042230560e+00 -9.1161039937e-01 -1.0368488989e+00 -1.7798066424e+00  6.1495564742e-01  1.9431295329e+00 -2.5513670833e-01  1.5656616341e+00  8.3992395334e-01  7.2317741302e-01 -6.4295435611e-02 -9.1384332477e-01  5.6404857979e-01 -1.3904854950e+00  2.0924135936e-01  2.9380930753e-01
ENERGY -3.036642369474e+02

JOB 22
COORDS  1.1439070484e+00 -5.4282527132e-01 -1.8646440783e+00  7.9144560436e-02  1.7476758501e+00  1.7879299006e+00 -2.4336482767e-01 -2.2837522708e-01 -1.4928041968e+00  4.7986641075e-01  1.2491368049e+00  4.6672287658e-01 -3.9589334847e-01  6.3815423933e-02  1.1648331832e-02  2.2539017820e+00 -7.7647487369e-01 -2.1209460400e+00 -2.6373317814e-01  2.1289703757e+00  2.8316566841e+00 -5.6995768377e-01  6.3273403781e-01 -2.0858929280e+00 -8.7683277556e-01 -1.0747657732e+00 -1.7761111720e+00  3.9233650687e-01  2.0805372130e+00 -2.4237083134e-01  1.5363641902e+00  9.6579091144e-01  4.9553362249e-01 -1.4542180355e-01 -8.2556733823e-01  5.9563625896e-01 -1.4484372767e+00  2.9158707388e-01  2.0227723008e-01
ENERGY -3.036658269841e+02

JOB 23
COORDS -1.8326262120e+00  9.9020336473e-01 -7.6338698376e-01  2.0709108010e+00  6.6520828452e-01  1.1883227456e+00 -8.2054811797e-01  6.7588136214e-02 -1.2971020283e+00  1.0291439006e+00  9.9489337037e-01  2.0803986993e-01  2.7673416679e-01 -2.6258754521e-01 -2.6723772708e-01 -2.6088468987e+00  1.7291520926e+00 -3.1199036761e-01  2.8893937222e+00  3.7727596200e-01  1.9625182799e+00 -1.3243850369e+00 -8.5159181041e-01 -1.6120297458e+00 -3.8610287629e-01  5.2008083770e-01 -2.1954374699e+00  3.3471972792e-01  1.7054670786e+00  6.6847269184e-01  1.5006694910e+00  1.5063762405e+00 -6.3854158927e-01  9.8063645666e-01 -9.6234437278e-01 -7.2658641927e-01 -1.6842262287e-01 -7.6788689236e-01  5.9402101916e-01
ENERGY -3.036662943671e+02

