JOB 0
COORDS  2.8515290866e+00 -4.1097220273e+00 -1.0169551211e+00  4.4990609482e+00 -2.8022021609e+00 -2.5658404341e-01  4.1769812817e+00 -4.1225872461e+00 -4.9695089556e-01  1.3710219625e+00  1.2062069685e+00  7.7282667100e-01  1.7754892819e+00 -2.5391053960e-01  5.7910614440e-01  2.3769198941e+00 -2.8678731057e+00 -1.1040990982e+00  3.3814209936e+00 -2.0896606913e+00 -6.3774338741e-01  4.3999062836e+00  1.1051117264e-01  7.2509152630e-02  2.7593916293e+00  1.0806174892e-01 -1.8792898155e+00  4.9973239227e+00 -5.1886895631e+00 -2.4105795759e-01  3.1735701760e+00 -3.6478002342e-01 -5.6589801880e-01  2.2350393874e+00 -4.9466347362e+00 -1.3263770593e+00  5.3855130844e+00 -2.3217221442e+00  1.2904745128e-01  2.1906664284e+00  1.7933281632e+00  1.1945812256e+00  1.0622525105e+00  1.6571224842e+00 -1.7303468251e-01  5.2664472753e-01  1.2492752464e+00  1.4667788173e+00  9.8534144485e-01 -8.5850382172e-01  1.2916933138e-01  2.1162570109e+00 -7.2521003025e-01  1.5038737323e+00  4.6546672004e+00 -5.9682160568e+00 -7.0419884271e-01
ENERGY -9.286863505085e+02

JOB 1
COORDS  2.8289475022e+00 -4.1169938112e+00 -9.9388073516e-01  4.4854992316e+00 -2.8146365077e+00 -2.4392783377e-01  4.1553471520e+00 -4.1345491911e+00 -4.7527690828e-01  1.3700225373e+00  1.2102638473e+00  7.6922780029e-01  1.7703870981e+00 -2.5189229476e-01  5.8255880345e-01  2.3623348018e+00 -2.8733426920e+00 -1.0894364761e+00  3.3715845524e+00 -2.0979907291e+00 -6.2492717046e-01  4.3982592037e+00  9.9142715740e-02  8.2865738035e-02  2.7638371412e+00  9.9287869049e-02 -1.8739191377e+00  4.9620764765e+00 -5.2087173224e+00 -2.0101905512e-01  3.1714286858e+00 -3.7185274673e-01 -5.5782821980e-01  2.2073692138e+00 -4.9523434894e+00 -1.2965129222e+00  5.3743174567e+00 -2.3379032826e+00  1.4115991017e-01  2.1902472142e+00  1.7965135666e+00  1.1910741460e+00  1.0653920712e+00  1.6583503605e+00 -1.7930927428e-01  5.2380075457e-01  1.2586656124e+00  1.4605674463e+00  9.7968928718e-01 -8.5585420497e-01  1.3273789611e-01  2.1070199634e+00 -7.2058047579e-01  1.5101613206e+00  4.7681808504e+00 -5.9184965188e+00 -8.3236350469e-01
ENERGY -9.286861604450e+02

JOB 2
COORDS  2.8084644599e+00 -4.1215458306e+00 -9.8360279608e-01  4.4712921888e+00 -2.8260682066e+00 -2.3493318646e-01  4.1327697851e+00 -4.1452690620e+00 -4.5899289781e-01  1.3827293415e+00  1.2182302345e+00  7.6081045357e-01  1.7742102341e+00 -2.4656826401e-01  5.7596453043e-01  2.3518210401e+00 -2.8758796628e+00 -1.0908042404e+00  3.3664498824e+00 -2.1040769073e+00 -6.2727372742e-01  4.4038942054e+00  8.9775056708e-02  7.5296487753e-02  2.7695911549e+00  9.2571498971e-02 -1.8817295605e+00  4.9220529572e+00 -5.2305188256e+00 -1.6605692535e-01  3.1745780258e+00 -3.7646227712e-01 -5.6414711958e-01  2.1824187200e+00 -4.9551616120e+00 -1.2808321420e+00  5.3604471558e+00 -2.3538593726e+00  1.5531918947e-01  2.2063841557e+00  1.7999647281e+00  1.1822029451e+00  1.0809581682e+00  1.6670693012e+00 -1.8828932688e-01  5.3664892324e-01  1.2724765556e+00  1.4518763985e+00  9.7997552972e-01 -8.4625069695e-01  1.2661669164e-01  2.1077429148e+00 -7.1623839686e-01  1.5041925457e+00  4.9080864783e+00 -5.8440182025e+00 -9.1705223176e-01
ENERGY -9.286858391328e+02

JOB 3
COORDS  2.7780574929e+00 -4.1316432674e+00 -9.6983638852e-01  4.4512352559e+00 -2.8448780646e+00 -2.2692779362e-01  4.1044410293e+00 -4.1623530455e+00 -4.5110685030e-01  1.3848646139e+00  1.2227720197e+00  7.5957217361e-01  1.7691883159e+00 -2.4473179154e-01  5.8128336466e-01  2.3295624814e+00 -2.8832676540e+00 -1.0743618790e+00  3.3514338917e+00 -2.1156009741e+00 -6.1452355707e-01  4.4028173033e+00  7.2569256578e-02  8.6346750396e-02  2.7736564530e+00  8.3336695169e-02 -1.8745992204e+00  4.8799077971e+00 -5.2607906725e+00 -1.5971577366e-01  3.1715071946e+00 -3.8606333505e-01 -5.5493608113e-01  2.1468187253e+00 -4.9627164475e+00 -1.2624581779e+00  5.3435105799e+00 -2.3784175185e+00  1.6354233874e-01  2.2104288476e+00  1.8019579375e+00  1.1807459880e+00  1.0875618288e+00  1.6694882760e+00 -1.9192592264e-01  5.3747477836e-01  1.2838710427e+00  1.4484399640e+00  9.7302290847e-01 -8.4210016429e-01  1.3227850679e-01  2.0981936950e+00 -7.1263489585e-01  1.5120037146e+00  5.0550286391e+00 -5.7519066802e+00 -9.7782484770e-01
ENERGY -9.286854705448e+02

JOB 4
COORDS  2.7476152826e+00 -4.1397340483e+00 -9.6488484561e-01  4.4309413099e+00 -2.8649499149e+00 -2.2555482218e-01  4.0766949240e+00 -4.1802366634e+00 -4.5477629737e-01  1.3898511143e+00  1.2267891838e+00  7.5911862640e-01  1.7652991757e+00 -2.4371643806e-01  5.8669103187e-01  2.3027670218e+00 -2.8896551722e+00 -1.0584931192e+00  3.3337855247e+00 -2.1289637200e+00 -6.0405618313e-01  4.4024757882e+00  5.1823334992e-02  9.3865257875e-02  2.7757154339e+00  7.3171677207e-02 -1.8685680501e+00  4.8352018798e+00 -5.2946455148e+00 -1.7129571094e-01  3.1677208046e+00 -3.9755367734e-01 -5.4757651732e-01  2.1115459579e+00 -4.9680976823e+00 -1.2538607998e+00  5.3263186019e+00 -2.4035797944e+00  1.6434234885e-01  2.2184479779e+00  1.8025789429e+00  1.1790059051e+00  1.0961357749e+00  1.6717481855e+00 -1.9430452128e-01  5.4220378638e-01  1.2954995055e+00  1.4469290890e+00  9.6604747969e-01 -8.3793929150e-01  1.3900654522e-01  2.0906412673e+00 -7.1029735606e-01  1.5193411006e+00  5.2017475559e+00 -5.6485222228e+00 -9.9705101996e-01
ENERGY -9.286851654176e+02

JOB 5
COORDS  2.7179354051e+00 -4.1488909889e+00 -9.6176700228e-01  4.4114693507e+00 -2.8856847556e+00 -2.2732670327e-01  4.0519693146e+00 -4.1982763251e+00 -4.6746356972e-01  1.3932909778e+00  1.2302770754e+00  7.5943397369e-01  1.7597996856e+00 -2.4330469585e-01  5.9417450252e-01  2.2744634230e+00 -2.8973092178e+00 -1.0387099244e+00  3.3134781799e+00 -2.1435789913e+00 -5.9020322864e-01  4.4002452639e+00  2.9709458566e-02  1.0257505967e-01  2.7752548540e+00  6.1257506308e-02 -1.8606979732e+00  4.7961516761e+00 -5.3282948988e+00 -2.0577272279e-01  3.1618352004e+00 -4.1060691276e-01 -5.3841299898e-01  2.0777649623e+00 -4.9746580404e+00 -1.2483706021e+00  5.3104365385e+00 -2.4282372034e+00  1.5930270851e-01  2.2250425473e+00  1.8030475716e+00  1.1772297536e+00  1.1029187737e+00  1.6725197365e+00 -1.9626413329e-01  5.4563144181e-01  1.3073140218e+00  1.4463268377e+00  9.5729993168e-01 -8.3476696408e-01  1.4865600699e-01  2.0817964618e+00 -7.0766054540e-01  1.5290679863e+00  5.3401110926e+00 -5.5388397523e+00 -9.8108877569e-01
ENERGY -9.286850248128e+02

JOB 6
COORDS  2.6913665233e+00 -4.1690412687e+00 -9.5146129726e-01  4.3982755658e+00 -2.9154214350e+00 -2.3060560698e-01  4.0367426267e+00 -4.2238967097e+00 -4.9131533819e-01  1.3904158840e+00  1.2317219621e+00  7.5191592130e-01  1.7485813880e+00 -2.4602863555e-01  6.0695604779e-01  2.2420349091e+00 -2.9177578847e+00 -9.8987380003e-01  3.2886112908e+00 -2.1697352895e+00 -5.5084402784e-01  4.3948520062e+00 -1.9671686556e-03  1.2678901290e-01  2.7803552650e+00  3.2066477364e-02 -1.8441039337e+00  4.7741971244e+00 -5.3671477617e+00 -2.7588739088e-01  3.1548180513e+00 -4.3518888229e-01 -5.1638218220e-01  2.0489560257e+00 -4.9923917213e+00 -1.2394323122e+00  5.3040555874e+00 -2.4601306610e+00  1.4269954068e-01  2.2235103623e+00  1.8046860842e+00  1.1668094394e+00  1.1076761615e+00  1.6637281556e+00 -2.1071310536e-01  5.3982602913e-01  1.3224959572e+00  1.4334585286e+00  9.4471381685e-01 -8.3820289584e-01  1.6487035658e-01  2.0633552763e+00 -7.0084402324e-01  1.5489175558e+00  5.4659296368e+00 -5.4353421357e+00 -9.5253709336e-01
ENERGY -9.286851184951e+02

JOB 7
COORDS  2.6714743603e+00 -4.1771869940e+00 -9.6278307015e-01  4.3852951716e+00 -2.9312792779e+00 -2.4443482258e-01  4.0200010684e+00 -4.2370008890e+00 -5.1393138791e-01  1.4002025243e+00  1.2300781789e+00  7.5673453490e-01  1.7495760719e+00 -2.4957797527e-01  6.0992927228e-01  2.2240281516e+00 -2.9247851252e+00 -9.8880847105e-01  3.2737555826e+00 -2.1808807087e+00 -5.5387066219e-01  4.3946615395e+00 -1.9529697727e-02  1.1617177597e-01  2.7700994931e+00  2.3495859755e-02 -1.8460817282e+00  4.7409205669e+00 -5.3918762974e+00 -3.1822772208e-01  3.1489532808e+00 -4.4661750663e-01 -5.2055213567e-01  2.0269415605e+00 -4.9984354171e+00 -1.2514591343e+00  5.2936741677e+00 -2.4770622891e+00  1.2401180623e-01  2.2385712537e+00  1.7984803436e+00  1.1672726652e+00  1.1149026849e+00  1.6636308400e+00 -2.0444389532e-01  5.5364521153e-01  1.3255720643e+00  1.4426461456e+00  9.4016884079e-01 -8.3727631183e-01  1.7196776600e-01  2.0665002770e+00 -7.0622298259e-01  1.5502721330e+00  5.5607308134e+00 -5.3509089641e+00 -8.3465422817e-01
ENERGY -9.286854591702e+02

JOB 8
COORDS  2.6585729088e+00 -4.1748430882e+00 -9.7700300374e-01  4.3794293057e+00 -2.9348881289e+00 -2.6467771360e-01  4.0095817226e+00 -4.2384892793e+00 -5.3669201414e-01  1.4105712967e+00  1.2315225046e+00  7.6473098994e-01  1.7546494949e+00 -2.4872181417e-01  6.1169482442e-01  2.2137519800e+00 -2.9213195331e+00 -9.9657506210e-01  3.2658741706e+00 -2.1806233117e+00 -5.6633661146e-01  4.3971902974e+00 -2.5646383023e-02  1.0171073337e-01  2.7599625639e+00  2.8711684351e-02 -1.8497013268e+00  4.7169074523e+00 -5.4015091748e+00 -3.5993564419e-01  3.1460848493e+00 -4.4735345984e-01 -5.2838228619e-01  2.0115444140e+00 -4.9940934440e+00 -1.2652766128e+00  5.2902029557e+00 -2.4814655515e+00  9.8988852174e-02  2.2533041400e+00  1.7963561999e+00  1.1712583221e+00  1.1203609996e+00  1.6684603758e+00 -1.9343712575e-01  5.6877699683e-01  1.3277700336e+00  1.4563960164e+00  9.4057253950e-01 -8.3281536911e-01  1.7757387466e-01  2.0762046991e+00 -7.0880757404e-01  1.5487833035e+00  5.6230925855e+00 -5.2790090850e+00 -6.8229218150e-01
ENERGY -9.286859560629e+02

JOB 9
COORDS  2.6478585308e+00 -4.1791856540e+00 -9.9102124144e-01  4.3753855134e+00 -2.9425727398e+00 -2.8844537994e-01  4.0021001570e+00 -4.2446618827e+00 -5.6028423178e-01  1.4174026146e+00  1.2244059919e+00  7.7361148843e-01  1.7573908127e+00 -2.5605160118e-01  6.1383789687e-01  2.2036378424e+00 -2.9255097699e+00 -1.0042215299e+00  3.2575931241e+00 -2.1866159790e+00 -5.7889530432e-01  4.3964672509e+00 -3.6113561172e-02  8.5734778119e-02  2.7450897262e+00  2.6343478746e-02 -1.8535931341e+00  4.7047517120e+00 -5.4113644124e+00 -4.1119200284e-01  3.1402773728e+00 -4.5456460003e-01 -5.3670200501e-01  1.9994260865e+00 -4.9971537711e+00 -1.2794515028e+00  5.2894215197e+00 -2.4886579059e+00  6.6513341993e-02  2.2642346286e+00  1.7863391293e+00  1.1756287967e+00  1.1212861707e+00  1.6646753776e+00 -1.8121958814e-01  5.8078702289e-01  1.3204727487e+00  1.4715740042e+00  9.3894173705e-01 -8.3715274896e-01  1.8391172428e-01  2.0844642082e+00 -7.1950871202e-01  1.5473512653e+00  5.6510199499e+00 -5.2341352438e+00 -5.2628292377e-01
ENERGY -9.286864582739e+02

JOB 10
COORDS  2.6409967376e+00 -4.1818114207e+00 -1.0061428983e+00  4.3742252977e+00 -2.9452649606e+00 -3.1709243059e-01  3.9971990499e+00 -4.2474516627e+00 -5.8073023159e-01  1.4224030059e+00  1.2134067260e+00  7.8682639808e-01  1.7611725618e+00 -2.6600750418e-01  6.1531687309e-01  2.1983374182e+00 -2.9277439984e+00 -1.0206957743e+00  3.2533711525e+00 -2.1886186290e+00 -6.0073114575e-01  4.3950522098e+00 -4.1170235722e-02  6.5024988753e-02  2.7260429979e+00  2.9427512948e-02 -1.8591383133e+00  4.6992573497e+00 -5.4149565837e+00 -4.5457297161e-01  3.1339043276e+00 -4.5805150213e-01 -5.4859955974e-01  1.9912591782e+00 -4.9996418406e+00 -1.2918289313e+00  5.2915273275e+00 -2.4898638214e+00  2.7571868389e-02  2.2727740936e+00  1.7730979460e+00  1.1844825612e+00  1.1177712910e+00  1.6591891381e+00 -1.6275441504e-01  5.9202968378e-01  1.3053544045e+00  1.4927748171e+00  9.3891131994e-01 -8.4462755698e-01  1.8932294227e-01  2.0963506502e+00 -7.3483711312e-01  1.5432709756e+00  5.6428528669e+00 -5.2141810507e+00 -3.5713923367e-01
ENERGY -9.286868015869e+02

JOB 11
COORDS  2.6372678533e+00 -4.1825989264e+00 -1.0188015898e+00  4.3754025318e+00 -2.9432487849e+00 -3.4678872322e-01  3.9950389909e+00 -4.2467461795e+00 -5.9786609037e-01  1.4244578222e+00  1.2011242849e+00  8.0208058737e-01  1.7647408408e+00 -2.7637222833e-01  6.1751224413e-01  2.1956488382e+00 -2.9282347944e+00 -1.0373390114e+00  3.2520150724e+00 -2.1872806097e+00 -6.2469152255e-01  4.3925480533e+00 -4.0767463071e-02  4.4519890424e-02  2.7053865496e+00  3.5981711378e-02 -1.8638371635e+00  4.7020061554e+00 -5.4125541245e+00 -4.9309870243e-01  3.1272108603e+00 -4.5797341145e-01 -5.6026166766e-01  1.9865008591e+00 -5.0012545611e+00 -1.2997024902e+00  5.2960237939e+00 -2.4858990722e+00 -1.3682342464e-02  2.2773473595e+00  1.7599628309e+00  1.1955204993e+00  1.1101279030e+00  1.6525481176e+00 -1.4165407702e-01  6.0047030901e-01  1.2866526680e+00  1.5162871078e+00  9.3976712120e-01 -8.5386548293e-01  1.9526658662e-01  2.1092990926e+00 -7.5057552601e-01  1.5393007283e+00  5.6021716862e+00 -5.2170498950e+00 -1.9028576962e-01
ENERGY -9.286868777079e+02

JOB 12
COORDS  3.9873202957e+00 -3.9990356706e+00 -3.6340893585e-01  2.1862731515e+00 -3.3308853320e+00 -1.5123016837e+00  2.9221669204e+00 -4.4541765234e+00 -1.1896500666e+00  1.8767356252e+00  1.2594562032e+00  9.4336016038e-01  2.1978396265e+00 -2.2327566651e-01  7.6661070677e-01  3.9328571073e+00 -2.6816634559e+00 -1.8816967462e-01  2.8402652215e+00 -2.2873718227e+00 -8.8588405388e-01  3.5893920456e+00  1.3287216953e-01 -1.4867076363e+00  1.1561905038e+00 -5.9452432570e-01 -1.6964598564e+00  2.7238970838e+00 -5.7668834642e+00 -1.5203455795e+00  2.4358598053e+00 -6.0274673412e-01 -9.8710036110e-01  4.7711764274e+00 -4.5860044199e+00  9.8880169759e-02  1.2982752358e+00 -3.1664546952e+00 -2.1056165167e+00  2.6936341323e+00  1.8847077275e+00  5.7597604532e-01  9.5761298763e-01  1.5330182412e+00  4.1906483150e-01  1.7373443153e+00  1.4654491166e+00  2.0084799170e+00  1.3874360289e+00 -8.7549255865e-01  1.0999596941e+00  3.1291501943e+00 -5.1843884002e-01  1.2543875798e+00  2.0821176512e+00 -5.8227755264e+00 -2.2450286180e+00
ENERGY -9.286867995882e+02

JOB 13
COORDS  3.9711308333e+00 -4.0002004373e+00 -3.6300855508e-01  2.1629153382e+00 -3.3327958999e+00 -1.4991730617e+00  2.9020711301e+00 -4.4563652533e+00 -1.1833883973e+00  1.8879877161e+00  1.2717820898e+00  9.3598973256e-01  2.1998045938e+00 -2.1367479379e-01  7.6549924942e-01  3.9172988528e+00 -2.6833643690e+00 -1.8393217698e-01  2.8216687807e+00 -2.2902896158e+00 -8.7866735204e-01  3.5774763506e+00  1.2320566296e-01 -1.4998094343e+00  1.1397318225e+00 -5.9396473668e-01 -1.6886243294e+00  2.6828530092e+00 -5.7718313399e+00 -1.4970063456e+00  2.4238743913e+00 -6.0371093204e-01 -9.8758578065e-01  4.7558571916e+00 -4.5877437461e+00  9.7112638498e-02  1.2696605602e+00 -3.1692363417e+00 -2.0847120483e+00  2.7058070497e+00  1.8904986460e+00  5.5970184050e-01  9.6685064370e-01  1.5474799929e+00  4.1637342033e-01  1.7568721873e+00  1.4843760974e+00  2.0008486948e+00  1.3881049194e+00 -8.5964019274e-01  1.1077123731e+00  3.1327668136e+00 -5.1132840225e-01  1.2485741554e+00  2.2138236094e+00 -5.8268054119e+00 -2.3437931202e+00
ENERGY -9.286864560231e+02

JOB 14
COORDS  3.9582036849e+00 -4.0060071041e+00 -3.6048102480e-01  2.1440268657e+00 -3.3341679188e+00 -1.4848444563e+00  2.8825262979e+00 -4.4599461478e+00 -1.1729756027e+00  1.8969449505e+00  1.2743554627e+00  9.4198487644e-01  2.2029441017e+00 -2.1227080727e-01  7.7101314895e-01  3.9097193999e+00 -2.6883063814e+00 -1.8492769161e-01  2.8100580401e+00 -2.2930478885e+00 -8.7438348789e-01  3.5706702586e+00  1.1717050800e-01 -1.5019394996e+00  1.1291675932e+00 -5.9036695607e-01 -1.6775593662e+00  2.6387044795e+00 -5.7759980919e+00 -1.4773351406e+00  2.4165841444e+00 -6.0407334964e-01 -9.8293087331e-01  4.7429695781e+00 -4.5952341066e+00  9.7665115381e-02  1.2456018252e+00 -3.1712012349e+00 -2.0624494466e+00  2.7148534558e+00  1.8901191307e+00  5.6106678962e-01  9.7400632082e-01  1.5527481849e+00  4.2703905052e-01  1.7721179468e+00  1.4880500107e+00  2.0073679040e+00  1.3908635255e+00 -8.5532327089e-01  1.1177735824e+00  3.1374432532e+00 -5.1272311229e-01  1.2493528132e+00  2.3717243687e+00 -5.8470575847e+00 -2.4067276473e+00
ENERGY -9.286859539103e+02

JOB 15
COORDS  3.9407408846e+00 -4.0113245307e+00 -3.6118474582e-01  2.1239279268e+00 -3.3326729191e+00 -1.4765529902e+00  2.8567006825e+00 -4.4624872515e+00 -1.1642115444e+00  1.9062182784e+00  1.2737875021e+00  9.4930271992e-01  2.2068815241e+00 -2.1351634755e-01  7.7464353216e-01  3.9030318965e+00 -2.6924701118e+00 -1.9187972018e-01  2.8002117508e+00 -2.2944814878e+00 -8.7725401496e-01  3.5657720620e+00  1.1364159452e-01 -1.5044191552e+00  1.1204480863e+00 -5.8359577382e-01 -1.6695240008e+00  2.5853653058e+00 -5.7766963359e+00 -1.4660355773e+00  2.4108389256e+00 -6.0287599095e-01 -9.8099944000e-01  4.7245614715e+00 -4.6029999621e+00  9.5704392104e-02  1.2212582818e+00 -3.1693269104e+00 -2.0472681621e+00  2.7241616777e+00  1.8876933083e+00  5.6546356431e-01  9.8163558509e-01  1.5557717342e+00  4.3930387011e-01  1.7872096787e+00  1.4861013738e+00  2.0156173375e+00  1.3944563213e+00 -8.5462724940e-01  1.1242026621e+00  3.1427880647e+00 -5.1760526949e-01  1.2478921942e+00  2.5399755062e+00 -5.8830372164e+00 -2.4288921343e+00
ENERGY -9.286854581527e+02

JOB 16
COORDS  3.9226544119e+00 -4.0164269050e+00 -3.6873479226e-01  2.1053387727e+00 -3.3267394984e+00 -1.4763003663e+00  2.8274777812e+00 -4.4622742048e+00 -1.1602937015e+00  1.9137863381e+00  1.2681796842e+00  9.6151874937e-01  2.2113504415e+00 -2.1865199651e-01  7.7765331751e-01  3.8998107736e+00 -2.6962717367e+00 -2.0802992290e-01  2.7947364759e+00 -2.2925989029e+00 -8.8868329549e-01  3.5656869438e+00  1.1586000064e-01 -1.5033808884e+00  1.1169638989e+00 -5.7110308522e-01 -1.6652943244e+00  2.5245767246e+00 -5.7717589591e+00 -1.4615781060e+00  2.4091530834e+00 -5.9850245772e-01 -9.8085946204e-01  4.7045981501e+00 -4.6117204533e+00  8.7019541010e-02  1.1994151853e+00 -3.1611867573e+00 -2.0410715075e+00  2.7315988877e+00  1.8828532789e+00  5.7861875102e-01  9.8809641549e-01  1.5545503402e+00  4.5601555102e-01  1.7984825768e+00  1.4746693681e+00  2.0293814220e+00  1.3988105237e+00 -8.6023779257e-01  1.1261252952e+00  3.1482082469e+00 -5.2701445835e-01  1.2462146971e+00  2.7017474244e+00 -5.9342361488e+00 -2.4013624519e+00
ENERGY -9.286851197944e+02

JOB 17
COORDS  3.9039192473e+00 -4.0218158182e+00 -3.7834367673e-01  2.0876858390e+00 -3.3176354808e+00 -1.4788929483e+00  2.7952968217e+00 -4.4599704953e+00 -1.1564973683e+00  1.9183071731e+00  1.2590510810e+00  9.7841848928e-01  2.2153756809e+00 -2.2623170333e-01  7.8162094536e-01  3.8998055136e+00 -2.6999640072e+00 -2.3066601256e-01  2.7929503653e+00 -2.2877646309e+00 -9.0449058079e-01  3.5705229885e+00  1.2262553128e-01 -1.4968981130e+00  1.1187878722e+00 -5.5392997237e-01 -1.6632250986e+00  2.4579763911e+00 -5.7620161399e+00 -1.4567697637e+00  2.4113457557e+00 -5.9153187091e-01 -9.8035888157e-01  4.6835889311e+00 -4.6212586026e+00  7.6305512276e-02  1.1794618495e+00 -3.1482885020e+00 -2.0386265024e+00  2.7358747030e+00  1.8768150336e+00  5.9997496739e-01  9.9218434120e-01  1.5498079652e+00  4.7624819717e-01  1.8040956970e+00  1.4564995182e+00  2.0481160892e+00  1.4029248236e+00 -8.7041941611e-01  1.1255502066e+00  3.1526176372e+00 -5.3872871668e-01  1.2466501041e+00  2.8404098139e+00 -6.0015906603e+00 -2.3157140249e+00
ENERGY -9.286850245420e+02

JOB 18
COORDS  3.8844854206e+00 -4.0253796203e+00 -3.9307271055e-01  2.0694330988e+00 -3.3053365187e+00 -1.4848578339e+00  2.7624198195e+00 -4.4545423066e+00 -1.1582606027e+00  1.9194184135e+00  1.2463497855e+00  1.0002226806e+00  2.2178970357e+00 -2.3652286126e-01  7.8800423543e-01  3.9006839319e+00 -2.7025444076e+00 -2.5565234227e-01  2.7924800061e+00 -2.2814632998e+00 -9.2094977538e-01  3.5786902990e+00  1.3167719214e-01 -1.4839875861e+00  1.1242754081e+00 -5.3407705320e-01 -1.6613047833e+00  2.3925373000e+00 -5.7471305013e+00 -1.4582373573e+00  2.4158435080e+00 -5.8354916918e-01 -9.7764538254e-01  4.6630021807e+00 -4.6296955448e+00  5.7489785734e-02  1.1603339296e+00 -3.1295185069e+00 -2.0409089760e+00  2.7367781884e+00  1.8687763925e+00  6.2900940222e-01  9.9350507755e-01  1.5414775623e+00  5.0024366372e-01  1.8040954959e+00  1.4325099202e+00  2.0718380875e+00  1.4055554111e+00 -8.8476990301e-01  1.1245730386e+00  3.1549474193e+00 -5.5308329412e-01  1.2506779629e+00  2.9457362141e+00 -6.0769201369e+00 -2.1840177030e+00
ENERGY -9.286851648664e+02

JOB 19
COORDS  3.8700553137e+00 -4.0275927399e+00 -4.1455172778e-01  2.0558954863e+00 -3.2923593048e+00 -1.4975598491e+00  2.7399094782e+00 -4.4470807333e+00 -1.1738481366e+00  1.9194978165e+00  1.2356246070e+00  1.0214868307e+00  2.2183158212e+00 -2.4502910446e-01  7.9471352511e-01  3.8982582100e+00 -2.7044034971e+00 -2.7890992411e-01  2.7898283361e+00 -2.2738328819e+00 -9.3551039326e-01  3.5829552080e+00  1.4230148300e-01 -1.4714305866e+00  1.1265426097e+00 -5.1453420542e-01 -1.6580585669e+00  2.3468365083e+00 -5.7297143056e+00 -1.4791472127e+00  2.4174563872e+00 -5.7489576709e-01 -9.7423814277e-01  4.6479499413e+00 -4.6362069698e+00  3.1765523701e-02  1.1466771305e+00 -3.1100279630e+00 -2.0510006130e+00  2.7369606593e+00  1.8618134206e+00  6.5685943790e-01  9.9385686398e-01  1.5354497312e+00  5.2381189904e-01  1.8034986105e+00  1.4113146160e+00  2.0948102365e+00  1.4057675265e+00 -8.9654283122e-01  1.1244633348e+00  3.1550793273e+00 -5.6595704852e-01  1.2549459782e+00  3.0271164088e+00 -6.1478141878e+00 -2.0301293452e+00
ENERGY -9.286854725551e+02

JOB 20
COORDS  3.8607916327e+00 -4.0281844077e+00 -4.3918930854e-01  2.0461735643e+00 -3.2809767718e+00 -1.5128263364e+00  2.7269710372e+00 -4.4394523104e+00 -1.1974906578e+00  1.9195302180e+00  1.2267935125e+00  1.0397228119e+00  2.2176854018e+00 -2.5216073578e-01  8.0128867896e-01  3.8940258242e+00 -2.7052715277e+00 -2.9641710124e-01  2.7859180658e+00 -2.2677429042e+00 -9.4534182849e-01  3.5844701630e+00  1.5090389887e-01 -1.4603734446e+00  1.1265990782e+00 -4.9923351205e-01 -1.6536621415e+00  2.3239842709e+00 -5.7122854150e+00 -1.5198705477e+00  2.4172027790e+00 -5.6823463782e-01 -9.7021751253e-01  4.6402101002e+00 -4.6401400741e+00  3.9839106323e-04  1.1379577770e+00 -3.0923020769e+00 -2.0654632008e+00  2.7373880017e+00  1.8554366447e+00  6.8022212492e-01  9.9421509049e-01  1.5309268535e+00  5.4406008712e-01  1.8032563056e+00  1.3941968551e+00  2.1143522270e+00  1.4046501265e+00 -9.0576463843e-01  1.1256910947e+00  3.1541062233e+00 -5.7712265063e-01  1.2593775569e+00  3.0836811875e+00 -6.2074515440e+00 -1.8637410279e+00
ENERGY -9.286858397621e+02

JOB 21
COORDS  3.8583107917e+00 -4.0286600163e+00 -4.6416274749e-01  2.0419424485e+00 -3.2725159214e+00 -1.5284729636e+00  2.7245667840e+00 -4.4331090156e+00 -1.2254992138e+00  1.9189844352e+00  1.2194328003e+00  1.0554481118e+00  2.2160154879e+00 -2.5827275902e-01  8.0804586448e-01  3.8890509975e+00 -2.7065219840e+00 -3.0728280804e-01  2.7817815934e+00 -2.2635917789e+00 -9.5040423403e-01  3.5832626441e+00  1.5755825467e-01 -1.4506452889e+00  1.1247002422e+00 -4.8879718493e-01 -1.6481246353e+00  2.3229886981e+00 -5.6973289778e+00 -1.5724723447e+00  2.4152930472e+00 -5.6379187233e-01 -9.6536220050e-01  4.6402439357e+00 -4.6430790714e+00 -3.1902903397e-02  1.1350519697e+00 -3.0785743099e+00 -2.0811842831e+00  2.7373471915e+00  1.8495916072e+00  6.9976475044e-01  9.9397553726e-01  1.5272485798e+00  5.6148454328e-01  1.8027077023e+00  1.3805389924e+00  2.1310474505e+00  1.4024351389e+00 -9.1316440383e-01  1.1284608665e+00  3.1521337100e+00 -5.8666933031e-01  1.2642856120e+00  3.1064123385e+00 -6.2559250708e+00 -1.6916526254e+00
ENERGY -9.286861601326e+02

JOB 22
COORDS  3.8591642752e+00 -4.0303518646e+00 -4.7505868089e-01  2.0421252528e+00 -3.2702480055e+00 -1.5343562552e+00  2.7346683695e+00 -4.4301614191e+00 -1.2516250684e+00  1.9190154238e+00  1.2119145045e+00  1.0831678958e+00  2.2123422889e+00 -2.6576172254e-01  8.3112271114e-01  3.8773514926e+00 -2.7110604194e+00 -2.9035168263e-01  2.7716885329e+00 -2.2666527462e+00 -9.3214860452e-01  3.5735724198e+00  1.5640665393e-01 -1.4298257217e+00  1.1146789329e+00 -4.8906988053e-01 -1.6230370846e+00  2.3537212679e+00 -5.6859428411e+00 -1.6427658588e+00  2.4068316677e+00 -5.6645431634e-01 -9.4353006331e-01  4.6443937487e+00 -4.6459383747e+00 -5.0010299783e-02  1.1372510185e+00 -3.0725122039e+00 -2.0888706298e+00  2.7378902120e+00  1.8412871181e+00  7.2727979049e-01  9.9354947552e-01  1.5230651746e+00  5.9214964826e-01  1.8055279099e+00  1.3704030792e+00  2.1594526460e+00  1.3981088294e+00 -9.1983413752e-01  1.1514723756e+00  3.1487547230e+00 -5.9734843335e-01  1.2844255146e+00  3.1038878828e+00 -6.2903921236e+00 -1.5356902475e+00
ENERGY -9.286863502492e+02

JOB 23
COORDS  3.8658289341e+00 -4.0257492082e+00 -5.0371645796e-01  2.0452308139e+00 -3.2647382336e+00 -1.5563186600e+00  2.7451626944e+00 -4.4233750336e+00 -1.2865218713e+00  1.9188597875e+00  1.2110717845e+00  1.0808812840e+00  2.2105375830e+00 -2.6636167191e-01  8.2551977224e-01  3.8734369836e+00 -2.7087497618e+00 -3.0100952333e-01  2.7681674566e+00 -2.2633478811e+00 -9.4187053182e-01  3.5675470282e+00  1.6200358137e-01 -1.4366200131e+00  1.1091959161e+00 -4.8552400692e-01 -1.6274913703e+00  2.3820414987e+00 -5.6733206629e+00 -1.7095915423e+00  2.4024047828e+00 -5.6330350527e-01 -9.5000414431e-01  4.6547602297e+00 -4.6411302811e+00 -8.5019965542e-02  1.1415427674e+00 -3.0656887337e+00 -2.1122364230e+00  2.7379778861e+00  1.8403571421e+00  7.2541911346e-01  9.9321957057e-01  1.5241390922e+00  5.9139884105e-01  1.8065681823e+00  1.3675277948e+00  2.1575864443e+00  1.3961098678e+00 -9.2035740383e-01  1.1454923980e+00  3.1472178865e+00 -5.9969288948e-01  1.2769723975e+00  3.0344462064e+00 -6.3154936816e+00 -1.3911586000e+00
ENERGY -9.286863604675e+02

