JOB 0
COORDS  5.3857932943e+00  1.3664405050e+00  1.2057063562e-01  4.2428837679e+00  1.7266465005e+00  8.4345701699e-01  5.5104521308e+00  6.6568397590e-02 -3.8177481943e-01  3.2229420447e+00  7.9574164235e-01  1.0606265024e+00  4.4934853360e+00 -8.7047068280e-01 -1.7401890449e-01  3.3551949393e+00 -4.9285340233e-01  5.3922493674e-01  1.1772732996e+00 -1.4182263372e+00  8.1539842198e-02  1.1454421367e+00 -5.8535096996e-01 -1.1821368773e+00  2.4872682548e-01 -2.0669096908e+00  4.9870286901e-01  2.3653981134e+00 -1.4443185150e+00  7.8572407433e-01  6.1776312810e+00  2.0920412532e+00 -4.3147940295e-02  4.1463799214e+00  2.7314121357e+00  1.2459873996e+00  6.4001045932e+00 -2.2076353000e-01 -9.3569203334e-01  2.3370107088e+00  1.0536036911e+00  1.6344846112e+00  4.5734109337e+00 -1.8864177796e+00 -5.5015922490e-01  2.1681688932e-01 -8.0302762407e-01 -1.7087052552e+00  2.0042561886e+00 -8.0432954289e-01 -1.8219352345e+00  1.1848970339e+00  4.8086948059e-01 -9.4335155067e-01
ENERGY -4.602031441826e+02

JOB 1
COORDS  5.3840101682e+00  1.3766239701e+00  1.6442056653e-01  4.1984636750e+00  1.7004980289e+00  8.3395040660e-01  5.5619659024e+00  8.7536346058e-02 -3.4938906829e-01  3.1909224895e+00  7.4434195076e-01  9.8917004197e-01  4.5566033182e+00 -8.7388814098e-01 -2.0778832704e-01  3.3771713408e+00 -5.3364544569e-01  4.5599287578e-01  1.1525166698e+00 -1.3529420728e+00  7.1925533668e-02  1.0964325481e+00 -5.8345080572e-01 -1.2309577455e+00  1.9829296167e-01 -1.8454192036e+00  6.2196503752e-01  2.4059670186e+00 -1.5162482715e+00  6.3544804951e-01  6.1664049505e+00  2.1217441923e+00  5.0798308151e-02  4.0595416447e+00  2.6964726124e+00  1.2458589207e+00  6.4836141758e+00 -1.7181776013e-01 -8.6339196392e-01  2.2754140581e+00  9.7540096207e-01  1.5271460464e+00  4.6751255406e+00 -1.8807986320e+00 -5.9743357796e-01  1.4120088436e-01 -7.9383851472e-01 -1.7116801783e+00  1.9252239002e+00 -8.5672094432e-01 -1.8888177781e+00  1.1693198719e+00  4.9112004005e-01 -1.0428305585e+00
ENERGY -4.602018133602e+02

JOB 2
COORDS  5.4019447723e+00  1.3927874340e+00  2.3526497528e-01  4.1844073207e+00  1.6789475304e+00  8.6269345000e-01  5.6224065231e+00  1.2025511371e-01 -3.0334015206e-01  3.1884371187e+00  7.0250966143e-01  9.5391302290e-01  4.6290317078e+00 -8.6054708606e-01 -2.2941800632e-01  3.4179276488e+00 -5.5861602179e-01  3.9572186163e-01  1.1641559543e+00 -1.3086647095e+00  8.5339387490e-02  1.0402089141e+00 -6.5102526444e-01 -1.2715483099e+00  2.4042906751e-01 -1.6525706711e+00  7.7931717766e-01  2.4634785588e+00 -1.5647349589e+00  5.0374616596e-01  6.1750606492e+00  2.1534135698e+00  1.7266864534e-01  4.0106684727e+00  2.6612327969e+00  1.2938891346e+00  6.5681215486e+00 -1.1026363942e-01 -7.8653230785e-01  2.2498356268e+00  9.0593923516e-01  1.4625760283e+00  4.7793859556e+00 -1.8535587482e+00 -6.4273548647e-01 -6.2039519099e-03 -6.5987120237e-01 -1.5753124123e+00  1.6536296500e+00 -1.1839405937e+00 -2.0037059184e+00  1.3991438259e+00  3.8067526327e-01 -1.2359060075e+00
ENERGY -4.601998416981e+02

JOB 3
COORDS  5.4079505368e+00  1.3995642149e+00  3.4126581180e-01  4.1356081488e+00  1.6494798793e+00  8.6439957553e-01  5.6976860878e+00  1.4080531381e-01 -1.9870560348e-01  3.1537606071e+00  6.5348078428e-01  8.5333446947e-01  4.7222741083e+00 -8.5838087798e-01 -2.2977205233e-01  3.4544491474e+00 -5.9309743639e-01  2.9464398187e-01  1.1839330847e+00 -1.3142115345e+00  8.5897955204e-02  8.7821288407e-01 -7.1120580516e-01 -1.2646442566e+00  3.7141191036e-01 -1.5975627794e+00  9.2835334028e-01  2.5285864749e+00 -1.6263234868e+00  2.8229629312e-01  6.1682060687e+00  2.1752590264e+00  3.5934291279e-01  3.9044504089e+00  2.6195970122e+00  1.2962605470e+00  6.6854149315e+00 -6.4063463177e-02 -6.0306101247e-01  2.1751258007e+00  8.3560677890e-01  1.2889867840e+00  4.9260919552e+00 -1.8388175168e+00 -6.4979311764e-01 -1.4891328766e-01 -3.4710453618e-01 -1.2823054402e+00  9.9890976021e-01 -1.4921370950e+00 -2.0233067587e+00  1.5725635325e+00  9.5011386920e-02 -1.5101963733e+00
ENERGY -4.601981561192e+02

JOB 4
COORDS  5.5861428661e+00  1.4311371869e+00  3.9793484368e-01  4.3091410728e+00  1.7342450672e+00  8.7779152142e-01  5.8355900553e+00  1.6392993988e-01 -1.4349232752e-01  3.2815588721e+00  7.8593452281e-01  8.2318402108e-01  4.8175279430e+00 -7.8818806101e-01 -2.1767497133e-01  3.5442604104e+00 -4.6974657779e-01  2.6529482948e-01  1.2371912784e+00 -1.0736588300e+00  1.4187347389e-01  8.1006376535e-01 -5.8934465449e-01 -1.2202686834e+00  5.2941127128e-01 -1.1946193105e+00  1.1076987309e+00  2.5791959409e+00 -1.4625629788e+00  1.8803738561e-01  6.3801161676e+00  2.1706380817e+00  4.4979144804e-01  4.1068370326e+00  2.7105025026e+00  1.3103890917e+00  6.8261384504e+00 -8.4136128473e-02 -5.1561479587e-01  2.3007254244e+00  1.0140288717e+00  1.2299017036e+00  4.9906672650e+00 -1.7734037839e+00 -6.4021087195e-01 -2.1496948405e-01 -2.2065510688e-01 -1.1843412126e+00  8.7964005384e-01 -1.4228618449e+00 -1.9269310312e+00  1.4850812260e+00  1.9452394990e-01 -1.5746015792e+00
ENERGY -4.601967632922e+02

JOB 5
COORDS  5.6566006686e+00  1.4226606464e+00  4.8223063021e-01  4.3696107719e+00  1.7393149289e+00  9.2417153853e-01  5.8986513415e+00  1.6798298752e-01 -9.0856107540e-02  3.3219566360e+00  8.1912905253e-01  8.0202825174e-01  4.8630233875e+00 -7.5673787401e-01 -2.3086666068e-01  3.5792889360e+00 -4.2411928880e-01  2.1482633632e-01  1.2591446819e+00 -1.0132734130e+00  1.1988605494e-01  6.8916049423e-01 -6.7798284276e-01 -1.2322239184e+00  6.6215454911e-01 -1.0245474488e+00  1.1649597851e+00  2.6018582301e+00 -1.3939946777e+00  4.5046723380e-02  6.4637868212e+00  2.1419397802e+00  5.8693061156e-01  4.1725946883e+00  2.7061597675e+00  1.3798183430e+00  6.8962541610e+00 -9.1852865735e-02 -4.3517816645e-01  2.3338205428e+00  1.0609366478e+00  1.1800728216e+00  5.0295378765e+00 -1.7319143326e+00 -6.7860007505e-01 -3.6274880845e-01 -4.0640636227e-01 -1.1446363480e+00  8.0427906997e-01 -1.5398094476e+00 -1.8966663917e+00  1.2586210557e+00  1.4701165231e-01 -1.6724949075e+00
ENERGY -4.601961115913e+02

JOB 6
COORDS  5.7270755529e+00  1.4080073061e+00  5.6686311103e-01  4.4501257036e+00  1.7401184580e+00  1.0266021381e+00  5.9264040191e+00  1.8202802275e-01 -7.9158174325e-02  3.3714814581e+00  8.6520444878e-01  8.5137833416e-01  4.8601368846e+00 -6.9749827386e-01 -2.7237324144e-01  3.5873235553e+00 -3.4797066169e-01  1.9043221942e-01  1.2444961465e+00 -9.1227757162e-01  7.4068775457e-02  5.6612217827e-01 -8.2879048429e-01 -1.2664115867e+00  7.1852474404e-01 -7.7139706702e-01  1.1492134398e+00  2.5822578872e+00 -1.2770056298e+00 -5.6589708216e-02  6.5577885062e+00  2.0923859434e+00  7.1362928862e-01  4.2846533921e+00  2.6844450494e+00  1.5386100939e+00  6.9147954827e+00 -9.1255916798e-02 -4.3920798849e-01  2.3925265313e+00  1.1181733493e+00  1.2425771118e+00  4.9941115525e+00 -1.6490556274e+00 -7.7808654960e-01 -4.9714543169e-01 -6.2395816761e-01 -1.1419542239e+00  7.1298568213e-01 -1.7677620934e+00 -1.8083379308e+00  1.0373483144e+00 -3.8060404131e-02 -1.8598149828e+00
ENERGY -4.601969002700e+02

JOB 7
COORDS  5.8024516183e+00  1.3734996549e+00  6.1998937557e-01  4.5951578310e+00  1.6808236170e+00  1.2540859594e+00  5.8849890601e+00  2.3547031192e-01 -1.9028983900e-01  3.4690036162e+00  8.6532258759e-01  1.0933787299e+00  4.7670003566e+00 -5.8083703543e-01 -3.7452302785e-01  3.5661999441e+00 -2.5528169067e-01  2.6269901418e-01  1.1992028159e+00 -6.8706948223e-01 -3.0465113039e-02  5.5172794958e-01 -1.1008092352e+00 -1.3256668452e+00  6.4817300986e-01 -1.3136527921e-01  8.8976400765e-01  2.5080913622e+00 -1.1377993467e+00  2.6363132388e-02  6.6717302342e+00  2.0100223786e+00  7.5988730922e-01  4.5250872434e+00  2.5564331397e+00  1.8942048604e+00  6.8187586032e+00 -1.6633024008e-02 -6.8596687272e-01  2.5408131937e+00  1.0879224948e+00  1.6047916047e+00  4.8067396443e+00 -1.4636258842e+00 -1.0056842234e+00 -5.1134573810e-01 -8.6108293091e-01 -1.3081597845e+00  6.9896325864e-01 -2.1731310143e+00 -1.4832229991e+00  1.0412453659e+00 -5.8202475251e-01 -2.1565397212e+00
ENERGY -4.601994097617e+02

JOB 8
COORDS  5.8696932352e+00  1.3585733756e+00  7.0331179883e-01  4.6810876162e+00  1.6425103773e+00  1.3818829967e+00  5.9103811946e+00  2.9205171205e-01 -2.0185564724e-01  3.5300389687e+00  8.7429660757e-01  1.1712523213e+00  4.7681501899e+00 -4.7727430883e-01 -4.3309726173e-01  3.5861479352e+00 -1.7493501079e-01  2.4875731138e-01  1.2208815447e+00 -5.4041418843e-01 -1.6074220282e-01  5.1773396010e-01 -1.2355770498e+00 -1.2983261479e+00  7.1667067114e-01  2.5432432443e-01  5.9898684008e-01  2.5074507455e+00 -1.0216958716e+00 -3.4367789678e-02  6.7577908267e+00  1.9587253104e+00  8.8124672052e-01  4.6443866101e+00  2.4637762369e+00  2.0928491798e+00  6.8297571388e+00  5.9050048865e-02 -7.3246767453e-01  2.6114087146e+00  1.0840425199e+00  1.7029545171e+00  4.7755882625e+00 -1.3069940283e+00 -1.1337342656e+00 -5.4437784216e-01 -9.9191421211e-01 -1.2831924787e+00  6.6371231982e-01 -2.3165147653e+00 -1.2216528204e+00  9.6031553269e-01 -9.1407301169e-01 -2.2468871572e+00
ENERGY -4.602026695106e+02

JOB 9
COORDS  5.8770089672e+00  1.3283255691e+00  7.6903675674e-01  4.7146768804e+00  1.5452152891e+00  1.5158575958e+00  5.8820937517e+00  3.6016238604e-01 -2.4098538093e-01  3.5543429826e+00  8.0548239248e-01  1.2640779787e+00  4.7291064528e+00 -3.8287275102e-01 -5.0785725376e-01  3.5766169880e+00 -1.4806444508e-01  2.4398332329e-01  1.2554329059e+00 -4.0633420896e-01 -3.4968779411e-01  4.6031969324e-01 -1.3496016416e+00 -1.2162348184e+00  8.6915877311e-01  6.5501377362e-01  8.2269540530e-02  2.4771924878e+00 -9.6795513708e-01 -4.6537304456e-02  6.7735757490e+00  1.9067620556e+00  9.7470059074e-01  4.7068430044e+00  2.2930398874e+00  2.3043802979e+00  6.7822205573e+00  1.8171605691e-01 -8.2313886109e-01  2.6505939325e+00  9.6875990978e-01  1.8375751940e+00  4.7105604585e+00 -1.1419003007e+00 -1.2845391289e+00 -5.7237338041e-01 -1.0079229181e+00 -1.2819955275e+00  5.0400919350e-01 -2.3629289090e+00 -8.0848042481e-01  9.0304465698e-01 -1.3802804205e+00 -2.2170838967e+00
ENERGY -4.602057646877e+02

JOB 10
COORDS  5.8676374187e+00  1.3169096503e+00  8.3041065557e-01  4.6947894218e+00  1.4811904135e+00  1.5755711800e+00  5.8918590292e+00  4.1431181471e-01 -2.3760644685e-01  3.5444031295e+00  7.5139838070e-01  1.2623294820e+00  4.7468046312e+00 -3.1890494720e-01 -5.6353498326e-01  3.5868246629e+00 -1.3947221588e-01  1.8913190930e-01  1.2977571501e+00 -3.6115159816e-01 -4.9147126554e-01  3.8626574004e-01 -1.3886475325e+00 -1.1146390382e+00  1.0289277291e+00  8.0115409332e-01 -2.9168228285e-01  2.4907553633e+00 -9.4957625691e-01 -1.4245765378e-01  6.7573262356e+00  1.8876959330e+00  1.0820791877e+00  4.6719450903e+00  2.1808816507e+00  2.4067377811e+00  6.7999034212e+00  2.7857823054e-01 -8.1893210865e-01  2.6301895419e+00  8.7628285307e-01  1.8309508848e+00  4.7433991112e+00 -1.0280698640e+00 -1.3862214931e+00 -6.1650744244e-01 -9.7430017822e-01 -1.2148626831e+00  3.6653318752e-01 -2.2974322646e+00 -5.0760987399e-01  7.7054376347e-01 -1.6619080453e+00 -2.1025254391e+00
ENERGY -4.602079963583e+02

JOB 11
COORDS  5.8186214324e+00  1.2794694631e+00  8.8496761949e-01  4.6224202207e+00  1.3881098831e+00  1.6031724442e+00  5.8841783447e+00  4.4089112657e-01 -2.3209142017e-01  3.4918504878e+00  6.6481754347e-01  1.2139008188e+00  4.7582301598e+00 -2.8484072003e-01 -6.3343165150e-01  3.5758839135e+00 -1.6415728499e-01  9.4776405780e-02  1.2959912593e+00 -3.8555244620e-01 -6.0894024007e-01  3.0162070184e-01 -1.4465088059e+00 -1.0102478159e+00  1.0879380844e+00  8.0494861143e-01 -5.6198229794e-01  2.5006270583e+00 -9.7167626360e-01 -3.0167900130e-01  6.6934717498e+00  1.8443346179e+00  1.1951361208e+00  4.5662364126e+00  2.0386604333e+00  2.4718234612e+00  6.8098901118e+00  3.4967720528e-01 -7.9391746796e-01  2.5599334353e+00  7.4871012342e-01  1.7622918669e+00  4.7870129497e+00 -9.4349696857e-01 -1.4965663718e+00 -6.5619228831e-01 -9.7953742920e-01 -1.2371282164e+00  1.8417431789e-01 -2.1730335928e+00 -2.0111702699e-01  6.7014966534e-01 -1.9888408172e+00 -1.8857968060e+00
ENERGY -4.602087741336e+02

JOB 12
COORDS  5.8668056474e+00  1.1590268619e+00  1.0675312595e+00  4.6259337880e+00  1.7616724014e+00  1.3012187152e+00  5.9524236996e+00  5.1802009151e-02  2.1729643500e-01  3.4687280049e+00  1.2666295495e+00  6.9278902003e-01  4.8017933084e+00 -4.5505210453e-01 -3.9415538596e-01  3.5735272387e+00  1.5726153442e-01 -1.4710276605e-01  1.3794679483e+00 -8.1234079902e-01 -1.3045147484e-01  4.7243436410e-01 -1.6007332971e+00 -1.0417239008e+00  1.1832780745e+00 -5.7993410565e-01  1.0401478470e+00  2.4657771406e+00 -3.5387281855e-01 -8.3914138633e-01  6.7612876721e+00  1.5511878900e+00  1.5437571942e+00  4.5547099645e+00  2.6226830203e+00  1.9604092105e+00  6.9130854200e+00 -4.1960955065e-01  2.8051154773e-02  2.5028770722e+00  1.7243961797e+00  8.7236915367e-01  4.8449651728e+00 -1.3113982115e+00 -1.0608976475e+00 -4.6798583058e-01 -1.8072779571e+00 -5.3160762129e-01  9.5926254941e-01 -2.5434618844e+00 -1.3107789313e+00  2.9238762316e-01 -1.0489315167e+00 -1.9680025701e+00
ENERGY -4.602079969714e+02

JOB 13
COORDS  5.8847636306e+00  1.0998691678e+00  1.0808583336e+00  4.6584299626e+00  1.7084895943e+00  1.3662666544e+00  5.9382078936e+00  4.4238638028e-02  1.6417430333e-01  3.4827294941e+00  1.2726129721e+00  7.4594815176e-01  4.7709933479e+00 -4.0530714479e-01 -4.5897428135e-01  3.5548682280e+00  2.1002445531e-01 -1.5736592521e-01  1.3155220418e+00 -6.7960304579e-01 -1.7769856998e-01  5.6243248487e-01 -1.6902708114e+00 -1.0049602296e+00  9.6801052606e-01 -2.3784896348e-01  8.9298397689e-01  2.4370862317e+00 -2.6062030555e-01 -8.6063220951e-01  6.7926678436e+00  1.4476281586e+00  1.5661337542e+00  4.6116948623e+00  2.5317207757e+00  2.0742178027e+00  6.8874292208e+00 -4.3158394191e-01 -6.7234605240e-02  2.5297759965e+00  1.7385245127e+00  9.6297292835e-01  4.7891996317e+00 -1.2206813569e+00 -1.1762570041e+00 -4.1924686317e-01 -1.8675292965e+00 -5.6635866756e-01  1.1282533814e+00 -2.6270639673e+00 -1.0342750278e+00  4.6416145629e-01 -1.3357730399e+00 -2.0344133364e+00
ENERGY -4.602057641796e+02

JOB 14
COORDS  5.8499130832e+00  1.0156905517e+00  1.0864714591e+00  4.6131548992e+00  1.5580521069e+00  1.4472257775e+00  5.9143637294e+00  6.3264283878e-02  6.3152802115e-02  3.4369388216e+00  1.1642231334e+00  7.9850279379e-01  4.7493804965e+00 -3.4995115503e-01 -5.8654214786e-01  3.5203008379e+00  1.9751329314e-01 -2.0825096022e-01  1.2042091869e+00 -5.2021420839e-01 -3.3545789612e-01  5.9514270102e-01 -1.7730961944e+00 -9.1085429659e-01  6.7710346136e-01  2.1520928599e-01  4.6724125179e-01  2.4180746461e+00 -2.6363168901e-01 -9.3845549199e-01  6.7561018836e+00  1.3352466938e+00  1.5936865140e+00  4.5564530901e+00  2.3046155965e+00  2.2350871245e+00  6.8705770010e+00 -3.6269021795e-01 -2.2892816285e-01  2.4793275115e+00  1.5900057214e+00  1.0673422851e+00  4.7751322652e+00 -1.0903533550e+00 -1.3805973130e+00 -4.3536460616e-01 -1.8752362439e+00 -5.7128828666e-01  1.1811975031e+00 -2.6402741461e+00 -5.8905704139e-01  6.3690954171e-01 -1.7400328477e+00 -2.0029978581e+00
ENERGY -4.602026694954e+02

JOB 15
COORDS  5.7951139201e+00  9.2534160756e-01  1.1112536005e+00  4.5475373749e+00  1.4223958514e+00  1.4992876338e+00  5.8828097443e+00  6.8497465486e-02  8.2546564800e-03  3.3855008123e+00  1.0786058696e+00  7.9887774759e-01  4.7317815071e+00 -2.9764052720e-01 -6.9265564620e-01  3.4918100639e+00  2.0433576854e-01 -2.8719179088e-01  1.1534773540e+00 -4.0174752315e-01 -4.8601797268e-01  6.4384200660e-01 -1.7884183935e+00 -7.7828406500e-01  5.3900035922e-01  4.7364188828e-01  7.5720464535e-02  2.4008820066e+00 -2.0988249293e-01 -1.0570788243e+00  6.6906558550e+00  1.2067978424e+00  1.6582116843e+00  4.4715111623e+00  2.0973738090e+00  2.3478020239e+00  6.8471953059e+00 -3.2191076372e-01 -3.0593730619e-01  2.4220981551e+00  1.4836719689e+00  1.0824364776e+00  4.7760827891e+00 -9.6788651338e-01 -1.5459237780e+00 -3.8873705053e-01 -1.8878530722e+00 -4.4394267459e-01  1.2772763728e+00 -2.5213406683e+00 -2.6765477992e-01  7.1907976097e-01 -1.9886469637e+00 -1.8509460733e+00
ENERGY -4.601994098965e+02

JOB 16
COORDS  5.7293738807e+00  8.6541953286e-01  1.1550763688e+00  4.4375792189e+00  1.1830267259e+00  1.5826330446e+00  5.9032709474e+00  1.8077685732e-01 -5.3625162228e-02  3.3189958737e+00  8.2775356154e-01  8.1973337820e-01  4.7986759414e+00 -1.9105068470e-01 -8.2148436738e-01  3.5121878263e+00  1.3102723023e-01 -3.7719761118e-01  1.1633187325e+00 -3.0211038127e-01 -7.1763112248e-01  6.6942126878e-01 -1.7081415968e+00 -5.0974564909e-01  5.1955973260e-01  7.0730301740e-01 -5.7886915768e-01  2.4705518430e+00 -2.8947736017e-01 -1.1973230568e+00  6.5903295921e+00  1.1513036898e+00  1.7525866774e+00  4.2900986626e+00  1.7232284391e+00  2.5141477795e+00  6.9022678472e+00 -7.0120594870e-02 -4.0045333032e-01  2.3235688086e+00  1.1094229490e+00  1.1440183590e+00  4.9137939033e+00 -7.2920514885e-01 -1.7575884234e+00 -3.7942429893e-01 -1.7023109371e+00 -2.1329446355e-01  1.2781116102e+00 -2.1933314336e+00  2.6068064233e-01  8.0205794917e-01 -2.2813876486e+00 -1.4320733014e+00
ENERGY -4.601969002490e+02

JOB 17
COORDS  5.6595369036e+00  7.7185828729e-01  1.1800121621e+00  4.3573872704e+00  1.0644640267e+00  1.5930120459e+00  5.8652237198e+00  1.6197105285e-01 -6.3790016145e-02  3.2604654662e+00  7.5643669280e-01  7.7983921098e-01  4.7822830844e+00 -1.6214552787e-01 -8.8199198724e-01  3.4842015222e+00  1.3549327951e-01 -4.5344023075e-01  1.1528466118e+00 -2.7419351580e-01 -8.2310921129e-01  7.8281158879e-01 -1.6604918930e+00 -3.6831927703e-01  4.3131668096e-01  6.8908141399e-01 -8.3916782932e-01  2.4581231108e+00 -2.1411092048e-01 -1.3190912098e+00  6.5047277909e+00  1.0197756463e+00  1.8156874350e+00  4.1852091141e+00  1.5469236002e+00  2.5515573644e+00  6.8734444959e+00 -6.7587053137e-02 -3.9852264314e-01  2.2557049799e+00  1.0195345425e+00  1.0945000617e+00  4.9225269518e+00 -6.4105771954e-01 -1.8464192004e+00 -2.3209232507e-01 -1.6719363821e+00  2.9021046640e-02  1.4941390677e+00 -1.9998577734e+00  3.9119592007e-01  8.6269412734e-01 -2.3486630164e+00 -1.2157591886e+00
ENERGY -4.601961131391e+02

JOB 18
COORDS  5.6131883302e+00  6.8214486385e-01  1.1986759830e+00  4.3164271392e+00  1.0185467010e+00  1.5963157733e+00  5.8195320352e+00  1.0441407748e-01 -6.0225362034e-02  3.2264543473e+00  7.8499941376e-01  7.5037941823e-01  4.7411061017e+00 -1.4757341626e-01 -9.0992197102e-01  3.4489556476e+00  1.9324538368e-01 -4.9754209234e-01  1.1328940221e+00 -2.4523950003e-01 -8.7964989653e-01  9.2518749528e-01 -1.6196945473e+00 -2.9643736344e-01  3.0061783165e-01  6.1843522443e-01 -9.7866551449e-01  2.4197804065e+00 -5.7581322808e-02 -1.3924593917e+00  6.4547486544e+00  8.7255451386e-01  1.8585726652e+00  4.1454966293e+00  1.4777169102e+00  2.5664155069e+00  6.8242946488e+00 -1.5716218669e-01 -3.8151713130e-01  2.2251771223e+00  1.0808795430e+00  1.0493399886e+00  4.8811674029e+00 -6.0086103759e-01 -1.8866905969e+00 -6.0652746716e-02 -1.6884770488e+00  1.6323470686e-01  1.7044868555e+00 -1.8437526553e+00  4.3714898643e-01  1.0120246236e+00 -2.3587255486e+00 -1.0997176273e+00
ENERGY -4.601967633203e+02

JOB 19
COORDS  5.5491446053e+00  6.0833394058e-01  1.1859523350e+00  4.2669550021e+00  9.9069314627e-01  1.5919709638e+00  5.7332883685e+00  4.7970882563e-02 -8.3695868909e-02  3.1705360380e+00  8.1898157084e-01  7.4083727359e-01  4.6452903866e+00 -1.4300634705e-01 -9.3846760485e-01  3.3695643813e+00  2.4174913711e-01 -5.1762469559e-01  1.0662019505e+00 -2.6462023437e-01 -9.1450214795e-01  1.0102363486e+00 -1.6126001225e+00 -2.3563593909e-01  1.2614439039e-01  4.6269554546e-01 -1.1083778399e+00  2.3233736639e+00  7.3657319009e-02 -1.4134427816e+00  6.3975123763e+00  7.5092228525e-01  1.8492452819e+00  4.1155267045e+00  1.4373355560e+00  2.5710734358e+00  6.7270342588e+00 -2.4750949035e-01 -4.0963616892e-01  2.1788947755e+00  1.1456220623e+00  1.0419248929e+00  4.7671131084e+00 -5.8141272203e-01 -1.9244589375e+00  4.8230650364e-02 -1.7355695713e+00  2.6160177052e-01  1.8267776611e+00 -1.7357496556e+00  4.7889758109e-01  1.1241824211e+00 -2.3869096221e+00 -1.0020658631e+00
ENERGY -4.601981564317e+02

JOB 20
COORDS  5.5607033120e+00  4.9231485869e-01  1.1795781468e+00  4.3247386875e+00  9.8609684002e-01  1.6117459087e+00  5.6752068992e+00 -6.8156945243e-02 -9.7335564981e-02  3.2057876012e+00  9.2221725005e-01  7.7664880158e-01  4.5598701832e+00 -1.4891531970e-01 -9.3638983287e-01  3.3325806517e+00  3.4408033076e-01 -4.8998912484e-01  1.0559615830e+00 -2.5541958367e-01 -9.1358530610e-01  1.1889240619e+00 -1.5816612212e+00 -1.9639504644e-01  1.6904269663e-02  3.1103547352e-01 -1.1429867968e+00  2.2479196190e+00  3.0003077304e-01 -1.3604819114e+00  6.4286791571e+00  5.5024492515e-01  1.8303125172e+00  4.2310705535e+00  1.4338828123e+00  2.5975028794e+00  6.6334331979e+00 -4.4798127039e-01 -4.4161242157e-01  2.2482061896e+00  1.3278768745e+00  1.0921469588e+00  4.6273550257e+00 -5.8200691395e-01 -1.9300605482e+00  2.1104550273e-01 -2.0618208053e+00 -1.6258296692e-01  1.5441563738e+00 -1.4263505938e+00  8.2592637084e-01  1.9150667458e+00 -2.2234966831e+00 -7.0184056976e-01
ENERGY -4.601998337575e+02

JOB 21
COORDS  5.5520108196e+00  4.3554600282e-01  1.1679872555e+00  4.3440048550e+00  9.7272499229e-01  1.6271770602e+00  5.6259215563e+00 -1.0938376059e-01 -1.1848230126e-01  3.2111080336e+00  9.6487634702e-01  8.0868617949e-01  4.4961390168e+00 -1.3069485931e-01 -9.4205353718e-01  3.2969331634e+00  4.0226787369e-01 -4.6738923619e-01  1.0510441932e+00 -2.8083801832e-01 -9.7438505295e-01  1.2571706762e+00 -1.5463938991e+00 -1.6911164842e-01 -1.9348650327e-02  1.2920070100e-01 -1.3508085414e+00  2.1932222432e+00  4.2164281883e-01 -1.3172499589e+00  6.4312802271e+00  4.4859838098e-01  1.8059273910e+00  4.2837148963e+00  1.4083301836e+00  2.6209332799e+00  6.5633059142e+00 -5.2089279879e-01 -4.8299978399e-01  2.2731094649e+00  1.3994851188e+00  1.1437047633e+00  4.5321959296e+00 -5.4713640592e-01 -1.9445628084e+00  3.4959711431e-01 -2.1461198462e+00 -2.3567624652e-01  1.4458927960e+00 -1.3042398567e+00  8.8027225656e-01  2.1183369526e+00 -2.1121266294e+00 -5.3338986368e-01
ENERGY -4.602018134556e+02

JOB 22
COORDS  5.4026123982e+00  1.3416046997e+00  1.0231500612e-01  4.3327334386e+00  1.7842179012e+00  8.8781352395e-01  5.4007524038e+00  3.7314782857e-02 -4.0501520830e-01  3.2570476112e+00  9.3282241116e-01  1.1588386547e+00  4.3323808531e+00 -8.2295558057e-01 -1.3566981303e-01  3.2646424842e+00 -3.6111350270e-01  6.3664461973e-01  1.2426663840e+00 -1.5139181719e+00  1.0729163203e-02  1.1569327806e+00 -6.0227792015e-01 -1.1947305912e+00  5.1551876608e-01 -2.4564088465e+00  2.1067901576e-01  2.2131274080e+00 -1.2225704243e+00  9.4962356006e-01  6.2364670607e+00  2.0059226047e+00 -1.0667396581e-01  4.3338666663e+00  2.7929887041e+00  1.2918508657e+00  6.2348121913e+00 -3.1535367598e-01 -1.0057372363e+00  2.4198041136e+00  1.2547857169e+00  1.7715221091e+00  4.3232100375e+00 -1.8440543339e+00 -5.0709105278e-01  2.4852322984e-01 -8.4938419334e-01 -1.7431221948e+00  2.0230540871e+00 -7.4189828448e-01 -1.8472217029e+00  1.1449441757e+00  4.4901062590e-01 -8.9556334008e-01
ENERGY -4.602031441742e+02

JOB 23
COORDS  5.3872323652e+00  1.3568504804e+00  1.0085485273e-01  4.2800757023e+00  1.7588366095e+00  8.5639761176e-01  5.4497092599e+00  5.3239122161e-02 -4.0376187325e-01  3.2323750359e+00  8.6625961756e-01  1.1020623268e+00  4.4069110235e+00 -8.4667597550e-01 -1.6346083487e-01  3.3032250328e+00 -4.2632595248e-01  5.8020530897e-01  1.1938541784e+00 -1.4590182429e+00  2.1319893648e-02  1.1621031912e+00 -5.7330264205e-01 -1.2053877069e+00  3.3772304975e-01 -2.2596131230e+00  3.1038145282e-01  2.2820365046e+00 -1.3347220463e+00  8.6204141371e-01  6.2000039727e+00  2.0529292787e+00 -8.6789100210e-02  4.2320331691e+00  2.7668780687e+00  1.2594030950e+00  6.3122763371e+00 -2.6692833603e-01 -9.8198327039e-01  2.3701633542e+00  1.1557427405e+00  1.6963198308e+00  4.4425970889e+00 -1.8663860567e+00 -5.3663461958e-01  2.4909250281e-01 -7.9225250712e-01 -1.7577448323e+00  2.0331584773e+00 -7.5349228200e-01 -1.8410062467e+00  1.1825681832e+00  4.8337353657e-01 -9.2558887619e-01
ENERGY -4.602035868597e+02

