JOB 0
COORDS  3.9222998896e+00  1.4573146998e+00  7.1028808488e-01  5.0095697078e+00  6.9666067630e-01  3.4804257687e-01  3.1357563367e+00 -2.2846319071e-01 -3.8075499440e-01 -1.0659533007e-01 -1.1879157147e+00 -1.8580337617e+00 -1.4285071497e+00 -4.4086559906e-01 -1.9048764967e+00  5.2553954463e+00 -1.4657901343e+00 -9.6461269506e-01  2.2064799791e+00 -1.1874150972e+00 -1.0627093439e+00  2.7593304459e+00  8.7309982039e-01  2.4945433302e-01  4.4958225635e+00 -3.8354747842e-01 -3.5483743452e-01  9.0923149530e-01 -5.5643722987e-01 -1.2061194161e+00  4.3335517741e-02 -2.2924134421e+00 -2.3858485953e+00  3.9093182677e+00  2.3830676844e+00  1.2702101848e+00  6.0707208365e+00  8.1282305938e-01  5.1749482492e-01 -1.4094380531e+00  5.1415801864e-01 -1.3727243468e+00 -2.2060189335e+00 -1.0770585078e+00 -1.4736646457e+00 -1.6932558418e+00 -2.6178221995e-01 -2.9505985801e+00  4.8893803497e+00 -2.4364465517e+00 -6.1866450634e-01  6.3037666278e+00 -1.3693548109e+00 -6.7986024708e-01  5.1833392746e+00 -1.4272134014e+00 -2.0560002422e+00  2.5897188255e+00 -1.4713267990e+00 -2.0501143840e+00  2.1159829342e+00 -2.1227522379e+00 -4.9191382703e-01  7.8060101979e-01  3.2416878405e-01 -7.1954581793e-01
ENERGY -5.129579186941e+02

JOB 1
COORDS  3.9405643193e+00  1.4220007995e+00  7.9727712940e-01  5.0183076354e+00  7.2341911465e-01  3.0386949861e-01  3.1234551415e+00 -2.8050176853e-01 -2.4440854364e-01 -7.8352332685e-02 -1.1991150678e+00 -1.8367821849e+00 -1.3611706620e+00 -4.0537384757e-01 -2.0177146891e+00  5.2337545167e+00 -1.3912722938e+00 -1.0829144675e+00  2.1628516306e+00 -1.2586223734e+00 -8.5163339758e-01  2.7648870923e+00  7.9003735544e-01  4.4758781126e-01  4.4848751095e+00 -3.6628864415e-01 -3.6818614133e-01  9.2153768597e-01 -5.6818801731e-01 -1.1572713482e+00  5.9243299090e-02 -2.3364302279e+00 -2.2924119287e+00  3.9436345420e+00  2.3348377855e+00  1.3783112357e+00  6.0847019365e+00  8.8940942717e-01  3.6280258344e-01 -1.3317932251e+00  5.8422571166e-01 -1.5535589267e+00 -2.1901941853e+00 -9.7739616124e-01 -1.5923961366e+00 -1.5553276910e+00 -2.9215034539e-01 -3.0877686581e+00  4.9513018040e+00 -2.3888943436e+00 -7.3662625598e-01  6.2983683799e+00 -1.2484941914e+00 -8.9383093031e-01  5.0571157987e+00 -1.3242792791e+00 -2.1607896757e+00  2.5669740005e+00 -1.6912301832e+00 -1.7719275436e+00  1.9772240492e+00 -2.1018739849e+00 -1.7082245718e-01  7.7144089347e-01  3.1431740942e-01 -6.8116852132e-01
ENERGY -5.129569792522e+02

JOB 2
COORDS  3.7670780423e+00  1.4269394993e+00  6.1627382658e-01  4.7353653174e+00  7.5862615821e-01 -1.0034431843e-01  2.8758794776e+00 -4.3553484776e-01 -1.5878650144e-03  3.2334122497e-01 -9.2742771408e-01 -1.8864392483e+00 -9.5559515555e-01 -1.7775662072e-01 -2.2106835777e+00  4.7608346325e+00 -1.4505014056e+00 -1.3474876686e+00  1.9084132579e+00 -1.5766007895e+00 -1.4912175173e-01  2.6150968469e+00  6.7224813345e-01  6.7719750144e-01  4.1561118819e+00 -4.3766912529e-01 -4.9027516629e-01  5.8425206998e-01 -1.1126347530e+00 -5.4832170996e-01  1.0636020817e+00 -1.3647026076e+00 -2.7681795853e+00  3.8363547477e+00  2.3987288533e+00  1.0878719690e+00  5.7492833318e+00  1.0158506542e+00 -3.7277018655e-01 -1.5610741957e+00  5.0911282194e-02 -1.3296437760e+00 -1.5466226677e+00 -7.7581189194e-01 -2.9086331868e+00 -6.9275709477e-01  7.5617204069e-01 -2.7159691731e+00  4.9705669502e+00 -2.3670850563e+00 -7.8745307620e-01  5.7001894558e+00 -1.0622775564e+00 -1.7435179136e+00  4.0959392470e+00 -1.6785903357e+00 -2.1843144815e+00  2.2453983912e+00 -2.2898180237e+00 -9.0022587286e-01  1.8140544735e+00 -2.1065478580e+00  8.0467296831e-01  1.3370270787e-01 -4.7883670983e-01  1.0143791606e-01
ENERGY -5.129568463570e+02

JOB 3
COORDS  3.8183920971e+00  1.3850816030e+00  7.1683898653e-01  4.6830228808e+00  7.5648636666e-01 -1.5345098754e-01  2.8445330252e+00 -4.4064689012e-01  1.1745740142e-01  4.3101932041e-01 -9.3863834917e-01 -1.8732601798e+00 -8.2830632418e-01 -2.2861191067e-01 -2.3334605542e+00  4.5345579914e+00 -1.3766562446e+00 -1.5181129332e+00  1.8489461698e+00 -1.5602004870e+00  1.6370313982e-02  2.6790034249e+00  6.2879651952e-01  8.8374951705e-01  4.0522515089e+00 -4.1592974757e-01 -5.3026906754e-01  5.6374650597e-01 -1.1117199750e+00 -5.1878207494e-01  1.2739182459e+00 -1.3535116474e+00 -2.6721255605e+00  3.9552751971e+00  2.3285191979e+00  1.2296001361e+00  5.6592406384e+00  1.0246078438e+00 -5.3233909766e-01 -1.5398271380e+00 -3.7445150955e-02 -1.5257353817e+00 -1.3116359761e+00 -8.3367921387e-01 -3.1042190154e+00 -5.4376568467e-01  7.2365389470e-01 -2.7908286345e+00  4.8781289574e+00 -2.2971721846e+00 -1.0352740508e+00  5.3722496492e+00 -9.3376013434e-01 -2.0589660424e+00  3.7359099544e+00 -1.6050853774e+00 -2.2276564075e+00  2.2137938379e+00 -2.3622701363e+00 -6.2351683911e-01  1.6693644433e+00 -1.9734664782e+00  1.0128019744e+00  1.2515538464e-02 -5.1800689912e-01  8.8760280029e-02
ENERGY -5.129586079972e+02

JOB 4
COORDS  3.9619683204e+00  1.3282203211e+00  8.8959880911e-01  4.7095353787e+00  7.7716839539e-01 -1.2925761930e-01  2.8988939554e+00 -4.3344572493e-01  2.4796349793e-01  4.8768964878e-01 -9.9608436137e-01 -1.8612638012e+00 -7.3850430061e-01 -2.8469087292e-01 -2.4037288001e+00  4.4327159533e+00 -1.2656864076e+00 -1.5985250988e+00  1.8467380455e+00 -1.4972432053e+00  1.3379142972e-01  2.8385995357e+00  5.6605064409e-01  1.1188293756e+00  4.0197706435e+00 -3.4900793369e-01 -5.3889881011e-01  6.1848372882e-01 -1.0113232839e+00 -4.9947327166e-01  1.3014176911e+00 -1.5451632657e+00 -2.6091022057e+00  4.1719740958e+00  2.2202947746e+00  1.4657073022e+00  5.6430467945e+00  1.0701670118e+00 -5.8895567749e-01 -1.4103900747e+00  8.5156784310e-02 -1.6245942044e+00 -1.2852882375e+00 -9.7462532586e-01 -3.0512996486e+00 -4.0961375297e-01  5.5605319539e-01 -3.0211992657e+00  4.9440307928e+00 -2.1391699026e+00 -1.1802042534e+00  5.1205919704e+00 -7.4346080191e-01 -2.2659852421e+00  3.5596971870e+00 -1.5822612341e+00 -2.1719867321e+00  2.1972126256e+00 -2.3531835021e+00 -4.4209338015e-01  1.5909255160e+00 -1.8402808823e+00  1.1390172216e+00  6.0686635225e-02 -3.6393741984e-01  4.3132826994e-02
ENERGY -5.129598374067e+02

JOB 5
COORDS  4.0922774572e+00  1.1384621358e+00  1.0826119792e+00  4.7242881832e+00  6.9449392317e-01 -5.8705342830e-02  2.9192283835e+00 -5.1603064449e-01  3.4927315202e-01  4.8338658608e-01 -1.1676197790e+00 -1.8868252407e+00 -6.8666061875e-01 -4.3881996401e-01 -2.5234765810e+00  4.2962162211e+00 -1.1879026917e+00 -1.6858590292e+00  1.7991413601e+00 -1.5014385910e+00  1.9423431534e-01  2.9693631934e+00  3.8009450187e-01  1.3272434705e+00  3.9634567371e+00 -3.5944779042e-01 -5.2948155130e-01  6.5982149146e-01 -9.5684830539e-01 -5.4907691992e-01  1.2121486972e+00 -1.9162578708e+00 -2.5445491266e+00  4.3819578838e+00  1.9533195747e+00  1.7337144242e+00  5.6256714089e+00  1.0135166705e+00 -5.6344194332e-01 -1.2582803714e+00  1.7356091749e-01 -1.8208394408e+00 -1.3523853995e+00 -1.1780993875e+00 -2.9764818704e+00 -3.0680930556e-01  1.9751663754e-01 -3.3274148661e+00  4.9938294164e+00 -1.9832943786e+00 -1.4024571632e+00  4.7651234391e+00 -5.6220867466e-01 -2.4486152410e+00  3.3892749095e+00 -1.6242085242e+00 -2.1061227964e+00  2.1150822534e+00 -2.4080733397e+00 -3.2223422329e-01  1.4580718254e+00 -1.7733659266e+00  1.1954175478e+00  1.3315413103e-01 -2.2047640903e-01 -9.7135107362e-02
ENERGY -5.129600274200e+02

JOB 6
COORDS  4.4030670115e+00  1.0451463703e+00  1.3820897198e+00  4.9046521129e+00  6.9670014234e-01  1.4736874639e-01  3.0543810792e+00 -4.3566766595e-01  5.8184563661e-01  5.8212071880e-01 -1.2693020215e+00 -1.7143297475e+00 -5.1432717542e-01 -5.6151441533e-01 -2.4910277361e+00  4.1900433543e+00 -9.1970257349e-01 -1.6501137754e+00  1.8636975243e+00 -1.3324501986e+00  4.2124312070e-01  3.2492194133e+00  3.3866755170e-01  1.6416038333e+00  4.0351481575e+00 -2.4915052709e-01 -3.6314287084e-01  8.3847340065e-01 -7.7836318228e-01 -4.6568364512e-01  1.1919504952e+00 -2.2311177080e+00 -2.1896218696e+00  4.8055984736e+00  1.7568574603e+00  2.0914785791e+00  5.7806296255e+00  1.0161739815e+00 -4.0036928640e-01 -9.4449183760e-01  2.9530142634e-01 -1.9651008057e+00 -1.3083767684e+00 -1.2818078178e+00 -2.7060177257e+00 -1.0632050718e-01 -2.2797972383e-01 -3.4486970599e+00  5.1338398584e+00 -1.4727449040e+00 -1.6746666349e+00  4.1881997750e+00 -1.8297364655e-01 -2.4591019616e+00  3.3645194386e+00 -1.6113680021e+00 -1.8163077947e+00  2.1307593347e+00 -2.3095681819e+00  1.5399951147e-02  1.4388115212e+00 -1.4765256741e+00  1.4171436565e+00  3.6294751449e-01  5.9605965400e-02 -1.5756386924e-01
ENERGY -5.129596111819e+02

JOB 7
COORDS  4.6042705536e+00  9.2063367666e-01  1.5052305585e+00  4.9879009224e+00  6.7837757720e-01  2.0463335134e-01  3.1130897241e+00 -3.9829520278e-01  6.7639995730e-01  6.7334077326e-01 -1.3818418955e+00 -1.6650747317e+00 -3.3274197346e-01 -7.1083399996e-01 -2.5843970491e+00  4.0084181889e+00 -6.8213571438e-01 -1.6859469785e+00  1.8709895809e+00 -1.2226168914e+00  5.1485150537e-01  3.4322005372e+00  2.5249535569e-01  1.7870186140e+00  4.0289875241e+00 -1.6786274787e-01 -3.2184438373e-01  9.6188158502e-01 -7.0898265232e-01 -5.0973635674e-01  1.1956924977e+00 -2.4598696125e+00 -1.9554323200e+00  5.1031161788e+00  1.5303935911e+00  2.2475421727e+00  5.8326953501e+00  1.0133995795e+00 -3.8130957212e-01 -6.7740560038e-01  2.6324036775e-01 -2.2260404009e+00 -1.1954896588e+00 -1.3729027165e+00 -2.6981169300e+00  1.1982286589e-01 -5.9094677554e-01 -3.5721475626e+00  5.0322363416e+00 -8.7241336113e-01 -2.0158572453e+00  3.5428329708e+00  3.8440602082e-02 -2.3666972329e+00  3.4441637787e+00 -1.6139691886e+00 -1.7308253124e+00  2.0983999365e+00 -2.2526359479e+00  2.2926162387e-01  1.3719760584e+00 -1.2390278250e+00  1.4866339166e+00  5.2269802863e-01  1.8620676585e-01 -3.3991086943e-01
ENERGY -5.129589024342e+02

JOB 8
COORDS  4.7636242960e+00  8.0737206314e-01  1.5287533216e+00  5.0390204781e+00  6.7702983693e-01  1.8621991061e-01  3.1536882633e+00 -3.6351711026e-01  6.9783146500e-01  7.3297422941e-01 -1.4413994465e+00 -1.6295755718e+00 -2.3298639113e-01 -8.4274739564e-01 -2.6376277361e+00  3.9017460435e+00 -5.0898204108e-01 -1.7313754503e+00  1.8504267229e+00 -1.1010392156e+00  5.7121219627e-01  3.5816593166e+00  1.6813789885e-01  1.8346565012e+00  4.0011723876e+00 -7.0048071133e-02 -3.4381082610e-01  1.0157028656e+00 -6.5878634146e-01 -5.4299184238e-01  1.2365069994e+00 -2.5529141007e+00 -1.7969696538e+00  5.3418395547e+00  1.3244083031e+00  2.2837262309e+00  5.8554811598e+00  1.0288693450e+00 -4.2915526194e-01 -5.6187872209e-01  1.6984823664e-01 -2.3874357883e+00 -1.1091031619e+00 -1.4931646408e+00 -2.7084076752e+00  2.4648918377e-01 -8.3255465408e-01 -3.6199070494e+00  4.9050994529e+00 -5.6440775523e-01 -2.1583686741e+00  3.3025037325e+00  1.9059757142e-01 -2.3231504940e+00  3.4435360792e+00 -1.4971866786e+00 -1.7850039199e+00  2.0127054711e+00 -2.1718411502e+00  4.1716762537e-01  1.3215415596e+00 -9.7255135337e-01  1.5183130521e+00  5.7521132075e-01  2.4867534712e-01 -4.6925978238e-01
ENERGY -5.129570237731e+02

JOB 9
COORDS  4.8670002812e+00  5.8090276453e-01  1.5655575120e+00  5.0671097072e+00  5.8219374525e-01  2.0460712532e-01  3.1326414092e+00 -3.7198228402e-01  7.0362856960e-01  7.4768355138e-01 -1.4907129363e+00 -1.6118474526e+00 -1.7902387843e-01 -9.7515341297e-01 -2.6994987970e+00  3.7898676568e+00 -3.3268985479e-01 -1.7645987249e+00  1.7599227616e+00 -9.8695635611e-01  6.0440739275e-01  3.6541934252e+00 -4.5168979191e-04  1.8642247753e+00  3.9471771453e+00 -2.0192433974e-02 -3.4703398628e-01  9.9266108753e-01 -6.2320195750e-01 -5.8124144324e-01  1.2588847183e+00 -2.6086849389e+00 -1.6718811836e+00  5.5174265806e+00  9.6896000756e-01  2.3388990407e+00  5.8788809316e+00  9.3865181673e-01 -4.1409321690e-01 -5.1658901641e-01  5.3259373773e-02 -2.5425903190e+00 -1.0522803564e+00 -1.6311290985e+00 -2.7522087842e+00  3.3731833502e-01 -1.0410568623e+00 -3.6607429722e+00  4.7684124819e+00 -2.7267021040e-01 -2.2443072807e+00  3.1138235236e+00  3.7506774170e-01 -2.2535543191e+00  3.4017186915e+00 -1.3442237142e+00 -1.8906862447e+00  1.8302505876e+00 -2.0788814098e+00  5.9683459169e-01  1.2186535075e+00 -6.9542940264e-01  1.5071085714e+00  5.3802311179e-01  2.7994517465e-01 -5.9130281126e-01
ENERGY -5.129542176779e+02

JOB 10
COORDS  4.9608512037e+00  3.5042052463e-01  1.5768588269e+00  5.1075662046e+00  4.7256561592e-01  2.1558913998e-01  3.1026926249e+00 -3.2558716948e-01  7.1073623977e-01  7.7849007368e-01 -1.5199976349e+00 -1.5488393169e+00 -1.1437697092e-01 -1.1364846377e+00 -2.7165055577e+00  3.6884765888e+00 -1.0954916551e-01 -1.7749033240e+00  1.6689430965e+00 -7.9903222500e-01  6.5321549187e-01  3.7063380872e+00 -1.3410655475e-01  1.8743498351e+00  3.9075192398e+00  5.0036203007e-02 -3.3943447764e-01  9.4559958542e-01 -5.5866580149e-01 -5.8793899048e-01  1.3341909640e+00 -2.6155996340e+00 -1.4874340432e+00  5.6773389330e+00  5.8835054218e-01  2.3525865320e+00  5.9277128543e+00  8.0696826917e-01 -4.0412040139e-01 -5.3797571339e-01 -1.3109902899e-01 -2.6387767862e+00 -9.2921922236e-01 -1.8620487933e+00 -2.7848251244e+00  4.6583088868e-01 -1.2095346623e+00 -3.6404515238e+00  4.6314010247e+00  8.5116222877e-02 -2.2883275749e+00  2.9392094535e+00  5.9601774846e-01 -2.1427491091e+00  3.3707829653e+00 -1.1283407433e+00 -2.0027881769e+00  1.6428263437e+00 -1.8782729379e+00  8.3016963123e-01  1.1392026029e+00 -3.1984451192e-01  1.4795124402e+00  4.5416412401e-01  3.1846344407e-01 -6.9090164600e-01
ENERGY -5.129514222734e+02

JOB 11
COORDS  5.0541289902e+00  6.7702466687e-02  1.4719183292e+00  5.1583536857e+00  3.1784631232e-01  1.2468674001e-01  3.0965813267e+00 -3.0139495485e-01  6.4082060581e-01  8.3021937389e-01 -1.5404167366e+00 -1.5301294099e+00 -6.1559184944e-02 -1.3068848855e+00 -2.7379624553e+00  3.6050751436e+00  1.3574983520e-01 -1.8370484192e+00  1.6179919355e+00 -6.1810334565e-01  6.2922195683e-01  3.7668953015e+00 -3.0957139364e-01  1.7827137203e+00  3.8952857740e+00  9.2274715224e-02 -4.0690751955e-01  9.1397715653e-01 -5.0184857882e-01 -6.4082759095e-01  1.4560772401e+00 -2.5865708032e+00 -1.3726442135e+00  5.8244085355e+00  1.3964843718e-01  2.2290417406e+00  5.9863344389e+00  6.2033111821e-01 -5.0083299250e-01 -5.3776344453e-01 -3.2230284699e-01 -2.7528341976e+00 -8.3693151584e-01 -2.0775014373e+00 -2.7531380141e+00  5.3661483894e-01 -1.4281001013e+00 -3.6451202691e+00  4.5095410276e+00  4.5391056345e-01 -2.3578922638e+00  2.8092534155e+00  8.5006674728e-01 -2.0575190708e+00  3.3197167665e+00 -8.5289371248e-01 -2.2022018460e+00  1.4970452772e+00 -1.6434187418e+00  9.8972778946e-01  1.1301522862e+00  3.9835116327e-02  1.3528967170e+00  3.5056929222e-01  3.2089660618e-01 -8.0209839418e-01
ENERGY -5.129495533232e+02

JOB 12
COORDS  5.2135483241e+00  1.8163474883e-01  1.4162745305e+00  5.2068567830e+00  4.9664359177e-01  7.8175619247e-02  3.2772772093e+00 -4.1329260353e-01  6.7003641083e-01  4.5509958760e-01 -6.5665266190e-01 -1.3071387106e+00 -1.1715763312e-01 -1.2761373082e+00 -2.5707067848e+00  3.4950295463e+00  3.7916530373e-01 -1.7576666305e+00  1.9038706525e+00 -1.0433955557e+00  6.7093455156e-01  4.0145353187e+00 -3.9572127953e-01  1.7706808073e+00  3.9658475968e+00  1.0304711750e-01 -4.0274828722e-01  1.3558366880e+00 -1.4283307273e+00 -6.2249033057e-01  1.4407273438e-01  4.7490728858e-01 -9.3884091292e-01  6.0085798053e+00  3.2942043923e-01  2.1358743140e+00  5.9408740948e+00  9.5742211870e-01 -5.6788950315e-01  2.7836391906e-01 -2.2710161616e+00 -2.7945145231e+00  8.9903694396e-02 -6.1034159129e-01 -3.4127391033e+00 -1.2035316707e+00 -1.3411946879e+00 -2.4655379101e+00  4.2394262140e+00  1.0003177896e+00 -2.2583426584e+00  2.5488333295e+00  9.2201174937e-01 -1.7309500501e+00  3.3691229205e+00 -5.4359184467e-01 -2.3297774702e+00  1.9547705680e+00 -1.9219549292e+00  1.3179242206e+00  1.1917556627e+00 -3.4593553610e-01  1.1215978773e+00  1.5623219214e+00 -2.3543005211e+00 -9.7090663885e-01
ENERGY -5.129514204992e+02

JOB 13
COORDS  5.3093865292e+00 -5.3589860817e-02  1.3246158252e+00  5.2541308133e+00  3.8625387589e-01  2.2419365139e-02  3.2779692884e+00 -3.7406688768e-01  6.6921218558e-01  4.4362729026e-01 -6.9550834000e-01 -1.3714297888e+00 -5.3968862827e-02 -1.4420122601e+00 -2.5972779897e+00  3.4177703191e+00  5.9789200947e-01 -1.6890475654e+00  1.8494717909e+00 -8.5547624544e-01  6.7507930032e-01  4.0795378227e+00 -5.3887112885e-01  1.7119790470e+00  3.9517033409e+00  1.6918326727e-01 -3.9946824578e-01  1.3531041650e+00 -1.3656150309e+00 -5.9777112952e-01  6.5707182846e-02  4.4623951535e-01 -1.1099336579e+00  6.1586330254e+00 -5.5623594674e-02  1.9957910360e+00  5.9932499490e+00  8.2764845108e-01 -6.3156743427e-01  4.0601847009e-01 -2.4248279263e+00 -2.7339843180e+00  1.3700174148e-01 -8.2972865198e-01 -3.4824789499e+00 -1.1371518349e+00 -1.5657741466e+00 -2.5132648632e+00  4.1026074302e+00  1.3285569572e+00 -2.1230977271e+00  2.4424067858e+00  1.0687492191e+00 -1.5597494428e+00  3.3205783675e+00 -2.4649586198e-01 -2.3779571079e+00  1.7814226973e+00 -1.6291396197e+00  1.4429622020e+00  1.1739353344e+00 -4.3358849165e-02  9.6041989702e-01  1.6191797902e+00 -2.3031833043e+00 -8.6729146020e-01
ENERGY -5.129542176776e+02

JOB 14
COORDS  5.3788028157e+00 -2.7382395960e-01  1.2244602220e+00  5.2938868758e+00  3.0501436821e-01 -2.1719639404e-02  3.2981508213e+00 -3.6436542366e-01  6.6232812982e-01  4.6302009513e-01 -7.3596695938e-01 -1.4022387347e+00  3.7927189060e-03 -1.5850318472e+00 -2.5751969752e+00  3.3874148992e+00  7.8965883498e-01 -1.6052835913e+00  1.8349515439e+00 -7.0682935088e-01  6.7742132752e-01  4.1341295377e+00 -6.9931114503e-01  1.6355390603e+00  3.9585718759e+00  2.3998460099e-01 -3.8073338280e-01  1.3520116416e+00 -1.3336533835e+00 -5.5044772703e-01  6.7797295243e-02  4.2010027255e-01 -1.2462269687e+00  6.2582022209e+00 -4.1092812333e-01  1.8404980937e+00  6.0338643634e+00  7.5205797892e-01 -6.7108176337e-01  4.7347969017e-01 -2.5718079391e+00 -2.6174313704e+00  2.1527457058e-01 -1.0462777247e+00 -3.5025004913e+00 -1.0804853801e+00 -1.7105389336e+00 -2.5102136856e+00  4.0214918347e+00  1.6060465696e+00 -1.9568107102e+00  2.3870465732e+00  1.1803381881e+00 -1.4155111077e+00  3.3257275846e+00  2.6236955374e-02 -2.3876407439e+00  1.6741965297e+00 -1.3681435772e+00  1.5318510086e+00  1.2189670344e+00  1.8583788170e-01  8.2020975410e-01  1.6437854457e+00 -2.2833813185e+00 -7.3976536694e-01
ENERGY -5.129570237679e+02

JOB 15
COORDS  5.3339146708e+00 -4.5577488652e-01  1.1647991375e+00  5.2601559509e+00  2.6533907399e-01 -6.5093665372e-03  3.2421799753e+00 -3.6293457611e-01  6.4900101344e-01  4.5371039688e-01 -8.1022041768e-01 -1.4550103923e+00  2.6047340595e-02 -1.7569703232e+00 -2.5633314568e+00  3.3573320268e+00  9.7299600510e-01 -1.5108673595e+00  1.7608695708e+00 -5.9548423729e-01  6.5615404468e-01  4.0736894091e+00 -8.4909115088e-01  1.5606338355e+00  3.9172591539e+00  3.2234725554e-01 -3.3238508576e-01  1.2842824356e+00 -1.3427291061e+00 -5.0770509943e-01  7.6497936985e-02  3.6287296401e-01 -1.4255557326e+00  6.2149236056e+00 -7.0867627989e-01  1.7405968765e+00  6.0140933821e+00  7.3687080993e-01 -6.2171921883e-01  4.7459354470e-01 -2.7518288403e+00 -2.4919368943e+00  2.8976087744e-01 -1.3119776341e+00 -3.5262811331e+00 -1.0625904378e+00 -1.8555140474e+00 -2.5357495288e+00  3.9310773044e+00  1.8758522962e+00 -1.7320400387e+00  2.3180392401e+00  1.2500767753e+00 -1.3325253312e+00  3.3944597613e+00  3.0577091171e-01 -2.3785409332e+00  1.5293768723e+00 -1.1409165868e+00  1.5740635224e+00  1.2000489333e+00  3.4240350576e-01  6.6445819510e-01  1.5826203708e+00 -2.3047059747e+00 -6.0087497083e-01
ENERGY -5.129589025136e+02

JOB 16
COORDS  5.2408351988e+00 -6.6853641569e-01  9.8965437670e-01  5.2009697236e+00  1.8584499385e-01 -9.0182957085e-02  3.1533387417e+00 -3.6919365241e-01  5.3721269277e-01  4.6011141968e-01 -9.6328878364e-01 -1.5778178971e+00  1.7268168956e-02 -2.0352630733e+00 -2.5582190705e+00  3.3462425256e+00  1.2295330893e+00 -1.4409333048e+00  1.6611954871e+00 -5.1338128174e-01  5.5813359209e-01  3.9620708273e+00 -1.0118687280e+00  1.3700161713e+00  3.8617344677e+00  3.7124947412e-01 -3.7902882363e-01  1.1524490727e+00 -1.4049748878e+00 -4.8629321362e-01  2.0010015476e-01  2.2865063057e-01 -1.7637538618e+00  6.1103228026e+00 -1.0494477820e+00  1.5099449877e+00  5.9776497201e+00  6.7384195699e-01 -6.6293065629e-01  3.4182854943e-01 -3.0433203442e+00 -2.2857228800e+00  4.0754233112e-01 -1.7872954848e+00 -3.5487350853e+00 -1.0741044396e+00 -2.0181818097e+00 -2.6222190536e+00  3.6593276983e+00  2.2645194530e+00 -1.2734151043e+00  2.2577529857e+00  1.1840504774e+00 -1.4672496421e+00  3.7271755829e+00  8.9500084058e-01 -2.4105227687e+00  1.3950204665e+00 -9.1690756529e-01  1.5376433030e+00  1.1495121551e+00  4.4161400910e-01  4.2783764772e-01  1.4042454224e+00 -2.3827242802e+00 -4.2415055788e-01
ENERGY -5.129596124911e+02

JOB 17
COORDS  4.2934493439e+00  1.6287667138e+00  3.4309174306e-01  4.6079513463e+00  3.1973888815e-01  6.3752607550e-01  3.2984327511e+00  4.2164123130e-01 -1.1414442135e+00  4.6016685099e-01 -1.3471157576e+00 -1.5540034462e+00 -9.6877976980e-01 -1.3184684635e+00 -1.0413877463e+00  4.0677261058e+00 -1.9015594605e+00 -4.3401788720e-01  2.4029463851e+00  2.2737141346e-02 -2.2766376587e+00  3.4769785814e+00  1.6817638856e+00 -7.6435416814e-01  3.9602891670e+00 -4.4979979846e-01 -3.1096255290e-01  1.0038902597e+00 -1.3494481908e-01 -1.8704894926e+00  1.0763464523e+00 -2.4084808432e+00 -1.6880625443e+00  4.6074500196e+00  2.5251945231e+00  8.6238091794e-01  5.2231386291e+00 -1.2655829164e-01  1.4065447555e+00 -1.4038697330e+00 -3.1596118730e-01 -1.0078267084e+00 -9.8902891570e-01 -1.7517153131e+00 -3.7579942974e-02 -1.5825483339e+00 -1.9533347726e+00 -1.6855698233e+00  3.1791541969e+00 -2.3016513892e+00 -9.2380235276e-01  4.1393352656e+00 -2.3388833347e+00  5.6437372914e-01  4.9613214782e+00 -2.1750524250e+00 -1.0052592729e+00  2.4551805045e+00  8.1097241025e-01 -3.0306867675e+00  2.7114022414e+00 -9.1676544417e-01 -2.7356890095e+00  5.1306332032e-01  7.0662878742e-01 -1.5970879858e+00
ENERGY -5.129600274920e+02

JOB 18
COORDS  4.0742549778e+00  1.5798515674e+00  5.4180027289e-01  4.5558086581e+00  3.0208339852e-01  7.3153336454e-01  3.2315019518e+00  3.7845470869e-01 -1.0367106982e+00  4.3893487484e-01 -1.2442901801e+00 -1.4189758585e+00 -1.0097692545e+00 -1.1330834834e+00 -9.7990049239e-01  4.2376918463e+00 -1.8903210277e+00 -4.9352695496e-01  2.4277204936e+00 -3.6465686272e-02 -2.2340066875e+00  3.2532889766e+00  1.6177703955e+00 -5.6272765463e-01  4.0077600248e+00 -4.6357396375e-01 -2.8102130943e-01  9.9226604087e-01 -1.1227088266e-01 -1.9520866712e+00  1.0667542951e+00 -2.3019153005e+00 -1.3181613449e+00  4.2753114246e+00  2.4645339922e+00  1.1323200871e+00  5.2201448302e+00 -1.2422275744e-01  1.4701367218e+00 -1.4638545840e+00 -1.6570206440e-01 -1.2106667417e+00 -1.0614794990e+00 -1.3038983469e+00  9.9251773871e-02 -1.5846033195e+00 -1.9249173849e+00 -1.4664912359e+00  3.3087170085e+00 -2.3699859158e+00 -8.0684045700e-01  4.5634498447e+00 -2.3372596179e+00  4.4749623714e-01  5.0159873891e+00 -2.0511772365e+00 -1.2470441612e+00  2.5743019936e+00  7.0481781600e-01 -3.0230599268e+00  2.7399750168e+00 -1.0086224269e+00 -2.6141624787e+00  5.1804345997e-01  7.6944951496e-01 -1.8025124782e+00
ENERGY -5.129598376940e+02

JOB 19
COORDS  3.8769662675e+00  1.4869629167e+00  6.1583057187e-01  4.5290270471e+00  2.7660530973e-01  7.1571217246e-01  3.1425476859e+00  2.7397439410e-01 -1.0060048360e+00  3.7237952676e-01 -1.2154076827e+00 -1.3820764215e+00 -1.0809176332e+00 -1.0280505332e+00 -9.8883117276e-01  4.3803215779e+00 -1.8941369722e+00 -5.8829111558e-01  2.4062163510e+00 -1.6740037399e-01 -2.2379967737e+00  3.0201731434e+00  1.4775051864e+00 -4.6299016487e-01  4.0549924088e+00 -4.9437068569e-01 -3.3085785916e-01  9.5616947157e-01 -1.6660712677e-01 -2.0465175454e+00  9.8481156383e-01 -2.2571773732e+00 -1.1363043734e+00  3.9803132539e+00  2.3560851660e+00  1.2527624925e+00  5.2633677867e+00 -1.0075959554e-01  1.4134124862e+00 -1.5268336466e+00 -1.1563249677e-01 -1.3936599572e+00 -1.1456372761e+00 -1.0022133818e+00  1.0304810706e-01 -1.6529438892e+00 -1.8928645709e+00 -1.3331736949e+00  3.4600532293e+00 -2.4614516249e+00 -7.4556814961e-01  4.9014853419e+00 -2.2991278278e+00  2.8048582972e-01  5.0316277666e+00 -1.9913218434e+00 -1.4628621174e+00  2.6345952491e+00  5.1800056487e-01 -3.0589599544e+00  2.7008974864e+00 -1.1709621628e+00 -2.5411642922e+00  5.1927486063e-01  7.4351365613e-01 -1.9671870286e+00
ENERGY -5.129586085858e+02

JOB 20
COORDS  3.7881445288e+00  1.4302748291e+00  6.7696281664e-01  4.5927932238e+00  3.1266952512e-01  7.1248198480e-01  3.1322089444e+00  1.6877069425e-01 -9.4264535839e-01  2.6559012095e-01 -1.2005913134e+00 -1.4018932138e+00 -1.1706999714e+00 -8.7415123201e-01 -1.0368016426e+00  4.6577064874e+00 -1.8266393818e+00 -6.4963594671e-01  2.4118580521e+00 -3.2740253306e-01 -2.1652293508e+00  2.8861285183e+00  1.3337107040e+00 -3.6100534946e-01  4.1673140131e+00 -4.9041419173e-01 -3.3285313242e-01  9.6537886958e-01 -1.9581876716e-01 -2.0293915081e+00  7.6128480273e-01 -2.3045586042e+00 -1.1734505975e+00  3.8099822594e+00  2.2903614834e+00  1.3337375121e+00  5.3978015793e+00  1.3799512882e-02  1.3690249483e+00 -1.5041359449e+00  9.7648187002e-02 -1.4103814808e+00 -1.2645009448e+00 -8.8906276317e-01  5.3038601041e-02 -1.8215464956e+00 -1.6562773511e+00 -1.4351102600e+00  3.8213872878e+00 -2.5273058237e+00 -7.1305025233e-01  5.3281406807e+00 -2.1541538358e+00  1.4610268462e-01  5.2097228279e+00 -1.8304345137e+00 -1.5946334608e+00  2.7289384492e+00  2.4962703000e-01 -3.0404207229e+00  2.6284035370e+00 -1.3776477745e+00 -2.3562323725e+00  6.2711892721e-01  7.5084294042e-01 -1.9016103938e+00
ENERGY -5.129568479787e+02

JOB 21
COORDS  4.0375218401e+00  1.5417791457e+00  6.5011404774e-01  5.0176665425e+00  5.7767648750e-01  5.9636549726e-01  3.2923784663e+00  3.6276103244e-03 -6.6540857620e-01  4.0144706162e-03 -1.1835336988e+00 -1.8498468347e+00 -1.4005288679e+00 -7.0940741758e-01 -1.5169333125e+00  5.1995453108e+00 -1.6542761934e+00 -5.9829470274e-01  2.4064721659e+00 -7.9237656742e-01 -1.5763645224e+00  2.9660644614e+00  1.1733129109e+00 -1.3727437358e-01  4.5288061738e+00 -4.1011510076e-01 -2.4557903601e-01  1.0203894707e+00 -4.8551767796e-01 -1.2679739295e+00  2.1367752964e-01 -2.1465235979e+00 -2.5907327978e+00  4.0417574539e+00  2.4706202180e+00  1.2052073580e+00  5.9904372557e+00  4.9930040534e-01  1.0608967320e+00 -1.4245447342e+00  1.1081420068e-01 -7.9422148027e-01 -1.9710488951e+00 -1.5536564700e+00 -1.1214446593e+00 -1.8895320933e+00 -3.8612117941e-01 -2.4402877856e+00  4.6734967543e+00 -2.5155551421e+00 -1.7524714068e-01  6.2145090958e+00 -1.6346562604e+00 -1.9956155820e-01  5.2559659416e+00 -1.7690381513e+00 -1.6839374810e+00  2.6251119331e+00 -5.7029360284e-01 -2.6308405727e+00  2.5709040356e+00 -1.8667601585e+00 -1.4492326239e+00  8.5550572590e-01  3.6790374591e-01 -7.4606425324e-01
ENERGY -5.129569831755e+02

JOB 22
COORDS  3.9560036995e+00  1.5720870719e+00  5.8863726098e-01  4.9943495976e+00  6.7990968811e-01  4.5496751026e-01  3.2049057115e+00 -4.1717505501e-02 -6.2895186478e-01 -8.7787731692e-02 -1.1512377808e+00 -1.8717636032e+00 -1.4720623924e+00 -5.6249308625e-01 -1.6596910892e+00  5.2233464370e+00 -1.5512995623e+00 -7.4067063569e-01  2.3117966424e+00 -9.1811248064e-01 -1.4549802081e+00  2.8445949548e+00  1.1119386628e+00 -8.8998065809e-02  4.5023109270e+00 -3.5656754766e-01 -3.2512962169e-01  9.4111919544e-01 -4.7734688019e-01 -1.2861857114e+00  9.5403703029e-02 -2.1793533340e+00 -2.5277698433e+00  3.9436681130e+00  2.5092365122e+00  1.1292932305e+00  6.0086870960e+00  6.7925777883e-01  8.2827546786e-01 -1.4744549931e+00  3.3141054772e-01 -1.0299863216e+00 -2.1110776943e+00 -1.3237968441e+00 -1.2045429496e+00 -1.9004799284e+00 -3.1431331359e-01 -2.6347377777e+00  4.7636441243e+00 -2.4501155536e+00 -3.1856485030e-01  6.2526388486e+00 -1.4868340356e+00 -3.8603048373e-01  5.2352471033e+00 -1.6371640259e+00 -1.8310145131e+00  2.5974810826e+00 -8.8397222128e-01 -2.5161578009e+00  2.4008713966e+00 -1.9680551015e+00 -1.1514325497e+00  8.0756954678e-01  3.9816124157e-01 -7.9181132149e-01
ENERGY -5.129579100954e+02

JOB 23
COORDS  3.9300660097e+00  1.5050678736e+00  6.4313090885e-01  5.0017688261e+00  6.7517751561e-01  4.1022525958e-01  3.1630652252e+00 -1.5521802137e-01 -4.9917971589e-01 -1.1315519599e-01 -1.1720096109e+00 -1.8576311531e+00 -1.4666156560e+00 -4.8651703441e-01 -1.7802353453e+00  5.2525850231e+00 -1.5245131146e+00 -8.4013826624e-01  2.2541957771e+00 -1.0814358035e+00 -1.2503168100e+00  2.7884730815e+00  9.7859948905e-01  7.1623987326e-02  4.5000744284e+00 -3.9113076248e-01 -3.2242636224e-01  9.1614212104e-01 -5.2678834093e-01 -1.2422249761e+00  4.6907321037e-02 -2.2461066843e+00 -2.4422370575e+00  3.9133476453e+00  2.4412390239e+00  1.1853021402e+00  6.0444975445e+00  7.3398353440e-01  6.8866025772e-01 -1.4508349831e+00  4.4789476050e-01 -1.2125948677e+00 -2.1818756572e+00 -1.1736851076e+00 -1.3203925413e+00 -1.8147235122e+00 -2.8187915331e-01 -2.7964244613e+00  4.7853898256e+00 -2.4659199337e+00 -5.3774930492e-01  6.2652376478e+00 -1.4950012879e+00 -4.3617871355e-01  5.3087963802e+00 -1.4913834408e+00 -1.9327535733e+00  2.5995492712e+00 -1.2192020632e+00 -2.2838908526e+00  2.2505295580e+00 -2.0822447278e+00 -7.9760621413e-01  7.9726503241e-01  3.5647877818e-01 -7.5763272854e-01
ENERGY -5.129582930146e+02

