JOB 0
COORDS  4.6254238524e+00 -3.9823696507e+00  6.1936386652e+00  4.2215415244e+00 -4.3002546930e+00  4.8919417862e+00  4.3016418552e+00 -2.7396030420e+00  6.7486338005e+00  3.5033632704e+00 -3.3719730071e+00  4.1395428428e+00  3.5925889463e+00 -1.7880653464e+00  6.0105219562e+00  3.2330375383e+00 -2.1244184022e+00  4.7034781975e+00  2.1952810936e+00 -5.6452127436e-02  3.8359514797e+00  1.2415887508e+00  3.8300878147e-01  2.7891019443e+00  2.8112685912e+00  9.3008553311e-01  4.7576910584e+00  2.4495090045e+00 -1.3089289244e+00  3.8347385822e+00  5.1777970276e+00 -4.7082054582e+00  6.7824909309e+00  4.4530883517e+00 -5.2712243721e+00  4.4658453432e+00  4.5900816247e+00 -2.5057437613e+00  7.7686849702e+00  3.1631604513e+00 -3.5948321403e+00  3.1332367116e+00  3.3168600797e+00 -8.5505676605e-01  6.4804616402e+00  1.7737312265e+00  1.0323810929e+00  2.0807079243e+00  7.9831593831e-01 -4.5986415964e-01  2.2601164645e+00  4.6389430311e-01  1.0068590815e+00  3.2457913796e+00  2.2649436464e+00  9.3121273037e-01  5.7102645032e+00  3.8573878365e+00  6.9187014971e-01  4.9656842174e+00  2.7251647311e+00  1.9312212662e+00  4.3325575097e+00
ENERGY -4.246038944856e+02

JOB 1
COORDS  4.6180705010e+00 -3.8896292927e+00  6.1904551749e+00  4.3393928273e+00 -4.1723869058e+00  4.8482694204e+00  4.1192729260e+00 -2.7264382458e+00  6.7870939698e+00  3.5706898428e+00 -3.2850528646e+00  4.0938446869e+00  3.3593151150e+00 -1.8161418035e+00  6.0472216943e+00  3.1368262084e+00 -2.1094863598e+00  4.7023581749e+00  2.1552393557e+00 -4.1179802857e-02  3.8469048535e+00  1.1199362485e+00  4.5975836641e-01  2.9115804065e+00  2.9766348639e+00  9.0063489886e-01  4.6465909113e+00  2.2974427163e+00 -1.3116476141e+00  3.8616702045e+00  5.2063142105e+00 -4.5868632570e+00  6.7790944539e+00  4.7054163365e+00 -5.0863550521e+00  4.3913512585e+00  4.3053620222e+00 -2.5280820703e+00  7.8379657317e+00  3.3202407048e+00 -3.4872853541e+00  3.0571862631e+00  2.9307291023e+00 -9.4869824810e-01  6.5338992889e+00  1.6196361248e+00  1.0112747252e+00  2.1036195254e+00  5.2315715841e-01 -3.4981473055e-01  2.4928202726e+00  4.8218156888e-01  1.1876983139e+00  3.4263050162e+00  2.4602146741e+00  1.1211177409e+00  5.5902433261e+00  3.9625751725e+00  4.9571715593e-01  4.8821273888e+00  3.0610129119e+00  1.8472184427e+00  4.1076168377e+00
ENERGY -4.246056239412e+02

JOB 2
COORDS  4.6349553221e+00 -3.8321640245e+00  6.2019335333e+00  4.4464425091e+00 -4.0661096280e+00  4.8348755703e+00  4.0017284882e+00 -2.7543571827e+00  6.8306560882e+00  3.6294155831e+00 -3.2184809662e+00  4.0826985328e+00  3.1904655314e+00 -1.8846173888e+00  6.0959567369e+00  3.0555802091e+00 -2.1316748455e+00  4.7325928662e+00  2.1409983838e+00 -6.7463148527e-02  3.8594025589e+00  1.0770284798e+00  4.9725262125e-01  2.9972412109e+00  3.1153243015e+00  8.1221658463e-01  4.5495433338e+00  2.1669220607e+00 -1.3444839503e+00  3.9223198836e+00  5.2613562763e+00 -4.5019950329e+00  6.7829348271e+00  4.9223498631e+00 -4.9144562041e+00  4.3532474032e+00  4.1235219162e+00 -2.5934597469e+00  7.8972545218e+00  3.4488839822e+00 -3.3887621796e+00  3.0258828179e+00  2.6603997190e+00 -1.0766518138e+00  6.5890651759e+00  1.5539734510e+00  9.4053672181e-01  2.1120467537e+00  3.5888351997e-01 -2.6102260195e-01  2.6867826346e+00  5.7807225757e-01  1.3221781436e+00  3.5178579159e+00  2.6908238749e+00  1.1323177652e+00  5.5103662751e+00  4.0620052531e+00  3.0755194528e-01  4.7497330767e+00  3.2648576542e+00  1.7180426734e+00  3.9569285329e+00
ENERGY -4.246069810897e+02

JOB 3
COORDS  4.6473287663e+00 -3.7775661019e+00  6.2172701298e+00  4.5314105252e+00 -3.9468752849e+00  4.8328674956e+00  3.9010742934e+00 -2.7949987242e+00  6.8772374810e+00  3.6713315096e+00 -3.1302745643e+00  4.0917675380e+00  3.0419711386e+00 -1.9589416738e+00  6.1568102298e+00  2.9757506749e+00 -2.1460006744e+00  4.7809515529e+00  2.1306962418e+00 -9.3146838161e-02  3.8654678021e+00  1.0520549324e+00  5.3036741268e-01  3.0663566564e+00  3.2342873724e+00  7.1422152267e-01  4.4383149015e+00  2.0468763214e+00 -1.3617458358e+00  4.0020632350e+00  5.3098994531e+00 -4.4228813839e+00  6.7857326164e+00  5.1008062569e+00 -4.7196413801e+00  4.3260125809e+00  3.9743487935e+00 -2.6818784441e+00  7.9543837840e+00  3.5487066745e+00 -3.2537323383e+00  3.0201861202e+00  2.4299267983e+00 -1.2172396518e+00  6.6611975120e+00  1.4926695672e+00  9.0007482838e-01  2.1300567328e+00  2.5006665064e-01 -1.7299891289e-01  2.8446619149e+00  6.6934089490e-01  1.4140061836e+00  3.5893703331e+00  2.9275542942e+00  1.0719264824e+00  5.4306406198e+00  4.1492594998e+00  1.3273017970e-01  4.5640620815e+00  3.4025707059e+00  1.5987362683e+00  3.8199988088e+00
ENERGY -4.246076691072e+02

JOB 4
COORDS  4.6543505618e+00 -3.7363135957e+00  6.2326617882e+00  4.5988603064e+00 -3.8224516389e+00  4.8371070882e+00  3.8128475548e+00 -2.8580138910e+00  6.9240108592e+00  3.7033841068e+00 -3.0256643216e+00  4.1148953058e+00  2.9128405609e+00 -2.0460036032e+00  6.2249321977e+00  2.9043984514e+00 -2.1537730332e+00  4.8408374954e+00  2.1165251236e+00 -1.2228441899e-01  3.8607559377e+00  1.0330418156e+00  5.4051438592e-01  3.1030785909e+00  3.3188222282e+00  6.1857621121e-01  4.3107964944e+00  1.9427861043e+00 -1.3669031330e+00  4.0957476016e+00  5.3475582328e+00 -4.3640161734e+00  6.7840197917e+00  5.2450403823e+00 -4.5134407598e+00  4.3047582033e+00  3.8455402178e+00 -2.8063152417e+00  8.0078558692e+00  3.6285835519e+00 -3.0882215219e+00  3.0335258266e+00  2.2322408122e+00 -1.3785667088e+00  6.7454980504e+00  1.4303623681e+00  8.1478761054e-01  2.1157167122e+00  1.6284428716e-01 -1.0446808613e-01  2.9852186058e+00  7.6525331526e-01  1.4838435798e+00  3.5922575038e+00  3.1407540676e+00  9.6234364438e-01  5.3395845687e+00  4.2067718496e+00 -1.6230628578e-02  4.3327126563e+00  3.4726845378e+00  1.5035542060e+00  3.6911278582e+00
ENERGY -4.246078266099e+02

JOB 5
COORDS  4.5874595742e+00 -3.7366934097e+00  6.2385093698e+00  4.5843426201e+00 -3.7046470847e+00  4.8399398942e+00  3.6833300279e+00 -2.9575585817e+00  6.9689231348e+00  3.6817097706e+00 -2.8831873384e+00  4.1545498676e+00  2.7692732686e+00 -2.1292443534e+00  6.3078178515e+00  2.8193692989e+00 -2.1126354559e+00  4.9209861590e+00  2.0899167620e+00 -1.0106534193e-01  3.8651718160e+00  9.9088388915e-01  6.0241101655e-01  3.1708216394e+00  3.4016019589e+00  5.4523972153e-01  4.1100807243e+00  1.8384521026e+00 -1.3021254371e+00  4.2234247857e+00  5.2885065294e+00 -4.3802256524e+00  6.7609308505e+00  5.2751800301e+00 -4.3234639613e+00  4.2757681273e+00  3.6780343213e+00 -2.9963668992e+00  8.0537863236e+00  3.6449015831e+00 -2.8621446154e+00  3.0693358568e+00  2.0434144863e+00 -1.5334494405e+00  6.8532283346e+00  1.3741046117e+00  1.0544223676e+00  2.2483676684e+00  1.4697792200e-01 -5.5653321853e-02  2.9666613502e+00  6.7084851628e-01  1.4412775085e+00  3.8044775885e+00  3.8059098484e+00  2.8251004273e-01  5.0902338249e+00  4.1110792704e+00  1.5841735601e-01  3.3645284322e+00  3.3301201338e+00  1.6259673985e+00  3.9860797221e+00
ENERGY -4.246076673398e+02

JOB 6
COORDS  4.5738435004e+00 -3.7453022045e+00  6.2621165326e+00  4.6369530814e+00 -3.5949618395e+00  4.8724637011e+00  3.5992231196e+00 -3.0722220379e+00  7.0072509093e+00  3.7306971886e+00 -2.7570625106e+00  4.2136107976e+00  2.6770505018e+00 -2.2342682363e+00  6.3705506810e+00  2.7918870757e+00 -2.0957311667e+00  4.9946314519e+00  2.0806676197e+00 -1.2091876973e-01  3.8483922966e+00  9.5758699161e-01  5.7990112898e-01  3.1881374942e+00  3.4303574422e+00  4.8514364930e-01  3.9376403723e+00  1.8018495124e+00 -1.2690901451e+00  4.3367611191e+00  5.2796168261e+00 -4.3992210094e+00  6.7649023351e+00  5.3820945402e+00 -4.1334431579e+00  4.2951527399e+00  3.5465645934e+00 -3.2010481580e+00  8.0838277895e+00  3.7451136054e+00 -2.6508177079e+00  3.1328174068e+00  1.9001822926e+00 -1.7156666998e+00  6.9239710667e+00  1.2910146257e+00  9.9438307231e-01  2.2304492985e+00  9.0836247301e-02 -6.7710075837e-02  3.0596158064e+00  6.8629199289e-01  1.4424944199e+00  3.8132905869e+00  3.9658160367e+00  1.6591878416e-01  4.8337216049e+00  4.0146353982e+00  1.4795097723e-01  3.0699527578e+00  3.3587083686e+00  1.5727260105e+00  3.8775995180e+00
ENERGY -4.246078285114e+02

JOB 7
COORDS  4.5465939276e+00 -3.7741389196e+00  6.2890813410e+00  4.6876367062e+00 -3.4990665662e+00  4.9244258382e+00  3.5117576066e+00 -3.1888285011e+00  7.0276487437e+00  3.8042995582e+00 -2.6219654536e+00  4.2872189679e+00  2.6085959144e+00 -2.3177901689e+00  6.4109467729e+00  2.8005929160e+00 -2.0505191890e+00  5.0617020584e+00  2.1035135364e+00 -9.8571428133e-02  3.8373406792e+00  9.4729472167e-01  6.0327007000e-01  3.2348809849e+00  3.4738759373e+00  4.6033160132e-01  3.7484582032e+00  1.8232260360e+00 -1.1856962605e+00  4.4495089862e+00  5.2368335791e+00 -4.4568716066e+00  6.7749175342e+00  5.4769243999e+00 -3.9716596146e+00  4.3481554813e+00  3.3983051609e+00 -3.4134543113e+00  8.0835365221e+00  3.8818081883e+00 -2.4300679742e+00  3.2214622705e+00  1.7879870445e+00 -1.8635076597e+00  6.9575401574e+00  1.1928722063e+00  9.1043147281e-01  2.2122098490e+00  4.4651868575e-02 -6.5360593625e-03  3.2557232693e+00  7.8118285683e-01  1.5316158893e+00  3.7989147806e+00  4.1134711359e+00  1.2546351982e-01  4.5664782297e+00  3.9295778996e+00  1.2815683527e-01  2.8058655400e+00  3.4192415551e+00  1.5507133640e+00  3.7034609400e+00
ENERGY -4.246075123093e+02

JOB 8
COORDS  4.5102668132e+00 -3.8005108870e+00  6.3212164695e+00  4.7428258951e+00 -3.4082971697e+00  4.9983250324e+00  3.4134508979e+00 -3.2941573983e+00  7.0281187853e+00  3.8952912592e+00 -2.4895678117e+00  4.3723618975e+00  2.5439838231e+00 -2.3863170253e+00  6.4194927704e+00  2.8235192843e+00 -1.9979955338e+00  5.1134000167e+00  2.1134854777e+00 -5.9518648669e-02  3.8316260864e+00  9.1545254763e-01  6.4520320452e-01  3.3178441280e+00  3.4771926336e+00  4.5384699876e-01  3.5541979140e+00  1.8676329840e+00 -1.0893359611e+00  4.5486183120e+00  5.1767162514e+00 -4.5137216732e+00  6.7964051408e+00  5.5785954938e+00 -3.8225793931e+00  4.4431577403e+00  3.2267337719e+00 -3.6094389105e+00  8.0498101492e+00  4.0491716849e+00 -2.2222040902e+00  3.3328402952e+00  1.6779374370e+00 -1.9883382106e+00  6.9390548140e+00  1.0492518233e+00  8.7243996149e-01  2.2542687931e+00  3.8853870528e-03  7.1619993129e-02  3.4824556004e+00  8.4118597592e-01  1.6148869155e+00  3.8291483678e+00  4.1986402516e+00  1.5500673527e-01  4.3163132825e+00  3.8192545234e+00  6.3395367207e-02  2.5865617381e+00  3.4352891510e+00  1.5412581298e+00  3.4535846192e+00
ENERGY -4.246065995463e+02

JOB 9
COORDS  4.4867204994e+00 -3.8548518263e+00  6.3550859840e+00  4.8234910894e+00 -3.3555922012e+00  5.0921547994e+00  3.3249410816e+00 -3.4173438503e+00  7.0014560387e+00  4.0206446431e+00 -2.3974974409e+00  4.4668106438e+00  2.4991584104e+00 -2.4728864106e+00  6.3911413732e+00  2.8760451334e+00 -1.9773429903e+00  5.1443422977e+00  2.1365691474e+00 -4.4517252869e-02  3.8244072371e+00  9.0508080062e-01  6.7831190036e-01  3.4256608029e+00  3.4672663181e+00  4.1198809667e-01  3.3527980130e+00  1.9471619893e+00 -1.0256723444e+00  4.6217597409e+00  5.1232756841e+00 -4.5959158323e+00  6.8286742290e+00  5.7108316787e+00 -3.7156911360e+00  4.5809663584e+00  3.0561101288e+00 -3.8133485408e+00  7.9755890575e+00  4.2677718659e+00 -2.0598595860e+00  3.4687361825e+00  1.5871656718e+00 -2.1217627362e+00  6.8635652010e+00  9.1140559696e-01  8.4486128343e-01  2.3424727318e+00  3.8181999126e-03  1.4842251334e-01  3.7321183548e+00  9.2445939226e-01  1.6754072337e+00  3.8870170045e+00  4.2558065345e+00  2.0642208709e-01  4.0795574496e+00  3.7191502546e+00 -1.0502208959e-01  2.4172676368e+00  3.4194870358e+00  1.4781977480e+00  3.1213190766e+00
ENERGY -4.246051260541e+02

JOB 10
COORDS  4.4683062143e+00 -3.9314184785e+00  6.3969895016e+00  4.9159697406e+00 -3.3091475073e+00  5.2267686932e+00  3.2389543965e+00 -3.5702283442e+00  6.9597662612e+00  4.1579592033e+00 -2.3100789328e+00  4.6100669715e+00  2.4586965618e+00 -2.5842175601e+00  6.3581144273e+00  2.9379065019e+00 -1.9699446584e+00  5.1997975507e+00  2.1458943466e+00 -4.1338475692e-02  3.8622602451e+00  8.9501363532e-01  7.0921720954e-01  3.5970870840e+00  3.4126584234e+00  3.3756087019e-01  3.1878394415e+00  2.0283146791e+00 -9.8598106876e-01  4.7149330430e+00  5.0734248065e+00 -4.7027921093e+00  6.8634102980e+00  5.8614121160e+00 -3.6019490569e+00  4.7808987312e+00  2.8841497059e+00 -4.0563548420e+00  7.8629279106e+00  4.5144820562e+00 -1.8756356249e+00  3.6879190282e+00  1.4990593627e+00 -2.2868389048e+00  6.7688003268e+00  7.0411062499e-01  7.1328963255e-01  2.5162393440e+00  4.4204104601e-02  2.8884000190e-01  4.1319200023e+00  1.0425218615e+00  1.7591112736e+00  3.8814470262e+00  4.2576672031e+00  3.1095727091e-01  3.8814992495e+00  3.6208136425e+00 -3.6733851336e-01  2.3724135992e+00  3.3148193833e+00  1.3313883591e+00  2.7498168196e+00
ENERGY -4.246036293993e+02

JOB 11
COORDS  4.4403312777e+00 -3.9501349425e+00  6.3867558888e+00  4.9919331123e+00 -3.1924973848e+00  5.3482202608e+00  3.1455484958e+00 -3.6806589429e+00  6.8439938377e+00  4.2684455706e+00 -2.1578918393e+00  4.7490855284e+00  2.4035867128e+00 -2.6541784226e+00  6.2630266065e+00  2.9779362393e+00 -1.9127847644e+00  5.2277063994e+00  2.1505219242e+00 -1.3698779175e-02  3.8519924415e+00  9.3437914545e-01  8.2388253400e-01  3.7184428590e+00  3.3262481864e+00  2.1805339868e-01  2.9761419267e+00  2.0808111118e+00 -9.1180305410e-01  4.7581396289e+00  5.0202081934e+00 -4.7493640255e+00  6.8381058258e+00  5.9964776450e+00 -3.4028550480e+00  4.9945628846e+00  2.7129553558e+00 -4.2656960741e+00  7.6492942686e+00  4.7281858890e+00 -1.5969491662e+00  3.9503789398e+00  1.3972825226e+00 -2.4208091262e+00  6.5957099055e+00  5.5894605097e-01  7.4446696367e-01  2.6898890051e+00  1.5927707839e-01  5.3776975009e-01  4.4282552852e+00  1.2105526227e+00  1.8771821736e+00  3.8576297842e+00  4.2082498266e+00  4.5970867489e-01  3.5803418337e+00  3.5530523731e+00 -6.8417058545e-01  2.3967134789e+00  3.1271927620e+00  1.0413194885e+00  2.2906244136e+00
ENERGY -4.246029744914e+02

JOB 12
COORDS  4.4463619354e+00 -3.9696432641e+00  6.3573473529e+00  5.0525237933e+00 -3.0713724571e+00  5.4726357347e+00  3.1034120047e+00 -3.8062493673e+00  6.7155061755e+00  4.3299620266e+00 -2.0104688925e+00  4.9199731990e+00  2.3635460439e+00 -2.7498603430e+00  6.1866875849e+00  2.9904779496e+00 -1.8782539467e+00  5.2945358253e+00  2.1554246280e+00 -2.4524713570e-02  3.8795492810e+00  1.0201987026e+00  9.2753117132e-01  3.8228161206e+00  3.2270043721e+00  1.4311420597e-02  2.8532498113e+00  2.1000660157e+00 -8.6088426443e-01  4.8442589427e+00  5.0234182069e+00 -4.7898847215e+00  6.7732131647e+00  6.0989773805e+00 -3.1882603001e+00  5.2086887645e+00  2.6316545614e+00 -4.4960578929e+00  7.4079772518e+00  4.8370698132e+00 -1.3138211796e+00  4.2690265898e+00  1.3220254673e+00 -2.5950857362e+00  6.4498952717e+00  4.8478357561e-01  7.8738822481e-01  2.8748846570e+00  3.3896330242e-01  8.0280641415e-01  4.6636473667e+00  1.4146979420e+00  1.9514778020e+00  3.7980246930e+00  4.1190356387e+00  4.9946203779e-01  3.2704173607e+00  3.5088206580e+00 -9.9237037498e-01  2.5321534075e+00  2.8978076920e+00  6.0514592334e-01  1.9978745096e+00
ENERGY -4.246036293115e+02

JOB 13
COORDS  4.4514891906e+00 -3.9548630637e+00  6.2931111916e+00  5.0762706958e+00 -2.9410888243e+00  5.5585805740e+00  3.0812523708e+00 -3.8854909538e+00  6.5698569247e+00  4.3408523868e+00 -1.8573459733e+00  5.0705211180e+00  2.3285149177e+00 -2.8060879665e+00  6.1066071282e+00  2.9760475971e+00 -1.8257549942e+00  5.3570052597e+00  2.1570855987e+00 -9.0297980579e-03  3.9241572620e+00  1.1143292647e+00  1.0437536776e+00  3.8772018823e+00  3.1304422662e+00 -1.5900447099e-01  2.8143078958e+00  2.1019696629e+00 -7.7211124082e-01  4.9483821251e+00  5.0365050100e+00 -4.7918549378e+00  6.6617096793e+00  6.1440101173e+00 -2.9832987661e+00  5.3675061311e+00  2.5980006472e+00 -4.6650138120e+00  7.1502334119e+00  4.8484863845e+00 -1.0568675148e+00  4.5482409532e+00  1.2664278398e+00 -2.7202066634e+00  6.3135150751e+00  4.2279762688e-01  8.1034566486e-01  3.0559028721e+00  5.6340512589e-01  1.1142447885e+00  4.8144573847e+00  1.5750676067e+00  2.0049215408e+00  3.6218700889e+00  4.0246432389e+00  4.4068393523e-01  3.0304011186e+00  3.4406676709e+00 -1.1965776376e+00  2.6748034806e+00  2.6942574426e+00  2.4341405542e-01  1.8975510348e+00
ENERGY -4.246051265800e+02

JOB 14
COORDS  4.4591514529e+00 -3.9276884205e+00  6.2312851075e+00  5.0898873986e+00 -2.8302697872e+00  5.6347502030e+00  3.0725884867e+00 -3.9304695110e+00  6.4223499551e+00  4.3412725244e+00 -1.7316078270e+00  5.2026444594e+00  2.3048622107e+00 -2.8381358079e+00  6.0124175826e+00  2.9631118723e+00 -1.7782910984e+00  5.3974623453e+00  2.1444722160e+00 -6.8852639989e-03  3.9496428854e+00  1.1923123599e+00  1.1269998329e+00  3.8892468550e+00  3.0183837586e+00 -3.3067935323e-01  2.7956706804e+00  2.1110209457e+00 -6.8243714473e-01  5.0347607659e+00  5.0517631333e+00 -4.7753170980e+00  6.5613862608e+00  6.1683472606e+00 -2.8187181444e+00  5.5117040360e+00  2.5862686143e+00 -4.7766851438e+00  6.8972530970e+00  4.8357363371e+00 -8.6239366340e-01  4.7833893135e+00  1.2299585849e+00 -2.8073699966e+00  6.1607173727e+00  4.1879462328e-01  8.8776559087e-01  3.1465970006e+00  7.2786436985e-01  1.3204572214e+00  4.8556314202e+00  1.7059832077e+00  2.0199005582e+00  3.5154529227e+00  3.9314425799e+00  2.7658654636e-01  2.8536206711e+00  3.3092198001e+00 -1.3821099036e+00  2.7743694379e+00  2.5108601218e+00 -4.1678585642e-02  1.8719378555e+00
ENERGY -4.246065990635e+02

JOB 15
COORDS  4.4762899733e+00 -3.9011708627e+00  6.1769155287e+00  5.1203033564e+00 -2.7464958766e+00  5.7189269330e+00  3.0812868237e+00 -3.9445013726e+00  6.2825835445e+00  4.3737288140e+00 -1.6248124518e+00  5.3446922910e+00  2.3140969913e+00 -2.8316404222e+00  5.9257502747e+00  2.9901159202e+00 -1.7153767716e+00  5.4502186515e+00  2.1408177763e+00  6.1351942317e-03  3.9978717655e+00  1.2633636251e+00  1.1959002490e+00  3.9159230172e+00  2.8978735910e+00 -4.7580446650e-01  2.8177264193e+00  2.1684574927e+00 -5.7328382750e-01  5.1374442620e+00  5.0650553299e+00 -4.7664097608e+00  6.4654595378e+00  6.2036030817e+00 -2.7087844742e+00  5.6601329468e+00  2.5866219809e+00 -4.8384076714e+00  6.6493485388e+00  4.8637449095e+00 -7.1100253677e-01  5.0230112522e+00  1.2319995744e+00 -2.8316831493e+00  6.0128717622e+00  4.1074357381e-01  9.4569667407e-01  3.2693139532e+00  9.0305524189e-01  1.5049280989e+00  4.8966138332e+00  1.7938088385e+00  2.0129175518e+00  3.4143370861e+00  3.8569849592e+00  5.7725081872e-02  2.7728592024e+00  3.1115414205e+00 -1.5445801581e+00  2.8691721908e+00  2.3527355356e+00 -2.1961376215e-01  1.9061936443e+00
ENERGY -4.246075122080e+02

JOB 16
COORDS  4.4919589495e+00 -3.8865062612e+00  6.1335154241e+00  5.1509450269e+00 -2.6921646375e+00  5.8215698758e+00  3.0942695325e+00 -3.9519448612e+00  6.1279630068e+00  4.4174442675e+00 -1.5488304140e+00  5.4867750148e+00  2.3383840099e+00 -2.8199170279e+00  5.8034651750e+00  3.0335585975e+00 -1.6641183060e+00  5.4772536024e+00  2.1272073776e+00 -1.9777706759e-03  4.0162839352e+00  1.3011878506e+00  1.2205311697e+00  3.9075115109e+00  2.7640969971e+00 -6.1890269540e-01  2.8286136795e+00  2.2425377767e+00 -4.8468352639e-01  5.1944123496e+00  5.0706494792e+00 -4.7672722471e+00  6.3940364986e+00  6.2350525414e+00 -2.6413233084e+00  5.8457300782e+00  2.5867455999e+00 -4.8773124371e+00  6.3820201237e+00  4.9102740826e+00 -6.0526264751e-01  5.2711742778e+00  1.2528867796e+00 -2.8385791800e+00  5.8097499845e+00  3.7646995114e-01  9.5407495481e-01  3.3760570268e+00  1.0562680532e+00  1.6363467963e+00  4.8844038513e+00  1.8103290188e+00  1.9573441813e+00  3.2767376328e+00  3.7765987475e+00 -2.0282898022e-01  2.7295316340e+00  2.8660444290e+00 -1.7007882975e+00  2.9317219137e+00  2.2137378218e+00 -3.5043809694e-01  1.9249384187e+00
ENERGY -4.246078259816e+02

JOB 17
COORDS  4.7596054572e+00 -3.9888862556e+00  6.4903248200e+00  3.6431041028e+00 -4.3222428697e+00  5.7161815965e+00  5.4284281396e+00 -2.7767082905e+00  6.2870485042e+00  3.1754508045e+00 -3.4406140121e+00  4.7347011721e+00  4.9822164884e+00 -1.8786500660e+00  5.3108360658e+00  3.8572538910e+00 -2.2417388349e+00  4.5836025117e+00  2.5295912937e+00 -4.5048096847e-01  3.7342995277e+00  2.1935907854e+00  3.9399583351e-01  2.5687334627e+00  1.8609964128e+00 -2.7611074949e-01  5.0461350912e+00  3.4198436018e+00 -1.3449637332e+00  3.5306358227e+00  5.1171456876e+00 -4.6811624360e+00  7.2462627304e+00  3.1368119670e+00 -5.2710422850e+00  5.8642700656e+00  6.3037041665e+00 -2.5276406986e+00  6.8789310889e+00  2.3260662897e+00 -3.6904003584e+00  4.1056895527e+00  5.4989716943e+00 -9.4273591957e-01  5.1201495703e+00  2.5028500586e+00  1.4238131793e+00  2.7960926485e+00  2.6825386933e+00  4.9651696438e-02  1.6580672409e+00  1.1047125237e+00  4.2932165402e-01  2.4463719504e+00  1.1076707125e+00 -1.0703197232e+00  5.1481008400e+00  2.5598803722e+00 -4.0137344041e-01  5.8762931695e+00  1.3526273935e+00  6.8695443996e-01  5.0966438057e+00
ENERGY -4.246076669446e+02

JOB 18
COORDS  4.4906658460e+00 -3.7941660712e+00  6.3258879909e+00  3.4314212834e+00 -4.1651227805e+00  5.4901901384e+00  5.0719325871e+00 -2.5261782603e+00  6.2167870051e+00  2.9353552423e+00 -3.2690378306e+00  4.5365608426e+00  4.5902890462e+00 -1.6097060484e+00  5.2754414977e+00  3.5278615358e+00 -2.0156705505e+00  4.4792695291e+00  2.2870850617e+00 -1.1610855432e-01  3.7295337089e+00  1.8986818762e+00  7.2428937597e-01  2.5759840469e+00  1.8158642817e+00  1.8106095682e-01  5.1029184789e+00  3.0477357492e+00 -1.1069328780e+00  3.4578040328e+00  4.8721938718e+00 -4.4998135198e+00  7.0573434581e+00  2.9909694579e+00 -5.1540480712e+00  5.5703843612e+00  5.9051491031e+00 -2.2475073299e+00  6.8544175477e+00  2.1269403783e+00 -3.5404374183e+00  3.8644944317e+00  5.0456287530e+00 -6.3086408384e-01  5.1563515396e+00  2.0074270407e+00  1.7830530150e+00  2.8353227617e+00  2.4653145514e+00  4.7478216921e-01  1.6793964374e+00  8.2630127386e-01  5.6626049433e-01  2.3925063570e+00  1.7010683257e+00 -7.2342114145e-01  5.7031096251e+00  2.5772627519e+00  8.0329677083e-01  5.5945542143e+00  8.9227242500e-01  7.6151202925e-01  5.0687554855e+00
ENERGY -4.246078244822e+02

JOB 19
COORDS  4.4995784274e+00 -3.8321331183e+00  6.3035951752e+00  3.5101686398e+00 -4.2527045451e+00  5.4074500290e+00  4.9699768890e+00 -2.5146773957e+00  6.2756523393e+00  2.9760664973e+00 -3.3560934109e+00  4.4766189784e+00  4.4435947939e+00 -1.5970926538e+00  5.3606912509e+00  3.4459926297e+00 -2.0498619924e+00  4.5050761634e+00  2.2717014188e+00 -9.6227338343e-02  3.7484401531e+00  1.8647655918e+00  6.9788183939e-01  2.5675433477e+00  1.9148666752e+00  3.2707959680e-01  5.1236609458e+00  2.9245688986e+00 -1.1650886107e+00  3.4906372654e+00  4.9160449580e+00 -4.5373844158e+00  7.0161525150e+00  3.1577891694e+00 -5.2793098616e+00  5.4222792956e+00  5.7547307564e+00 -2.1978246782e+00  6.9555071249e+00  2.2219827898e+00 -3.6614267206e+00  3.7578106915e+00  4.8255337585e+00 -5.8222997256e-01  5.3038104908e+00  2.0964292368e+00  1.7555086318e+00  2.7361692252e+00  2.3300178589e+00  3.3444822815e-01  1.6518248509e+00  7.7114642654e-01  6.3792682967e-01  2.4781890883e+00  1.8447941677e+00 -5.1726622250e-01  5.8113979086e+00  2.7003069937e+00  9.9821438533e-01  5.4973517897e+00  9.8834782737e-01  9.0521071073e-01  5.1017261080e+00
ENERGY -4.246076683323e+02

JOB 20
COORDS  4.5207798016e+00 -3.8887708477e+00  6.2770473187e+00  3.6017727822e+00 -4.3327830565e+00  5.3191916569e+00  4.8779539387e+00 -2.5375039793e+00  6.3430360939e+00  3.0253625660e+00 -3.4277680799e+00  4.4245276742e+00  4.3041249442e+00 -1.6110139236e+00  5.4673528310e+00  3.3695726885e+00 -2.0868221717e+00  4.5518011107e+00  2.2557120703e+00 -8.4822476525e-02  3.7705883176e+00  1.8112249627e+00  6.3932032516e-01  2.5571395383e+00  2.0276118302e+00  4.7633925846e-01  5.1242973968e+00  2.8026022859e+00 -1.2205091862e+00  3.5548732963e+00  4.9740028132e+00 -4.5996720656e+00  6.9610345580e+00  3.3410159222e+00 -5.3845393250e+00  5.2563372236e+00  5.6147704567e+00 -2.2000366420e+00  7.0652317629e+00  2.3263500771e+00 -3.7484743028e+00  3.6583944471e+00  4.6142685042e+00 -5.7157593406e-01  5.4843799915e+00  2.1295137128e+00  1.6862609249e+00  2.6146527091e+00  2.1772519349e+00  1.6899313065e-01  1.6450888586e+00  7.1253040255e-01  6.5577724245e-01  2.5512374680e+00  1.9676948287e+00 -2.9841529473e-01  5.8906120354e+00  2.8610243320e+00  1.1439103948e+00  5.3803485964e+00  1.1258076532e+00  1.0932357159e+00  5.1108908643e+00
ENERGY -4.246069800906e+02

JOB 21
COORDS  4.5477428546e+00 -3.9359275425e+00  6.2392409915e+00  3.7031505623e+00 -4.3796795273e+00  5.2150499239e+00  4.7885460186e+00 -2.5687713550e+00  6.4139379716e+00  3.0847999078e+00 -3.4589622810e+00  4.3681189886e+00  4.1691195921e+00 -1.6271915757e+00  5.5873636327e+00  3.3025412019e+00 -2.1036519694e+00  4.6043441366e+00  2.2324548237e+00 -6.4836395259e-02  3.7859439183e+00  1.7413562301e+00  5.7772582103e-01  2.5438038534e+00  2.1367563870e+00  6.3548514307e-01  5.0902968333e+00  2.6828946044e+00 -1.2520331708e+00  3.6359742487e+00  5.0359588227e+00 -4.6562841720e+00  6.8883902903e+00  3.5356194096e+00 -5.4413104854e+00  5.0637254219e+00  5.4725646169e+00 -2.2275762589e+00  7.1846925970e+00  2.4414610919e+00 -3.7751701892e+00  3.5529648440e+00  4.4062200603e+00 -5.7590744029e-01  5.6949412252e+00  2.1357139074e+00  1.5980834047e+00  2.4769470716e+00  2.0022122543e+00  1.5488169614e-03  1.6566783672e+00  6.4950351398e-01  6.7735662311e-01  2.6143531620e+00  2.0512393387e+00 -5.7534548156e-02  5.9291053587e+00  3.0357169366e+00  1.2483755912e+00  5.2396315343e+00  1.2896005424e+00  1.3250119687e+00  5.0641206792e+00
ENERGY -4.246056270967e+02

JOB 22
COORDS  4.5796555252e+00 -3.9947970910e+00  6.2192483786e+00  3.8334789422e+00 -4.4059279531e+00  5.1089426335e+00  4.6821576075e+00 -2.6359097231e+00  6.5358613975e+00  3.1796798992e+00 -3.4601283770e+00  4.3205244548e+00  4.0267128748e+00 -1.6697849794e+00  5.7677584877e+00  3.2638802120e+00 -2.1160004134e+00  4.6862058090e+00  2.2108732237e+00 -5.2196265165e-02  3.8271864449e+00  1.6158201090e+00  4.8493219601e-01  2.5798083686e+00  2.2942118693e+00  7.8927023984e-01  5.0467332158e+00  2.5894719272e+00 -1.2707992777e+00  3.7564446650e+00  5.0953654138e+00 -4.7306093528e+00  6.8286122963e+00  3.7689181989e+00 -5.4575547858e+00  4.8484297934e+00  5.2852771099e+00 -2.3163212464e+00  7.3799596416e+00  2.6062100992e+00 -3.7465444924e+00  3.4446507959e+00  4.1610709305e+00 -6.2507353742e-01  6.0083835502e+00  2.0829046922e+00  1.4478103056e+00  2.3405111765e+00  1.7163583449e+00 -2.0983156540e-01  1.7467737961e+00  5.5424157774e-01  7.0024083869e-01  2.7624903342e+00  2.0928935626e+00  2.1130291854e-01  5.9521608146e+00  3.3034324972e+00  1.2140868640e+00  5.1296039865e+00  1.5962264227e+00  1.6237448592e+00  4.9636894250e+00
ENERGY -4.246038944858e+02

JOB 23
COORDS  4.5953189350e+00 -4.0039849066e+00  6.1863843187e+00  4.0092508772e+00 -4.3580780758e+00  4.9660099091e+00  4.5012095435e+00 -2.6902371574e+00  6.6575682806e+00  3.3297634846e+00 -3.3988665756e+00  4.2177454319e+00  3.8253880538e+00 -1.7099095458e+00  5.9260944936e+00  3.2505146336e+00 -2.0943636110e+00  4.7110908439e+00  2.1956344620e+00 -2.0150946012e-02  3.8345260716e+00  1.4150143047e+00  4.2523258430e-01  2.6552623218e+00  2.5399465445e+00  9.3615404557e-01  4.9162451565e+00  2.5235816511e+00 -1.2549740064e+00  3.8198236161e+00  5.1250943133e+00 -4.7498841734e+00  6.7709467944e+00  4.0796618264e+00 -5.3759508679e+00  4.5960235589e+00  4.9564386421e+00 -2.4171377833e+00  7.6044668499e+00  2.8647069492e+00 -3.6425267266e+00  3.2679316217e+00  3.7746357082e+00 -7.0793249924e-01  6.3228579151e+00  1.9470976760e+00  1.2523364518e+00  2.1675903302e+00  1.2425530927e+00 -3.8482513095e-01  1.9477744595e+00  4.5944769715e-01  8.4274932074e-01  2.9984855642e+00  2.1237090149e+00  5.9604914114e-01  5.8713953574e+00  3.6278609060e+00  1.0058904654e+00  5.0298509060e+00  2.1415807932e+00  1.9236662611e+00  4.6850743327e+00
ENERGY -4.246029745751e+02

