JOB 0
COORDS  7.1501421012e-01 -1.1131139413e+00 -1.6313160080e+00 -4.7968648276e-01  1.0902807666e+00 -2.0419977650e+00 -3.9462801809e-02  3.8993452732e-01  8.8170850857e-01 -5.7797291817e-01 -3.0649611706e-01 -1.4208881126e+00 -1.3728897838e+00 -1.4673352544e+00  6.0793498782e-01 -1.0473596539e+00 -1.8658866946e-01 -7.8134484193e-03 -2.0814240368e+00 -2.2837496995e+00 -3.3438331867e-01  6.5236361968e-01 -2.1146172173e+00 -1.1917304514e+00  8.8899271904e-01 -1.2482338315e+00 -2.7037023002e+00  1.5936791326e+00 -6.0751893454e-01 -1.2171088344e+00 -1.3839194727e+00  1.6677433636e+00 -1.8275576856e+00 -3.7233235085e-01  1.0065797055e+00 -3.1284429240e+00  3.8541549636e-01  1.6516964578e+00 -1.6729292214e+00 -4.7207054221e-01  4.9545392451e-01  1.8804140241e+00  8.7645874677e-01 -2.2166186193e-01  9.6732125398e-01  2.3909475177e-01  1.3811637966e+00  5.2203172285e-01 -1.3838502875e+00 -8.3615480687e-01 -1.9313211489e+00 -4.9578514515e-01 -2.0032555223e+00  6.8577994429e-01 -3.0038504067e+00 -2.2057264512e+00 -3.8891660783e-02
ENERGY -3.443512157965e+02

JOB 1
COORDS  3.9011759762e-01 -1.4752757245e+00 -1.8010632337e+00  1.2061399499e-01  1.0097003082e+00 -1.7356859454e+00 -1.2644434300e+00  5.3708275918e-01  9.3011059277e-01 -3.6791924697e-01 -3.1877257225e-01 -1.1422211245e+00 -3.6969042025e-01 -1.6105296124e+00  9.0058744410e-01 -1.9493053859e-01 -2.7646062641e-01  3.3883659235e-01  9.3905030812e-01 -2.2262291022e+00  9.6574917325e-01  1.4531042633e+00 -1.4470518103e+00 -1.5460816148e+00 -2.4807075508e-02 -2.4446929552e+00 -1.5129776468e+00  2.9018699283e-01 -1.3906426871e+00 -2.8880414944e+00 -4.3848299255e-01  1.8739363150e+00 -1.3676921206e+00  1.2310460360e-02  9.9280401117e-01 -2.8249210732e+00  1.1775515250e+00  1.1601714107e+00 -1.4941102048e+00 -1.1084172571e+00  6.1960517728e-01  2.0117778221e+00 -1.2237767054e+00  1.5460665419e+00  5.2127935320e-01 -2.2700735409e+00  1.2226836438e-01  7.4401489441e-01 -1.4393335671e+00 -4.4856578349e-01 -1.3787335723e+00 -5.5385724326e-01 -1.4306961374e+00  1.8891658971e+00  8.2829189630e-01 -3.0121321756e+00  4.0769513741e-01
ENERGY -3.443500057945e+02

JOB 2
COORDS  4.4572071098e-01 -1.4594463807e+00 -1.8189563786e+00  1.0565999155e-02  1.0086225038e+00 -1.7565195566e+00 -1.1333447302e+00  5.8283528753e-01  9.5969642821e-01 -3.8959502218e-01 -3.5136579583e-01 -1.1694335486e+00 -4.4380835117e-01 -1.6662172236e+00  8.2407312442e-01 -2.0189397512e-01 -3.3918256465e-01  3.0550744893e-01  8.4416082431e-01 -2.2690803660e+00  1.1179499504e+00  1.5019381830e+00 -1.3555675752e+00 -1.5514103232e+00  9.5956089355e-02 -2.4502806438e+00 -1.5183991340e+00  3.5371275425e-01 -1.3967966325e+00 -2.9078958538e+00 -6.6780585048e-01  1.8148915019e+00 -1.4655063629e+00 -5.0909017247e-04  9.5741043057e-01 -2.8496230388e+00  1.0229599531e+00  1.2747357153e+00 -1.4346160451e+00 -9.6038762939e-01  5.6454750340e-01  2.0410317833e+00 -9.4125543063e-01  1.6013065110e+00  6.2277869737e-01 -2.1938614760e+00  3.4392058721e-01  7.6189721851e-01 -1.4524319560e+00 -5.4505270614e-01 -1.4016849936e+00 -8.1019121141e-01 -1.5233438786e+00  1.7653283328e+00  8.7556522969e-01 -3.0113505727e+00  4.9347112755e-01
ENERGY -3.443521104464e+02

JOB 3
COORDS  4.6840140033e-01 -1.4463555501e+00 -1.8526085842e+00 -5.0029668165e-02  1.0076507011e+00 -1.7627246825e+00 -1.0392239321e+00  5.9314271612e-01  9.7642431008e-01 -4.0634574901e-01 -3.7311356696e-01 -1.1973914413e+00 -4.8642888745e-01 -1.7100495074e+00  7.6387287638e-01 -2.1615215895e-01 -3.9228364909e-01  2.7453432084e-01  7.4453929255e-01 -2.2664075933e+00  1.3036435325e+00  1.5238013927e+00 -1.2782608773e+00 -1.6125902129e+00  1.8184982964e-01 -2.4468118488e+00 -1.5198428741e+00  3.4978385142e-01 -1.4109832536e+00 -2.9402836389e+00 -7.6724985417e-01  1.7813144544e+00 -1.4759390578e+00 -3.9164375977e-02  9.6640148144e-01 -2.8561806821e+00  9.4542992587e-01  1.3119264236e+00 -1.4212446108e+00 -8.5613386636e-01  5.0843645891e-01  2.0520654925e+00 -7.4890296940e-01  1.6022012341e+00  6.8170758182e-01 -2.1215115906e+00  4.7419404407e-01  7.8456522412e-01 -1.4623402470e+00 -5.9316066460e-01 -1.4371062636e+00 -1.0412232327e+00 -1.6077425390e+00  1.6130948630e+00  9.7639586043e-01 -2.9395127627e+00  6.4369272310e-01
ENERGY -3.443536084891e+02

JOB 4
COORDS  4.8277894532e-01 -1.4318637383e+00 -1.9003571203e+00 -9.7381799067e-02  1.0076288210e+00 -1.7663120098e+00 -9.4861746570e-01  5.8259696876e-01  9.9098482543e-01 -4.1512623445e-01 -3.9130350291e-01 -1.2247077761e+00 -5.1538690982e-01 -1.7478363142e+00  7.1310577278e-01 -2.1510714673e-01 -4.4029813124e-01  2.4464914133e-01  6.0416174613e-01 -2.2439937760e+00  1.4988117192e+00  1.5363505118e+00 -1.2175592447e+00 -1.6890227455e+00  2.4839158747e-01 -2.4393143437e+00 -1.5496806108e+00  3.3589609922e-01 -1.4081902854e+00 -2.9851025144e+00 -8.2809122138e-01  1.7587076495e+00 -1.4546084550e+00 -1.0097412855e-01  9.8588737012e-01 -2.8603607431e+00  8.9624199372e-01  1.3288643020e+00 -1.4345034494e+00 -7.5062459858e-01  4.4474604008e-01  2.0577797374e+00 -5.9329870336e-01  1.5790885877e+00  7.2444022234e-01 -2.0402818771e+00  5.4610354623e-01  8.1850340448e-01 -1.4669980914e+00 -6.2874899339e-01 -1.4654027111e+00 -1.2370044306e+00 -1.6800290931e+00  1.4316267597e+00  1.0605667441e+00 -2.8239001615e+00  8.6784542910e-01
ENERGY -3.443552663505e+02

JOB 5
COORDS  4.8321893376e-01 -1.4195992832e+00 -1.9611370247e+00 -1.2943722083e-01  1.0090450662e+00 -1.7672129355e+00 -8.6838073331e-01  5.5121623492e-01  1.0033282532e+00 -4.1590645948e-01 -4.0503200705e-01 -1.2487567802e+00 -5.1215441009e-01 -1.7840010132e+00  6.6841671421e-01 -1.9019997851e-01 -4.7935695381e-01  2.1478626170e-01  4.4501484300e-01 -2.1807863444e+00  1.6852256528e+00  1.5373365369e+00 -1.1768708271e+00 -1.7858704172e+00  2.9136831727e-01 -2.4328387609e+00 -1.6032324848e+00  2.9810783749e-01 -1.3943448941e+00 -3.0401378456e+00 -8.5995115027e-01  1.7439713069e+00 -1.4187816860e+00 -1.6293313220e-01  1.0092049226e+00 -2.8609481252e+00  8.6937856799e-01  1.3354864374e+00 -1.4567099080e+00 -6.6328576959e-01  3.6058227220e-01  2.0600270399e+00 -4.7384481606e-01  1.5411958128e+00  7.6823772978e-01 -1.9626825969e+00  5.6383846150e-01  8.4352679308e-01 -1.4697102380e+00 -6.4781556696e-01 -1.4774916985e+00 -1.3698766363e+00 -1.7475512894e+00  1.2255319174e+00  1.1094331260e+00 -2.6657578733e+00  1.1688874199e+00
ENERGY -3.443569115681e+02

JOB 6
COORDS  4.8074638741e-01 -1.4066374490e+00 -2.0214559343e+00 -1.5940537127e-01  1.0105010517e+00 -1.7689550636e+00 -7.9084514855e-01  5.1510243977e-01  1.0148547438e+00 -4.0952655421e-01 -4.1563772328e-01 -1.2650620469e+00 -4.7231076132e-01 -1.8177893870e+00  6.3118140558e-01 -1.4398635425e-01 -5.0608818097e-01  1.8783840802e-01  2.7186050206e-01 -2.0911140940e+00  1.8409598704e+00  1.5352874390e+00 -1.1428864389e+00 -1.8842747591e+00  3.2769256061e-01 -2.4262580644e+00 -1.6644588150e+00  2.5300941461e-01 -1.3739298592e+00 -3.0921439060e+00 -8.8344826466e-01  1.7304159435e+00 -1.3785041052e+00 -2.3579228377e-01  1.0278623276e+00 -2.8603445887e+00  8.4727761006e-01  1.3428417320e+00 -1.4922193846e+00 -5.8356130993e-01  2.7859988585e-01  2.0608493254e+00 -3.7285567523e-01  1.5018865684e+00  8.0790878067e-01 -1.8861510139e+00  5.5659336256e-01  8.6345849940e-01 -1.4682696481e+00 -6.6542607341e-01 -1.4687502220e+00 -1.4293036273e+00 -1.8172191534e+00  1.0045216327e+00  1.0750771196e+00 -2.5202311869e+00  1.5022850355e+00
ENERGY -3.443576928289e+02

JOB 7
COORDS  4.7538274299e-01 -1.3929671835e+00 -2.0680686917e+00 -1.8977233998e-01  1.0130831236e+00 -1.7723867518e+00 -7.1744891829e-01  4.9087287152e-01  1.0276358816e+00 -3.9852132416e-01 -4.1968835558e-01 -1.2684457367e+00 -3.9118307143e-01 -1.8466397040e+00  6.0173690622e-01 -8.3795651584e-02 -5.1352954460e-01  1.7027459392e-01  8.9719922143e-02 -2.0125025968e+00  1.9486796606e+00  1.5308743259e+00 -1.1206658943e+00 -1.9598247885e+00  3.4801339355e-01 -2.4198163554e+00 -1.7228017666e+00  2.1226132611e-01 -1.3446757755e+00 -3.1299810488e+00 -9.0936607956e-01  1.7189429818e+00 -1.3498071920e+00 -3.0741542706e-01  1.0347500769e+00 -2.8599863812e+00  8.2148763392e-01  1.3587629642e+00 -1.5315464416e+00 -4.9289612288e-01  2.3925816021e-01  2.0645892892e+00 -3.0351275510e-01  1.4789807742e+00  8.2008071009e-01 -1.8165574251e+00  5.3152684727e-01  8.9812264081e-01 -1.4630635128e+00 -6.8189261538e-01 -1.4348816498e+00 -1.4069326585e+00 -1.9050801085e+00  7.6790918512e-01  9.5822096276e-01 -2.4281339652e+00  1.8163904572e+00
ENERGY -3.443563221430e+02

JOB 8
COORDS  3.0005645392e-01 -1.5546454704e+00 -1.9241982013e+00  1.4670530652e-01  9.8022465122e-01 -1.9514464458e+00  1.1293880118e+00 -1.9945036638e-01  7.0064482629e-01 -3.5725835775e-01 -3.1254888097e-01 -1.3000753542e+00 -1.1128572600e+00 -1.1156854502e+00  8.0615604275e-01 -2.3642187235e-01 -2.2323053757e-01  1.7550659108e-01 -5.6355268256e-01 -2.4564976566e+00  1.0541074166e+00 -6.3948242290e-02 -2.4680503438e+00 -1.4487140419e+00  6.6905894281e-02 -1.5994548730e+00 -2.9937870394e+00  1.3917429433e+00 -1.5247579719e+00 -1.8299173018e+00 -2.9057745552e-01  1.8570602690e+00 -1.4642648752e+00 -1.3559981176e-01  9.9518777477e-01 -3.0090023334e+00  1.2382224541e+00  1.0665468677e+00 -1.9086342273e+00  1.0945976339e+00 -3.4781304577e-02  1.7847947822e+00  1.7066730452e+00 -1.1131689470e+00  4.9843483719e-01  1.6690706357e+00  6.4368513066e-01  2.6505480335e-01 -1.4359373110e+00 -3.7873245159e-01 -1.4651546776e+00 -1.2825737938e+00 -7.4583772312e-01  1.7435180526e+00  2.1495847987e-01 -2.3554060450e+00  1.6348448763e+00
ENERGY -3.443555750465e+02

JOB 9
COORDS  2.8491531014e-01 -1.5427948013e+00 -1.9380040495e+00  1.6163727034e-01  9.9722867770e-01 -1.9396357323e+00  1.1314572531e+00 -2.3157049265e-01  6.7312810065e-01 -3.5680292468e-01 -2.9781677059e-01 -1.3061100402e+00 -1.0950123801e+00 -1.2141777807e+00  7.4900203802e-01 -2.4630113401e-01 -2.2880107641e-01  1.7732446785e-01 -4.3346978155e-01 -2.4430999484e+00  1.1667694409e+00 -7.6873871889e-02 -2.4535976707e+00 -1.4545217040e+00  3.1964230949e-02 -1.5915613347e+00 -3.0028886819e+00  1.3779161501e+00 -1.5207695672e+00 -1.8630049344e+00 -2.6406022808e-01  1.8722430423e+00 -1.4387044259e+00 -1.2455833064e-01  1.0308080537e+00 -2.9957511334e+00  1.2540094091e+00  1.0713686823e+00 -1.9002404893e+00  1.1297256702e+00 -8.4042805246e-02  1.7610131525e+00  1.6908328119e+00 -1.1465528384e+00  4.3926585148e-01  1.6624201480e+00  6.1891008104e-01  2.4236643486e-01 -1.4348710556e+00 -3.4906966321e-01 -1.4803116750e+00 -1.4351343768e+00 -8.1515213720e-01  1.6262882199e+00  2.2179990086e-01 -2.2110949792e+00  1.8518828903e+00
ENERGY -3.443525736576e+02

JOB 10
COORDS  2.9361145920e-01 -1.5230805552e+00 -1.9611741789e+00  1.5111738641e-01  1.0188054917e+00 -1.9238982830e+00  1.1578174931e+00 -2.8390737629e-01  6.4204563566e-01 -3.4993654239e-01 -2.9116943349e-01 -1.3081529986e+00 -1.0689251112e+00 -1.3002625755e+00  7.0516695502e-01 -2.3111523931e-01 -2.4611820261e-01  1.7920312581e-01 -3.6730025555e-01 -2.4043060924e+00  1.3158780589e+00 -4.8311384081e-02 -2.4397922177e+00 -1.4730624327e+00  1.5695582418e-02 -1.5739226392e+00 -3.0196738239e+00  1.3874689335e+00 -1.4884008311e+00 -1.9117155545e+00 -2.8176008353e-01  1.8806839668e+00 -1.4065500250e+00 -1.4108836737e-01  1.0659611391e+00 -2.9779343207e+00  1.2425631312e+00  1.1057922893e+00 -1.8891061698e+00  1.1955306598e+00 -1.2020142044e-01  1.7268332592e+00  1.6860827754e+00 -1.2154837605e+00  4.0659045256e-01  1.6924655738e+00  5.5098380330e-01  1.8673467852e-01 -1.4285313292e+00 -3.4656073655e-01 -1.4788762676e+00 -1.5709823492e+00 -8.7201459600e-01  1.4855502188e+00  1.4519173851e-01 -2.0565495820e+00  2.0700094009e+00
ENERGY -3.443479198070e+02

JOB 11
COORDS  3.1683307704e-01 -1.4987745568e+00 -1.9962750375e+00  1.2039260968e-01  1.0397332364e+00 -1.9017635409e+00  1.2037337750e+00 -3.5422566490e-01  6.1001340861e-01 -3.3936831179e-01 -2.9457988163e-01 -1.3064927473e+00 -1.0316898619e+00 -1.3748800166e+00  6.7863009672e-01 -1.9365900102e-01 -2.7555483350e-01  1.7902406608e-01 -3.4709004293e-01 -2.3309609779e+00  1.4964585423e+00  9.8778041180e-03 -2.4300634308e+00 -1.5119183789e+00  1.0605208952e-02 -1.5431543339e+00 -3.0471511827e+00  1.4102806452e+00 -1.4360856745e+00 -1.9760087344e+00 -3.3421145579e-01  1.8788690990e+00 -1.3662183331e+00 -1.7740574950e-01  1.0973228216e+00 -2.9538035850e+00  1.2088938681e+00  1.1578116909e+00 -1.8687332550e+00  1.2809473438e+00 -1.6781147193e-01  1.6876843146e+00  1.6957626432e+00 -1.3073216649e+00  3.8288521491e-01  1.7483631109e+00  4.5429541876e-01  1.1982127627e-01 -1.4196257808e+00 -3.6814935094e-01 -1.4630582631e+00 -1.6815753331e+00 -9.1759636467e-01  1.3212108019e+00 -1.4704776789e-03 -1.8684173724e+00  2.2835630671e+00
ENERGY -3.443434892103e+02

JOB 12
COORDS  3.3588679990e-01 -1.4778973090e+00 -2.0356113105e+00  8.6080000871e-02  1.0528236778e+00 -1.8728942745e+00  1.2568959384e+00 -4.2337797397e-01  5.8441553391e-01 -3.2886564332e-01 -3.0591631413e-01 -1.2994002590e+00 -9.7510615015e-01 -1.4500045243e+00  6.6436069507e-01 -1.4584797360e-01 -3.1419089452e-01  1.7889090769e-01 -3.4525756346e-01 -2.2176103095e+00  1.6835168690e+00  6.6351699830e-02 -2.4266934906e+00 -1.5634814928e+00  1.1558157654e-04 -1.5060221302e+00 -3.0778965035e+00  1.4273667878e+00 -1.3864898039e+00 -2.0446168563e+00 -3.7560220446e-01  1.8678353726e+00 -1.3073400789e+00 -2.3345881571e-01  1.1283265813e+00 -2.9174135421e+00  1.1720902110e+00  1.1941871345e+00 -1.8563834977e+00  1.3639790059e+00 -2.3684142505e-01  1.6571091613e+00  1.7251227363e+00 -1.3880612575e+00  3.5114182252e-01  1.8054271684e+00  3.7109947405e-01  7.4975763075e-02 -1.4116248733e+00 -3.9880525009e-01 -1.4365948621e+00 -1.7566376307e+00 -9.8476424486e-01  1.1313136959e+00 -1.8732100373e-01 -1.6371406416e+00  2.4537759593e+00
ENERGY -3.443411999427e+02

JOB 13
COORDS  3.5009544511e-01 -1.4572087722e+00 -2.0739655182e+00  4.7767378331e-02  1.0614706861e+00 -1.8327659041e+00  1.3125259582e+00 -4.9826615322e-01  5.6338210055e-01 -3.2027286447e-01 -3.2152251034e-01 -1.2862395266e+00 -9.0347948504e-01 -1.5183795109e+00  6.6404588822e-01 -9.4721707415e-02 -3.6160292948e-01  1.8183099655e-01 -3.7113060176e-01 -2.0630516846e+00  1.8599163971e+00  1.2114139757e-01 -2.4246987986e+00 -1.6194253547e+00 -1.6621283427e-02 -1.4657303622e+00 -3.1060201320e+00  1.4378957790e+00 -1.3352434074e+00 -2.1123932113e+00 -4.4344378513e-01  1.8490564229e+00 -1.2538511945e+00 -2.6773995562e-01  1.1457464549e+00 -2.8778947282e+00  1.1282435640e+00  1.2381757396e+00 -1.8049477768e+00  1.4428811540e+00 -3.1483745099e-01  1.6316162217e+00  1.7507380171e+00 -1.4773080089e+00  3.2476633015e-01  1.8697546098e+00  2.7835707336e-01  3.5458396668e-02 -1.4054458060e+00 -4.3438020724e-01 -1.4000053346e+00 -1.7885057359e+00 -1.0803587847e+00  9.3299230048e-01 -3.7008800675e-01 -1.3597611250e+00  2.5413677802e+00
ENERGY -3.443419915500e+02

JOB 14
COORDS  3.5678501797e-01 -1.4152604418e+00 -2.1235311993e+00  1.7702460079e-01  1.0608813978e+00 -1.7994030709e+00 -7.7246162322e-01  5.9913020801e-01  9.0073221328e-01 -3.3934076018e-01 -3.0407155448e-01 -1.3256333183e+00 -4.8124602305e-01 -1.7221105606e+00  6.6823391134e-01 -8.6778990849e-02 -4.5697717628e-01  1.4328636973e-01 -1.9138231425e+00 -1.8487866684e+00  9.0785807766e-01 -7.4913174644e-02 -2.4085149730e+00 -1.9591778876e+00  2.6357373319e-01 -1.2145955689e+00 -3.1948782335e+00  1.4213831238e+00 -1.4556506424e+00 -1.8705779287e+00 -4.0700215902e-01  1.8918778400e+00 -1.3983324087e+00  1.2556290824e-01  1.1211988098e+00 -2.8907034640e+00  1.2214118778e+00  1.1923658424e+00 -1.4961609718e+00 -7.5931861400e-01  3.2451942224e-01  1.9566357362e+00 -2.3176188183e-01  1.5389139451e+00  7.7966913923e-01 -1.8175318005e+00  7.4042302675e-01  5.9309881737e-01 -1.4257127567e+00 -3.4490709562e-01 -1.5341174970e+00 -2.3014055945e-01 -2.4356342738e+00 -1.2637765221e-02 -2.3852949817e+00 -1.7744013024e+00  5.2747042416e-02
ENERGY -3.443472717424e+02

JOB 15
COORDS  2.0444043195e-01 -1.4339209602e+00 -2.0858800333e+00  2.6059531353e-01  1.0587523763e+00 -1.8049548614e+00 -8.3403127485e-01  6.3944363946e-01  9.3161079411e-01 -3.7070683268e-01 -2.4670548589e-01 -1.3033619091e+00 -4.2117852770e-01 -1.6502706343e+00  7.1078281222e-01 -1.2054482819e-01 -3.8849056929e-01  1.6271688758e-01 -1.8466156546e+00 -1.9849813185e+00  6.8421842829e-01 -3.2132237592e-01 -2.3759449799e+00 -1.8928596199e+00  1.1597248778e-01 -1.2434695359e+00 -3.1591277593e+00  1.2656169524e+00 -1.5746392650e+00 -1.8524666176e+00 -2.2039075999e-01  1.9427448394e+00 -1.3805032832e+00  1.6719038207e-01  1.1268178595e+00 -2.8932419228e+00  1.3239170550e+00  1.0861015135e+00 -1.5444425434e+00 -7.5124774186e-01  3.8493934513e-01  1.9892875528e+00 -3.6828429118e-01  1.6127349527e+00  7.6836671288e-01 -1.8994952180e+00  6.9834717649e-01  6.6905063428e-01 -1.4571528808e+00 -1.9112714928e-01 -1.4995451714e+00  5.0928813856e-02 -2.3550382312e+00  1.4715166602e-01 -2.1372762567e+00 -2.0168933387e+00 -2.4969420458e-01
ENERGY -3.443534159902e+02

JOB 16
COORDS  1.9693779620e-01 -1.4423656638e+00 -2.0601704566e+00  2.2024820871e-01  1.0531165975e+00 -1.8023410169e+00 -7.7612945596e-01  6.8435821920e-01  9.5922140774e-01 -4.0524665001e-01 -2.5398162374e-01 -1.2984562579e+00 -5.1103388297e-01 -1.6281865870e+00  7.3313328579e-01 -1.7904093925e-01 -3.9264787902e-01  1.6263279882e-01 -1.8986254329e+00 -2.0447885289e+00  4.9504974093e-01 -2.9608263520e-01 -2.3962192494e+00 -1.8401881491e+00  9.6417268015e-02 -1.2796241551e+00 -3.1368736566e+00  1.2624578507e+00 -1.5468117813e+00 -1.8286062409e+00 -2.8302776415e-01  1.9351554333e+00 -1.4000964728e+00  1.4735297896e-01  1.1045001047e+00 -2.8931110114e+00  1.2780536554e+00  1.0998573765e+00 -1.5224881493e+00 -6.6876907474e-01  4.1575124647e-01  2.0104822515e+00 -2.4504632222e-01  1.6211985442e+00  7.8005308359e-01 -1.8450493368e+00  8.2912384468e-01  7.4058350828e-01 -1.4885736834e+00 -2.0759742780e-01 -1.5108979831e+00  6.3161042947e-02 -2.3380769120e+00  2.7965771423e-01 -2.0275888292e+00 -2.1243613241e+00 -4.7047683417e-01
ENERGY -3.443558679875e+02

JOB 17
COORDS  2.2110184004e-01 -1.4395406983e+00 -2.0424377679e+00  1.5444369438e-01  1.0536940048e+00 -1.7962557765e+00 -6.9425790143e-01  7.2299212262e-01  9.7826883531e-01 -4.4360063745e-01 -2.6945363422e-01 -1.3021065962e+00 -6.3983614261e-01 -1.6165730084e+00  7.4622517547e-01 -2.5680407326e-01 -4.0712828754e-01  1.5596193817e-01 -1.9616791530e+00 -2.1052750552e+00  3.3556226556e-01 -2.0853413180e-01 -2.4168412651e+00 -1.7941047225e+00  1.0533724595e-01 -1.3101382372e+00 -3.1222998289e+00  1.2911216524e+00 -1.4754233044e+00 -1.8121056351e+00 -3.8500806043e-01  1.9211196086e+00 -1.4091757974e+00  1.0187786619e-01  1.0957300083e+00 -2.8885642287e+00  1.2051355267e+00  1.1352410245e+00 -1.4977066674e+00 -5.9264912268e-01  4.2574779985e-01  2.0217818139e+00 -5.4331580303e-02  1.5893198733e+00  7.9658219911e-01 -1.7423004571e+00  1.0105793045e+00  7.9531070318e-01 -1.5206374902e+00 -2.5515424877e-01 -1.5466455089e+00  4.2425166261e-03 -2.3330200740e+00  4.1042325347e-01 -1.9432067980e+00 -2.2374756989e+00 -6.3160609247e-01
ENERGY -3.443544623534e+02

JOB 18
COORDS  1.0201823853e+00 -1.0164401936e+00 -1.6456055667e+00 -3.9780335654e-01  1.0280910235e+00 -2.1397585774e+00 -2.6053657231e-01  3.3305524266e-01  8.3681164066e-01 -3.8617448102e-01 -3.8910818907e-01 -1.5562707727e+00 -1.2838165819e+00 -1.7070441736e+00  2.6183923338e-01 -9.7519420136e-01 -3.9876607934e-01 -2.0617713650e-01 -2.7140980023e+00 -1.7425486372e+00  5.8131759424e-01  1.0389586590e+00 -2.0319814000e+00 -1.2358156206e+00  1.3494611675e+00 -1.0671001336e+00 -2.6889752408e+00  1.7545993067e+00 -4.2028531816e-01 -1.0942242032e+00 -1.3907380215e+00  1.4747052411e+00 -2.0384391071e+00 -1.3311446089e-01  9.9616411367e-01 -3.2015766420e+00  3.2941679105e-01  1.6779483676e+00 -1.6421545990e+00 -8.7165704933e-01  3.2233521839e-01  1.7424087655e+00  7.2669776382e-01 -8.8978246165e-02  1.0811305497e+00 -1.3949985611e-01  1.3758303373e+00  5.3417460004e-01 -1.0723365522e+00 -9.9010544938e-01 -2.1674907260e+00 -1.2513921743e+00 -2.3195299584e+00 -5.5402720351e-01 -2.7025399696e+00 -1.9478415312e+00  1.5299405741e+00
ENERGY -3.443522094376e+02

JOB 19
COORDS  1.0172712138e+00 -1.0251416560e+00 -1.6950208232e+00 -4.5801023159e-01  9.9866365773e-01 -2.0964744332e+00 -1.8197630440e-01  3.5218196945e-01  8.8665491688e-01 -3.8804700632e-01 -4.1761822448e-01 -1.5145882183e+00 -1.2757737650e+00 -1.6834936015e+00  3.6697703346e-01 -8.6391046333e-01 -4.4565936723e-01 -1.2428959195e-01 -2.7423787255e+00 -1.7983892314e+00  2.4929721976e-01  1.0728917979e+00 -2.0452779210e+00 -1.2978879263e+00  1.2871184025e+00 -1.0664632928e+00 -2.7557983011e+00  1.7745611448e+00 -4.2421221875e-01 -1.1803908826e+00 -1.4491142517e+00  1.4304311478e+00 -1.9311356764e+00 -2.6339434209e-01  9.7108970095e-01 -3.1735346781e+00  2.9006776392e-01  1.6599879279e+00 -1.6466175635e+00 -7.5485534150e-01  2.9446800494e-01  1.8139574437e+00  8.4842526567e-01  2.3552311374e-02  1.1004819183e+00 -1.5383373260e-01  1.3990601570e+00  5.7286662431e-01 -1.1090437584e+00 -1.0286861591e+00 -2.0703444313e+00 -9.8296005547e-01 -2.4182397913e+00 -2.7769551384e-01 -3.0266228166e+00 -1.6878531791e+00  1.1706504455e+00
ENERGY -3.443542503366e+02

JOB 20
COORDS  9.8255313270e-01 -1.0199954992e+00 -1.6783904634e+00 -4.9839214516e-01  9.9887204998e-01 -2.0843125078e+00 -1.1954995293e-01  3.4037965934e-01  9.0581693176e-01 -4.1838967249e-01 -4.0892194657e-01 -1.4847868402e+00 -1.2789264820e+00 -1.6581550003e+00  4.1653715702e-01 -8.8008617135e-01 -4.1380519002e-01 -8.4863144771e-02 -2.6831248762e+00 -1.8909107145e+00  7.1505937825e-02  1.0543820620e+00 -2.0264924536e+00 -1.2493747397e+00  1.2213630648e+00 -1.1010069294e+00 -2.7441313873e+00  1.7540847325e+00 -4.0019105976e-01 -1.2094889921e+00 -1.4883986524e+00  1.4302446640e+00 -1.9113657394e+00 -3.1850134202e-01  9.5875810960e-01 -3.1636331435e+00  2.5323755873e-01  1.6685149574e+00 -1.6527891914e+00 -6.6500925113e-01  3.1296930466e-01  1.8508912141e+00  8.9676031067e-01 -4.6760842808e-02  1.0857398336e+00 -3.8789698225e-02  1.3831211543e+00  5.8706483061e-01 -1.1499279202e+00 -1.0282649038e+00 -2.0157812961e+00 -8.3945256331e-01 -2.4122192387e+00 -1.1609384076e-01 -3.1434173399e+00 -1.5977358863e+00  8.7456294375e-01
ENERGY -3.443562702907e+02

JOB 21
COORDS  9.4491461359e-01 -1.0119179926e+00 -1.6515520464e+00 -5.3699837549e-01  1.0012267502e+00 -2.0824400455e+00 -6.2609627104e-02  3.2594671324e-01  9.1570515464e-01 -4.5230951422e-01 -3.9447726513e-01 -1.4570792679e+00 -1.2948933405e+00 -1.6204913829e+00  4.6682540258e-01 -9.1351149764e-01 -3.6276716684e-01 -5.1339148498e-02 -2.6001342622e+00 -1.9655840976e+00 -7.0839902262e-02  1.0280322794e+00 -2.0035214294e+00 -1.1906267523e+00  1.1596918256e+00 -1.1333467616e+00 -2.7183549997e+00  1.7277949340e+00 -3.7651320354e-01 -1.2244650017e+00 -1.5274312408e+00  1.4331921745e+00 -1.9135434792e+00 -3.6116337690e-01  9.4268147367e-01 -3.1616641574e+00  2.1347303638e-01  1.6816364942e+00 -1.6656348652e+00 -5.8414013428e-01  3.5352675339e-01  1.8744605089e+00  9.1970688953e-01 -1.4898624179e-01  1.0724330925e+00  1.0355414421e-01  1.3535309893e+00  5.8191246348e-01 -1.1893534792e+00 -1.0246449442e+00 -1.9658041536e+00 -7.2993478288e-01 -2.3643678594e+00  4.4555224795e-02 -3.2042732974e+00 -1.5967227693e+00  5.9455953517e-01
ENERGY -3.443573361138e+02

JOB 22
COORDS  8.9826218104e-01 -1.0137339292e+00 -1.6298158574e+00 -5.5627210665e-01  1.0159563434e+00 -2.0789621236e+00 -2.1898513688e-02  3.1895603354e-01  9.1448455112e-01 -4.8750219058e-01 -3.7223922539e-01 -1.4356130169e+00 -1.3251070210e+00 -1.5692265161e+00  5.1657441821e-01 -9.5257845809e-01 -3.0295181874e-01 -2.5897993066e-02 -2.4908192128e+00 -2.0400894301e+00 -1.9339922718e-01  9.7506820748e-01 -1.9958288021e+00 -1.1478654593e+00  1.0924120769e+00 -1.1665693204e+00 -2.6963979988e+00  1.6989585252e+00 -3.8038627222e-01 -1.2339712113e+00 -1.5387024569e+00  1.4649123904e+00 -1.9075717786e+00 -3.9102038782e-01  9.4058817282e-01 -3.1588847508e+00  2.0698577962e-01  1.6920518077e+00 -1.6782504008e+00 -5.1640335111e-01  4.0788842411e-01  1.8842279455e+00  9.1628381662e-01 -2.4287536737e-01  1.0563246393e+00  2.3089525063e-01  1.3206893038e+00  5.5897149405e-01 -1.2337742301e+00 -1.0006529813e+00 -1.9302968458e+00 -6.4293100278e-01 -2.2824069010e+00  2.3025249180e-01 -3.2214421117e+00 -1.7056816773e+00  3.5319868576e-01
ENERGY -3.443570068352e+02

JOB 23
COORDS  8.2532241192e-01 -1.0438719802e+00 -1.6231006047e+00 -5.3946640808e-01  1.0492445901e+00 -2.0661893761e+00 -1.2754857242e-02  3.3657908026e-01  9.0120945633e-01 -5.2927585718e-01 -3.4116292916e-01 -1.4240288640e+00 -1.3531002574e+00 -1.5144727844e+00  5.6562175452e-01 -9.9829898726e-01 -2.4177078085e-01 -1.1938792400e-02 -2.3254162237e+00 -2.1492782758e+00 -2.8059515965e-01  8.5778152018e-01 -2.0312511983e+00 -1.1475728275e+00  1.0043969368e+00 -1.2021131576e+00 -2.6914448905e+00  1.6585039102e+00 -4.5055720918e-01 -1.2321903781e+00 -1.4964493679e+00  1.5457865661e+00 -1.8816710967e+00 -3.9462878216e-01  9.6450120498e-01 -3.1483172452e+00  2.6131770910e-01  1.6892421437e+00 -1.6796364195e+00 -4.7748428187e-01  4.6765179784e-01  1.8814363141e+00  8.9201091712e-01 -2.8245840977e-01  1.0290304942e+00  2.9356832648e-01  1.3154544645e+00  5.2752356858e-01 -1.2980362114e+00 -9.3861724063e-01 -1.9191643479e+00 -5.6091709692e-01 -2.1614725041e+00  4.4793185926e-01 -3.1666586067e+00 -1.9230331432e+00  1.5020411762e-01
ENERGY -3.443549334533e+02

