JOB 0
COORDS -3.7582150278e+00 -1.0624042732e+00 -1.6058751850e+00 -4.0206601322e+00 -1.5792672817e+00 -3.6627894962e-01 -1.7243613493e+00 -8.5207486366e-01 -7.5735058184e-01  6.9539038111e-01  9.7104325124e-02  1.1734420301e+00 -7.0258895334e-02  9.1980391621e-01  1.1479713762e-01 -2.7748342639e-01 -4.4766510288e-01 -6.3672943625e-01  4.4824200129e-01 -5.5396909444e-01 -1.9837846877e+00 -2.4573702133e+00 -6.5659012903e-01 -1.8182369526e+00  3.9208666290e-01 -1.0838926198e+00  5.1816356203e-01  1.3354287360e+00  3.3660841733e-01  2.1738934105e+00 -2.5808445396e+00 -1.5669045749e+00  5.9993268084e-01 -4.4837361984e+00 -9.6246625175e-01 -2.4060502423e+00 -4.9544744543e+00 -1.9703747868e+00  1.6158558429e-02 -9.8266229471e-01  1.3948647561e+00  4.7817918598e-01  5.4840321912e-01  1.6440929188e+00 -4.1837798594e-01  1.5265699047e+00 -6.4442729776e-01 -1.8294058144e+00  2.5289962592e-01  3.4365545967e-01 -2.5762659237e+00  7.0156917594e-02 -1.3903174940e+00 -2.5759906140e+00  7.9210328973e-01 -2.0128736225e+00  6.1874372946e-01
ENERGY -8.545210073221e+02

JOB 1
COORDS -3.7622173326e+00 -1.0824850667e+00 -1.5976493369e+00 -4.0127214209e+00 -1.5959094711e+00 -3.5423558011e-01 -1.7254167668e+00 -8.4796420451e-01 -7.6093842450e-01  6.6164547535e-01  1.5364884690e-01  1.1729507684e+00 -1.0417301610e-01  9.5448980490e-01  9.8830199555e-02 -2.8300587214e-01 -4.2319253546e-01 -6.4520119297e-01  4.5605362003e-01 -5.4470681576e-01 -1.9910830892e+00 -2.4667139377e+00 -6.6397312481e-01 -1.8180438082e+00  3.8693702779e-01 -1.0368359015e+00  5.2312828146e-01  1.2839450587e+00  4.1192538424e-01  2.1798885544e+00 -2.5677135627e+00 -1.5650917514e+00  6.0386609209e-01 -4.4927916429e+00 -9.9343983000e-01 -2.3945189628e+00 -4.9402871815e+00 -1.9953680594e+00  3.4740753776e-02 -1.0270437206e+00  1.4210444281e+00  4.4657621494e-01  5.1166915534e-01  1.6823839543e+00 -4.3223135319e-01  1.4799440372e+00 -8.9299411593e-01 -1.8341862214e+00  4.9945673487e-01  4.2785527462e-01 -2.4877999244e+00 -7.0801222599e-02 -1.2109163493e+00 -2.6759619683e+00  8.0649852386e-01 -1.9562262869e+00  6.3259383697e-01
ENERGY -8.545187331310e+02

JOB 2
COORDS -3.7612687031e+00 -1.0985895061e+00 -1.5868856396e+00 -3.9999234236e+00 -1.6393195393e+00 -3.5273799802e-01 -1.7118886953e+00 -9.0086059446e-01 -7.7218105893e-01  7.1326626776e-01  2.8184592098e-02  1.1617496427e+00 -6.2775075422e-02  8.6667865182e-01  1.2723578664e-01 -2.6594141524e-01 -4.8718994674e-01 -6.5934303589e-01  4.7911772410e-01 -5.9735621225e-01 -2.0065534580e+00 -2.4652937372e+00 -6.8583185315e-01 -1.8146235189e+00  4.0571301842e-01 -1.1402703238e+00  4.8883839196e-01  1.3613000828e+00  2.5194151882e-01  2.1610728120e+00 -2.5425901814e+00 -1.6430158633e+00  5.8673426035e-01 -4.5010832465e+00 -9.8472834013e-01 -2.3719550635e+00 -4.9256645493e+00 -2.0407610128e+00  3.8593841218e-02 -9.7753335043e-01  1.3231768548e+00  5.0885690126e-01  5.4341440626e-01  1.6111009158e+00 -3.9088950530e-01  1.3517205307e+00 -1.2476682358e+00 -1.9009346451e+00  8.3114800051e-01  3.7933569350e-01 -2.3463235292e+00 -1.7092798040e-01 -1.0035815113e+00 -2.7818793642e+00  8.2571735114e-01 -2.0633917842e+00  5.6095387379e-01
ENERGY -8.545176219484e+02

JOB 3
COORDS -3.7718556605e+00 -1.1217476768e+00 -1.5958294753e+00 -4.0069784618e+00 -1.6791966987e+00 -3.6830861411e-01 -1.7263029534e+00 -9.1178922572e-01 -7.7409624651e-01  7.2666358480e-01  1.8891488843e-02  1.1550661451e+00 -7.2433586125e-02  8.6132874960e-01  1.4388327835e-01 -2.8552669774e-01 -4.8757173751e-01 -6.5067864807e-01  4.7909929815e-01 -6.0732731852e-01 -1.9826854067e+00 -2.4799389652e+00 -6.9328597564e-01 -1.8160630238e+00  3.8749423552e-01 -1.1491531507e+00  4.9568042575e-01  1.4081861098e+00  2.3922381350e-01  2.1322171015e+00 -2.5517851487e+00 -1.6779807342e+00  5.7397309370e-01 -4.5113873640e+00 -1.0066570204e+00 -2.3809903252e+00 -4.9295333004e+00 -2.0936665099e+00  1.6954832546e-02 -9.8241572459e-01  1.3046847730e+00  5.5235494520e-01  5.1112243590e-01  1.6191894900e+00 -3.8045466517e-01  1.1261656820e+00 -1.4895394911e+00 -1.9544423141e+00  1.1113881968e+00  2.6358922254e-01 -2.1679681445e+00 -2.1158826922e-01 -7.4256274056e-01 -2.8160033672e+00  8.2622262541e-01 -2.0654721968e+00  5.4397959398e-01
ENERGY -8.545186062513e+02

JOB 4
COORDS -3.7724276058e+00 -1.1328853118e+00 -1.5956074538e+00 -4.0029537727e+00 -1.7129905005e+00 -3.7768378745e-01 -1.7301225069e+00 -9.1657038416e-01 -7.6822463905e-01  7.3277109416e-01  2.8208235736e-02  1.1543072150e+00 -7.4639646540e-02  8.6576344513e-01  1.4606893899e-01 -2.9274704032e-01 -4.8564033065e-01 -6.4027284919e-01  4.7321949903e-01 -6.1196811270e-01 -1.9631804798e+00 -2.4848246203e+00 -6.8769897027e-01 -1.8074096323e+00  3.8600483451e-01 -1.1435609435e+00  5.0499233067e-01  1.4244420157e+00  2.5352315542e-01  2.1232586975e+00 -2.5488551157e+00 -1.7124512477e+00  5.6613623851e-01 -4.5126061332e+00 -1.0116824523e+00 -2.3792321868e+00 -4.9220968789e+00 -2.1414013265e+00  3.7747268808e-04 -9.8148570623e-01  1.3107916633e+00  5.5961559520e-01  5.0367889696e-01  1.6213386956e+00 -3.8764642159e-01  8.8770501616e-01 -1.6225749806e+00 -2.0465273669e+00  1.3008426819e+00  9.9194188807e-02 -2.0164911150e+00 -2.0082679445e-01 -4.8175818609e-01 -2.8115485841e+00  8.3099557631e-01 -2.0570712916e+00  5.5009597764e-01
ENERGY -8.545208943998e+02

JOB 5
COORDS -3.7625889209e+00 -1.1554691400e+00 -1.5900721067e+00 -3.9876674571e+00 -1.7364520854e+00 -3.7155584127e-01 -1.7237803709e+00 -9.1538087846e-01 -7.6080976035e-01  7.3234691629e-01  8.0745668916e-02  1.1433192418e+00 -7.9706867592e-02  8.9368079744e-01  1.1733564833e-01 -2.8951222236e-01 -4.7377359520e-01 -6.3781582119e-01  4.6720011355e-01 -6.0848635949e-01 -1.9591339887e+00 -2.4797236959e+00 -6.9622007277e-01 -1.8012910208e+00  3.9728505640e-01 -1.1064487032e+00  5.1492801910e-01  1.4206695907e+00  3.2940783952e-01  2.1089632239e+00 -2.5347089229e+00 -1.7180766978e+00  5.7396458453e-01 -4.5035111274e+00 -1.0432387658e+00 -2.3743401393e+00 -4.9026479336e+00 -2.1734509231e+00  6.7119461570e-03 -9.8812255685e-01  1.3465373881e+00  5.1817246279e-01  4.9942274582e-01  1.6368888431e+00 -4.3329988898e-01  6.7753242828e-01 -1.6649336531e+00 -2.1587295465e+00  1.4166268885e+00 -6.7830935039e-02 -1.9191165390e+00 -1.4500251461e-01 -2.4369886408e-01 -2.7861882319e+00  8.4911800662e-01 -2.0154547214e+00  5.7699167927e-01
ENERGY -8.545229144692e+02

JOB 6
COORDS -3.7561572376e+00 -1.1672301352e+00 -1.5879603350e+00 -3.9848878109e+00 -1.7510341932e+00 -3.7149646758e-01 -1.7195439951e+00 -9.2989936325e-01 -7.5278234315e-01  7.3019923470e-01  7.5298736757e-02  1.1482768861e+00 -7.9161508142e-02  8.8038716739e-01  1.1187715365e-01 -2.8390581736e-01 -4.9263815421e-01 -6.2944411071e-01  4.6110814083e-01 -6.1661647411e-01 -1.9566746270e+00 -2.4724533884e+00 -7.0786283926e-01 -1.7947825221e+00  4.0124410099e-01 -1.1180222163e+00  5.2592841738e-01  1.4142409766e+00  3.3138400419e-01  2.1149039101e+00 -2.5342612443e+00 -1.7353671293e+00  5.7796953525e-01 -4.4950912248e+00 -1.0527132869e+00 -2.3737886943e+00 -4.9011288722e+00 -2.1882491680e+00  3.4260890590e-03 -9.8938893612e-01  1.3375094396e+00  5.0321842811e-01  5.0503037322e-01  1.6170762155e+00 -4.4263804638e-01  4.8288495254e-01 -1.6587312993e+00 -2.2906844667e+00  1.4894086997e+00 -2.6071457318e-01 -1.8421096764e+00 -4.3165276141e-02 -2.8550274718e-02 -2.7262691471e+00  8.5572741940e-01 -2.0250223353e+00  5.9488935743e-01
ENERGY -8.545236620731e+02

JOB 7
COORDS -3.7308307633e+00 -1.1744913779e+00 -1.5828112609e+00 -3.9771735714e+00 -1.7349864127e+00 -3.5887166990e-01 -1.6913275465e+00 -9.7479277341e-01 -7.4655051947e-01  7.6172188723e-01 -6.0927061599e-02  1.1734761885e+00 -2.3966636969e-02  7.8410649072e-01  1.4832696990e-01 -2.4600082199e-01 -5.6636315499e-01 -6.2769605317e-01  4.7250596177e-01 -6.4700723246e-01 -1.9749637905e+00 -2.4357048093e+00 -7.5028416633e-01 -1.7937605063e+00  4.3859493140e-01 -1.2288785712e+00  5.0383811580e-01  1.4260273777e+00  1.5772204031e-01  2.1627706771e+00 -2.5286610730e+00 -1.7417646489e+00  5.9407398002e-01 -4.4648211135e+00 -1.0540554920e+00 -2.3723683298e+00 -4.9043197949e+00 -2.1457321498e+00  1.9187880999e-02 -9.2867668343e-01  1.2516172207e+00  5.3964715136e-01  5.8386090747e-01  1.5196875529e+00 -3.8212479078e-01  2.9688676718e-01 -1.6073334281e+00 -2.4662580621e+00  1.5482979739e+00 -5.1675154261e-01 -1.8185691753e+00  1.2571590502e-01  1.5154579612e-01 -2.6341707431e+00  8.5016469269e-01 -2.1559561393e+00  5.7044632868e-01
ENERGY -8.545228727497e+02

JOB 8
COORDS -3.7226454714e+00 -1.1959312043e+00 -1.5695131593e+00 -3.9657022424e+00 -1.7445771464e+00 -3.3965405973e-01 -1.6779787498e+00 -9.9790948827e-01 -7.4366202684e-01  7.6298561533e-01 -8.6766901226e-02  1.1774328359e+00 -1.9321138404e-02  7.5891124185e-01  1.4946047277e-01 -2.3109182030e-01 -5.8991711311e-01 -6.3324637068e-01  4.7664076199e-01 -6.5877521286e-01 -1.9927357202e+00 -2.4265095403e+00 -7.7891624126e-01 -1.7889843856e+00  4.5719257343e-01 -1.2520056579e+00  4.9575517203e-01  1.4138909735e+00  1.3030425245e-01  2.1759327113e+00 -2.5127018768e+00 -1.7509554040e+00  6.0670536596e-01 -4.4595386126e+00 -1.0792629966e+00 -2.3569520165e+00 -4.8925706585e+00 -2.1492793729e+00  4.5519580260e-02 -9.2872660601e-01  1.2214320742e+00  5.3568809089e-01  5.9044764501e-01  1.4986395717e+00 -3.7274368006e-01  1.2312203709e-01 -1.4965915447e+00 -2.5963439549e+00  1.5539938945e+00 -7.6430171610e-01 -1.8283264305e+00  3.2598376663e-01  2.6912893534e-01 -2.5484671018e+00  8.6217381385e-01 -2.1814925434e+00  5.6765336311e-01
ENERGY -8.545208919165e+02

JOB 9
COORDS -3.7237275382e+00 -1.2166820790e+00 -1.5639238467e+00 -3.9564304597e+00 -1.7604569660e+00 -3.2992677715e-01 -1.6781047839e+00 -9.9204534751e-01 -7.4713182064e-01  7.2936003373e-01 -2.7071483710e-02  1.1796133318e+00 -5.3881077619e-02  7.9689211065e-01  1.3599214545e-01 -2.3649261879e-01 -5.6258333742e-01 -6.3987591866e-01  4.8556408680e-01 -6.4677651649e-01 -1.9980509666e+00 -2.4329043717e+00 -7.8752102784e-01 -1.7907804395e+00  4.5179265338e-01 -1.2020681888e+00  5.0349635728e-01  1.3631366876e+00  2.0882118570e-01  2.1848809762e+00 -2.5000344962e+00 -1.7449731773e+00  6.1103604642e-01 -4.4645552866e+00 -1.1125834387e+00 -2.3494255713e+00 -4.8772832316e+00 -2.1734889763e+00  6.0830063416e-02 -9.7422669138e-01  1.2500457179e+00  5.0735142913e-01  5.5150655771e-01  1.5411270882e+00 -3.8434739857e-01 -2.5957242883e-02 -1.3172324749e+00 -2.6892996894e+00  1.5073874584e+00 -1.0061790676e+00 -1.8426960471e+00  5.6343985307e-01  3.3948071715e-01 -2.4605790699e+00  8.7461263220e-01 -2.1228188983e+00  5.8559669339e-01
ENERGY -8.545186754241e+02

JOB 10
COORDS -3.7216437601e+00 -1.2404184445e+00 -1.5553306544e+00 -3.9431620450e+00 -1.7872790485e+00 -3.2063685955e-01 -1.6719067006e+00 -1.0040966706e+00 -7.5176898466e-01  7.3479702265e-01 -3.3616881924e-02  1.1777359274e+00 -5.2438175410e-02  7.9284257675e-01  1.4135096960e-01 -2.3329561054e-01 -5.6309407810e-01 -6.4688874968e-01  5.0474324696e-01 -6.5782403270e-01 -1.9993699779e+00 -2.4352169238e+00 -8.0272054783e-01 -1.7898349798e+00  4.5867676205e-01 -1.2040304150e+00  4.9592822885e-01  1.3685172980e+00  1.9919725673e-01  2.1838943941e+00 -2.4808782283e+00 -1.7635624743e+00  6.1062139374e-01 -4.4679941977e+00 -1.1398569729e+00 -2.3360278733e+00 -4.8588761939e+00 -2.2066402563e+00  7.5475264982e-02 -9.7382545334e-01  1.2379945112e+00  5.2031872089e-01  5.4512382857e-01  1.5452842832e+00 -3.7549036908e-01 -1.4096678695e-01 -1.0778807593e+00 -2.7711624302e+00  1.3906479917e+00 -1.2903217764e+00 -1.8980901800e+00  8.3577540122e-01  3.2550686154e-01 -2.3408671248e+00  8.7739591383e-01 -2.1268915943e+00  5.7710056806e-01
ENERGY -8.545176215844e+02

JOB 11
COORDS -3.8332452706e+00 -6.9930290045e-01 -1.6394361170e+00 -4.1438182591e+00 -1.3879977769e+00 -4.9850897319e-01 -1.7805262816e+00 -8.7604949121e-01 -8.2555794709e-01  7.5161268159e-01 -5.4861625528e-01  1.1892063039e+00  8.3093691702e-02  5.2200912987e-01  3.0693821842e-01 -2.9637954553e-01 -6.6499447387e-01 -6.6381544058e-01  4.5272439686e-01 -6.9703492630e-01 -2.0098389923e+00 -2.4951084755e+00 -4.1603302180e-01 -1.8149643302e+00  2.7686296082e-01 -1.5595771269e+00  3.7299272673e-01  1.4385613580e+00 -5.5600918372e-01  2.1870693198e+00 -2.7050648046e+00 -1.7094689532e+00  4.1400961748e-01 -4.5479411106e+00 -3.7941947812e-01 -2.3901307979e+00 -5.1143075359e+00 -1.7285566821e+00 -1.6166456928e-01 -7.6411014865e-01  1.0257113265e+00  7.7580193283e-01  7.7153960619e-01  1.2569407752e+00 -1.1232054594e-01 -2.5335435318e-01 -6.0146899870e-01 -2.8366372567e+00  9.9559178734e-01 -1.6384028932e+00 -2.1261400357e+00  1.1573453642e+00  1.3383408141e-01 -2.0933650694e+00  5.8961334951e-01 -2.5239514170e+00  2.9280527098e-01
ENERGY -8.545185273024e+02

JOB 12
COORDS -3.8323309000e+00 -7.2256550947e-01 -1.6357492441e+00 -4.1338156563e+00 -1.4197077900e+00 -4.9727738732e-01 -1.7803486104e+00 -8.6000850008e-01 -8.1522986846e-01  7.7110636352e-01 -4.5238369140e-01  1.1787463702e+00  7.4494731361e-02  5.8896766336e-01  2.8407854609e-01 -3.0134026967e-01 -6.2413943197e-01 -6.5316905657e-01  4.5002501628e-01 -6.8464657028e-01 -1.9896139980e+00 -2.4998628259e+00 -4.1254116660e-01 -1.8071208814e+00  2.8692148187e-01 -1.4895486723e+00  4.0109269810e-01  1.4820569994e+00 -4.2711924733e-01  2.1595043043e+00 -2.6922056766e+00 -1.7124440668e+00  4.1999165893e-01 -4.5508520404e+00 -4.1524108694e-01 -2.3880247096e+00 -5.0987958755e+00 -1.7787157865e+00 -1.6377933605e-01 -7.7474702335e-01  1.0864711681e+00  7.5601692827e-01  7.4131573446e-01  1.3283412487e+00 -1.6179931897e-01 -2.0370330123e-01 -3.4911684365e-01 -2.7976417964e+00  7.6626527576e-01 -1.7080290567e+00 -2.2098425616e+00  1.3214878799e+00 -2.4764789665e-02 -1.9788451307e+00  6.2031984674e-01 -2.4480719030e+00  3.3352945265e-01
ENERGY -8.545207280802e+02

JOB 13
COORDS -3.8316607447e+00 -7.3743367456e-01 -1.6376370468e+00 -4.1344497058e+00 -1.4453785945e+00 -5.0622841455e-01 -1.7819412063e+00 -8.7252715011e-01 -8.1117851419e-01  7.6982407717e-01 -4.5768243807e-01  1.1803321132e+00  7.3525977225e-02  5.8036724778e-01  2.7998011093e-01 -3.0366620989e-01 -6.3692358608e-01 -6.4690128589e-01  4.3881310588e-01 -6.8947843977e-01 -1.9824466631e+00 -2.4998552322e+00 -4.2017561680e-01 -1.8021072078e+00  2.8855667649e-01 -1.4995119679e+00  4.0594788314e-01  1.4799867259e+00 -4.2773283359e-01  2.1615862779e+00 -2.6944566166e+00 -1.7394891605e+00  4.1329684224e-01 -4.5489675557e+00 -4.2662486352e-01 -2.3896454154e+00 -5.0992046543e+00 -1.8102726344e+00 -1.7854534877e-01 -7.7276836097e-01  1.0867267607e+00  7.4725538881e-01  7.4502717704e-01  1.3115040734e+00 -1.7327936347e-01 -1.1867709139e-01 -1.3212780241e-01 -2.7387782719e+00  5.3739249660e-01 -1.7226083863e+00 -2.3285630032e+00  1.4311544275e+00 -2.3981484094e-01 -1.8861238534e+00  6.2432078100e-01 -2.4572706963e+00  3.4049349883e-01
ENERGY -8.545228039451e+02

JOB 14
COORDS -3.8208653603e+00 -7.6217654042e-01 -1.6358955352e+00 -4.1200221919e+00 -1.4611456094e+00 -4.9795299316e-01 -1.7725196505e+00 -8.7198172186e-01 -8.0287427381e-01  7.7469919631e-01 -4.0455291380e-01  1.1772536777e+00  6.8935841180e-02  6.1196073597e-01  2.5760013774e-01 -2.9554635072e-01 -6.2540448301e-01 -6.4406541993e-01  4.3352771564e-01 -6.7276856336e-01 -1.9849341400e+00 -2.4912467678e+00 -4.3539862696e-01 -1.8002458323e+00  3.0745981253e-01 -1.4649352062e+00  4.1776526752e-01  1.4824800872e+00 -3.5200714608e-01  2.1591416009e+00 -2.6801370865e+00 -1.7343108175e+00  4.2840425893e-01 -4.5391275742e+00 -4.6486795550e-01 -2.3924510706e+00 -5.0825319579e+00 -1.8303230690e+00 -1.6855211761e-01 -7.8154535769e-01  1.1213707862e+00  7.1349103578e-01  7.3745237039e-01  1.3375357397e+00 -2.0938068477e-01 -1.8661540178e-03  5.3791958885e-02 -2.6741516213e+00  3.4069446446e-01 -1.6641358973e+00 -2.4393206084e+00  1.4945880322e+00 -4.4725217003e-01 -1.8415950093e+00  6.5183758850e-01 -2.4204562981e+00  3.6887797174e-01
ENERGY -8.545236613564e+02

JOB 15
COORDS -3.8004191329e+00 -8.0144260603e-01 -1.6393448022e+00 -4.1056207346e+00 -1.4532030564e+00 -4.7533528711e-01 -1.7537949636e+00 -8.8895385321e-01 -8.0069584703e-01  7.7678839853e-01 -4.2005928248e-01  1.1809649086e+00  7.8687561156e-02  5.9665729616e-01  2.5347128547e-01 -2.7562233660e-01 -6.4102936622e-01 -6.5108627857e-01  4.3651468287e-01 -6.6095281942e-01 -2.0040532756e+00 -2.4690820639e+00 -4.8785146588e-01 -1.8151062714e+00  3.3589890182e-01 -1.4785232704e+00  4.0411980342e-01  1.4626986493e+00 -3.6825002890e-01  2.1782583552e+00 -2.6678303032e+00 -1.6985223563e+00  4.6212431454e-01 -4.5161424657e+00 -5.3115321682e-01 -2.4083217937e+00 -5.0702486329e+00 -1.8054529890e+00 -1.3378922306e-01 -7.7473295253e-01  1.1108081180e+00  6.9794631763e-01  7.5710327616e-01  1.3172850328e+00 -2.0741153699e-01  1.5552775409e-01  2.1048873951e-01 -2.5979339366e+00  1.5871199328e-01 -1.5537409267e+00 -2.5726391601e+00  1.5196815679e+00 -6.8139733754e-01 -1.8501653094e+00  6.6173162540e-01 -2.4408469830e+00  3.6899923799e-01
ENERGY -8.545228884204e+02

JOB 16
COORDS -3.8041636702e+00 -8.7037118161e-01 -1.6381563919e+00 -4.0929741930e+00 -1.4706539978e+00 -4.4281845348e-01 -1.7572612384e+00 -8.5730798177e-01 -7.9509265942e-01  7.2310104739e-01 -2.1347739482e-01  1.1836746399e+00  4.8859619813e-03  7.3509746831e-01  1.9980739806e-01 -2.8756372837e-01 -5.5372328104e-01 -6.5548182028e-01  4.2678023524e-01 -5.9826793167e-01 -2.0128548208e+00 -2.4815447376e+00 -5.2928534827e-01 -1.8288586505e+00  3.4631833231e-01 -1.3184137201e+00  4.3947420167e-01  1.3800470957e+00 -9.3518805555e-02  2.1944911043e+00 -2.6506574549e+00 -1.6277563558e+00  5.0694262916e-01 -4.5256206858e+00 -6.5985071792e-01 -2.4203549554e+00 -5.0476562163e+00 -1.8336284157e+00 -8.4956363733e-02 -8.7550667181e-01  1.2340077430e+00  6.0742137977e-01  6.6471155986e-01  1.4605499305e+00 -2.7973333972e-01  3.1616323245e-01  3.4788869214e-01 -2.5452371787e+00  3.5672576635e-03 -1.3824310814e+00 -2.6460279640e+00  1.4858084848e+00 -8.2918362591e-01 -1.8653367248e+00  6.8951782643e-01 -2.2748832087e+00  4.6297980887e-01
ENERGY -8.545208481684e+02

JOB 17
COORDS -3.8044732177e+00 -8.8273975698e-01 -1.6216656160e+00 -4.0802632083e+00 -1.4949315053e+00 -4.2933633579e-01 -1.7489567281e+00 -8.7396878758e-01 -7.9819454806e-01  7.1329570589e-01 -2.2295784268e-01  1.1878015553e+00  1.9753126929e-03  7.2412300501e-01  1.9867133396e-01 -2.7900063566e-01 -5.6453533986e-01 -6.6433922019e-01  4.4196353065e-01 -6.1571182979e-01 -2.0250084338e+00 -2.4843330252e+00 -5.3730723557e-01 -1.8212515375e+00  3.5365481341e-01 -1.3266175174e+00  4.3473544621e-01  1.3549824160e+00 -1.0208103041e-01  2.2083479429e+00 -2.6285981684e+00 -1.6579229864e+00  5.0500146427e-01 -4.5337354225e+00 -6.6596947230e-01 -2.3948846825e+00 -5.0306098467e+00 -1.8637996078e+00 -6.5984355286e-02 -8.8327662842e-01  1.2217468870e+00  5.9738493070e-01  6.6597634102e-01  1.4513264141e+00 -2.7184702762e-01  5.7900046771e-01  3.8402870688e-01 -2.4411028931e+00 -1.3498928055e-01 -1.1945969845e+00 -2.7486997414e+00  1.4165723832e+00 -1.0984642023e+00 -1.9119871726e+00  7.0084027666e-01 -2.2816544862e+00  4.5985250385e-01
ENERGY -8.545186110237e+02

JOB 18
COORDS -3.8097744621e+00 -9.1941810369e-01 -1.6235020356e+00 -4.0762024664e+00 -1.5173574639e+00 -4.2179992096e-01 -1.7534872841e+00 -8.7139913480e-01 -8.0302977253e-01  7.0690578523e-01 -1.7821636988e-01  1.1810314103e+00 -1.7015132289e-02  7.5642301886e-01  1.9169260841e-01 -2.8847514616e-01 -5.3855389770e-01 -6.6994901722e-01  4.5120825123e-01 -6.1226574313e-01 -2.0229748376e+00 -2.4946661575e+00 -5.5977260737e-01 -1.8298802800e+00  3.4978249038e-01 -1.2877380792e+00  4.3795047294e-01  1.3533435225e+00 -4.5336654282e-02  2.1972283157e+00 -2.6216129604e+00 -1.6474915595e+00  5.1269851085e-01 -4.5425121864e+00 -7.2385426236e-01 -2.3990653730e+00 -5.0212371499e+00 -1.8932931304e+00 -5.1835516652e-02 -9.0745368742e-01  1.2408619585e+00  5.9577147997e-01  6.3127797434e-01  1.4945397183e+00 -2.8281330455e-01  8.6356992092e-01  3.5951634004e-01 -2.3035750807e+00 -2.2041595582e-01 -9.3063421047e-01 -2.8208820212e+00  1.2815543419e+00 -1.3203017980e+00 -1.9574445640e+00  7.0207928689e-01 -2.2409153712e+00  4.6920836752e-01
ENERGY -8.545176202269e+02

JOB 19
COORDS -3.8233369565e+00 -9.6124197911e-01 -1.6333067156e+00 -4.0835251413e+00 -1.5206144544e+00 -4.1180864775e-01 -1.7827325537e+00 -8.0141247468e-01 -7.8813625456e-01  6.6347700001e-01  7.1519480119e-02  1.1732714392e+00 -1.0360582280e-01  9.3306772184e-01  1.5291692602e-01 -3.3411679173e-01 -4.0885540499e-01 -6.4836835562e-01  4.3949115122e-01 -5.4136646928e-01 -1.9738083267e+00 -2.5198634172e+00 -5.5987442636e-01 -1.8366699464e+00  3.1367629006e-01 -1.0865907674e+00  5.0223704781e-01  1.3327496123e+00  2.7446975159e-01  2.1624997172e+00 -2.6391914389e+00 -1.5570146921e+00  5.4660524430e-01 -4.5516247608e+00 -8.2520744656e-01 -2.4255927091e+00 -5.0190630306e+00 -1.9170341209e+00 -3.9094696865e-02 -1.0095124501e+00  1.3950218530e+00  5.4950031990e-01  5.0397143141e-01  1.6791886288e+00 -3.6089519593e-01  1.0831636677e+00  3.2768385425e-01 -2.1359622685e+00 -2.4023298619e-01 -6.2871394141e-01 -2.8215734653e+00  1.0991780835e+00 -1.4129567799e+00 -1.9381305112e+00  7.2833405437e-01 -2.0136727595e+00  5.5621450977e-01
ENERGY -8.545185953458e+02

JOB 20
COORDS -3.8215208151e+00 -9.8218678665e-01 -1.6266255570e+00 -4.0706747924e+00 -1.5504081157e+00 -4.0679176733e-01 -1.7835406444e+00 -7.8811511393e-01 -7.8210528539e-01  6.7243472133e-01  1.4776805293e-01  1.1531113486e+00 -1.1495132928e-01  9.8279720844e-01  1.2678783813e-01 -3.4144665282e-01 -3.7531213161e-01 -6.4515560965e-01  4.3621860293e-01 -5.2868417120e-01 -1.9592626846e+00 -2.5258939895e+00 -5.5634329562e-01 -1.8295375001e+00  3.1795068723e-01 -1.0272698486e+00  5.1401453224e-01  1.3561827434e+00  3.7619438115e-01  2.1269159365e+00 -2.6252954623e+00 -1.5625724075e+00  5.5041127730e-01 -4.5529654525e+00 -8.5651186641e-01 -2.4177340094e+00 -4.9988716285e+00 -1.9637178751e+00 -3.4106952939e-02 -1.0208513471e+00  1.4420769997e+00  5.2671348352e-01  4.7652219984e-01  1.7259361066e+00 -4.0976759537e-01  1.2605451970e+00  1.8986064453e-01 -1.9967214354e+00 -2.1222556262e-01 -3.7172020900e-01 -2.8218844575e+00  8.8871389251e-01 -1.5236547998e+00 -2.0136442527e+00  7.4671201378e-01 -1.9473774702e+00  5.7757359428e-01
ENERGY -8.545207987085e+02

JOB 21
COORDS -3.8178665712e+00 -9.9611268822e-01 -1.6275164374e+00 -4.0675146307e+00 -1.5772723577e+00 -4.1391220125e-01 -1.7830899124e+00 -8.0044740362e-01 -7.7627187923e-01  6.7137043483e-01  1.4177657096e-01  1.1573059934e+00 -1.1426862188e-01  9.7317918509e-01  1.2550639847e-01 -3.4167786622e-01 -3.8776473503e-01 -6.3616433320e-01  4.2838715063e-01 -5.3435551154e-01 -1.9489987105e+00 -2.5238620813e+00 -5.6181525257e-01 -1.8233663149e+00  3.2000721804e-01 -1.0370124721e+00  5.2181322846e-01  1.3539772122e+00  3.7425223729e-01  2.1309396571e+00 -2.6242584972e+00 -1.5917549802e+00  5.4653510715e-01 -4.5481175066e+00 -8.6591849405e-01 -2.4189956208e+00 -4.9949433397e+00 -1.9974485037e+00 -4.7068529583e-02 -1.0183341570e+00  1.4413450947e+00  5.1853877513e-01  4.8420466229e-01  1.7074193863e+00 -4.1633130312e-01  1.3790833635e+00  4.1614125441e-03 -1.8854171160e+00 -1.5419676227e-01 -1.4505354317e-01 -2.7854330273e+00  6.6082172106e-01 -1.5879454440e+00 -2.1349165350e+00  7.5362760849e-01 -1.9547081727e+00  5.8590788135e-01
ENERGY -8.545228266391e+02

JOB 22
COORDS -3.8006973796e+00 -1.0185121457e+00 -1.6220038449e+00 -4.0495059524e+00 -1.5888823364e+00 -4.0310654019e-01 -1.7706071353e+00 -7.9758411040e-01 -7.6777786532e-01  6.6897375949e-01  1.9958088375e-01  1.1505913114e+00 -1.2020536047e-01  1.0030049991e+00  9.7385958527e-02 -3.3146798991e-01 -3.7508794569e-01 -6.3274211243e-01  4.2738186739e-01 -5.2166568327e-01 -1.9497595456e+00 -2.5095979879e+00 -5.7609352266e-01 -1.8196609578e+00  3.3330518205e-01 -9.9634726190e-01  5.3653829345e-01  1.3454674976e+00  4.5766209650e-01  2.1219324630e+00 -2.6086850501e+00 -1.5817070162e+00  5.6132554140e-01 -4.5298687299e+00 -9.0230198852e-01 -2.4166379300e+00 -4.9747866993e+00 -2.0119814244e+00 -3.4207025641e-02 -1.0298843915e+00  1.4730433547e+00  4.7450246801e-01  4.7745337181e-01  1.7284559109e+00 -4.5752809295e-01  1.4546253895e+00 -1.6365633410e-01 -1.8310990174e+00 -6.9063288219e-02  5.1821578124e-02 -2.7351407872e+00  4.5389064522e-01 -1.5697880774e+00 -2.2641010537e+00  7.7787601116e-01 -1.9071368666e+00  6.1893829204e-01
ENERGY -8.545236603099e+02

JOB 23
COORDS -3.7697052113e+00 -1.0382834552e+00 -1.6168284442e+00 -4.0324694942e+00 -1.5722257587e+00 -3.8450587656e-01 -1.7388259056e+00 -8.2928408492e-01 -7.6195232803e-01  6.9505916910e-01  1.1726579694e-01  1.1676250126e+00 -7.4490254522e-02  9.4202733232e-01  1.1422286393e-01 -2.9312047009e-01 -4.2488652696e-01 -6.3380350962e-01  4.4144343941e-01 -5.4115380884e-01 -1.9692870684e+00 -2.4705714279e+00 -6.2329384383e-01 -1.8217787198e+00  3.7351095527e-01 -1.0644751606e+00  5.2158496787e-01  1.3493605538e+00  3.5549000527e-01  2.1590650766e+00 -2.5944806425e+00 -1.5652934684e+00  5.8431074515e-01 -4.4941806695e+00 -9.3119753020e-01 -2.4170128996e+00 -4.9656321081e+00 -1.9710365282e+00 -8.4633639720e-03 -9.8195117579e-01  1.4215296360e+00  4.8418696132e-01  5.4223630432e-01  1.6633158896e+00 -4.2544644937e-01  1.5158726509e+00 -4.0056769081e-01 -1.8214784064e+00  7.1121835195e-02  2.2097944488e-01 -2.6591569776e+00  2.5149688826e-01 -1.5097309091e+00 -2.4401769547e+00  7.8198678144e-01 -1.9908272215e+00  6.1295097470e-01
ENERGY -8.545229588148e+02

