JOB 0
COORDS  1.8845153346e+00 -1.0172488886e+00 -1.1045496873e-01  2.8760131371e+00 -1.7228353398e+00  5.8282818640e-01  8.5074816348e-01 -3.8499567769e-01  5.8653808378e-01  2.8382507444e+00 -1.7963285768e+00  1.9751653117e+00  8.0141820038e-01 -4.5229697513e-01  1.9814893921e+00  1.8027806282e+00 -1.1539261333e+00  2.6696208166e+00  3.5618470911e-01 -7.7920498680e-01  5.0192462423e+00  1.6599877036e+00 -1.1976436694e+00  4.4638417335e+00  2.2187936682e+00 -3.1149023095e+00  5.0050049405e+00  3.2576505451e+00 -7.9825567332e-02  5.1581611817e+00  1.9168429821e+00 -9.6584095770e-01 -1.1954861715e+00  3.6751128005e+00 -2.2184819194e+00  3.8908034896e-02  7.8228457592e-02  1.5572356024e-01  4.7110398084e-02  3.6053380600e+00 -2.3466617105e+00  2.5119091270e+00 -3.7443309418e-03  2.2775845367e-02  2.5336419112e+00
ENERGY -1.568665992826e+03

JOB 1
COORDS  1.8843883638e+00 -1.0070555067e+00 -1.3108953555e-01  2.8278987470e+00 -1.7895471973e+00  5.4377752237e-01  9.0604065197e-01 -3.0982246706e-01  5.8525090784e-01  2.8023632795e+00 -1.8738150221e+00  1.9369548171e+00  8.6784541878e-01 -3.8899090213e-01  1.9787805922e+00  1.8277749167e+00 -1.1633487368e+00  2.6510916025e+00  3.1954052078e-01 -1.0277761442e+00  4.9898385153e+00  1.6812798683e+00 -1.2110312919e+00  4.4466006426e+00  2.5756341390e+00 -2.9802791508e+00  5.0336726079e+00  3.0337525186e+00  2.0113911484e-01  5.1274493133e+00  1.9073936498e+00 -9.4743558163e-01 -1.2159131686e+00  3.5812921734e+00 -2.3389765704e+00 -1.3517180965e-02  1.6631415839e-01  2.8844222604e-01  6.0828460009e-02  3.5335699883e+00 -2.4841475010e+00  2.4571845780e+00  9.7884528128e-02  1.3169753371e-01  2.5402950181e+00
ENERGY -1.568665010674e+03

JOB 2
COORDS  1.8785259482e+00 -1.0119175711e+00 -1.2002955193e-01  2.7637154516e+00 -1.8551679073e+00  5.5797338369e-01  9.5391977521e-01 -2.4290661171e-01  5.9565434659e-01  2.7366341676e+00 -1.9298161477e+00  1.9529728948e+00  9.1338528240e-01 -3.1354946216e-01  1.9883576255e+00  1.8184140946e+00 -1.1487498118e+00  2.6665249236e+00  2.5830665282e-01 -1.2412402302e+00  4.9796452763e+00  1.6411270658e+00 -1.1904499814e+00  4.4615163966e+00  2.8233198401e+00 -2.7538707552e+00  5.1151781171e+00  2.6978656926e+00  4.6322702459e-01  5.1249282337e+00  1.9045295522e+00 -9.5791843401e-01 -1.2050584846e+00  3.4754170588e+00 -2.4598981617e+00  3.1060638489e-03  2.5781823284e-01  4.0492725376e-01  7.0481059803e-02  3.4266440971e+00 -2.5855003095e+00  2.4731337621e+00  1.8187028031e-01  2.6631903610e-01  2.5438138190e+00
ENERGY -1.568663782977e+03

JOB 3
COORDS  1.8769479523e+00 -9.9092214771e-01 -1.3699869342e-01  2.7108331643e+00 -1.9076738809e+00  5.0834456776e-01  1.0147420068e+00 -1.7968044976e-01  6.1020207901e-01  2.6945527787e+00 -2.0174503069e+00  1.9018094385e+00  9.8520940455e-01 -2.8378799606e-01  2.0004280095e+00  1.8384947346e+00 -1.1961570042e+00  2.6461782979e+00  2.9535115842e-01 -1.6230209976e+00  4.9421681736e+00  1.6501626343e+00 -1.3164019313e+00  4.4384343587e+00  3.0899521226e+00 -2.6553194374e+00  5.0734404500e+00  2.3818002680e+00  4.8729333209e-01  5.1490190103e+00  1.8953129151e+00 -9.0951000656e-01 -1.2204484554e+00  3.3762329773e+00 -2.5423803309e+00 -6.9952882737e-02  3.6054363176e-01  5.2943566635e-01  1.1098254253e-01  3.3469691283e+00 -2.7293223514e+00  2.3955843183e+00  3.0575248046e-01  3.3814549192e-01  2.5765283374e+00
ENERGY -1.568662730368e+03

JOB 4
COORDS  1.8848227177e+00 -1.0023270067e+00 -1.4567740606e-01  2.6587791768e+00 -1.9728275126e+00  4.9590618862e-01  1.0912768486e+00 -1.2685258296e-01  6.0474300752e-01  2.6479170949e+00 -2.0720544840e+00  1.8899833333e+00  1.0723516935e+00 -2.1900925992e-01  1.9962041593e+00  1.8642798573e+00 -1.1849767703e+00  2.6399770660e+00  3.8358707675e-01 -1.8726289137e+00  4.9249082016e+00  1.6708638669e+00 -1.3411127396e+00  4.4308746653e+00  3.3085650447e+00 -2.4252140457e+00  5.0727415868e+00  2.0882034643e+00  5.5477885199e-01  5.1555884596e+00  1.8977196501e+00 -9.2779938699e-01 -1.2296443647e+00  3.2729533393e+00 -2.6553953955e+00 -8.4585082419e-02  4.8510394605e-01  6.2561083037e-01  1.0834961074e-01  3.2533925419e+00 -2.8264128809e+00  2.3806402533e+00  4.5203046032e-01  4.6075134839e-01  2.5733295882e+00
ENERGY -1.568662108081e+03

JOB 5
COORDS  1.8778792460e+00 -1.0067208921e+00 -1.4263170546e-01  2.5882776061e+00 -2.0226307083e+00  5.0399134435e-01  1.1488214730e+00 -7.6510049851e-02  6.0538342837e-01  2.5749682330e+00 -2.1125635181e+00  1.8975757033e+00  1.1282191330e+00 -1.5746396587e-01  1.9987493218e+00  1.8513748497e+00 -1.1719725949e+00  2.6456684092e+00  5.1772435553e-01 -2.1428253265e+00  4.9236264709e+00  1.6790297910e+00 -1.3703045993e+00  4.4354997218e+00  3.4924305242e+00 -2.1425237643e+00  5.0652507817e+00  1.7409721267e+00  5.5948281935e-01  5.1828532306e+00  1.8935961425e+00 -9.3864368328e-01 -1.2270043578e+00  3.1551374151e+00 -2.7471744198e+00 -7.3714057389e-02  5.9521552110e-01  7.1388954326e-01  1.0655046114e-01  3.1329832577e+00 -2.9015715497e+00  2.3913432011e+00  5.6306009434e-01  5.7096785399e-01  2.5718314928e+00
ENERGY -1.568661864980e+03

JOB 6
COORDS  1.8886855738e+00 -1.0023863645e+00 -1.3788866895e-01  2.5236721332e+00 -2.0664140000e+00  5.1229642083e-01  1.2286450612e+00 -2.0051286536e-02  6.0550559422e-01  2.5000892767e+00 -2.1501460540e+00  1.9047062128e+00  1.1997121702e+00 -9.4127100050e-02  2.0005194566e+00  1.8413153920e+00 -1.1579672374e+00  2.6497171917e+00  7.4062119995e-01 -2.3794197378e+00  4.9301200257e+00  1.7180757189e+00 -1.3853663480e+00  4.4399765028e+00  3.6577542798e+00 -1.7955097121e+00  5.0385766836e+00  1.4129453444e+00  5.0826564098e-01  5.2130964279e+00  1.9108365667e+00 -9.3879905500e-01 -1.2224159046e+00  3.0377033080e+00 -2.8314851238e+00 -6.2597536468e-02  7.3592438707e-01  8.0768904029e-01  1.0337321766e-01  2.9975085205e+00 -2.9770148789e+00  2.4028128367e+00  6.9034360747e-01  6.7587350535e-01  2.5702172800e+00
ENERGY -1.568661957589e+03

JOB 7
COORDS  1.9101634427e+00 -1.0020326360e+00 -1.4725994755e-01  2.4504556188e+00 -2.1132964550e+00  5.1075186368e-01  1.3133894736e+00  2.5801474280e-02  5.8734730157e-01  2.3928598970e+00 -2.1992776974e+00  1.9014067823e+00  1.2552193512e+00 -4.7196066582e-02  1.9821066086e+00  1.7941628079e+00 -1.1614933674e+00  2.6372183117e+00  9.7934269198e-01 -2.5726030702e+00  4.9173930227e+00  1.7222125194e+00 -1.3927629066e+00  4.4279672546e+00  3.7073872392e+00 -1.3899415560e+00  5.0206819742e+00  1.0317459734e+00  3.9453611308e-01  5.2025092482e+00  1.9559205389e+00 -9.3848999434e-01 -1.2310747783e+00  2.9147024313e+00 -2.9139835864e+00 -5.7949132720e-02  8.9312783901e-01  8.8891050831e-01  7.8917314026e-02  2.8080785945e+00 -3.0661686710e+00  2.4077747567e+00  7.9706572311e-01  7.5801204806e-01  2.5458318575e+00
ENERGY -1.568662532263e+03

JOB 8
COORDS  1.9198906300e+00 -1.0025049108e+00 -1.4736011551e-01  2.3606765932e+00 -2.1656345524e+00  4.9413242894e-01  1.4057517676e+00  6.0632002970e-02  6.0087594980e-01  2.2868465666e+00 -2.2690863052e+00  1.8833724653e+00  1.3330428876e+00 -2.8748837883e-02  1.9933741514e+00  1.7660753410e+00 -1.1984594754e+00  2.6309426722e+00  1.3046903241e+00 -2.7371074055e+00  4.9166794431e+00  1.7707456104e+00 -1.4255871181e+00  4.4207084514e+00  3.7123747079e+00 -9.8230879904e-01  4.9902580470e+00  7.1237530797e-01  1.7001066759e-01  5.1980235400e+00  1.9768583295e+00 -9.2580710358e-01 -1.2298218719e+00  2.7590473837e+00 -2.9933356619e+00 -8.5747023280e-02  1.0625355991e+00  9.6328521169e-01  1.0336606318e-01  2.6164362844e+00 -3.1759803348e+00  2.3823292494e+00  9.4100168105e-01  8.0247856038e-01  2.5695415842e+00
ENERGY -1.568663736320e+03

JOB 9
COORDS  1.9167802058e+00 -1.0076283622e+00 -1.5457664272e-01  2.2745826149e+00 -2.2056994745e+00  4.7217915251e-01  1.4929227115e+00  8.6225325393e-02  6.0845125387e-01  2.2093494267e+00 -2.3169550513e+00  1.8626265807e+00  1.4264993508e+00 -1.0539405547e-02  1.9993455034e+00  1.7759278216e+00 -1.2172710373e+00  2.6212821506e+00  1.5868909684e+00 -2.8160682549e+00  4.8966493977e+00  1.7989955135e+00 -1.4374262146e+00  4.4093080851e+00  3.5998977954e+00 -6.1837217826e-01  5.0188805385e+00  4.3291391771e-01 -7.5385347191e-02  5.1552241529e+00  1.9660971776e+00 -9.2606159549e-01 -1.2371103461e+00  2.6011508472e+00 -3.0560500142e+00 -1.1974017137e-01  1.2139431847e+00  1.0162162257e+00  1.2129288843e-01  2.4726205449e+00 -3.2481750980e+00  2.3554688703e+00  1.1002898584e+00  8.4073130455e-01  2.5883290368e+00
ENERGY -1.568665086114e+03

JOB 10
COORDS  1.9057316259e+00 -1.0123218254e+00 -1.5044397508e-01  2.1898186494e+00 -2.2374681097e+00  4.5980185630e-01  1.5690481924e+00  1.0323713445e-01  6.2677196159e-01  2.1393610573e+00 -2.3556486795e+00  1.8513832531e+00  1.5157920731e+00 -2.3075195623e-03  2.0164515431e+00  1.7957003694e+00 -1.2355567929e+00  2.6231205175e+00  1.8346491668e+00 -2.8569084005e+00  4.8868970533e+00  1.8063878281e+00 -1.4589140109e+00  4.4092100074e+00  3.3964448691e+00 -3.1753024535e-01  5.0824899729e+00  1.8498056170e-01 -3.7426710188e-01  5.0991652994e+00  1.9446988810e+00 -9.2451266733e-01 -1.2329166696e+00  2.4489493105e+00 -3.1024599140e+00 -1.4418689907e-01  1.3481558289e+00  1.0540881528e+00  1.5016451659e-01  2.3505077864e+00 -3.3032210957e+00  2.3376289095e+00  1.2547291478e+00  8.6299389565e-01  2.6185947665e+00
ENERGY -1.568666044158e+03

JOB 11
COORDS  1.8866099873e+00 -1.0157590801e+00 -1.4800611917e-01  2.1044579784e+00 -2.2550145624e+00  4.6042178740e-01  1.6456046088e+00  1.2278236882e-01  6.3223391180e-01  2.0831625751e+00 -2.3655757053e+00  1.8538310998e+00  1.6217769232e+00  2.5080576165e-02  2.0228865708e+00  1.8409868577e+00 -1.2214779909e+00  2.6277268358e+00  2.0778637438e+00 -2.8142516425e+00  4.8989780579e+00  1.8295024316e+00 -1.4408812021e+00  4.4138052448e+00  3.1753082745e+00 -4.3509929258e-02  5.1345632912e+00  2.3414355881e-02 -6.4734948311e-01  5.0404881987e+00  1.9040300619e+00 -9.3383401807e-01 -1.2315142018e+00  2.2911849413e+00 -3.1367121419e+00 -1.4614352122e-01  1.4767334344e+00  1.0847299052e+00  1.5665487509e-01  2.2507092825e+00 -3.3214446888e+00  2.3407061914e+00  1.4349786113e+00  9.0757319680e-01  2.6281794781e+00
ENERGY -1.568666370093e+03

JOB 12
COORDS -3.3764267832e-01  2.9726166172e+00  4.2414419082e+00  9.0975708998e-01  3.5564100175e+00  4.0021589168e+00 -1.2676609053e+00  2.8437233999e+00  3.2020411218e+00  1.2356796202e+00  4.0153114259e+00  2.7230024780e+00 -9.5458875045e-01  3.2982199636e+00  1.9211813726e+00  3.0092446339e-01  3.8775501564e+00  1.6859038241e+00  2.2124502940e+00  4.8556806356e+00 -8.7382239071e-02  7.7839842548e-01  4.5428682644e+00  8.2934340568e-02  4.8341899289e-02  3.1911710969e+00 -1.3032699966e+00 -4.6784028568e-01  6.1685345078e+00 -2.1459837207e-01 -5.8702629738e-01  2.6158322974e+00  5.2371884164e+00  1.6313549248e+00  3.6543414413e+00  4.8082901282e+00 -2.2362406409e+00  2.3891728813e+00  3.3898705884e+00  2.2038706645e+00  4.4639472567e+00  2.5223671822e+00 -1.6765642220e+00  3.1979251973e+00  1.1160932965e+00
ENERGY -1.568666043917e+03

JOB 13
COORDS -3.4433032465e-01  2.9813618950e+00  4.2472981536e+00  8.6902954804e-01  3.6366247312e+00  4.0137016582e+00 -1.2428944752e+00  2.7669193551e+00  3.1961042774e+00  1.1903400343e+00  4.0785559556e+00  2.7285085986e+00 -9.3466276250e-01  3.2077123934e+00  1.9081025832e+00  2.8750724400e-01  3.8543005968e+00  1.6762719786e+00  2.2116002502e+00  4.6208989632e+00 -1.8884173497e-01  7.6056594195e-01  4.5303362103e+00  7.4647324902e-02 -2.6745742328e-01  3.4078316091e+00 -1.3279000260e+00 -2.1331257728e-01  6.3542483345e+00 -3.9941147564e-02 -5.8999475928e-01  2.6362357884e+00  5.2480578592e+00  1.5673764264e+00  3.8020847976e+00  4.8291729903e+00 -2.1848842730e+00  2.2574170481e+00  3.3782257317e+00  2.1363321105e+00  4.5761331165e+00  2.5364914828e+00 -1.6354247844e+00  3.0434954913e+00  1.0958185332e+00
ENERGY -1.568665086330e+03

JOB 14
COORDS  1.8760683751e+00 -1.0822981930e+00 -1.5001433610e-01  3.0770144489e+00 -8.6702956511e-01  5.3559995642e-01  6.8286813268e-01 -1.2503752841e+00  5.5884293297e-01  3.0874688051e+00 -8.1755170227e-01  1.9297261611e+00  6.8193018724e-01 -1.2094946724e+00  1.9555034096e+00  1.8844087636e+00 -9.8395722839e-01  2.6377155901e+00  2.8765963433e+00  1.1308735018e-01  5.0077167832e+00  2.0304335374e+00 -9.5464945766e-01  4.4356794145e+00  9.5880507572e-02 -9.4770359930e-01  5.1621752289e+00  2.6770885813e+00 -2.8594093608e+00  4.9301466539e+00  1.8709495328e+00 -1.1182913082e+00 -1.2360764555e+00  4.0048937681e+00 -7.3469958525e-01 -1.3560594663e-02 -2.4976358947e-01 -1.4165001400e+00  2.7150458117e-02  4.0163711985e+00 -6.3773696320e-01  2.4634405480e+00 -2.4544448741e-01 -1.3488819924e+00  2.5006200996e+00
ENERGY -1.568663736316e+03

JOB 15
COORDS  1.8704987638e+00 -1.0743290647e+00 -1.4966461876e-01  3.0802971151e+00 -9.7157940300e-01  5.4719090588e-01  6.6335838494e-01 -1.1531029135e+00  5.4951538557e-01  3.0845689087e+00 -9.4520187700e-01  1.9414397368e+00  6.5621067193e-01 -1.1333560309e+00  1.9472249349e+00  1.8679540088e+00 -1.0276934973e+00  2.6413717972e+00  2.5638843041e+00  3.0046243347e-01  5.0091182085e+00  1.9766111244e+00 -9.3143953352e-01  4.4426071326e+00  7.6618372426e-02 -1.3373663184e+00  5.1472093460e+00  3.0181799445e+00 -2.6395981116e+00  4.9806739016e+00  1.8705589789e+00 -1.0937788090e+00 -1.2361300982e+00  4.0202214813e+00 -9.0983478907e-01  6.1058212879e-03 -2.7668025180e-01 -1.2325081130e+00  1.0906204731e-02  4.0251769507e+00 -8.5945499659e-01  2.4783108192e+00 -2.8415193768e-01 -1.2024311250e+00  2.4829277316e+00
ENERGY -1.568662532261e+03

JOB 16
COORDS  1.9034435589e+00 -1.0809203690e+00 -1.7514437975e-01  3.1060061580e+00 -1.0728260003e+00  5.4025732972e-01  6.8341245494e-01 -1.0573967169e+00  5.0619475888e-01  3.0912458181e+00 -1.0409553291e+00  1.9349908393e+00  6.5747890862e-01 -1.0263165306e+00  1.9029206048e+00  1.8635173765e+00 -1.0235025144e+00  2.6173033042e+00  2.1961121328e+00  5.0258442090e-01  4.9545244139e+00  1.8966885853e+00 -8.4084482894e-01  4.4165814301e+00  9.1755915178e-02 -1.6016684961e+00  5.0781273408e+00  3.2403822015e+00 -2.2835690864e+00  5.0522825639e+00  1.9184318631e+00 -1.1079478199e+00 -1.2613311839e+00  4.0562706681e+00 -1.0913512562e+00  1.4227834208e-02 -2.5197531208e-01 -1.0650001044e+00 -4.6117307087e-02  4.0284937964e+00 -1.0379431201e+00  2.4834303865e+00 -2.9426372571e-01 -1.0146729756e+00  2.4234583892e+00
ENERGY -1.568661957623e+03

JOB 17
COORDS  1.8568936547e+00 -1.0447838733e+00 -1.4394222869e-01  3.0772984425e+00 -1.1358932610e+00  5.3221350803e-01  6.6132960947e-01 -9.6047458748e-01  5.7706822475e-01  3.1086723750e+00 -1.1449344124e+00  1.9283757802e+00  6.8123015459e-01 -9.6809974004e-01  1.9727736583e+00  1.9072322614e+00 -1.0708130526e+00  2.6487954550e+00  1.9541030162e+00  4.6148247550e-01  5.0067660582e+00  1.9344792996e+00 -9.0728601762e-01  4.4502081759e+00  3.1610801280e-01 -2.0231530697e+00  5.1001901516e+00  3.5378607317e+00 -2.0599044482e+00  5.0680209980e+00  1.8370109958e+00 -1.0412734387e+00 -1.2303761480e+00  4.0078463389e+00 -1.2009406868e+00 -2.4459110449e-02 -2.8878511171e-01 -8.8903226140e-01  5.5317851956e-02  4.0601045728e+00 -1.2205596779e+00  2.4448737782e+00 -2.5156004556e-01 -9.0627949611e-01  2.5246042947e+00
ENERGY -1.568661864916e+03

JOB 18
COORDS  1.8569494723e+00 -1.0527831595e+00 -1.4737265701e-01  3.0729909770e+00 -1.2216838884e+00  5.1987520160e-01  6.7319557232e-01 -8.8490222906e-01  5.8052247133e-01  3.1134041136e+00 -1.2279556597e+00  1.9169239779e+00  7.0334964029e-01 -8.8797689154e-01  1.9748333324e+00  1.9251268967e+00 -1.0745441488e+00  2.6435426462e+00  1.6540772704e+00  4.3105452128e-01  4.9985541539e+00  1.9054284391e+00 -9.1562067511e-01  4.4445200448e+00  5.0625183593e-01 -2.3129645894e+00  5.0637772296e+00  3.6784903428e+00 -1.7541216459e+00  5.0945903137e+00  1.8301078632e+00 -1.0502971643e+00 -1.2336421557e+00  3.9934298741e+00 -1.3489790488e+00 -4.2856988081e-02 -2.7295424627e-01 -7.4883668674e-01  6.4444603063e-02  4.0609472770e+00 -1.3621368655e+00  2.4273552290e+00 -2.1791650369e-01 -7.5381536056e-01  2.5345009563e+00
ENERGY -1.568662108249e+03

JOB 19
COORDS  1.8433928836e+00 -1.0508801112e+00 -1.3969674047e-01  3.0447829000e+00 -1.3016430942e+00  5.2804225279e-01  6.7714324490e-01 -7.9146817124e-01  5.9001548715e-01  3.0902225904e+00 -1.2991231205e+00  1.9252507930e+00  7.1076328072e-01 -7.8090526493e-01  1.9839691060e+00  1.9190787664e+00 -1.0492829009e+00  2.6513930430e+00  1.3947896553e+00  3.7235624826e-01  5.0046928900e+00  1.8731679231e+00 -9.1157783530e-01  4.4516287257e+00  7.2364706831e-01 -2.5250558098e+00  5.0565527171e+00  3.7582833234e+00 -1.4426731866e+00  5.1112553794e+00  1.8145357125e+00 -1.0547904927e+00 -1.2259731766e+00  3.9523186311e+00 -1.4981254549e+00 -3.5685001716e-02 -2.5753335558e-01 -5.9034796390e-01  7.4276736809e-02  4.0260750068e+00 -1.4981579199e+00  2.4361243145e+00 -1.9364788116e-01 -5.6663468640e-01  2.5463948756e+00
ENERGY -1.568662729778e+03

JOB 20
COORDS  1.8612159372e+00 -1.0432860319e+00 -1.2192408572e-01  3.0280640011e+00 -1.3754174725e+00  5.7267260896e-01  6.9825485440e-01 -7.0594282559e-01  5.7963569203e-01  3.0387923283e+00 -1.3803173942e+00  1.9698780641e+00  6.9850964793e-01 -7.0153816086e-01  1.9747073618e+00  1.8691574795e+00 -1.0545820445e+00  2.6686160202e+00  1.0516884241e+00  2.0139549062e-01  5.0238697906e+00  1.7610878035e+00 -9.6929761733e-01  4.4675850273e+00  9.1003947482e-01 -2.7748610773e+00  5.0217072180e+00  3.6958094927e+00 -1.1673111417e+00  5.1652839228e+00  1.8588824244e+00 -1.0414525864e+00 -1.2086031040e+00  3.9341433571e+00 -1.6281553871e+00  2.9310046190e-02 -2.0663732956e-01 -4.3708240006e-01  4.2106270831e-02  3.9471770818e+00 -1.6397078919e+00  2.5029244124e+00 -1.9719325205e-01 -4.1894472415e-01  2.5203755338e+00
ENERGY -1.568663782960e+03

JOB 21
COORDS  1.8603511981e+00 -1.0506339274e+00 -1.3254498985e-01  3.0071676133e+00 -1.4645022069e+00  5.5409863173e-01  7.2948216254e-01 -6.2992645045e-01  5.7497627082e-01  3.0271534724e+00 -1.4661783175e+00  1.9499130228e+00  7.3840482587e-01 -6.2364704845e-01  1.9712350755e+00  1.8871556484e+00 -1.0556410762e+00  2.6544973024e+00  9.0428950933e-01  3.2407881334e-02  5.0236734606e+00  1.8007985420e+00 -9.9432658284e-01  4.4534883602e+00  1.3108973558e+00 -2.9223606892e+00  5.0276584613e+00  3.7576878191e+00 -8.3724440245e-01  5.1020689424e+00  1.8515046304e+00 -1.0487738801e+00 -1.2192120858e+00  3.8887626436e+00 -1.7815084187e+00  4.2351110543e-03 -1.5689401556e-01 -2.9754587327e-01  4.2063830819e-02  3.9193141712e+00 -1.7846721893e+00  2.4794587157e+00 -1.2783471470e-01 -2.7749998435e-01  2.5271719048e+00
ENERGY -1.568665010670e+03

JOB 22
COORDS  1.8684886418e+00 -1.0462989500e+00 -1.1137879043e-01  2.9754150174e+00 -1.5426238025e+00  5.8857632093e-01  7.6345454042e-01 -5.4324661475e-01  5.8148067367e-01  2.9797912124e+00 -1.5397232711e+00  1.9833524981e+00  7.5635969222e-01 -5.3399907894e-01  1.9788763997e+00  1.8653405825e+00 -1.0405163184e+00  2.6732365257e+00  7.1298459732e-01 -1.3234961762e-01  5.0399012671e+00  1.7776472242e+00 -9.8435329107e-01  4.4706470001e+00  1.6671130165e+00 -2.9635871183e+00  5.0660772666e+00  3.6817332942e+00 -4.6256577004e-01  5.0896790782e+00  1.8715826404e+00 -1.0478891169e+00 -1.1981021432e+00  3.8355847631e+00 -1.9275432892e+00  4.8187654715e-02 -9.1380215233e-02 -1.5176456327e-01  3.7288292246e-02  3.8399270854e+00 -1.9213577791e+00  2.5254823320e+00 -8.9878574354e-02 -1.3340369100e-01  2.5286553897e+00
ENERGY -1.568665992820e+03

JOB 23
COORDS  1.8761188956e+00 -1.0313384223e+00 -1.1756038460e-01  2.9303612666e+00 -1.6351372242e+00  5.8041050272e-01  8.0438603785e-01 -4.6236000477e-01  5.7599440248e-01  2.9152850819e+00 -1.6713544354e+00  1.9741096138e+00  7.7804990408e-01 -4.9248081924e-01  1.9733725757e+00  1.8369337518e+00 -1.0986285065e+00  2.6645226863e+00  5.3525854716e-01 -4.5652136506e-01  5.0400656560e+00  1.7333900544e+00 -1.0988794900e+00  4.4614032638e+00  1.9687653949e+00 -3.0798678518e+00  5.0122444975e+00  3.5183955460e+00 -2.7022346431e-01  5.1019239266e+00  1.8928099863e+00 -1.0058308002e+00 -1.2038649095e+00  3.7620296441e+00 -2.0765507281e+00  3.8630920666e-02 -1.1999622434e-02  5.2913540590e-03  3.2855088995e-02  3.7322227269e+00 -2.1392721820e+00  2.5160864678e+00 -4.7531723687e-02 -5.4775170143e-02  2.5261688971e+00
ENERGY -1.568666370115e+03

