JOB 0
COORDS  5.9920368900e-01 -1.2644096701e+00  5.9862600792e-01  1.8964474135e+00 -7.4262419986e-01 -3.2607525885e-02  3.1223360262e+00 -1.6843205855e+00  4.2953607767e-02  4.4186238132e+00 -9.0455766617e-01 -2.7940076736e-01  4.9074088104e+00  5.9982526163e-02  8.1044125809e-01  3.2165086846e+00 -2.4451127152e+00  1.3804301920e+00  4.4064722087e+00 -3.4091889498e+00  1.4708439415e+00 -2.2561120709e-01 -5.6956298539e-01  4.0564967185e-01  6.8937725091e-01 -1.3735800255e+00  1.6831866391e+00  3.1072168413e-01 -2.2397336443e+00  1.8801353722e-01  2.1448414900e+00  2.0876265168e-01  4.5409175240e-01  1.7178406000e+00 -4.9904947568e-01 -1.0873778181e+00  3.0006192872e+00 -2.4443069996e+00 -7.4323651374e-01  4.2563101249e+00 -3.3966545586e-01 -1.2070820732e+00  5.2214688881e+00 -1.6162336033e+00 -5.0431937349e-01  5.7899888141e+00  6.0894401964e-01  4.6492847987e-01  5.1894695743e+00 -4.6868242106e-01  1.7264728264e+00  4.1470460351e+00  8.0066197267e-01  1.0783678280e+00  3.2563341002e+00 -1.7315106743e+00  2.2136516482e+00  2.2970620374e+00 -3.0221128791e+00  1.5239933198e+00  4.3635993840e+00 -3.9957100932e+00  2.3950674928e+00  5.3670725790e+00 -2.8849525877e+00  1.4596197209e+00  4.4053061797e+00 -4.1137566819e+00  6.3042293762e-01
ENERGY -2.764485441036e+02

JOB 1
COORDS  7.4220273379e-01 -9.9037120258e-01  6.7407606928e-01  1.9644010993e+00 -6.1899122211e-01 -1.7638554884e-01  3.2124375205e+00 -1.5422123645e+00 -7.2731080128e-02  4.5008914215e+00 -7.2249063993e-01 -3.2030510977e-01  4.9255090354e+00  2.0466284864e-01  8.2691231260e-01  3.2833082531e+00 -2.3445734128e+00  1.2422853898e+00  4.4748705632e+00 -3.3079537819e+00  1.3174589238e+00 -7.2672687689e-02 -2.8080787497e-01  4.9228876236e-01  9.6855779871e-01 -9.6512096647e-01  1.7439059144e+00  3.6262836891e-01 -1.9911968751e+00  4.3730569017e-01  2.2559710641e+00  4.0026881926e-01  1.0488436492e-01  1.6686902219e+00 -5.5603236249e-01 -1.2304694109e+00  3.1435659630e+00 -2.2834350338e+00 -8.8155354223e-01  4.3540913057e+00 -1.2255820787e-01 -1.2283468860e+00  5.3288680002e+00 -1.4039285537e+00 -5.4804529341e-01  5.7856963181e+00  8.1332749483e-01  5.2830623670e-01  5.2173936453e+00 -3.5867472640e-01  1.7188345226e+00  4.1244761442e+00  8.9178983402e-01  1.1196783516e+00  3.3106861889e+00 -1.6622375153e+00  2.1008150922e+00  2.3625818273e+00 -2.9271028526e+00  1.3522190255e+00  4.4215002256e+00 -3.9243782902e+00  2.2214671856e+00  5.4335086667e+00 -2.7802261718e+00  1.3368312623e+00  4.4882687332e+00 -3.9845444566e+00  4.5442311967e-01
ENERGY -2.764460281777e+02

JOB 2
COORDS  8.7645323764e-01 -8.9753841067e-01  7.9649783305e-01  1.9959934971e+00 -7.0469548373e-01 -2.3646951435e-01  3.2869708013e+00 -1.5737593868e+00 -8.6078542035e-02  4.5473630345e+00 -6.9891127601e-01 -2.7669048477e-01  4.8532561073e+00  2.6038548916e-01  8.8142248294e-01  3.3447025906e+00 -2.4019544770e+00  1.2138848523e+00  4.5627843865e+00 -3.3303709891e+00  1.3018133519e+00  4.6970407059e-02 -2.1522489148e-01  5.7964887243e-01  1.2188512521e+00 -6.8602758005e-01  1.8140100462e+00  4.7164525662e-01 -1.9151438007e+00  7.8654363559e-01  2.2804067081e+00  3.5383731525e-01 -2.1266964300e-01  1.5815386816e+00 -8.6742974025e-01 -1.2381936950e+00  3.2877591074e+00 -2.3030370683e+00 -9.0767633833e-01  4.4229206001e+00 -1.1901771434e-01 -1.2005822319e+00  5.4192528984e+00 -1.3414411761e+00 -4.4612806668e-01  5.6924655031e+00  9.1701163956e-01  6.2824241882e-01  5.1239283950e+00 -2.7961715927e-01  1.7944162802e+00  3.9960791911e+00  8.9996462786e-01  1.1194893532e+00  3.3298813400e+00 -1.7416780633e+00  2.0886886972e+00  2.4383290964e+00 -3.0128647729e+00  1.2848027267e+00  4.4985085289e+00 -3.9747233916e+00  2.1853966486e+00  5.5022600377e+00 -2.7729609283e+00  1.3708929978e+00  4.6282918316e+00 -3.9799312366e+00  4.2056882664e-01
ENERGY -2.764439081064e+02

JOB 3
COORDS  7.9014722896e-01 -1.2134617797e-01  1.4665966470e+00  1.2306871167e+00 -1.2179425602e+00  4.8530564716e-01  2.6314619250e+00 -1.8788584780e+00  7.1109408167e-01  3.5419422681e+00 -1.6653266341e+00 -5.1814135926e-01  4.0059598819e+00 -2.1742332660e-01 -7.2599951294e-01  3.3088102526e+00 -1.4882092907e+00  2.0394752423e+00  4.6288529047e+00 -2.2236856213e+00  2.3033852952e+00 -1.9801788097e-01  2.5816603869e-01  1.1834877054e+00  1.4795773764e+00  7.2947488865e-01  1.4680580562e+00  7.1624605422e-01 -4.9019212342e-01  2.4940140984e+00  1.1939005933e+00 -8.0196343487e-01 -5.2808728522e-01  4.6835247157e-01 -2.0058640439e+00  5.0098455004e-01  2.4650427690e+00 -2.9632623674e+00  7.6983863120e-01  2.9947859240e+00 -2.0002031707e+00 -1.4085787039e+00  4.4202231949e+00 -2.3172183578e+00 -4.4565459225e-01  4.5755164317e+00 -1.1867174165e-01 -1.6563387534e+00  4.6512779873e+00  1.2106438896e-01  9.1372736454e-02  3.1577897467e+00  4.7399695813e-01 -7.8412391000e-01  3.4844878506e+00 -4.0741476905e-01  2.0780912515e+00  2.6185286526e+00 -1.7090414010e+00  2.8618181949e+00  5.0050905876e+00 -1.9994639690e+00  3.3074677918e+00  5.4086236227e+00 -1.9375086665e+00  1.5905196635e+00  4.4979274744e+00 -3.3101900585e+00  2.2318958086e+00
ENERGY -2.764437597158e+02

JOB 4
COORDS  8.6357989709e-01 -1.3309315700e-02  1.3919931707e+00  1.1793428738e+00 -1.2655044843e+00  5.5913729923e-01  2.6004191888e+00 -1.8882822485e+00  7.1640816792e-01  3.4960769380e+00 -1.5768712514e+00 -5.0218608354e-01  3.8719028050e+00 -9.8880719934e-02 -6.7309781368e-01  3.2618121383e+00 -1.5754924278e+00  2.0716172954e+00  4.5934013203e+00 -2.3015020415e+00  2.3003107868e+00 -1.5042515593e-01  3.3874012388e-01  1.1716656318e+00  1.5514563526e+00  8.1133285512e-01  1.1771290614e+00  9.1388047200e-01 -2.1426010836e-01  2.4660099400e+00  1.0052102065e+00 -1.0422839968e+00 -5.0019229269e-01  4.3653197994e-01 -2.0283559626e+00  8.2381355322e-01  2.4618219493e+00 -2.9786487414e+00  6.9505661605e-01  2.9718755471e+00 -1.9196147181e+00 -1.4032342789e+00  4.4124581060e+00 -2.1757178468e+00 -4.4468378867e-01  4.4909656064e+00  4.5982596986e-02 -1.5651365324e+00  4.4397914602e+00  2.7593591129e-01  1.8518535096e-01  2.9836347495e+00  5.3224207136e-01 -7.8343188543e-01  3.4164446974e+00 -4.9650633027e-01  2.1826477665e+00  2.5651826885e+00 -1.8617878381e+00  2.8695930975e+00  4.9572121123e+00 -2.1360069231e+00  3.3202375037e+00  5.3726056341e+00 -1.9531528747e+00  1.6149286493e+00  4.4852507567e+00 -3.3832960642e+00  2.1565919069e+00
ENERGY -2.764455165803e+02

JOB 5
COORDS  9.4897232378e-01  3.6743170299e-02  1.2484992217e+00  1.2040531272e+00 -1.3390779185e+00  6.1203916876e-01  2.6411838381e+00 -1.9145283145e+00  7.1503095420e-01  3.5476954765e+00 -1.5115046024e+00 -4.6956990833e-01  3.9315714618e+00 -2.9040912922e-02 -5.7288335900e-01  3.2747176254e+00 -1.6631588567e+00  2.0960745832e+00  4.6035391552e+00 -2.3945850087e+00  2.3225851309e+00 -8.6789523458e-02  3.4723832096e-01  1.0710504704e+00  1.6002849885e+00  8.1520825425e-01  8.4176287733e-01  1.1002550575e+00  1.3747953806e-02  2.3319693816e+00  9.1493919469e-01 -1.3073031928e+00 -4.4622523559e-01  5.1763118938e-01 -2.0523918087e+00  1.0865396707e+00  2.5306214689e+00 -3.0050636453e+00  6.2302745867e-01  3.0446214391e+00 -1.8124540138e+00 -1.3975405672e+00  4.4658115717e+00 -2.1091775762e+00 -4.2566217923e-01  4.6374406309e+00  1.2697994504e-01 -1.3961393617e+00  4.4109817984e+00  3.3321504778e-01  3.4281358802e-01  3.0610770334e+00  6.0470359996e-01 -7.6604390726e-01  3.4243171141e+00 -5.8934513800e-01  2.2552565346e+00  2.5586004212e+00 -1.9822676583e+00  2.8648816416e+00  4.9488855205e+00 -2.2672936891e+00  3.3543524965e+00  5.3937773830e+00 -2.0183554107e+00  1.6649626640e+00  4.5011309277e+00 -3.4703007077e+00  2.1357607917e+00
ENERGY -2.764469932997e+02

JOB 6
COORDS  7.5230702070e-01  4.5712786288e-02  1.1278295855e+00  1.0235732285e+00 -1.4189963634e+00  7.5354024369e-01  2.4903736423e+00 -1.9094454689e+00  7.7491614795e-01  3.3446651622e+00 -1.4194218220e+00 -4.1996769458e-01  3.9243889249e+00  9.2038965932e-04 -3.4062201130e-01  3.1578829411e+00 -1.6829770721e+00  2.1434710582e+00  4.5031384024e+00 -2.4015033942e+00  2.3059690353e+00 -3.2693295189e-01  2.3170379581e-01  1.1635871279e+00  1.1775502127e+00  7.4509678612e-01  4.0314668352e-01  1.1596322657e+00  2.9669604380e-01  2.1122399092e+00  6.0592585200e-01 -1.6169332776e+00 -2.4219510221e-01  4.5637810266e-01 -2.0539502136e+00  1.4474461494e+00  2.4195032527e+00 -2.9997820878e+00  6.4466285687e-01  2.7406109711e+00 -1.5102283390e+00 -1.3319264951e+00  4.1810352442e+00 -2.1166639664e+00 -5.5179051212e-01  4.5227940821e+00  2.1418099217e-01 -1.2333789636e+00  4.5808866655e+00  1.2353828119e-01  5.2685735775e-01  3.1484142628e+00  7.6742065908e-01 -2.7580737278e-01  3.2966243662e+00 -6.1128854072e-01  2.3251201646e+00  2.4702615505e+00 -2.0332036372e+00  2.9247289807e+00  4.9016715664e+00 -2.2669709448e+00  3.3174385001e+00  5.2542411947e+00 -2.0243106652e+00  1.6043239350e+00  4.3983055389e+00 -3.4786513377e+00  2.1295777754e+00
ENERGY -2.764473037482e+02

JOB 7
COORDS  9.7473457792e-01  4.2479649912e-02  7.9431361711e-01  1.2372535020e+00 -1.4668168232e+00  6.9513768296e-01  2.7092691792e+00 -1.9365680925e+00  7.1841469873e-01  3.5674719386e+00 -1.3647721403e+00 -4.3882584988e-01  4.2065371133e+00  1.7086726074e-02 -2.2730579353e-01  3.3517099289e+00 -1.7480643946e+00  2.1056997054e+00  4.7007356988e+00 -2.4604767376e+00  2.2662690424e+00 -9.9599605247e-02  2.3500227120e-01  8.9052378877e-01  1.3201415531e+00  5.7374763754e-01 -9.7185262633e-02  1.4675945101e+00  4.8927459032e-01  1.6642358714e+00  7.7399952674e-01 -1.8375124817e+00 -2.2891073059e-01  7.1187474769e-01 -1.9710159539e+00  1.5169329091e+00  2.6615866985e+00 -3.0222010773e+00  5.4805610525e-01  2.9482787170e+00 -1.3391041358e+00 -1.3450914970e+00  4.3740944965e+00 -2.0753960699e+00 -6.5641097957e-01  4.7484980796e+00  3.2137519615e-01 -1.1297037963e+00  4.9282260292e+00  8.0667787899e-03  5.9544269339e-01  3.4705894856e+00  7.9362658893e-01 -7.5783505335e-03  3.4734004100e+00 -6.8126527972e-01  2.3262809392e+00  2.6567511869e+00 -2.1340918625e+00  2.8626642512e+00  5.0918283835e+00 -2.3407611453e+00  3.2825233858e+00  5.4551573147e+00 -2.0706112735e+00  1.5754347243e+00  4.6011853802e+00 -3.5350923521e+00  2.0722808557e+00
ENERGY -2.764474383078e+02

JOB 8
COORDS  1.2000585566e+00  1.1528686776e-01  6.3892711374e-01  1.4442061242e+00 -1.3895772571e+00  8.1469670719e-01  2.9080699079e+00 -1.8948305350e+00  7.6508144340e-01  3.7476925509e+00 -1.2930328929e+00 -3.9038139798e-01  4.4118394996e+00  7.2338309978e-02 -1.5097490157e-01  3.5970301445e+00 -1.7568253686e+00  2.1377175110e+00  4.9564063790e+00 -2.4616324159e+00  2.2304870597e+00  1.3160522372e-01  3.3631480787e-01  7.3988952337e-01  1.5127623039e+00  4.6344076755e-01 -3.4970821314e-01  1.7296012708e+00  7.1133400727e-01  1.3901269859e+00  8.8290151235e-01 -1.9062271174e+00  2.4408266489e-02  9.9694975035e-01 -1.7196183538e+00  1.7606812105e+00  2.8392451607e+00 -2.9733922264e+00  5.6469560297e-01  3.1131457733e+00 -1.2319854866e+00 -1.2844228075e+00  4.5394981028e+00 -2.0073684263e+00 -6.4687367532e-01  4.9461158256e+00  3.8919171639e-01 -1.0536600578e+00  5.1451126486e+00  3.0541518745e-02  6.6009386661e-01  3.6933485504e+00  8.5576785668e-01  9.7668891123e-02  3.7111033094e+00 -6.9715111440e-01  2.3971860642e+00  2.9314397221e+00 -2.1821535195e+00  2.8995200242e+00  5.3728766499e+00 -2.3826312133e+00  3.2406418784e+00  5.6903119626e+00 -2.0373786328e+00  1.5382256900e+00  4.8592952333e+00 -3.5279191853e+00  1.9934928325e+00
ENERGY -2.764461468018e+02

JOB 9
COORDS  1.0787993485e+00  8.0527599277e-02  3.2441827421e-01  1.4095655093e+00 -1.3390792537e+00  8.0611224088e-01  2.8842847580e+00 -1.8324893638e+00  7.1961141834e-01  3.7157455146e+00 -1.2178027905e+00 -4.3333428322e-01  4.3176510670e+00  1.7832663722e-01 -2.1121923974e-01  3.5886931562e+00 -1.6960853540e+00  2.0859740079e+00  4.9766227864e+00 -2.3454777549e+00  2.1531111508e+00 -1.1050600839e-03  2.5248270920e-01  3.9483997351e-01  1.3673826747e+00  2.3683574948e-01 -7.1906176904e-01  1.5694514252e+00  8.5016624734e-01  9.2931796069e-01  7.9316948231e-01 -2.0259456239e+00  2.1126295752e-01  1.0609481434e+00 -1.4545755917e+00  1.8392863549e+00  2.8302173509e+00 -2.9098022068e+00  5.1189229397e-01  3.1005494507e+00 -1.2044033091e+00 -1.3422140880e+00  4.5407092832e+00 -1.9050860872e+00 -6.5719657449e-01  4.8724860078e+00  4.9025304994e-01 -1.1031439779e+00  5.0210230202e+00  1.8899572604e-01  6.2689286269e-01  3.5602205299e+00  9.3905297789e-01 -1.3556362939e-02  3.6591664281e+00 -6.3676281067e-01  2.3643699667e+00  2.9501453417e+00 -2.1632609757e+00  2.8462020633e+00  5.3905923181e+00 -2.2827299446e+00  3.1654354205e+00  5.6916218380e+00 -1.8682907519e+00  1.4758849277e+00  4.9238926916e+00 -3.4066368160e+00  1.8811948036e+00
ENERGY -2.764436839783e+02

JOB 10
COORDS  9.5928254970e-01  8.1721699744e-03  8.4369556004e-02  1.3393429907e+00 -1.2846139401e+00  8.2198363692e-01  2.8004036007e+00 -1.8322090705e+00  6.9920412644e-01  3.6561999895e+00 -1.2293692696e+00 -4.4051065182e-01  4.2704312997e+00  1.5776497917e-01 -2.0005721084e-01  3.5146970861e+00 -1.7683848652e+00  2.0653544011e+00  4.8824476642e+00 -2.4606585217e+00  2.1061558337e+00 -1.1861807675e-01  1.8143123040e-01  1.7827036351e-01  1.1895605000e+00 -3.9394361664e-02 -9.8421747857e-01  1.4635473759e+00  8.8669470203e-01  4.9732875678e-01  6.5739609219e-01 -2.0677659857e+00  4.6864885490e-01  1.1017325955e+00 -1.1535216247e+00  1.8841884420e+00  2.7070322236e+00 -2.8993668516e+00  4.5688378769e-01  3.0595285826e+00 -1.2065482782e+00 -1.3601329934e+00  4.4751759159e+00 -1.9283780839e+00 -6.4930240311e-01  4.8394649981e+00  4.7484218676e-01 -1.0811007079e+00  4.9622784099e+00  1.5333580688e-01  6.4793746955e-01  3.5162510519e+00  9.2288255968e-01 -4.3181278932e-03  3.6171945994e+00 -7.2127833492e-01  2.3788528667e+00  2.8629596521e+00 -2.2408169831e+00  2.8111217325e+00  5.2931144235e+00 -2.4563586175e+00  3.1217410724e+00  5.6138378450e+00 -1.9727231385e+00  1.4544843916e+00  4.8010924017e+00 -3.5062341886e+00  1.7853134929e+00
ENERGY -2.764416198931e+02

JOB 11
COORDS  9.6177918766e-01 -3.8273585864e-02 -2.3826006699e-02  1.3653785210e+00 -1.1769641446e+00  9.2451209349e-01  2.7771821436e+00 -1.8334596439e+00  7.5633739116e-01  3.6600277256e+00 -1.2617805934e+00 -3.7786359253e-01  4.3907450802e+00  5.5679434098e-02 -7.4730287061e-02  3.5026192068e+00 -1.8968850373e+00  2.1135847494e+00  4.7892603326e+00 -2.7308232819e+00  2.1112317041e+00 -5.5126643644e-02  2.9508259870e-01  2.1180623502e-01  9.6368420849e-01 -3.4999460922e-01 -1.0736322165e+00  1.6182395990e+00  8.3071317455e-01  6.5940180705e-02  6.0733634912e-01 -1.9654390055e+00  8.5491893124e-01  1.2846639217e+00 -7.8980835553e-01  1.9480837215e+00  2.5929317992e+00 -2.8767164293e+00  4.6354143511e-01  3.0498965982e+00 -1.1404876729e+00 -1.2789513814e+00  4.4129805999e+00 -2.0158497959e+00 -6.3674283979e-01  4.9191048289e+00  4.1463470304e-01 -9.6487580040e-01  5.1358547723e+00 -6.9154268580e-02  7.1738623461e-01  3.7076768795e+00  8.4783587075e-01  2.4418785535e-01  3.7190533435e+00 -8.7837511680e-01  2.4612378710e+00  2.8089320835e+00 -2.3225936724e+00  2.8499516187e+00  5.2150245637e+00 -2.7977786687e+00  3.1183415180e+00  5.5565036175e+00 -2.3033030863e+00  1.4580841482e+00  4.5930958060e+00 -3.7525062588e+00  1.7645156758e+00
ENERGY -2.764418964082e+02

JOB 12
COORDS  9.2106231083e-01 -1.7559310197e-01 -1.5355352047e-01  1.4301964668e+00 -1.0998108238e+00  9.6124157346e-01  2.8158552511e+00 -1.7883723752e+00  7.6315871100e-01  3.6962449232e+00 -1.1981739288e+00 -3.5998845218e-01  4.3810226892e+00  1.3751671236e-01 -3.1668126767e-02  3.5399273997e+00 -1.9137864575e+00  2.1151531582e+00  4.8060481164e+00 -2.7776927849e+00  2.0840653920e+00 -5.9669690548e-02  2.3092010335e-01  1.1761718473e-01  8.0011350632e-01 -7.0408331451e-01 -1.1061653466e+00  1.5906040258e+00  6.7049507333e-01 -3.2703337766e-01  6.8171763052e-01 -1.8764271623e+00  1.1554378257e+00  1.4713132270e+00 -5.0088229842e-01  1.8811670916e+00  2.6014485451e+00 -2.8158059821e+00  4.3272103737e-01  3.0910221656e+00 -1.0862797193e+00 -1.2651166719e+00  4.4710058636e+00 -1.9311190118e+00 -6.1438697955e-01  4.8984215803e+00  5.3588262923e-01 -9.1132574429e-01  5.1269315564e+00  2.2976661547e-02  7.6159638565e-01  3.6660735656e+00  8.9595546606e-01  3.0302652861e-01  3.7841931145e+00 -9.1242323928e-01  2.4923323342e+00  2.8349160088e+00 -2.3412194178e+00  2.8401027715e+00  5.2292437643e+00 -2.8903886057e+00  3.0881521820e+00  5.5830063903e+00 -2.3423773578e+00  1.4473668578e+00  4.5883016246e+00 -3.7814079279e+00  1.7000069905e+00
ENERGY -2.764447259870e+02

JOB 13
COORDS  9.2090273027e-01 -4.0576989556e-01 -2.7204485594e-01  1.5466130217e+00 -1.0807659032e+00  9.5515990261e-01  2.8996060591e+00 -1.8093685456e+00  7.4079313367e-01  3.7838832400e+00 -1.2082199347e+00 -3.7087646260e-01  4.3850185097e+00  1.6831949914e-01 -5.1397811032e-02  3.6220423248e+00 -1.9732217286e+00  2.0897482961e+00  4.8782145480e+00 -2.8508785904e+00  2.0420000095e+00 -5.4400412531e-02  2.1242682963e-02 -1.3480914906e-02  7.5964373767e-01 -1.1164587404e+00 -1.0914875887e+00  1.5434756022e+00  4.0674492244e-01 -6.5616852051e-01  8.3523218985e-01 -1.7973408505e+00  1.3825342764e+00  1.6826787616e+00 -3.0857006730e-01  1.7252649842e+00  2.6534362730e+00 -2.8239744949e+00  3.9041821701e-01  3.1991295119e+00 -1.1459854894e+00 -1.2942637077e+00  4.5997278107e+00 -1.9077833244e+00 -5.8721783205e-01  4.9281917093e+00  5.6733507366e-01 -9.1495239271e-01  5.0916227790e+00  1.1548217080e-01  7.8345593561e-01  3.6140191330e+00  8.9734107495e-01  2.1996009941e-01  3.8801804123e+00 -9.8379000497e-01  2.4882016398e+00  2.9110770349e+00 -2.4056738732e+00  2.8059880648e+00  5.2911776115e+00 -2.9995126864e+00  3.0456650282e+00  5.6656391916e+00 -2.4035024004e+00  1.4267692749e+00  4.6536961323e+00 -3.8396518391e+00  1.6245705330e+00
ENERGY -2.764481747087e+02

JOB 14
COORDS  9.3842981969e-01 -5.0520815946e-01 -3.0344263643e-01  1.6578583560e+00 -9.8840153866e-01  9.6159474126e-01  2.9420650953e+00 -1.8136608204e+00  7.2615646048e-01  3.8768515276e+00 -1.2115596008e+00 -3.4293387296e-01  4.4687304039e+00  1.6014444968e-01  8.9829196538e-03  3.6399548588e+00 -2.0832418439e+00  2.0726975333e+00  4.8524741807e+00 -3.0184735654e+00  1.9940410367e+00 -1.4734526875e-02 -2.9654246318e-02 -4.7625495186e-02  7.2050264233e-01 -1.3376948751e+00 -9.8341668819e-01  1.5316984380e+00  2.2820503028e-01 -8.5766272531e-01  9.6866488562e-01 -1.5961753195e+00  1.5610393028e+00  1.8997924192e+00 -1.1543811141e-01  1.5829006920e+00  2.6233064715e+00 -2.7904464159e+00  3.2952962344e-01  3.3299950918e+00 -1.1366151438e+00 -1.2890423936e+00  4.6952143323e+00 -1.9150907783e+00 -5.3423535519e-01  5.0910513183e+00  5.3650323606e-01 -8.1005542512e-01  5.0985950542e+00  1.1235049068e-01  9.0352953455e-01  3.6869541749e+00  9.0385482476e-01  1.9704615770e-01  3.9420109001e+00 -1.1307402797e+00  2.5264517204e+00  2.8999088328e+00 -2.5169620454e+00  2.7578085808e+00  5.2326240867e+00 -3.2510809506e+00  2.9947280532e+00  5.6763630529e+00 -2.5734904835e+00  1.4268508234e+00  4.5902175581e+00 -3.9663534623e+00  1.5090843814e+00
ENERGY -2.764506552260e+02

JOB 15
COORDS  8.7783891884e-01 -6.0629119220e-01 -3.0917894522e-01  1.7315083652e+00 -8.7319914353e-01  9.3638488256e-01  2.9725990910e+00 -1.7543093225e+00  6.9248066605e-01  3.9547366287e+00 -1.1463500979e+00 -3.3188271945e-01  4.5953247084e+00  1.8566773532e-01  8.0660641299e-02  3.6406841179e+00 -2.0973938851e+00  2.0392848471e+00  4.8516450689e+00 -3.0327984233e+00  1.9407375608e+00 -4.0417555416e-02 -6.9768893524e-02 -4.6573032592e-02  5.8735290662e-01 -1.5446287787e+00 -7.9656035909e-01  1.4096650886e+00  2.6231220010e-04 -1.0493816405e+00  1.1071366744e+00 -1.3685240035e+00  1.6911897728e+00  2.0374108231e+00  8.0770038348e-02  1.3839796325e+00  2.6165258199e+00 -2.7013690474e+00  2.5848567161e-01  3.4321420273e+00 -1.0107014618e+00 -1.2857087799e+00  4.7471991776e+00 -1.8750229267e+00 -5.3691494090e-01  5.2771362012e+00  5.4250975937e-01 -6.9872970454e-01  5.1753681486e+00  8.9921634877e-02  1.0045777478e+00  3.8447152104e+00  9.6665749557e-01  2.4124041245e-01  3.9353850862e+00 -1.1716974516e+00  2.5500465724e+00  2.8841499416e+00 -2.5638138275e+00  2.6832471477e+00  5.1996739413e+00 -3.3268095443e+00  2.9369427985e+00  5.6946557323e+00 -2.5601854313e+00  1.4266360671e+00  4.6004535498e+00 -3.9487249026e+00  1.3924970687e+00
ENERGY -2.764511949558e+02

JOB 16
COORDS  6.4521693980e-01 -7.8222106934e-01 -2.2902135515e-01  1.6064016500e+00 -8.1907050150e-01  9.6572240540e-01  2.8468094228e+00 -1.7105177232e+00  7.4747009662e-01  3.8851166985e+00 -1.0570224004e+00 -1.9248728524e-01  4.6151457988e+00  1.6908391168e-01  3.7304223679e-01  3.4503142477e+00 -2.1313921397e+00  2.1024241408e+00  4.6626497765e+00 -3.0648943254e+00  2.0029657016e+00 -2.2704219731e-01 -1.5450198308e-01 -1.6073938025e-02  2.8188167461e-01 -1.7883099679e+00 -4.6855057573e-01  1.1247469122e+00 -3.8119429217e-01 -1.1286366624e+00  1.0566925770e+00 -1.1934879865e+00  1.8389009046e+00  1.9179063241e+00  1.9950188595e-01  1.2259816086e+00  2.5041607253e+00 -2.6300481640e+00  2.4952017804e-01  3.3842778409e+00 -7.7315226175e-01 -1.1260326365e+00  4.6287209840e+00 -1.8098375895e+00 -4.7874770190e-01  5.3027295316e+00  5.8200122229e-01 -3.7289566176e-01  5.2065400155e+00 -8.0945945357e-02  1.2597891347e+00  3.9209879219e+00  9.6792197406e-01  6.5378228818e-01  3.7209987764e+00 -1.2373298422e+00  2.6787323339e+00  2.6648705209e+00 -2.6326928574e+00  2.6821289818e+00  4.9749827110e+00 -3.4073216989e+00  2.9955229178e+00  5.5240346065e+00 -2.5726010201e+00  1.5404263743e+00  4.4280922242e+00 -3.9527124077e+00  1.4034847920e+00
ENERGY -2.764503345698e+02

JOB 17
COORDS  5.9130010266e-01 -9.3676024466e-01 -1.7379814341e-01  1.6812450267e+00 -7.2365208416e-01  8.8424923250e-01  2.9187515536e+00 -1.6283585483e+00  6.7427597737e-01  3.9755920967e+00 -9.4864396354e-01 -2.2621148138e-01  4.7469563365e+00  2.1170438533e-01  4.1760429208e-01  3.4955124210e+00 -2.0995795205e+00  2.0233871444e+00  4.6858867272e+00 -3.0588779162e+00  1.9074547352e+00 -2.5611392495e-01 -2.5943611608e-01 -1.9969718132e-02  2.1029072073e-01 -1.9637958641e+00 -1.3855031030e-01  9.7445783932e-01 -7.6155036598e-01 -1.1860823380e+00  1.2480572996e+00 -9.2302867787e-01  1.8724736113e+00  1.9821633635e+00  3.3009975797e-01  8.9941353135e-01  2.5812193022e+00 -2.5293136015e+00  1.4162785190e-01  3.4726823210e+00 -5.8411066265e-01 -1.1314962904e+00  4.6940326135e+00 -1.7011787305e+00 -5.7210822146e-01  5.4159130795e+00  6.7893286419e-01 -3.1303069806e-01  5.3635195734e+00 -1.2525185052e-01  1.2569930222e+00  4.0774341446e+00  9.9238720140e-01  7.9381641733e-01  3.7799562890e+00 -1.2284411452e+00  2.6274009747e+00  2.6917527447e+00 -2.5984840507e+00  2.5798143854e+00  4.9890556392e+00 -3.4287094818e+00  2.8930013440e+00  5.5588537917e+00 -2.5778649571e+00  1.4547798429e+00  4.4310580039e+00 -3.9284766112e+00  1.2898063924e+00
ENERGY -2.764490137970e+02

JOB 18
COORDS  5.3532009336e-01 -1.1103234519e+00 -8.3780986619e-02  1.7214978790e+00 -6.7883584466e-01  7.8740772048e-01  2.9628228519e+00 -1.5951713703e+00  6.1826480193e-01  4.0647296071e+00 -9.1509888665e-01 -2.2408197944e-01  4.8021541835e+00  2.3815800563e-01  4.6967447467e-01  3.4697689435e+00 -2.1038350516e+00  1.9815029962e+00  4.6410024702e+00 -3.0893340256e+00  1.8983853064e+00 -3.2004403001e-01 -4.3588296566e-01  3.6018722344e-02  2.0440878971e-01 -2.1216939770e+00  1.7939345842e-01  8.0682952434e-01 -1.1180959471e+00 -1.1462395565e+00  1.4033835023e+00 -6.7387537774e-01  1.8371287086e+00  1.9830958499e+00  3.5923628546e-01  5.5274108537e-01  2.6428581808e+00 -2.4816869636e+00  5.2308311318e-02  3.6045165210e+00 -5.4287383246e-01 -1.1490636773e+00  4.7983480295e+00 -1.6664469251e+00 -5.3976031904e-01  5.5020902161e+00  7.2001159193e-01 -2.2137246106e-01  5.3804411422e+00 -1.1061759166e-01  1.3313586108e+00  4.1111023728e+00  1.0088537510e+00  8.2790953535e-01  3.7487127150e+00 -1.2503998520e+00  2.6125771645e+00  2.6302065719e+00 -2.5915398418e+00  2.4937298496e+00  4.8939131320e+00 -3.4832489348e+00  2.8887609776e+00  5.5427686915e+00 -2.6203902805e+00  1.4915701863e+00  4.3930546228e+00 -3.9417145506e+00  1.2544880735e+00
ENERGY -2.764477081847e+02

JOB 19
COORDS  2.8885755301e-01 -1.1224138459e+00  1.7753552465e-01  1.5694281049e+00 -5.4919526214e-01  7.9683968519e-01  2.8070616199e+00 -1.4642323759e+00  5.8684939488e-01  3.9287967758e+00 -7.5308468222e-01 -1.9919371432e-01  4.6329624874e+00  3.8070283586e-01  5.5810180681e-01  3.2773450850e+00 -2.0718867028e+00  1.9217185714e+00  4.4151094675e+00 -3.0908891216e+00  1.7929121179e+00 -5.7144735347e-01 -4.6547812346e-01  3.4847037401e-01  4.9459679973e-02 -2.1039226781e+00  6.0389872975e-01  4.0164680453e-01 -1.2517200226e+00 -9.0521561012e-01  1.4078366057e+00 -3.7654499117e-01  1.8677147934e+00  1.7559662737e+00  4.4003226572e-01  3.6220100978e-01  2.4858649831e+00 -2.3063837298e+00 -4.3054893144e-02  3.4930147247e+00 -3.5340979491e-01 -1.1241725604e+00  4.6770435113e+00 -1.4894508001e+00 -5.1590262533e-01  5.3538023919e+00  8.9201379112e-01 -8.8930765872e-02  5.1820032175e+00  5.4181247361e-03  1.4280026625e+00  3.9209176815e+00  1.1319187395e+00  9.1723350010e-01  3.5781106267e+00 -1.2680966883e+00  2.6055862247e+00  2.4137542757e+00 -2.5579492814e+00  2.3945763103e+00  4.6417305933e+00 -3.5518742918e+00  2.7604452786e+00  5.3371024536e+00 -2.6282770532e+00  1.4258437094e+00  4.1480312935e+00 -3.8940651153e+00  1.0956652673e+00
ENERGY -2.764475336837e+02

JOB 20
COORDS  4.6125649807e-01 -1.2345725659e+00  2.6639513981e-01  1.7941862660e+00 -5.5891863691e-01  6.1146832296e-01  3.0099343694e+00 -1.5105360327e+00  4.7239980121e-01  4.1930647121e+00 -8.4369298875e-01 -2.5875448613e-01  4.8518648030e+00  3.1484142729e-01  5.0208665969e-01  3.3819621119e+00 -2.1236833031e+00  1.8351379795e+00  4.4650101081e+00 -3.2067000930e+00  1.7745494675e+00 -3.8470212266e-01 -5.5293230034e-01  4.0921520493e-01  2.8628641830e-01 -2.1162853478e+00  8.9450622465e-01  4.5226640263e-01 -1.5663636406e+00 -7.7808096501e-01  1.7509130313e+00 -1.5227598521e-01  1.6293060306e+00  1.9237509370e+00  3.0630210727e-01 -5.0664427444e-02  2.6939317426e+00 -2.3443709702e+00 -1.7205080677e-01  3.8289849183e+00 -4.7794264233e-01 -1.2274090653e+00  4.9532407163e+00 -1.5992476945e+00 -4.9033332782e-01  5.6337456521e+00  7.8540922458e-01 -1.0370071031e-01  5.3187087194e+00 -2.6280799082e-02  1.4321184158e+00  4.1240747635e+00  1.0909658051e+00  7.6331107515e-01  3.6969692568e+00 -1.3271274685e+00  2.5209550390e+00  2.4720586713e+00 -2.5526279916e+00  2.2750094372e+00  4.6189364873e+00 -3.6646410126e+00  2.7576914792e+00  5.4280427842e+00 -2.8012994401e+00  1.4472764460e+00  4.1869258344e+00 -4.0042609789e+00  1.0752506052e+00
ENERGY -2.764487122706e+02

JOB 21
COORDS  4.1171977154e-01 -1.0517991098e+00  1.7704124031e-01  1.7784294498e+00 -3.6717422579e-01  3.0620509772e-01  2.9699994185e+00 -1.3471135190e+00  2.1591254183e-01  4.2239335314e+00 -6.7567236251e-01 -3.8189352492e-01  4.8264076109e+00  4.5121969281e-01  4.6822111660e-01  3.2242960499e+00 -2.0313616102e+00  1.5725919871e+00  4.2882281172e+00 -3.1349731392e+00  1.5417717526e+00 -4.0618195339e-01 -3.2826671904e-01  2.6566703929e-01  2.6300144040e-01 -1.8120227169e+00  9.5202400534e-01  3.1530771966e-01 -1.5479158233e+00 -7.9553256256e-01  1.8257370624e+00  1.8903788471e-01  1.2509017472e+00  1.8661954825e+00  3.8256990726e-01 -4.9073952445e-01  2.6832561195e+00 -2.1381192813e+00 -4.9376180483e-01  3.9567333343e+00 -2.7608495300e-01 -1.3685428095e+00  4.9922394398e+00 -1.4358983228e+00 -5.6558314622e-01  5.6790143450e+00  9.1044877741e-01 -4.3571445405e-02  5.1851699635e+00  8.2333708500e-02  1.4349364805e+00  4.0953252734e+00  1.2423644256e+00  6.6620149242e-01  3.5035339445e+00 -1.2740853785e+00  2.3160366483e+00  2.2794007429e+00 -2.4616003239e+00  1.9265624848e+00  4.3541959125e+00 -3.6438290328e+00  2.5096130828e+00  5.2822144985e+00 -2.7374294171e+00  1.3124276583e+00  4.0509174503e+00 -3.8909267893e+00  7.8371472487e-01
ENERGY -2.764501247513e+02

JOB 22
COORDS  4.2597989758e-01 -1.2527317500e+00  4.6861895393e-01  1.7911925544e+00 -5.6890025363e-01  3.1785911670e-01  2.9846790061e+00 -1.5397136030e+00  2.0690136794e-01  4.2495736645e+00 -8.1915530639e-01 -3.0813709461e-01  4.8427590747e+00  2.3177671189e-01  6.4046892697e-01  3.2179778075e+00 -2.3053572871e+00  1.5241810762e+00  4.3594367103e+00 -3.3286263376e+00  1.4746837182e+00 -3.8379275076e-01 -5.1494899277e-01  4.6028007845e-01  3.4641686093e-01 -1.8127751939e+00  1.4056179018e+00  2.4508523334e-01 -1.9544116944e+00 -3.5439409551e-01  1.9480394324e+00  1.1351047852e-01  1.1628788262e+00  1.7699327137e+00  6.0429348288e-02 -5.8153368372e-01  2.7221452833e+00 -2.2860649421e+00 -5.5881844079e-01  4.0030793962e+00 -3.3827990531e-01 -1.2635657583e+00  5.0196472327e+00 -1.5638250233e+00 -5.4024876927e-01  5.7214066977e+00  7.0562166458e-01  1.8963365372e-01  5.1612899792e+00 -2.1155624770e-01  1.5898145445e+00  4.1236027909e+00  1.0248084874e+00  8.6982240361e-01  3.4028778297e+00 -1.5889711736e+00  2.3351044775e+00  2.2941888442e+00 -2.8292152238e+00  1.7937333995e+00  4.4017401791e+00 -3.9116340957e+00  2.4011292033e+00  5.3352033636e+00 -2.8500486376e+00  1.3442311285e+00  4.2223709668e+00 -4.0326061456e+00  6.4511501229e-01
ENERGY -2.764506638270e+02

JOB 23
COORDS  4.8516512495e-01 -1.2094826939e+00  5.9336642649e-01  1.8171530991e+00 -5.7051777222e-01  1.7898889538e-01  3.0275280721e+00 -1.5268044112e+00  1.5690312616e-01  4.3109408329e+00 -7.8055967757e-01 -2.7250427217e-01  4.8662072099e+00  2.3093534062e-01  7.4017398232e-01  3.1963572274e+00 -2.2845983620e+00  1.4885934553e+00  4.3829386237e+00 -3.2562964733e+00  1.5205380156e+00 -3.4194874349e-01 -5.0506529765e-01  4.5256426024e-01  4.8329313215e-01 -1.5084202152e+00  1.6456687332e+00  2.6661049670e-01 -2.1012513194e+00 -6.8870736365e-03  2.0263151899e+00  2.6765330409e-01  8.5559933724e-01  1.7096470939e+00 -1.3248023191e-01 -8.2172756967e-01  2.8281360764e+00 -2.2821908013e+00 -6.1881117450e-01  4.1051733273e+00 -2.6085647501e-01 -1.2175219120e+00  5.0922020191e+00 -1.5141273691e+00 -5.0255979036e-01  5.7592598502e+00  7.2217496597e-01  3.3901388289e-01  5.1527175607e+00 -2.4999105436e-01  1.6811078079e+00  4.1407761235e+00  1.0156054717e+00  9.7732385400e-01  3.2874911941e+00 -1.5647703899e+00  2.3127284886e+00  2.2818387755e+00 -2.8531807432e+00  1.6876869896e+00  4.3830248668e+00 -3.8409137798e+00  2.4469436056e+00  5.3445621773e+00 -2.7371294180e+00  1.4606590411e+00  4.3357451879e+00 -3.9623175897e+00  6.8270743965e-01
ENERGY -2.764502411946e+02

