JOB 0
COORDS  1.3982104805e+00  1.1211188363e+00 -1.7830676311e+00  1.4289556494e+00 -3.3804163535e-01 -1.3146083720e+00  2.7323264727e+00 -7.1286935974e-01 -5.9883730962e-01  2.7856975501e+00 -2.1802781069e+00 -1.5257716268e-01  3.8961897308e+00 -2.4703387514e+00  8.6368847791e-01  3.9697341571e+00 -3.9425307506e+00  1.2856167366e+00  5.0727608445e+00 -4.2188520207e+00  2.3136758670e+00  4.5287707879e-01  1.3634265379e+00 -2.2808552739e+00  2.2099803115e+00  1.3260426927e+00 -2.4907619256e+00  1.5161702907e+00  1.8093178367e+00 -9.3776729309e-01  1.2818786396e+00 -1.0027487483e+00 -2.1765777291e+00  5.8419179806e-01 -5.2469232972e-01 -6.3870051088e-01  3.5894386787e+00 -4.9332319280e-01 -1.2498518831e+00  2.8478449804e+00 -6.4565129251e-02  2.8130086222e-01  1.8198482076e+00 -2.4547179383e+00  2.9449882076e-01  2.9069217018e+00 -2.8284371117e+00 -1.0309774848e+00  3.7404134481e+00 -1.8454060722e+00  1.7539225694e+00  4.8658103241e+00 -2.1653163288e+00  4.4508643388e-01  2.9991066534e+00 -4.2487537825e+00  1.6980785410e+00  4.1329680237e+00 -4.5657487990e+00  3.9641065104e-01  5.1030884988e+00 -5.2770115851e+00  2.5956869968e+00  6.0588238737e+00 -3.9510982105e+00  1.9163347855e+00  4.9158083469e+00 -3.6343875666e+00  3.2278321937e+00
ENERGY -2.764516940207e+02

JOB 1
COORDS  1.5886857053e+00  1.2972789301e+00 -1.7446768988e+00  1.5428241824e+00 -1.6531999048e-01 -1.2890047090e+00  2.8923907685e+00 -6.7745741744e-01 -7.7041167178e-01  2.8667719121e+00 -2.1556951497e+00 -3.4092440225e-01  3.8564107401e+00 -2.4853616316e+00  7.8294755451e-01  3.8552551800e+00 -3.9646227347e+00  1.1852899888e+00  4.8307580646e+00 -4.2783609877e+00  2.3254869531e+00  6.0917459989e-01  1.6394882332e+00 -2.0962575709e+00  2.3037110581e+00  1.4335761165e+00 -2.5644022361e+00  1.8978428517e+00  1.9561211376e+00 -9.2460387480e-01  1.2060692588e+00 -7.9834513055e-01 -2.1212115481e+00  7.9225484403e-01 -2.8053427435e-01 -4.9613032676e-01  3.6684094925e+00 -5.2040680699e-01 -1.5308831715e+00  3.1863330872e+00 -5.8478712030e-02  8.8861099942e-02  1.8557265258e+00 -2.4104885207e+00  6.2874329940e-03  3.0564887002e+00 -2.8014935834e+00 -1.2080148111e+00  3.6162393192e+00 -1.8697455864e+00  1.6608110827e+00  4.8715392431e+00 -2.1942206143e+00  4.7730606915e-01  2.8389404780e+00 -4.2572395303e+00  1.4812802186e+00  4.1055940863e+00 -4.5777588784e+00  3.0943077288e-01  4.8108704435e+00 -5.3412490149e+00  2.5900956426e+00  5.8597198283e+00 -4.0233188359e+00  2.0460652283e+00  4.5821552101e+00 -3.7055991453e+00  3.2266274726e+00
ENERGY -2.764500954936e+02

JOB 2
COORDS  1.5739102194e+00  1.2937965838e+00 -1.5932242278e+00  1.5627882449e+00 -1.7630386391e-01 -1.1608180299e+00  2.9644140205e+00 -7.3275428514e-01 -8.7935198978e-01  2.9675301827e+00 -2.2175659225e+00 -4.5174692119e-01  3.8765364244e+00 -2.5096967937e+00  7.4841416103e-01  3.8867794901e+00 -3.9847540621e+00  1.1649887247e+00  4.7862542012e+00 -4.2614583553e+00  2.3751506209e+00  5.6015251251e-01  1.6664043475e+00 -1.7765631745e+00  2.1513381012e+00  1.4300418780e+00 -2.5151244262e+00  2.0284938883e+00  1.9279058671e+00 -8.2288213243e-01  1.0782425190e+00 -7.8389656657e-01 -1.9370010961e+00  9.4862841909e-01 -2.9026977651e-01 -2.5770032909e-01  3.6000768057e+00 -5.8989901937e-01 -1.7622740820e+00  3.4199893589e+00 -1.2593835306e-01 -8.4951240824e-02  1.9447326096e+00 -2.5199336907e+00 -1.8876664383e-01  3.2568412407e+00 -2.8551125846e+00 -1.2964587733e+00  3.5524688376e+00 -1.8937597677e+00  1.5989629813e+00  4.9028798941e+00 -2.1909231865e+00  5.1732738433e-01  2.8602111374e+00 -4.3032156826e+00  1.3905180848e+00  4.2159082386e+00 -4.5979681264e+00  3.1558256358e-01  4.7739738314e+00 -5.3216667044e+00  2.6507324509e+00  5.8258257027e+00 -3.9830767460e+00  2.1661898717e+00  4.4600199152e+00 -3.6858204245e+00  3.2492933821e+00
ENERGY -2.764484745160e+02

JOB 3
COORDS  1.3816811845e+00  1.4457828647e+00 -1.4374530263e+00  1.4140712334e+00 -2.7377750921e-02 -1.0171915001e+00  2.8357526134e+00 -5.9661211895e-01 -9.2162283399e-01  2.8813556716e+00 -2.0764537663e+00 -4.7014729930e-01  3.6656362725e+00 -2.2970487207e+00  8.2949763658e-01  3.6870568612e+00 -3.7578397938e+00  1.2927525946e+00  4.4662435176e+00 -3.9635421972e+00  2.5968403639e+00  3.5562116990e-01  1.8257836873e+00 -1.4916546680e+00  1.8417535997e+00  1.5853664298e+00 -2.4228012904e+00  1.9323533487e+00  2.0713486216e+00 -7.2507145510e-01  8.3295122609e-01 -6.2650094215e-01 -1.7307028381e+00  9.1608724561e-01 -1.4405922234e-01 -4.5079576874e-02  3.3315823694e+00 -4.7946264436e-01 -1.8933323010e+00  3.4129745050e+00  1.9164339817e-02 -2.1916998846e-01  1.8575484687e+00 -2.4476902106e+00 -3.2979639028e-01  3.3166286333e+00 -2.7014038456e+00 -1.2597236796e+00  3.2317392070e+00 -1.6708319310e+00  1.6221058810e+00  4.6974330904e+00 -1.9434767164e+00  6.9486518588e-01  2.6552151148e+00 -4.1107172230e+00  1.4222974012e+00  4.1248353428e+00 -4.3812762419e+00  5.0173652461e-01  4.4659590050e+00 -5.0153036354e+00  2.9033304735e+00  5.5105149698e+00 -3.6485003817e+00  2.4866768099e+00  4.0294752787e+00 -3.3777693963e+00  3.4141440953e+00
ENERGY -2.764477782603e+02

JOB 4
COORDS  1.4080112937e+00  1.4117976612e+00 -1.4443041263e+00  1.4730213832e+00 -5.3797996940e-02 -1.0018066662e+00  2.8840851698e+00 -6.5022895339e-01 -1.0926855425e+00  2.9677533785e+00 -2.1097377938e+00 -5.9002436933e-01  3.6273814539e+00 -2.2420313224e+00  7.8879251878e-01  3.6540847785e+00 -3.6790069285e+00  1.3213213426e+00  4.3273615006e+00 -3.7995856620e+00  2.6932654336e+00  3.8872342319e-01  1.8075394101e+00 -1.3764983722e+00  1.7417342940e+00  1.5254007203e+00 -2.4825482454e+00  2.0529988498e+00  2.0413081900e+00 -8.2011633289e-01  7.9190730669e-01 -6.5528266471e-01 -1.6176715547e+00  1.1080753169e+00 -1.4155258215e-01  3.0831987854e-02  3.2175836332e+00 -5.9100048645e-01 -2.1366556529e+00  3.5797817273e+00 -2.2142488524e-02 -5.2114112404e-01  1.9606520481e+00 -2.5450216126e+00 -5.5370907906e-01  3.5320061802e+00 -2.7223822653e+00 -1.3045090233e+00  3.1000101145e+00 -1.5993165696e+00  1.5085468620e+00  4.6542698858e+00 -1.8554872145e+00  7.3308320628e-01  2.6261839215e+00 -4.0605155619e+00  1.3822865592e+00  4.1750798779e+00 -4.3220234497e+00  5.9933087503e-01  4.3325190046e+00 -4.8358700416e+00  3.0485575953e+00  5.3674398796e+00 -3.4551777028e+00  2.6542419179e+00  3.8067840495e+00 -3.1924090993e+00  3.4430841355e+00
ENERGY -2.764484790089e+02

JOB 5
COORDS  1.4568174915e+00  1.4613345452e+00 -1.5017634016e+00  1.5306432797e+00  1.4423290639e-02 -1.0021786773e+00  2.8935885733e+00 -6.4290699215e-01 -1.2594565845e+00  3.0001429751e+00 -2.0751061700e+00 -7.0095045479e-01  3.5197521573e+00 -2.1305396092e+00  7.4176991036e-01  3.5607600339e+00 -3.5480670219e+00  1.3236671986e+00  4.1030033370e+00 -3.5942711447e+00  2.7567659544e+00  4.6942433999e-01  1.8996421798e+00 -1.3198379753e+00  1.6533422989e+00  1.5169746431e+00 -2.5790311129e+00  2.1995922571e+00  2.0911002127e+00 -9.9827921305e-01  7.5093394161e-01 -5.8385377566e-01 -1.4912716426e+00  1.3064163217e+00 -1.2191299634e-02  7.2564603164e-02  3.0689495186e+00 -6.5385983294e-01 -2.3432097885e+00  3.6907129543e+00 -2.0440993532e-02 -8.3127793334e-01  2.0200508797e+00 -2.5668879827e+00 -7.6108252231e-01  3.6746045438e+00 -2.6686624843e+00 -1.3316698942e+00  2.8944013973e+00 -1.4955309740e+00  1.3850204478e+00  4.5281153227e+00 -1.6954902765e+00  7.7411046708e-01  2.5505337556e+00 -3.9777496086e+00  1.2996730371e+00  4.1783291600e+00 -4.1859008682e+00  6.7717020534e-01  4.1187067689e+00 -4.6175849557e+00  3.1475885618e+00  5.1260711470e+00 -3.2031923420e+00  2.8045874687e+00  3.4866100497e+00 -2.9888384454e+00  3.4316301449e+00
ENERGY -2.764500355801e+02

JOB 6
COORDS  1.4778657206e+00  1.4909424705e+00 -1.4390988323e+00  1.5988707853e+00  7.5920760183e-02 -8.6224041747e-01  2.8747332932e+00 -6.4630779158e-01 -1.3164165025e+00  3.0217797720e+00 -2.0730200367e+00 -7.6366582322e-01  3.4252294352e+00 -2.1342498977e+00  7.1544500523e-01  3.5780226589e+00 -3.5654274433e+00  1.2439800222e+00  3.9930417621e+00 -3.6203248395e+00  2.7186272407e+00  5.5567102356e-01  1.9817837476e+00 -1.1092904412e+00  1.4721800189e+00  1.4714176759e+00 -2.5353144185e+00  2.3203107161e+00  2.1182012725e+00 -1.1248787976e+00  7.2665834466e-01 -5.1939374625e-01 -1.1635935935e+00  1.5693288691e+00  1.2862456861e-01  2.3307210470e-01  2.8773303093e+00 -6.8433857185e-01 -2.4140607864e+00  3.7540199989e+00 -5.1940146653e-02 -1.0315026559e+00  2.0802338995e+00 -2.6198678036e+00 -9.1139482503e-01  3.7790911832e+00 -2.6087374073e+00 -1.3513841554e+00  2.6844509125e+00 -1.6050298312e+00  1.3290689974e+00  4.3734069511e+00 -1.5950598489e+00  8.5034412243e-01  2.6299650552e+00 -4.1030263987e+00  1.1097974856e+00  4.3194771547e+00 -4.0988200262e+00  6.3425811193e-01  4.0942107202e+00 -4.6532828119e+00  3.0692471723e+00  4.9548605012e+00 -3.1185796721e+00  2.8769712980e+00  3.2526155974e+00 -3.1227357470e+00  3.3558922721e+00
ENERGY -2.764512273244e+02

JOB 7
COORDS  1.4661639484e+00  1.5245127463e+00 -1.3959845413e+00  1.6956553646e+00  1.5377889899e-01 -7.4898454745e-01  2.8602523292e+00 -6.1449863744e-01 -1.3878947312e+00  3.0623846379e+00 -2.0399791594e+00 -8.5184292518e-01  3.3522808991e+00 -2.1240329997e+00  6.5225425992e-01  3.6729020703e+00 -3.5470494907e+00  1.1251125033e+00  3.9496036743e+00 -3.6318235241e+00  2.6304291097e+00  6.3393505365e-01  2.0575392906e+00 -9.2328093571e-01  1.2360556252e+00  1.4246767565e+00 -2.4632243016e+00  2.3585054351e+00  2.1555674656e+00 -1.3087593859e+00  7.7963797937e-01 -4.4777257864e-01 -8.2811229552e-01  1.8817305606e+00  2.8842672468e-01  3.2282118171e-01  2.6985689448e+00 -6.6460566613e-01 -2.4730976456e+00  3.7867672000e+00 -4.0161663524e-02 -1.2454600781e+00  2.1702710621e+00 -2.6408737809e+00 -1.0783002608e+00  3.8906646752e+00 -2.5083746935e+00 -1.4000740648e+00  2.4936584749e+00 -1.7459249546e+00  1.2208946090e+00  4.1958243921e+00 -1.4625091251e+00  8.9722624150e-01  2.8357284680e+00 -4.2098734778e+00  8.6849566767e-01  4.5418722643e+00 -3.9254715101e+00  5.7058239348e-01  4.1763461434e+00 -4.6579334826e+00  2.9400525355e+00  4.8023652890e+00 -3.0025213559e+00  2.9110027821e+00  3.0838186871e+00 -3.2918982786e+00  3.2107684225e+00
ENERGY -2.764514362480e+02

JOB 8
COORDS  1.4860400274e+00  1.4762937123e+00 -1.3006879158e+00  1.8123626576e+00  1.3737169737e-01 -6.2894809084e-01  2.8382706380e+00 -6.8241984466e-01 -1.4227957506e+00  3.1287849348e+00 -2.0895955214e+00 -8.6946940475e-01  3.3362080073e+00 -2.1673079175e+00  6.4852053558e-01  3.7399650851e+00 -3.5678666342e+00  1.1250218059e+00  3.9269643570e+00 -3.6545787882e+00  2.6439929637e+00  7.6273001400e-01  2.0537347267e+00 -7.1453651652e-01  1.0615861173e+00  1.3248948784e+00 -2.3000516489e+00  2.3877832491e+00  2.0895057983e+00 -1.4150461146e+00  8.8875896591e-01 -4.4577695121e-01 -5.0837902516e-01  2.1907625301e+00  3.2392566122e-01  3.8224598367e-01  2.5038424818e+00 -7.7235534176e-01 -2.4645656220e+00  3.7769142442e+00 -1.1077252603e-01 -1.4568963515e+00  2.2955853507e+00 -2.7561269503e+00 -1.1343066675e+00  4.0118914785e+00 -2.4956696359e+00 -1.3794810487e+00  2.4167129373e+00 -1.8672468769e+00  1.1652859675e+00  4.1079630372e+00 -1.4459388769e+00  9.5450308457e-01  2.9763428048e+00 -4.2907219150e+00  8.0795353503e-01  4.6695879807e+00 -3.8674310131e+00  6.2324465341e-01  4.2148446649e+00 -4.6644075604e+00  2.9563331140e+00  4.7073770144e+00 -2.9645095718e+00  2.9855924883e+00  3.0019215438e+00 -3.3933547846e+00  3.1712589220e+00
ENERGY -2.764502247192e+02

JOB 9
COORDS  1.5525285641e+00  1.4471246864e+00 -1.2185092615e+00  1.9452698182e+00  1.2206188017e-01 -5.5484139642e-01  2.8238072315e+00 -7.4584692798e-01 -1.4667009271e+00  3.2340670712e+00 -2.1278945946e+00 -9.0575855702e-01  3.3728376005e+00 -2.2240692687e+00  6.1956225166e-01  3.8327397769e+00 -3.6110376766e+00  1.0849884757e+00  3.9543342178e+00 -3.7224575750e+00  2.6090169169e+00  9.3585499668e-01  2.0613922944e+00 -5.5324211418e-01  9.8218923138e-01  1.2755793588e+00 -2.1389121650e+00  2.4404011420e+00  2.0325587794e+00 -1.4854337165e+00  1.0356102967e+00 -4.2777020862e-01 -2.7732853712e-01  2.4752958558e+00  3.2932947011e-01  3.8120203620e-01  2.3203585355e+00 -8.8517867592e-01 -2.4315043532e+00  3.7326570152e+00 -1.6871051668e-01 -1.6881111488e+00  2.4852306887e+00 -2.8712599784e+00 -1.2130000984e+00  4.1729995262e+00 -2.4416776098e+00 -1.3783297920e+00  2.4138770986e+00 -1.9879540268e+00  1.0957853773e+00  4.0873712727e+00 -1.4707820338e+00  9.8114994659e-01  3.1266346847e+00 -4.3676798387e+00  7.1742950737e-01  4.7999035192e+00 -3.8469204279e+00  6.2163608428e-01  4.2827052548e+00 -4.7222133934e+00  2.9137237208e+00  4.6790561442e+00 -2.9993496264e+00  3.0011769637e+00  2.9930697629e+00 -3.5238926027e+00  3.0973834432e+00
ENERGY -2.764477566045e+02

JOB 10
COORDS  1.5575056705e+00  1.3813108485e+00 -1.1908104136e+00  2.0385741989e+00  1.0137568473e-01 -4.9736841662e-01  2.7774680407e+00 -8.3513663581e-01 -1.4652119875e+00  3.3247039221e+00 -2.1658207997e+00 -8.7610444132e-01  3.3973172625e+00 -2.2679117524e+00  6.5437974751e-01  3.9396235578e+00 -3.6224953432e+00  1.1266026753e+00  4.0113000162e+00 -3.7402095320e+00  2.6533137587e+00  1.0358466966e+00  2.0438345225e+00 -4.9143944228e-01  8.6737016926e-01  1.1518898303e+00 -2.0112363484e+00  2.3995770918e+00  1.9405847794e+00 -1.6155385648e+00  1.1760205150e+00 -4.1525397753e-01 -5.7042929421e-02  2.6955101952e+00  3.6744434257e-01  3.3816634393e-01  2.1178035980e+00 -1.0592120436e+00 -2.3122327933e+00  3.6138080750e+00 -2.6441931683e-01 -1.8903611476e+00  2.6944430906e+00 -2.9940327801e+00 -1.2260017525e+00  4.3203064562e+00 -2.3616112277e+00 -1.2919152161e+00  2.4023495431e+00 -2.1113251333e+00  1.0880167029e+00  4.0355910064e+00 -1.4700897834e+00  1.0579222616e+00  3.3056350807e+00 -4.4250825252e+00  7.2654460583e-01  4.9384713691e+00 -3.7823058113e+00  6.9922086376e-01  4.3996827550e+00 -4.7166790623e+00  2.9629282385e+00  4.6662826592e+00 -2.9706982774e+00  3.0784290062e+00  3.0204126431e+00 -3.6166852226e+00  3.1058803059e+00
ENERGY -2.764451853451e+02

JOB 11
COORDS  1.5977284348e+00  1.3088417294e+00 -1.0114433076e+00  2.1741685551e+00  9.2239794955e-02 -2.7781873415e-01  2.7583090913e+00 -9.4234439917e-01 -1.2524687045e+00  3.3776879285e+00 -2.2322753724e+00 -6.3494136421e-01  3.3507955857e+00 -2.3582887154e+00  8.9579877321e-01  3.9877878867e+00 -3.6644690356e+00  1.3859015217e+00  3.9682915748e+00 -3.8050500142e+00  2.9122226253e+00  1.1842056176e+00  2.0408914782e+00 -3.0910643308e-01  7.9474933228e-01  1.0134033162e+00 -1.6970976303e+00  2.3683748624e+00  1.8143338287e+00 -1.6053829269e+00  1.3868721537e+00 -3.6729361504e-01  3.3138843919e-01  2.9477900401e+00  4.2756924779e-01  4.2305228143e-01  1.9645951413e+00 -1.2259701107e+00 -1.9547201700e+00  3.5170765221e+00 -4.3630643244e-01 -1.8621994915e+00  2.8687371115e+00 -3.1094347128e+00 -1.0530255417e+00  4.4213700717e+00 -2.3199475421e+00 -9.6095465055e-01  2.3172897371e+00 -2.3083294529e+00  1.2612449858e+00  3.8781275098e+00 -1.5122314654e+00  1.3543316191e+00  3.4627166721e+00 -4.5159142004e+00  9.3269718685e-01  5.0238439126e+00 -3.7196194061e+00  1.0259100273e+00  4.4304774577e+00 -4.7444910362e+00  3.2347665492e+00  4.5133476824e+00 -2.9834164871e+00  3.3915209185e+00  2.9419628712e+00 -3.7888587780e+00  3.2972853000e+00
ENERGY -2.764440498616e+02

JOB 12
COORDS  1.7690033803e+00  1.1499107206e+00 -8.9348020837e-01  2.3768957673e+00 -5.9643167094e-02 -1.7377932617e-01  2.8186924109e+00 -1.1532266849e+00 -1.1579702515e+00  3.4428706085e+00 -2.4392406293e+00 -5.4657494456e-01  3.2415855499e+00 -2.6583535184e+00  9.5992788744e-01  3.9056054493e+00 -3.9476107852e+00  1.4588072976e+00  3.7177027258e+00 -4.1753549391e+00  2.9630233571e+00  1.4536278522e+00  1.9218051499e+00 -1.8291508766e-01  8.9074029185e-01  8.5882678603e-01 -1.4818589241e+00  2.4906265102e+00  1.6048672373e+00 -1.5821707421e+00  1.6440601951e+00 -4.6701640612e-01  5.3153939695e-01  3.2315083595e+00  2.7274810056e-01  4.2949962029e-01  1.9350166543e+00 -1.4327399879e+00 -1.7469738005e+00  3.5220179831e+00 -7.1717278127e-01 -1.8776929708e+00  3.0636199860e+00 -3.3154769766e+00 -1.0858664005e+00  4.5253479957e+00 -2.4296822033e+00 -7.3027063760e-01  2.1698113752e+00 -2.6963278704e+00  1.1978727341e+00  3.6484833955e+00 -1.8078710817e+00  1.5199594487e+00  3.4979555069e+00 -4.8035274393e+00  9.0462361059e-01  4.9780101782e+00 -3.9161482625e+00  1.2240900136e+00  4.2026834182e+00 -5.1007327752e+00  3.2926663265e+00  4.1451332603e+00 -3.3496236586e+00  3.5438877033e+00  2.6547573973e+00 -4.2452720889e+00  3.2221208092e+00
ENERGY -2.764451853573e+02

JOB 13
COORDS  1.7252551928e+00  1.1958979869e+00 -9.2542926429e-01  2.4254215286e+00  2.9655625674e-02 -2.1822973310e-01  2.7212323994e+00 -1.1350543430e+00 -1.1734992219e+00  3.4720773729e+00 -2.3431767376e+00 -5.6551419384e-01  3.2267778317e+00 -2.6106059749e+00  9.2560181395e-01  3.9671837242e+00 -3.8541630783e+00  1.4327244368e+00  3.7447243539e+00 -4.1170891386e+00  2.9264599467e+00  1.5100930497e+00  2.0150843503e+00 -2.3056940773e-01  7.7453277049e-01  8.7507337189e-01 -1.3675804400e+00  2.3456086380e+00  1.5985245842e+00 -1.7346944001e+00  1.7986236842e+00 -3.2062144084e-01  6.0911457271e-01  3.3594356827e+00  3.8890239723e-01  2.3494954144e-01  1.7574406329e+00 -1.4810097296e+00 -1.5729447496e+00  3.2825608690e+00 -7.6185921027e-01 -2.0391437673e+00  3.2287273696e+00 -3.2436980946e+00 -1.1427559066e+00  4.5525252505e+00 -2.1907003827e+00 -6.9645838835e-01  2.1506839777e+00 -2.7338496746e+00  1.1142354249e+00  3.5422546977e+00 -1.7422244542e+00  1.5159639768e+00  3.6443585106e+00 -4.7297546780e+00  8.5405185056e-01  5.0417500117e+00 -3.7393657239e+00  1.2369600874e+00  4.2824051346e+00 -5.0109016623e+00  3.2613986972e+00  4.0925434770e+00 -3.2720874049e+00  3.5322194266e+00  2.6811290301e+00 -4.2653442170e+00  3.1471187100e+00
ENERGY -2.764477561724e+02

JOB 14
COORDS  2.0220453491e+00  1.2700655205e+00 -2.0667128671e+00  2.4226686104e+00 -9.7397960802e-02 -1.5010468087e+00  1.8963813392e+00 -3.2000314514e-01 -7.6895076671e-02  2.1610977459e+00 -1.7172120356e+00  5.1339690628e-01  3.5797422264e+00 -2.2608594558e+00  3.0067195331e-01  3.8194652004e+00 -3.5982667713e+00  1.0116660743e+00  5.2292013342e+00 -4.1553427201e+00  7.8347319290e-01  2.4166692408e+00  1.4173963055e+00 -3.0780261896e+00  2.4038432916e+00  2.0833308881e+00 -1.4381609754e+00  9.3184346003e-01  1.3747582948e+00 -2.1147737736e+00  3.5147701790e+00 -1.8538568413e-01 -1.5096791497e+00  2.0455326828e+00 -8.9080400002e-01 -2.1612879728e+00  2.3538216620e+00  4.3679611811e-01  5.7655591346e-01  8.1659045731e-01 -1.2321892997e-01 -5.3606184146e-02  1.9356256562e+00 -1.6967714096e+00  1.5874683839e+00  1.4522755706e+00 -2.4316198022e+00  7.0884839386e-02  4.3157346937e+00 -1.5257073201e+00  6.5770219268e-01  3.7721230857e+00 -2.3885817996e+00 -7.7134975674e-01  3.6444080587e+00 -3.4728173609e+00  2.0883904317e+00  3.0762175863e+00 -4.3289854244e+00  6.6553842564e-01  5.3728629639e+00 -5.1096558418e+00  1.3019647713e+00  5.4195555428e+00 -4.3232562877e+00 -2.8307354800e-01  5.9927830913e+00 -3.4587712846e+00  1.1490697847e+00
ENERGY -2.764502247192e+02

JOB 15
COORDS  1.9243872166e+00  1.2881402079e+00 -2.0317825792e+00  2.2832295363e+00 -1.2364135800e-01 -1.5538793841e+00  1.9582435111e+00 -3.4658741408e-01 -7.0860055076e-02  2.1969615571e+00 -1.7781973884e+00  4.3261498332e-01  3.6431612232e+00 -2.2721702419e+00  2.9885565471e-01  3.8684903916e+00 -3.6524062408e+00  9.2787591875e-01  5.3102391632e+00 -4.1516996723e+00  7.8038822071e-01  2.1682295886e+00  1.4278717310e+00 -3.0906406562e+00  2.4710177975e+00  2.0479512508e+00 -1.4608393006e+00  8.5382132417e-01  1.4881638729e+00 -1.9060925401e+00  3.3495987308e+00 -3.0377082881e-01 -1.7325847259e+00  1.7414853616e+00 -8.6461772699e-01 -2.1577410085e+00  2.5533248829e+00  3.5296329802e-01  5.3338997688e-01  9.0723398863e-01 -8.0711740339e-02  1.0532216414e-01  1.8981743456e+00 -1.8348900659e+00  1.4878613931e+00  1.5324093047e+00 -2.4667753049e+00 -1.0820542132e-01  4.3206952164e+00 -1.5449655189e+00  7.6925467363e-01  3.9283131000e+00 -2.3136696237e+00 -7.5969721588e-01  3.6009562844e+00 -3.6130825240e+00  1.9921556646e+00  3.1815212776e+00 -4.3751506926e+00  4.6770551002e-01  5.4434092137e+00 -5.1366216678e+00  1.2412338151e+00  5.5926517837e+00 -4.2365499708e+00 -2.7552838393e-01  6.0172880290e+00 -3.4622471485e+00  1.2565113579e+00
ENERGY -2.764514356407e+02

JOB 16
COORDS  1.8986188894e+00  1.3290845993e+00 -2.0403644742e+00  2.1192544764e+00 -1.2424022709e-01 -1.6057826013e+00  2.0140225270e+00 -3.1506024465e-01 -8.6496896449e-02  2.2199529213e+00 -1.7643977322e+00  3.8220033496e-01  3.6808478546e+00 -2.2324371266e+00  3.5035172113e-01  3.8661490950e+00 -3.6760926546e+00  8.3252028166e-01  5.3288878492e+00 -4.1340575560e+00  8.1010445885e-01  1.9685281305e+00  1.4381906380e+00 -3.1281835543e+00  2.6456694822e+00  1.9930690148e+00 -1.5898742224e+00  9.0965609918e-01  1.6878531443e+00 -1.7315929628e+00  3.1022718207e+00 -4.6109720596e-01 -1.9572995648e+00  1.3803341840e+00 -7.7086233765e-01 -2.0975592526e+00  2.7406244844e+00  3.3807642051e-01  4.1654977048e-01  1.0224050698e+00  2.9410719884e-02  2.3647450963e-01  1.8466489669e+00 -1.8650973650e+00  1.4100281621e+00  1.6044993427e+00 -2.4367322351e+00 -2.3144292389e-01  4.2854331260e+00 -1.5610277611e+00  9.7617140908e-01  4.0819610977e+00 -2.1425716137e+00 -6.6768234369e-01  3.4677773908e+00 -3.7709253862e+00  1.8515050391e+00  3.2626343346e+00 -4.3462765875e+00  2.0605861962e-01  5.4315904451e+00 -5.1675849051e+00  1.1585941015e+00  5.7436833282e+00 -4.0809512809e+00 -2.0333370217e-01  5.9505341462e+00 -3.5014072764e+00  1.4544846153e+00
ENERGY -2.764512273252e+02

JOB 17
COORDS  1.8274094774e+00  1.3188024609e+00 -2.0314267128e+00  1.9535453127e+00 -1.4820395609e-01 -1.6064921167e+00  2.0728807062e+00 -3.2702742787e-01 -8.6730239343e-02  2.2675627418e+00 -1.7930998243e+00  3.4594520601e-01  3.7405850473e+00 -2.2152975098e+00  4.2633554918e-01  3.9353138533e+00 -3.6919361130e+00  7.8867384553e-01  5.4103848113e+00 -4.0969841769e+00  8.8885693673e-01  1.7278189129e+00  1.4155082374e+00 -3.1181121343e+00  2.7074537108e+00  1.8957820482e+00 -1.7241288862e+00  9.4897850008e-01  1.7879991341e+00 -1.5726927719e+00  2.8263821416e+00 -5.9688225094e-01 -2.0993435996e+00  1.0802125889e+00 -7.1048821920e-01 -1.9617668959e+00  2.9039684884e+00  2.8239850327e-01  2.9287621037e-01  1.1646829130e+00  7.8886295140e-02  3.7781583870e-01  1.8108949013e+00 -1.9514551447e+00  1.3315375084e+00  1.7294915479e+00 -2.4549688767e+00 -3.4575858080e-01  4.2506182726e+00 -1.5884964257e+00  1.1707119758e+00  4.2367969249e+00 -2.0118068795e+00 -5.3305786653e-01  3.4326095698e+00 -3.8987485009e+00  1.7429792352e+00  3.4333582749e+00 -4.3171950985e+00  3.8439548087e-02  5.5195692987e+00 -5.1562428526e+00  1.1461694849e+00  5.9311283726e+00 -3.9290581701e+00 -6.1173549767e-02  5.9291666226e+00 -3.5118623960e+00  1.6572285929e+00
ENERGY -2.764500355796e+02

JOB 18
COORDS  1.8488211226e+00  1.2422534055e+00 -2.0742203994e+00  1.9159842161e+00 -2.2414800429e-01 -1.6347245294e+00  2.2170105775e+00 -3.9345217024e-01 -1.3946277938e-01  2.3465052824e+00 -1.8705682997e+00  2.9779260368e-01  3.7959540957e+00 -2.3067035211e+00  5.4805852994e-01  3.9363977072e+00 -3.7874173205e+00  9.1814136597e-01  5.3876047569e+00 -4.2072599156e+00  1.1785274578e+00  1.6248397243e+00  1.3319700957e+00 -3.1428368828e+00  2.8004775699e+00  1.7537926070e+00 -1.8882588181e+00  1.0705100363e+00  1.7837053382e+00 -1.5235024732e+00  2.6838642139e+00 -7.4775073655e-01 -2.2207543162e+00  9.6507107981e-01 -7.2184823947e-01 -1.8650493709e+00  3.1400728540e+00  1.4717410520e-01  1.0717394614e-01  1.4203682685e+00  1.0058939553e-01  4.3140246132e-01  1.7690596485e+00 -2.0439372459e+00  1.2146918539e+00  1.8984010958e+00 -2.5209481638e+00 -4.6460770032e-01  4.2223063180e+00 -1.6890820002e+00  1.3504233986e+00  4.3991313961e+00 -2.0989728034e+00 -3.4764047767e-01  3.3287624019e+00 -3.9961886943e+00  1.8088553902e+00  3.5155943468e+00 -4.4025262393e+00  1.1165973010e-01  5.4578759978e+00 -5.2685811715e+00  1.4408350986e+00  6.0116825765e+00 -4.0404902051e+00  2.9274569536e-01  5.8236579562e+00 -3.6304328305e+00  2.0025620441e+00
ENERGY -2.764484790119e+02

JOB 19
COORDS  1.8535310780e+00  1.2642988879e+00 -2.1116561504e+00  1.8868507245e+00 -2.0917312372e-01 -1.6925651745e+00  2.3653461944e+00 -4.1548934650e-01 -2.4936748680e-01  2.4297927486e+00 -1.9025942241e+00  1.7515903487e-01  3.8334656320e+00 -2.3615060872e+00  5.8981483311e-01  3.9040176189e+00 -3.8411749136e+00  9.8297575486e-01  5.3133966072e+00 -4.2893924656e+00  1.3865082684e+00  1.5141017640e+00  1.3801371251e+00 -3.1467922417e+00  2.8480099511e+00  1.7192073941e+00 -2.0333489236e+00  1.1758266863e+00  1.8414897403e+00 -1.4716334503e+00  2.5439797548e+00 -7.7020702160e-01 -2.3708174066e+00  8.8635274193e-01 -6.4700602320e-01 -1.8068290084e+00  3.3585511764e+00  4.0205643985e-02 -1.4125686686e-01  1.7079306291e+00  1.4538913356e-01  4.2665542090e-01  1.7339498171e+00 -2.0923218915e+00  1.0017532653e+00  2.0841476366e+00 -2.5347389471e+00 -6.5346266862e-01  4.1829956604e+00 -1.7453293893e+00  1.4299939348e+00  4.5328420798e+00 -2.1714460059e+00 -2.3685996787e-01  3.2082985924e+00 -4.0282758978e+00  1.8118293401e+00  3.5499300732e+00 -4.4549823777e+00  1.4400885417e-01  5.3340928632e+00 -5.3492040958e+00  1.6631115290e+00  6.0239527873e+00 -4.1452903334e+00  5.6417840538e-01  5.6803599200e+00 -3.7135814690e+00  2.2442207105e+00
ENERGY -2.764477782624e+02

JOB 20
COORDS  1.7490440205e+00  1.2263975203e+00 -1.8432894994e+00  1.7776135781e+00 -2.5896849745e-01 -1.4675697502e+00  2.4182944879e+00 -5.2260104865e-01 -9.8832683023e-02  2.4443234704e+00 -2.0162220030e+00  2.9606032445e-01  3.7881286417e+00 -2.4756429885e+00  8.7497292022e-01  3.8092870221e+00 -3.9548928016e+00  1.2759779942e+00  5.1622194136e+00 -4.4060657434e+00  1.8382311713e+00  1.2965848296e+00  1.3830133909e+00 -2.8286355182e+00  2.7617492586e+00  1.6457544544e+00 -1.8704191612e+00  1.1713219015e+00  1.8071295276e+00 -1.1146788279e+00  2.3301836714e+00 -8.2187777349e-01 -2.2315083400e+00  7.5489804190e-01 -6.5948692855e-01 -1.4747887637e+00  3.4463395270e+00 -1.3605828640e-01 -1.2240447942e-01  1.8988084293e+00  6.4741684516e-02  6.6875414718e-01  1.6416075413e+00 -2.2335701863e+00  1.0116804785e+00  2.2255131086e+00 -2.6279604728e+00 -5.8971525616e-01  4.0407940818e+00 -1.8591606195e+00  1.7493349603e+00  4.5778969902e+00 -2.2882961824e+00  1.3402802805e-01  3.0230869340e+00 -4.1389419620e+00  2.0201980968e+00  3.5516341570e+00 -4.5692300779e+00  4.0286357390e-01  5.1487479217e+00 -5.4658106893e+00  2.1155350195e+00  5.9625952777e+00 -4.2639328540e+00  1.1026289677e+00  5.4298962307e+00 -3.8306613711e+00  2.7321714546e+00
ENERGY -2.764484745153e+02

JOB 21
COORDS  1.6197131419e+00  1.2853297405e+00 -1.7888318701e+00  1.6579797623e+00 -2.0963354180e-01 -1.4533376489e+00  2.5023825880e+00 -5.2737304283e-01 -2.1294296675e-01  2.5209625938e+00 -2.0226115856e+00  1.5341635330e-01  3.8174339053e+00 -2.4703298518e+00  8.3888237679e-01  3.8205714566e+00 -3.9512363783e+00  1.2351145619e+00  5.1302376596e+00 -4.3935429955e+00  1.8978557091e+00  1.0219638355e+00  1.4806303860e+00 -2.6858890604e+00  2.6287018505e+00  1.6748907940e+00 -1.9687067286e+00  1.1848608545e+00  1.8640863089e+00 -9.6558698412e-01  2.0606028756e+00 -7.6858468046e-01 -2.3081748763e+00  6.3405609405e-01 -5.7824968215e-01 -1.3036867483e+00  3.5311995082e+00 -1.9116284620e-01 -4.0369129777e-01  2.1483777862e+00  6.4502789377e-02  6.4119435841e-01  1.6590600343e+00 -2.2637568012e+00  7.8892154476e-01  2.3934774296e+00 -2.6173967171e+00 -7.6182499358e-01  3.9924549616e+00 -1.8559177407e+00  1.7336063696e+00  4.6628882592e+00 -2.2724516910e+00  1.6556157153e-01  2.9813011653e+00 -4.1451032027e+00  1.9161254518e+00  3.6361083677e+00 -4.5639463306e+00  3.4253952576e-01  5.1034479884e+00 -5.4537709835e+00  2.1723426563e+00  5.9830647380e+00 -4.2445975996e+00  1.2252377535e+00  5.3251956052e+00 -3.8175804563e+00  2.8100748573e+00
ENERGY -2.764500954946e+02

JOB 22
COORDS  1.4718535217e+00  1.0930461422e+00 -1.8878225233e+00  1.5509230080e+00 -3.8474818663e-01 -1.4885471752e+00  2.5878711791e+00 -6.5714872712e-01 -3.9212753568e-01  2.6534826656e+00 -2.1293113538e+00  3.6495182925e-02  3.9081616530e+00 -2.4749435112e+00  8.4670648983e-01  3.9583596288e+00 -3.9381977800e+00  1.3018431948e+00  5.2241300311e+00 -4.2772292046e+00  2.0973366500e+00  7.3179201232e-01  1.2564367115e+00 -2.6788807447e+00  2.4392409053e+00  1.4544051853e+00 -2.2561241586e+00  1.1899962991e+00  1.7187362259e+00 -1.0329170450e+00  1.7963634234e+00 -9.9086686128e-01 -2.3704171737e+00  5.6342125502e-01 -7.2606090188e-01 -1.1497199753e+00  3.5759253390e+00 -3.4460941008e-01 -7.5867060431e-01  2.3772860032e+00 -2.6780835722e-02  4.8248772847e-01  1.7553202287e+00 -2.3852113370e+00  6.1460556494e-01  2.6275546102e+00 -2.7653938964e+00 -8.5948798415e-01  3.9683777324e+00 -1.8200376855e+00  1.7275596946e+00  4.7984328587e+00 -2.2525085837e+00  2.4233594415e-01  3.0721996193e+00 -4.1576382406e+00  1.9120068455e+00  3.8919892570e+00 -4.5923174351e+00  4.2221986766e-01  5.2327688675e+00 -5.3270748064e+00  2.4102283405e+00  6.1256351966e+00 -4.1000206460e+00  1.4991726954e+00  5.3005158733e+00 -3.6595050839e+00  2.9998189438e+00
ENERGY -2.764516940178e+02

JOB 23
COORDS  1.4358276484e+00  1.1091800034e+00 -1.8414293212e+00  1.4879618720e+00 -3.6433057299e-01 -1.4220825407e+00  2.6722011011e+00 -6.8600294299e-01 -5.0274095742e-01  2.7337623848e+00 -2.1573511017e+00 -7.7276141908e-02  3.9181102361e+00 -2.4778136167e+00  8.4158247466e-01  3.9806791349e+00 -3.9493715890e+00  1.2678296658e+00  5.1683365725e+00 -4.2588882101e+00  2.1862368932e+00  5.8127349589e-01  1.3103771292e+00 -2.4967256617e+00  2.3452995022e+00  1.3984866307e+00 -2.3809352723e+00  1.3479218289e+00  1.7654128113e+00 -9.6762426406e-01  1.5425808181e+00 -9.9838128272e-01 -2.3169778857e+00  5.5250730555e-01 -6.3419848958e-01 -9.1420692658e-01  3.6083954776e+00 -4.1507209053e-01 -1.0106481643e+00  2.6181250631e+00 -5.0766286534e-02  3.9245874753e-01  1.7973795824e+00 -2.4275418844e+00  4.3041955594e-01  2.7875243367e+00 -2.7918853470e+00 -9.7284716634e-01  3.8649290226e+00 -1.8436554234e+00  1.7376004451e+00  4.8550092811e+00 -2.2080140128e+00  3.3437351100e-01  3.0449020708e+00 -4.2186596639e+00  1.7754186274e+00  4.0348051377e+00 -4.5829187013e+00  3.7254755634e-01  5.1883523162e+00 -5.3155356127e+00  2.4747712660e+00  6.1197418284e+00 -4.0299865342e+00  1.6919331258e+00  5.1224633424e+00 -3.6629399047e+00  3.1052828825e+00
ENERGY -2.764523486750e+02

