JOB 0
COORDS  4.9767009272e+00  1.9025528508e+00  8.7055410897e-01  5.0432941982e+00  5.4232010680e-01  1.1276650732e+00  3.8327421662e+00  2.1068910427e+00  5.5373337804e-02  3.2001322621e+00  8.8219690523e-01 -1.4701881369e-01  2.0815985799e+00  5.0786893460e-01 -1.0347717116e+00  5.4359573164e-01 -1.1960776491e+00 -1.7918831534e+00  1.0519098456e+00 -1.0602350433e+00  5.9875529402e-01  3.9686209292e+00 -5.8457974765e-02  5.2852484312e-01  1.4734273643e+00 -7.2373606183e-01 -7.6599094124e-01  1.7876427804e+00  1.1798127903e+00 -2.0209200667e+00  3.3000193319e+00  3.6475817909e+00 -5.2360975405e-01  5.6597274764e+00  2.6635518897e+00  1.2221862537e+00  5.7729517383e+00 -3.1401465202e-02  1.6826117159e+00  9.7892371432e-01 -1.0436364724e+00 -2.7792599555e+00 -4.1478920457e-01 -6.6066342236e-01 -1.7535859906e+00  3.6188907019e-01 -2.2631817385e+00 -1.6326819267e+00  1.1460903989e+00 -2.1384026031e+00  7.7101464810e-01  1.6536005605e+00 -5.3098315705e-01  1.3365732275e+00  9.4672015065e-04 -7.7945044011e-01  7.5739891163e-01  3.8408658156e+00 -1.0553462773e+00  4.1886764557e-01
ENERGY -9.171324743849e+02

JOB 1
COORDS  4.8972664886e+00  1.9113488966e+00  9.7313172576e-01  5.0517081133e+00  5.4473904949e-01  1.1408159662e+00  3.7817890234e+00  2.0927267603e+00  1.1214281328e-01  3.2613762163e+00  8.4519157751e-01 -2.1430448283e-01  2.1579094294e+00  4.5830471498e-01 -1.1206190409e+00  5.0204288226e-01 -1.1835399889e+00 -1.7652550328e+00  1.0848038151e+00 -9.8080822696e-01  6.1034908239e-01  4.0551423171e+00 -8.5400970647e-02  4.4125753580e-01  1.4649120309e+00 -7.0043672364e-01 -7.7672798966e-01  1.9318265064e+00  1.0742239982e+00 -2.1603576410e+00  3.1509336939e+00  3.6258706572e+00 -3.8623401036e-01  5.5050362322e+00  2.6910074963e+00  1.4113591825e+00  5.7967114988e+00 -1.5312459293e-02  1.6891106763e+00  9.2559466518e-01 -1.0893178876e+00 -2.7648146851e+00 -4.3452185596e-01 -6.1048848674e-01 -1.7342449664e+00  2.8223830363e-01 -2.2348401562e+00 -1.5564172058e+00  1.1506611256e+00 -2.0556715701e+00  8.1387290622e-01  1.7315670919e+00 -4.4987369884e-01  1.3072014758e+00  5.0034500954e-02 -6.6029414632e-01  7.9566488719e-01  3.9828878902e+00 -1.0821491025e+00  2.8813144060e-01
ENERGY -9.171332645901e+02

JOB 2
COORDS  4.8401049215e+00  1.8832713515e+00  1.0437470461e+00  5.0846554831e+00  5.2383760082e-01  1.1401822083e+00  3.7442929791e+00  2.0374112839e+00  1.5034760401e-01  3.3332021556e+00  7.8120956453e-01 -2.7256106038e-01  2.2514168280e+00  3.6974199267e-01 -1.2028951510e+00  4.6712332474e-01 -1.1820864991e+00 -1.7340254522e+00  1.1174113894e+00 -9.0442971043e-01  6.2349930101e-01  4.1609872836e+00 -1.3070689584e-01  3.6309876400e-01  1.4585747306e+00 -6.8677316213e-01 -7.8222112241e-01  2.1165047638e+00  8.9808144222e-01 -2.3052403286e+00  3.0125201739e+00  3.5461155897e+00 -2.8681826139e-01  5.3753377917e+00  2.6756751391e+00  1.5486206208e+00  5.8475251729e+00 -1.5770234323e-02  1.6841828407e+00  8.8030271674e-01 -1.1482460788e+00 -2.7415704603e+00 -4.4700330230e-01 -5.7344179301e-01 -1.7166311502e+00  2.1055491950e-01 -2.2135603974e+00 -1.4739059723e+00  1.1507522322e+00 -1.9732819202e+00  8.6408236643e-01  1.8077022070e+00 -3.7456236862e-01  1.2777568914e+00  1.0223470472e-01 -5.3857753002e-01  8.2969618285e-01  4.1483377168e+00 -1.1236591556e+00  1.7375847978e-01
ENERGY -9.171330232205e+02

JOB 3
COORDS  4.7421333918e+00  1.8638532427e+00  1.0598006605e+00  5.0953307030e+00  5.2667030084e-01  1.0922501605e+00  3.6425349846e+00  1.9722142514e+00  1.6168798171e-01  3.3426677492e+00  7.1279015780e-01 -3.2991524170e-01  2.2823464892e+00  2.5719048745e-01 -1.2755262028e+00  3.7970572597e-01 -1.1940956850e+00 -1.6949852190e+00  1.1021234181e+00 -8.4151740657e-01  6.3900206128e-01  4.2335589943e+00 -1.6066168002e-01  2.6903835367e-01  1.3927029192e+00 -6.7353761227e-01 -7.8197463255e-01  2.2419468124e+00  6.6459484188e-01 -2.4357739093e+00  2.7825780445e+00  3.4316011121e+00 -2.1302219432e-01  5.2092355461e+00  2.6713584764e+00  1.6066526524e+00  5.8951767747e+00  2.2822018419e-02  1.6168798096e+00  7.7529268958e-01 -1.1983119500e+00 -2.7099054540e+00 -5.2676538092e-01 -5.7439216735e-01 -1.6789412310e+00  1.1526007150e-01 -2.2128659817e+00 -1.3945777815e+00  1.1260941285e+00 -1.9029033880e+00  9.1304132860e-01  1.8265276431e+00 -3.0352108727e-01  1.2481579821e+00  1.0227776903e-01 -4.5052758825e-01  8.6937257207e-01  4.2986916169e+00 -1.1431586501e+00  4.0766885203e-02
ENERGY -9.171322787106e+02

JOB 4
COORDS  4.6917586013e+00  1.8615882379e+00  1.1392197014e+00  5.1809756026e+00  5.7043620895e-01  1.0717549172e+00  3.5576471608e+00  1.9104630141e+00  2.7745014839e-01  3.3720944902e+00  6.6246176869e-01 -2.8619147800e-01  2.3682924776e+00  1.7017757415e-01 -1.2850079669e+00  3.5232013170e-01 -1.1348597254e+00 -1.7037885560e+00  1.0349109247e+00 -7.2040612593e-01  6.3433472430e-01  4.3682699866e+00 -1.4854513754e-01  2.2185710109e-01  1.3551179053e+00 -6.0965359616e-01 -7.8398837294e-01  2.4924834168e+00  4.2489261241e-01 -2.4829591452e+00  2.5299639957e+00  3.2866096028e+00  1.6113682514e-02  5.0895414274e+00  2.6760108219e+00  1.7289550643e+00  6.0396640865e+00  1.1650808268e-01  1.5463183946e+00  7.4102253363e-01 -1.0876994746e+00 -2.7198721602e+00 -5.7261026947e-01 -5.4586623367e-01 -1.6507007233e+00  1.2102713230e-01 -2.1729018028e+00 -1.4411753828e+00  9.3723968154e-01 -1.7746699785e+00  9.1927331139e-01  1.8137366847e+00 -2.6149815379e-01  1.2412245649e+00  8.4637242553e-02 -2.1566618310e-01  8.5124431364e-01  4.5339815396e+00 -1.0985648972e+00 -8.0772267302e-02
ENERGY -9.171317661759e+02

JOB 5
COORDS  4.7324515847e+00  1.8225816675e+00  1.1347581820e+00  5.4285561491e+00  6.5015472408e-01  9.0002219581e-01  3.4876788123e+00  1.6889523382e+00  4.5874998551e-01  3.4267922485e+00  4.4081706828e-01 -1.3748293456e-01  2.5349137110e+00 -9.9875309235e-02 -1.2170444710e+00  4.3550333464e-01 -1.1769269382e+00 -1.8286372070e+00  8.4745197088e-01 -6.1993107992e-01  5.4414240605e-01  4.6362673050e+00 -1.7020370199e-01  1.3149966130e-01  1.3651169407e+00 -6.8746342968e-01 -8.1691730497e-01  2.9227070014e+00 -9.0610046055e-02 -2.3880182709e+00  2.2105448015e+00  2.8698302511e+00  4.1117030483e-01  5.0646824888e+00  2.6700770939e+00  1.7183062897e+00  6.4054622924e+00  3.3335475692e-01  1.2377270106e+00  9.4121621256e-01 -1.2014923758e+00 -2.7925194152e+00 -4.4205492158e-01 -5.2118849418e-01 -1.8978625617e+00  9.7392368973e-02 -2.1846750777e+00 -1.5631668188e+00  4.6090152398e-01 -1.6024170371e+00  8.3731670767e-01  1.6378455112e+00 -3.3242424960e-01  1.2362324105e+00  3.3284815844e-02  1.1185337552e-01  6.1946099650e-01  4.9330847524e+00 -1.0350159350e+00 -2.9986454055e-01
ENERGY -9.171333589645e+02

JOB 6
COORDS  4.7224046067e+00  1.8294976806e+00  1.1923054698e+00  5.5102891205e+00  7.3555753311e-01  8.7516115173e-01  3.4632379507e+00  1.6037049062e+00  5.7334816003e-01  3.4842319177e+00  3.7223090804e-01 -6.8823646131e-02  2.6404551584e+00 -2.2045845730e-01 -1.1511154975e+00  4.9693293083e-01 -1.1359764385e+00 -1.8644987627e+00  8.0057612860e-01 -5.3476299372e-01  5.1288070322e-01  4.7608091634e+00 -1.2556494566e-01  1.1528943568e-01  1.3832229477e+00 -6.4143725190e-01 -8.1786632860e-01  3.1379494662e+00 -3.9558140010e-01 -2.2701606498e+00  2.1052400840e+00  2.6904339043e+00  6.1627374388e-01  5.0048736058e+00  2.6839676000e+00  1.7916752542e+00  6.5284608213e+00  5.0132707579e-01  1.1535053669e+00  1.0239948220e+00 -1.1105772108e+00 -2.8167719403e+00 -4.0317697792e-01 -5.1197957397e-01 -1.9248645272e+00  1.9209150446e-01 -2.1666028266e+00 -1.6463293812e+00  3.3119116004e-01 -1.4890303753e+00  7.7915293850e-01  1.5709536566e+00 -3.0862640614e-01  1.2485502604e+00  3.7723870965e-02  2.5186872035e-01  5.5015058746e-01  5.1145778350e+00 -9.1916094439e-01 -4.0290436331e-01
ENERGY -9.171366917726e+02

JOB 7
COORDS  4.6662313226e+00  1.8171749709e+00  1.2118067213e+00  5.4799022150e+00  7.5482694860e-01  8.4988604374e-01  3.3923193143e+00  1.5570660454e+00  6.4072083752e-01  3.4343677517e+00  3.3400062689e-01 -2.3367649405e-02  2.5784632783e+00 -3.2374197875e-01 -1.0485629617e+00  3.9453970886e-01 -1.0985425848e+00 -1.7832764461e+00  6.8284582730e-01 -4.4905176104e-01  5.8264320692e-01  4.7337098385e+00 -1.1935651989e-01  1.0776972965e-01  1.2677639331e+00 -5.6212024519e-01 -7.4636292323e-01  3.0976955006e+00 -6.8434052804e-01 -2.1149131985e+00  2.0233555836e+00  2.6256592947e+00  7.3393157974e-01  4.9434877596e+00  2.6763411450e+00  1.8068841065e+00  6.5174602555e+00  5.5752839350e-01  1.0815330129e+00  8.8007790986e-01 -9.9133789928e-01 -2.7519313844e+00 -5.5528455259e-01 -5.5250414531e-01 -1.7808286360e+00  1.8725427063e-01 -2.1622544725e+00 -1.6078091679e+00  1.9829918006e-01 -1.3977896937e+00  8.4504571264e-01  1.4527970316e+00 -2.3900787597e-01  1.3230228959e+00 -6.7546958544e-02  3.4821767898e-01  6.1964237940e-01  5.0834609195e+00 -8.9849358300e-01 -4.3575876022e-01
ENERGY -9.171394578017e+02

JOB 8
COORDS  4.6638024209e+00  1.7864780631e+00  1.1360467177e+00  5.4902452027e+00  7.5591906494e-01  7.1329338804e-01  3.3784747537e+00  1.5179345301e+00  5.9632767313e-01  3.4328297959e+00  3.2413210985e-01 -1.2269103309e-01  2.5540973270e+00 -3.8896744279e-01 -1.0828499670e+00  3.5531915921e-01 -1.0723944276e+00 -1.8321972491e+00  6.3960841083e-01 -4.0783578787e-01  5.2621659929e-01  4.7431583943e+00 -1.0600816050e-01 -3.8721932973e-02  1.2175454925e+00 -4.8917440357e-01 -8.1018392095e-01  3.0661371588e+00 -8.8202623746e-01 -2.1001626037e+00  2.0075046019e+00  2.5751699324e+00  7.5632338944e-01  4.9413538840e+00  2.6339426348e+00  1.7475896084e+00  6.5395487580e+00  5.7777105757e-01  9.0385315667e-01  7.9580396088e-01 -9.1057151548e-01 -2.8149391902e+00 -6.2846145449e-01 -5.9496392779e-01 -1.7834526092e+00  2.3111548320e-01 -2.1530536983e+00 -1.6800342412e+00  1.7518534022e-01 -1.3700079278e+00  7.7897710101e-01  1.4085060300e+00 -1.9472483557e-01  1.2661517354e+00 -1.2476428430e-01  3.7407842646e-01  5.7846794481e-01  5.0823805755e+00 -8.7227692832e-01 -6.0771323087e-01
ENERGY -9.171410310015e+02

JOB 9
COORDS  4.6804210170e+00  1.7281063417e+00  1.0883017826e+00  5.5132378360e+00  7.2851258289e-01  6.0535135494e-01  3.3848928565e+00  1.4558660613e+00  5.7742636130e-01  3.4430714352e+00  2.9511857974e-01 -1.9808025360e-01  2.5478948654e+00 -4.7529755677e-01 -1.0923209576e+00  3.5212210983e-01 -1.0856157373e+00 -1.8861102641e+00  5.9964635893e-01 -3.9006151759e-01  4.6212260529e-01  4.7616529098e+00 -1.1544001385e-01 -1.5859289666e-01  1.1951460376e+00 -4.6235833786e-01 -8.6980913191e-01  3.0556483317e+00 -1.0850946670e+00 -2.0473627208e+00  2.0185580123e+00  2.5065851227e+00  8.0449876847e-01  4.9612000955e+00  2.5618058019e+00  1.7170897612e+00  6.5715245284e+00  5.6619646416e-01  7.5631330455e-01  7.7927804501e-01 -9.1233519902e-01 -2.8731058693e+00 -6.4606980561e-01 -6.4088496964e-01 -1.8331247290e+00  2.6691013234e-01 -2.1698249638e+00 -1.7317163357e+00  1.3297542788e-01 -1.3545223653e+00  7.0361710762e-01  1.3576637093e+00 -1.8259239024e-01  1.2143446768e+00 -1.6493902790e-01  3.9120351376e-01  5.0898706827e-01  5.0848275974e+00 -8.8172053521e-01 -7.3770614262e-01
ENERGY -9.171412525171e+02

JOB 10
COORDS  4.7127441390e+00  1.6858017255e+00  1.0940502924e+00  5.5534274526e+00  7.2484133587e-01  5.4884375535e-01  3.4110964074e+00  1.4105087148e+00  6.0331177388e-01  3.4749167109e+00  2.9257940352e-01 -2.3675668686e-01  2.5759504804e+00 -5.4092980142e-01 -1.0677189743e+00  4.0234638630e-01 -1.1279317314e+00 -1.9213042798e+00  5.8176281622e-01 -3.7664914113e-01  4.1071470254e-01  4.8015724871e+00 -9.5962877751e-02 -2.3610562993e-01  1.2135650329e+00 -4.5852796410e-01 -9.0655787264e-01  3.0901749036e+00 -1.2389875928e+00 -1.9571394097e+00  2.0459973479e+00  2.4465801662e+00  8.9907676353e-01  4.9926640481e+00  2.5005046833e+00  1.7476352955e+00  6.6187069650e+00  5.8042701284e-01  6.6489740356e-01  8.3880822357e-01 -9.6696399123e-01 -2.9065759594e+00 -6.0528831811e-01 -7.0331752633e-01 -1.8926046079e+00  3.3893681333e-01 -2.2101196061e+00 -1.7444401132e+00  9.9821351497e-02 -1.3362614035e+00  6.4171086732e-01  1.3197356298e+00 -1.7623110331e-01  1.1840722514e+00 -1.7570826692e-01  4.1212976690e-01  4.3508623416e-01  5.1131522736e+00 -8.6158896193e-01 -8.2321198426e-01
ENERGY -9.171400842794e+02

JOB 11
COORDS  4.7355477300e+00  1.6480566252e+00  1.0997770367e+00  5.5704167940e+00  7.3054552376e-01  4.7598206860e-01  3.4207543863e+00  1.3706650052e+00  6.4999729186e-01  3.4688984522e+00  3.0240818835e-01 -2.5800175211e-01  2.5662439968e+00 -5.9082253822e-01 -1.0242612394e+00  4.1712729842e-01 -1.1717203709e+00 -1.9347753241e+00  5.2515961780e-01 -3.4244154753e-01  3.7113828167e-01  4.8026119502e+00 -6.2378584879e-02 -3.1858312026e-01  1.1991860490e+00 -4.6096589320e-01 -9.2403331780e-01  3.0861668997e+00 -1.3580294231e+00 -1.8516680483e+00  2.0648539110e+00  2.3860483415e+00  1.0483791061e+00  5.0265648168e+00  2.4391465626e+00  1.7770935373e+00  6.6423254339e+00  6.0353176486e-01  5.4020672258e-01  8.7870830175e-01 -1.0462917239e+00 -2.9138652923e+00 -5.9062329683e-01 -7.4675381439e-01 -1.9482070077e+00  3.4921325035e-01 -2.2467126398e+00 -1.7202586413e+00  4.0798032902e-03 -1.2830502815e+00  5.9438745898e-01  1.2419784854e+00 -1.6105003395e-01  1.1682926555e+00 -2.0541441566e-01  4.7157077989e-01  3.6339980914e-01  5.0929852793e+00 -8.2511226552e-01 -9.2096444293e-01
ENERGY -9.171376505912e+02

JOB 12
COORDS  4.6772266983e+00  1.2040643334e+00  1.4425470659e+00  5.3910207302e+00  1.1049386196e+00  2.5589142591e-01  3.4210661924e+00  5.8744379802e-01  1.2130839508e+00  3.3878537814e+00  1.1525740505e-01 -1.0426059317e-01  2.4651609321e+00 -5.9445640670e-01 -1.0198880890e+00  3.4434373997e-01 -1.6128553367e+00 -1.5369843550e+00  3.6380441908e-01  4.0829902627e-01 -1.4126265122e-01  4.6095498626e+00  4.5801825511e-01 -6.5292869902e-01  1.1307902061e+00 -7.0128011637e-01 -7.0864182126e-01  2.9537317868e+00 -1.1523206987e+00 -2.0162770628e+00  2.2417187236e+00  3.3639499946e-01  2.4662877838e+00  5.0155846936e+00  1.6439476907e+00  2.3705925254e+00  6.3881733417e+00  1.4425813483e+00  9.2782094083e-03  9.2970434304e-01 -2.5039335968e+00 -1.7610460423e+00  4.7089827056e-02 -1.1469307135e+00 -2.4862460898e+00 -5.5557333609e-01 -1.8943903196e+00 -9.8240030213e-01 -2.2511409173e-01  8.0158040827e-02  7.2013032050e-01  1.0219509639e+00  1.2154412756e+00  1.7239782700e-01 -3.1873334022e-01  8.0394495212e-01 -9.0534780695e-01  4.8477399590e+00  1.7418244169e-01 -1.5966355276e+00
ENERGY -9.171400810622e+02

JOB 13
COORDS  4.6743887769e+00  1.1687812346e+00  1.4525529820e+00  5.3642574134e+00  1.1439134191e+00  2.4863089202e-01  3.4283784527e+00  5.3198312131e-01  1.2171077792e+00  3.3718008787e+00  1.3845913420e-01 -1.2231285584e-01  2.4732396272e+00 -6.4631287309e-01 -1.0005983446e+00  3.2393282101e-01 -1.6115088867e+00 -1.5214697471e+00  3.8994619171e-01  4.4803277215e-01 -1.7427755904e-01  4.5753919405e+00  5.2762710937e-01 -6.7800453097e-01  1.1286593541e+00 -6.8053314220e-01 -7.3540670011e-01  2.9793950383e+00 -1.2844952863e+00 -1.9377883776e+00  2.2615010972e+00  2.0493162586e-01  2.4637286246e+00  5.0196092345e+00  1.5781023940e+00  2.3919921613e+00  6.3455408863e+00  1.5218909234e+00 -3.0074173785e-03  8.9787001928e-01 -2.5162022659e+00 -1.7184673761e+00  2.5436580693e-02 -1.1749426329e+00 -2.4842216652e+00 -5.7595122290e-01 -1.8625315573e+00 -9.5217585393e-01 -2.1434671294e-01  1.3544502239e-01  6.8259801430e-01  1.0696713609e+00  1.2347999858e+00  1.4583756137e-01 -2.7619890424e-01  8.6306130139e-01 -9.4249599465e-01  4.8248517372e+00  2.5303916260e-01 -1.6211042453e+00
ENERGY -9.171412528894e+02

JOB 14
COORDS  4.6469628329e+00  1.2022616922e+00  1.5441468691e+00  5.3160994163e+00  1.2366509357e+00  3.2971106723e-01  3.4138224498e+00  5.4074591788e-01  1.3048958664e+00  3.3382956073e+00  2.0467692166e-01 -4.6570319026e-02  2.4730335358e+00 -6.5789300273e-01 -8.8911495546e-01  2.9996410989e-01 -1.5628728493e+00 -1.4565619831e+00  3.9834655702e-01  5.2811279120e-01 -1.5169638231e-01  4.5250583484e+00  6.3532520539e-01 -6.0796985975e-01  1.1172614732e+00 -6.0859593817e-01 -7.1529871629e-01  3.0109658955e+00 -1.3901889809e+00 -1.7344481606e+00  2.2525485640e+00  1.5473555598e-01  2.5399437411e+00  4.9957295104e+00  1.5921093354e+00  2.4905063781e+00  6.2813941390e+00  1.6515220007e+00  7.4414943264e-02  8.8463727203e-01 -2.4578581242e+00 -1.6642979462e+00 -3.9989798639e-02 -1.1397140592e+00 -2.4114299358e+00 -5.7680492249e-01 -1.8237846144e+00 -8.5544493176e-01 -2.0887438239e-01  2.2432046201e-01  7.0701123904e-01  1.0924208005e+00  1.3028857939e+00  1.6785261885e-01 -2.6410821484e-01  9.5310154915e-01 -9.1713133412e-01  4.7868753918e+00  3.7190812624e-01 -1.5503361114e+00
ENERGY -9.171410310025e+02

JOB 15
COORDS  4.6453173355e+00  1.2656332845e+00  1.5957992797e+00  5.2883774531e+00  1.3640476858e+00  3.7169989359e-01  3.4288713403e+00  5.7416210269e-01  1.3533629197e+00  3.3289429123e+00  2.9592176518e-01 -7.2494254630e-03  2.5044537203e+00 -6.3945127345e-01 -8.2058838460e-01  3.2712737482e-01 -1.5025033611e+00 -1.4717617483e+00  4.2567791504e-01  6.0048450759e-01 -1.7937361872e-01  4.4946865009e+00  7.7563608419e-01 -5.7464321842e-01  1.1445967927e+00 -5.1915973964e-01 -7.7159210726e-01  3.0801125373e+00 -1.4537263204e+00 -1.5570051791e+00  2.2801745127e+00  1.2229872232e-01  2.5784984775e+00  4.9980520153e+00  1.6366309084e+00  2.5482141396e+00  6.2334429445e+00  1.8209701999e+00  1.1249494716e-01  9.4383256900e-01 -2.3609844496e+00 -1.7329478880e+00 -9.3661426346e-02 -1.0767420136e+00 -2.3920351779e+00 -4.9795548198e-01 -1.8202806983e+00 -8.2477868895e-01 -1.6314440640e-01  2.8047926105e-01  6.8721890211e-01  1.1201548004e+00  1.3767171144e+00  1.3728149541e-01 -2.5513298816e-01  1.0272756650e+00 -9.2642837116e-01  4.7611422125e+00  5.4169588551e-01 -1.5228401352e+00
ENERGY -9.171394578061e+02

JOB 16
COORDS  4.7049967393e+00  1.2539712172e+00  1.5940159418e+00  5.3115219075e+00  1.3988952962e+00  3.5741192592e-01  3.5153507486e+00  5.1045749835e-01  1.3671246113e+00  3.3906397474e+00  2.5165070036e-01  8.1303830677e-03  2.5975009424e+00 -7.5372243923e-01 -7.6306321508e-01  4.3111310554e-01 -1.5508611988e+00 -1.5459664902e+00  5.3359707654e-01  5.7919325313e-01 -2.9775912438e-01  4.5193869698e+00  7.8961880520e-01 -5.8168519566e-01  1.2520288539e+00 -5.4408748071e-01 -8.8413618871e-01  3.1931629036e+00 -1.6731516123e+00 -1.3377585024e+00  2.3870143595e+00  7.9524264209e-03  2.5924087523e+00  5.0613229575e+00  1.6311755407e+00  2.5426457949e+00  6.2249942371e+00  1.9066979682e+00  8.0433682840e-02  1.0712398448e+00 -2.3638787054e+00 -1.8843528250e+00 -8.3659712691e-02 -1.1116430781e+00 -2.4089950602e+00 -3.2344928372e-01 -1.9405625494e+00 -8.5172231275e-01 -6.9318794223e-02  2.6006203302e-01  5.6059280929e-01  1.2318433043e+00  1.3467549529e+00  3.2587763232e-02 -1.3403518776e-01  1.0136757294e+00 -1.0509803447e+00  4.7838003407e+00  5.8461482710e-01 -1.5364238586e+00
ENERGY -9.171366917264e+02

JOB 17
COORDS  4.7206929503e+00  1.2031123750e+00  1.5682715354e+00  5.2126165743e+00  1.4315130465e+00  2.9544313588e-01  3.5693871826e+00  3.8247432630e-01  1.4090519150e+00  3.3558384609e+00  1.5710288306e-01  5.9738188177e-02  2.5248522938e+00 -8.6859699093e-01 -6.5486184888e-01  3.5836626938e-01 -1.5161948920e+00 -1.5651053825e+00  5.5944507528e-01  6.4089926206e-01 -3.7491438880e-01  4.3873005422e+00  7.9503213616e-01 -6.0182016464e-01  1.2253293681e+00 -5.3358064707e-01 -9.2465583900e-01  3.0540703431e+00 -1.9080027843e+00 -1.0563739850e+00  2.5488953665e+00 -2.1738736333e-01  2.6844228598e+00  5.1263239618e+00  1.5761930837e+00  2.4985556694e+00  6.0629728936e+00  2.0111656252e+00 -3.5690463733e-02  9.6979608561e-01 -2.3298474694e+00 -1.9518109455e+00 -1.9106437826e-01 -1.0441880037e+00 -2.3871061134e+00 -3.6689593324e-01 -1.9194695330e+00 -8.4659411539e-01 -1.0848557345e-01  3.6407609487e-01  4.5048687078e-01  1.2943089335e+00  1.3535637287e+00 -2.8184159374e-03 -3.6052280449e-02  1.1234385310e+00 -1.1579788466e+00  4.5720185575e+00  6.8152711022e-01 -1.5892772382e+00
ENERGY -9.171333589500e+02

JOB 18
COORDS  4.6875812485e+00  1.1950030936e+00  1.6116687260e+00  4.9343379726e+00  1.5789011092e+00  3.0679989668e-01  3.7033785974e+00  1.6593555090e-01  1.5518719237e+00  3.3650430686e+00 -5.0754702251e-02  2.2965919741e-01  2.4252605713e+00 -1.0346622190e+00 -3.9992386925e-01  2.7439652525e-01 -1.4244780992e+00 -1.4790335675e+00  7.1405132917e-01  7.8796825375e-01 -4.7089745625e-01  4.1200215089e+00  8.3244887403e-01 -5.1747248683e-01  1.2294619828e+00 -5.2464305822e-01 -8.4213953384e-01  2.7478996453e+00 -2.2141493303e+00 -5.4169698141e-01  2.9901620587e+00 -6.4783372396e-01  2.9110450762e+00  5.1493230916e+00  1.5950870623e+00  2.5038720265e+00  5.6259035587e+00  2.3061557317e+00 -9.5001972796e-02  7.9298904025e-01 -2.3275761634e+00 -1.7971653114e+00 -1.7576986179e-01 -9.2838233132e-01 -2.3457728984e+00 -5.2542492735e-01 -1.7027572416e+00 -7.8041319394e-01 -1.4678706363e-01  6.8330351228e-01  2.0203504627e-01  1.4792127602e+00  1.3713437885e+00  3.8691756038e-02  3.8775504571e-01  1.3331813411e+00 -1.3644706058e+00  4.1453536726e+00  8.4135309552e-01 -1.5278507498e+00
ENERGY -9.171317662537e+02

JOB 19
COORDS  4.7475388507e+00  1.1275386968e+00  1.5819231474e+00  4.8406560213e+00  1.5941470509e+00  2.8289687430e-01  3.8123586253e+00  5.3988214639e-02  1.5622087616e+00  3.3512959088e+00 -1.1191044767e-01  2.6696711912e-01  2.3562739052e+00 -1.0658037082e+00 -3.0403006356e-01  2.8898338709e-01 -1.3950921978e+00 -1.5370057270e+00  7.5642708851e-01  8.3745632834e-01 -5.9314920022e-01  3.9806314510e+00  8.5564586336e-01 -4.9666564333e-01  1.2540345728e+00 -4.9862566989e-01 -9.0791221017e-01  2.5419757911e+00 -2.2815388596e+00 -2.6813516463e-01  3.2923203283e+00 -8.5989593313e-01  2.9420993827e+00  5.2809554150e+00  1.5014430471e+00  2.4450332699e+00  5.4591202263e+00  2.3722075260e+00 -1.4251776131e-01  8.0472774240e-01 -2.2812313331e+00 -1.9048838880e+00 -1.9535059645e-01 -8.7428530674e-01 -2.3690218424e+00 -4.8200843663e-01 -1.7142360572e+00 -8.2307392613e-01 -1.7536669167e-01  7.6784926246e-01 -1.6476216713e-02  1.4827913431e+00  1.3910436579e+00 -5.2031855428e-04  5.4859256916e-01  1.3965031443e+00 -1.5131964419e+00  3.8922412224e+00  9.2600481870e-01 -1.5010988257e+00
ENERGY -9.171322787435e+02

JOB 20
COORDS  4.8487318201e+00  1.1243711884e+00  1.5818620917e+00  4.8237147924e+00  1.6382498372e+00  2.9637886862e-01  3.9249229537e+00  4.3302325982e-02  1.6061869045e+00  3.3472784226e+00 -7.8399095434e-02  3.5024052526e-01  2.3376029910e+00 -1.0340398159e+00 -1.7167678158e-01  3.8146638324e-01 -1.4198313096e+00 -1.5495639841e+00  7.6160487564e-01  8.4309106781e-01 -6.5928580420e-01  3.9034203719e+00  9.2321582694e-01 -4.2973181121e-01  1.3158465822e+00 -4.8338248115e-01 -9.2968469767e-01  2.4460925232e+00 -2.2456982293e+00  8.9345191821e-03  3.5467383926e+00 -9.2042172219e-01  2.9957952503e+00  5.4511780566e+00  1.4749352630e+00  2.4085654643e+00  5.3971624164e+00  2.4379145039e+00 -1.5170325802e-01  9.2048401360e-01 -2.3064323217e+00 -1.8818424526e+00 -9.2562146939e-02 -9.3219182716e-01 -2.4068444921e+00 -3.9901079517e-01 -1.7360607098e+00 -8.4441724217e-01 -1.8655063079e-01  7.5482950400e-01 -1.1141734911e-01  1.4474259603e+00  1.4355195247e+00 -5.5968372341e-02  5.6565219819e-01  1.3742884591e+00 -1.5978298665e+00  3.7323804272e+00  1.0193561295e+00 -1.4214305576e+00
ENERGY -9.171330232009e+02

JOB 21
COORDS  4.9541893676e+00  1.8178050547e+00  4.6438710298e-01  4.3663994433e+00  1.2248754970e+00  1.5700602167e+00  4.0582657120e+00  1.6312694293e+00 -6.2240842941e-01  2.9545360314e+00  9.1430801982e-01 -1.7394406123e-01  1.7070363452e+00  5.1695843444e-01 -8.6318010887e-01 -2.0115479182e-01 -9.6715423412e-01 -9.7354232544e-01  1.9252833698e+00 -1.8573414606e+00 -1.3096470647e-01  3.1774239025e+00  6.6919352249e-01  1.1737184920e+00  1.1207567999e+00 -6.6860439004e-01 -4.2518211192e-01  1.1776422133e+00  1.2399009553e+00 -1.7049276451e+00  4.3411641972e+00  2.1632383646e+00 -2.2453281166e+00  5.9090997611e+00  2.3241076366e+00  4.3140009217e-01  4.7005607918e+00  1.1691516826e+00  2.5969579535e+00 -7.9374670246e-01 -5.3768044419e-02 -1.0166300403e+00 -6.9486315751e-01 -1.6959664454e+00 -3.2363998327e-01 -1.3560461017e-01 -1.3817707475e+00 -1.9886338096e+00  2.9552198651e+00 -1.5854810545e+00  9.5138913463e-02  1.5060071471e+00 -2.4001748584e+00  7.2388864049e-01  1.9349196385e+00 -2.5359972045e+00 -9.9532361110e-01  2.4802421593e+00  2.6977842157e-01  1.7873714914e+00
ENERGY -9.171332659365e+02

JOB 22
COORDS  4.9061332488e+00  1.9179336818e+00  4.9184457945e-01  4.3647790681e+00  1.2161347908e+00  1.5572276648e+00  4.0471310380e+00  1.7010258448e+00 -6.1730631389e-01  3.0169977264e+00  8.4833728164e-01 -2.2697488598e-01  1.7863998341e+00  4.3736806268e-01 -9.3179773915e-01 -2.1192880161e-01 -9.2329119652e-01 -9.4992173512e-01  1.8624220825e+00 -1.9049234246e+00 -9.4368151320e-02  3.2437533097e+00  5.6590032027e-01  1.1148981508e+00  1.1225721122e+00 -6.7595382248e-01 -4.0440801086e-01  1.3132445053e+00  1.1069716636e+00 -1.8473151589e+00  4.2998014018e+00  2.3514265415e+00 -2.2003570493e+00  5.8079843119e+00  2.5145040060e+00  4.9935223754e-01  4.6926291940e+00  1.1390871482e+00  2.5848911888e+00 -7.5560208566e-01  1.7786048285e-02 -1.0291285881e+00 -7.4524615398e-01 -1.5986930452e+00 -2.7417824031e-01 -1.6744705016e-01 -1.3788457653e+00 -1.9485137315e+00  2.9146775981e+00 -1.6924480291e+00  9.0231049033e-02  1.4382938380e+00 -2.3942874718e+00  7.9001267018e-01  1.8037838405e+00 -2.6100342248e+00 -9.3543304925e-01  2.5625525122e+00  1.0609411296e-01  1.7036688410e+00
ENERGY -9.171324699949e+02

JOB 23
COORDS  5.0532900504e+00  1.9122220170e+00  7.7922284917e-01  5.0420470580e+00  5.7323271815e-01  1.1357212263e+00  3.8831367483e+00  2.1368302840e+00  9.5263488202e-03  3.1506027708e+00  9.5065839237e-01 -5.9526763470e-02  2.0157649376e+00  5.8082053478e-01 -9.2679307531e-01  5.9853908956e-01 -1.1670614816e+00 -1.8058244900e+00  1.0510070108e+00 -1.1265391083e+00  5.9447565948e-01  3.8982683052e+00  8.3113163779e-03  6.4156368100e-01  1.4955556409e+00 -7.1116055771e-01 -7.4293290347e-01  1.6518877496e+00  1.3008455992e+00 -1.8534126863e+00  3.4389384974e+00  3.6663698726e+00 -6.6336238308e-01  5.8033118543e+00  2.6472075674e+00  1.0370966636e+00  5.7586447909e+00 -7.6356503103e-03  1.7003751999e+00  1.0393598417e+00 -9.4613041164e-01 -2.7778245026e+00 -3.8324008833e-01 -6.7699774567e-01 -1.7550842126e+00  4.6352336005e-01 -2.2480641497e+00 -1.7042581948e+00  1.2107523386e+00 -2.2019964858e+00  7.3343814309e-01  1.5873227218e+00 -5.8484556607e-01  1.3732405522e+00 -2.1086898057e-02 -9.2146177506e-01  7.2589991741e-01  3.7234405982e+00 -9.8538504237e-01  5.8233694548e-01
ENERGY -9.171302907925e+02

