JOB 0
COORDS  7.1886375248e+00 -2.1142421785e+00 -7.1600067034e-01  6.6817788235e+00 -1.0789351188e+00 -1.5085013313e+00  6.2963667775e+00 -2.9892947570e+00 -9.0914565262e-02  5.3049969021e+00 -9.1218743229e-01 -1.6587530054e+00  4.9142481068e+00 -2.8431808217e+00 -2.4079533694e-01  4.4121669967e+00 -1.7879970511e+00 -1.0188646243e+00  1.9416454105e+00 -1.4981050155e+00  1.3092225521e+00  3.0265177732e+00 -1.5752457540e+00 -1.2175068835e+00  1.9272670443e+00 -3.6589494818e+00 -2.0331456166e-01  5.5999285416e-01 -1.6348378018e+00 -9.6376262989e-01  1.7470009219e+00 -2.2150315777e+00 -3.3636617126e-01  8.2606382070e+00 -2.2419612832e+00 -5.9703730542e-01  7.3582991131e+00 -3.9317645938e-01 -2.0117105497e+00  6.6742301207e+00 -3.8111212261e+00  5.1170777656e-01  4.9192740172e+00 -1.0018773219e-01 -2.2718130358e+00  4.2401759241e+00 -3.5654211173e+00  2.0497860489e-01  1.1718259131e+00 -1.9433627484e+00  1.9419115523e+00  1.8059100842e+00 -4.1899844004e-01  1.2324310981e+00  2.9351027872e+00 -1.7481163147e+00  1.6845211243e+00  2.7404711654e+00 -7.9088715465e-01 -1.7944334064e+00
ENERGY -8.755567996791e+02

JOB 1
COORDS  7.1437259121e+00 -2.0790734839e+00 -6.5691652776e-01  6.6207822812e+00 -1.0125237475e+00 -1.3951201980e+00  6.2700764629e+00 -3.0397958535e+00 -1.3920055610e-01  5.2442262082e+00 -8.9873907895e-01 -1.5949467434e+00  4.8908838485e+00 -2.9514071303e+00 -3.4664309107e-01  4.3713855651e+00 -1.8630658086e+00 -1.0657254423e+00  2.0588270723e+00 -1.4086686256e+00  1.2643836998e+00  2.9831648477e+00 -1.7240394962e+00 -1.3277849569e+00  1.8971490372e+00 -3.6773299365e+00 -7.4637081889e-02  5.3127868458e-01 -1.6792618451e+00 -9.0281842665e-01  1.7422870370e+00 -2.2431665298e+00 -3.0691677720e-01  8.2146344332e+00 -2.1644699745e+00 -4.9662150214e-01  7.2834822225e+00 -2.5980116394e-01 -1.8138015022e+00  6.6630893515e+00 -3.8844745604e+00  4.2054886212e-01  4.8443136594e+00 -6.0736036508e-02 -2.1624537900e+00  4.2294528931e+00 -3.7295700307e+00  1.6971775585e-02  1.3133320470e+00 -1.7771451517e+00  1.9711334513e+00  1.9511346339e+00 -3.3412026246e-01  1.1128473338e+00  3.0639054722e+00 -1.6655062554e+00  1.6016580801e+00  2.6982779447e+00 -9.0162282815e-01 -1.8518764717e+00
ENERGY -8.755577622903e+02

JOB 2
COORDS  7.0953501225e+00 -2.0659440576e+00 -6.0983853236e-01  6.5428884044e+00 -9.5359868663e-01 -1.2523490830e+00  6.2594360027e+00 -3.1177413392e+00 -2.2042253801e-01  5.1673741775e+00 -8.8623546184e-01 -1.4837892056e+00  4.8854973550e+00 -3.0754625034e+00 -4.6992890245e-01  4.3333974054e+00 -1.9451725186e+00 -1.0929660119e+00  2.1424389645e+00 -1.2754955484e+00  1.2105054416e+00  2.9421637850e+00 -1.8680574896e+00 -1.3848008487e+00  1.9123259444e+00 -3.6682965815e+00  1.1839211024e-01  5.0608544599e-01 -1.7580009914e+00 -8.3910955262e-01  1.7457355482e+00 -2.2643549103e+00 -2.4996145002e-01  8.1641425796e+00 -2.1153830204e+00 -4.2200726795e-01  7.1790975882e+00 -1.3038176219e-01 -1.5663570780e+00  6.6800201261e+00 -3.9933745789e+00  2.6699437194e-01  4.7393214247e+00 -1.2042052071e-02 -1.9705997056e+00  4.2452878402e+00 -3.9068802282e+00 -1.9729856556e-01  1.4217105065e+00 -1.5536306069e+00  1.9812960011e+00  2.0444286976e+00 -2.2025103114e-01  9.5290797470e-01  3.1567862555e+00 -1.5160926946e+00  1.5311926107e+00  2.6533091676e+00 -1.0532259118e+00 -1.9203987734e+00
ENERGY -8.755584854831e+02

JOB 3
COORDS  7.0651452609e+00 -2.0650808753e+00 -5.6349128602e-01  6.4730681479e+00 -9.1296974007e-01 -1.0901781106e+00  6.2763875856e+00 -3.1956716845e+00 -3.2196831921e-01  5.1014876143e+00 -8.8528647328e-01 -1.3556175047e+00  4.9100369331e+00 -3.1897168965e+00 -6.1131717851e-01  4.3183229906e+00 -2.0255198334e+00 -1.1234614466e+00  2.2163989591e+00 -1.1240050641e+00  1.1221582162e+00  2.9238646179e+00 -2.0039355756e+00 -1.4268037572e+00  1.9809840297e+00 -3.6260315172e+00  3.1463228350e-01  5.0368590951e-01 -1.8497474211e+00 -7.8820384107e-01  1.7749588164e+00 -2.2746541906e+00 -2.0117546575e-01  8.1298983863e+00 -2.0833439867e+00 -3.4829683341e-01  7.0747060298e+00 -2.9055461779e-02 -1.2842955702e+00  6.7297074424e+00 -4.0981180327e+00  7.9366694740e-02  4.6388959333e+00  1.8656710109e-02 -1.7472451398e+00  4.2972359984e+00 -4.0683197457e+00 -4.4261749584e-01  1.5321774577e+00 -1.3229298624e+00  1.9487167227e+00  2.0910958184e+00 -1.0443375172e-01  7.5556342617e-01  3.2464458108e+00 -1.3165497919e+00  1.4241061715e+00  2.6233035205e+00 -1.2165730626e+00 -1.9976081247e+00
ENERGY -8.755586387837e+02

JOB 4
COORDS  7.0462948289e+00 -2.0776295335e+00 -5.4274892621e-01  6.4058798347e+00 -8.9431331543e-01 -9.2505237618e-01  6.3152366625e+00 -3.2684881723e+00 -4.6256076918e-01  5.0381123308e+00 -8.9956945567e-01 -1.2117190434e+00  4.9539401229e+00 -3.2876624691e+00 -7.7434772290e-01  4.3146616469e+00 -2.0995129525e+00 -1.1518188801e+00  2.2414961620e+00 -9.5511612316e-01  1.0060095203e+00  2.9138588344e+00 -2.1260879321e+00 -1.4448633918e+00  2.0906942950e+00 -3.5434482425e+00  5.1432956289e-01  5.0601200704e-01 -1.9687948418e+00 -7.4072321254e-01  1.8113439037e+00 -2.2746082257e+00 -1.5393561729e-01  8.1077240229e+00 -2.0718871117e+00 -3.1056119309e-01  6.9658593934e+00  3.4887096381e-02 -9.8801967555e-01  6.8086087325e+00 -4.1904453574e+00 -1.6701135375e-01  4.5340049851e+00  2.3646719255e-02 -1.4910155248e+00  4.3756883874e+00 -4.2038067027e+00 -7.2147732919e-01  1.5744830128e+00 -1.0677307475e+00  1.8624640408e+00  2.0806098939e+00  8.0798112276e-03  5.2003303684e-01  3.2803606495e+00 -1.0807638963e+00  1.3121469491e+00  2.5972297226e+00 -1.3804656322e+00 -2.0625344542e+00
ENERGY -8.755579196485e+02

JOB 5
COORDS  7.1642072390e+00 -2.2322258098e+00 -5.7091679002e-01  6.4975806244e+00 -1.0092999185e+00 -4.4303866542e-01  6.4516559449e+00 -3.3780502523e+00 -9.4146911518e-01  5.1251421377e+00 -9.2883182589e-01 -6.9293362001e-01  5.0756244637e+00 -3.3062806406e+00 -1.1693840738e+00  4.4125587462e+00 -2.0780943968e+00 -1.0536302683e+00  1.8382164321e+00 -5.3742828884e-01  7.2671367851e-01  2.9994882089e+00 -1.9671444661e+00 -1.2886475870e+00  2.5687735937e+00 -3.0542095870e+00  1.0656743372e+00  6.6193816879e-01 -2.5580490439e+00 -5.5822184665e-01  1.9480018340e+00 -2.2007055921e+00  4.9619760870e-02  8.2330655245e+00 -2.2922697517e+00 -3.8470207040e-01  7.0480403504e+00 -1.1460658021e-01 -1.6475807851e-01  6.9641152989e+00 -4.3315486229e+00 -1.0361448898e+00  4.6056056666e+00  2.3607484583e-02 -6.3753753140e-01  4.5109759726e+00 -4.2009556300e+00 -1.4184142901e+00  1.1437794444e+00 -5.9538858410e-01  1.5668685990e+00  1.4616818522e+00  1.2719249457e-01 -5.0169644952e-02  2.8267066187e+00 -2.3695832440e-01  1.0742920953e+00  2.6510184086e+00 -2.5779442345e+00 -2.0278898890e+00
ENERGY -8.755564285974e+02

JOB 6
COORDS  7.2278210312e+00 -2.3130653482e+00 -6.6808519008e-01  6.5530205866e+00 -1.1553954240e+00 -2.6562534812e-01  6.5066162518e+00 -3.3796852280e+00 -1.2135679143e+00  5.1686985941e+00 -1.0578495565e+00 -4.1681964476e-01  5.1176821782e+00 -3.2980408788e+00 -1.3400477949e+00  4.4463313501e+00 -2.1330883464e+00 -9.4788965274e-01  1.5818063607e+00 -3.9975226549e-01  5.5516703825e-01  3.0284037561e+00 -2.0220566869e+00 -1.1129036457e+00  2.7746009393e+00 -2.5923003395e+00  1.4306683118e+00  8.1467685454e-01 -2.8237704725e+00 -2.0224964664e-01  2.0140029049e+00 -2.1243753496e+00  2.7217306763e-01  8.3065546650e+00 -2.3823450270e+00 -5.5882644931e-01  7.1072339980e+00 -3.1975506351e-01  1.5322039220e-01  7.0219664596e+00 -4.2840045748e+00 -1.5257254597e+00  4.6504598431e+00 -1.4531246045e-01 -1.3739509259e-01  4.5527853432e+00 -4.1398233408e+00 -1.7339581986e+00  8.8098523657e-01 -3.9015729301e-01  1.3920509764e+00  1.1176968179e+00 -8.3528581297e-03 -3.4962374499e-01  2.4865582397e+00  1.5102871318e-01  8.1159138859e-01  2.6452666877e+00 -2.6800132297e+00 -1.7907230411e+00
ENERGY -8.755560960138e+02

JOB 7
COORDS  7.2640824672e+00 -2.3278875714e+00 -7.2533967785e-01  6.5816816699e+00 -1.2671703824e+00 -1.1942373595e-01  6.5395598876e+00 -3.3164214986e+00 -1.3973260689e+00  5.1908351838e+00 -1.1830884919e+00 -1.9317499984e-01  5.1450243969e+00 -3.2533215201e+00 -1.4526332454e+00  4.4664249989e+00 -2.1813865819e+00 -8.5765951929e-01  1.4715033182e+00 -3.2166122722e-01  3.7682633656e-01  3.0472095048e+00 -2.0917559329e+00 -9.8261277570e-01  2.8318358568e+00 -2.2229779039e+00  1.6166043810e+00  8.9616357954e-01 -2.8897058368e+00  7.3607467400e-02  2.0378999087e+00 -2.0307414811e+00  4.0436498992e-01  8.3477177529e+00 -2.3833706029e+00 -6.7249597535e-01  7.1351451220e+00 -4.9380157858e-01  4.0636605545e-01  7.0564465909e+00 -4.1484295685e+00 -1.8679459416e+00  4.6732622994e+00 -3.4920634105e-01  2.7010075908e-01  4.5826504973e+00 -4.0374251807e+00 -1.9551443251e+00  7.8791794405e-01 -2.0534582674e-01  1.2198765409e+00  9.5956441927e-01 -1.4474852492e-01 -5.6880646259e-01  2.3335577260e+00  3.3599229725e-01  4.8876943759e-01  2.6496022400e+00 -2.7954075737e+00 -1.6026436033e+00
ENERGY -8.755562268078e+02

JOB 8
COORDS  7.2677258907e+00 -2.2088933950e+00 -9.4950716506e-01  6.1765877337e+00 -2.9005672392e+00 -1.4852408659e+00  7.0450812947e+00 -1.2297899015e+00  2.3029948237e-02  4.8771134254e+00 -2.6327098395e+00 -1.0509928963e+00  5.7474467245e+00 -9.4071868684e-01  4.4999831317e-01  4.6572530068e+00 -1.6471054412e+00 -7.8634968333e-02  1.1595774715e+00 -2.8235262741e+00 -2.7434067485e-01  3.3577465990e+00 -1.3790729808e+00  4.3845268692e-01  2.3307840474e+00 -1.1457017694e+00 -1.9489339475e+00  1.1604634782e+00 -2.0305149742e-01  1.2618015715e-01  1.9641650574e+00 -1.2341302405e+00 -5.3664096901e-01  8.2763682238e+00 -2.4271686412e+00 -1.2884722484e+00  6.3344284622e+00 -3.6597419732e+00 -2.2466543678e+00  7.8806422955e+00 -6.7793409616e-01  4.4526821154e-01  4.0448632645e+00 -3.1745424855e+00 -1.4863592375e+00  5.5797834585e+00 -1.6645064875e-01  1.1958019814e+00  2.4696905121e-01 -2.8149605958e+00 -8.7321304469e-01  9.3069547302e-01 -2.9206420794e+00  7.8666200510e-01  1.8292143917e+00 -3.6169345773e+00 -6.0724861491e-01  3.3276880993e+00 -6.3597320345e-01  1.1332684032e+00
ENERGY -8.755562672936e+02

JOB 9
COORDS  7.2786229460e+00 -2.2859830951e+00 -9.0325158439e-01  6.1769359678e+00 -2.8648520631e+00 -1.5394027737e+00  7.0616596455e+00 -1.3421769443e+00  1.0544194137e-01  4.8723425787e+00 -2.5211379499e+00 -1.1765108378e+00  5.7639381796e+00 -9.8322688434e-01  4.7185473428e-01  4.6606703068e+00 -1.5747179417e+00 -1.6329441720e-01  1.2766880559e+00 -2.8791376773e+00 -2.3178731128e-01  3.3637937753e+00 -1.2246065048e+00  3.0272934410e-01  2.2374532324e+00 -1.2218336114e+00 -2.0527889865e+00  1.0865067194e+00 -2.4027576549e-01  1.0658922221e-02  1.9381229130e+00 -1.2503373431e+00 -6.2185449601e-01  8.2888688174e+00 -2.5608258230e+00 -1.1924251381e+00  6.3279099869e+00 -3.5915621279e+00 -2.3332520915e+00  7.9043610087e+00 -8.7569169454e-01  6.0873616242e-01  4.0376481229e+00 -2.9631469246e+00 -1.7074914827e+00  5.6050302029e+00 -2.4596415432e-01  1.2561707013e+00  3.6794074043e-01 -2.9999548872e+00 -8.2418187376e-01  1.0572566266e+00 -2.9118357103e+00  8.3515489546e-01  2.0154567539e+00 -3.6334082465e+00 -5.0521397539e-01  3.3282486141e+00 -4.2479698711e-01  9.3026659234e-01
ENERGY -8.755562225961e+02

JOB 10
COORDS  7.2534793091e+00 -2.3506143832e+00 -8.5902931568e-01  6.1536662538e+00 -2.8257457520e+00 -1.5775677075e+00  7.0426495817e+00 -1.4391016406e+00  1.8094441098e-01  4.8546758293e+00 -2.4103850993e+00 -1.2703062644e+00  5.7522754842e+00 -1.0175498269e+00  5.0103547938e-01  4.6491073197e+00 -1.5026318495e+00 -2.2064508678e-01  1.3862982148e+00 -2.9073420977e+00 -1.3856378980e-01  3.3606245173e+00 -1.0773303495e+00  1.9697484329e-01  2.1194204294e+00 -1.2805272819e+00 -2.0854526470e+00  1.0167802908e+00 -2.7318536275e-01 -1.2174151406e-02  1.9023354917e+00 -1.2560634265e+00 -6.3934186310e-01  8.2584249869e+00 -2.6782602538e+00 -1.1088356208e+00  6.3010172176e+00 -3.5225982825e+00 -2.3984841641e+00  7.8844662077e+00 -1.0522399242e+00  7.4912858438e-01  4.0254693084e+00 -2.7580075279e+00 -1.8746031513e+00  5.5966073938e+00 -3.1516394411e-01  1.3172446218e+00  4.6638181866e-01 -3.1288537999e+00 -6.8258426078e-01  1.2145941885e+00 -2.8995707921e+00  9.3755061156e-01  2.1700183928e+00 -3.6164808762e+00 -4.0841303470e-01  3.3212916635e+00 -2.5070124862e-01  7.8694596309e-01
ENERGY -8.755561978876e+02

JOB 11
COORDS  7.2223695211e+00 -2.4025077653e+00 -8.2010784449e-01  6.1405601765e+00 -2.7848172951e+00 -1.6169483131e+00  7.0045422771e+00 -1.5210242752e+00  2.4434772430e-01  4.8521841294e+00 -2.3033246854e+00 -1.3657569225e+00  5.7236013212e+00 -1.0406518525e+00  5.1525860219e-01  4.6389255983e+00 -1.4287737317e+00 -2.8907468635e-01  1.4838600774e+00 -2.8979014419e+00 -6.1790690259e-02  3.3588312036e+00 -9.3400720022e-01  6.2067907602e-02  2.0286955316e+00 -1.3454644075e+00 -2.1236125568e+00  9.7019058620e-01 -2.8162110747e-01 -5.5607198319e-02  1.8791021170e+00 -1.2489756312e+00 -6.7202732927e-01  8.2199559888e+00 -2.7782554906e+00 -1.0281304387e+00  6.2950231920e+00 -3.4560260606e+00 -2.4577522264e+00  7.8333608649e+00 -1.2076011525e+00  8.7364266558e-01  4.0382341286e+00 -2.5701112122e+00 -2.0292590824e+00  5.5602011455e+00 -3.6762746308e-01  1.3543285627e+00  5.5477102091e-01 -3.2012606989e+00 -5.4754125382e-01  1.3612261470e+00 -2.8422108280e+00  1.0197743501e+00  2.2952972387e+00 -3.5743673681e+00 -3.3439277094e-01  3.3039341069e+00 -1.3558243074e-01  6.8648892346e-01
ENERGY -8.755562750109e+02

JOB 12
COORDS  7.1496638930e+00 -2.4507937442e+00 -7.8218033605e-01  6.0860224574e+00 -2.7624219452e+00 -1.6330696087e+00  6.9299357301e+00 -1.5769672919e+00  2.8792842085e-01  4.8138133098e+00 -2.2194613347e+00 -1.4309533532e+00  5.6637027424e+00 -1.0359328775e+00  5.1084377625e-01  4.5983593065e+00 -1.3506751119e+00 -3.4940590941e-01  1.5835759273e+00 -2.9017250895e+00  2.1701451328e-02  3.3331034304e+00 -7.8372102546e-01 -6.3319848166e-02  1.9092738624e+00 -1.3846143728e+00 -2.1112310591e+00  8.9583188813e-01 -3.2857012238e-01 -1.3077367459e-02  1.8325644616e+00 -1.2480532860e+00 -6.5839651447e-01  8.1348339399e+00 -2.8749920088e+00 -9.5290330095e-01  6.2434808940e+00 -3.4282270161e+00 -2.4776101659e+00  7.7443327658e+00 -1.3181795387e+00  9.5946618270e-01  4.0149769449e+00 -2.4310468900e+00 -2.1322796202e+00  5.4988582337e+00 -3.6601189351e-01  1.3522669816e+00  6.4962711008e-01 -3.2797830493e+00 -3.9778762737e-01  1.5181137305e+00 -2.8206633003e+00  1.1070023651e+00  2.4203392148e+00 -3.5334911492e+00 -2.7999762480e-01  3.2546290329e+00 -1.6196120615e-01  7.3478519084e-01
ENERGY -8.755567952111e+02

JOB 13
COORDS  7.0934469773e+00 -2.4932501025e+00 -7.4628482498e-01  6.0741408179e+00 -2.7155277973e+00 -1.6765969246e+00  6.8454465140e+00 -1.6612852963e+00  3.5039312556e-01  4.8181857521e+00 -2.1202243741e+00 -1.5296036074e+00  5.5907904564e+00 -1.0748378312e+00  5.2131293965e-01  4.5720247603e+00 -1.2962231058e+00 -4.1988199773e-01  1.7037928792e+00 -2.8989309222e+00  9.4418765234e-02  3.3165767602e+00 -6.7055941651e-01 -2.0418268747e-01  1.8522360758e+00 -1.4972090424e+00 -2.1368432329e+00  8.5008811503e-01 -3.7943223323e-01 -6.5415248354e-02  1.8199922932e+00 -1.2767408649e+00 -6.9283465345e-01  8.0677668113e+00 -2.9554630532e+00 -8.7601331261e-01  6.2564754355e+00 -3.3492431095e+00 -2.5405829558e+00  7.6257826506e+00 -1.4737313630e+00  1.0832098133e+00  4.0512974694e+00 -2.2640568871e+00 -2.2821606099e+00  5.4002870830e+00 -4.4020476635e-01  1.3845303459e+00  7.7380869078e-01 -3.3515053606e+00 -2.5395042348e-01  1.6847304132e+00 -2.7576184989e+00  1.1755496172e+00  2.5599173286e+00 -3.5003508415e+00 -2.1434548792e-01  3.2255367085e+00 -1.0595263521e-01  6.3526598362e-01
ENERGY -8.755576934635e+02

JOB 14
COORDS  7.0416797100e+00 -2.5240371751e+00 -7.3481535441e-01  6.0843129795e+00 -2.6377351073e+00 -1.7481285031e+00  6.7445851304e+00 -1.7717728659e+00  4.0593781166e-01  4.8430949399e+00 -2.0056785294e+00 -1.6394764886e+00  5.4984395102e+00 -1.1561098396e+00  5.3993769860e-01  4.5450266690e+00 -1.2657976562e+00 -4.8435122591e-01  1.8047329259e+00 -2.8795437629e+00  2.2425722577e-01  3.2955746213e+00 -6.0212408339e-01 -3.3056023257e-01  1.8139653302e+00 -1.6739188786e+00 -2.1245049686e+00  8.1295396165e-01 -4.2930059462e-01 -1.2660915181e-01  1.8110932993e+00 -1.3288837683e+00 -7.0484839582e-01  8.0079559216e+00 -3.0101784965e+00 -8.3480265573e-01  6.3076419427e+00 -3.2104580014e+00 -2.6444173392e+00  7.4780368483e+00 -1.6714609711e+00  1.2015587933e+00  4.1161709971e+00 -2.0693490534e+00 -2.4412677953e+00  5.2656831140e+00 -5.8656926728e-01  1.4376436821e+00  8.8404059263e-01 -3.4007409470e+00 -4.3310154118e-02  1.8210009989e+00 -2.6464241041e+00  1.2895582598e+00  2.6754668523e+00 -3.4669972770e+00 -6.9656670781e-02  3.2019885660e+00 -3.2212297842e-02  5.0632595417e-01
ENERGY -8.755584332593e+02

JOB 15
COORDS  7.0022477400e+00 -2.5547039409e+00 -7.3557939934e-01  6.1287892568e+00 -2.5398382486e+00 -1.8289871594e+00  6.6356103115e+00 -1.9060188636e+00  4.4762427364e-01  4.9021247610e+00 -1.8762579243e+00 -1.7547331133e+00  5.3981748383e+00 -1.2642581423e+00  5.4377174907e-01  4.5307237716e+00 -1.2447524972e+00 -5.5827480594e-01  1.8939951941e+00 -2.8165908414e+00  3.7300310184e-01  3.2860854385e+00 -5.5275397436e-01 -4.6762073112e-01  1.8201530002e+00 -1.8795113991e+00 -2.0937519812e+00  7.9211063941e-01 -4.6336512169e-01 -2.2536776656e-01  1.8204546617e+00 -1.3787185001e+00 -7.2116193237e-01  7.9606029281e+00 -3.0614305104e+00 -8.0684689942e-01  6.4100659987e+00 -3.0329520577e+00 -2.7556688233e+00  7.3065426483e+00 -1.9073457299e+00  1.3024962093e+00  4.2297117930e+00 -1.8446446365e+00 -2.6048837273e+00  5.1066379106e+00 -7.7548901896e-01  1.4714671714e+00  9.9305241573e-01 -3.4013508656e+00  1.7992466821e-01  1.9132419918e+00 -2.4688198197e+00  1.4065862095e+00  2.7850613888e+00 -3.3962612064e+00  1.2951402560e-01  3.1922129586e+00  5.2042735194e-02  3.4565999658e-01
ENERGY -8.755586584380e+02

JOB 16
COORDS  6.9906038117e+00 -2.5633623385e+00 -7.5768747857e-01  6.2170140060e+00 -2.4076055472e+00 -1.9139431300e+00  6.5298997374e+00 -2.0566397041e+00  4.6169004201e-01  4.9914314662e+00 -1.7402956586e+00 -1.8615586979e+00  5.2912948930e+00 -1.4122481406e+00  5.2648213498e-01  4.5210542870e+00 -1.2542679482e+00 -6.3448900767e-01  1.9313367892e+00 -2.7214972652e+00  5.5615275524e-01  3.2735199416e+00 -5.5373391341e-01 -5.9468396952e-01  1.8594667545e+00 -2.1356101361e+00 -2.0153912072e+00  7.6994851573e-01 -5.0919485520e-01 -3.6171777723e-01  1.8304186815e+00 -1.4495009673e+00 -7.2579607890e-01  7.9498480830e+00 -3.0711468811e+00 -8.0791049015e-01  6.5763349962e+00 -2.7917379466e+00 -2.8648118707e+00  7.1275155368e+00 -2.1685320425e+00  1.3624249991e+00  4.3864104034e+00 -1.6001659777e+00 -2.7508770827e+00  4.9245058678e+00 -1.0275134941e+00  1.4761715484e+00  1.0407092038e+00 -3.3428805828e+00  4.4720423714e-01  1.9420230162e+00 -2.2366074325e+00  1.5331675503e+00  2.8319805256e+00 -3.3138253586e+00  3.9242917933e-01  3.1834170850e+00  1.0352180491e-01  1.7833010750e-01
ENERGY -8.755579630402e+02

JOB 17
COORDS  7.1085603467e+00 -2.4411562903e+00 -9.2168786734e-01  6.4721103660e+00 -1.8583408039e+00 -2.0231200367e+00  6.4827506493e+00 -2.4320010926e+00  3.2918461967e-01  5.2076325614e+00 -1.2827398473e+00 -1.8799672059e+00  5.2278813624e+00 -1.8364722244e+00  4.8111951524e-01  4.5849316630e+00 -1.2702100825e+00 -6.2561870295e-01  1.6951685670e+00 -2.3467132673e+00  9.9262486767e-01  3.2969232966e+00 -6.6172561291e-01 -4.3649391724e-01  2.1906406671e+00 -2.7608541536e+00 -1.5700594323e+00  8.2407379081e-01 -7.0410841312e-01 -9.2160274682e-01  1.9097330043e+00 -1.6530105165e+00 -6.5347334120e-01  8.0885231566e+00 -2.8961822292e+00 -1.0372875206e+00  6.9535424292e+00 -1.8651310470e+00 -2.9972426840e+00  6.9786176307e+00 -2.8716973698e+00  1.1904171602e+00  4.6936271029e+00 -8.6132095070e-01 -2.7399258461e+00  4.7525552493e+00 -1.7836619700e+00  1.4565393872e+00  7.9717204221e-01 -2.9656774466e+00  9.4858178091e-01  1.5739024375e+00 -1.5264309630e+00  1.6993424646e+00  2.5651343611e+00 -2.9600469497e+00  1.2277417220e+00  3.1412692859e+00  1.6595681601e-01 -1.0125634756e+00
ENERGY -8.755564420476e+02

JOB 18
COORDS  7.1834144681e+00 -2.3665860784e+00 -9.9695118648e-01  6.5883415113e+00 -1.6251542927e+00 -2.0225390778e+00  6.4786542367e+00 -2.5969466084e+00  1.8945727169e-01  5.2899983049e+00 -1.1320213485e+00 -1.8717185862e+00  5.1918682273e+00 -2.0815450866e+00  3.5585361025e-01  4.5909017956e+00 -1.3545805895e+00 -6.7864922735e-01  1.5193605913e+00 -2.1398591503e+00  1.1405366881e+00  3.2760355066e+00 -8.1765279814e-01 -4.9473861102e-01  2.3151988780e+00 -3.1614850860e+00 -1.1655605508e+00  8.6195628998e-01 -1.0529097693e+00 -1.1897516120e+00  1.9221386442e+00 -1.8735937848e+00 -5.9378433577e-01  8.1887706475e+00 -2.7596989341e+00 -1.1200480587e+00  7.1275666274e+00 -1.4439405302e+00 -2.9483986555e+00  6.9373956352e+00 -3.1655040236e+00  9.9393899954e-01  4.8143613985e+00 -5.8335577832e-01 -2.6813550707e+00  4.6599613788e+00 -2.2274151615e+00  1.2913969847e+00  6.1855447036e-01 -2.7562048978e+00  1.1569533171e+00  1.3402454064e+00 -1.1705995894e+00  1.6049096535e+00  2.3470861101e+00 -2.6657276348e+00  1.6159454899e+00  3.0658202258e+00 -3.4097105995e-02 -1.1120981113e+00
ENERGY -8.755561011344e+02

JOB 19
COORDS  7.2370528575e+00 -2.3076990998e+00 -1.0169558592e+00  6.6803855297e+00 -1.4452751938e+00 -1.9656990827e+00  6.4628076654e+00 -2.7270058038e+00  7.0619348286e-02  5.3572076239e+00 -1.0156748058e+00 -1.8367895230e+00  5.1494380682e+00 -2.2803701396e+00  2.2048888373e-01  4.5907169067e+00 -1.4244116394e+00 -7.3746645100e-01  1.4318561709e+00 -1.9275628940e+00  1.1890342504e+00  3.2607128196e+00 -9.2876989348e-01 -5.8002183473e-01  2.3608552482e+00 -3.3681213522e+00 -8.2700542712e-01  8.8385179108e-01 -1.3351828178e+00 -1.3343047368e+00  1.9217402608e+00 -2.0032484866e+00 -5.4209874381e-01  8.2621499269e+00 -2.6511172739e+00 -1.1238191900e+00  7.2691554467e+00 -1.1166868767e+00 -2.8179103500e+00  6.8861477025e+00 -3.3979019061e+00  8.1328215841e-01  4.9179910238e+00 -3.6589315363e-01 -2.5907043103e+00  4.5620694730e+00 -2.5991269346e+00  1.0758057017e+00  5.4900444986e-01 -2.5612809007e+00  1.2916284117e+00  1.2003640784e+00 -8.9165011493e-01  1.4357455738e+00  2.2491491243e+00 -2.3072668001e+00  1.8021878641e+00  3.0229975884e+00 -1.9083371023e-01 -1.2409101442e+00
ENERGY -8.755562038572e+02

JOB 20
COORDS  7.2320772039e+00 -2.2853239980e+00 -9.9580259043e-01  6.6964123337e+00 -1.3603418286e+00 -1.8965184761e+00  6.4118598982e+00 -2.8203050771e+00  2.9256261065e-03  5.3555479091e+00 -9.8095182393e-01 -1.8053502631e+00  5.0759588135e+00 -2.4316979466e+00  1.1587592004e-01  4.5410248236e+00 -1.5082584284e+00 -7.9300457366e-01  1.4983410009e+00 -1.8270039433e+00  1.2985956523e+00  3.2003343045e+00 -1.0397650592e+00 -6.8027196872e-01  2.2647959703e+00 -3.4765288153e+00 -6.2102295917e-01  7.8550705546e-01 -1.4751736801e+00 -1.2305280115e+00  1.8649819208e+00 -2.0814820247e+00 -4.4584817809e-01  8.2724834567e+00 -2.5880003583e+00 -1.0726538582e+00  7.3175311040e+00 -9.3939651765e-01 -2.6826338304e+00  6.8139101573e+00 -3.5446116263e+00  7.0627086984e-01  4.9403327020e+00 -2.7334487538e-01 -2.5199895363e+00  4.4558560258e+00 -2.8622500589e+00  8.9447308193e-01  6.4597673638e-01 -2.4661592662e+00  1.5361890550e+00  1.2529768669e+00 -7.7572415316e-01  1.4475551393e+00  2.3696928208e+00 -2.1153587118e+00  1.8869979175e+00  2.9353951708e+00 -3.6256540741e-01 -1.3927668044e+00
ENERGY -8.755562771181e+02

JOB 21
COORDS  7.2387053275e+00 -2.2372074183e+00 -9.2957549436e-01  6.7189701487e+00 -1.2728614376e+00 -1.7984204661e+00  6.3797066752e+00 -2.8756603740e+00 -3.0441117994e-02  5.3608728835e+00 -9.5273517022e-01 -1.7698118991e+00  5.0207620407e+00 -2.5558865963e+00  1.5494561835e-02  4.5037340030e+00 -1.5883069589e+00 -8.5815300942e-01  1.6059999049e+00 -1.7735949787e+00  1.3386438764e+00  3.1452841590e+00 -1.1687801813e+00 -8.1920960500e-01  2.1764935255e+00 -3.5737344535e+00 -5.1199773308e-01  7.0160718602e-01 -1.5822501116e+00 -1.1506203730e+00  1.8245794143e+00 -2.1585121723e+00 -4.0693952156e-01  8.2944532958e+00 -2.4910083915e+00 -9.5685556250e-01  7.3690833121e+00 -7.6949526755e-01 -2.5090670437e+00  6.7655871259e+00 -3.6350363300e+00  6.4449886439e-01  4.9643715506e+00 -2.0485385207e-01 -2.4534738571e+00  4.3725683775e+00 -3.0850227582e+00  7.0407941087e-01  7.8911705263e-01 -2.4013603890e+00  1.6992389739e+00  1.3563864557e+00 -7.1642908743e-01  1.4261562546e+00  2.5301409514e+00 -2.0051886504e+00  1.8691886267e+00  2.8611181317e+00 -5.5602289420e-01 -1.5800071022e+00
ENERGY -8.755562300211e+02

JOB 22
COORDS  7.2523234780e+00 -2.1940991340e+00 -8.5724626494e-01  6.7392525644e+00 -1.1924315880e+00 -1.6879361455e+00  6.3735007755e+00 -2.9258167312e+00 -5.4677444797e-02  5.3707693450e+00 -9.2358418359e-01 -1.7089635774e+00  4.9996521752e+00 -2.6681175546e+00 -6.5703954519e-02  4.4918958697e+00 -1.6572352439e+00 -8.9526136907e-01  1.7552249221e+00 -1.6878271900e+00  1.3907536999e+00  3.1204678292e+00 -1.2895110749e+00 -9.1990296422e-01  2.1010804115e+00 -3.6256426891e+00 -3.7040388381e-01  6.5719606081e-01 -1.6238550163e+00 -1.0333020189e+00  1.8132043470e+00 -2.1921724275e+00 -3.3716131592e-01  8.3177303995e+00 -2.4046973567e+00 -8.4202342618e-01  7.4042920147e+00 -6.1518692610e-01 -2.3248489983e+00  6.7536343120e+00 -3.7176171018e+00  5.8544230039e-01  4.9811588222e+00 -1.3787359008e-01 -2.3529132051e+00  4.3368135560e+00 -3.2813819686e+00  5.3275208567e-01  9.6065670142e-01 -2.2690036504e+00  1.8621193911e+00  1.5368250134e+00 -6.2083084463e-01  1.4276635483e+00  2.7175635257e+00 -1.9100769155e+00  1.8537068370e+00  2.8185075910e+00 -7.2042267353e-01 -1.7061946451e+00
ENERGY -8.755561974053e+02

JOB 23
COORDS  7.2413948941e+00 -2.1501495470e+00 -7.9576871550e-01  6.7319808729e+00 -1.1207027396e+00 -1.5946240418e+00  6.3516663340e+00 -2.9676193384e+00 -9.4662022191e-02  5.3567237312e+00 -9.0500426499e-01 -1.6790663365e+00  4.9697645175e+00 -2.7713905456e+00 -1.7690180797e-01  4.4665155480e+00 -1.7280065620e+00 -9.6895785448e-01  1.8479871756e+00 -1.6023958653e+00  1.3418868759e+00  3.0845781225e+00 -1.4321757181e+00 -1.0714833271e+00  2.0253697400e+00 -3.6672838237e+00 -2.9050956470e-01  6.1630780595e-01 -1.6652643962e+00 -1.0215638521e+00  1.7889128794e+00 -2.2251618409e+00 -3.4797568273e-01  8.3126526530e+00 -2.3160490193e+00 -7.2838152414e-01  7.4060841721e+00 -4.7657128844e-01 -2.1530751587e+00  6.7296932398e+00 -3.7827594656e+00  5.1684448403e-01  4.9695150981e+00 -9.3334604977e-02 -2.2913834989e+00  4.2978813846e+00 -3.4525145801e+00  3.3158381565e-01  1.0638495914e+00 -2.1199129824e+00  1.8973343440e+00  1.6673515656e+00 -5.2788146999e-01  1.3167007739e+00  2.8279999639e+00 -1.8297286240e+00  1.7639910193e+00  2.7758540982e+00 -8.3928021746e-01 -1.8355972653e+00
ENERGY -8.755562576247e+02

