JOB 0
COORDS  4.5231720915e+00  7.4402897204e-01  1.4384226568e+00  3.3510964015e+00  3.1981329519e-01  7.4562881029e-01  5.7349839667e+00  4.8705062356e-01  8.6762924541e-01  3.3765863528e+00 -3.4046988464e-01 -4.6082975331e-01  4.6704681633e+00 -5.2082543968e-01 -1.1253220018e+00  4.5371148846e-01 -2.3700021487e+00 -1.5014854837e-01  1.6586113353e+00 -2.9574536812e+00 -2.2558306862e+00  9.9451028203e-01 -1.1477331132e+00 -1.8599079099e-01  2.2135634232e+00 -1.7412955577e+00 -2.2893504487e+00  8.1621104564e-01 -3.4638978042e+00 -1.1160337034e+00  2.0636955015e+00 -7.2555763005e-01 -1.1745725257e+00  5.7795604109e+00 -1.3735868318e-01 -3.4446414882e-01  4.8866509296e+00 -9.4565899525e-01 -2.2659086073e+00  4.4606377104e+00  1.2446379609e+00  2.3974188442e+00  2.3950455075e+00  5.1494585606e-01  1.2214791548e+00  6.6868024448e+00  7.5163822898e-01  1.3166466903e+00 -3.0531876212e-01 -2.5943208317e+00  5.9823143072e-01  1.8032316893e+00 -3.6285100781e+00 -3.1010999477e+00  6.4250586993e-01 -4.0140118994e-01  5.2252001285e-01  2.8073042877e+00 -1.4420247680e+00 -3.1431489348e+00  1.3374237124e+00 -4.2759999140e+00 -5.8483545306e-01 -1.0185734889e-01 -3.9263577991e+00 -1.5062388422e+00  1.7222475955e+00  2.0872099505e-01 -1.6509295165e+00  6.6680304682e+00 -2.8933157077e-01 -8.1162845164e-01
ENERGY -5.558329995206e+02

JOB 1
COORDS  4.5578916355e+00  5.4322935867e-01  1.5138125680e+00  3.3920518263e+00  8.4892364494e-02  8.2951025517e-01  5.7446339738e+00  5.3294201385e-01  8.4228966196e-01  3.4124200908e+00 -3.9255519093e-01 -4.5934550327e-01  4.6593137151e+00 -2.7768224686e-01 -1.2214524978e+00  3.5221833054e-01 -2.2431770424e+00 -2.1177152484e-01  1.7087141816e+00 -3.0656370565e+00 -2.1443216210e+00  9.6413183852e-01 -1.0565385694e+00 -2.8938201103e-01  2.3255191404e+00 -1.8817305581e+00 -2.2291366102e+00  7.3555073868e-01 -3.4294728355e+00 -1.0539372019e+00  2.1279094953e+00 -7.7520796759e-01 -1.2098843942e+00  5.7735369619e+00  1.1174890672e-01 -4.5664603322e-01  4.8164849423e+00 -4.6477362465e-01 -2.4342165659e+00  4.5109184602e+00  8.8045819443e-01  2.5426108262e+00  2.4576072722e+00  7.3326463341e-02  1.3818269072e+00  6.6895210483e+00  8.4587183392e-01  1.2743265408e+00 -4.8627243006e-01 -2.3674263508e+00  4.7227390105e-01  1.8944012178e+00 -3.8177675217e+00 -2.9099342929e+00  5.9483775939e-01 -2.3145759315e-01  3.1690684693e-01  3.0148816188e+00 -1.6738242768e+00 -3.0373165940e+00  1.1541763807e+00 -4.2243925334e+00 -4.1668384900e-01 -1.6996372101e-01 -3.8709245505e+00 -1.4948179614e+00  1.8797467559e+00  1.3020068041e-01 -1.7904555190e+00  6.6328051743e+00  1.6528721295e-01 -9.9469509673e-01
ENERGY -5.558366285847e+02

JOB 2
COORDS  4.5958480579e+00  3.7563245696e-01  1.5144129041e+00  3.4291816485e+00 -9.3878848068e-02  8.3710785312e-01  5.7359445763e+00  5.5907024156e-01  7.8869332486e-01  3.4183591785e+00 -3.9482801897e-01 -5.0204140501e-01  4.6110282499e+00 -1.0824491050e-01 -1.3011341167e+00  2.8820099394e-01 -2.1462074495e+00 -2.5915029283e-01  1.7316749145e+00 -3.1495571627e+00 -2.0441370359e+00  9.5349218533e-01 -9.9133461951e-01 -3.7141682270e-01  2.3965073432e+00 -1.9956284748e+00 -2.1668475056e+00  6.5627780329e-01 -3.3927886708e+00 -1.0178203024e+00  2.1555915762e+00 -8.0258148604e-01 -1.2607557408e+00  5.7268136309e+00  3.0383396796e-01 -5.5452552879e-01  4.7069128515e+00 -1.8093955086e-01 -2.5326744563e+00  4.5860828019e+00  5.7852165332e-01  2.5789583195e+00  2.5275834539e+00 -2.5583525125e-01  1.4208453819e+00  6.6738195200e+00  9.0417814368e-01  1.2113330826e+00 -5.8157040991e-01 -2.2004940122e+00  3.9442270726e-01  1.9557830309e+00 -3.9688706292e+00 -2.7261593043e+00  6.0634889689e-01 -1.1978635733e-01  1.8191399963e-01  3.1576396644e+00 -1.8682389028e+00 -2.9280019928e+00  9.7329242029e-01 -4.1791322603e+00 -3.1474798451e-01 -2.4037228269e-01 -3.8002951879e+00 -1.5074126649e+00  1.9529123670e+00  5.2682055055e-02 -1.9274301178e+00  6.5502297740e+00  4.9036121110e-01 -1.1182938715e+00
ENERGY -5.558409117477e+02

JOB 3
COORDS  4.6263662375e+00  1.9674339006e-01  1.5125364703e+00  3.4569989280e+00 -2.5754125461e-01  8.2899201226e-01  5.7208063776e+00  5.3435769611e-01  7.7120427043e-01  3.4056940372e+00 -3.8103479778e-01 -5.3572937217e-01  4.5596150509e+00  1.8262855560e-02 -1.3392956563e+00  2.4700973179e-01 -2.0737510485e+00 -2.7783722891e-01  1.7549596597e+00 -3.2196355297e+00 -1.9218438953e+00  9.3927392706e-01 -9.4017682397e-01 -4.3559387602e-01  2.4437729257e+00 -2.0859836442e+00 -2.0906382582e+00  6.0876960208e-01 -3.3680010978e+00 -9.5589953126e-01  2.1649796350e+00 -8.1988324016e-01 -1.3033431157e+00  5.6714556876e+00  4.3740739478e-01 -5.9241544371e-01  4.6190652453e+00  2.1503706686e-02 -2.5753358834e+00  4.6544358236e+00  2.7334963773e-01  2.5932590209e+00  2.5856171139e+00 -5.3724985027e-01  1.4152520043e+00  6.6537447402e+00  8.8709610117e-01  1.1984335990e+00 -6.3817115571e-01 -2.0762590791e+00  3.5712640259e-01  2.0137290591e+00 -4.0944037565e+00 -2.5171769194e+00  6.0760163202e-01 -3.3870261483e-02  6.9978289800e-02  3.2545679659e+00 -2.0270398641e+00 -2.8099080379e+00  8.4830243337e-01 -4.1314809705e+00 -1.9917332186e-01 -2.7225586194e-01 -3.7639457793e+00 -1.4825781735e+00  1.9919483922e+00 -2.0749732282e-02 -2.0416335043e+00  6.4710227485e+00  7.0793291020e-01 -1.1563691314e+00
ENERGY -5.558439489395e+02

JOB 4
COORDS  4.6569914582e+00  3.7555575324e-02  1.4904141382e+00  3.4912970115e+00 -3.9947773332e-01  7.9009592811e-01  5.7031348348e+00  5.2917294648e-01  7.6469725785e-01  3.3962991697e+00 -3.4240040664e-01 -5.7616615388e-01  4.5114750036e+00  1.7817308024e-01 -1.3621268556e+00  2.1811122058e-01 -1.9866662815e+00 -3.2229956727e-01  1.7818584871e+00 -3.2519252667e+00 -1.8205965888e+00  9.3045266961e-01 -8.7244590803e-01 -5.2398864089e-01  2.4893962406e+00 -2.1371350527e+00 -2.0321883460e+00  5.7856538641e-01 -3.3213818261e+00 -9.1770349762e-01  2.1814692630e+00 -8.1235514467e-01 -1.3626766561e+00  5.6143000221e+00  5.9239006639e-01 -5.9916777729e-01  4.5457007272e+00  2.7436376576e-01 -2.5952618386e+00  4.7204662747e+00 -1.5174287425e-02  2.5710861519e+00  2.6535786140e+00 -7.9828802035e-01  1.3571392090e+00  6.6279481450e+00  8.8550948586e-01  1.2064016463e+00 -6.8132245474e-01 -1.9435664632e+00  2.9077710013e-01  2.0694715669e+00 -4.1706452685e+00 -2.3301166683e+00  6.0699073289e-01  6.3126086235e-02 -6.9022439529e-02  3.3420969099e+00 -2.1395861920e+00 -2.7060105997e+00  7.5170905374e-01 -4.0538062175e+00 -1.1380655967e-01 -2.8218438808e-01 -3.7188756284e+00 -1.4762313506e+00  2.0413241919e+00 -6.8072038744e-02 -2.1601121916e+00  6.3879962559e+00  9.5359895361e-01 -1.1482051846e+00
ENERGY -5.558452264176e+02

JOB 5
COORDS  4.7193223925e+00 -6.5514002103e-02  1.4557096920e+00  3.5767123848e+00 -5.1520517193e-01  7.2762643550e-01  5.6930004116e+00  6.1138854187e-01  7.7902574030e-01  3.4292477183e+00 -2.8410835466e-01 -6.1559281418e-01  4.4752640736e+00  4.1593907256e-01 -1.3541726909e+00  2.2859616077e-01 -1.8818824215e+00 -3.8895739437e-01  1.8352493076e+00 -3.2584115619e+00 -1.7356730667e+00  9.6677027857e-01 -7.9152480695e-01 -6.2583409486e-01  2.5689182561e+00 -2.1671431105e+00 -1.9793166519e+00  5.8071825795e-01 -3.2522871070e+00 -9.0294550462e-01  2.2461860310e+00 -7.9434810192e-01 -1.4254641713e+00  5.5561983070e+00  8.3822045276e-01 -5.6295069862e-01  4.4758730176e+00  6.4757175739e-01 -2.5694953536e+00  4.8223766560e+00 -2.5031624758e-01  2.5186514133e+00  2.7935966608e+00 -1.0585934749e+00  1.2518551650e+00  6.5956390218e+00  9.9314565831e-01  1.2447914349e+00 -6.8667615520e-01 -1.7917406503e+00  1.9476527379e-01  2.1405910584e+00 -4.2130454566e+00 -2.1619162286e+00  6.5135244137e-01  1.7118332575e-01 -2.2560421618e-01  3.4612528106e+00 -2.2315057209e+00 -2.5982046570e+00  6.8550218555e-01 -3.9521082647e+00 -5.9324290779e-02 -2.5826496966e-01 -3.6511562200e+00 -1.4930385282e+00  2.1446597055e+00 -1.0371350405e-01 -2.2733004273e+00  6.2811990862e+00  1.3288687376e+00 -1.0769120383e+00
ENERGY -5.558451762280e+02

JOB 6
COORDS  4.7941105105e+00 -2.2804781753e-01  1.4042714469e+00  3.6858069425e+00 -7.0689225237e-01  6.4446763188e-01  5.6664660144e+00  6.3311726204e-01  8.0183424775e-01  3.4724191898e+00 -3.2711072883e-01 -6.5567486504e-01  4.4060794452e+00  5.7820070957e-01 -1.3166869644e+00  2.1251846299e-01 -1.7858693563e+00 -4.4110543568e-01  1.8065886433e+00 -3.3274370266e+00 -1.6133023996e+00  1.0040492938e+00 -7.4735263967e-01 -7.3285820356e-01  2.5952744179e+00 -2.2879282688e+00 -1.9078114625e+00  5.1894720503e-01 -3.2043633989e+00 -8.4246443501e-01  2.3106561385e+00 -8.6352071607e-01 -1.4819353946e+00  5.4632439955e+00  1.0098978178e+00 -4.9662747456e-01  4.3393568237e+00  9.7210314518e-01 -2.4875795882e+00  4.9504210083e+00 -5.3191822591e-01  2.4327472127e+00  2.9804950468e+00 -1.3941168966e+00  1.1074469582e+00  6.5369924383e+00  1.0515128396e+00  1.2964708665e+00 -7.1422058254e-01 -1.6148208508e+00  1.0513060088e-01  2.0892359232e+00 -4.3243511868e+00 -1.9488159934e+00  7.2066686865e-01  2.5484631431e-01 -4.1493586641e-01  3.5111432923e+00 -2.4427636634e+00 -2.4751518036e+00  5.5320566185e-01 -3.8470977448e+00  5.0837649646e-02 -3.1177239313e-01 -3.6058965616e+00 -1.4424416551e+00  2.2694872236e+00 -2.3409170056e-01 -2.3796984723e+00  6.1107048368e+00  1.6441223150e+00 -9.5385153607e-01
ENERGY -5.558446422209e+02

JOB 7
COORDS  4.9041314590e+00 -3.6297253952e-01  1.3230878540e+00  3.8412326988e+00 -8.8990058166e-01  5.3141444062e-01  5.6337561963e+00  6.7386358878e-01  8.1456567759e-01  3.5342896507e+00 -3.9299779858e-01 -7.0921964954e-01  4.3025848024e+00  7.1759335928e-01 -1.2607063189e+00  2.0744517387e-01 -1.6759765863e+00 -5.2457663925e-01  1.7568517315e+00 -3.3897393669e+00 -1.5022119144e+00  1.0641270153e+00 -7.0722479132e-01 -8.6741778531e-01  2.6131242177e+00 -2.4200457885e+00 -1.8436744029e+00  4.5056675365e-01 -3.1369166815e+00 -7.9696190455e-01  2.3921496934e+00 -9.5433455883e-01 -1.5472761046e+00  5.3341968687e+00  1.1749718365e+00 -4.2143886017e-01  4.1228953101e+00  1.2602852873e+00 -2.3578120044e+00  5.1363706920e+00 -7.6520617301e-01  2.3022666301e+00  3.2490226581e+00 -1.7162917819e+00  9.1948585870e-01  6.4607096505e+00  1.1416281402e+00  1.3388793018e+00 -7.2689640018e-01 -1.4132732065e+00 -3.0253909372e-02  1.9942460906e+00 -4.4237897423e+00 -1.7487288706e+00  8.2582199783e-01  3.3161544424e-01 -6.4580118166e-01  3.5401441745e+00 -2.6709526027e+00 -2.3564737742e+00  4.1819212076e-01 -3.7044041415e+00  1.4605880878e-01 -3.7805849536e-01 -3.5448193280e+00 -1.3954760012e+00  2.4154925865e+00 -3.9340534395e-01 -2.4898987151e+00  5.8681521051e+00  1.9488454787e+00 -8.0427095595e-01
ENERGY -5.558444204757e+02

JOB 8
COORDS  5.0348552424e+00 -4.6883727500e-01  1.2502240711e+00  4.0160206479e+00 -1.0437986226e+00  4.3333606351e-01  5.5967779389e+00  7.0924180122e-01  8.4838640808e-01  3.5945204658e+00 -4.5753131860e-01 -7.3223010291e-01  4.1701494900e+00  8.1345382216e-01 -1.1589431956e+00  2.1045101934e-01 -1.5587630658e+00 -6.2907991628e-01  1.7037986073e+00 -3.4240971939e+00 -1.3963930743e+00  1.1321416016e+00 -6.6503947032e-01 -1.0045199446e+00  2.6277925946e+00 -2.5301068116e+00 -1.7670444232e+00  3.8859992772e-01 -3.0479346624e+00 -7.6667874107e-01  2.4775446001e+00 -1.0390140214e+00 -1.5882595652e+00  5.1759501181e+00  1.3041137306e+00 -3.0872854925e-01  3.8497391375e+00  1.4589288944e+00 -2.1645508292e+00  5.3626849307e+00 -9.4470776713e-01  2.1670975973e+00  3.5569077477e+00 -1.9819133793e+00  7.3836984051e-01  6.3778731474e+00  1.2223563232e+00  1.3998447593e+00 -7.3146227400e-01 -1.2104275785e+00 -2.0749091311e-01  1.8880793910e+00 -4.4847695069e+00 -1.5623525404e+00  9.4185918234e-01  3.9999942844e-01 -8.8764253079e-01  3.5579306328e+00 -2.8688261650e+00 -2.2208445492e+00  2.9519258913e-01 -3.5296639873e+00  2.1910803281e-01 -4.3790171966e-01 -3.4668694697e+00 -1.3603299127e+00  2.5721339618e+00 -5.4938953257e-01 -2.5661889776e+00  5.5786551509e+00  2.1867258950e+00 -6.0766367436e-01
ENERGY -5.558448129620e+02

JOB 9
COORDS  5.1852660910e+00 -5.4225562628e-01  1.1641672524e+00  4.1921891617e+00 -1.1545411455e+00  3.4091873700e-01  5.5805603449e+00  7.2970607868e-01  8.6490249638e-01  3.6336373139e+00 -5.0868964674e-01 -7.3148443984e-01  4.0328859021e+00  8.5927506931e-01 -1.0472082990e+00  2.1301284629e-01 -1.4747559827e+00 -7.3110918587e-01  1.6572223659e+00 -3.4466584415e+00 -1.2970001851e+00  1.1878214448e+00 -6.4591659573e-01 -1.1199268856e+00  2.6364003461e+00 -2.6183865723e+00 -1.6778849656e+00  3.3518568537e-01 -2.9756592034e+00 -7.5200139775e-01  2.5447027401e+00 -1.1151393297e+00 -1.6039318045e+00  5.0236651687e+00  1.3822264409e+00 -2.0076493599e-01  3.5772994269e+00  1.5545017732e+00 -1.9636728113e+00  5.6218698429e+00 -1.0643003183e+00  2.0076654740e+00  3.8649155761e+00 -2.1663981591e+00  5.6917113184e-01  6.3285945113e+00  1.2763580033e+00  1.4297124491e+00 -7.3341232225e-01 -1.0612453019e+00 -3.8525697204e-01  1.7997230762e+00 -4.5225972243e+00 -1.3902191220e+00  1.0400897905e+00  4.3117906241e-01 -1.0945945491e+00  3.5678553982e+00 -3.0266609490e+00 -2.0681606802e+00  1.8474218415e-01 -3.3793616934e+00  2.6142307875e-01 -4.8337271313e-01 -3.4067176084e+00 -1.3478767111e+00  2.7017456751e+00 -6.9590562606e-01 -2.6074683143e+00  5.3016765934e+00  2.3329325099e+00 -4.2302578174e-01
ENERGY -5.558453048579e+02

JOB 10
COORDS  5.2602187441e+00 -5.9784213773e-01  1.0924259643e+00  4.2836460051e+00 -1.2362607671e+00  2.6804472472e-01  5.4996095800e+00  7.3232123064e-01  9.0398764960e-01  3.5798377350e+00 -5.5546443965e-01 -6.9127666045e-01  3.8387684659e+00  8.6545617303e-01 -9.0998921079e-01  1.5851263446e-01 -1.4733182787e+00 -8.0452150512e-01  1.5928075209e+00 -3.4914692473e+00 -1.1883265890e+00  1.1564698751e+00 -6.8159678361e-01 -1.2108322752e+00  2.5957908384e+00 -2.7001447235e+00 -1.5844542802e+00  2.6535371930e-01 -2.9718277294e+00 -7.0662127858e-01  2.5327216709e+00 -1.1936559399e+00 -1.5939237102e+00  4.8095787071e+00  1.4162293268e+00 -5.9381503134e-02  3.2876473800e+00  1.5803854962e+00 -1.7563812646e+00  5.8038443259e+00 -1.1469997260e+00  1.8523903933e+00  4.0814654526e+00 -2.2941588885e+00  4.1567375719e-01  6.2209966886e+00  1.3026479685e+00  1.4798958687e+00 -7.9842066915e-01 -1.0283445633e+00 -5.3488671101e-01  1.7197868965e+00 -4.5728563113e+00 -1.2224937648e+00  1.0196188631e+00  3.9428848582e-01 -1.2749475085e+00  3.5259809542e+00 -3.1482845566e+00 -1.9327333525e+00  9.2198428589e-02 -3.2959411245e+00  3.3149670614e-01 -5.4476081810e-01 -3.4413684521e+00 -1.2844846615e+00  2.7505317072e+00 -8.2843235718e-01 -2.6081198312e+00  4.9850035313e+00  2.4041510169e+00 -2.1350367017e-01
ENERGY -5.558449506572e+02

JOB 11
COORDS  5.3958675848e+00 -6.2366994446e-01  9.9207475685e-01  4.4241643190e+00 -1.2657401167e+00  1.6454454303e-01  5.5160504515e+00  7.3311356041e-01  9.1831197771e-01  3.5950197894e+00 -5.6653048997e-01 -6.7503511823e-01  3.7657814488e+00  8.8005682699e-01 -8.0947329725e-01  1.6963682398e-01 -1.4043802421e+00 -9.2288984613e-01  1.5670407801e+00 -3.4688190312e+00 -1.1086993506e+00  1.1980580491e+00 -6.6398872244e-01 -1.3492968386e+00  2.5996008911e+00 -2.7281514978e+00 -1.5253668880e+00  2.4616430821e-01 -2.8883176092e+00 -6.8517174000e-01  2.5872063159e+00 -1.2217316696e+00 -1.6164855930e+00  4.7182342162e+00  1.4366679413e+00  5.8403651007e-02  3.1668950227e+00  1.6147797225e+00 -1.6049327695e+00  6.0256262369e+00 -1.1918055501e+00  1.6667774955e+00  4.3190995469e+00 -2.3451048658e+00  2.3028260434e-01  6.2203261315e+00  1.3102216742e+00  1.5084580353e+00 -7.9095569463e-01 -9.2406816969e-01 -7.4103297252e-01  1.6657049564e+00 -4.5533439033e+00 -1.0830184255e+00  1.0812250101e+00  4.0270369039e-01 -1.5108929717e+00  3.5164898458e+00 -3.2273670797e+00 -1.8381563906e+00  6.2962290386e-02 -3.1120475282e+00  3.7756592446e-01 -5.6827003635e-01 -3.3960825370e+00 -1.2227005289e+00  2.8795736390e+00 -9.1437679483e-01 -2.6315207134e+00  4.8266220312e+00  2.4414671620e+00 -3.7524862853e-02
ENERGY -5.558428942843e+02

JOB 12
COORDS  5.5099229135e+00 -6.6798344620e-01  9.4274413524e-01  4.5583045449e+00 -1.3020587472e+00  8.7108477218e-02  5.4981712512e+00  6.9312127653e-01  1.0272557710e+00  3.6118834775e+00 -6.0464651250e-01 -6.2250812507e-01  3.6771515474e+00  8.5874411084e-01 -6.2681220327e-01  2.0158931682e-01 -1.3754874108e+00 -1.0231176510e+00  1.5640923856e+00 -3.4629446688e+00 -1.0047211295e+00  1.2523436476e+00 -6.8666407234e-01 -1.4808045585e+00  2.6167524936e+00 -2.7729989029e+00 -1.4558340410e+00  2.5741003859e-01 -2.8251242377e+00 -6.2497375222e-01  2.6520259359e+00 -1.2694225758e+00 -1.6162987530e+00  4.5978973685e+00  1.4039212137e+00  2.8416992006e-01  3.0293208603e+00  1.6259754550e+00 -1.3494401333e+00  6.2225316340e+00 -1.2467691945e+00  1.5186428194e+00  4.5605115333e+00 -2.3868606443e+00  3.8337213080e-02  6.1718956547e+00  1.2671355735e+00  1.6549600043e+00 -7.6314270173e-01 -8.7671723266e-01 -9.4058153843e-01  1.6345503719e+00 -4.5467200334e+00 -9.2215008051e-01  1.1457596136e+00  3.5682637294e-01 -1.7533611616e+00  3.5142679812e+00 -3.3184830829e+00 -1.7459927396e+00  8.7639340361e-02 -2.9305816996e+00  4.5820364959e-01 -5.7074251681e-01 -3.3753109209e+00 -1.0947075942e+00  3.0282381651e+00 -1.0153613304e+00 -2.6183753511e+00  4.6208913590e+00  2.4188784825e+00  2.8257669793e-01
ENERGY -5.558391921269e+02

JOB 13
COORDS  5.6370130642e+00 -6.5533680360e-01  7.7946551768e-01  4.6967866500e+00 -1.2843754737e+00 -9.0322686971e-02  5.4819783169e+00  6.7393656608e-01  1.0425272595e+00  3.6294330784e+00 -6.2582530117e-01 -6.5374880026e-01  3.5489639647e+00  8.2811041771e-01 -4.8702737330e-01  2.1247221795e-01 -1.3178876811e+00 -1.1727342174e+00  1.5135752966e+00 -3.4194433152e+00 -8.8091096642e-01  1.2957943762e+00 -7.0830326038e-01 -1.6656139937e+00  2.5955140759e+00 -2.8101159708e+00 -1.3762442970e+00  2.2816763492e-01 -2.7010059909e+00 -5.8066577587e-01  2.6875243529e+00 -1.3218918513e+00 -1.6542238268e+00  4.4592392282e+00  1.3559972513e+00  4.4892508050e-01  2.8011338397e+00  1.6139132413e+00 -1.0802318006e+00  6.4470933439e+00 -1.2149056130e+00  1.2321676922e+00  4.8160697065e+00 -2.3479388792e+00 -2.7258504580e-01  6.1302533218e+00  1.2422545610e+00  1.7015425868e+00 -7.4690303034e-01 -8.0405370896e-01 -1.2095860628e+00  1.5430508561e+00 -4.4934205741e+00 -7.0248641213e-01  1.2130785565e+00  2.8895578954e-01 -2.0785686940e+00  3.4708713506e+00 -3.4141084970e+00 -1.6099034352e+00  6.7788762819e-02 -2.6545238867e+00  5.0816772395e-01 -6.1920500507e-01 -3.2849296283e+00 -9.6689225547e-01  3.1311028305e+00 -1.1682438219e+00 -2.6493165124e+00  4.3732787641e+00  2.3602653880e+00  5.7070732039e-01
ENERGY -5.558348101918e+02

JOB 14
COORDS  5.8813782354e+00 -5.9747584353e-01  5.0652919803e-01  4.8965399534e+00 -1.2188543680e+00 -3.1569234726e-01  5.6289283652e+00  6.6121638195e-01  9.6804671667e-01  3.7109883723e+00 -6.1928601133e-01 -6.7248119802e-01  3.4685098691e+00  7.5911726910e-01 -2.3841282535e-01  1.9334615435e-01 -1.2526113046e+00 -1.3835884224e+00  1.3717508192e+00 -3.3428356519e+00 -6.9982800713e-01  1.3576098144e+00 -7.0294494973e-01 -1.7434859890e+00  2.5358128169e+00 -2.8071294224e+00 -1.0808987379e+00  6.5030528516e-02 -2.6015899815e+00 -7.3148296619e-01  2.7018346373e+00 -1.3759409212e+00 -1.5621480972e+00  4.4667940807e+00  1.2793747342e+00  6.1159977765e-01  2.5220144640e+00  1.4961345094e+00 -5.3480062010e-01  6.8000125027e+00 -1.1079484945e+00  7.7038821183e-01  5.1066217309e+00 -2.2243151822e+00 -6.6950608778e-01  6.3021333592e+00  1.2189054044e+00  1.6110167784e+00 -7.2819822687e-01 -7.0367677944e-01 -1.5705579193e+00  1.3512897976e+00 -4.3769192041e+00 -3.5781618053e-01  1.3644320822e+00  2.7582978184e-01 -2.2069612953e+00  3.4272493278e+00 -3.4290565545e+00 -1.0501253680e+00 -3.2933781677e-01 -2.4958749134e+00  2.9141620298e-01 -6.8655623711e-01 -3.2050427974e+00 -1.2616787365e+00  3.1721784873e+00 -1.4147311163e+00 -2.5585346727e+00  4.2756095556e+00  2.2288488852e+00  9.1596362231e-01
ENERGY -5.558325073283e+02

JOB 15
COORDS  6.0137436449e+00 -4.7492654661e-01  2.4937683806e-01  5.0033340435e+00 -1.1250973415e+00 -5.1720616694e-01  5.6938974014e+00  7.0478510587e-01  8.5703655770e-01  3.7354659800e+00 -6.2095638603e-01 -6.8367979277e-01  3.3794721036e+00  6.3513359562e-01 -2.2693145590e-02  1.9811182710e-01 -1.2830578880e+00 -1.5843000798e+00  1.2645577702e+00 -3.2993562736e+00 -5.5106088226e-01  1.4022022665e+00 -7.4393948521e-01 -1.7963615040e+00  2.4733369947e+00 -2.7826392360e+00 -7.9372142938e-01 -2.2859196900e-02 -2.6161698064e+00 -9.2216017986e-01  2.7005721587e+00 -1.4402329845e+00 -1.4661023084e+00  4.4381663464e+00  1.2166351899e+00  7.0772554602e-01  2.2921325559e+00  1.2195064167e+00 -4.3304048235e-02  7.0060025854e+00 -8.9746470336e-01  3.5397300355e-01  5.2594328742e+00 -2.0640995618e+00 -1.0051700175e+00  6.3853961858e+00  1.2787873750e+00  1.4653346843e+00 -6.8946277805e-01 -7.2852956853e-01 -1.8842714254e+00  1.1899777938e+00 -4.2698846901e+00 -6.1683411842e-02  1.4782943488e+00  2.3283661163e-01 -2.2631452427e+00  3.3613274051e+00 -3.3363808490e+00 -4.9598665127e-01 -6.4610562755e-01 -2.4898683089e+00 -2.3504950399e-02 -6.1099184116e-01 -3.2731150205e+00 -1.5813913458e+00  3.1920507706e+00 -1.6514964707e+00 -2.4311995517e+00  4.1810971444e+00  2.0867903539e+00  1.1631923626e+00
ENERGY -5.558340323797e+02

JOB 16
COORDS  6.0474804411e+00 -3.7661775999e-01  1.0519011026e-01  5.0552957991e+00 -1.0584113950e+00 -6.5937257021e-01  5.6528902547e+00  6.9573589869e-01  8.5225640156e-01  3.7347707552e+00 -6.8166264182e-01 -6.8559015385e-01  3.2939474092e+00  4.3625926371e-01  1.4933628789e-01  2.3721194993e-01 -1.2842487066e+00 -1.7236019525e+00  1.1622204362e+00 -3.2443558495e+00 -4.6222813222e-01  1.4724469304e+00 -8.0874862499e-01 -1.9009253205e+00  2.4033623031e+00 -2.7945331719e+00 -6.7316792693e-01 -7.2284069074e-02 -2.5502091799e+00 -9.7072059008e-01  2.7186913916e+00 -1.5291349868e+00 -1.4481940806e+00  4.3413881083e+00  1.0745431544e+00  8.4787076310e-01  2.1431883094e+00  8.5732345716e-01  2.9080237566e-01  7.0846255794e+00 -6.9031152314e-01  9.7851371162e-02  5.3640983817e+00 -1.9123784346e+00 -1.2610927610e+00  6.3272636483e+00  1.2837223919e+00  1.4664441792e+00 -6.1036719870e-01 -7.1756678850e-01 -2.1052131078e+00  1.0175575595e+00 -4.1645429875e+00  1.0284902835e-01  1.6191090893e+00  1.3307105651e-01 -2.4243399819e+00  3.2566241651e+00 -3.3428309911e+00 -2.7755547207e-01 -7.4073904486e-01 -2.3230218316e+00 -1.2614178926e-01 -6.4694699877e-01 -3.2408824607e+00 -1.6069443574e+00  3.2518225440e+00 -1.8433745957e+00 -2.3611908935e+00  4.0306659306e+00  1.8530490535e+00  1.4206457805e+00
ENERGY -5.558361377399e+02

JOB 17
COORDS  6.0365644977e+00 -2.1283900356e-01 -1.0229951113e-03  5.1151583229e+00 -9.4774111811e-01 -8.0568786643e-01  5.5319089494e+00  7.0475832846e-01  8.7485744190e-01  3.7562772099e+00 -7.5988725990e-01 -7.4790355121e-01  3.2024887838e+00  1.5618750257e-01  2.5219719714e-01  3.5466687188e-01 -1.2290213994e+00 -1.8165369724e+00  1.1522162207e+00 -3.1159415967e+00 -3.6817010186e-01  1.6171969862e+00 -9.3407293945e-01 -2.1338564531e+00  2.4159255611e+00 -2.8507216993e+00 -7.1455242534e-01 -1.5677103581e-02 -2.2641073888e+00 -7.8958135295e-01  2.8103496180e+00 -1.6485787051e+00 -1.5470315792e+00  4.1806062168e+00  8.8160599452e-01  9.6501064516e-01  2.0128038101e+00  3.3590570130e-01  5.2114564771e-01  7.1063572927e+00 -3.6675424168e-01 -7.9029462081e-02  5.5098928621e+00 -1.6774826769e+00 -1.5113442077e+00  6.1470481863e+00  1.3189860060e+00  1.5245506200e+00 -4.5993238908e-01 -6.7708823428e-01 -2.2824067835e+00  9.3623556099e-01 -3.9862388280e+00  2.5040466224e-01  1.8307762284e+00 -1.4695345410e-01 -2.8550876798e+00  3.2283959004e+00 -3.4907079676e+00 -3.7445516786e-01 -4.3191827305e-01 -1.7563083599e+00  9.4404458777e-02 -8.2605456040e-01 -2.9036147332e+00 -1.1677692833e+00  3.4148581530e+00 -2.0190077661e+00 -2.3899991333e+00  3.7925029733e+00  1.5242933791e+00  1.6484353351e+00
ENERGY -5.558385209364e+02

JOB 18
COORDS  6.0247360894e+00 -6.6671150413e-02 -1.0189915054e-01  5.1358970588e+00 -8.6601884056e-01 -8.8199227108e-01  5.4870119978e+00  7.2720945756e-01  8.6984373325e-01  3.7751197726e+00 -8.6113679642e-01 -7.0178282369e-01  3.1936200634e+00 -5.4079380077e-02  3.7444715362e-01  4.4292845831e-01 -1.2013074456e+00 -1.8315055336e+00  1.0986545177e+00 -3.0815822510e+00 -3.0974427741e-01  1.7225207318e+00 -1.0256938569e+00 -2.1707579731e+00  2.3784936446e+00 -2.9244782886e+00 -6.6128176912e-01  6.3382514918e-03 -2.1393155449e+00 -7.3955668945e-01  2.8624762341e+00 -1.7702273758e+00 -1.5135366845e+00  4.1362264579e+00  7.2834250350e-01  1.0726476524e+00  2.0088052716e+00 -5.5132471642e-03  7.1309965759e-01  7.0951474976e+00 -7.8852978178e-02 -2.7031409891e-01  5.5552970409e+00 -1.4990149959e+00 -1.6624973603e+00  6.0751654518e+00  1.3749721729e+00  1.5118816011e+00 -3.3222683106e-01 -6.2723472211e-01 -2.3367238837e+00  8.1411608230e-01 -3.9190086675e+00  3.2586829472e-01  1.9934216660e+00 -3.1149021283e-01 -2.9467135920e+00  3.1387731363e+00 -3.6202351665e+00 -3.1003180413e-01 -3.1435232042e-01 -1.5441879239e+00  1.2907722297e-01 -8.7848126070e-01 -2.7082817996e+00 -1.0575500345e+00  3.4974760256e+00 -2.1835741735e+00 -2.3112479063e+00  3.7293764248e+00  1.2932381178e+00  1.8115784145e+00
ENERGY -5.558407586361e+02

JOB 19
COORDS  4.7315649514e+00  1.3823698946e+00  6.6152801868e-01  3.4476046956e+00  9.8532651534e-01  1.8047340793e-01  5.7193767866e+00  4.4106293564e-01  7.0311763478e-01  3.1699602921e+00 -2.9172728091e-01 -2.3941198708e-01  4.2191810384e+00 -1.3136576221e+00 -1.8557354433e-01  8.9278651596e-01 -2.9561598296e+00 -1.4957267384e-01  1.5685758136e+00 -2.4467911572e+00 -2.5062522633e+00  1.1404410893e+00 -1.6899703542e+00  1.9750929683e-01  1.8216262420e+00 -1.1808756438e+00 -2.1630833934e+00  1.2270690956e+00 -3.5161292420e+00 -1.5051666773e+00  1.7844713675e+00 -6.8442471478e-01 -7.3360657296e-01  5.4561511061e+00 -8.3466715851e-01  2.9217794655e-01  4.1213582589e+00 -2.5011817283e+00 -5.0356427495e-01  4.9275076452e+00  2.3977755579e+00  9.8535564956e-01  2.6538548099e+00  1.7297076034e+00  1.4233646395e-01  6.7280201834e+00  6.4147063953e-01  1.0498359278e+00  4.4523682738e-01 -3.6347552673e+00  5.7517250786e-01  1.6291531405e+00 -2.7426329213e+00 -3.5525220662e+00  9.0287884902e-01 -1.3373941309e+00  1.2000075679e+00  2.0917574474e+00 -4.4861658089e-01 -2.9224586892e+00  2.0872918551e+00 -4.1954147352e+00 -1.4060377358e+00  3.9637773254e-01 -4.1327489946e+00 -1.8760210911e+00  1.1866942142e+00  2.3807463672e-01 -7.0705976885e-01  6.1812653974e+00 -1.5442951060e+00  3.2776959022e-01
ENERGY -5.558413110972e+02

JOB 20
COORDS  4.6726330240e+00  1.3090638057e+00  8.4683735568e-01  3.4151541880e+00  9.3423857211e-01  2.8563691283e-01  5.6997863126e+00  4.1298174656e-01  7.7126770048e-01  3.2009944597e+00 -2.7313117799e-01 -3.3257061435e-01  4.2748825510e+00 -1.2702353616e+00 -3.4799571076e-01  9.0270637003e-01 -2.8788808389e+00 -9.6665052158e-02  1.5488563812e+00 -2.5387099843e+00 -2.4892161829e+00  1.1634080047e+00 -1.5930936966e+00  1.5877967957e-01  1.8396888309e+00 -1.2618250446e+00 -2.2304898593e+00  1.2052969333e+00 -3.5341663470e+00 -1.4167473265e+00  1.8178480228e+00 -6.6056597872e-01 -8.4222886002e-01  5.4951172825e+00 -8.0233081453e-01  1.8260829172e-01  4.2106568887e+00 -2.4320358186e+00 -7.5613319032e-01  4.8199250340e+00  2.2747596603e+00  1.3159234269e+00  2.5919689049e+00  1.6453515930e+00  3.3592373138e-01  6.6951689937e+00  6.0333997414e-01  1.1594717121e+00  4.5781751276e-01 -3.5001383590e+00  6.7949918129e-01  1.5926109914e+00 -2.9026425745e+00 -3.5144043472e+00  9.4228846008e-01 -1.1710432758e+00  1.1380555492e+00  2.1183152176e+00 -5.9104871776e-01 -3.0420225243e+00  2.0556011023e+00 -4.2214578519e+00 -1.2892676435e+00  3.5777404896e-01 -4.1591961604e+00 -1.7310198410e+00  1.2380174748e+00  2.7256245775e-01 -8.7863490924e-01  6.2394302950e+00 -1.4923797696e+00  1.5938984384e-01
ENERGY -5.558400335545e+02

JOB 21
COORDS  4.5287210330e+00  1.3128120571e+00  1.0552438523e+00  3.3215325635e+00  8.8216080719e-01  4.2900080615e-01  5.6524363908e+00  5.6247566673e-01  8.6037296004e-01  3.2440041686e+00 -2.3589576960e-01 -3.6507805469e-01  4.4266422446e+00 -1.0851301493e+00 -5.2103748960e-01  7.7722379524e-01 -2.7976088896e+00 -5.6320227613e-02  1.4754330426e+00 -2.6376146478e+00 -2.4545539253e+00  1.2114428026e+00 -1.5507658142e+00  1.5265677653e-01  1.9525009241e+00 -1.4105834282e+00 -2.2354884453e+00  8.9285034030e-01 -3.5082087831e+00 -1.3765765770e+00  1.8931652292e+00 -6.9939873873e-01 -9.0354197111e-01  5.5869055568e+00 -5.6404292185e-01  9.1607305153e-02  4.5000822323e+00 -2.1663641141e+00 -1.1087781141e+00  4.5641237003e+00  2.2079947149e+00  1.6648313130e+00  2.4215620591e+00  1.4779814658e+00  5.7591392712e-01  6.6204723157e+00  8.0472259461e-01  1.2870002051e+00  3.1066217088e-01 -3.3432236195e+00  7.6312437601e-01  1.5483033642e+00 -3.0664785500e+00 -3.4524749832e+00  1.1020210681e+00 -1.0950019762e+00  1.1357073825e+00  2.4022640473e+00 -8.5473782377e-01 -3.0565668548e+00  1.5194923581e+00 -4.4055102948e+00 -1.2562452336e+00 -9.3917507008e-02 -3.8873618285e+00 -1.6818105448e+00  1.2975090187e+00  2.1685889496e-01 -1.0353694685e+00  6.4062550158e+00 -1.1516002308e+00 -2.7312630090e-02
ENERGY -5.558373015109e+02

JOB 22
COORDS  4.5393940941e+00  1.1455131813e+00  1.1427477933e+00  3.3593662393e+00  6.8602644177e-01  4.8827986170e-01  5.7237462935e+00  5.5186637351e-01  8.1341375498e-01  3.3578330476e+00 -3.1021433277e-01 -4.5837044038e-01  4.6184412241e+00 -9.7173035546e-01 -7.9638643443e-01  6.7761542482e-01 -2.7276212082e+00 -1.0579126100e-01  1.5022926956e+00 -2.7972108843e+00 -2.4653720981e+00  1.2518826996e+00 -1.5315460408e+00  5.6680310118e-02  2.1129609371e+00 -1.6220537896e+00 -2.2922190115e+00  7.1532894919e-01 -3.5008384269e+00 -1.3943556799e+00  2.0227974668e+00 -7.9754444104e-01 -1.0290045763e+00  5.7390825199e+00 -4.4518465514e-01 -1.1809600749e-01  4.7934548267e+00 -1.9029363832e+00 -1.5869848848e+00  4.5073260691e+00  1.9397492693e+00  1.8791298133e+00  2.4126152590e+00  1.1589015581e+00  7.4614329172e-01  6.6785460983e+00  8.2439967039e-01  1.2513709227e+00  1.4666562163e-01 -3.1795151837e+00  7.3134379521e-01  1.5999129349e+00 -3.3071478164e+00 -3.4221904714e+00  1.1836576245e+00 -1.0303874244e+00  1.0207427736e+00  2.6901056390e+00 -1.1955452835e+00 -3.1081601383e+00  1.1430270630e+00 -4.4988967950e+00 -1.2136543852e+00 -3.1232629150e-01 -3.6932621410e+00 -1.7395060347e+00  1.4593685739e+00  1.1749184755e-01 -1.2723498403e+00  6.6097446648e+00 -9.0819131976e-01 -3.5947339115e-01
ENERGY -5.558350833778e+02

JOB 23
COORDS  4.5141510302e+00  1.0082369339e+00  1.3161249571e+00  3.3554510624e+00  5.5658146744e-01  6.2026251978e-01  5.7310504967e+00  5.6653547443e-01  8.8452663106e-01  3.3978552281e+00 -2.8666347594e-01 -4.6539456352e-01  4.7019208087e+00 -7.4659257161e-01 -9.4739789860e-01  6.2288813307e-01 -2.5754688754e+00 -1.2555582966e-01  1.6297557447e+00 -2.8778304563e+00 -2.3892854972e+00  1.1788321735e+00 -1.3625520914e+00 -4.3909677316e-02  2.2159708478e+00 -1.6803484475e+00 -2.2973752748e+00  7.9798813048e-01 -3.4955617779e+00 -1.3001293660e+00  2.0790153128e+00 -7.5493352291e-01 -1.1086451993e+00  5.7938446638e+00 -2.6970993817e-01 -1.9079457209e-01  4.9420868782e+00 -1.4747378000e+00 -1.9157124272e+00  4.4392628101e+00  1.6758789350e+00  2.1662373518e+00  2.3888791174e+00  9.1342802315e-01  9.6900671009e-01  6.6741722055e+00  8.4013086791e-01  1.3464115150e+00  1.6941578011e-04 -2.9280219607e+00  6.9590813953e-01  1.7638641093e+00 -3.4600922548e+00 -3.2994205913e+00  9.8986118157e-01 -7.6002440192e-01  8.4169898465e-01  2.8089803626e+00 -1.3153642971e+00 -3.1284795034e+00  1.2524590589e+00 -4.4414472987e+00 -9.6671979639e-01 -1.8898590160e-01 -3.7817060045e+00 -1.6943858380e+00  1.5900862417e+00  1.6424181701e-01 -1.4703616615e+00  6.6907515017e+00 -6.0104174008e-01 -5.3204014777e-01
ENERGY -5.558329956014e+02

