JOB 0
COORDS -2.4475489541e+00  1.3248286599e+00 -9.9964312855e-01 -3.8033833145e-01 -4.3309326756e-01  1.3815620266e+00  9.1456142425e-01  3.7500560174e-01  1.2727379232e+00 -3.4614933965e-02 -6.1269922923e-01 -1.0372051056e+00 -1.0977242346e+00 -2.9245430400e-01  3.3161898398e-02 -1.5865442229e+00  1.0881795829e+00 -9.7661004212e-02  1.5788362253e+00  3.8378157046e-02 -4.1732808537e-01 -2.8159519390e+00  2.3452466702e+00 -1.1283573284e+00 -2.8651915689e+00  5.5666692329e-01 -1.6705283799e+00 -1.5376068450e-01 -1.4893473687e+00  1.5634249345e+00 -1.0097900788e+00 -6.6327488941e-02  2.1986961598e+00  7.1350284349e-01  1.4433684808e+00  1.3712658245e+00  1.6569148219e+00  7.2217430310e-02  2.0143830850e+00  4.0956100055e-02 -1.6948130154e+00 -1.1755699690e+00 -2.7701829782e-01 -1.5023217227e-01 -1.9961462102e+00 -1.9285980817e+00 -1.0069210430e+00 -5.6297421982e-02
ENERGY -6.488882624501e+02

JOB 1
COORDS -2.5165565037e+00  1.3154848573e+00 -9.4602139670e-01 -4.0300678348e-01 -4.0561865945e-01  1.3525544403e+00  9.1908990680e-01  3.6107147802e-01  1.2866996653e+00  4.0398462044e-02 -6.2075040922e-01 -1.0522650128e+00 -1.0604323376e+00 -2.7278053726e-01 -2.8237813067e-02 -1.5001604485e+00  1.1123243608e+00 -2.1321107009e-01  1.6523613722e+00 -4.5222375767e-02 -3.5678171729e-01 -2.8509211634e+00  2.3409273283e+00 -1.1199468940e+00 -3.1002117032e+00  5.1117576792e-01 -1.4223109650e+00 -2.1597634004e-01 -1.4650534703e+00  1.5592898816e+00 -1.0555242563e+00 -9.3672767133e-03  2.1376113007e+00  7.4707215944e-01  1.4371705942e+00  1.3474889982e+00  1.6149434444e+00  5.6313718977e-02  2.0714763514e+00  7.9162311725e-02 -1.7033241149e+00 -1.2013882927e+00 -1.4400247864e-01 -1.3711462897e-01 -2.0134927742e+00 -1.8985455545e+00 -9.7723301572e-01 -1.4496948295e-01
ENERGY -6.488894399308e+02

JOB 2
COORDS -2.5671676708e+00  1.3142762907e+00 -8.7394609205e-01 -4.3276208525e-01 -3.7483802452e-01  1.3144406868e+00  9.1098128938e-01  3.5586793787e-01  1.2920413727e+00  1.1384730966e-01 -6.4393066516e-01 -1.0695385842e+00 -1.0243541350e+00 -2.6588212332e-01 -9.9140525127e-02 -1.4335434321e+00  1.1156800462e+00 -3.3830024270e-01  1.7091634247e+00 -1.1642688907e-01 -3.0123174589e-01 -2.8884137830e+00  2.3389752524e+00 -1.0749511689e+00 -3.2628033795e+00  5.0610024631e-01 -1.1515718952e+00 -2.8250101678e-01 -1.4331652568e+00  1.5540801267e+00 -1.1112394213e+00  5.4718141780e-02  2.0590472802e+00  7.6718625978e-01  1.4375754190e+00  1.3177804092e+00  1.5603291838e+00  5.4018785687e-02  2.1169195893e+00  1.2848103204e-01 -1.7266433482e+00 -1.2210984552e+00 -1.4334166986e-02 -1.5208967837e-01 -2.0357768594e+00 -1.8651793213e+00 -9.6623251736e-01 -2.3225867769e-01
ENERGY -6.488903892603e+02

JOB 3
COORDS -2.5910724250e+00  1.3236853894e+00 -7.8585949540e-01 -4.6789695047e-01 -3.5003692050e-01  1.2679575368e+00  8.8520755579e-01  3.6365630829e-01  1.2888846067e+00  1.8072167517e-01 -6.7959294524e-01 -1.0865506404e+00 -9.9240132447e-01 -2.7215764152e-01 -1.7560860913e-01 -1.3823211962e+00  1.1042995912e+00 -4.6587834102e-01  1.7471463371e+00 -1.5815640383e-01 -2.5494706124e-01 -2.9108387523e+00  2.3469702908e+00 -9.9632425417e-01 -3.3534835528e+00  5.3259507569e-01 -8.6923480565e-01 -3.4062184604e-01 -1.4040662974e+00  1.5377047499e+00 -1.1755909618e+00  1.0341788268e-01  1.9698627318e+00  7.5641491075e-01  1.4476482383e+00  1.2834174487e+00  1.4928213596e+00  7.3135825520e-02  2.1488766357e+00  1.9133947285e-01 -1.7643515693e+00 -1.2223031292e+00  1.0230571179e-01 -1.9910510298e-01 -2.0638100489e+00 -1.8340399266e+00 -9.6993810410e-01 -3.1969210589e-01
ENERGY -6.488906405137e+02

JOB 4
COORDS -2.5904125991e+00  1.3375117855e+00 -6.9092950299e-01 -5.0699101186e-01 -3.3161158328e-01  1.2166220518e+00  8.4612459003e-01  3.8034341384e-01  1.2793036209e+00  2.3972725648e-01 -7.1867393645e-01 -1.1015376382e+00 -9.6735847029e-01 -2.8895771363e-01 -2.5143309296e-01 -1.3512161636e+00  1.0784412717e+00 -5.9539304781e-01  1.7697886939e+00 -1.7591807125e-01 -2.1611791214e-01 -2.9066945333e+00  2.3587856074e+00 -9.1583731927e-01 -3.3838972367e+00  5.8286222243e-01 -5.6715032344e-01 -3.9200681989e-01 -1.3792067188e+00  1.5151679570e+00 -1.2447955114e+00  1.3731150418e-01  1.8758978748e+00  7.2205588773e-01  1.4646365934e+00  1.2471490174e+00  1.4166163389e+00  1.0640236407e-01  2.1696282865e+00  2.5790292675e-01 -1.8059405980e+00 -1.2136000936e+00  2.0235878624e-01 -2.5730145689e-01 -2.0903406715e+00 -1.8035120467e+00 -9.9068106709e-01 -4.0493398803e-01
ENERGY -6.488900566235e+02

JOB 5
COORDS -2.5611265589e+00  1.3598495235e+00 -5.9497082706e-01 -5.4828984758e-01 -3.2787489792e-01  1.1638516117e+00  7.9118959572e-01  4.0614777845e-01  1.2639592560e+00  2.8801001210e-01 -7.5775381090e-01 -1.1127320387e+00 -9.5190847187e-01 -3.1706609353e-01 -3.2176246591e-01 -1.3395379660e+00  1.0381522779e+00 -7.2289949214e-01  1.7744305632e+00 -1.5448414283e-01 -1.9198483360e-01 -2.8740161814e+00  2.3740528435e+00 -8.5391337750e-01 -3.3451053920e+00  6.6861659861e-01 -2.4484071457e-01 -4.2668027652e-01 -1.3681996571e+00  1.4843619872e+00 -1.3176104675e+00  1.3859906582e-01  1.7878452583e+00  6.5302428938e-01  1.4883521958e+00  1.2137516579e+00  1.3339626629e+00  1.5318590684e-01  2.1774801432e+00  3.2988990173e-01 -1.8476866416e+00 -1.1856868027e+00  2.7834130173e-01 -3.2904379713e-01 -2.1166141538e+00 -1.7768830777e+00 -1.0268435323e+00 -4.8934998975e-01
ENERGY -6.488888702504e+02

JOB 6
COORDS -2.5102723539e+00  1.3882521636e+00 -5.0926611277e-01 -5.8943590725e-01 -3.3851469372e-01  1.1167280578e+00  7.2658264383e-01  4.3304965214e-01  1.2465997819e+00  3.2502556886e-01 -7.8803349651e-01 -1.1214624631e+00 -9.4672761288e-01 -3.5481617935e-01 -3.8064205233e-01 -1.3549801850e+00  9.8051246802e-01 -8.4291590683e-01  1.7630446644e+00 -1.0352021680e-01 -1.8183611206e-01 -2.8314917417e+00  2.3844272856e+00 -8.2233691883e-01 -3.2314058274e+00  7.9408168081e-01  7.5367448921e-02 -4.4903828018e-01 -1.3708129560e+00  1.4550302590e+00 -1.3868264437e+00  1.1315139032e-01  1.7159398136e+00  5.5991977604e-01  1.5112630626e+00  1.1891887152e+00  1.2512855900e+00  1.9997110650e-01  2.1757524866e+00  4.0313329077e-01 -1.8779875805e+00 -1.1535643401e+00  3.3041861692e-01 -3.9289110301e-01 -2.1387910784e+00 -1.7515417115e+00 -1.0801289666e+00 -5.6729636016e-01
ENERGY -6.488875580282e+02

JOB 7
COORDS -2.4464277665e+00  1.4258043353e+00 -4.4832191807e-01 -6.2446318534e-01 -3.6513235348e-01  1.0820405644e+00  6.5931954988e-01  4.5595409164e-01  1.2341868443e+00  3.4735742588e-01 -8.0456867060e-01 -1.1262828442e+00 -9.5349347462e-01 -3.9957305836e-01 -4.2184796661e-01 -1.4031908728e+00  9.0171648404e-01 -9.4711923556e-01  1.7317671661e+00 -1.1650287651e-02 -1.9324991104e-01 -2.7901584577e+00  2.3864721038e+00 -8.3921456924e-01 -3.0510882219e+00  9.7524943829e-01  3.5446975572e-01 -4.5225924555e-01 -1.3909150907e+00  1.4250835311e+00 -1.4433015066e+00  5.4029779064e-02  1.6753390906e+00  4.5063346845e-01  1.5278740467e+00  1.1930104039e+00  1.1829641477e+00  2.3074380159e-01  2.1658034850e+00  4.7731144271e-01 -1.8900587728e+00 -1.1133142330e+00  3.5148695646e-01 -4.4791682187e-01 -2.1574529373e+00 -1.7287673389e+00 -1.1500254080e+00 -6.2663484142e-01
ENERGY -6.488865695210e+02

JOB 8
COORDS -2.3713349069e+00  1.4684213869e+00 -4.1482482658e-01 -6.5393325617e-01 -4.0392130041e-01  1.0608213244e+00  5.9047316831e-01  4.7398140863e-01  1.2284279090e+00  3.5501077392e-01 -8.0674419829e-01 -1.1289633150e+00 -9.7098043143e-01 -4.4927230442e-01 -4.4501543119e-01 -1.4757935821e+00  8.0759102129e-01 -1.0248208113e+00  1.6799001085e+00  1.0022650688e-01 -2.1527685880e-01 -2.7510027553e+00  2.3823514825e+00 -8.7820364220e-01 -2.8094794499e+00  1.1929451085e+00  5.5587411028e-01 -4.3737806715e-01 -1.4234527482e+00  1.3970352914e+00 -1.4893733115e+00 -3.3609716228e-02  1.6628157494e+00  3.3232306808e-01  1.5360147539e+00  1.2171734077e+00  1.1265743169e+00  2.5070235494e-01  2.1533259051e+00  5.4626077155e-01 -1.8819804570e+00 -1.0765747819e+00  3.4728129445e-01 -4.8515455662e-01 -2.1712646754e+00 -1.7108576539e+00 -1.2300951254e+00 -6.6403413652e-01
ENERGY -6.488862221421e+02

JOB 9
COORDS -2.2920729922e+00  1.5008177792e+00 -3.9810978561e-01 -6.7908690228e-01 -4.3997178718e-01  1.0503610358e+00  5.2572557498e-01  4.9114408396e-01  1.2264088273e+00  3.5113781362e-01 -7.9674829165e-01 -1.1321978628e+00 -9.9420924446e-01 -4.9835859215e-01 -4.5491167681e-01 -1.5657308413e+00  7.0784210052e-01 -1.0715549563e+00  1.6209715887e+00  1.9820137481e-01 -2.3278168528e-01 -2.7219932146e+00  2.3682700923e+00 -9.0494197475e-01 -2.5290908607e+00  1.3915134202e+00  6.6939342043e-01 -4.1503165898e-01 -1.4509914079e+00  1.3779598396e+00 -1.5290632528e+00 -1.1934383411e-01  1.6607708361e+00  2.2298437315e-01  1.5413486517e+00  1.2390151587e+00  1.0773763891e+00  2.7458257362e-01  2.1436981976e+00  5.9915903896e-01 -1.8590667238e+00 -1.0592444107e+00  3.2951259038e-01 -4.9601597902e-01 -2.1803831944e+00 -1.6928983143e+00 -1.3152198435e+00 -6.7698655046e-01
ENERGY -6.488865165957e+02

JOB 10
COORDS -2.2229257221e+00  1.5193252349e+00 -4.0618357454e-01 -7.0324948721e-01 -4.6352920546e-01  1.0492210141e+00  4.8102787123e-01  4.9451154540e-01  1.2376958226e+00  3.4037551495e-01 -7.7086516624e-01 -1.1370734319e+00 -1.0174022177e+00 -5.4072715813e-01 -4.5478085810e-01 -1.6691562647e+00  6.0796900205e-01 -1.0933716755e+00  1.5622813286e+00  2.8886879241e-01 -2.4758289273e-01 -2.7098719636e+00  2.3433292259e+00 -9.3343129037e-01 -2.2564864921e+00  1.5540924818e+00  6.9094426095e-01 -4.1625527231e-01 -1.4675322786e+00  1.3788350723e+00 -1.5653302033e+00 -1.6626721604e-01  1.6552405128e+00  1.5670101313e-01  1.5363765806e+00  1.2952500197e+00  1.0523109976e+00  2.5918236222e-01  2.1382846477e+00  6.4010411172e-01 -1.8194212182e+00 -1.0612327917e+00  3.0135371442e-01 -4.7722242554e-01 -2.1868708117e+00 -1.6657868414e+00 -1.4000869400e+00 -6.6844880509e-01
ENERGY -6.488869214186e+02

JOB 11
COORDS -2.1660128943e+00  1.5262298999e+00 -4.4378437047e-01 -7.2562823624e-01 -4.7820845408e-01  1.0575715360e+00  4.6028081502e-01  4.8114811300e-01  1.2619067348e+00  3.1998352229e-01 -7.2744192587e-01 -1.1404541739e+00 -1.0436334006e+00 -5.7911019329e-01 -4.4516055730e-01 -1.7827265266e+00  5.0609996990e-01 -1.0933588573e+00  1.4753182601e+00  4.2312041481e-01 -2.8313780974e-01 -2.7103507575e+00  2.3082539843e+00 -9.7873889561e-01 -2.0008524487e+00  1.6931633637e+00  6.2840570547e-01 -4.4221370471e-01 -1.4793662231e+00  1.3980773115e+00 -1.5956238547e+00 -1.7684552653e-01  1.6504901224e+00  1.3482054845e-01  1.5116646912e+00  1.4211751147e+00  1.0745037551e+00  1.8170284545e-01  2.1140404653e+00  6.8581405090e-01 -1.7538768076e+00 -1.0526844295e+00  2.5544258064e-01 -4.5439468079e-01 -2.1948864069e+00 -1.6314316219e+00 -1.4841358538e+00 -6.4296627088e-01
ENERGY -6.488869685247e+02

JOB 12
COORDS -2.1083418980e+00  1.5235790415e+00 -5.0063286979e-01 -7.5060117982e-01 -4.9162525040e-01  1.0742562349e+00  4.4828347523e-01  4.5686428040e-01  1.2903332151e+00  2.9338901193e-01 -6.7007977358e-01 -1.1384078544e+00 -1.0714540202e+00 -6.1619821348e-01 -4.2876986109e-01 -1.8935836956e+00  4.0915871658e-01 -1.0693435360e+00  1.3544894831e+00  5.8353266383e-01 -3.1643277873e-01 -2.7048782953e+00  2.2706539484e+00 -1.0297883017e+00 -1.7497364886e+00  1.8038716014e+00  4.9759233964e-01 -4.8602629614e-01 -1.4910419368e+00  1.4334914895e+00 -1.6258288865e+00 -1.6983988857e-01  1.6479779014e+00  1.3531365534e-01  1.4628193549e+00  1.5800012425e+00  1.1201629585e+00  7.7584893657e-02  2.0637083897e+00  7.3634280533e-01 -1.6644587052e+00 -1.0359615724e+00  2.0242469165e-01 -4.2369028392e-01 -2.1979610754e+00 -1.5922652336e+00 -1.5631268315e+00 -6.1356774450e-01
ENERGY -6.488868547588e+02

JOB 13
COORDS -2.0537590993e+00  1.5215285978e+00 -5.5705092334e-01 -7.6528698250e-01 -5.1524454183e-01  1.0977043984e+00  4.3345932227e-01  4.3720301242e-01  1.3172494724e+00  2.6346604219e-01 -6.1671556512e-01 -1.1372747158e+00 -1.0903907828e+00 -6.4521905539e-01 -4.0559708697e-01 -1.9934433370e+00  3.3499127887e-01 -1.0088232557e+00  1.2730153057e+00  6.7368112812e-01 -3.1211569537e-01 -2.7056255849e+00  2.2361840238e+00 -1.0658293598e+00 -1.5154211667e+00  1.8946801688e+00  3.2198581363e-01 -5.0222065919e-01 -1.5115662023e+00  1.4659361372e+00 -1.6452925333e+00 -1.8750511279e-01  1.6597004333e+00  1.2188688154e-01  1.4206132265e+00  1.6785811979e+00  1.1412370890e+00  2.4040407083e-02  2.0395901079e+00  7.5672481331e-01 -1.5894360322e+00 -1.0589087074e+00  1.4565287098e-01 -3.5899376117e-01 -2.1918415978e+00 -1.5563120920e+00 -1.6202379555e+00 -5.8681099995e-01
ENERGY -6.488863352901e+02

JOB 14
COORDS -2.0000027321e+00  1.5392970427e+00 -6.0256856194e-01 -7.5443804718e-01 -5.6603565527e-01  1.1207034980e+00  3.9597364693e-01  4.3853503762e-01  1.3450663919e+00  2.3329054207e-01 -5.8441642562e-01 -1.1371212066e+00 -1.1036300492e+00 -6.6034278654e-01 -3.7901890076e-01 -2.0730889499e+00  3.0540598151e-01 -9.0341678113e-01  1.2808445246e+00  6.4793119226e-01 -2.6366650422e-01 -2.7283746989e+00  2.2194129548e+00 -1.0526495253e+00 -1.2703935555e+00  1.9906003025e+00  7.8104237931e-02 -4.3180174167e-01 -1.5589412865e+00  1.4496444086e+00 -1.6383573895e+00 -2.9899539336e-01  1.7078345608e+00  3.1303214619e-02  1.4183214881e+00  1.6647517356e+00  1.0953769598e+00  7.8640559593e-02  2.1031777918e+00  7.2450223099e-01 -1.5612034836e+00 -1.1300476482e+00  9.1507163732e-02 -2.6620320294e-01 -2.1722039953e+00 -1.5450210315e+00 -1.6440027082e+00 -5.7209428276e-01
ENERGY -6.488852045538e+02

JOB 15
COORDS -1.9367536723e+00  1.5561964983e+00 -6.3021332178e-01 -7.3032172332e-01 -6.2690680831e-01  1.1419747503e+00  3.3545203087e-01  4.5465006692e-01  1.3646437200e+00  2.0445232817e-01 -5.5840324795e-01 -1.1342411461e+00 -1.1173900336e+00 -6.7693581487e-01 -3.4939645728e-01 -2.1300924229e+00  3.0475849187e-01 -7.5600971339e-01  1.3305464741e+00  5.5599858899e-01 -1.8561387270e-01 -2.7403500812e+00  2.2281617747e+00 -9.4489750581e-01 -1.0171146741e+00  2.0297078627e+00 -2.6853469186e-01 -3.1599334980e-01 -1.6038988491e+00  1.4123705211e+00 -1.6116750740e+00 -4.5564674708e-01  1.7681344194e+00 -1.1151540100e-01  1.4312270559e+00  1.5699284840e+00  9.9264475532e-01  2.0181048191e-01  2.1998277928e+00  6.7236471567e-01 -1.5413980160e+00 -1.2328461912e+00  4.0028270423e-02 -1.4567936794e-01 -2.1319832192e+00 -1.5565920551e+00 -1.6556383530e+00 -5.6664834965e-01
ENERGY -6.488852237914e+02

JOB 16
COORDS -1.8809454481e+00  1.5522845038e+00 -6.7208112086e-01 -7.1591800483e-01 -6.7319308913e-01  1.1635090020e+00  2.8809353533e-01  4.5954041142e-01  1.3825658071e+00  1.8432069023e-01 -5.2069782595e-01 -1.1236864707e+00 -1.1264751187e+00 -6.8534264081e-01 -3.2319192984e-01 -2.1629954982e+00  3.1320908719e-01 -6.0518048512e-01  1.3557571983e+00  4.9943446008e-01 -1.1813331068e-01 -2.7028673602e+00  2.2534720349e+00 -8.4085749633e-01 -8.6996676871e-01  1.9771333248e+00 -6.1598231343e-01 -2.4169775418e-01 -1.6326460170e+00  1.3950651193e+00 -1.5930043849e+00 -5.6438896983e-01  1.8095037865e+00 -2.1246512946e-01  1.4244512811e+00  1.5056390625e+00  9.1204441258e-01  2.8260513521e-01  2.2614081692e+00  6.3886332049e-01 -1.4975461975e+00 -1.3069332065e+00  3.2898876852e-03 -3.4840133274e-02 -2.0853496269e+00 -1.5683434901e+00 -1.6554717480e+00 -5.6979976764e-01
ENERGY -6.488873116554e+02

JOB 17
COORDS -1.8670446056e+00  1.5507170941e+00 -7.4575121319e-01 -6.9985546403e-01 -7.1240250290e-01  1.1854485229e+00  2.7580762833e-01  4.4228923756e-01  1.4159978829e+00  1.7139319026e-01 -4.8121201509e-01 -1.1055547592e+00 -1.1288358551e+00 -6.6819585912e-01 -2.9564417919e-01 -2.1707671333e+00  3.4695951815e-01 -4.6910797046e-01  1.3575619804e+00  4.9643615087e-01 -7.5604638643e-02 -2.6774280112e+00  2.2803432634e+00 -8.2242914226e-01 -8.4806203476e-01  1.9177676492e+00 -9.2895916503e-01 -1.9633610176e-01 -1.6657038845e+00  1.3757110452e+00 -1.5705309325e+00 -6.4443031092e-01  1.8450305152e+00 -2.5028681071e-01  1.3948784312e+00  1.5268639638e+00  8.9723801776e-01  2.8359034748e-01  2.2999248076e+00  6.1764994075e-01 -1.4542891525e+00 -1.3251409244e+00 -1.4344525661e-02  3.3519605611e-02 -2.0515716345e+00 -1.5884691956e+00 -1.6222639555e+00 -5.7271789214e-01
ENERGY -6.488892715081e+02

JOB 18
COORDS -1.8846971649e+00  1.5570800312e+00 -8.3908299500e-01 -6.8100455106e-01 -7.4734371632e-01  1.2035485727e+00  2.8593213065e-01  4.0970083353e-01  1.4648416520e+00  1.6675304774e-01 -4.4670832429e-01 -1.0794382394e+00 -1.1282992819e+00 -6.2966355915e-01 -2.6684749941e-01 -2.1518296929e+00  4.1345966265e-01 -3.5315087022e-01  1.3428890940e+00  5.3592638052e-01 -4.4490624676e-02 -2.6786745210e+00  2.3080257158e+00 -8.5507815451e-01 -9.0924840166e-01  1.8596931916e+00 -1.2404561738e+00 -1.6445269977e-01 -1.7026387619e+00  1.3418504933e+00 -1.5428480157e+00 -7.1530029797e-01  1.8765528395e+00 -2.5230024467e-01  1.3492466673e+00  1.6159108945e+00  9.2555396287e-01  2.2735234334e-01  2.3308902826e+00  6.0965077859e-01 -1.4231768430e+00 -1.2909749977e+00 -7.6165598811e-03  6.0081269782e-02 -2.0319473517e+00 -1.6221177931e+00 -1.5577309760e+00 -5.7563260946e-01
ENERGY -6.488900482800e+02

JOB 19
COORDS -2.0444460492e+00  1.4736385603e+00 -8.8933050644e-01 -3.8045204362e-01 -4.5716237248e-01  1.3820411873e+00  7.3480916791e-01  5.4632697288e-01  1.0721076977e+00 -2.6406809032e-01 -7.8617704972e-01 -1.0370868442e+00 -1.2512764404e+00 -5.4137448035e-01  1.1549436166e-01 -2.1003926948e+00  6.5112346854e-01  7.6618688382e-02  1.2421346577e+00  2.2125727799e-01 -6.7749144920e-01 -2.7005454845e+00  2.3472104633e+00 -8.6169197419e-01 -1.3743217772e+00  1.3901875925e+00 -1.7533981166e+00  4.8844486296e-02 -1.4424963125e+00  1.5904802941e+00 -9.7788521064e-01 -1.4367528050e-01  2.2426508095e+00  3.7275130456e-01  1.5739519766e+00  1.1585242394e+00  1.6025344239e+00  4.1951713044e-01  1.7226115541e+00  5.9412808367e-03 -1.8450145273e+00 -1.0653258754e+00 -6.6659338523e-01 -5.1785023432e-01 -2.0166978625e+00 -1.9393440580e+00 -1.3914595683e+00  1.9698901492e-01
ENERGY -6.488897927245e+02

JOB 20
COORDS -2.1267788765e+00  1.4529548181e+00 -9.5044536390e-01 -3.6690866449e-01 -4.7108525383e-01  1.3948261400e+00  7.7932653221e-01  5.0877391323e-01  1.1224007018e+00 -2.3447192412e-01 -7.4632617068e-01 -1.0257883250e+00 -1.2251926792e+00 -4.8422498261e-01  1.1970614272e-01 -2.0132986599e+00  7.5225844041e-01  1.0124035422e-01  1.2857642185e+00  2.2587594578e-01 -6.3610994231e-01 -2.7444100248e+00  2.3534577772e+00 -9.0810706744e-01 -1.6400426907e+00  1.2394015660e+00 -1.9103296638e+00  3.1373144099e-02 -1.4746788388e+00  1.5767429878e+00 -9.6290760206e-01 -1.6413218114e-01  2.2584972843e+00  4.4262378104e-01  1.5423398345e+00  1.2355605694e+00  1.6398879665e+00  3.3984939213e-01  1.7728601210e+00  8.7861342255e-03 -1.8117357756e+00 -1.0566960996e+00 -6.1014701296e-01 -4.6352484649e-01 -2.0111345832e+00 -1.9559135546e+00 -1.3012000211e+00  1.7327196268e-01
ENERGY -6.488887416431e+02

JOB 21
COORDS -2.2166683924e+00  1.4199038588e+00 -9.9688683196e-01 -3.5822415877e-01 -4.7241136438e-01  1.4045693987e+00  8.2656209456e-01  4.6923405947e-01  1.1711266797e+00 -1.9592044110e-01 -7.0238378046e-01 -1.0209428388e+00 -1.1940174765e+00 -4.2801909862e-01  1.1717421776e-01 -1.9191736116e+00  8.5052234783e-01  9.6557497085e-02  1.3619452212e+00  1.8498736965e-01 -5.7748523920e-01 -2.7843119695e+00  2.3528611592e+00 -9.5860721737e-01 -1.9430647440e+00  1.0565204025e+00 -1.9968245580e+00  1.8210034881e-04 -1.4932364679e+00  1.5744264756e+00 -9.5816377067e-01 -1.5920704142e-01  2.2633680017e+00  5.2155544516e-01  1.5122724833e+00  1.2861935647e+00  1.6653733083e+00  2.6389523123e-01  1.8393796885e+00 -1.3779173922e-03 -1.7763200831e+00 -1.0856989246e+00 -5.3851144459e-01 -3.6542194029e-01 -2.0007552544e+00 -1.9584941558e+00 -1.2151935188e+00  1.4090055909e-01
ENERGY -6.488875451775e+02

JOB 22
COORDS -2.2994025247e+00  1.3784940027e+00 -1.0251658317e+00 -3.5620060215e-01 -4.6569271801e-01  1.4081952390e+00  8.6862800389e-01  4.3071423277e-01  1.2149291167e+00 -1.5281977438e-01 -6.5562521788e-01 -1.0218082089e+00 -1.1632805533e+00 -3.7428614206e-01  1.0646589926e-01 -1.8130278869e+00  9.4798312271e-01  6.4275027263e-02  1.4399939196e+00  1.3382659323e-01 -5.1822620453e-01 -2.8003849203e+00  2.3495100312e+00 -1.0268259876e+00 -2.2644264437e+00  8.4454345203e-01 -1.9864000459e+00 -4.2391968779e-02 -1.5019537267e+00  1.5739510049e+00 -9.6137467213e-01 -1.3892329044e-01  2.2587448422e+00  6.0007720323e-01  1.4835963901e+00  1.3280133003e+00  1.6794183770e+00  1.8760388728e-01  1.9048693434e+00 -7.3091386887e-03 -1.7336987479e+00 -1.1315668371e+00 -4.6498597252e-01 -2.5367397800e-01 -1.9872456740e+00 -1.9548229589e+00 -1.1344142740e+00  9.4290235304e-02
ENERGY -6.488870435057e+02

JOB 23
COORDS -2.3730733676e+00  1.3435635479e+00 -1.0273163645e+00 -3.6398760849e-01 -4.5358995039e-01  1.4013105822e+00  8.9809310314e-01  3.9792639443e-01  1.2488342076e+00 -1.0228568383e-01 -6.2241726908e-01 -1.0270234071e+00 -1.1326195053e+00 -3.2677764086e-01  8.0543374667e-02 -1.6950673279e+00  1.0338088878e+00 -4.8689210643e-04  1.5073081621e+00  9.1768938650e-02 -4.6879838265e-01 -2.7980942386e+00  2.3476852577e+00 -1.0958553043e+00 -2.5755037675e+00  6.6307472930e-01 -1.8696251500e+00 -9.4753768897e-02 -1.5020936446e+00  1.5690169480e+00 -9.7688665886e-01 -1.1003594443e-01  2.2402526032e+00  6.6506544478e-01  1.4587560684e+00  1.3615159923e+00  1.6787498416e+00  1.1846754871e-01  1.9595421049e+00  6.1738581578e-03 -1.7023095684e+00 -1.1603406834e+00 -3.8694369718e-01 -1.7989023599e-01 -1.9836823708e+00 -1.9484846983e+00 -1.0599335020e+00  2.8607960533e-02
ENERGY -6.488873705183e+02

