JOB 0
COORDS  1.1736180767e+00 -1.0423785950e-01  3.7647789178e-02  1.5676932779e+00  1.2014241023e+00 -4.7711664647e-01  1.3532440772e+00  2.3621736730e+00  2.0141276374e-01  5.1377862551e-01  2.4583913331e+00  1.6464656726e+00  1.9181087603e+00  3.4770477203e+00 -3.9919105924e-01  1.0439483435e-01 -1.0899515404e-01  2.5843084845e-01  1.3880728892e+00 -8.5215540360e-01 -7.2951134512e-01  1.7131672998e+00 -3.5386427918e-01  9.5787213248e-01  2.2735197269e+00  1.2155232917e+00 -1.2034749084e+00  1.9426655042e+00  3.4918965329e+00 -1.4145886602e+00  1.6057309840e+00  4.3479924337e+00  1.2765912147e-02
ENERGY -5.875382221992e+02

JOB 1
COORDS  1.1612766485e+00 -9.8189185531e-02  2.2562756284e-02  1.5465093319e+00  1.2041820029e+00 -5.1439803586e-01  1.3422210686e+00  2.3609742205e+00  1.9114633493e-01  5.6000606274e-01  2.4454215568e+00  1.6649772871e+00  1.8957535257e+00  3.4744268589e+00 -4.1926988822e-01  9.4930604948e-02 -9.6989326958e-02  2.5291395518e-01  1.3629109203e+00 -8.5360160685e-01 -7.4104889779e-01  1.7080460737e+00 -3.4180477014e-01  9.4087654219e-01  2.3832944175e+00  1.1990729529e+00 -1.0878965105e+00  1.8764257226e+00  3.4941946423e+00 -1.4344951754e+00  1.6226196796e+00  4.3475090459e+00  1.5344131208e-02
ENERGY -5.875379420306e+02

JOB 2
COORDS  1.1453769095e+00 -8.9646898640e-02  3.4364008207e-03  1.5583006859e+00  1.2052138408e+00 -5.4010415026e-01  1.3474406723e+00  2.3598334231e+00  1.8900117997e-01  6.5877534186e-01  2.4249917574e+00  1.7066987957e+00  1.8531167360e+00  3.4780087172e+00 -4.4497104870e-01  7.3041557507e-02 -7.4518145027e-02  2.0231419557e-01  1.3573897899e+00 -8.5430988521e-01 -7.4840432323e-01  1.6616634361e+00 -3.3266574421e-01  9.3955697485e-01  2.4817837005e+00  1.1745296505e+00 -9.6224318132e-01  1.8028843846e+00  3.4902606202e+00 -1.4587024947e+00  1.6142208420e+00  4.3534990546e+00  4.1301505181e-03
ENERGY -5.875362190714e+02

JOB 3
COORDS  1.1287986934e+00 -7.9400461671e-02 -1.9240029622e-02  1.5945351739e+00  1.2049011456e+00 -5.5463221285e-01  1.3655348064e+00  2.3593553156e+00  1.9530790837e-01  7.8846658970e-01  2.4075290007e+00  1.7576797761e+00  1.7910741487e+00  3.4838329518e+00 -4.7106537446e-01  4.8935123549e-02 -3.8874122280e-02  1.2985849893e-01  1.3542371836e+00 -8.5236034912e-01 -7.5889455042e-01  1.5956143186e+00 -3.3229997662e-01  9.3988825599e-01  2.5727031366e+00  1.1428259299e+00 -8.2648883748e-01  1.7318975931e+00  3.4751075745e+00 -1.4835744753e+00  1.5821972885e+00  4.3645793822e+00 -1.8126459993e-02
ENERGY -5.875331354773e+02

JOB 4
COORDS  1.1111607110e+00 -6.6190939976e-02 -4.5955568063e-02  1.6481000937e+00  1.2034436677e+00 -5.5957250955e-01  1.3996306849e+00  2.3594900247e+00  2.1171687475e-01  9.5214298722e-01  2.3975479427e+00  1.8151681340e+00  1.7084479425e+00  3.4871702224e+00 -4.9461642242e-01  2.4798707819e-02  6.1639983386e-03  2.8577243883e-02  1.3604987858e+00 -8.4948968511e-01 -7.6702470973e-01  1.5047302320e+00 -3.2998661100e-01  9.4245296689e-01  2.6536602026e+00  1.1040322435e+00 -6.8716643550e-01  1.6600869216e+00  3.4460744699e+00 -1.5061081294e+00  1.5307367870e+00  4.3769410574e+00 -4.6758945600e-02
ENERGY -5.875292336640e+02

JOB 5
COORDS  1.0919937042e+00 -4.6072033638e-02 -7.7259567117e-02  1.7231198617e+00  1.1992949652e+00 -5.5266960977e-01  1.4556384629e+00  2.3595122821e+00  2.3672285696e-01  1.1503120267e+00  2.3974222056e+00  1.8725248521e+00  1.6035135769e+00  3.4810042471e+00 -5.1282208877e-01  6.6419873516e-03  7.1155033840e-02 -1.0275169914e-01  1.3703050235e+00 -8.4536894603e-01 -7.6964349648e-01  1.3854801763e+00 -3.1816287326e-01  9.4305986984e-01  2.7323962701e+00  1.0537889760e+00 -5.4437292222e-01  1.5870663718e+00  3.4006631929e+00 -1.5224918839e+00  1.4475265946e+00  4.3819593409e+00 -7.9583812274e-02
ENERGY -5.875254109404e+02

JOB 6
COORDS  1.0716313777e+00 -1.1216870588e-02 -1.1590479351e-01  1.8273370373e+00  1.1894772164e+00 -5.2973653262e-01  1.5445518913e+00  2.3586104088e+00  2.6587093392e-01  1.3880251855e+00  2.4090037868e+00  1.9213987775e+00  1.4823775512e+00  3.4547672592e+00 -5.2107994230e-01  4.5401859521e-03  1.7320120895e-01 -2.6239726671e-01  1.3704728845e+00 -8.3633066585e-01 -7.6828929140e-01  1.2369287197e+00 -2.8753196309e-01  9.3206626622e-01  2.8177341777e+00  9.8359350829e-01 -3.9521412534e-01  1.5004342838e+00  3.3387398524e+00 -1.5272099978e+00  1.3099607614e+00  4.3628826493e+00 -1.0879152870e-01
ENERGY -5.875227131064e+02

JOB 7
COORDS  9.8171484744e-01  1.9552694086e-02 -5.7614940294e-02  1.9764462900e+00  1.0937799043e+00 -1.4206477189e-01  1.6427395845e+00  2.3976909518e+00  2.2827375232e-01  2.8052765184e+00  3.5814922568e+00  4.2570645074e-01  3.5155657181e-01  2.5859917904e+00  6.4057947348e-01  1.1633512797e-01  1.4452499025e-01 -7.2897846707e-01  1.4742008834e+00 -9.1916821567e-01 -3.2178921889e-01  6.2317521163e-01 -6.5699300236e-02  9.7087278830e-01  2.4460136844e+00  1.0839742195e+00 -1.0413957452e+00 -4.0209298727e-01  2.0146816125e+00  2.7750115241e-01  1.1688278313e-01  3.5277722134e+00  9.2635748064e-01
ENERGY -5.875269540411e+02

JOB 8
COORDS  9.6477482117e-01  1.8440193756e-02 -8.9114783281e-02  1.9547984464e+00  1.0954489809e+00 -1.1249582912e-01  1.6289095204e+00  2.3968285118e+00  2.2332139102e-01  2.7787601163e+00  3.6130211735e+00  2.7376742796e-01  3.5886227192e-01  2.5856993299e+00  7.0155508565e-01  1.3702696815e-01  1.5689848620e-01 -8.0277513837e-01  1.4702350357e+00 -9.1692054214e-01 -3.3861707809e-01  5.5385160198e-01 -8.2453537477e-02  9.1877187072e-01  2.5633280906e+00  1.0584037054e+00 -9.2161544257e-01 -4.0476494514e-01  1.9965726483e+00  3.9143968433e-01  1.2646658793e-01  3.5426541669e+00  9.3321076624e-01
ENERGY -5.875321857278e+02

JOB 9
COORDS  9.5207366938e-01  1.5211811533e-02 -1.1779945748e-01  1.9267963440e+00  1.1008890335e+00 -1.0827509057e-01  1.6172235920e+00  2.3959769074e+00  2.2258808087e-01  2.7549194693e+00  3.6266346556e+00  1.5569285059e-01  3.6586728554e-01  2.5922715219e+00  7.4947621762e-01  1.4803408151e-01  1.5562856884e-01 -8.5657083056e-01  1.4718893020e+00 -9.1470062187e-01 -3.5654349102e-01  5.0931030373e-01 -9.8042170878e-02  8.7602328155e-01  2.6575805900e+00  1.0422748814e+00 -8.0588315826e-01 -4.0407171843e-01  1.9894370161e+00  4.8437133284e-01  1.3262559638e-01  3.5590115136e+00  9.3436821891e-01
ENERGY -5.875358341505e+02

JOB 10
COORDS  1.1259950484e+00 -1.0129259751e-01  4.4271513292e-02  1.7927189850e+00  1.1434932348e+00 -3.0687460883e-01  1.5874680627e+00  2.3458472719e+00  3.0218495549e-01  2.3442749623e+00  3.7507658190e+00 -2.2147522656e-01  7.9564753985e-01  2.3176205182e+00  1.4244758670e+00  4.3315340340e-02 -7.5034813888e-02 -1.4864291526e-01  1.5548182170e+00 -9.0740916319e-01 -5.5365167275e-01  1.2957902801e+00 -3.4151360726e-01  1.0989284054e+00  2.2302574458e+00  1.2194044302e+00 -1.2152290676e+00  8.1058714774e-02  1.6061991103e+00  1.5253131514e+00  5.6424524494e-01  3.2300120986e+00  1.7948166045e+00
ENERGY -5.875376890828e+02

JOB 11
COORDS  1.1300213731e+00 -1.0587695872e-01  4.7399547227e-02  1.6800442298e+00  1.1719174125e+00 -3.7899377567e-01  1.5712723009e+00  2.3476355347e+00  2.9541938086e-01  2.4053898548e+00  3.7287678275e+00 -1.7176203228e-01  7.7075161936e-01  2.3168491400e+00  1.4141206976e+00  3.4535712269e-02 -1.2911179138e-01 -3.0251758233e-02  1.5223656519e+00 -8.8925324343e-01 -6.0301832070e-01  1.4185376826e+00 -3.3808641522e-01  1.0791482701e+00  2.3004404961e+00  1.2056013304e+00 -1.1760479141e+00  8.5653317940e-03  1.6500241762e+00  1.4642081474e+00  5.7366558855e-01  3.2296252885e+00  1.8038947639e+00
ENERGY -5.875382299072e+02

JOB 12
COORDS  1.1319243461e+00 -9.9864210032e-02  4.6418307798e-02  1.6212728554e+00  1.1876932680e+00 -4.3480298793e-01  1.5592796629e+00  2.3479457164e+00  2.8486344227e-01  2.4223451293e+00  3.7181549114e+00 -1.5566171373e-01  7.4223882388e-01  2.3223099240e+00  1.3882450030e+00  3.6455153517e-02 -1.1396944758e-01  9.2670245522e-02  1.4325325067e+00 -8.7187499786e-01 -6.6387366984e-01  1.5332498270e+00 -3.5495308273e-01  1.0356384954e+00  2.3993642981e+00  1.1746141416e+00 -1.0815816257e+00 -1.0408509061e-02  1.6460414393e+00  1.4461612886e+00  5.4733574724e-01  3.2319946387e+00  1.7860402208e+00
ENERGY -5.875378590022e+02

JOB 13
COORDS  1.1957708315e+00 -9.2133166581e-02  6.4994260089e-02  1.5989080972e+00  1.2018373058e+00 -4.7533554104e-01  1.5706627193e+00  2.3681243238e+00  2.4682643691e-01  2.1058045372e+00  3.8231106409e+00 -3.9346416422e-01  9.4438606214e-01  2.2979638959e+00  1.4653609467e+00  1.5473772428e-01 -4.9923620962e-02  3.9819909136e-01  1.2582405634e+00 -8.3504699547e-01 -7.3257793035e-01  1.8275089682e+00 -4.3386827864e-01  8.9933091608e-01  2.3520365771e+00  1.1812919732e+00 -1.1509836131e+00  9.3778670540e-01  1.4319050283e+00  1.9910909588e+00  9.8220213165e-01  3.1500420921e+00  2.0091417918e+00
ENERGY -5.875358340341e+02

JOB 14
COORDS  1.1709136275e+00 -7.6953469159e-02  5.2985824478e-02  1.6051706112e+00  1.2046337698e+00 -5.0343038718e-01  1.5717646596e+00  2.3727804524e+00  2.3608849985e-01  1.9930453474e+00  3.8522268500e+00 -4.2541536758e-01  9.8741075452e-01  2.2760983848e+00  1.4716366781e+00  1.2406055268e-01 -9.4430332347e-03  3.6025453208e-01  1.2401015073e+00 -8.3247298831e-01 -7.3253593908e-01  1.7751246007e+00 -4.2068737083e-01  9.0763429153e-01  2.4537965295e+00  1.1326052486e+00 -1.0520669056e+00  1.0281934539e+00  1.4115167136e+00  1.9981372766e+00  9.7846327311e-01  3.1329986407e+00  2.0092946497e+00
ENERGY -5.875321857365e+02

JOB 15
COORDS  1.1433617216e+00 -6.1495874319e-02  3.6092045023e-02  1.6361847371e+00  1.2015299527e+00 -5.2286174182e-01  1.5691692606e+00  2.3794421348e+00  2.2325202875e-01  1.8429861603e+00  3.8758644350e+00 -4.6781588729e-01  1.0448996811e+00  2.2565520873e+00  1.4812840032e+00  8.7970313800e-02  4.2776177184e-02  2.9856006625e-01  1.2240539435e+00 -8.2833899889e-01 -7.3783817706e-01  1.6982600740e+00 -4.1738477871e-01  9.1964934058e-01  2.5588359713e+00  1.0837323952e+00 -9.2809223491e-01  1.1424907582e+00  1.3960499693e+00  2.0068544977e+00  9.7983229590e-01  3.1145756989e+00  2.0134992125e+00
ENERGY -5.875269541786e+02

JOB 16
COORDS  1.1183723242e+00 -7.3917255782e-02  2.8615152593e-02  2.0310386647e+00  1.0459430643e+00 -2.8051351284e-01  1.6097481080e+00  2.3100182930e+00  2.7133579264e-01  5.9524627711e-02  2.9134101681e+00  2.8010704852e-01  2.6771093939e+00  2.9935147347e+00  7.3857537206e-01  9.0155243517e-02  9.8042939598e-02 -3.1088928943e-01  1.5192506226e+00 -9.7389728163e-01 -4.4586201301e-01  1.1050714976e+00 -2.3297051762e-01  1.1096929436e+00  2.0337154504e+00  1.1618483992e+00 -1.2942803700e+00  2.5502566089e+00  3.9123727643e+00  1.1434930865e+00  3.5765621521e+00  2.5297278753e+00  7.8296872401e-01
ENERGY -5.875227136551e+02

JOB 17
COORDS  1.0751536283e+00 -8.6369653983e-02 -4.9118064620e-03  2.0352352523e+00  1.0198299119e+00 -1.7644428786e-01  1.6200192538e+00  2.2777272373e+00  3.5860863112e-01  5.5014082889e-02  2.8248007763e+00  5.0593461512e-01  2.7012223644e+00  3.0505993128e+00  6.3283074852e-01  9.9039439230e-02  1.1240610127e-01 -4.6203169406e-01  1.5174197559e+00 -9.8269887531e-01 -4.4849435701e-01  9.2463716349e-01 -2.6672545601e-01  1.0614917918e+00  2.1779542507e+00  1.1491702846e+00 -1.1778137944e+00  2.5559592573e+00  3.9757993317e+00  1.0158000899e+00  3.6091502453e+00  2.6095542130e+00  7.1827299793e-01
ENERGY -5.875254109233e+02

JOB 18
COORDS  1.0433818956e+00 -8.8190734552e-02 -3.2145327911e-02  2.0285760585e+00  1.0019435639e+00 -1.0345375924e-01  1.6324510659e+00  2.2542421105e+00  4.1393487392e-01  6.9728348200e-02  2.7534581417e+00  6.9926711511e-01  2.7068199588e+00  3.0894250946e+00  5.3319664292e-01  1.1908897782e-01  1.3235617241e-01 -5.7848746474e-01  1.5116469409e+00 -9.8783709083e-01 -4.4084068828e-01  7.8555531719e-01 -2.7295023810e-01  1.0120647647e+00  2.3111171634e+00  1.1226821561e+00 -1.0744952228e+00  2.5397084527e+00  4.0039794223e+00  9.3258576880e-01  3.6227305148e+00  2.6749845856e+00  6.6161623211e-01
ENERGY -5.875292336867e+02

JOB 19
COORDS  1.0178547336e+00 -8.6025492592e-02 -5.5501335643e-02  2.0135856370e+00  9.9173861479e-01 -5.3483927745e-02  1.6409790622e+00  2.2396843846e+00  4.4767177127e-01  9.4300929005e-02  2.7004603366e+00  8.6279190071e-01  2.6999946144e+00  3.1159584893e+00  4.5225319415e-01  1.3853402646e-01  1.5148918557e-01 -6.6555192712e-01  1.5024452758e+00 -9.8935641648e-01 -4.3571066483e-01  6.8190923908e-01 -2.6978459095e-01  9.6592733291e-01  2.4367417089e+00  1.0866715132e+00 -9.7349771863e-01  2.5194821216e+00  4.0162470639e+00  8.7813768518e-01  3.6249773455e+00  2.7270100957e+00  6.0020662435e-01
ENERGY -5.875331352359e+02

JOB 20
COORDS  9.9650193144e-01 -8.2671895377e-02 -7.6199861797e-02  1.9934849730e+00  9.8756653491e-01 -1.9589448672e-02  1.6435550741e+00  2.2331517834e+00  4.6550975698e-01  1.2210985160e-01  2.6647663258e+00  9.9539046257e-01  2.6863024393e+00  3.1358064525e+00  3.8860842072e-01  1.5138105144e-01  1.6880492775e-01 -7.2770574083e-01  1.4918878585e+00 -9.8640689604e-01 -4.4058974624e-01  6.0771347473e-01 -2.6986935395e-01  9.2553977424e-01  2.5553157016e+00  1.0425459379e+00 -8.6415193861e-01  2.5017741271e+00  4.0227120481e+00  8.4093864836e-01  3.6207782110e+00  2.7676873186e+00  5.3549260790e-01
ENERGY -5.875362190486e+02

JOB 21
COORDS  9.7923202404e-01 -7.9392693524e-02 -9.5832034201e-02  1.9670329836e+00  9.9297225211e-01 -1.1142800237e-02  1.6408582343e+00  2.2335963761e+00  4.7069175008e-01  1.4793615088e-01  2.6427311333e+00  1.0991423422e+00  2.6695044695e+00  3.1527712838e+00  3.4495659308e-01  1.5637975889e-01  1.7291611650e-01 -7.7469903771e-01  1.4865266131e+00 -9.8163105843e-01 -4.4658191638e-01  5.5796571849e-01 -2.6638046879e-01  8.9296874137e-01  2.6605891950e+00  9.9419239162e-01 -7.5149031811e-01  2.4909241363e+00  4.0235095649e+00  8.3043486237e-01  3.6138554097e+00  2.7988082859e+00  4.6479475211e-01
ENERGY -5.875379420201e+02

JOB 22
COORDS  1.0490221619e+00 -7.6601382184e-02 -2.9613805242e-02  1.8908240698e+00  1.0991826630e+00 -2.1381646420e-01  1.5919248532e+00  2.3164871472e+00  3.1774216799e-01  2.9583007842e-01  2.5973050430e+00  1.3392181148e+00  2.4492243643e+00  3.3303634391e+00 -8.2075252321e-02  6.1842749456e-02  5.9622986230e-02 -4.8476122874e-01  1.5516403740e+00 -9.3119784828e-01 -4.8890070204e-01  9.0857709156e-01 -2.6944358022e-01  1.0357939166e+00  2.5412589549e+00  1.0821113979e+00 -9.9010851766e-01  3.4217222661e+00  3.0795044497e+00 -2.3431319193e-01  2.3279144785e+00  4.1828442328e+00  4.5121315663e-01
ENERGY -5.875382221836e+02

JOB 23
COORDS  1.1192384778e+00 -8.3084274745e-02  2.1318279849e-02  1.7092979116e+00  1.1782956105e+00 -4.0740136996e-01  1.4471954936e+00  2.3694974832e+00  1.8956606663e-01  4.0192145074e-01  2.5431595297e+00  1.4886666201e+00  2.0898901068e+00  3.4542654515e+00 -3.8219241747e-01  2.9494504514e-02 -4.9428823532e-02 -6.4461494017e-02  1.5108329025e+00 -8.7671896899e-01 -6.1929282314e-01  1.3724536177e+00 -2.9650463055e-01  1.0638533975e+00  2.3533832494e+00  1.1572790878e+00 -1.1875696490e+00  2.9953886955e+00  3.3002345509e+00 -8.1494879811e-01  2.0373525211e+00  4.2934119176e+00  1.8164092895e-01
ENERGY -5.875376491390e+02

