JOB 0
COORDS  3.2078733975e+00  4.7778649588e-01  2.9829183733e+00  2.8029383979e+00 -1.0530091053e+00  1.1377038441e+00  1.8398405888e+00  7.0655598207e-01  3.0978777743e+00  1.4361110896e+00 -8.0267370884e-01  1.2288824719e+00  3.6972702033e+00 -4.2498998332e-01  2.0236013634e+00  9.6420539030e-01  6.5122308324e-02  2.2165243391e+00  3.1107437383e+00 -3.6185886992e+00  3.3087691155e+00  5.8478682244e+00 -5.2425494262e+00  2.2145282151e+00  4.4404034435e+00 -2.8784441278e+00  3.4589424800e+00  6.3438502441e+00 -3.8016080629e+00  2.1272340762e+00  5.0966488857e+00 -5.2470459467e-01  1.8069658626e+00  5.7666716914e+00 -1.5864404452e+00  1.8016505713e+00 -1.0387144298e+00  1.7419278380e+00  1.3898235668e+00  5.2629293622e+00 -2.7965335781e+00  2.2260599217e+00 -1.4866837891e+00 -7.4925266757e-01  1.6976900754e+00 -1.0740371261e+00  7.6671620402e-01  3.7358668364e+00 -7.9131367874e-01  3.6302046482e-01  2.3544106865e+00  3.9095369706e+00  9.8146019067e-01  3.6415816392e+00  3.1863788412e+00 -1.7361926495e+00  3.8625047456e-01  1.4497702064e+00  1.3677616838e+00  3.8652120531e+00  7.3625446713e-01 -1.2959513177e+00  5.6163847268e-01  3.2571384416e+00 -4.6514281503e+00  2.9862849090e+00  2.5942050684e+00 -3.6346056606e+00  4.2744548931e+00  2.4607695675e+00 -3.1224872034e+00  2.5876597108e+00  5.0910734323e+00 -5.4499891853e+00  1.4515907586e+00  6.6929943350e+00 -5.9180706746e+00  2.0486005465e+00  5.4263120578e+00 -5.4826549261e+00  3.1941489906e+00  4.2612841020e+00 -1.8663889402e+00  3.8180609144e+00  5.0568338474e+00 -3.3699091227e+00  4.2227568359e+00  7.0866974877e+00 -3.6178783427e+00  2.9182833097e+00  6.8377016641e+00 -3.6311275348e+00  1.1699197121e+00 -1.6498985507e+00  1.5025751983e+00  6.1009983588e-01 -1.4484009429e+00  2.4792549562e+00  1.9620400400e+00
ENERGY -1.158327604500e+03

JOB 1
COORDS  3.2173855196e+00  4.8630384273e-01  2.8593678841e+00  2.7446471684e+00 -1.0968775920e+00  1.0747199831e+00  1.8561112392e+00  7.3392010230e-01  3.0043061422e+00  1.3829186390e+00 -8.3130916109e-01  1.1987766284e+00  3.6703658832e+00 -4.5379284287e-01  1.9163351279e+00  9.4832128941e-01  7.2080076590e-02  2.1708831183e+00  3.0968801089e+00 -3.6533757329e+00  3.2148166401e+00  5.9083435838e+00 -5.2383180526e+00  2.1251524845e+00  4.3938501737e+00 -2.8705763559e+00  3.4315414774e+00  6.3946858824e+00 -3.7958977965e+00  2.2511391392e+00  5.0591272564e+00 -5.7822067505e-01  1.6614617651e+00  5.7439795889e+00 -1.6305180662e+00  1.7219735851e+00 -1.0565741201e+00  1.7649088258e+00  1.3809641052e+00  5.3015925394e+00 -2.8051175109e+00  2.2637257755e+00 -1.5225160267e+00 -7.2083738017e-01  1.7238803746e+00 -1.0433590784e+00  8.1238467043e-01  3.7341214792e+00 -7.9897912610e-01  3.9102879290e-01  2.3505272862e+00  3.9425761455e+00  1.0022650866e+00  3.4820549081e+00  3.1008527870e+00 -1.8004805492e+00  3.2821585422e-01  1.4952529126e+00  1.4244292812e+00  3.7601160416e+00  6.5908754000e-01 -1.3375744675e+00  5.6781062135e-01  3.2921499740e+00 -4.6949901415e+00  2.9525089186e+00  2.5081638986e+00 -3.6397067833e+00  4.1381719251e+00  2.4917370909e+00 -3.2076831910e+00  2.4254054397e+00  5.2592799573e+00 -5.3597594218e+00  1.2524818307e+00  6.7731754326e+00 -5.8988082912e+00  2.0053661402e+00  5.3627789849e+00 -5.5727920150e+00  3.0117294991e+00  4.1659446358e+00 -1.8539772115e+00  3.7472428361e+00  4.9686698421e+00 -3.3269838039e+00  4.2477152175e+00  7.0007935005e+00 -3.6850375983e+00  3.1631476320e+00  7.0279670848e+00 -3.5359128293e+00  1.4026518827e+00 -1.6755101819e+00  1.5218980077e+00  6.0853366655e-01 -1.4614719289e+00  2.5039844370e+00  1.9543713572e+00
ENERGY -1.158328291099e+03

JOB 2
COORDS  2.7801627646e+00  3.6125963262e-01  2.7330215003e+00  2.4231543585e+00 -1.3486075061e+00  1.0414155640e+00  1.4051201448e+00  5.0000292526e-01  2.8873100680e+00  1.0447345995e+00 -1.1961538876e+00  1.1770843826e+00  3.3012702771e+00 -5.8678516181e-01  1.8329670546e+00  5.4623353504e-01 -2.8241361152e-01  2.1074514061e+00  3.0361726728e+00 -3.7994535369e+00  3.2371407933e+00  5.9979061491e+00 -5.0951644766e+00  1.9791766316e+00  4.2262357628e+00 -2.8618505570e+00  3.4568807517e+00  6.3333637096e+00 -3.6482537608e+00  2.3427244682e+00  4.6918309177e+00 -6.0662704296e-01  1.5619358345e+00  5.4765532887e+00 -1.5816336203e+00  1.6874193606e+00 -1.5829419915e+00  1.2726707077e+00  1.3780203707e+00  5.1691131660e+00 -2.7467170751e+00  2.3239658439e+00 -1.8528630931e+00 -1.2653488942e+00  1.6652709571e+00 -1.4945869156e+00  2.7074712288e-01  3.6951726450e+00 -1.2189058452e+00 -1.0685820893e-01  2.3050188111e+00  3.4659262492e+00  9.7008776853e-01  3.3151612059e+00  2.8290621463e+00 -2.0539606073e+00  3.2233496315e-01  9.9671269597e-01  1.1999365924e+00  3.6095798300e+00  3.5824609656e-01 -1.7945703693e+00  5.8637202322e-01  3.3583656341e+00 -4.8265766958e+00  3.0548991334e+00  2.4049585897e+00 -3.7960280744e+00  4.1319770765e+00  2.4245898046e+00 -3.4758096680e+00  2.3949185540e+00  5.4695485124e+00 -5.1430149420e+00  1.0221800306e+00  6.9254548374e+00 -5.6705584497e+00  1.8907344349e+00  5.3817004691e+00 -5.5828852658e+00  2.7390622446e+00  3.8722462626e+00 -1.8645784430e+00  3.7110520534e+00  4.8144222098e+00 -3.2119102616e+00  4.3146665407e+00  6.8083049748e+00 -3.6103865412e+00  3.3338390862e+00  7.0398517088e+00 -3.2353965484e+00  1.6218701383e+00 -2.0753970726e+00  9.9615330780e-01  5.2945744698e-01 -2.1556304877e+00  1.9001486148e+00  1.9418908166e+00
ENERGY -1.158328261093e+03

JOB 3
COORDS  2.8213727653e+00 -2.6143214635e-01  2.2502129374e+00  1.7901677832e+00 -1.5795755823e+00  4.8780636915e-01  1.5660632266e+00  1.6720207680e-01  2.6682453154e+00  5.2984380038e-01 -1.1670889645e+00  9.1374492631e-01  2.9461229359e+00 -1.1579010034e+00  1.1674731281e+00  4.2701624865e-01 -2.9697053109e-01  2.0020283264e+00  3.1992831480e+00 -4.3031821737e+00  2.2781954590e+00  6.5848383938e+00 -4.5707912596e+00  3.1403791101e+00  3.8733000317e+00 -3.1781405830e+00  3.0708257407e+00  6.4029272325e+00 -3.0633957909e+00  2.9429894232e+00  4.2118103384e+00 -1.4741261413e+00  6.3311091191e-01  5.1817595174e+00 -2.0106374734e+00  1.2436014152e+00 -1.3874129037e+00  1.7407752957e+00  1.7875653463e+00  5.0894322666e+00 -2.6610615892e+00  2.4184102572e+00 -2.1751935361e+00 -6.9176940914e-01  1.9944032747e+00 -1.1066210641e+00  5.2924306482e-01  3.9890425485e+00 -1.1844671494e+00  2.3471740914e-01  2.5539566903e+00  3.7165033785e+00  8.9715276026e-02  2.7559747849e+00  1.8950745430e+00 -2.2398102459e+00 -3.6813116234e-01  1.4640308435e+00  8.3795821114e-01  3.5156937635e+00 -3.6873461688e-01 -1.5227218626e+00  4.1956195449e-01  3.8678169551e+00 -5.1603016481e+00  2.1623716974e+00  2.2979276823e+00 -4.6314016863e+00  2.8055259777e+00  2.9004394284e+00 -3.9655288294e+00  1.2839479805e+00  6.4569162178e+00 -5.1090354199e+00  2.1961960660e+00  7.5978248999e+00 -4.7643211884e+00  3.5080987782e+00  5.8862602969e+00 -4.9854687893e+00  3.8725978982e+00  3.1666430777e+00 -2.3735045513e+00  3.2664815265e+00  4.1923942090e+00 -3.5495692604e+00  4.0473972253e+00  6.5641034211e+00 -2.5483299128e+00  3.8998009848e+00  7.1358502171e+00 -2.6765745638e+00  2.2345095998e+00 -2.0942826505e+00  1.6604078086e+00  1.0575979629e+00 -1.6656944871e+00  2.4271291316e+00  2.4882822556e+00
ENERGY -1.158329396921e+03

JOB 4
COORDS  2.8092181263e+00 -3.1483327143e-01  2.2425166745e+00  1.7430044172e+00 -1.6306360346e+00  4.9814426211e-01  1.5653048294e+00  1.5161936717e-01  2.6539141455e+00  4.9379414762e-01 -1.1828874249e+00  9.2084478607e-01  2.9096608348e+00 -1.2265797561e+00  1.1702339258e+00  4.1424303733e-01 -2.9421578569e-01  1.9960388213e+00  3.2201904226e+00 -4.3200994402e+00  2.3162143679e+00  6.6256663669e+00 -4.5271106104e+00  3.0130995720e+00  3.8512247934e+00 -3.1848866782e+00  3.1307568083e+00  6.3669617912e+00 -3.0176090838e+00  3.0275419653e+00  4.1644777125e+00 -1.5808266599e+00  6.3322149427e-01  5.1431743548e+00 -2.0668222836e+00  1.2708862931e+00 -1.3498504387e+00  1.7844327321e+00  1.7569633091e+00  5.0555717783e+00 -2.6096724172e+00  2.5032187204e+00 -2.1969060262e+00 -6.2507480340e-01  1.9976450622e+00 -1.0951072247e+00  5.9627629498e-01  3.9739311986e+00 -1.1829040776e+00  2.8434782028e-01  2.5431667467e+00  3.7124911908e+00  1.9040954002e-02  2.7451624871e+00  1.8310405841e+00 -2.3038835144e+00 -3.4953555257e-01  1.4808428344e+00  8.3680766371e-01  3.4916812504e+00 -4.1409907500e-01 -1.5237196821e+00  4.3336163482e-01  3.9168715135e+00 -5.1527124498e+00  2.1902391242e+00  2.3291842553e+00 -4.6854890863e+00  2.8365301261e+00  2.9116477033e+00 -3.9814430046e+00  1.3258124737e+00  6.5550554835e+00 -4.9231988480e+00  1.9955042636e+00  7.6344066943e+00 -4.7269694245e+00  3.3895628572e+00  5.9228309672e+00 -5.0742443295e+00  3.6483121877e+00  3.1141251175e+00 -2.4092278460e+00  3.3370159426e+00  4.1796381624e+00 -3.5644554007e+00  4.1015927255e+00  6.4520782783e+00 -2.6344934146e+00  4.0520899868e+00  7.1084241773e+00 -2.4986189387e+00  2.4195782107e+00 -2.0591086133e+00  1.7116974541e+00  1.0285008260e+00 -1.6105581218e+00  2.4866489214e+00  2.4486658348e+00
ENERGY -1.158330730926e+03

JOB 5
COORDS  2.8026789080e+00 -3.5291340448e-01  2.2504538917e+00  1.7154061293e+00 -1.6747302869e+00  5.2366426929e-01  1.5669015003e+00  1.4598644844e-01  2.6486825041e+00  4.7373536327e-01 -1.1969484142e+00  9.3533296232e-01  2.8877868454e+00 -1.2814988585e+00  1.1918682182e+00  4.0941622993e-01 -2.8774881305e-01  1.9942646131e+00  3.2255285361e+00 -4.3322325399e+00  2.3707169518e+00  6.6838300995e+00 -4.4668997010e+00  2.8551668129e+00  3.8321529313e+00 -3.1923708909e+00  3.1981547827e+00  6.3393964070e+00 -2.9950172788e+00  3.1013524569e+00  4.1348842900e+00 -1.6698289760e+00  6.5686152306e-01  5.1151975011e+00 -2.1229197982e+00  1.3138107246e+00 -1.3125281569e+00  1.8182398015e+00  1.7034972115e+00  5.0265614108e+00 -2.5730052640e+00  2.5879693052e+00 -2.2078069823e+00 -5.6790220662e-01  1.9944501518e+00 -1.0889623158e+00  6.7512764451e-01  3.9477522405e+00 -1.1782985934e+00  3.3347762791e-01  2.5239211088e+00  3.7100342635e+00 -3.1083572022e-02  2.7531214705e+00  1.7932747880e+00 -2.3623655739e+00 -3.1340576715e-01  1.4934095691e+00  8.4701702527e-01  3.4742902025e+00 -4.3930980661e-01 -1.5283493717e+00  4.5104361787e-01  3.9408127328e+00 -5.1459245846e+00  2.2283399236e+00  2.3489471462e+00 -4.7259414864e+00  2.8948967925e+00  2.8984041479e+00 -3.9922366139e+00  1.3871890098e+00  6.6452815124e+00 -4.6942308474e+00  1.7856886019e+00  7.6972973947e+00 -4.6736348147e+00  3.2152707949e+00  6.0018494733e+00 -5.1422864357e+00  3.3804376191e+00  3.0753254001e+00 -2.4374588307e+00  3.4146251277e+00  4.1692632325e+00 -3.5796625463e+00  4.1630311874e+00  6.3590805048e+00 -2.7713872281e+00  4.1736732226e+00  7.0771856672e+00 -2.3519383216e+00  2.6198981571e+00 -2.0217001590e+00  1.7439673624e+00  9.7511914437e-01 -1.5590676229e+00  2.5417513799e+00  2.3782214051e+00
ENERGY -1.158331313950e+03

JOB 6
COORDS  2.8048740173e+00 -3.4457706213e-01  2.2423804476e+00  1.7026925221e+00 -1.7147301891e+00  5.6231805736e-01  1.5750156297e+00  1.7902316082e-01  2.6260301101e+00  4.6558394400e-01 -1.2131973910e+00  9.5994461434e-01  2.8784423744e+00 -1.3088912828e+00  1.2155848180e+00  4.1354045839e-01 -2.6822806073e-01  1.9874706895e+00  3.2066790603e+00 -4.3487435360e+00  2.4270350032e+00  6.7435202927e+00 -4.3969856285e+00  2.6678056361e+00  3.7895703200e+00 -3.1958881611e+00  3.2542692505e+00  6.3018034989e+00 -3.0186734574e+00  3.1686701118e+00  4.1223701389e+00 -1.7284010431e+00  6.9361170535e-01  5.0929691154e+00 -2.1730340717e+00  1.3690672257e+00 -1.2867071808e+00  1.8467404540e+00  1.6443602102e+00  4.9920406503e+00 -2.5657566485e+00  2.6641730463e+00 -2.2055458074e+00 -5.2389749307e-01  1.9949913056e+00 -1.0750687980e+00  7.5843242813e-01  3.9158341208e+00 -1.1680223703e+00  3.8155788152e-01  2.5012569124e+00  3.7160421578e+00 -1.7089843038e-02  2.7340499835e+00  1.7730598590e+00 -2.4308908142e+00 -2.5114026381e-01  1.5088573629e+00  9.0803225920e-01  3.4277296919e+00 -4.5167627764e-01 -1.5525693082e+00  4.8929398581e-01  3.9167612834e+00 -5.1738007106e+00  2.3336009617e+00  2.3042128071e+00 -4.7207196898e+00  2.9223463691e+00  2.9252070351e+00 -4.0292169009e+00  1.4225884977e+00  6.7353458157e+00 -4.4188613770e+00  1.5745444973e+00  7.7622751006e+00 -4.6073479333e+00  3.0105892199e+00  6.0954268489e+00 -5.1961109944e+00  3.0394693369e+00  3.0219400781e+00 -2.4456974944e+00  3.4472597002e+00  4.1092673964e+00 -3.5705466589e+00  4.2295703270e+00  6.2531106055e+00 -2.9936930211e+00  4.2611596400e+00  7.0308124909e+00 -2.2664846125e+00  2.8606803145e+00 -1.9895007078e+00  1.7591114654e+00  9.1126563692e-01 -1.5356745663e+00  2.5872292925e+00  2.2995619226e+00
ENERGY -1.158330940982e+03

JOB 7
COORDS  2.8179932012e+00 -3.0689966411e-01  2.2379098538e+00  1.7141256058e+00 -1.7420589557e+00  6.1440881257e-01  1.5874076368e+00  2.2500630477e-01  2.6076022143e+00  4.7680016946e-01 -1.2289316126e+00  9.9752665159e-01  2.8903340305e+00 -1.3084511019e+00  1.2478286188e+00  4.2440301224e-01 -2.4770574113e-01  1.9902522727e+00  3.1879629615e+00 -4.3781268889e+00  2.5300960623e+00  6.8231473644e+00 -4.3223995069e+00  2.4415825459e+00  3.7503441744e+00 -3.1815481146e+00  3.3073064068e+00  6.2755597613e+00 -3.1156497733e+00  3.2097637492e+00  4.1374270938e+00 -1.7410145633e+00  7.4275267371e-01  5.0908623642e+00 -2.2084734663e+00  1.4252642188e+00 -1.2751676081e+00  1.8550282013e+00  1.5796527782e+00  4.9790258006e+00 -2.6003427602e+00  2.7194057704e+00 -2.1947540296e+00 -5.0343265466e-01  2.0048160923e+00 -1.0659832734e+00  8.3947279205e-01  3.8846802905e+00 -1.1577273532e+00  4.1787135816e-01  2.4827770944e+00  3.7305116025e+00  3.9656907591e-02  2.7140567192e+00  1.7831235059e+00 -2.4882796859e+00 -1.7160195951e-01  1.5219371842e+00  9.8203116483e-01  3.3829414406e+00 -4.4096028041e-01 -1.5875959529e+00  5.4243802765e-01  3.8847382277e+00 -5.2202436600e+00  2.5320755230e+00  2.2522609645e+00 -4.7019471554e+00  2.9968656511e+00  2.9701354830e+00 -4.1197901064e+00  1.4919937705e+00  6.9132034952e+00 -4.0825088336e+00  1.3798693349e+00  7.8150685457e+00 -4.5845592920e+00  2.8250531657e+00  6.1787140463e+00 -5.2001448490e+00  2.5478141647e+00  2.9862081696e+00 -2.4140211487e+00  3.4224568864e+00  4.0263921683e+00 -3.4933585875e+00  4.3168941319e+00  6.1479693635e+00 -3.3473955652e+00  4.2695906621e+00  6.9925113462e+00 -2.2922969608e+00  3.1468960218e+00 -1.9754605567e+00  1.7438849299e+00  8.4737231213e-01 -1.5264196825e+00  2.6157684631e+00  2.2103143531e+00
ENERGY -1.158329730661e+03

JOB 8
COORDS  2.8257928736e+00 -2.4401560966e-01  2.2157614564e+00  1.7210600308e+00 -1.7673366143e+00  6.7460060350e-01  1.5930668848e+00  2.8604194048e-01  2.5797274927e+00  4.8215682205e-01 -1.2512170210e+00  1.0502656318e+00  2.8985047614e+00 -1.2901736708e+00  1.2725786598e+00  4.2815888448e-01 -2.2800114898e-01  1.9991616767e+00  3.1796983482e+00 -4.4276714924e+00  2.6534322921e+00  6.9043366328e+00 -4.2178660466e+00  2.2467465852e+00  3.7092750542e+00 -3.1661887451e+00  3.3437090682e+00  6.2287430456e+00 -3.2536292280e+00  3.2251809292e+00  4.1491609568e+00 -1.7275734913e+00  7.8065278134e-01  5.0838340227e+00 -2.2330385000e+00  1.4626067999e+00 -1.2956565522e+00  1.8445181423e+00  1.5355835922e+00  4.9611379755e+00 -2.6554740657e+00  2.7410842912e+00 -2.1878908260e+00 -5.0802975103e-01  2.0431682773e+00 -1.0574970454e+00  9.0562845518e-01  3.8695195740e+00 -1.1561118021e+00  4.3804416096e-01  2.4826604735e+00  3.7405470658e+00  1.3511456454e-01  2.6621496479e+00  1.7890304696e+00 -2.5496818332e+00 -7.5554507903e-02  1.5273103280e+00  1.0755280555e+00  3.3219776047e+00 -4.3653935344e-01 -1.6407055862e+00  6.2324439469e-01  3.8937571062e+00 -5.2531168285e+00  2.7285191308e+00  2.2423932073e+00 -4.7383466433e+00  3.1259717052e+00  2.9786329444e+00 -4.2445472149e+00  1.5950372700e+00  7.1901463733e+00 -3.7034223171e+00  1.3284463705e+00  7.8049143376e+00 -4.6334582813e+00  2.7115367975e+00  6.2413123788e+00 -5.0479181857e+00  1.9833059298e+00  2.9479405839e+00 -2.3904013521e+00  3.3540307372e+00  3.9425034175e+00 -3.3763201807e+00  4.3898530125e+00  5.9996799203e+00 -3.7620938703e+00  4.1637597792e+00  6.9174784012e+00 -2.4364466293e+00  3.4656549472e+00 -2.0012142512e+00  1.7035680747e+00  8.1358711753e-01 -1.5486739430e+00  2.6223282391e+00  2.1442982311e+00
ENERGY -1.158328327751e+03

JOB 9
COORDS  2.8483144470e+00 -2.7139522737e-01  2.1564263381e+00  1.7109774993e+00 -1.8331716181e+00  6.7872082588e-01  1.6242416667e+00  2.7333952516e-01  2.5279169866e+00  4.8085619213e-01 -1.3012848920e+00  1.0607343052e+00  2.9008394501e+00 -1.3462048520e+00  1.2442867726e+00  4.4761374509e-01 -2.5314691427e-01  1.9832538180e+00  3.1019309403e+00 -4.4639637709e+00  2.7386387311e+00  7.0906982923e+00 -4.0220385603e+00  2.1760995669e+00  3.6868897604e+00 -3.1899963426e+00  3.3558791155e+00  6.1936830454e+00 -3.3669564688e+00  3.2253734390e+00  4.1423038297e+00 -1.8066266996e+00  7.5226674323e-01  5.0681393588e+00 -2.3369344793e+00  1.4306691542e+00 -1.2933837691e+00  1.7980413943e+00  1.4839768523e+00  4.9428171683e+00 -2.7760710648e+00  2.6954903342e+00 -2.1658223983e+00 -5.3409503489e-01  2.1033427798e+00 -9.9234095851e-01  9.4817086300e-01  3.8459121295e+00 -1.1249882911e+00  4.2893225547e-01  2.4803555140e+00  3.7725336644e+00  1.1759471221e-01  2.5742572934e+00  1.7627843232e+00 -2.6368886068e+00 -4.9851325074e-02  1.5742921960e+00  1.0832447985e+00  3.2491110262e+00 -4.4656951511e-01 -1.6988496541e+00  6.6074601429e-01  3.8102396191e+00 -5.2963229988e+00  2.8029289785e+00  2.1865678287e+00 -4.7468173842e+00  3.2680488890e+00  2.8501956359e+00 -4.3098658508e+00  1.6864565581e+00  7.4725182913e+00 -3.2941921082e+00  1.4598380498e+00  7.9381698828e+00 -4.4958126967e+00  2.6829978282e+00  6.5446535843e+00 -4.7904896189e+00  1.6202169596e+00  2.9571017140e+00 -2.3854330463e+00  3.3409120997e+00  3.9369148708e+00 -3.3546827016e+00  4.4067139469e+00  5.9003884713e+00 -4.1138702625e+00  3.9673959180e+00  6.7500796406e+00 -2.5876331385e+00  3.7612118880e+00 -2.0230314478e+00  1.6306113486e+00  7.9220098390e-01 -1.5249076884e+00  2.5999727531e+00  2.0694594310e+00
ENERGY -1.158327542279e+03

JOB 10
COORDS  2.8978026709e+00 -3.0595638664e-01  2.1260868044e+00  1.6828030339e+00 -1.8491505349e+00  6.9308392436e-01  1.6996928006e+00  2.8562824514e-01  2.5108093340e+00  4.7866437162e-01 -1.2700141862e+00  1.0882982089e+00  2.8994267485e+00 -1.3957102200e+00  1.2298561138e+00  4.9608992275e-01 -2.0792328111e-01  1.9954220954e+00  2.9834095505e+00 -4.4495929778e+00  2.8042673430e+00  7.2304273421e+00 -3.8129338643e+00  2.1861299052e+00  3.6745086326e+00 -3.2083868760e+00  3.3767043922e+00  6.1571956977e+00 -3.4709129821e+00  3.2141641881e+00  4.1153752234e+00 -1.9026377344e+00  7.2232515272e-01  5.0390072393e+00 -2.4522090610e+00  1.3911876578e+00 -1.1971483079e+00  1.8777876904e+00  1.4733271037e+00  4.9210951749e+00 -2.8856836781e+00  2.6536498962e+00 -2.1203817996e+00 -4.0776004419e-01  2.1878635062e+00 -8.6140824295e-01  1.0935941707e+00  3.8527090908e+00 -1.0429071980e+00  5.3540265298e-01  2.5082174388e+00  3.8419807447e+00  5.9789126063e-02  2.5198415701e+00  1.6940598609e+00 -2.6642632538e+00 -2.4537972764e-02  1.6899862463e+00  1.1075775076e+00  3.2198989880e+00 -4.6836827294e-01 -1.6426310760e+00  7.1082062798e-01  3.6431676020e+00 -5.3224664264e+00  2.8429628205e+00  2.0809669847e+00 -4.6716978249e+00  3.3824155775e+00  2.6879639461e+00 -4.2900460749e+00  1.7647131982e+00  7.5993502450e+00 -2.9255668856e+00  1.6697111108e+00  8.0675038072e+00 -4.2899632431e+00  2.7068205329e+00  6.8464629890e+00 -4.5043691412e+00  1.4315731556e+00  2.9963734187e+00 -2.3593180344e+00  3.3881276128e+00  3.9677463236e+00 -3.3819207612e+00  4.4154197804e+00  5.8691846920e+00 -4.3843485966e+00  3.7462119699e+00  6.5576627437e+00 -2.7783705910e+00  3.9665431258e+00 -1.9437057339e+00  1.7072960948e+00  8.0056200475e-01 -1.3996197887e+00  2.7017495926e+00  2.0387321378e+00
ENERGY -1.158327934166e+03

JOB 11
COORDS  2.8870573877e+00 -4.0224004357e-01  2.0901912525e+00  1.6056615835e+00 -1.9257905466e+00  6.9444728731e-01  1.7133975792e+00  2.3363670155e-01  2.4794133306e+00  4.2544476666e-01 -1.3032428372e+00  1.0953137088e+00  2.8432422525e+00 -1.5032510602e+00  1.2084721436e+00  4.8850749133e-01 -2.2848636172e-01  1.9854022474e+00  2.9581154633e+00 -4.4863753939e+00  2.8283131034e+00  7.2982478878e+00 -3.5994424571e+00  2.2234706969e+00  3.6655113399e+00 -3.2497625140e+00  3.3913503180e+00  6.1351793717e+00 -3.5005063749e+00  3.2027466805e+00  4.0321748474e+00 -2.0548266945e+00  6.8544829006e-01  4.9784405985e+00 -2.5674087422e+00  1.3523295837e+00 -1.1297458014e+00  1.9160128302e+00  1.4654690644e+00  4.8960251472e+00 -2.9215707445e+00  2.6438166641e+00 -2.1329321496e+00 -3.3164113822e-01  2.1908501231e+00 -8.1167033511e-01  1.1265592895e+00  3.8458500985e+00 -1.0198835085e+00  5.7191753355e-01  2.5037225953e+00  3.8466992179e+00 -6.0809250183e-02  2.4679934676e+00  1.5825574424e+00 -2.7504213066e+00 -1.1943988966e-02  1.7391716379e+00  1.0660710221e+00  3.1758065020e+00 -5.3772099242e-01 -1.6502260934e+00  7.3467729361e-01  3.6186156891e+00 -5.3593167804e+00  2.8419813497e+00  2.0736228081e+00 -4.7120189271e+00  3.4320426869e+00  2.6310380550e+00 -4.3212988512e+00  1.7994819322e+00  7.5876166297e+00 -2.6201139190e+00  1.8365980322e+00  8.1538075967e+00 -4.0345813770e+00  2.7506680783e+00  7.0498281574e+00 -4.2345862282e+00  1.3707129917e+00  2.9885293819e+00 -2.3994004663e+00  3.4284399928e+00  3.9864576029e+00 -3.4353812989e+00  4.4198219802e+00  5.8970996321e+00 -4.5026177231e+00  3.5823116825e+00  6.4221670107e+00 -2.8932013579e+00  4.0709905200e+00 -1.8890697724e+00  1.7736550387e+00  8.0052871862e-01 -1.2926644633e+00  2.7496171114e+00  2.0294674013e+00
ENERGY -1.158328649721e+03

JOB 12
COORDS  2.8847509757e+00 -4.6651445019e-01  2.0503135603e+00  1.5373508197e+00 -1.9754701690e+00  7.0165031680e-01  1.7359439607e+00  2.0840024464e-01  2.4475731851e+00  3.8187330620e-01 -1.3143076347e+00  1.1127721801e+00  2.7948549440e+00 -1.5785950273e+00  1.1864030521e+00  4.9003184845e-01 -2.2666191744e-01  1.9824293860e+00  2.9414873943e+00 -4.5256798462e+00  2.8321144472e+00  7.3242159715e+00 -3.4162716030e+00  2.2509677743e+00  3.6501789463e+00 -3.2853021792e+00  3.3858738090e+00  6.1082188932e+00 -3.5412581354e+00  3.1601564040e+00  3.9570032951e+00 -2.1718225956e+00  6.4771827192e-01  4.9178638571e+00 -2.6637894021e+00  1.3075783278e+00 -1.0675967028e+00  1.9621497175e+00  1.4641531131e+00  4.8686623344e+00 -2.9403592603e+00  2.6240756362e+00 -2.1303095621e+00 -2.4713895557e-01  2.2233853033e+00 -7.4292657941e-01  1.1846881928e+00  3.8470948664e+00 -9.8611058513e-01  6.2456730231e-01  2.5131875110e+00  3.8593353481e+00 -1.4712896292e-01  2.4082557356e+00  1.4793315659e+00 -2.8101985929e+00  9.2627942350e-03  1.7969828749e+00  1.0510196345e+00  3.1293449793e+00 -5.9671272228e-01 -1.6402618716e+00  7.7483377495e-01  3.6072538829e+00 -5.3945149193e+00  2.8320144471e+00  2.0708157401e+00 -4.7577463242e+00  3.4531812890e+00  2.5922631286e+00 -4.3629379798e+00  1.8103915674e+00  7.5296478851e+00 -2.3724868048e+00  1.9996440247e+00  8.1923862177e+00 -3.8249258191e+00  2.7786694716e+00  7.1892782797e+00 -3.9643316293e+00  1.3174421586e+00  2.9670645152e+00 -2.4398453925e+00  3.4379376675e+00  3.9894395490e+00 -3.4743090822e+00  4.4077834102e+00  5.9200221793e+00 -4.6019144738e+00  3.3788548569e+00  6.3073728108e+00 -3.0500648983e+00  4.1201852520e+00 -1.8369685633e+00  1.8359380305e+00  8.0752664121e-01 -1.2013225305e+00  2.8048132898e+00  2.0223571045e+00
ENERGY -1.158329262941e+03

JOB 13
COORDS  2.9050862084e+00 -4.9360645465e-01  1.9988072117e+00  1.5035265346e+00 -2.0190770105e+00  7.2643136230e-01  1.7760959151e+00  2.1363705065e-01  2.3970630145e+00  3.6740052674e-01 -1.3267930268e+00  1.1405623209e+00  2.7772886021e+00 -1.6289233650e+00  1.1715082564e+00  5.1346959132e-01 -2.1398480898e-01  1.9718913412e+00  2.9366192310e+00 -4.5611392463e+00  2.8374765308e+00  7.3451320082e+00 -3.2418921532e+00  2.3306521334e+00  3.6380022670e+00 -3.3109283285e+00  3.3791695026e+00  6.0911751801e+00 -3.5902914734e+00  3.1239430428e+00  3.9182039674e+00 -2.2587449230e+00  6.2559704577e-01  4.8833375742e+00 -2.7429180645e+00  1.2817780781e+00 -1.0246794326e+00  1.9741725656e+00  1.3984073278e+00  4.8549586476e+00 -2.9568770507e+00  2.6162302719e+00 -2.1003728146e+00 -1.8262491752e-01  2.2785473943e+00 -6.5087622387e-01  1.2945941541e+00  3.8045190874e+00 -9.3656143870e-01  6.8233407154e-01  2.5024667875e+00  3.8919964352e+00 -1.8223029711e-01  2.3284691807e+00  1.4169971152e+00 -2.8734759130e+00  6.1632211013e-02  1.8653356300e+00  1.0760970769e+00  3.0502925448e+00 -6.2341792971e-01 -1.6465823302e+00  8.3376563684e-01  3.6048628662e+00 -5.4277167870e+00  2.8487855874e+00  2.0657347594e+00 -4.7892666731e+00  3.4597046572e+00  2.5878435681e+00 -4.4125564355e+00  1.8133331634e+00  7.4774304849e+00 -2.1580795120e+00  2.2617643603e+00  8.2138868532e+00 -3.6647327581e+00  2.8459597058e+00  7.3081667638e+00 -3.6424755995e+00  1.3173323178e+00  2.9477153113e+00 -2.4705400235e+00  3.4232802286e+00  3.9772044559e+00 -3.4886096023e+00  4.4028333102e+00  5.9589134483e+00 -4.6817033683e+00  3.1562664677e+00  6.2045115333e+00 -3.2509552290e+00  4.1590406267e+00 -1.8142856259e+00  1.8337474683e+00  7.6927803473e-01 -1.1274504965e+00  2.8429775105e+00  1.9220042979e+00
ENERGY -1.158329770527e+03

JOB 14
COORDS  2.9194758187e+00 -5.3350024307e-01  1.9366293253e+00  1.4562044342e+00 -2.0707931390e+00  7.4692036959e-01  1.8142450507e+00  2.0360635865e-01  2.3468665121e+00  3.4470095839e-01 -1.3474372034e+00  1.1752449300e+00  2.7468396380e+00 -1.6880918359e+00  1.1456976941e+00  5.3325998385e-01 -2.1477910469e-01  1.9700781992e+00  2.9282788450e+00 -4.6209682619e+00  2.8571673006e+00  7.3350245291e+00 -3.0729548690e+00  2.4171933416e+00  3.6193463477e+00 -3.3498005548e+00  3.3627773577e+00  6.0734045237e+00 -3.6466886591e+00  3.0542278667e+00  3.8624588056e+00 -2.3553362680e+00  5.8886234664e-01  4.8310593179e+00 -2.8377168966e+00  1.2378592480e+00 -9.8551694556e-01  1.9846386958e+00  1.3881206689e+00  4.8294886557e+00 -2.9956329865e+00  2.5870037897e+00 -2.0695954664e+00 -1.3233920786e-01  2.3514903837e+00 -5.5178642542e-01  1.3566931361e+00  3.7977176390e+00 -8.8632912552e-01  7.1851844522e-01  2.5201268575e+00  3.9205240491e+00 -2.3266782587e-01  2.2311292815e+00  1.3367321036e+00 -2.9419610793e+00  1.0956305073e-01  1.9360714749e+00  1.0817636001e+00  2.9733431539e+00 -6.5996886710e-01 -1.6583037132e+00  9.0683337457e-01  3.6042747984e+00 -5.4808662087e+00  2.8881602275e+00  2.0622772430e+00 -4.8406616470e+00  3.4892491078e+00  2.5730821835e+00 -4.5030439387e+00  1.8309631302e+00  7.3895337725e+00 -1.9908169133e+00  2.5724482952e+00  8.2128953762e+00 -3.5331635081e+00  2.8826270024e+00  7.3657528830e+00 -3.2672371486e+00  1.3446725507e+00  2.9192758561e+00 -2.5167140095e+00  3.3873477803e+00  3.9617751364e+00 -3.4960300653e+00  4.3898963597e+00  6.0207454582e+00 -4.7310967642e+00  2.8793499660e+00  6.1074979848e+00 -3.4939637415e+00  4.1366191019e+00 -1.7939437537e+00  1.8420226024e+00  7.8388742097e-01 -1.0602769187e+00  2.8672827817e+00  1.8930085433e+00
ENERGY -1.158330084421e+03

JOB 15
COORDS  2.9292345410e+00 -5.8120733446e-01  1.8823501343e+00  1.4394151607e+00 -2.1608525031e+00  7.8410081738e-01  1.8332493285e+00  1.6477815939e-01  2.3014095273e+00  3.3708974235e-01 -1.4281578669e+00  1.2206147590e+00  2.7382872957e+00 -1.7612214256e+00  1.1352567591e+00  5.4433391930e-01 -2.7106195208e-01  1.9744081364e+00  2.9469547843e+00 -4.6915604758e+00  2.9335596624e+00  7.3240394446e+00 -2.9631233793e+00  2.5888036409e+00  3.6224221902e+00 -3.3888597685e+00  3.3744385885e+00  6.0743810969e+00 -3.7345969528e+00  3.0031577452e+00  3.8424887698e+00 -2.4470436098e+00  5.7601044567e-01  4.8094560101e+00 -2.9318796164e+00  1.2228813847e+00 -1.0041614565e+00  1.9015422745e+00  1.3702587402e+00  4.8275280794e+00 -3.0579427246e+00  2.5799580800e+00 -2.0464058377e+00 -1.8974792988e-01  2.4294315733e+00 -4.9514380847e-01  1.3496554124e+00  3.7846945264e+00 -8.6397322469e-01  6.7193714643e-01  2.5373926793e+00  3.9372248013e+00 -2.6951745835e-01  2.1392764585e+00  1.3060398160e+00 -3.0531736717e+00  1.7969070127e-01  1.9687043689e+00  1.0624944977e+00  2.8966340265e+00 -6.7355798028e-01 -1.7505096429e+00  9.9094678357e-01  3.6285852440e+00 -5.5433623091e+00  3.0185363974e+00  2.0748697758e+00 -4.8838090394e+00  3.5664054600e+00  2.6033874596e+00 -4.6309329854e+00  1.8978062901e+00  7.3153798201e+00 -1.9557251554e+00  3.0170091092e+00  8.2168299745e+00 -3.4851145038e+00  2.9488898272e+00  7.3867529542e+00 -2.8777643728e+00  1.5022497395e+00  2.9125635072e+00 -2.5650268671e+00  3.3524921112e+00  3.9630025321e+00 -3.4720487811e+00  4.4090358791e+00  6.1051485624e+00 -4.7552398275e+00  2.5991472320e+00  6.0322837334e+00 -3.8130890310e+00  4.0922887603e+00 -1.8336937982e+00  1.7404377633e+00  8.0026333490e-01 -1.0604792873e+00  2.8001203541e+00  1.8487061531e+00
ENERGY -1.158330374761e+03

JOB 16
COORDS  2.9528763696e+00 -5.7785659583e-01  1.8418306196e+00  1.3835301806e+00 -2.1462919298e+00  8.4427989884e-01  1.8922135451e+00  2.0341777733e-01  2.2870580322e+00  3.1745846930e-01 -1.3769412035e+00  1.3072876835e+00  2.7049727598e+00 -1.7698516039e+00  1.1313222819e+00  5.8078636304e-01 -2.0741188454e-01  2.0235366903e+00  2.9047436278e+00 -4.6783382259e+00  3.0021440832e+00  7.2696515600e+00 -2.8584109271e+00  2.7656330264e+00  3.6275868139e+00 -3.3792695334e+00  3.3721295587e+00  6.0662757320e+00 -3.7888741496e+00  2.8975493239e+00  3.7707486248e+00 -2.4915712957e+00  5.4384410248e-01  4.7467825790e+00 -2.9937901096e+00  1.1639839096e+00 -9.4755120601e-01  1.9780434498e+00  1.4137342601e+00  4.8066718509e+00 -3.1116391369e+00  2.5189120145e+00 -1.9855502692e+00 -5.0931196496e-02  2.5885891098e+00 -3.4221723478e-01  1.4959694565e+00  3.8216611656e+00 -7.8074146154e-01  7.8573878923e-01  2.6155404431e+00  3.9775462803e+00 -2.8387213476e-01  2.0491917629e+00  1.2043853144e+00 -3.0492283018e+00  2.6807801906e-01  2.0728544129e+00  1.1112383049e+00  2.8542457748e+00 -7.0875162641e-01 -1.6806923108e+00  1.1264107507e+00  3.5719910363e+00 -5.5418145366e+00  3.0871939871e+00  2.0542578082e+00 -4.8310602272e+00  3.6740799167e+00  2.5229675318e+00 -4.6416824360e+00  1.9786648730e+00  7.1556589787e+00 -1.9823976507e+00  3.4123516380e+00  8.1881416226e+00 -3.3831842028e+00  3.0496703986e+00  7.3736077575e+00 -2.5157928179e+00  1.7327208604e+00  2.9389773898e+00 -2.5378166254e+00  3.3478328173e+00  4.0059761900e+00 -3.4340486420e+00  4.3953523991e+00  6.2028807668e+00 -4.6809651355e+00  2.2759189637e+00  5.9592842227e+00 -4.1202318213e+00  3.9329072534e+00 -1.8088821494e+00  1.8203591404e+00  8.9200823380e-01 -9.5572031881e-01  2.8939931623e+00  1.8613991037e+00
ENERGY -1.158330364726e+03

JOB 17
COORDS  2.9570746243e+00 -6.2762559350e-01  1.7036918163e+00  1.3484244164e+00 -2.2134306964e+00  8.0220633951e-01  1.9161440547e+00  1.6374691846e-01  2.1764886581e+00  3.0279376311e-01 -1.4325535557e+00  1.2912341310e+00  2.6816247914e+00 -1.8349214427e+00  1.0285678575e+00  5.9473848673e-01 -2.4982612426e-01  1.9742079059e+00  2.8642845481e+00 -4.6214414423e+00  3.0406257251e+00  7.1818117339e+00 -2.7623842997e+00  2.9664030500e+00  3.6950095752e+00 -3.3601232370e+00  3.2962971269e+00  6.1091778118e+00 -3.8237005801e+00  2.7204847792e+00  3.7234329324e+00 -2.5663419413e+00  4.1552760671e-01  4.7179183750e+00 -3.0749117298e+00  1.0064338953e+00 -9.5867034897e-01  1.9248410897e+00  1.3863552435e+00  4.8167216274e+00 -3.2228032477e+00  2.3452969218e+00 -1.9451191929e+00 -8.1365448265e-02  2.6438512147e+00 -2.5201496024e-01  1.4896134265e+00  3.7745549423e+00 -7.4038536098e-01  7.5508889018e-01  2.6024727534e+00  3.9895481530e+00 -3.2827490362e-01  1.8597279822e+00  1.1450820230e+00 -3.1271620711e+00  2.5158735759e-01  2.1204273377e+00  1.0823804781e+00  2.7176468459e+00 -7.3006082077e-01 -1.7381896101e+00  1.1573934637e+00  3.4829861805e+00 -5.5218777010e+00  3.1098329854e+00  2.0622155342e+00 -4.6927633460e+00  3.7821056957e+00  2.4060461781e+00 -4.5973749163e+00  2.0489961728e+00  6.8878054475e+00 -2.0849948442e+00  3.7753229233e+00  8.1319878372e+00 -3.2337047196e+00  3.2403901506e+00  7.3385271945e+00 -2.1695913997e+00  2.0605186436e+00  3.0635492418e+00 -2.4748596166e+00  3.2850125302e+00  4.1491731331e+00 -3.3995759019e+00  4.2893259211e+00  6.4179896754e+00 -4.4916069283e+00  1.9120661703e+00  5.9555150373e+00 -4.4339461044e+00  3.6147035106e+00 -1.8384124899e+00  1.7540238640e+00  9.0072217981e-01 -9.5534166340e-01  2.8483011476e+00  1.8184423780e+00
ENERGY -1.158330501010e+03

JOB 18
COORDS  2.9481260217e+00 -6.5955243193e-01  1.6206496288e+00  1.2961002474e+00 -2.2471231118e+00  8.0591209180e-01  1.9308500128e+00  1.5478293795e-01  2.1058319747e+00  2.7417819621e-01 -1.4429645601e+00  1.3067178716e+00  2.6401459326e+00 -1.8795561786e+00  9.8283316439e-01  5.9966013607e-01 -2.4823323342e-01  1.9528806569e+00  2.8737420865e+00 -4.5646198165e+00  3.0817481582e+00  7.0894125052e+00 -2.7547339418e+00  3.1577164930e+00  3.7513723407e+00 -3.3222081482e+00  3.2628469993e+00  6.1278601429e+00 -3.8146845869e+00  2.6171459056e+00  3.6522155051e+00 -2.6368375080e+00  3.5323236825e-01  4.6710961467e+00 -3.1303864841e+00  9.1586376313e-01 -9.3713394118e-01  1.9390141866e+00  1.3677192634e+00  4.8241392314e+00 -3.2415407356e+00  2.2518594890e+00 -1.9197420425e+00 -3.2741528052e-02  2.6818193908e+00 -1.7784279845e-01  1.5321857535e+00  3.7449366724e+00 -7.0494065353e-01  7.8577944889e-01  2.5972364624e+00  3.9878223872e+00 -3.6715045393e-01  1.7371726821e+00  1.0664501514e+00 -3.1706941388e+00  2.8269531352e-01  2.1616459003e+00  1.0834087442e+00  2.6185738655e+00 -7.6555629485e-01 -1.7393826292e+00  1.2107845567e+00  3.4707855722e+00 -5.4803728394e+00  3.1386322322e+00  2.1125379805e+00 -4.5964715016e+00  3.8676153016e+00  2.3619835657e+00 -4.5500107268e+00  2.1168653574e+00  6.6810320046e+00 -2.2621397100e+00  4.0468763206e+00  8.0464244224e+00 -3.2113388848e+00  3.4324461920e+00  7.2755355636e+00 -1.9900819065e+00  2.3977540505e+00  3.1457101418e+00 -2.4186994112e+00  3.2677941483e+00  4.2597243941e+00 -3.3570897590e+00  4.2298616458e+00  6.5381934588e+00 -4.2745904070e+00  1.7160829776e+00  5.9700737803e+00 -4.6087044843e+00  3.3554695516e+00 -1.8305180829e+00  1.7720138353e+00  9.0624044120e-01 -9.1204314748e-01  2.8689565440e+00  1.7849498729e+00
ENERGY -1.158331148141e+03

JOB 19
COORDS  2.9327477887e+00 -6.8354142999e-01  1.5547780168e+00  1.2457612071e+00 -2.2841863218e+00  8.4518062615e-01  1.9371456935e+00  1.5196737415e-01  2.0488200060e+00  2.4589376323e-01 -1.4595134988e+00  1.3570681201e+00  2.5967102944e+00 -1.9196325771e+00  9.6434759629e-01  5.9947479162e-01 -2.4753385893e-01  1.9543128668e+00  2.9397444766e+00 -4.5610761385e+00  3.0697675261e+00  7.0382034764e+00 -2.7966229305e+00  3.2985005480e+00  3.7950029287e+00 -3.3002262273e+00  3.2313234289e+00  6.1464228315e+00 -3.7787891333e+00  2.5369953395e+00  3.5818580116e+00 -2.7025933734e+00  3.2191299045e-01  4.6286432460e+00 -3.1630824135e+00  8.5823896927e-01 -9.5116325870e-01  1.9260020318e+00  1.3544429808e+00  4.8426852844e+00 -3.1901145965e+00  2.1957523159e+00 -1.8905679198e+00  2.9703324149e-03  2.7682827628e+00 -1.0529327506e-01  1.5943241907e+00  3.7139106396e+00 -6.7723516698e-01  8.1301866190e-01  2.6119296696e+00  3.9772743522e+00 -3.9517242426e-01  1.6289783620e+00  9.9321802700e-01 -3.2211915175e+00  3.5769273563e-01  2.1902633960e+00  1.0942442678e+00  2.5248099042e+00 -7.9793927991e-01 -1.7526167394e+00  1.3063615114e+00  3.5568839710e+00 -5.4643247525e+00  3.1071941023e+00  2.2031931588e+00 -4.6108436107e+00  3.8777628810e+00  2.3990146701e+00 -4.5569232224e+00  2.1209755997e+00  6.5737796787e+00 -2.4712823617e+00  4.2354571129e+00  7.9952221049e+00 -3.2684197059e+00  3.5454213708e+00  7.2359403367e+00 -1.9091777667e+00  2.6899003746e+00  3.1707900731e+00 -2.4092877737e+00  3.2563337951e+00  4.3276840978e+00 -3.3291911814e+00  4.1851738531e+00  6.6135137525e+00 -4.0689401525e+00  1.5948036765e+00  5.9895532005e+00 -4.6910358985e+00  3.1269062554e+00 -1.8621733709e+00  1.7489525813e+00  9.3291387990e-01 -9.0570768569e-01  2.8692055830e+00  1.7388919410e+00
ENERGY -1.158331541268e+03

JOB 20
COORDS  2.9003728636e+00 -7.0377666151e-01  1.5016910842e+00  1.1846767453e+00 -2.3157907239e+00  8.8762489343e-01  1.9222522683e+00  1.5192834656e-01  1.9958711056e+00  2.0398712507e-01 -1.4703044665e+00  1.4027120715e+00  2.5395171420e+00 -1.9541169985e+00  9.5850805983e-01  5.8050806559e-01 -2.4247668962e-01  1.9513611809e+00  2.9978439843e+00 -4.5558040033e+00  3.0600340112e+00  6.9850027882e+00 -2.8620948198e+00  3.4132118495e+00  3.8211973077e+00 -3.2720186860e+00  3.2094287056e+00  6.1554808629e+00 -3.7236000323e+00  2.4606446797e+00  3.4995663478e+00 -2.7653869903e+00  3.1127864745e-01  4.5731800454e+00 -3.1874442397e+00  8.2189538588e-01 -9.7443445275e-01  1.9198847103e+00  1.3263469381e+00  4.8473086289e+00 -3.1185800742e+00  2.1547502966e+00 -1.8845062593e+00  4.9282534659e-02  2.8269624323e+00 -6.4926417568e-02  1.6579017987e+00  3.6713285566e+00 -6.7186539844e-01  8.4625374889e-01  2.6110000550e+00  3.9480721022e+00 -4.2081260031e-01  1.5410368467e+00  9.1435709628e-01 -3.2654927251e+00  4.3549378181e-01  2.1929755560e+00  1.1069845185e+00  2.4352375658e+00 -8.4228511646e-01 -1.7587037401e+00  1.3904457593e+00  3.6393688978e+00 -5.4423532562e+00  3.0782037854e+00  2.2848206028e+00 -4.6288711065e+00  3.8870659612e+00  2.4315538794e+00 -4.5650513444e+00  2.1265416104e+00  6.4908716746e+00 -2.7196883115e+00  4.3794227696e+00  7.9495187360e+00 -3.3439709444e+00  3.6041505523e+00  7.1716256182e+00 -1.8757399323e+00  2.9777359595e+00  3.1726663705e+00 -2.3988334170e+00  3.2534634417e+00  4.3704092126e+00 -3.2932639773e+00  4.1530427565e+00  6.6689974352e+00 -3.8413406099e+00  1.5060399374e+00  6.0111592797e+00 -4.7270822477e+00  2.8852713992e+00 -1.8979769260e+00  1.7358070598e+00  9.3627715611e-01 -9.1191885028e-01  2.8748392164e+00  1.6779780034e+00
ENERGY -1.158331272602e+03

JOB 21
COORDS  2.8776007951e+00 -6.5463482296e-01  1.4419761768e+00  1.1503354308e+00 -2.2923712144e+00  9.4181407809e-01  1.9113467568e+00  2.1749090269e-01  1.9309178716e+00  1.8201554297e-01 -1.4299775536e+00  1.4527804207e+00  2.5051227452e+00 -1.9253338823e+00  9.5815562843e-01  5.7001017690e-01 -1.8060327323e-01  1.9412115780e+00  3.0408882133e+00 -4.5088189015e+00  3.0907088065e+00  6.9202016894e+00 -3.0305696677e+00  3.5460513461e+00  3.8324064820e+00 -3.2007805575e+00  3.2002177011e+00  6.1502744932e+00 -3.6850521820e+00  2.3996812681e+00  3.4493179201e+00 -2.7584533751e+00  3.1301647354e-01  4.5335199225e+00 -3.1655463049e+00  8.0873350616e-01 -1.0067981526e+00  1.9533949847e+00  1.2749900914e+00  4.8479732487e+00 -3.0391798921e+00  2.1348962387e+00 -1.8711563669e+00  1.4253044920e-01  2.8713732225e+00 -3.2168816969e-02  1.7850616245e+00  3.6025233039e+00 -6.6656626388e-01  9.3193370208e-01  2.5920159041e+00  3.9252122086e+00 -3.6914430228e-01  1.4409738594e+00  8.6980824431e-01 -3.2595337370e+00  5.3530841822e-01  2.1917427001e+00  1.1894059346e+00  2.3248595809e+00 -8.6317694590e-01 -1.7209955507e+00  1.4825035518e+00  3.7027555304e+00 -5.3797043028e+00  3.1228743290e+00  2.3398954351e+00 -4.5795107534e+00  3.9281768751e+00  2.4634135696e+00 -4.5551881908e+00  2.1648664962e+00  6.4391581509e+00 -3.1749098202e+00  4.5176127411e+00  7.9185403032e+00 -3.4751053353e+00  3.6099827206e+00  7.0340885253e+00 -1.9553696697e+00  3.3754882111e+00  3.1602834211e+00 -2.3451823578e+00  3.2225437674e+00  4.3809343615e+00 -3.1786111494e+00  4.1427136302e+00  6.7167538415e+00 -3.6087089316e+00  1.4716285522e+00  6.0068828188e+00 -4.7553877717e+00  2.6076581498e+00 -1.9416761326e+00  1.7552991833e+00  9.2042738148e-01 -9.3286116561e-01  2.9217354219e+00  1.5853047364e+00
ENERGY -1.158330184219e+03

JOB 22
COORDS  3.4618310152e+00 -1.3920295514e-01  2.5956132593e+00  2.2792134836e+00 -9.6891042359e-01  6.3960394527e-01  2.2785423809e+00  4.0767861844e-01  3.0816766257e+00  1.0878753573e+00 -4.4171231486e-01  1.1332998009e+00  3.4672959724e+00 -8.4824711407e-01  1.3781717675e+00  1.0976012979e+00  2.4435138508e-01  2.3500856553e+00  3.4314226258e+00 -4.3008321981e+00  1.6304399830e+00  6.4764367639e+00 -4.2918417822e+00  4.0816070661e+00  3.9423780422e+00 -3.3701175159e+00  2.7354357892e+00  6.4371287242e+00 -3.6853931345e+00  2.6809017639e+00  4.6854172847e+00 -1.2749043867e+00  7.9749856852e-01  5.5191267090e+00 -2.0623862384e+00  1.3166485878e+00 -4.3788383389e-01  2.5124593455e+00  2.3563385699e+00  5.2749846381e+00 -2.7945669716e+00  2.4476669168e+00 -1.5377232458e+00  2.1231830505e-01  2.3508435637e+00 -2.9334562696e-01  1.0612385668e+00  4.4373398999e+00 -4.2566884981e-01  9.3093155365e-01  2.9822397405e+00  4.3856308589e+00 -3.7417037610e-02  3.1571978501e+00  2.3003480659e+00 -1.4886451920e+00 -3.1365934784e-01  2.2597802450e+00  9.3431569521e-01  4.0307134440e+00  1.5687011765e-01 -5.6651722521e-01  5.8942702379e-01  4.1119749203e+00 -5.1422740592e+00  1.4674908120e+00  2.4533813892e+00 -4.7021099873e+00  1.9138082972e+00  3.3152995440e+00 -3.7689549248e+00  6.8268126919e-01  5.7153743049e+00 -5.0622215145e+00  4.2334447553e+00  7.4503893163e+00 -4.7672991882e+00  4.2339646930e+00  6.3511727040e+00 -3.5226697113e+00  4.8507683776e+00  3.2248492944e+00 -2.5768756964e+00  2.9283070990e+00  4.0402324367e+00 -3.9166002871e+00  3.6735293529e+00  7.3215225471e+00 -3.0693155520e+00  2.5159531304e+00  6.4564233892e+00 -4.4848422268e+00  1.9272443813e+00 -1.2372282679e+00  2.6224601597e+00  1.7336584594e+00 -4.8214229419e-01  3.1762083048e+00  3.1285884453e+00
ENERGY -1.158328849363e+03

JOB 23
COORDS  3.4678008582e+00 -8.3072191829e-02  2.5567294211e+00  2.2603148320e+00 -1.0015188139e+00  6.5379003801e-01  2.2852637447e+00  4.6373376121e-01  3.0442929666e+00  1.0699919883e+00 -4.7390811845e-01  1.1493539367e+00  3.4587240312e+00 -8.3692851650e-01  1.3666875250e+00  1.0944246342e+00  2.5557886731e-01  2.3404151230e+00  3.4771898445e+00 -4.3168335261e+00  1.7346358801e+00  6.4042802886e+00 -4.4653036445e+00  3.9606523100e+00  3.9697584294e+00 -3.3189705924e+00  2.7877402648e+00  6.4812095267e+00 -3.6079014250e+00  2.7010709217e+00  4.6719996424e+00 -1.2731851151e+00  7.8281214568e-01  5.5150865182e+00 -2.0423763063e+00  1.3140166121e+00 -4.7618653622e-01  2.4995180541e+00  2.3069157259e+00  5.2941432883e+00 -2.7410954127e+00  2.4710211899e+00 -1.5383468974e+00  1.8266108883e-01  2.3905226396e+00 -2.7105799922e-01  1.1149018526e+00  4.4271868854e+00 -4.2745869251e-01  9.3809897928e-01  2.9794238924e+00  4.4003391643e+00  5.1472598405e-02  3.0965458775e+00  2.2723428109e+00 -1.5569551923e+00 -2.7929507525e-01  2.2752505187e+00  1.0244819548e+00  3.9737553724e+00  1.3085124234e-01 -6.3164320866e-01  6.2843389215e-01  4.1698385752e+00 -5.1572910576e+00  1.6244337969e+00  2.5012130774e+00 -4.7134038537e+00  2.0317194327e+00  3.3641491349e+00 -3.8401010604e+00  7.5723097621e-01  5.6613304284e+00 -5.2639719472e+00  3.8843421699e+00  7.3777267461e+00 -4.9407763098e+00  4.1157777073e+00  6.1821058098e+00 -3.8645279558e+00  4.8488874889e+00  3.2421828708e+00 -2.5247972498e+00  2.9299873267e+00  4.0672465974e+00 -3.8064021959e+00  3.7575128665e+00  7.3416181935e+00 -2.9387317688e+00  2.7585313984e+00  6.6356108431e+00 -4.2537952424e+00  1.8273533840e+00 -1.2856384234e+00  2.5770927134e+00  1.6924629686e+00 -5.2171662856e-01  3.1851951524e+00  3.0596853795e+00
ENERGY -1.158327498304e+03

