JOB 0
COORDS -1.7232593400e+00  1.1346993344e+00  6.3221656561e-01 -8.8037881600e-01  5.5270039925e-01 -4.9361961007e-01 -2.5004093828e+00  9.0189485715e-01  5.4160291175e+00 -1.5936223656e+00  5.7042433209e-01  4.2336103856e+00 -1.4528526021e+00  5.9411677357e-01  1.8735545791e+00 -2.2426849321e+00  9.5802434464e-01  2.9817351216e+00 -2.5539723807e+00  2.0131741878e+00  4.4279883372e-01 -1.5407343723e+00  6.9283845256e-02 -1.2191575359e+00 -3.7732864100e-01  1.3771865052e+00 -1.0050497772e+00 -1.2780151933e-01 -1.6666068382e-01 -1.5731900312e-01 -2.0066193304e+00  6.4487736016e-01  6.3579710617e+00 -2.7413094389e+00  1.9685371154e+00  5.4266150188e+00 -3.4402393392e+00  3.3924186863e-01  5.3688317403e+00 -6.5538859170e-01  1.1301928854e+00  4.3046702788e+00 -1.3323310022e+00 -5.0558703842e-01  4.2551568631e+00 -1.0242034067e+00 -3.3136201113e-01  1.8908652249e+00 -3.1591274503e+00  5.1224127477e-01  2.9038903059e+00
ENERGY -3.432176394703e+02

JOB 1
COORDS -1.6994065628e+00  1.1570397026e+00  6.4898590214e-01 -8.6724792121e-01  5.7111698802e-01 -4.8407977216e-01 -2.4871582243e+00  9.2318197141e-01  5.4130702498e+00 -1.5947575325e+00  5.9565593493e-01  4.2186609354e+00 -1.5487354230e+00  4.9511918960e-01  1.8517018689e+00 -2.3169228754e+00  8.5039214843e-01  2.9708471243e+00 -2.4212127706e+00  2.1313355672e+00  4.9183982628e-01 -1.5401917177e+00  2.1729419483e-01 -1.2701884437e+00 -2.5643664523e-01  1.3713305717e+00 -9.0924342129e-01 -2.1225240403e-01 -2.5016655303e-01 -1.7784531672e-01 -1.9427903400e+00  7.6702247277e-01  6.3492737696e+00 -2.8178394056e+00  1.9646883261e+00  5.3697637938e+00 -3.3766469203e+00  2.8229278513e-01  5.4354043665e+00 -7.0659775403e-01  1.2353331145e+00  4.2189879996e+00 -1.2420549823e+00 -4.5086497633e-01  4.2923313186e+00 -1.1243923879e+00 -4.3126832020e-01  1.8363191401e+00 -3.1976190441e+00  3.3348223259e-01  2.9569698289e+00
ENERGY -3.432181277150e+02

JOB 2
COORDS -1.6833084730e+00  1.1643476832e+00  6.7504942243e-01 -8.5214930285e-01  5.8784641407e-01 -4.6431641021e-01 -2.4686485574e+00  9.4379903511e-01  5.4024803108e+00 -1.6025325513e+00  6.2063666097e-01  4.1877486080e+00 -1.6619106294e+00  3.9770959468e-01  1.8224194982e+00 -2.3927186753e+00  7.5448578633e-01  2.9611216423e+00 -2.3044144081e+00  2.2110370229e+00  5.6219866571e-01 -1.5146464466e+00  3.7052977249e-01 -1.3066363592e+00 -1.4209312138e-01  1.3512243181e+00 -7.9195268582e-01 -3.0134331681e-01 -3.2064845869e-01 -2.0191634544e-01 -1.8770824682e+00  8.7847857648e-01  6.3206174655e+00 -2.8795156792e+00  1.9540933497e+00  5.3218179696e+00 -3.3048056449e+00  2.4040272698e-01  5.4958452259e+00 -7.6776083998e-01  1.3248841332e+00  4.1164609136e+00 -1.1678145606e+00 -3.9093071759e-01  4.2962446274e+00 -1.1959448365e+00 -5.0693138193e-01  1.8021596657e+00 -3.2355733997e+00  1.8202083421e-01  3.0134569558e+00
ENERGY -3.432185331454e+02

JOB 3
COORDS -1.6772822462e+00  1.1584319103e+00  7.1049854846e-01 -8.3409211069e-01  6.0440398389e-01 -4.3127186732e-01 -2.4428488874e+00  9.6657206376e-01  5.3828999039e+00 -1.6163916854e+00  6.4469681877e-01  4.1405884183e+00 -1.7878263708e+00  3.0073569573e-01  1.7875536058e+00 -2.4727442907e+00  6.6576504641e-01  2.9505959038e+00 -2.2099289508e+00  2.2565887625e+00  6.5175752810e-01 -1.4592110646e+00  5.3965279074e-01 -1.3257696988e+00 -2.9044846665e-02  1.3130031234e+00 -6.4217755717e-01 -3.9969214825e-01 -3.7996464812e-01 -2.3144445089e-01 -1.8045534355e+00  9.8537182946e-01  6.2713964716e+00 -2.9262359688e+00  1.9419700326e+00  5.2784239511e+00 -3.2224598850e+00  2.1362673932e-01  5.5503496899e+00 -8.3836935938e-01  1.4007524227e+00  3.9953447191e+00 -1.1070852468e+00 -3.2877563601e-01  4.2695496361e+00 -1.2524252441e+00 -5.6468803926e-01  1.7840287069e+00 -3.2720711700e+00  4.4842454059e-02  3.0704756615e+00
ENERGY -3.432189308010e+02

JOB 4
COORDS -1.6629518923e+00  1.1471410694e+00  7.6303822551e-01 -8.1958632133e-01  6.1969347023e-01 -3.9055708088e-01 -2.4185057191e+00  9.9256414525e-01  5.3537840400e+00 -1.6329876661e+00  6.7272497028e-01  4.0848565224e+00 -1.9023846856e+00  2.0927838250e-01  1.7532937511e+00 -2.5466735454e+00  5.7494849081e-01  2.9410124916e+00 -2.0983108706e+00  2.2882106614e+00  7.8228508520e-01 -1.3970245306e+00  7.1695473643e-01 -1.3135257441e+00  6.8661871670e-02  1.2492730358e+00 -4.8949788931e-01 -5.0887087225e-01 -4.2333053580e-01 -2.7708735416e-01 -1.7405384274e+00  1.0997966008e+00  6.2059171902e+00 -2.9774801074e+00  1.9245728445e+00  5.2319459926e+00 -3.1307059773e+00  1.9406959748e-01  5.5948015750e+00 -9.2447246949e-01  1.4773612898e+00  3.8648946724e+00 -1.0455975033e+00 -2.5364477652e-01  4.2268631441e+00 -1.3248654223e+00 -6.2993234460e-01  1.7575749391e+00 -3.2899687725e+00 -9.6696287600e-02  3.1231996094e+00
ENERGY -3.432192679191e+02

JOB 5
COORDS -1.6501644667e+00  1.1236833690e+00  8.2620000433e-01 -8.1256879691e-01  6.3362224866e-01 -3.4698288934e-01 -2.3999208831e+00  1.0245684342e+00  5.3168705457e+00 -1.6495026472e+00  7.1410167471e-01  4.0246766265e+00 -1.9962017248e+00  1.2299318202e-01  1.7230323955e+00 -2.6050123008e+00  4.6935687084e-01  2.9376916441e+00 -1.9914776461e+00  2.2908025819e+00  9.4294415169e-01 -1.2831019964e+00  9.7540129990e-01 -1.2717748955e+00  1.7788406056e-01  1.0948041328e+00 -2.9073899181e-01 -6.9871089996e-01 -4.5374874831e-01 -3.8618505121e-01 -1.6951724621e+00  1.2395233446e+00  6.1258775824e+00 -3.0507817704e+00  1.8926544500e+00  5.1800933765e+00 -3.0197291545e+00  1.7671329893e-01  5.6333301531e+00 -1.0388845753e+00  1.5718638444e+00  3.7275950153e+00 -9.6709765738e-01 -1.4265347538e-01  4.1773852496e+00 -1.4037618602e+00 -7.0766879323e-01  1.7128867065e+00 -3.2680581299e+00 -2.6303236469e-01  3.1798975468e+00
ENERGY -3.432192604123e+02

JOB 6
COORDS -1.6100668282e+00  1.1064399657e+00  8.9393033637e-01 -8.0419193719e-01  6.3725441995e-01 -3.0855897484e-01 -2.3892065350e+00  1.0408087120e+00  5.2866902434e+00 -1.6702175141e+00  7.6457477460e-01  3.9691727966e+00 -2.0800048521e+00  7.3217845642e-02  1.6928001151e+00 -2.6482765449e+00  3.9116960593e-01  2.9390620434e+00 -1.8305342076e+00  2.2887190564e+00  1.1143515426e+00 -1.2032052736e+00  1.1258499794e+00 -1.2004340439e+00  2.3357703554e-01  9.6328716836e-01 -1.9020081199e-01 -8.2427465344e-01 -4.4638098429e-01 -4.5650517620e-01 -1.6734737506e+00  1.3518128235e+00  6.0537428385e+00 -3.1290953202e+00  1.8356788236e+00  5.1571093448e+00 -2.9058802357e+00  1.4701892960e-01  5.6577985359e+00 -1.1664149575e+00  1.6687396275e+00  3.6184690087e+00 -9.0012988266e-01 -1.6201046506e-02  4.1107265956e+00 -1.5194629414e+00 -7.7936774407e-01  1.6476138862e+00 -3.2314045126e+00 -3.8963660708e-01  3.2270308901e+00
ENERGY -3.432184015346e+02

JOB 7
COORDS -1.5562693393e+00  1.0963533723e+00  9.3893472151e-01 -7.9160882810e-01  6.1370695111e-01 -2.8487071820e-01 -2.3831767554e+00  1.0246564364e+00  5.2800879862e+00 -1.6969675451e+00  8.4770309744e-01  3.9282217800e+00 -2.1566925468e+00  7.8883152798e-02  1.6630087429e+00 -2.6754012317e+00  3.5736003247e-01  2.9469650453e+00 -1.6466369558e+00  2.2829366889e+00  1.2280496401e+00 -1.1059811344e+00  1.2124088576e+00 -1.1427650880e+00  2.7690214120e-01  7.9291847857e-01 -1.3087543816e-01 -9.4745823199e-01 -4.4481594782e-01 -5.1223695617e-01 -1.6774016462e+00  1.4248397169e+00  6.0142808102e+00 -3.2243922210e+00  1.7183931977e+00  5.1932444656e+00 -2.7621376165e+00  7.1415163980e-02  5.6696238565e+00 -1.3256006391e+00  1.8064486502e+00  3.5634771106e+00 -8.3254025128e-01  1.6524486574e-01  4.0253824780e+00 -1.6760192251e+00 -8.1660032925e-01  1.5650455417e+00 -3.1708808848e+00 -4.6886703468e-01  3.2672251920e+00
ENERGY -3.432159400732e+02

JOB 8
COORDS -1.4828935659e+00  1.0890785222e+00  9.6568674222e-01 -7.7672293476e-01  5.6503652624e-01 -2.7710104749e-01 -2.3767405090e+00  9.8054744078e-01  5.2932071263e+00 -1.7432719321e+00  9.6165845849e-01  3.9044903104e+00 -2.2154783978e+00  1.3139919283e-01  1.6386866593e+00 -2.6969775520e+00  3.6306488750e-01  2.9566667272e+00 -1.4302118805e+00  2.2702097389e+00  1.2939779226e+00 -1.0113014642e+00  1.2308885637e+00 -1.1107286239e+00  3.0468001747e-01  6.0682723340e-01 -1.1475831575e-01 -1.0572051305e+00 -4.5698914775e-01 -5.4821035721e-01 -1.6975632116e+00  1.4510622186e+00  6.0104929142e+00 -3.3127159999e+00  1.5469116184e+00  5.2811268090e+00 -2.5925775645e+00 -3.2332401440e-02  5.6566336318e+00 -1.5302701875e+00  1.9743507520e+00  3.5646580398e+00 -7.8591299028e-01  4.1021211317e-01  3.9287400341e+00 -1.8719316231e+00 -8.1319530927e-01  1.4737051756e+00 -3.0751679851e+00 -5.1574505750e-01  3.2955254220e+00
ENERGY -3.432118719134e+02

JOB 9
COORDS -1.0599564031e+00  8.8759057234e-01  1.0787721405e+00 -8.7298447723e-01  5.4121785286e-01 -3.9465718775e-01 -2.5321621064e+00  1.0106075589e+00  5.3097871995e+00 -1.8147387656e+00  1.1055882504e+00  3.9644377745e+00 -1.8773371717e+00  2.1179930678e-03  1.7435279954e+00 -2.5236615742e+00  2.1482828106e-01  3.0180222183e+00 -4.9013308626e-01  1.8518508140e+00  1.5835506684e+00 -1.3289657896e+00  1.3315833489e+00 -9.9878227603e-01  1.9759930337e-01  5.3584837097e-01 -6.1169356814e-01 -1.3005600356e+00 -4.2222977925e-01 -6.8737733689e-01 -2.0572557555e+00  1.6804332766e+00  6.0330939720e+00 -3.5845857822e+00  1.2946052939e+00  5.2132924997e+00 -2.4881052945e+00 -5.4419195561e-03  5.7224171597e+00 -1.8515746048e+00  2.1235624864e+00  3.5812821359e+00 -7.5591676503e-01  8.3737916683e-01  4.0725822246e+00 -2.5062562743e+00 -5.1381543350e-01  1.1388925511e+00 -2.5056683285e+00 -7.1274078372e-01  3.4456509994e+00
ENERGY -3.432113101361e+02

JOB 10
COORDS -9.6177772206e-01  7.7704136556e-01  1.1199034506e+00 -9.1791828217e-01  5.8498072820e-01 -3.9249589789e-01 -2.5702639615e+00  1.0454022676e+00  5.2829025990e+00 -1.8336062866e+00  1.1146112765e+00  3.9460936635e+00 -1.8581219401e+00 -6.1973498824e-02  1.7481446789e+00 -2.4525113818e+00  1.1356783434e-01  3.0489754743e+00 -2.2822664054e-01  1.5855777751e+00  1.6818378455e+00 -1.3665881624e+00  1.4620183804e+00 -8.6981106276e-01  1.2832938119e-01  5.3814072254e-01 -7.0143726318e-01 -1.4363150272e+00 -3.1195710896e-01 -7.4393751868e-01 -2.1554181996e+00  1.7841657619e+00  5.9756297366e+00 -3.6379441072e+00  1.2479704718e+00  5.1550527983e+00 -2.4634200981e+00  5.8733900576e-02  5.7511247633e+00 -1.9533252410e+00  2.1020818911e+00  3.4989650051e+00 -7.5985301069e-01  9.5192792829e-01  4.0851082679e+00 -2.5618625113e+00 -4.3772130580e-01  1.1221894901e+00 -2.3234397201e+00 -7.9158304000e-01  3.5045531395e+00
ENERGY -3.432124461154e+02

JOB 11
COORDS -1.3227433231e+00 -8.8846693349e-01  1.5772690513e+00 -7.8983110970e-01 -1.1171260796e+00  1.6793936196e-01 -3.7120480696e-01  1.1058077630e+00  4.0779507626e+00 -1.8214787204e+00  6.2900931660e-01  4.0869564051e+00 -2.2123246516e+00  1.6384746941e-01  1.6622746655e+00 -2.5206939716e+00  9.5438293189e-01  2.8218932154e+00 -9.9427711275e-01 -1.6097625757e+00  2.5154377046e+00  2.1175342604e-01 -6.8013736734e-01  9.2951458931e-02 -7.0069876179e-01 -2.1919883702e+00  2.5969352320e-03 -1.4186738690e+00 -6.8082211318e-01 -6.1387128826e-01  7.7641935751e-02  9.5489313024e-01  5.0654643232e+00  2.2723840865e-01  5.4180895193e-01  3.3586067045e+00 -3.1612793048e-01  2.1707791165e+00  3.8292627198e+00 -1.8721485806e+00 -4.3241846571e-01  4.3406542264e+00 -2.3826738954e+00  1.1939501661e+00  4.8405052706e+00 -2.1832552818e+00  7.7483909782e-01  8.5311339827e-01 -3.5136986263e+00  7.9013375683e-01  2.9884848888e+00
ENERGY -3.432152635706e+02

JOB 12
COORDS -1.4156113769e+00 -9.1131964361e-01  1.5868041077e+00 -7.4930324300e-01 -1.0920528941e+00  2.2929886728e-01 -3.7341915906e-01  1.1274609434e+00  3.9795723832e+00 -1.8060992826e+00  6.1136276448e-01  4.0845166857e+00 -2.2190914743e+00  2.0868527032e-01  1.6677191861e+00 -2.5855469740e+00  9.0544451716e-01  2.8598711964e+00 -1.2566541875e+00 -1.7155242962e+00  2.5009357027e+00  2.8882295439e-01 -7.4935192474e-01  2.9639091900e-01 -7.3671212799e-01 -2.1560078583e+00 -1.2452503189e-02 -1.2447348734e+00 -5.4213234132e-01 -5.7630917473e-01  1.4380615921e-01  9.9337298804e-01  4.9351778176e+00  1.9446505954e-01  5.7728140050e-01  3.2238840176e+00 -3.6058529730e-01  2.1917680405e+00  3.7224874006e+00 -1.8083666419e+00 -4.4984152161e-01  4.3446058345e+00 -2.3356151029e+00  1.1648164783e+00  4.8687111623e+00 -2.0846305451e+00  8.6951873939e-01  9.1033791946e-01 -3.5539207583e+00  6.4524913289e-01  3.0459382819e+00
ENERGY -3.432189818579e+02

JOB 13
COORDS -1.4829386166e+00 -9.2953859484e-01  1.5735184223e+00 -7.4263661998e-01 -1.1068488769e+00  2.5551233629e-01 -3.8346050955e-01  1.1854241425e+00  3.9392281022e+00 -1.7843364735e+00  5.9836484891e-01  4.0857363277e+00 -2.1752788792e+00  2.5894764095e-01  1.6752244594e+00 -2.6128307771e+00  8.6016679076e-01  2.8854662451e+00 -1.4710152288e+00 -1.7869665374e+00  2.4523875612e+00  3.1810893899e-01 -8.8418130167e-01  4.1208437897e-01 -8.2449444633e-01 -2.1506286721e+00 -5.2033666105e-02 -1.1187550126e+00 -4.6176985611e-01 -5.4399092312e-01  1.7245333950e-01  1.0672861693e+00  4.8747506215e+00  1.8468391120e-01  6.7218324170e-01  3.1570045112e+00 -4.2899055430e-01  2.2514334081e+00  3.6928829085e+00 -1.7251872030e+00 -4.6538182457e-01  4.3310567635e+00 -2.3151215602e+00  1.1132106095e+00  4.8947317186e+00 -1.9630436312e+00  9.5519279135e-01  9.7010623970e-01 -3.5503535483e+00  5.0183581562e-01  3.0638237970e+00
ENERGY -3.432222625625e+02

JOB 14
COORDS -1.5253418269e+00 -9.5982465716e-01  1.5404876119e+00 -7.6755352056e-01 -1.1639702262e+00  2.3786198732e-01 -4.1047902883e-01  1.3165693121e+00  3.9606609789e+00 -1.7431113551e+00  5.8425797847e-01  4.0905080362e+00 -2.0862110170e+00  2.8775061334e-01  1.6900866052e+00 -2.5999641641e+00  8.0411544152e-01  2.9017079167e+00 -1.6426917302e+00 -1.8508290797e+00  2.3780502884e+00  2.9838330374e-01 -1.2621978301e+00  4.6490290851e-01 -1.0977219640e+00 -2.1016648364e+00 -2.1431204970e-01 -9.0162054843e-01 -3.5050099002e-01 -4.8091082037e-01  1.6647209718e-01  1.2152234273e+00  4.8853566165e+00  1.9560313517e-01  8.9916838837e-01  3.1497329459e+00 -5.6622273824e-01  2.3822040666e+00  3.7621008272e+00 -1.5764874596e+00 -4.7878371796e-01  4.2896303469e+00 -2.3152147344e+00  1.0037257959e+00  4.9257552313e+00 -1.8350243336e+00  1.0082797064e+00  1.0251211458e+00 -3.4960109862e+00  3.4520640259e-01  3.0607492274e+00
ENERGY -3.432247271186e+02

JOB 15
COORDS -1.5796011194e+00 -1.0007496777e+00  1.4875143432e+00 -8.1976548556e-01 -1.2492040450e+00  1.9514470490e-01 -4.4486423787e-01  1.4664025586e+00  4.0428224725e+00 -1.6833626623e+00  5.7571353164e-01  4.0909749447e+00 -1.9489276946e+00  3.0344029581e-01  1.7029905310e+00 -2.5360400215e+00  7.7455244491e-01  2.8954819295e+00 -1.8575079549e+00 -1.9039971942e+00  2.2741178127e+00  2.0324335574e-01 -1.5467973797e+00  4.4383661323e-01 -1.2884568783e+00 -2.0832103883e+00 -3.3205057331e-01 -7.8304608186e-01 -3.7906363385e-01 -4.6669576460e-01  1.3832665706e-01  1.3559078583e+00  4.9627775463e+00  2.0623618894e-01  1.1927487888e+00  3.2057242744e+00 -7.2483624894e-01  2.5191203462e+00  3.9317522497e+00 -1.4006515202e+00 -4.7514313189e-01  4.2176015473e+00 -2.3127782698e+00  8.5942690527e-01  4.9418062230e+00 -1.6736999167e+00  1.0252178812e+00  1.0507146231e+00 -3.3974649809e+00  2.4436463507e-01  3.0229763263e+00
ENERGY -3.432263682919e+02

JOB 16
COORDS -1.5894790753e+00 -1.0394301970e+00  1.4454853907e+00 -8.7378007573e-01 -1.3207521489e+00  1.3604731278e-01 -4.9235163623e-01  1.6008185285e+00  4.1236334896e+00 -1.6324615205e+00  5.8667688363e-01  4.1081863401e+00 -1.7842167516e+00  2.8684584810e-01  1.7339050174e+00 -2.4623469904e+00  7.2679829705e-01  2.8889972690e+00 -1.9767432915e+00 -1.9342546583e+00  2.1959460589e+00  3.3328766287e-02 -1.8916195443e+00  3.5150897513e-01 -1.5163954305e+00 -1.9452948117e+00 -4.9004715423e-01 -6.0181490524e-01 -4.1726120072e-01 -4.1737512204e-01  8.1048346209e-02  1.5157501906e+00  5.0525806937e+00  1.9773151102e-01  1.4278942941e+00  3.2911381102e+00 -8.7886618563e-01  2.6221157259e+00  4.0447374476e+00 -1.2462045224e+00 -4.3461735100e-01  4.2130671108e+00 -2.3110947931e+00  7.7374967557e-01  4.9478626706e+00 -1.5744975424e+00  1.0035099307e+00  1.0524077578e+00 -3.2750527742e+00  1.1780033279e-01  2.9894084361e+00
ENERGY -3.432274076203e+02

JOB 17
COORDS -1.6115642599e+00 -1.0778677832e+00  1.3978525004e+00 -9.2215846765e-01 -1.3599580368e+00  7.5847615296e-02 -5.3367834202e-01  1.7025463790e+00  4.1750863242e+00 -1.5908635032e+00  6.0286368230e-01  4.1413317454e+00 -1.6363846026e+00  2.4169874375e-01  1.7800729574e+00 -2.3924956582e+00  6.5996461583e-01  2.8985417649e+00 -2.1142513625e+00 -1.9629970191e+00  2.0890232521e+00 -1.3753790826e-01 -2.1017699283e+00  2.4454352174e-01 -1.6475195591e+00 -1.7976571491e+00 -6.1569385980e-01 -4.7948129944e-01 -4.7100303203e-01 -3.8250570846e-01  1.8947137770e-02  1.6727627736e+00  5.1199709306e+00  1.8909749846e-01  1.5751398118e+00  3.3625584211e+00 -9.9734804965e-01  2.6891262687e+00  4.0735916630e+00 -1.1261334769e+00 -3.8413024517e-01  4.2696632957e+00 -2.3040211945e+00  7.4332865127e-01  4.9613272920e+00 -1.4651232137e+00  9.6327721138e-01  1.0911898790e+00 -3.1526806098e+00 -1.6595148912e-02  2.9850882093e+00
ENERGY -3.432278217307e+02

JOB 18
COORDS -1.6539569510e+00 -1.1181151341e+00  1.3438890956e+00 -9.5784454303e-01 -1.3760070808e+00  2.1448296488e-02 -5.7376449125e-01  1.7886493718e+00  4.1905213138e+00 -1.5565655369e+00  6.2125552149e-01  4.1845169001e+00 -1.5239489325e+00  1.5803666762e-01  1.8411041839e+00 -2.3338797265e+00  5.7125113707e-01  2.9283528883e+00 -2.2877629627e+00 -1.9861956227e+00  1.9438395675e+00 -3.0450104311e-01 -2.2443675043e+00  1.3586876276e-01 -1.7097019346e+00 -1.6251698026e+00 -7.3296225929e-01 -3.6479327868e-01 -5.2652295612e-01 -3.2908435087e-01 -5.1549823544e-02  1.8445983060e+00  5.1513528339e+00  1.8281809176e-01  1.6685483466e+00  3.4080902963e+00 -1.0977105802e+00  2.7353662072e+00  4.0235095691e+00 -1.0269337094e+00 -3.2550998790e-01  4.3647614166e+00 -2.2929728278e+00  7.4899117803e-01  4.9858131329e+00 -1.3052657140e+00  9.0086446082e-01  1.1875702552e+00 -3.0448629077e+00 -1.5694331303e-01  3.0188979017e+00
ENERGY -3.432274594456e+02

JOB 19
COORDS -1.6985851251e+00 -1.1486253261e+00  1.2923330394e+00 -9.8410728380e-01 -1.3754809603e+00 -2.5230839123e-02 -6.1305135508e-01  1.8580762624e+00  4.1814848925e+00 -1.5295193876e+00  6.3804357513e-01  4.2284627368e+00 -1.4286241559e+00  5.0568811424e-02  1.9128625339e+00 -2.2811723604e+00  4.7230828274e-01  2.9697725216e+00 -2.4570265935e+00 -1.9805992639e+00  1.7913273302e+00 -4.6337180041e-01 -2.3349138646e+00  2.1216685378e-02 -1.7272188152e+00 -1.4410251095e+00 -8.2549172238e-01 -2.6391479279e-01 -5.8889556276e-01 -2.6768272976e-01 -1.2248874875e-01  2.0056174485e+00  5.1492081113e+00  1.7318267708e-01  1.7326966045e+00  3.4294151797e+00 -1.1841849800e+00  2.7603744871e+00  3.9398804851e+00 -9.4772510591e-01 -2.6371192042e-01  4.4726550645e+00 -2.2847321567e+00  7.7096973209e-01  5.0110755582e+00 -1.1371388840e+00  8.1345373530e-01  1.3115165311e+00 -2.9535180029e+00 -2.9012713648e-01  3.0746844256e+00
ENERGY -3.432263794588e+02

JOB 20
COORDS -1.7458898804e+00 -1.1646168733e+00  1.2448957713e+00 -1.0026754698e+00 -1.3619963516e+00 -6.1179892537e-02 -6.5372221953e-01  1.9145600713e+00  4.1510306379e+00 -1.5019026490e+00  6.4939717543e-01  4.2668664816e+00 -1.3517304953e+00 -7.5169577484e-02  1.9911602849e+00 -2.2347283847e+00  3.6753683337e-01  3.0212853152e+00 -2.6214089684e+00 -1.9362874289e+00  1.6379866171e+00 -6.1984174882e-01 -2.3847969528e+00 -9.4837946290e-02 -1.7060798829e+00 -1.2447557011e+00 -8.9108760066e-01 -1.7133638641e-01 -6.6397047969e-01 -1.9471459134e-01 -1.9341809289e-01  2.1552617373e+00  5.1148211593e+00  1.5717443535e-01  1.7868839500e+00  3.4255405824e+00 -1.2699171120e+00  2.7636471841e+00  3.8380338192e+00 -8.7125105878e-01 -2.0083785237e-01  4.5702310936e+00 -2.2680715699e+00  7.8966406862e-01  5.0372497841e+00 -9.6986794429e-01  6.9882456210e-01  1.4572830380e+00 -2.8785294433e+00 -4.1461456998e-01  3.1529252501e+00
ENERGY -3.432245605746e+02

JOB 21
COORDS -1.7895531145e+00 -1.1657292269e+00  1.2062345940e+00 -1.0102729433e+00 -1.3306751098e+00 -8.3613715823e-02 -6.9341035191e-01  1.9524315406e+00  4.0942687222e+00 -1.4795367574e+00  6.5732030225e-01  4.2978588776e+00 -1.2995154904e+00 -2.1356904581e-01  2.0755173737e+00 -2.2028136246e+00  2.5763639355e-01  3.0825744933e+00 -2.7647313260e+00 -1.8604549877e+00  1.4914211856e+00 -7.6179508261e-01 -2.3868840881e+00 -2.1189783511e-01 -1.6486070917e+00 -1.0368477668e+00 -9.2253224441e-01 -8.9962565183e-02 -7.4027096458e-01 -1.1089784473e-01 -2.6038150620e-01  2.2870573666e+00  5.0424311419e+00  1.3688759777e-01  1.8169445533e+00  3.3919946526e+00 -1.3469999701e+00  2.7428796317e+00  3.7117390898e+00 -8.0701201959e-01 -1.3777996902e-01  4.6575895978e+00 -2.2488094567e+00  8.1507517350e-01  5.0613867827e+00 -8.1641172573e-01  5.5692244629e-01  1.6244524150e+00 -2.8202714427e+00 -5.3532645387e-01  3.2589625178e+00
ENERGY -3.432219892782e+02

JOB 22
COORDS -1.8404323127e+00 -1.1422897640e+00  1.1686715330e+00 -1.0055427499e+00 -1.2940016511e+00 -8.8955443539e-02 -7.3976940698e-01  1.9804993422e+00  4.0208943566e+00 -1.4495448849e+00  6.5811822779e-01  4.3162841275e+00 -1.2795269896e+00 -3.5829993199e-01  2.1567192467e+00 -2.1848931319e+00  1.5450948384e-01  3.1489838588e+00 -2.9116928387e+00 -1.7224426902e+00  1.3341700255e+00 -8.8555429321e-01 -2.3577908026e+00 -3.0759710106e-01 -1.5463968706e+00 -8.4317173605e-01 -9.2673784127e-01 -1.7419003202e-02 -8.3122687116e-01 -1.1806421613e-02 -3.0701378293e-01  2.3905007894e+00  4.9390449034e+00  8.4958121389e-02  1.8573265051e+00  3.3091662206e+00 -1.4443465597e+00  2.7101387371e+00  3.6100939821e+00 -7.2731980216e-01 -7.9390536436e-02  4.7027038791e+00 -2.2048787940e+00  8.2129119111e-01  5.0920154034e+00 -6.6942941116e-01  3.7501024531e-01  1.8104228353e+00 -2.7743941607e+00 -6.4005074328e-01  3.3934162395e+00
ENERGY -3.432189403219e+02

JOB 23
COORDS -1.7452248604e+00  1.1020759791e+00  6.2987861888e-01 -8.9685729327e-01  5.3490395093e-01 -4.9754363148e-01 -2.5146764996e+00  8.8072348794e-01  5.4110181963e+00 -1.5965694441e+00  5.4541859044e-01  4.2384522035e+00 -1.3599254044e+00  6.9519417286e-01  1.8907863761e+00 -2.1628417814e+00  1.0652597958e+00  2.9957827987e+00 -2.6814850746e+00  1.8674716496e+00  4.3178366921e-01 -1.5296017598e+00 -7.2709905730e-02 -1.1508177218e+00 -5.1578836612e-01  1.3691293038e+00 -1.0920902513e+00 -5.1660018606e-02 -6.6982879870e-02 -1.5125757457e-01 -2.0795807598e+00  5.2312896073e-01  6.3490455119e+00 -2.6638064310e+00  1.9615702750e+00  5.4837206304e+00 -3.4964905277e+00  4.0667033581e-01  5.2968231868e+00 -6.1709721482e-01  1.0152411947e+00  4.3783290168e+00 -1.4289529098e+00 -5.4908318512e-01  4.1983099550e+00 -9.0410308605e-01 -2.1609258185e-01  1.9480163181e+00 -3.1076014797e+00  7.0106620624e-01  2.8525618676e+00
ENERGY -3.432170338344e+02

