JOB 0
COORDS -1.2057354639e+00 -1.5267183741e+00 -7.4961675761e-01  2.0974552945e+00  6.1505502118e-01  5.5704361766e-01 -7.5875141440e-01 -3.7229537494e-01 -1.5359951135e+00  8.2006164033e-02  6.0872619054e-01 -6.9877993062e-01 -1.5695277216e+00 -2.4246665622e+00 -1.0690553225e-01  2.1476811168e-01  1.8571248197e+00 -1.3521408442e+00  1.3154076841e+00 -1.4344821743e-02 -4.6414418210e-01  3.0189100024e+00  3.6968398295e-02  6.3977454191e-01  1.5669988148e+00  5.9213918757e-01  1.5176841999e+00  2.3325789967e+00  1.6522911307e+00  2.9517494809e-01 -1.6542389561e-01 -7.2265080904e-01 -2.3872288234e+00 -1.6360697805e+00  1.5595408095e-01 -1.9191484604e+00 -4.3101406518e-01  8.4365130815e-01  2.4145597595e-01  7.6168574931e-01  1.7174029533e+00 -2.1447237232e+00
ENERGY -3.618763050566e+02

JOB 1
COORDS -1.3317855267e+00 -1.4844251737e+00 -7.5598163579e-01  2.1416212335e+00  6.4649653506e-01  5.2546477099e-01 -6.9840485106e-01 -4.2933747199e-01 -1.5531353754e+00  9.6454106653e-02  5.6435808353e-01 -6.7825322695e-01 -1.8446191053e+00 -2.2975772331e+00 -1.0190154102e-01  1.2051701479e-01  1.8603829391e+00 -1.2475883736e+00  1.3756684706e+00  1.6004202839e-02 -5.0784313368e-01  3.1005932421e+00  1.2741866711e-01  5.5813281935e-01  1.6386420400e+00  5.4297294269e-01  1.4955275192e+00  2.3013385399e+00  1.7082545995e+00  3.0989042209e-01 -3.1219060984e-02 -8.7743113367e-01 -2.2960356510e+00 -1.4863391142e+00  1.1967811101e-01 -2.0762318195e+00 -4.0488971565e-01  7.0655907205e-01  2.8612056485e-01  6.4571120251e-01  1.8152830080e+00 -2.0657154233e+00
ENERGY -3.618749461207e+02

JOB 2
COORDS -1.4685910850e+00 -1.4294468114e+00 -7.8918958265e-01  2.1895255621e+00  6.9201338862e-01  4.8653814148e-01 -6.4407660089e-01 -4.8969188839e-01 -1.5546559003e+00  1.0916434684e-01  5.1402557847e-01 -6.4358896750e-01 -2.1267766088e+00 -2.1544014766e+00 -1.6189270222e-01  2.9858311434e-02  1.8405459471e+00 -1.1315108536e+00  1.4283787275e+00  4.6271447537e-02 -5.4126186296e-01  3.1788153474e+00  2.3233315822e-01  4.7193478595e-01  1.7266235703e+00  5.2950781719e-01  1.4685277978e+00  2.2766937970e+00  1.7675382793e+00  3.0052836956e-01  7.7028682439e-02 -1.0437962939e+00 -2.1621652921e+00 -1.3078835072e+00  6.7317561187e-02 -2.2218595683e+00 -3.6581334835e-01  5.6776586057e-01  3.4238729695e-01  5.2034128145e-01  1.8786545805e+00 -1.9713417459e+00
ENERGY -3.618729861249e+02

JOB 3
COORDS -1.6012530197e+00 -1.3563110176e+00 -8.4922940159e-01  2.2361498330e+00  7.4407337404e-01  4.4108642229e-01 -5.9478317261e-01 -5.4789334677e-01 -1.5435129342e+00  1.1974500347e-01  4.5831577705e-01 -5.9753376631e-01 -2.3961660040e+00 -1.9860336248e+00 -2.8013276441e-01 -5.8616071855e-02  1.8012099388e+00 -1.0044043443e+00  1.4727941196e+00  7.6109431945e-02 -5.7041897909e-01  3.2496453796e+00  3.4564969781e-01  3.7489748824e-01  1.8252901523e+00  5.3244982748e-01  1.4369792448e+00  2.2509254755e+00  1.8268334396e+00  2.7956363950e-01  1.4957092278e-01 -1.2113499173e+00 -1.9914232379e+00 -1.0977166493e+00 -1.0876455573e-03 -2.3461242821e+00 -3.1457282905e-01  4.2428047547e-01  4.0751450256e-01  3.8227533674e-01  1.9123907382e+00 -1.8648116713e+00
ENERGY -3.618716820690e+02

JOB 4
COORDS -1.7147347354e+00 -1.2630192694e+00 -9.2932340809e-01  2.2759467070e+00  7.9560466565e-01  3.9201628984e-01 -5.4905710318e-01 -6.0197735929e-01 -1.5232921386e+00  1.3058429121e-01  3.9799527521e-01 -5.4784473978e-01 -2.6297841121e+00 -1.7861231643e+00 -4.3823791984e-01 -1.4497701738e-01  1.7448792049e+00 -8.7270414541e-01  1.5082437823e+00  1.0708816795e-01 -6.0172341613e-01  3.3082790295e+00  4.6533301855e-01  2.6691504630e-01  1.9283282804e+00  5.3181384302e-01  1.3997042771e+00  2.2146302631e+00  1.8811021738e+00  2.6341363807e-01  1.7763424295e-01 -1.3686737063e+00 -1.8039487603e+00 -8.6536658825e-01 -8.4634986629e-02 -2.4336546671e+00 -2.5241732614e-01  2.7716486151e-01  4.7128639076e-01  2.3597876230e-01  1.9220844236e+00 -1.7501565306e+00
ENERGY -3.618718572316e+02

JOB 5
COORDS -1.7986096169e+00 -1.1564726221e+00 -1.0160638814e+00  2.3069992166e+00  8.4661705827e-01  3.4331847472e-01 -5.0512870321e-01 -6.5769299984e-01 -1.4926225639e+00  1.4568074063e-01  3.3674388047e-01 -5.0157553166e-01 -2.8137526050e+00 -1.5590445918e+00 -6.1698464625e-01 -2.2708832936e-01  1.6748550393e+00 -7.5077186374e-01  1.5355618803e+00  1.3857613951e-01 -6.3312209306e-01  3.3505144376e+00  5.8685080072e-01  1.5868134060e-01  2.0275727789e+00  5.3347065757e-01  1.3582118974e+00  2.1713805484e+00  1.9291022174e+00  2.5182623101e-01  1.6535549654e-01 -1.5124626307e+00 -1.6165021893e+00 -6.3278708312e-01 -1.8945385484e-01 -2.4733308105e+00 -1.8131903644e-01  1.4083537029e-01  5.2578935864e-01  7.8908751420e-02  1.9067126841e+00 -1.6444038064e+00
ENERGY -3.618733486671e+02

JOB 6
COORDS -1.8521231937e+00 -1.0461430946e+00 -1.1051025992e+00  2.3312068998e+00  8.9209375342e-01  2.9819638725e-01 -4.6649860993e-01 -7.1592044034e-01 -1.4520832007e+00  1.6423685747e-01  2.8230034522e-01 -4.6116567093e-01 -2.9438716567e+00 -1.3192810970e+00 -8.1349928857e-01 -3.0538039371e-01  1.5997683579e+00 -6.4229881217e-01  1.5542336596e+00  1.7409425485e-01 -6.6634927916e-01  3.3775814089e+00  7.0609142460e-01  5.1157389767e-02  2.1255353858e+00  5.2446949240e-01  1.3124869935e+00  2.1247058467e+00  1.9664110559e+00  2.5693499227e-01  1.2241400366e-01 -1.6374720901e+00 -1.4408558408e+00 -4.2468573713e-01 -3.1132026796e-01 -2.4686235078e+00 -1.0199854509e-01  2.9038470389e-02  5.7178117317e-01 -8.2067449258e-02  1.8745069837e+00 -1.5481288203e+00
ENERGY -3.618751070857e+02

JOB 7
COORDS -1.8816376942e+00 -9.3886198634e-01 -1.1990576378e+00  2.3507157824e+00  9.3287302625e-01  2.5299730136e-01 -4.3839689886e-01 -7.7636328240e-01 -1.3994922625e+00  1.8287977809e-01  2.3725284544e-01 -4.2228258263e-01 -3.0236827679e+00 -1.0810978829e+00 -1.0353100407e+00 -3.7342555332e-01  1.5267934932e+00 -5.4077622615e-01  1.5628207248e+00  2.0966203593e-01 -6.9884106936e-01  3.3900433120e+00  8.2432564596e-01 -6.0870355336e-02  2.2280537975e+00  5.1002289594e-01  1.2591742556e+00  2.0770154317e+00  1.9926589025e+00  2.7206296852e-01  5.2363184411e-02 -1.7447991064e+00 -1.2682771907e+00 -2.4663656768e-01 -4.5073980268e-01 -2.4280453959e+00 -1.7146579915e-02 -5.4598390280e-02  6.1600589999e-01 -2.3967747271e-01  1.8315087541e+00 -1.4548377481e+00
ENERGY -3.618759909897e+02

JOB 8
COORDS -1.8889493700e+00 -8.4551867214e-01 -1.3045191975e+00  2.3665247244e+00  9.6900066044e-01  2.0308472099e-01 -4.2349199807e-01 -8.3148019365e-01 -1.3419301245e+00  1.9702750886e-01  2.0099323408e-01 -3.8091721995e-01 -3.0511658015e+00 -8.6432284767e-01 -1.2900300373e+00 -4.3585779571e-01  1.4590767970e+00 -4.2353030688e-01  1.5574206590e+00  2.5083051329e-01 -7.3481577680e-01  3.3897252383e+00  9.2168127496e-01 -1.7278916747e-01  2.3206740835e+00  4.9940423220e-01  1.1948352450e+00  2.0477813410e+00  2.0131635400e+00  2.8338227553e-01 -4.0343915387e-02 -1.8272296302e+00 -1.1021888856e+00 -9.8505544621e-02 -5.9741375406e-01 -2.3621266467e+00  7.4187941055e-02 -1.2456918086e-01  6.5957380475e-01 -3.9173859449e-01  1.7950211750e+00 -1.3355787673e+00
ENERGY -3.618754964246e+02

JOB 9
COORDS -1.8747302345e+00 -7.5420957253e-01 -1.4221787811e+00  2.3761822514e+00  1.0071799313e+00  1.4633618002e-01 -4.2117925059e-01 -8.8330126866e-01 -1.2823381407e+00  2.0905093575e-01  1.6433919695e-01 -3.3441437010e-01 -3.0244256277e+00 -6.5360249173e-01 -1.5623988936e+00 -4.7842699641e-01  1.3920000532e+00 -2.9353263531e-01  1.5435246307e+00  2.8190877470e-01 -7.6519477945e-01  3.3767776431e+00  1.0140981532e+00 -2.8872333057e-01  2.4077749267e+00  5.0857066744e-01  1.1244875722e+00  2.0202373315e+00  2.0341114058e+00  2.7638636464e-01 -1.7108898136e-01 -1.8906168598e+00 -9.3875900623e-01  2.9536790394e-02 -7.6044081701e-01 -2.2733962394e+00  1.6814110125e-01 -1.9105760523e-01  7.0263510654e-01 -5.3808604390e-01  1.7496575808e+00 -1.1964591308e+00
ENERGY -3.618739678230e+02

JOB 10
COORDS -1.8306586701e+00 -6.5748537465e-01 -1.5480466553e+00  2.3748728645e+00  1.0517128223e+00  8.3242073739e-02 -4.2692286969e-01 -9.3206481179e-01 -1.2286543367e+00  2.2252229525e-01  1.1745866111e-01 -2.8341356320e-01 -2.9345694565e+00 -4.2818142809e-01 -1.8321956144e+00 -5.0273880721e-01  1.3149804238e+00 -1.4993299568e-01  1.5233789787e+00  3.0374765948e-01 -7.9125542560e-01  3.3486285551e+00  1.1049508657e+00 -4.0617937756e-01  2.4809030959e+00  5.4317611834e-01  1.0512079852e+00  1.9855481243e+00  2.0613422859e+00  2.4774062687e-01 -3.4394708077e-01 -1.9307616694e+00 -7.9185105803e-01  1.3845314419e-01 -9.4086982441e-01 -2.1658333592e+00  2.6718305977e-01 -2.7342485662e-01  7.4031060163e-01 -6.7936475701e-01  1.6840562766e+00 -1.0326889856e+00
ENERGY -3.618724578255e+02

JOB 11
COORDS -1.7519021398e+00 -5.5614640914e-01 -1.6720126037e+00  2.3584776243e+00  1.1012864771e+00  1.6202053848e-02 -4.3760487106e-01 -9.7832738969e-01 -1.1812959061e+00  2.3820723083e-01  6.0443755731e-02 -2.3409121405e-01 -2.7788233205e+00 -1.9057777598e-01 -2.0772079173e+00 -5.1448060351e-01  1.2249425253e+00 -4.5712760504e-03  1.4958108422e+00  3.2119784076e-01 -8.1754655577e-01  3.3022135451e+00  1.1983873074e+00 -5.2280095635e-01  2.5366145760e+00  5.9365481700e-01  9.7430352522e-01  1.9356388446e+00  2.0922596847e+00  2.0830674403e-01 -5.5052435941e-01 -1.9361845700e+00 -6.6609352838e-01  2.1897020702e-01 -1.1414600543e+00 -2.0398303466e+00  3.6960200846e-01 -3.7103897137e-01  7.6532345248e-01 -7.9891110783e-01  1.6001999108e+00 -8.5623555499e-01
ENERGY -3.618720641936e+02

JOB 12
COORDS -1.6425324135e+00 -4.6349146773e-01 -1.7871988013e+00  2.3280131937e+00  1.1486013616e+00 -5.0400664442e-02 -4.5383061664e-01 -1.0178642775e+00 -1.1346040491e+00  2.5118509810e-01  2.1121056027e-03 -1.8969684015e-01 -2.5697438777e+00  1.9335183773e-02 -2.2970278621e+00 -5.2430824791e-01  1.1273935759e+00  1.3447080677e-01  1.4553614155e+00  3.4023757187e-01 -8.4511703747e-01  3.2307440001e+00  1.3018041475e+00 -6.4388107668e-01  2.5898448515e+00  6.3472039343e-01  8.8510255632e-01  1.8704483559e+00  2.1138999633e+00  1.8729264248e-01 -7.6587882730e-01 -1.8969527017e+00 -5.6327574847e-01  2.5819888914e-01 -1.3453775412e+00 -1.8951001916e+00  4.6707293417e-01 -4.7022751488e-01  7.7604674050e-01 -8.7128627879e-01  1.5244463484e+00 -6.8416055850e-01
ENERGY -3.618732160043e+02

JOB 13
COORDS -1.5137431506e+00 -3.9090553511e-01 -1.8868813470e+00  2.2906509461e+00  1.1882444812e+00 -1.1296701525e-01 -4.7520161607e-01 -1.0473257112e+00 -1.0880101437e+00  2.6155131121e-01 -4.7932350794e-02 -1.5588896633e-01 -2.3284965179e+00  1.8084223886e-01 -2.4886254794e+00 -5.3528276309e-01  1.0296120910e+00  2.6461982120e-01  1.4021748925e+00  3.6719742508e-01 -8.7602781960e-01  3.1445471533e+00  1.3999269113e+00 -7.5841305855e-01  2.6358663161e+00  6.5756944917e-01  7.8548529492e-01  1.8101442658e+00  2.1245917390e+00  1.8726805521e-01 -9.6178508590e-01 -1.8183070237e+00 -4.8301432492e-01  2.5103951408e-01 -1.5311583165e+00 -1.7442355131e+00  5.5860961427e-01 -5.5667655607e-01  7.6945797702e-01 -9.1678640338e-01  1.4629583061e+00 -5.2031756431e-01
ENERGY -3.618753891120e+02

JOB 14
COORDS -1.3783382044e+00 -3.4556995720e-01 -1.9758501134e+00  2.2537804345e+00  1.2195218971e+00 -1.6925282600e-01 -5.0501819500e-01 -1.0636650963e+00 -1.0415728545e+00  2.6830092118e-01 -8.4275753789e-02 -1.3078193122e-01 -2.0729226045e+00  2.7562299535e-01 -2.6717457043e+00 -5.4293256855e-01  9.4013946966e-01  3.8977394275e-01  1.3389740814e+00  4.0257944241e-01 -9.0504432963e-01  3.0500513705e+00  1.4914434960e+00 -8.6379025433e-01  2.6814928800e+00  6.6148460933e-01  6.7542828900e-01  1.7660772814e+00  2.1233158697e+00  2.0922755359e-01 -1.1323853532e+00 -1.7115308138e+00 -4.2237367338e-01  2.0298482816e-01 -1.6853375619e+00 -1.5942655583e+00  6.4086457970e-01 -6.2425162793e-01  7.4922663462e-01 -9.4764097487e-01  1.4191601797e+00 -3.5652925864e-01
ENERGY -3.618773063465e+02

JOB 15
COORDS -1.2535250173e+00 -3.3584603384e-01 -2.0633809721e+00  2.2246103156e+00  1.2429706976e+00 -2.1420479474e-01 -5.4320041052e-01 -1.0602539441e+00 -1.0024416518e+00  2.6958472042e-01 -9.9497672890e-02 -1.1505347497e-01 -1.8322818804e+00  2.7714696162e-01 -2.8643270500e+00 -5.4161748366e-01  8.6459170319e-01  5.1752384356e-01  1.2658517979e+00  4.5974817986e-01 -9.3075461937e-01  2.9545688304e+00  1.5833162772e+00 -9.5005603042e-01  2.7313004930e+00  6.3567381293e-01  5.4866273968e-01  1.7536917878e+00  2.1053096857e+00  2.6823704727e-01 -1.2762594159e+00 -1.5840674518e+00 -3.8305423119e-01  1.2709772784e-01 -1.7972081941e+00 -1.4528679363e+00  7.1522546521e-01 -6.7029144659e-01  7.1061978800e-01 -9.7175845416e-01  1.3970445736e+00 -1.7645274141e-01
ENERGY -3.618777634433e+02

JOB 16
COORDS -1.1418449410e+00 -3.5631831952e-01 -2.1522793768e+00  2.2005007345e+00  1.2642320473e+00 -2.4994236007e-01 -5.8912211078e-01 -1.0385281983e+00 -9.7498348602e-01  2.6644498124e-01 -1.0052793218e-01 -1.0353456923e-01 -1.6032189451e+00  2.0017941536e-01 -3.0629125698e+00 -5.2105115597e-01  7.9844597750e-01  6.5110409055e-01  1.1878615851e+00  5.3153831978e-01 -9.4639129656e-01  2.8571339636e+00  1.6817036103e+00 -1.0144274173e+00  2.7793479681e+00  5.9963654219e-01  4.0604984658e-01  1.7664238098e+00  2.0716305298e+00  3.4832021068e-01 -1.4051742426e+00 -1.4414132989e+00 -3.7034831829e-01  2.9984911144e-02 -1.8720440623e+00 -1.3206821919e+00  7.7987637244e-01 -7.0584727949e-01  6.5596786969e-01 -9.8387445416e-01  1.3859497969e+00  2.6509484672e-02
ENERGY -3.618764121984e+02

JOB 17
COORDS -1.0367321703e+00 -3.9392024602e-01 -2.2351466550e+00  2.1773002835e+00  1.2901042267e+00 -2.8005938353e-01 -6.3871165760e-01 -1.0053361884e+00 -9.6049654771e-01  2.6506436189e-01 -9.9037333954e-02 -9.5174476465e-02 -1.3802957245e+00  8.1966849393e-02 -3.2386846817e+00 -4.7894276111e-01  7.2601856967e-01  7.8209219720e-01  1.1119884923e+00  6.1035253945e-01 -9.5149074601e-01  2.7696601805e+00  1.7739591028e+00 -1.0577811862e+00  2.8074294611e+00  5.7737878381e-01  2.6929973097e-01  1.7924603799e+00  2.0420096770e+00  4.1629258779e-01 -1.5273986119e+00 -1.2765028751e+00 -3.8576722420e-01 -9.7081982198e-02 -1.9272065750e+00 -1.1953503227e+00  8.4292782336e-01 -7.3901214910e-01  5.8494424614e-01 -9.8437959856e-01  1.3578627671e+00  2.3977237767e-01
ENERGY -3.618738259538e+02

JOB 18
COORDS -9.3149789031e-01 -4.4710916383e-01 -2.3054363627e+00  2.1517072144e+00  1.3213700764e+00 -3.0477077752e-01 -6.9146354979e-01 -9.6540454130e-01 -9.5309089326e-01  2.7029030580e-01 -1.0426043841e-01 -9.0430182215e-02 -1.1566951480e+00 -6.3679196165e-02 -3.3795309988e+00 -4.1960792254e-01  6.4343074122e-01  8.9617515116e-01  1.0431790776e+00  6.8329570739e-01 -9.4670132332e-01  2.6788888682e+00  1.8736804549e+00 -1.0837490923e+00  2.8268333421e+00  5.7496035551e-01  1.3525302448e-01  1.8161037807e+00  2.0096847425e+00  4.7758364981e-01 -1.6429168104e+00 -1.0752700554e+00 -4.2729075549e-01 -2.6748312075e-01 -1.9684271686e+00 -1.0651218607e+00  9.0547594603e-01 -7.7560315240e-01  5.0156528454e-01 -9.5952561678e-01  1.3119687864e+00  4.3799505251e-01
ENERGY -3.618710250492e+02

JOB 19
COORDS -8.2646893709e-01 -5.1518928984e-01 -2.3587872017e+00  2.1211559753e+00  1.3581710519e+00 -3.2335344903e-01 -7.4108474707e-01 -9.2105412846e-01 -9.5134292051e-01  2.8159699593e-01 -1.1955863817e-01 -9.1286910310e-02 -9.3747969772e-01 -2.2706751264e-01 -3.4795066185e+00 -3.4858035989e-01  5.4254615755e-01  9.9148067310e-01  9.7732444493e-01  7.5263523367e-01 -9.3356353841e-01  2.5832056888e+00  1.9801128424e+00 -1.0911529122e+00  2.8360850318e+00  5.9161536461e-01  4.8724676097e-03  1.8357081462e+00  1.9756982286e+00  5.3453202244e-01 -1.7325161873e+00 -8.3706358991e-01 -4.9818154710e-01 -4.7811364109e-01 -1.9829204240e+00 -9.2915729133e-01  9.7057084464e-01 -8.1775849938e-01  3.9954943981e-01 -9.1811508118e-01  1.2384703520e+00  6.1834770234e-01
ENERGY -3.618692623566e+02

JOB 20
COORDS -7.3122467829e-01 -5.9980007201e-01 -2.3931271215e+00  2.0878146950e+00  1.3954627025e+00 -3.3491746231e-01 -7.8619016609e-01 -8.6938823886e-01 -9.5228126447e-01  2.9344757125e-01 -1.3861222191e-01 -1.0013819621e-01 -7.3163847352e-01 -4.1992171997e-01 -3.5415782088e+00 -2.7373258720e-01  4.2961365439e-01  1.0663912375e+00  9.1182956664e-01  8.1979943693e-01 -9.1130175660e-01  2.4805291487e+00  2.0933659961e+00 -1.0755469571e+00  2.8380612411e+00  6.1959101459e-01 -1.3137476783e-01  1.8584647535e+00  1.9279194147e+00  5.9409009429e-01 -1.7780246747e+00 -5.7846355535e-01 -5.9252648467e-01 -7.0741011438e-01 -1.9488015876e+00 -7.9593999884e-01  1.0267249525e+00 -8.5982223877e-01  2.7997815340e-01 -8.6536275814e-01  1.1476945637e+00  7.8072264935e-01
ENERGY -3.618694918875e+02

JOB 21
COORDS -6.5114029778e-01 -6.9593113891e-01 -2.4077700166e+00  2.0549005694e+00  1.4296742960e+00 -3.4120466046e-01 -8.2695618416e-01 -8.0972184467e-01 -9.5596038203e-01  2.9976631559e-01 -1.5273929595e-01 -1.1671079115e-01 -5.4698743065e-01 -6.3328711564e-01 -3.5638218427e+00 -2.0355788128e-01  3.1011067350e-01  1.1222229406e+00  8.4628873649e-01  8.8681563259e-01 -8.8058713006e-01  2.3831025853e+00  2.2000397560e+00 -1.0402583571e+00  2.8276803166e+00  6.5299471706e-01 -2.6684962378e-01  1.8892177720e+00  1.8703210928e+00  6.4770345636e-01 -1.7785362491e+00 -3.2989281453e-01 -7.0235887847e-01 -9.2395201369e-01 -1.8630191884e+00 -6.8028416413e-01  1.0657013790e+00 -8.9102110125e-01  1.4896242006e-01 -8.1223914130e-01  1.0442934797e+00  9.2936694570e-01
ENERGY -3.618715708797e+02

JOB 22
COORDS -5.8883064105e-01 -7.9857187502e-01 -2.4061832738e+00  2.0270402163e+00  1.4611286608e+00 -3.4267968874e-01 -8.6434230604e-01 -7.4206844647e-01 -9.6639742862e-01  2.9731598372e-01 -1.5352879752e-01 -1.3784249164e-01 -3.8624792502e-01 -8.6597159585e-01 -3.5488744284e+00 -1.4271068616e-01  1.9097542196e-01  1.1616099158e+00  7.8311146175e-01  9.5891873591e-01 -8.3964404935e-01  2.2988181963e+00  2.2989930554e+00 -9.8616471257e-01  2.8063865027e+00  6.9003932987e-01 -4.0247018329e-01  1.9343473542e+00  1.8031921371e+00  6.9381026714e-01 -1.7509342947e+00 -1.1405458938e-01 -8.2179409097e-01 -1.1083082229e+00 -1.7403914625e+00 -5.9451959276e-01  1.0847526345e+00 -9.0106955556e-01  1.5590870039e-02 -7.6710979726e-01  9.3104612957e-01  1.0680088033e+00
ENERGY -3.618742592487e+02

JOB 23
COORDS -1.0948087586e+00 -1.5657670874e+00 -7.7655532233e-01  2.0622586420e+00  5.9997631788e-01  5.8532464559e-01 -8.2061948570e-01 -3.2228719802e-01 -1.5046417079e+00  6.9028991095e-02  6.4617823644e-01 -7.0499845434e-01 -1.3277606749e+00 -2.5420753920e+00 -1.9006709297e-01  3.0959496518e-01  1.8308003255e+00 -1.4403551655e+00  1.2523429513e+00 -4.2388537758e-02 -4.0466588831e-01  2.9385092159e+00 -3.4558092121e-02  7.2509657051e-01  1.5179845637e+00  6.8123080601e-01  1.5351450351e+00  2.3747869360e+00  1.5975858133e+00  2.5817730588e-01 -3.1634487852e-01 -5.7430721242e-01 -2.4443266884e+00 -1.7624146133e+00  1.7582955664e-01 -1.7489609374e+00 -4.4303021920e-01  9.7716760070e-01  2.0651767286e-01  8.6376084133e-01  1.5912520116e+00 -2.2032400566e+00
ENERGY -3.618761285473e+02

