JOB 0
COORDS  8.0621201381e-01 -5.4048472519e-01  5.0173152189e-01  2.1638903961e+00 -4.3040834705e-02 -1.3875274327e-02 -2.1099292121e-02 -1.0867789293e-01 -7.1736118003e-02  7.2498422119e-01 -1.6288308925e+00  4.0342377676e-01  6.5733775114e-01 -2.9307388609e-01  1.5579268278e+00  2.9856118949e+00 -6.5881599366e-01  3.6738686576e-01  2.3518634404e+00  9.9641816198e-01  2.7442174506e-01  2.2104580690e+00 -9.5467909363e-02 -1.1074210563e+00
ENERGY -7.984349926749e+01

JOB 1
COORDS  7.9978807795e-01 -5.1550137795e-01  5.1525166917e-01  2.1714430080e+00 -3.0830793137e-02  1.1464425251e-02 -1.0427694020e-02 -1.8455606527e-01 -1.4276857352e-01  7.5317446483e-01 -1.6099259402e+00  5.3175630903e-01  5.8642111735e-01 -1.6502097954e-01  1.5299205889e+00  2.9705919627e+00 -7.2608582018e-01  2.8886193474e-01  2.4255866867e+00  9.6073298564e-01  3.9893080589e-01  2.1867357084e+00  3.2668142650e-02 -1.0821292638e+00
ENERGY -7.984200506154e+01

JOB 2
COORDS  7.9727119549e-01 -5.1805747398e-01  5.1372215388e-01  2.1738383954e+00 -3.2317927463e-02  8.7688195605e-03  2.1585049079e-03 -3.0339573235e-01 -2.0719553701e-01  7.8952797372e-01 -1.6024683280e+00  6.6615043901e-01  5.2184459326e-01 -5.7208876192e-02  1.4671113595e+00  2.9526103854e+00 -7.8480436441e-01  1.6777973353e-01  2.4913311198e+00  8.9137053376e-01  5.0191197180e-01  2.1547081440e+00  1.6760011419e-01 -1.0677570755e+00
ENERGY -7.984041652276e+01

JOB 3
COORDS  7.9737173630e-01 -5.2394256897e-01  5.1198534033e-01  2.1735143193e+00 -3.3789294798e-02  2.8197837085e-03  2.3469592128e-02 -4.3260860431e-01 -2.5642645744e-01  8.2662995039e-01 -1.5753103580e+00  8.1445136240e-01  4.5698782483e-01  4.9921744601e-02  1.3794796150e+00  2.9260720740e+00 -8.2763664988e-01  3.7261832983e-02  2.5565829626e+00  7.9724309382e-01  6.0312911999e-01  2.1229270873e+00  3.1557063721e-01 -1.0330877778e+00
ENERGY -7.983973159109e+01

JOB 4
COORDS  8.0009553757e-01 -5.3076507004e-01  5.0910934084e-01  2.1705075102e+00 -3.6280642690e-02 -4.0350975633e-03  5.5237964193e-02 -5.6618256023e-01 -2.9225021878e-01  8.6334302794e-01 -1.5279537089e+00  9.5476050009e-01  3.9581616446e-01  1.3996719276e-01  1.2745380288e+00  2.8893658497e+00 -8.5658414222e-01 -9.6713043563e-02  2.6171316143e+00  6.8669219047e-01  6.8664706210e-01  2.0918786700e+00  4.5465655112e-01 -9.7860605718e-01
ENERGY -7.984041539937e+01

JOB 5
COORDS  8.0098097335e-01 -5.2666606140e-01  5.0771810784e-01  2.1696996992e+00 -3.7825378884e-02  2.4777133555e-05  9.7853999069e-02 -6.8531931206e-01 -3.1666039648e-01  8.8369741233e-01 -1.4581688880e+00  1.0760062566e+00  3.3788406471e-01  2.1737022424e-01  1.1653153132e+00  2.8425870560e+00 -8.7445703186e-01 -2.1544741659e-01  2.6739465132e+00  5.7251895357e-01  7.5745309085e-01  2.0772474421e+00  5.7323941257e-01 -9.0304953929e-01
ENERGY -7.984200117479e+01

JOB 6
COORDS  8.0068069122e-01 -5.2575449777e-01  5.0107777850e-01  2.1698248671e+00 -4.4501133302e-02  6.4271700813e-04  1.4624476675e-01 -8.0645046866e-01 -3.3128763529e-01  8.9493741083e-01 -1.3879713601e+00  1.1692018168e+00  2.8467845631e-01  2.6636731449e-01  1.0552748256e+00  2.7902807914e+00 -8.8229567578e-01 -3.3557673145e-01  2.7251859699e+00  4.5891942750e-01  8.0001209314e-01  2.0708842905e+00  6.6354089480e-01 -8.2856123830e-01
ENERGY -7.984349679072e+01

JOB 7
COORDS  7.9792590993e-01 -5.1203850630e-01  5.0403890908e-01  2.1730653211e+00 -4.2230496544e-02  1.4384215209e-02  1.9699678790e-01 -9.1111369862e-01 -3.2041841659e-01  8.9229858532e-01 -1.3018342451e+00  1.2573141265e+00  2.3407143411e-01  3.1109492060e-01  9.5639488264e-01  2.7368641815e+00 -8.6534115625e-01 -4.3808281761e-01  2.7740473260e+00  3.5673118238e-01  8.3885778812e-01  2.0786950851e+00  7.4764531528e-01 -7.3880736204e-01
ENERGY -7.984409383613e+01

JOB 8
COORDS  7.9588922724e-01 -5.0862404243e-01  5.0418437399e-01  2.1752035377e+00 -4.2295413833e-02  1.7738517358e-02  2.4716705898e-01 -1.0251741351e+00 -2.9064259285e-01  8.9018918929e-01 -1.2172106668e+00  1.3348547624e+00  1.8501113548e-01  3.2986732379e-01  8.5424159538e-01  2.6843296044e+00 -8.2910797176e-01 -5.4917159136e-01  2.8205104653e+00  2.5246650307e-01  8.5168980679e-01  2.0856122646e+00  8.2127527700e-01 -6.5100685465e-01
ENERGY -7.984349704712e+01

JOB 9
COORDS  7.9302411611e-01 -5.1688445379e-01  4.9501341307e-01  2.1775486032e+00 -5.1171352654e-02  9.0051870826e-03  2.9624324142e-01 -1.1454514439e+00 -2.5127593810e-01  8.7876734834e-01 -1.1277830931e+00  1.4006085869e+00  1.3594158443e-01  3.2571990819e-01  7.3145912629e-01  2.6329983239e+00 -7.8305419111e-01 -6.6608581395e-01  2.8656910432e+00  1.2861433612e-01  8.4073984004e-01  2.1016155428e+00  8.8265178297e-01 -5.5920207253e-01
ENERGY -7.984200398982e+01

JOB 10
COORDS  7.9166067282e-01 -5.1998677618e-01  4.9624120875e-01  2.1788576548e+00 -4.9847837657e-02  5.9191724234e-03  3.4837465285e-01 -1.2531693567e+00 -1.8492045624e-01  8.5924313224e-01 -1.0106826463e+00  1.4730252816e+00  8.8756849685e-02  3.1174765772e-01  6.0162042581e-01  2.5797982477e+00 -7.1051597277e-01 -7.6919675586e-01  2.9084896174e+00 -1.7950255192e-03  8.1973051466e-01  2.1267197753e+00  9.4922370355e-01 -4.3972046773e-01
ENERGY -7.984041777333e+01

JOB 11
COORDS  7.9236405320e-01 -5.4377037138e-01  4.7921894548e-01  2.1769298254e+00 -6.5774948019e-02 -1.8535236044e-02  4.4979802228e-01  3.3077524879e-02  1.3438649972e+00  2.5744067512e-02 -4.4619569766e-01 -2.9569298565e-01  8.1008402516e-01 -1.5952792041e+00  7.8212112817e-01  2.5621689617e+00  7.6220796603e-01  5.8458412142e-01  2.1378854475e+00  2.8371305326e-01 -1.0549079149e+00  2.9222008303e+00 -8.6617369552e-01  2.2067183425e-02
ENERGY -7.983973158356e+01

JOB 12
COORDS  7.9095631076e-01 -5.4116169635e-01  4.7397684754e-01  2.1782526387e+00 -7.1165272632e-02 -1.6200697125e-02  3.9000378290e-01  1.1954649507e-01  1.2490524674e+00  6.1403665881e-02 -5.8913760169e-01 -3.3991014480e-01  8.4294479444e-01 -1.5402394393e+00  9.1962006046e-01  2.6215439304e+00  6.6197026038e-01  6.6500821254e-01  2.1108220558e+00  4.1953935965e-01 -9.9299089472e-01  2.8810814007e+00 -9.0297219077e-01 -1.2150864777e-01
ENERGY -7.984041777342e+01

JOB 13
COORDS  7.9226661867e-01 -5.3983813186e-01  4.7089066166e-01  2.1768890529e+00 -7.4267347198e-02 -1.4973237671e-02  3.3682185059e-01  1.9209004541e-01  1.1459361612e+00  1.0419083736e-01 -7.1955148359e-01 -3.6091491289e-01  8.6804321105e-01 -1.4736703518e+00  1.0391044599e+00  2.6736570227e+00  5.5424647552e-01  7.3136862236e-01  2.0913025892e+00  5.3664160391e-01 -9.2057569751e-01  2.8339083147e+00 -9.1693889747e-01 -2.5135220412e-01
ENERGY -7.984200398993e+01

JOB 14
COORDS  7.9461195210e-01 -5.4870584595e-01  4.6216918019e-01  2.1740231405e+00 -8.2516688444e-02 -2.4135083872e-02  2.8550814720e-01  2.3815719863e-01  1.0290287131e+00  1.4936015391e-01 -8.4340048612e-01 -3.7184821033e-01  8.8404700576e-01 -1.4122867168e+00  1.1309219025e+00  2.7227169952e+00  4.3397612617e-01  7.7074857127e-01  2.0798802809e+00  6.2608105323e-01 -8.5481374138e-01  2.7848518228e+00 -9.2106930397e-01 -3.7413162276e-01
ENERGY -7.984349704702e+01

JOB 15
COORDS  7.9675170578e-01 -5.4877332408e-01  4.6552683852e-01  2.1719850689e+00 -7.9098658822e-02 -2.3992020425e-02  2.3298881209e-01  2.7439145686e-01  9.1794020896e-01  1.9581176600e-01 -9.4767472737e-01 -3.5900655731e-01  8.9097095476e-01 -1.3386598901e+00  1.2187260484e+00  2.7728723597e+00  3.1991622321e-01  8.0052499617e-01  2.0777634063e+00  7.1070775279e-01 -7.7727498140e-01  2.7358033952e+00 -9.0228632652e-01 -4.7629438435e-01
ENERGY -7.984409383624e+01

JOB 16
COORDS  7.9998923229e-01 -5.4650082391e-01  4.7926560214e-01  2.1692331321e+00 -6.5385586780e-02 -2.1029108626e-02  1.7958412796e-01  2.9135595858e-01  8.1542342268e-01  2.4465839193e-01 -1.0498634968e+00 -3.2016112517e-01  8.9877337241e-01 -1.2545543670e+00  1.3084782498e+00  2.8236128128e+00  2.1524239013e-01  8.1140334396e-01  2.0751320923e+00  7.9684203234e-01 -6.8916107952e-01  2.6852113974e+00 -8.5755863445e-01 -5.7517507731e-01
ENERGY -7.984349679073e+01

JOB 17
COORDS  8.0011318993e-01 -5.5317352933e-01  4.7988564071e-01  2.1689340379e+00 -6.4473736069e-02 -2.7668011845e-02  1.2729005749e-01  2.8352731469e-01  6.9528898684e-01  2.9588107040e-01 -1.1634659868e+00 -2.7759408214e-01  8.9241054828e-01 -1.1642476136e+00  1.3829693058e+00  2.8719932299e+00  9.4107315563e-02  7.9678207854e-01  2.0863715042e+00  8.6703739312e-01 -5.9596472140e-01  2.6320215797e+00 -8.0855768062e-01 -6.8521779775e-01
ENERGY -7.984200117471e+01

JOB 18
COORDS  7.9930749822e-01 -5.5472420197e-01  4.8394614295e-01  2.1698173622e+00 -6.0373716252e-02 -2.9065123548e-02  8.0519927627e-02  2.6564916344e-01  5.7655448382e-01  3.5267959060e-01 -1.2776529543e+00 -2.0677959887e-01  8.7779327291e-01 -1.0456690903e+00  1.4585246161e+00  2.9146009305e+00 -2.5028852407e-02  7.7236640413e-01  2.1067110224e+00  9.3682099039e-01 -4.7472237841e-01  2.5741057704e+00 -7.3114566135e-01 -7.9445416295e-01
ENERGY -7.984041539925e+01

JOB 19
COORDS  7.9636737274e-01 -5.5611726519e-01  4.7832744175e-01  2.1725439688e+00 -6.6008355944e-02 -3.0788828615e-02  4.3836975778e-02  2.3775490696e-01  4.4386049190e-01  4.1329242719e-01 -1.3871358710e+00 -1.2199690667e-01  8.4690667912e-01 -9.0548084205e-01  1.5142360881e+00  2.9464160917e+00 -1.5736927497e-01  7.3764993262e-01  2.1433310376e+00  9.8536092987e-01 -3.3325385133e-01  2.5129394512e+00 -6.3988218041e-01 -8.9827221122e-01
ENERGY -7.983973159119e+01

JOB 20
COORDS  7.9604345106e-01 -5.5758862007e-01  4.7237838382e-01  2.1726444270e+00 -7.1893453200e-02 -3.2525673144e-02  1.7301804582e-02  1.9492382453e-01  3.1334153358e-01  4.7853761699e-01 -1.4812657486e+00 -2.0777691173e-02  8.1512931084e-01 -7.5750932218e-01  1.5489046342e+00  2.9677246916e+00 -2.8658280519e-01  6.8841961663e-01  2.1804286477e+00  1.0125174843e+00 -1.8495155770e-01  2.4480892779e+00 -5.3274932615e-01 -9.8590613656e-01
ENERGY -7.984041652275e+01

JOB 21
COORDS  7.9843827845e-01 -5.5907581592e-01  4.6968305563e-01  2.1701266015e+00 -7.4449795541e-02 -3.4054841672e-02 -6.7610905902e-04  1.3620440225e-01  1.9225938257e-01  5.4427537611e-01 -1.5506281208e+00  8.2206922851e-02  7.8310582375e-01 -6.2257678223e-01  1.5632735054e+00  2.9803085745e+00 -4.0542189548e-01  6.2399156331e-01  2.2167777777e+00  1.0199719857e+00 -5.0556876436e-02  2.3835197483e+00 -4.2493399822e-01 -1.0487157833e+00
ENERGY -7.984200506136e+01

JOB 22
COORDS  8.0599223385e-01 -5.4686133698e-01  4.9502714733e-01  2.1637029215e+00 -4.9461718591e-02 -2.0530390990e-02 -1.5696261982e-02  6.8940090134e-02  1.1373855936e-01  6.1799318910e-01 -1.5863158564e+00  2.0672804328e-01  7.5939688870e-01 -4.9443939717e-01  1.5885727270e+00  2.9909803505e+00 -4.8129569159e-01  5.5296408654e-01  2.2449538225e+00  1.0388833369e+00  7.7777891699e-02  2.3126081609e+00 -2.9686917711e-01 -1.0767228826e+00
ENERGY -7.984349926767e+01

JOB 23
COORDS  8.0710329767e-01 -5.4296537684e-01  4.9922868268e-01  2.1628905874e+00 -4.3631758652e-02 -1.4572785126e-02 -2.1096945032e-02 -1.3352900224e-02  1.5902045176e-02  6.7605296757e-01 -1.6124573360e+00  3.0157472610e-01  7.1068287146e-01 -3.9180304832e-01  1.5800048572e+00  2.9910931578e+00 -5.7319428555e-01  4.6878367815e-01  2.2939394389e+00  1.0258614358e+00  1.8303116762e-01  2.2593202968e+00 -1.9482367017e-01 -1.0953384174e+00
ENERGY -7.984409383470e+01

