JOB 0
COORDS  1.4682777712e+00 -1.1264554216e+00  1.1949773799e+00  2.9320080326e-01 -4.3977679464e-01  8.7622098059e-01  1.7811713786e+00 -1.3255552912e+00  2.5385902077e+00 -5.2038676543e-01  1.0465326036e-02  1.9210073927e+00  8.8849656068e-01 -8.5458667260e-01  3.5131136680e+00  1.2507476718e+00 -1.0318360727e+00  4.9688390265e+00 -1.2611769857e+00 -1.4397217728e+00  5.7069344794e+00  1.9614031326e-01 -1.1290463083e+00  6.0670591070e+00 -2.4518689384e-01 -1.9989427386e-01  3.2138333342e+00  2.4385614738e+00 -1.0603726934e+00  5.2707028660e+00  2.1287973207e+00 -1.4903075306e+00  4.1218804887e-01  9.4588830218e-03 -2.5311919819e-01 -1.5564646371e-01  2.6927466363e+00 -1.8242497809e+00  2.8505169613e+00 -1.4359547730e+00  5.6063415847e-01  1.7090123956e+00 -1.7266530393e+00 -6.1823076019e-01  5.1642792255e+00 -1.3395179461e+00 -2.3370438059e+00  5.0836385216e+00 -1.8283532203e+00 -1.6258552278e+00  6.6254129248e+00  5.9377166169e-01 -1.8702905586e+00  6.7682458753e+00  2.4777410309e-01 -1.7100750385e-01  6.6011983211e+00
ENERGY -4.403190312955e+02

JOB 1
COORDS  1.4002719656e+00 -1.1182309254e+00  1.1767272195e+00  2.7002192393e-01 -3.4633382381e-01  8.9312566306e-01  1.7197593596e+00 -1.3684169163e+00  2.5104096788e+00 -4.9504915485e-01  1.3428683663e-01  1.9610454390e+00  8.7761947544e-01 -8.5922748852e-01  3.5093125231e+00  1.2446919008e+00 -1.0850217956e+00  4.9570973893e+00 -1.2201598904e+00 -1.5606838985e+00  5.7137907261e+00  1.8639369299e-01 -1.0454906785e+00  6.0496863692e+00 -2.1439068125e-01 -1.2272758942e-01  3.2441981545e+00  2.4280956477e+00 -1.2255650941e+00  5.2442302249e+00  2.0218955032e+00 -1.5085065546e+00  3.7503809868e-01 -1.6346897356e-02 -1.1743258969e-01 -1.2945933523e-01  2.5997390072e+00 -1.9347911180e+00  2.7966905387e+00 -1.3745027544e+00  7.4931040275e-01  1.7762110068e+00 -1.7142103079e+00 -9.2086910771e-01  4.9837230578e+00 -1.1872959540e+00 -2.5788292704e+00  5.3096657866e+00 -1.8264044494e+00 -1.5896467837e+00  6.6252087743e+00  6.2062577947e-01 -1.5805687453e+00  6.8988517951e+00  1.1690795648e-01  8.4857170087e-03  6.3525697470e+00
ENERGY -4.403211099803e+02

JOB 2
COORDS  1.4091013031e+00 -1.0934305621e+00  1.1633336580e+00  2.9361198476e-01 -2.9467423294e-01  8.9657810859e-01  1.7186078886e+00 -1.3852767955e+00  2.4909760363e+00 -4.6714964160e-01  1.7142730397e-01  1.9743494565e+00  8.8507043045e-01 -8.8351057499e-01  3.5003372656e+00  1.2340887518e+00 -1.1593628975e+00  4.9441763208e+00 -1.1831348445e+00 -1.6312963447e+00  5.7544142287e+00  1.8038871520e-01 -9.7247456914e-01  6.0210976735e+00 -1.9287402834e-01 -1.2018693747e-01  3.2510167308e+00  2.3889255644e+00 -1.4577600510e+00  5.2269816361e+00  2.0261574338e+00 -1.4737922410e+00  3.5340601247e-01  1.4717432575e-02 -3.4575878450e-02 -1.2061246058e-01  2.5837054955e+00 -1.9790679798e+00  2.7667872479e+00 -1.3368450109e+00  8.0378795364e-01  1.8023424515e+00 -1.6804772530e+00 -1.1773513788e+00  4.8973150955e+00 -1.0754863573e+00 -2.7053311794e+00  5.5657479697e+00 -1.8264195666e+00 -1.5147838300e+00  6.6325621750e+00  6.2534590710e-01 -1.3335259573e+00  6.9516996669e+00  3.3082991140e-02  1.1075896171e-01  6.1245198132e+00
ENERGY -4.403233386269e+02

JOB 3
COORDS  1.4292858715e+00 -1.0664975103e+00  1.1523417012e+00  3.2424460178e-01 -2.5113470500e-01  8.9291109439e-01  1.7205807988e+00 -1.3946548476e+00  2.4757097441e+00 -4.4433952702e-01  1.9638744574e-01  1.9733640247e+00  8.8503270611e-01 -9.0358843689e-01  3.4884305764e+00  1.2024985179e+00 -1.2284186847e+00  4.9296604010e+00 -1.1548916215e+00 -1.6846901807e+00  5.8147144699e+00  1.6683897986e-01 -9.1428192947e-01  5.9909129659e+00 -1.8249532905e-01 -1.2299338617e-01  3.2455855208e+00  2.2983956002e+00 -1.6994439400e+00  5.2115824136e+00  2.0509334363e+00 -1.4339419387e+00  3.3995458345e-01  5.8630530440e-02  3.5414438764e-02 -1.2073228760e-01  2.5715644600e+00 -2.0103849658e+00  2.7472718754e+00 -1.3087034065e+00  8.3741656117e-01  1.8065659043e+00 -1.6556630291e+00 -1.3983969465e+00  4.8885035319e+00 -9.8305741497e-01 -2.7664185243e+00  5.8009266389e+00 -1.8259824092e+00 -1.4656504855e+00  6.6512484630e+00  6.2656958566e-01 -1.1373970936e+00  6.9566468739e+00 -4.4580570891e-02  1.6030269416e-01  5.9450123165e+00
ENERGY -4.403250600640e+02

JOB 4
COORDS  1.4629787876e+00 -1.0291030828e+00  1.1400993707e+00  3.6635435925e-01 -2.0284148762e-01  8.7922314760e-01  1.7274621257e+00 -1.3898450440e+00  2.4605781451e+00 -4.1948390383e-01  2.2470726916e-01  1.9555346136e+00  8.8036088051e-01 -9.1109001583e-01  3.4695753453e+00  1.1581843458e+00 -1.2842966301e+00  4.9070796487e+00 -1.1205353917e+00 -1.7283661074e+00  5.9058406425e+00  1.5510361774e-01 -8.6456234600e-01  5.9612280471e+00 -1.7765687400e-01 -1.1781303869e-01  3.2255053698e+00  2.1685882799e+00 -1.9202960559e+00  5.1843938998e+00  2.0969886162e+00 -1.3820353992e+00  3.3082520763e-01  1.2005586232e-01  1.0698411410e-01 -1.3245982623e-01  2.5642899834e+00 -2.0240792054e+00  2.7336089196e+00 -1.2801790870e+00  8.7015577872e-01  1.7868742789e+00 -1.6405240711e+00 -1.5963929950e+00  4.9540731163e+00 -8.8190087607e-01 -2.7894406307e+00  6.0317794148e+00 -1.8031239738e+00 -1.4385724704e+00  6.7108122910e+00  6.4627750372e-01 -9.6842296090e-01  6.9318255962e+00 -1.1789494976e-01  1.8290688589e-01  5.8039144885e+00
ENERGY -4.403259403499e+02

JOB 5
COORDS  1.4937450226e+00 -1.0003482647e+00  1.1216145612e+00  4.1853246660e-01 -1.4737707138e-01  8.5685140867e-01  1.7172484790e+00 -1.4031305087e+00  2.4373355595e+00 -3.8595481785e-01  2.6574218283e-01  1.9249210526e+00  8.5729554991e-01 -9.3142051272e-01  3.4390965089e+00  1.0829339109e+00 -1.3617171815e+00  4.8692437315e+00 -1.0911923225e+00 -1.8137482741e+00  6.0316435392e+00  1.2008361154e-01 -8.6518749261e-01  5.9275302724e+00 -1.7827460815e-01 -1.1021852309e-01  3.1915771737e+00  1.9960972776e+00 -2.1350850313e+00  5.1350807817e+00  2.1412225616e+00 -1.3430628372e+00  3.1862789240e-01  2.0295306657e-01  1.9390856029e-01 -1.5172076857e-01  2.5304118958e+00 -2.0666425851e+00  2.7123012702e+00 -1.2323846211e+00  9.2881307599e-01  1.7525888001e+00 -1.6553411499e+00 -1.8309320879e+00  5.0945595017e+00 -7.6808882664e-01 -2.8329786010e+00  6.2641830645e+00 -1.7647607013e+00 -1.4781269669e+00  6.8262309121e+00  6.6275479982e-01 -8.4933961001e-01  6.8765941168e+00 -2.2481007392e-01  1.4191219814e-01  5.6851225176e+00
ENERGY -4.403258607703e+02

JOB 6
COORDS  1.5238950489e+00 -9.8506442299e-01  1.0918562219e+00  5.0051714237e-01 -7.6504646906e-02  8.0664874666e-01  1.6873172464e+00 -1.4145310426e+00  2.4076861688e+00 -3.1435372499e-01  3.6319809913e-01  1.8557433600e+00  8.2231567653e-01 -9.1236474246e-01  3.3909511178e+00  9.8219164891e-01 -1.3763157621e+00  4.8195508343e+00 -1.0429738967e+00 -1.8825578192e+00  6.2031434778e+00  3.7495914140e-02 -8.3396078475e-01  5.8738672653e+00 -1.6286217311e-01 -3.7451258523e-02  3.1230489405e+00  1.8314191606e+00 -2.2174807864e+00  5.0924131417e+00  2.1774834611e+00 -1.3500993436e+00  3.0380281612e-01  3.3270212578e-01  2.8721516842e-01 -2.0316032037e-01  2.4570552379e+00 -2.1222475895e+00  2.6968491966e+00 -1.1217513590e+00  1.0692835338e+00  1.6677268933e+00 -1.6647871100e+00 -2.0937950175e+00  5.3270504439e+00 -5.8413945188e-01 -2.8177806910e+00  6.5360246324e+00 -1.6973335119e+00 -1.5142785441e+00  6.9992340282e+00  6.3614932027e-01 -6.3628677683e-01  6.7686746719e+00 -4.2575283129e-01  9.3492527697e-02  5.5361365491e+00
ENERGY -4.403252026212e+02

JOB 7
COORDS  1.5597257486e+00 -9.6946183790e-01  1.0636778336e+00  5.9856335127e-01  5.6663914336e-04  7.6448268194e-01  1.6470113567e+00 -1.4402841812e+00  2.3724325186e+00 -2.3299936676e-01  4.5640399212e-01  1.7932270115e+00  7.6943993823e-01 -9.1952007176e-01  3.3352065251e+00  8.5444634670e-01 -1.4292368160e+00  4.7550370418e+00 -9.7906771983e-01 -1.9548106597e+00  6.3973486139e+00 -7.9907726762e-02 -8.5557462826e-01  5.8049868920e+00 -1.5624259173e-01  1.3892198333e-02  3.0533711056e+00  1.6628100900e+00 -2.3081480392e+00  5.0332841972e+00  2.2243594497e+00 -1.3490345553e+00  2.9190009020e-01  4.9106471172e-01  3.9889194591e-01 -2.4048763649e-01  2.3673971191e+00 -2.1942014472e+00  2.6716469331e+00 -9.9267451911e-01  1.2107757126e+00  1.5942711688e+00 -1.6439603148e+00 -2.3718178367e+00  5.6335112907e+00 -3.7499921038e-01 -2.7684191170e+00  6.8072859312e+00 -1.6024933845e+00 -1.5450256748e+00  7.1979638310e+00  5.5686467573e-01 -4.4270643791e-01  6.5963171636e+00 -6.7492535670e-01 -4.5272618434e-02  5.3839978043e+00
ENERGY -4.403247401470e+02

JOB 8
COORDS  1.4186266708e+00 -1.0576195245e-01  1.6182769634e+00  3.6745452778e-01 -6.4149937426e-01  8.6845515005e-01  1.5556576914e+00 -4.9675762493e-01  2.9488981321e+00 -5.0083031833e-01 -1.5470852991e+00  1.4878520957e+00  6.3438663771e-01 -1.4119392517e+00  3.4796779918e+00  7.7833197018e-01 -1.8393133294e+00  4.9221815552e+00  4.1849740284e-01 -3.8939955795e+00  6.3556149513e+00 -2.4327926317e-01 -2.7959862079e+00  5.5117456365e+00 -3.7823452476e-01 -1.9306441508e+00  2.7635607412e+00  1.6994155293e+00 -1.3888544243e+00  5.5941180314e+00  2.1142921466e+00  6.0094751508e-01  1.1732349054e+00  2.1861705395e-01 -3.6808604222e-01 -1.7235147991e-01  2.3478382073e+00 -1.1910376468e-01  3.5866202564e+00 -1.3300830957e+00 -1.9828905118e+00  9.3272372945e-01  1.0453332482e+00 -4.5407366407e+00  5.7327105459e+00  1.0500463088e+00 -3.4597342056e+00  7.1344933511e+00 -3.4299096466e-01 -4.5197540292e+00  6.8311852121e+00 -9.0041826713e-01 -2.1850102480e+00  6.1453097541e+00 -8.6498398732e-01 -3.2132202767e+00  4.7190766999e+00
ENERGY -4.403249199631e+02

JOB 9
COORDS  1.4104823651e+00 -7.9284009051e-02  1.6195322970e+00  3.1425584653e-01 -5.4699288961e-01  8.8920307220e-01  1.5894962002e+00 -5.3999410737e-01  2.9228302160e+00 -5.5503615966e-01 -1.4581602554e+00  1.4993353031e+00  6.6466606801e-01 -1.4560157610e+00  3.4446236296e+00  8.4759776236e-01 -1.9579039394e+00  4.8583652262e+00  3.8633501819e-01 -3.8408040629e+00  6.4969763381e+00 -1.8724111729e-01 -2.9139752354e+00  5.4220471550e+00 -3.9104193800e-01 -1.9104380257e+00  2.7474540203e+00  1.7920035633e+00 -1.5519561034e+00  5.5256254845e+00  2.1082445617e+00  6.2938569307e-01  1.1809330024e+00  1.3180786951e-01 -2.1781103624e-01 -1.2988318658e-01  2.4162857135e+00 -2.1512097394e-01  3.5455852471e+00 -1.4192322715e+00 -1.8414420509e+00  9.5892198414e-01  1.1603811195e+00 -4.4916662425e+00  6.0777909966e+00  8.3897889409e-01 -3.2691676253e+00  7.3107160871e+00 -4.0238094198e-01 -4.4757137440e+00  6.9123776522e+00 -9.8605154118e-01 -2.2844455790e+00  5.8397006440e+00 -6.5237817019e-01 -3.4701418468e+00  4.6057202079e+00
ENERGY -4.403256532508e+02

JOB 10
COORDS  1.3987378050e+00 -5.9318508112e-02  1.6128551448e+00  2.6307561692e-01 -4.7299356143e-01  9.1103130615e-01  1.6186318077e+00 -5.7450570315e-01  2.8895385537e+00 -6.0357476435e-01 -1.3871307317e+00  1.5210146450e+00  6.9265871684e-01 -1.4876935040e+00  3.4127792939e+00  9.1483133217e-01 -2.0514887052e+00  4.7968329988e+00  3.4981848538e-01 -3.7589581082e+00  6.5901993899e+00 -1.2212325323e-01 -3.0130781650e+00  5.3429094406e+00 -4.0138781696e-01 -1.8905509756e+00  2.7435073145e+00  1.8921894669e+00 -1.6986624702e+00  5.4459017793e+00  2.0955541514e+00  6.4957372186e-01  1.1731058666e+00  4.8113952806e-02 -1.0024064954e-01 -8.6477227375e-02  2.4777729189e+00 -2.9391853424e-01  3.4897298873e+00 -1.4976854080e+00 -1.7290095461e+00  1.0018449631e+00  1.2243045408e+00 -4.3782067827e+00  6.3683417107e+00  6.3504701933e-01 -3.0639372403e+00  7.3839932285e+00 -4.4461800750e-01 -4.4108212021e+00  6.9668050990e+00 -1.0242570172e+00 -2.4203262009e+00  5.5482193349e+00 -4.2143890688e-01 -3.6978631920e+00  4.5438111988e+00
ENERGY -4.403265086132e+02

JOB 11
COORDS  1.3939483027e+00 -4.7394723701e-02  1.6264717652e+00  2.2321949186e-01 -4.0608989520e-01  9.5272738499e-01  1.6459142061e+00 -6.1362676452e-01  2.8754374596e+00 -6.4587174016e-01 -1.3187767995e+00  1.5616127212e+00  7.1325316256e-01 -1.5183973722e+00  3.4007995900e+00  9.6862182373e-01 -2.1422809549e+00  4.7526892520e+00  2.9361755100e-01 -3.6837343521e+00  6.6545076623e+00 -6.5030719739e-02 -3.1148876234e+00  5.2834740935e+00 -4.1491697805e-01 -1.8683483816e+00  2.7588100854e+00  1.9838230528e+00 -1.8530639262e+00  5.3742586805e+00  2.0936619654e+00  6.5829944310e-01  1.1861910087e+00 -1.7193680720e-02  7.9756051459e-03 -2.2422542851e-02  2.5346541406e+00 -3.7918650252e-01  3.4519100830e+00 -1.5664245999e+00 -1.6192247324e+00  1.0633966323e+00  1.2455554786e+00 -4.2210341917e+00  6.6223008834e+00  3.9524923367e-01 -2.8880941981e+00  7.3978441828e+00 -4.8309434663e-01 -4.3764367915e+00  6.9934095370e+00 -1.0328116862e+00 -2.5991889278e+00  5.2966347836e+00 -1.9364903679e-01 -3.9064689819e+00  4.5353772458e+00
ENERGY -4.403268803679e+02

JOB 12
COORDS  1.3815915212e+00 -3.2704075610e-02  1.6283926544e+00  1.7673314628e-01 -3.3854842495e-01  9.8949884715e-01  1.6662146174e+00 -6.4865507530e-01  2.8462941029e+00 -6.9170684542e-01 -1.2498578398e+00  1.6011617752e+00  7.2997485379e-01 -1.5457979830e+00  3.3789404186e+00  1.0259691859e+00 -2.2247380836e+00  4.6958568150e+00  2.4182082348e-01 -3.5906118320e+00  6.6884403890e+00  5.1707716111e-03 -3.2115139448e+00  5.2272488114e+00 -4.3099337467e-01 -1.8443642229e+00  2.7705197670e+00  2.0797844785e+00 -1.9911187176e+00  5.2754242314e+00  2.0823728499e+00  6.6996809689e-01  1.1849773089e+00 -9.0317025694e-02  1.1533893667e-01  3.9316599932e-02  2.5835880150e+00 -4.5879439379e-01  3.3935239374e+00 -1.6379011326e+00 -1.5105860202e+00  1.1293662264e+00  1.2412251830e+00 -4.0086998658e+00  6.8330487977e+00  1.5693914731e-01 -2.7145626487e+00  7.3386316977e+00 -4.9584990300e-01 -4.3309354838e+00  7.0134784973e+00 -9.9641446389e-01 -2.8015095049e+00  5.0666105685e+00  4.8750525930e-02 -4.0930521771e+00  4.5727711514e+00
ENERGY -4.403265086111e+02

JOB 13
COORDS  1.3702072027e+00 -1.9601188900e-02  1.6362327918e+00  1.3112722864e-01 -2.6918632576e-01  1.0394070471e+00  1.6902373636e+00 -6.9062756771e-01  2.8152832721e+00 -7.3411807261e-01 -1.1819986049e+00  1.6527885565e+00  7.5410370669e-01 -1.5847339937e+00  3.3546943911e+00  1.0929786925e+00 -2.3210804813e+00  4.6303236653e+00  1.8014771079e-01 -3.4862389772e+00  6.6928569203e+00  8.9433333299e-02 -3.3215237937e+00  5.1736198122e+00 -4.3938590438e-01 -1.8285538295e+00  2.7861089473e+00  2.1776218239e+00 -2.1290603079e+00  5.1674657289e+00  2.0699962900e+00  6.8229396501e-01  1.1900379979e+00 -1.6425369483e-01  2.2895617016e-01  1.2028928607e-01  2.6353131053e+00 -5.4613709039e-01  3.3280139807e+00 -1.7063950614e+00 -1.4001631647e+00  1.2135957077e+00  1.1931735028e+00 -3.7560701788e+00  7.0007735894e+00 -8.4953479476e-02 -2.5540709210e+00  7.2020817360e+00 -5.0814890086e-01 -4.2660242370e+00  7.0333229402e+00 -9.1506263200e-01 -3.0414249672e+00  4.8501538155e+00  3.0536124148e-01 -4.2731163723e+00  4.6670536926e+00
ENERGY -4.403256539948e+02

JOB 14
COORDS  1.3606542678e+00 -1.5586713660e-02  1.6719213251e+00  9.0810871337e-02 -2.1026409826e-01  1.1207006393e+00  1.7153011027e+00 -7.4560309251e-01  2.8048079919e+00 -7.6871273782e-01 -1.1301504939e+00  1.7311644041e+00  7.8290666946e-01 -1.6439135338e+00  3.3448595500e+00  1.1621016345e+00 -2.4383353460e+00  4.5733804129e+00  7.8414799533e-02 -3.3648742424e+00  6.6645768295e+00  1.7168417679e-01 -3.4436218277e+00  5.1346197638e+00 -4.3966363968e-01 -1.8352094076e+00  2.8193724261e+00  2.2672291743e+00 -2.2747515935e+00  5.0781127861e+00  2.0570349828e+00  6.9007054711e-01  1.2263356388e+00 -2.3207177408e-01  3.3503686038e-01  2.3833907569e-01  2.6841682129e+00 -6.4356909351e-01  3.2820609737e+00 -1.7645622687e+00 -1.3060635246e+00  1.3272908879e+00  1.0637908455e+00 -3.4832582441e+00  7.1218657396e+00 -3.2833503291e-01 -2.3988763281e+00  6.9817670479e+00 -5.8122320658e-01 -4.1499726107e+00  7.0468125078e+00 -8.0201610933e-01 -3.3122847823e+00  4.6617435847e+00  5.4166971597e-01 -4.4334678048e+00  4.8349278973e+00
ENERGY -4.403249196676e+02

JOB 15
COORDS  5.7056027913e-01  5.6897012348e-01  1.9579901310e+00  6.4162088046e-01 -8.0260351511e-02  7.2195370401e-01  8.2456663119e-01 -1.6640508644e-01  3.1141762657e+00  9.6578115989e-01 -1.4411325660e+00  6.9984218991e-01  1.1438481976e+00 -1.5267223173e+00  2.9885226532e+00  1.4150106919e+00 -2.3319259442e+00  4.2379357058e+00  7.4431658063e-01 -4.6864047366e+00  4.8225419639e+00  1.7797583621e+00 -3.7998391839e+00  4.1087051138e+00  1.2144531740e+00 -2.1564149032e+00  1.8026685912e+00  1.3199346279e+00 -1.7932817210e+00  5.3352831917e+00  3.2156492500e-01  1.6253939057e+00  2.0162922414e+00  4.5176425164e-01  4.5006503759e-01 -2.0696455009e-01  7.8318840546e-01  2.7457438384e-01  4.1044996715e+00  1.0288134321e+00 -1.9775629205e+00 -2.4570141405e-01  6.4354590179e-01 -4.3944026502e+00  5.8711041987e+00 -2.3853058259e-01 -4.6027352700e+00  4.3466857973e+00  1.0497674811e+00 -5.7363920371e+00  4.7801749001e+00  1.8782365273e+00 -4.0773078061e+00  3.0593439487e+00  2.7561732487e+00 -3.9218215076e+00  4.5923215863e+00
ENERGY -4.403247398807e+02

JOB 16
COORDS  5.5180745950e-01  5.2678791730e-01  1.9702310526e+00  5.5057371618e-01 -1.6869399813e-01  7.5761412193e-01  8.7986625975e-01 -1.6397166603e-01  3.1354633270e+00  8.8043294690e-01 -1.5284943051e+00  7.6659275967e-01  1.2009188319e+00 -1.5260356242e+00  3.0411413586e+00  1.5493755688e+00 -2.2892044997e+00  4.2972597384e+00  6.8114772191e-01 -4.6149474362e+00  4.6273329444e+00  1.8873411747e+00 -3.7628611812e+00  4.1863895464e+00  1.2027567829e+00 -2.2000753530e+00  1.8777270469e+00  1.5015992296e+00 -1.7230175604e+00  5.3837012634e+00  3.0070815265e-01  1.5837957630e+00  2.0039367770e+00  3.0115245218e-01  3.2545075237e-01 -1.7714542917e-01  8.9444862365e-01  3.1315835079e-01  4.1096900847e+00  8.8721436370e-01 -2.1001829211e+00 -1.6019232880e-01  3.8132249534e-01 -4.3601850761e+00  5.6477122229e+00 -1.7534001323e-01 -4.4556798829e+00  3.9640954468e+00  9.3762327915e-01 -5.6783501588e+00  4.5961165243e+00  2.1770300257e+00 -4.0163542920e+00  3.1662656396e+00  2.7294363316e+00 -3.9496061677e+00  4.8602952418e+00
ENERGY -4.403252026667e+02

JOB 17
COORDS  5.3845950255e-01  4.8794564917e-01  1.9855889536e+00  4.7598495190e-01 -2.5085731180e-01  8.0069375846e-01  9.1827869662e-01 -1.6257378883e-01  3.1585597990e+00  7.9877525675e-01 -1.6119411991e+00  8.4375674425e-01  1.2263737803e+00 -1.5289631437e+00  3.0983864863e+00  1.6352486556e+00 -2.2510872465e+00  4.3604411037e+00  6.3534348392e-01 -4.5474810159e+00  4.4537511650e+00  1.9326049306e+00 -3.7335490785e+00  4.2740253083e+00  1.1694229183e+00 -2.2454293405e+00  1.9619106854e+00  1.6678331344e+00 -1.6444564681e+00  5.4251207213e+00  2.9503240536e-01  1.5472615544e+00  1.9925035654e+00  1.8490668497e-01  2.1082752443e-01 -1.3860675956e-01  9.8330516199e-01  3.4943564919e-01  4.1128680180e+00  7.5870331546e-01 -2.2164845565e+00 -6.1086286729e-02  1.5894617666e-01 -4.3131554935e+00  5.4105268104e+00 -7.3915755679e-02 -4.3349144037e+00  3.6484856722e+00  8.5782987914e-01 -5.6188581302e+00  4.4350385342e+00  2.3845368683e+00 -3.9752537416e+00  3.3100426551e+00  2.6344035751e+00 -3.9698894547e+00  5.0784941587e+00
ENERGY -4.403258604529e+02

JOB 18
COORDS  5.0857302828e-01  4.5805985425e-01  2.0023462828e+00  4.1726315594e-01 -2.9589910689e-01  8.2906211606e-01  9.4172690456e-01 -1.7308615476e-01  3.1676079881e+00  7.6309568779e-01 -1.6512612909e+00  8.7687567092e-01  1.2640006894e+00 -1.5362230967e+00  3.1139562458e+00  1.7443451315e+00 -2.2317529045e+00  4.3663012494e+00  6.2698163327e-01 -4.4984167221e+00  4.3097437577e+00  1.9629724616e+00 -3.7293571682e+00  4.3127277656e+00  1.1763835773e+00 -2.2679308574e+00  1.9892603308e+00  1.9327722804e+00 -1.5808418378e+00  5.3876564050e+00  2.4882644454e-01  1.5135229448e+00  2.0060501134e+00  8.6639148879e-02  1.4979803869e-01 -1.0486029537e-01  1.0397099173e+00  3.5315103479e-01  4.1112910424e+00  7.0422104897e-01 -2.2662380301e+00 -1.9867313409e-02  2.8784396778e-02 -4.2493556931e+00  5.1922308754e+00  4.4961083888e-02 -4.2668192007e+00  3.4146116203e+00  8.1667839556e-01 -5.5762296097e+00  4.3242608467e+00  2.5203721358e+00 -3.9810984766e+00  3.4058500898e+00  2.5576336289e+00 -3.9987355035e+00  5.1890598449e+00
ENERGY -4.403259395693e+02

JOB 19
COORDS  4.6693245042e-01  4.2961525535e-01  2.0208726466e+00  3.6530506650e-01 -3.2906612497e-01  8.5154967040e-01  9.3980501926e-01 -1.8786818680e-01  3.1780101908e+00  7.3861261544e-01 -1.6770902317e+00  8.9510706301e-01  1.2806174216e+00 -1.5463924640e+00  3.1224290105e+00  1.8197253858e+00 -2.2227979702e+00  4.3614650824e+00  6.0135850953e-01 -4.4681118270e+00  4.2108925517e+00  1.9454894063e+00 -3.7333580593e+00  4.3687996070e+00  1.1805921143e+00 -2.2835084430e+00  2.0023460550e+00  2.1777837715e+00 -1.5371376209e+00  5.3122625505e+00  1.8698373018e-01  1.4798649328e+00  2.0272686277e+00  6.1719870278e-03  1.0742439575e-01 -7.6156449136e-02  1.0573326954e+00  3.4677882791e-01  4.1147001248e+00  6.7679791816e-01 -2.2949830406e+00  5.4231447654e-04 -1.0515746922e-01 -4.1722579983e+00  4.9939584844e+00  1.5238404834e-01 -4.2605184056e+00  3.2383131456e+00  7.5706615135e-01 -5.5483065126e+00  4.2950473173e+00  2.6012578206e+00 -4.0190995260e+00  3.5382466507e+00  2.4345169398e+00 -4.0048672257e+00  5.3073664464e+00
ENERGY -4.403250607325e+02

JOB 20
COORDS  4.3111830890e-01  4.2296495983e-01  2.0518047992e+00  3.1535502840e-01 -3.3374761096e-01  8.8243479451e-01  9.4407230042e-01 -1.8934469707e-01  3.1944868304e+00  7.1322753734e-01 -1.6748205276e+00  9.1238216748e-01  1.3005310184e+00 -1.5434387434e+00  3.1279343706e+00  1.8958322561e+00 -2.2067977822e+00  4.3478400045e+00  5.9520013612e-01 -4.4391551177e+00  4.1405199273e+00  1.9215256013e+00 -3.7219322201e+00  4.4418874165e+00  1.1854107962e+00 -2.2791266500e+00  2.0088090570e+00  2.4167413039e+00 -1.5054060636e+00  5.2076787434e+00  1.3383919019e-01  1.4683210750e+00  2.0685428247e+00 -7.2703714275e-02  9.9394177300e-02 -3.5115225767e-02  1.0824490481e+00  3.4824518496e-01  4.1266299034e+00  6.4526746551e-01 -2.2899675050e+00  1.6373556511e-02 -2.0721327507e-01 -4.0824864554e+00  4.7959420313e+00  2.9032816738e-01 -4.2875588151e+00  3.1050321448e+00  7.0943078872e-01 -5.5138133712e+00  4.3153655476e+00  2.6771399085e+00 -4.0642914045e+00  3.7225361088e+00  2.2886054984e+00 -3.9605339598e+00  5.4432248255e+00
ENERGY -4.403233385434e+02

JOB 21
COORDS  4.1920111037e-01  4.1374481436e-01  2.0662756690e+00  2.5928721271e-01 -3.4111782599e-01  9.0080401505e-01  9.7638793249e-01 -1.9942151012e-01  3.1874185289e+00  6.5838122544e-01 -1.6817427060e+00  9.1389667716e-01  1.3254811449e+00 -1.5550765965e+00  3.1065474000e+00  1.9741736492e+00 -2.2136460769e+00  4.3012049139e+00  6.2321791028e-01 -4.4461147903e+00  4.0511063797e+00  1.8981778503e+00 -3.7199767755e+00  4.5027011388e+00  1.1679864688e+00 -2.2890481179e+00  1.9922371869e+00  2.6303217399e+00 -1.5167039084e+00  5.0668699463e+00  1.2330844855e-01  1.4592081955e+00  2.0957270014e+00 -1.6283238265e-01  9.3467998826e-02 -8.7667836046e-04  1.1541313161e+00  3.3985815614e-01  4.1119168308e+00  5.5987664989e-01 -2.2950415119e+00  1.9476717968e-02 -2.7123997689e-01 -4.0006169490e+00  4.5011037753e+00  5.1033091154e-01 -4.4155420739e+00  2.9681044697e+00  6.6487046850e-01 -5.4922759728e+00  4.3717740246e+00  2.7571756736e+00 -4.1330076325e+00  3.9560570044e+00  2.1016652128e+00 -3.8852493076e+00  5.5644415299e+00
ENERGY -4.403211094665e+02

JOB 22
COORDS  1.5736033058e+00 -4.4911978815e-01  1.3339262740e+00  2.6108362039e-01 -5.8979855605e-01  8.7412775045e-01  1.8525078104e+00 -7.6455405133e-01  2.6626590642e+00 -7.1574547474e-01 -1.0341200052e+00  1.7711630210e+00  7.9858197656e-01 -1.1813557900e+00  3.4896783073e+00  1.1108429564e+00 -1.5648142459e+00  4.9169816019e+00 -1.1807717931e+00 -6.0829313666e-01  5.8438900749e+00  7.9058578860e-02 -1.4602278138e+00  6.0361272127e+00 -4.6567250710e-01 -1.3125531799e+00  3.0561583782e+00  2.2261704878e+00 -2.0081846935e+00  5.1666513543e+00  2.3621938782e+00 -1.0907058347e-01  6.6764719940e-01 -5.0930760630e-03 -3.6362987278e-01 -1.5451335557e-01  2.8557279204e+00 -7.0460466066e-01  3.0711965355e+00 -1.7455171053e+00 -1.1678561135e+00  1.4431456346e+00 -9.3415340347e-01  4.0714009805e-01  5.5155317925e+00 -1.8519784536e+00 -1.0413224410e+00  5.1036464229e+00 -1.7102306117e+00 -5.2642964571e-01  6.7993740018e+00 -2.0682964805e-01 -2.4959685831e+00  6.2624408419e+00  6.5018450038e-01 -1.1236099191e+00  6.9078079308e+00
ENERGY -4.403190307481e+02

JOB 23
COORDS  1.5231282959e+00 -1.0529220047e+00  1.1830700526e+00  2.8298440562e-01 -5.0188236010e-01  8.4784612829e-01  1.8330676071e+00 -1.2282382225e+00  2.5303565700e+00 -5.9430681238e-01 -1.5812854107e-01  1.8813858767e+00  8.7715658168e-01 -8.6876280038e-01  3.4938977640e+00  1.2398081316e+00 -1.0321470376e+00  4.9517786253e+00 -1.2968579879e+00 -1.2627465572e+00  5.7657103512e+00  2.0625443624e-01 -1.2354070946e+00  6.0588055312e+00 -3.1814306244e-01 -3.4542982344e-01  3.1772357501e+00  2.4283148241e+00 -1.0204985454e+00  5.2542460861e+00  2.2342181273e+00 -1.3324917075e+00  4.0999180094e-01 -2.7035534948e-03 -3.3934162412e-01 -1.8758825571e-01  2.7883692083e+00 -1.6261500813e+00  2.8553605633e+00 -1.5640898184e+00  2.8370135138e-01  1.6570420896e+00 -1.6595992383e+00 -3.0135283130e-01  5.4024300241e+00 -1.5524056658e+00 -2.0139604758e+00  5.0132633550e+00 -1.8316985661e+00 -1.5156263299e+00  6.6883005653e+00  5.1212154690e-01 -2.1773171430e+00  6.5314143571e+00  4.3217732456e-01 -4.6457476251e-01  6.8051960000e+00
ENERGY -4.403177772849e+02

