JOB 0
COORDS -2.1307721921e-01 -1.8595728851e+00 -8.7096281180e-01 -6.4098124056e-01 -2.3460449473e+00 -2.2463854516e+00  1.7599041160e-01  2.0398249162e+00  4.1185686446e-01  1.0724583785e+00 -1.5378749610e-01  3.7636531514e-01  4.1956322691e-01 -6.4023007762e-01 -8.3933332803e-01 -4.4273554786e-01 -2.5071323494e+00  1.4896046931e-01  1.3393535898e+00  1.2235063312e+00  2.6880605678e-01 -1.1859441042e-01 -3.2814621805e+00 -2.4664033762e+00 -1.7109537032e+00 -2.5671907557e+00 -2.2199076397e+00 -4.4365189307e-01 -1.6283907266e+00 -3.0477332399e+00  5.0770138633e-01  3.0758515582e+00  3.2026304581e-01 -2.8619702399e-01  1.8914451320e+00  1.3974218699e+00 -5.6729684540e-01  1.8233919455e+00 -3.6555023838e-01  4.2201285217e-01 -3.9786261958e-01  1.2229214686e+00  2.0442142233e+00 -6.3770593989e-01  5.2152943286e-01  7.9314832223e-01 -2.7022452084e-01 -1.7059211846e+00
ENERGY -3.631177288892e+02

JOB 1
COORDS -2.4498312291e-01 -1.7872667422e+00 -8.5465969635e-01 -6.6367756660e-01 -2.3036303669e+00 -2.2221012676e+00  9.8979329639e-02  1.9691488170e+00  4.1444578199e-01  1.1748995580e+00 -1.4108699373e-01  3.4702263710e-01  5.4663824346e-01 -6.6333805604e-01 -8.6138721198e-01 -6.1332796971e-01 -2.3328244801e+00  1.8345915384e-01  1.3292143108e+00  1.2578460320e+00  2.7384415457e-01 -2.7690458739e-01 -3.3190059301e+00 -2.3463783700e+00 -1.7545934595e+00 -2.3632771900e+00 -2.2519430327e+00 -3.1611848074e-01 -1.6840307677e+00 -3.0536664886e+00  3.4250623995e-01  3.0314449449e+00  3.5063657048e-01 -3.6504967986e-01  1.7591462616e+00  1.3879789284e+00 -6.1027234787e-01  1.7080270064e+00 -3.8079601903e-01  5.5849012775e-01 -4.5907634666e-01  1.1940625864e+00  2.1878426940e+00 -5.3996097061e-01  4.6423667430e-01  9.5731121807e-01 -3.6769983323e-01 -1.7388271483e+00
ENERGY -3.631187871213e+02

JOB 2
COORDS -2.6660262726e-01 -1.7088507201e+00 -8.4318544898e-01 -6.8543634671e-01 -2.2536559119e+00 -2.1995382021e+00  2.8519665188e-02  1.8873723872e+00  4.0813985115e-01  1.2661206586e+00 -1.3199122166e-01  3.2759689083e-01  6.7146890415e-01 -7.0425821073e-01 -8.7043591169e-01 -7.5104468160e-01 -2.1381244972e+00  2.0159126176e-01  1.3120038979e+00  1.2777415921e+00  2.6894507092e-01 -4.2533237421e-01 -3.3148578299e+00 -2.2456631802e+00 -1.7726165036e+00 -2.1794659079e+00 -2.2835454570e+00 -2.2420080611e-01 -1.7363059135e+00 -3.0456251310e+00  1.8726037258e-01  2.9663835755e+00  3.5878719599e-01 -4.2618866021e-01  1.6282496784e+00  1.3740239171e+00 -6.5138126438e-01  1.5817201496e+00 -3.9713895792e-01  6.8132597812e-01 -4.9940729307e-01  1.1767953775e+00  2.3080171036e+00 -4.5060918135e-01  4.2973863032e-01  1.0990411911e+00 -4.5952531097e-01 -1.7545586541e+00
ENERGY -3.631198236737e+02

JOB 3
COORDS -1.2355542572e+00 -2.9912729180e-01 -4.6016567895e-01 -1.6818133620e+00 -3.8352914485e-01 -1.9108812132e+00  1.5727296822e+00  1.3529327007e+00  1.1664884916e+00  6.1438767760e-01 -8.1466562866e-01  1.1274217294e+00  2.7496038326e-02 -7.7742948439e-01 -2.0029623681e-01 -1.9626313937e+00  1.7057819054e-01  4.1178167160e-01  1.8029272129e+00 -5.4973104452e-02  1.2191626204e+00 -2.5825469883e+00 -1.0010932833e+00 -1.9629929646e+00 -1.9528790190e+00  6.1950443875e-01 -2.2504473887e+00 -9.2564598507e-01 -7.9767130803e-01 -2.5838443212e+00  2.5478910281e+00  1.8333912271e+00  1.2675084074e+00  9.1711159398e-01  1.6753844260e+00  1.9864908190e+00  1.1177460046e+00  1.6509268340e+00  2.1338236754e-01 -1.5526456108e-01 -4.6403872684e-01  1.8221606464e+00  9.0846267177e-01 -1.8374762263e+00  1.3774721218e+00  5.7051239463e-01 -1.1644547829e+00 -9.6106723411e-01
ENERGY -3.631207811343e+02

JOB 4
COORDS -1.1670875831e+00 -2.5545370171e-01 -4.3901613114e-01 -1.6437700540e+00 -3.3188795756e-01 -1.8804328231e+00  1.4591945296e+00  1.3603794922e+00  1.1209510140e+00  6.6133950213e-01 -8.7728393270e-01  1.1294645704e+00  2.1145888971e-02 -8.9698093140e-01 -1.7270464333e-01 -1.8124098762e+00  3.3359979314e-01  4.2441775443e-01  1.7899947300e+00 -2.6935382249e-02  1.1895528455e+00 -2.6269858784e+00 -8.0954629801e-01 -1.8973657045e+00 -1.7677998086e+00  6.8536219894e-01 -2.2611280789e+00 -9.6858578961e-01 -8.8239388151e-01 -2.5416140641e+00  2.3941962050e+00  1.9095870130e+00  1.2486678172e+00  7.5411307057e-01  1.6383913735e+00  1.9148835884e+00  1.0151583492e+00  1.6216258320e+00  1.5222487869e-01 -1.0433068382e-01 -5.8427022248e-01  1.8546903763e+00  1.0400655709e+00 -1.8750408424e+00  1.3619414532e+00  5.3869056526e-01 -1.3008937171e+00 -9.4235901558e-01
ENERGY -3.631213821675e+02

JOB 5
COORDS -1.1116834794e+00 -2.2537351602e-01 -4.2453391319e-01 -1.6072874796e+00 -2.9439855712e-01 -1.8599640811e+00  1.3617740393e+00  1.3735706956e+00  1.0886269630e+00  7.0321632783e-01 -9.2348677520e-01  1.1243164136e+00 -1.7059445555e-02 -1.0122850415e+00 -1.3499539180e-01 -1.6750355787e+00  4.6513617369e-01  4.2028813446e-01  1.7689100340e+00  5.0272048494e-03  1.1244000849e+00 -2.6501537530e+00 -6.2183385471e-01 -1.8528105704e+00 -1.5836106336e+00  7.1236448555e-01 -2.2858282850e+00 -1.0266229386e+00 -9.6692225825e-01 -2.4974404708e+00  2.2642456423e+00  1.9667089376e+00  1.2515593519e+00  6.2538613388e-01  1.5897161201e+00  1.8719781090e+00  9.2464479487e-01  1.6401198019e+00  1.1886747219e-01 -3.3546749632e-02 -6.7917987734e-01  1.8967060349e+00  1.1602707540e+00 -1.8922939013e+00  1.3337267820e+00  4.7948106971e-01 -1.4286108022e+00 -9.1272279632e-01
ENERGY -3.631209929138e+02

JOB 6
COORDS -1.0863091771e+00 -2.1988118970e-01 -4.5312998957e-01 -1.6082018007e+00 -3.3196979329e-01 -1.8764872667e+00  1.2871356850e+00  1.4301074218e+00  1.1664769985e+00  7.6704552630e-01 -9.2192744901e-01  1.0540396215e+00 -7.2739127396e-02 -1.0991935363e+00 -1.2456226261e-01 -1.5554879817e+00  5.8077513195e-01  3.4997328589e-01  1.7446460041e+00  9.1446416616e-02  9.5860952541e-01 -2.6925947004e+00 -2.0861286641e-01 -1.8632751971e+00 -1.1868082628e+00  4.8582965577e-01 -2.4705400932e+00 -1.3542460537e+00 -1.2800210358e+00 -2.3590072064e+00  2.1819282706e+00  2.0327602061e+00  1.3405034946e+00  6.2345201754e-01  1.4916598075e+00  2.0369295364e+00  7.4931359898e-01  1.8159587611e+00  2.9482791623e-01  1.0040607977e-01 -7.3672378367e-01  1.9036090334e+00  1.3146741544e+00 -1.8530341595e+00  1.2095996410e+00  3.7071450498e-01 -1.5689147515e+00 -9.0539319980e-01
ENERGY -3.631188174905e+02

JOB 7
COORDS -1.0622435642e+00 -1.6953573945e-01 -6.4702854342e-01 -1.6212291047e+00 -4.6704464992e-01 -2.0280076498e+00  1.3568099862e+00  1.4548906187e+00  1.4518339562e+00  6.9273585655e-01 -8.0025424051e-01  9.7082398714e-01 -1.9316926352e-01 -1.1166630070e+00 -1.4193535649e-01 -1.3808023088e+00  8.3462215527e-01 -1.7419116819e-02  1.5831922570e+00  2.6267261266e-01  6.9253892583e-01 -2.6647458041e+00 -1.4929509267e-01 -2.0618535766e+00 -1.0667378030e+00  1.2407433165e-01 -2.7646380602e+00 -1.5509283804e+00 -1.5229971630e+00 -2.3043787489e+00  2.0774733297e+00  2.1896200155e+00  1.0856641230e+00  1.5435011832e+00  1.2821165364e+00  2.5211830409e+00  3.3834481838e-01  1.8253472581e+00  1.3050318390e+00  7.4661625982e-02 -5.6570164673e-01  1.8433136855e+00  1.2776400753e+00 -1.7018564304e+00  1.1765395892e+00  1.7842583391e-01 -1.7717367231e+00 -8.1949425712e-01
ENERGY -3.631164186178e+02

JOB 8
COORDS -1.0425658319e+00 -1.4063386710e-01 -6.6393908143e-01 -1.6124481055e+00 -4.8037392743e-01 -2.0317003845e+00  1.2932410176e+00  1.4698536488e+00  1.4941522724e+00  7.4939975249e-01 -7.9463304571e-01  9.2787150658e-01 -2.4220612431e-01 -1.1186690632e+00 -1.0083796007e-01 -1.2982422963e+00  9.1535949517e-01 -9.5519554780e-02  1.5183561434e+00  3.4960747062e-01  6.3318715927e-01 -2.6055654522e+00 -3.7556419603e-02 -2.1209574038e+00 -9.7210625618e-01 -3.2670245336e-02 -2.7995972330e+00 -1.6733226726e+00 -1.5569861985e+00 -2.2164042598e+00  1.9270963060e+00  2.2746329515e+00  1.1153668614e+00  1.5943023359e+00  1.2395473313e+00  2.5258171532e+00  2.4496377995e-01  1.7793932928e+00  1.4640423340e+00  2.3008153008e-01 -6.6490731702e-01  1.8843230119e+00  1.4129241496e+00 -1.6619544172e+00  1.0013586310e+00  5.9020461825e-02 -1.8317508535e+00 -7.5498921479e-01
ENERGY -3.631134221277e+02

JOB 9
COORDS -9.9043594439e-01 -7.2373262196e-02 -7.1878318712e-01 -1.6288223385e+00 -5.0895429923e-01 -2.0301469569e+00  1.2377663949e+00  1.4746900076e+00  1.5503038720e+00  8.2006968241e-01 -7.8704753626e-01  8.8882786424e-01 -2.6960737167e-01 -1.0574242902e+00 -7.0225601630e-02 -1.1393720866e+00  1.0610754384e+00 -2.7569814099e-01  1.5315925352e+00  3.9755034494e-01  6.5469393676e-01 -2.5772636004e+00  1.6498244035e-02 -2.1509902482e+00 -9.7187142333e-01 -2.1600647765e-01 -2.8563909133e+00 -1.7993656880e+00 -1.5881673005e+00 -2.0897422872e+00  1.8769510324e+00  2.3046150830e+00  1.2420468178e+00  1.4875478909e+00  1.1987676226e+00  2.5843532367e+00  1.8849194572e-01  1.7701016864e+00  1.4736010237e+00  4.0272854460e-01 -7.8137502761e-01  1.9043241752e+00  1.5119798800e+00 -1.6306224886e+00  8.0213107765e-01 -9.7460715553e-02 -1.8730689091e+00 -6.4613083124e-01
ENERGY -3.631095543428e+02

JOB 10
COORDS -1.0464988650e-01 -1.0639278441e+00 -1.5283633470e+00 -5.4703382591e-01 -2.3403760225e+00 -2.2358209914e+00  1.3667768519e+00  1.6772474870e+00  8.7603920598e-02 -6.3858603896e-02 -7.8214582239e-02  8.4260154797e-01 -6.1132897577e-01 -9.1671943842e-01 -2.5469555271e-01  6.2310930944e-01 -2.4853939503e-01 -2.0854818859e+00  1.2411480129e+00  3.7427501454e-01  6.6803653456e-01 -6.8301927621e-01 -2.1223631304e+00 -3.2962643853e+00  2.5016085508e-01 -3.0859576817e+00 -2.1448809536e+00 -1.4695552881e+00 -2.7685239823e+00 -1.8318007149e+00  2.4328165938e+00  1.9121312268e+00  1.0513145522e-01  8.2557261873e-01  2.4197832988e+00  6.9076674214e-01  1.0076269227e+00  1.6799945518e+00 -9.4415391537e-01 -7.4469757921e-01  7.7052011898e-01  1.0051630250e+00 -7.5608229479e-02 -7.0897743662e-01  1.7376145701e+00 -1.0965049922e+00 -1.7359368001e+00  9.0471203100e-02
ENERGY -3.631062438523e+02

JOB 11
COORDS  1.0039890407e-01 -1.1766422498e+00 -1.4541747059e+00 -6.0470582780e-01 -2.2677653703e+00 -2.2564976525e+00  1.2552110214e+00  1.6978039336e+00  1.9281926438e-02  3.1379078304e-02 -1.2859087781e-01  9.2258103172e-01 -4.6663812513e-01 -9.2649361123e-01 -2.2756287084e-01  1.0805106315e+00 -5.9745879408e-01 -1.9133919139e+00  1.2679864241e+00  4.7420289752e-01  7.6114677327e-01 -7.2946011189e-01 -1.9165188546e+00 -3.2829358398e+00  4.3945098094e-02 -3.1487497466e+00 -2.2850983308e+00 -1.5792015481e+00 -2.5635013602e+00 -1.8560856573e+00  2.2499027719e+00  2.1325089731e+00  1.3467927592e-01  5.0738008500e-01  2.3900840026e+00  4.3268238183e-01  1.0615922775e+00  1.5072302600e+00 -1.0393237251e+00 -7.4419638102e-01  6.1737527217e-01  1.1641069549e+00  1.3131691720e-01 -8.1507907778e-01  1.7712474160e+00 -1.2544667080e+00 -1.5139900120e+00  1.5272188559e-02
ENERGY -3.631049029391e+02

JOB 12
COORDS  3.1183165709e-01 -1.4174259206e+00 -1.2093591414e+00 -5.6876113594e-01 -2.0629927976e+00 -2.2763773873e+00  1.0717857187e+00  1.6149038389e+00 -1.6403640536e-01  9.7715263965e-02 -1.8090307237e-01  1.0392520975e+00 -3.6881339508e-01 -1.0414664841e+00 -7.0681920387e-02  1.5146241975e+00 -1.2649807819e+00 -1.3861797086e+00  1.2389610596e+00  5.7486597253e-01  7.9679630595e-01 -7.3183759885e-01 -1.3397706397e+00 -3.0820390092e+00 -3.0163529697e-02 -2.9130446012e+00 -2.6994427224e+00 -1.5418204755e+00 -2.4007301833e+00 -1.9070460953e+00  1.9758042095e+00  2.2247196689e+00 -1.1729926472e-01  1.9989863873e-01  2.2405430148e+00  8.1093866921e-02  9.6784068609e-01  1.2106425527e+00 -1.1758294454e+00 -7.6087662921e-01  4.5683303225e-01  1.3076578157e+00  3.5023498808e-01 -8.1088985963e-01  1.8984414596e+00 -1.3754691478e+00 -1.1258883551e+00 -1.2902319298e-01
ENERGY -3.631059687463e+02

JOB 13
COORDS  3.3270997351e-01 -1.5568373564e+00 -1.0680119842e+00 -5.0079381582e-01 -1.9635196615e+00 -2.2784462739e+00  9.4202131111e-01  1.5864276206e+00 -2.5446749101e-01  1.5154409366e-01 -2.1801007863e-01  1.0658430666e+00 -4.0657004318e-01 -1.0539560881e+00 -9.3704750783e-03  1.5492063802e+00 -1.6818381685e+00 -1.0439568610e+00  1.2394500482e+00  5.9017118321e-01  7.1478267149e-01 -5.2353584804e-01 -1.1336742349e+00 -2.9934289796e+00 -1.8625804813e-02 -2.8124678559e+00 -2.7651461184e+00 -1.5316417419e+00 -2.2278403492e+00 -2.0234444132e+00  1.8301650961e+00  2.2153009329e+00 -3.3731104959e-01  8.6801711676e-02  2.2065862267e+00  5.7139094831e-02  7.2911999165e-01  1.1467870207e+00 -1.2370706654e+00 -6.8901163110e-01  3.7803920886e-01  1.4525719901e+00  5.3213088662e-01 -8.5942162658e-01  1.8647919904e+00 -1.3720161008e+00 -8.5133138853e-01 -2.3854724944e-01
ENERGY -3.631092006698e+02

JOB 14
COORDS  3.0427879110e-01 -1.6549697331e+00 -1.0185184616e+00 -4.7273011617e-01 -1.9884621080e+00 -2.2850650155e+00  8.6448386504e-01  1.6541018727e+00 -2.3647566606e-01  2.0956971745e-01 -2.4144483529e-01  1.0318658484e+00 -4.3104864918e-01 -1.0006365509e+00 -4.1165919834e-02  1.4801603834e+00 -1.9563746446e+00 -8.7179040317e-01  1.2616256627e+00  6.0425795566e-01  6.3338577265e-01 -3.0039327394e-01 -1.2015469989e+00 -3.0275532883e+00 -9.1017749591e-02 -2.9247904368e+00 -2.6947096535e+00 -1.5505727777e+00 -2.0759243246e+00 -2.1178058053e+00  1.7397204177e+00  2.2900321563e+00 -3.8126385061e-01  5.0635919120e-02  2.2546891459e+00  2.0025777602e-01  5.4032159544e-01  1.2734598094e+00 -1.2147910505e+00 -5.8943554236e-01  3.2079457791e-01  1.5363646571e+00  6.6771658811e-01 -9.3650756717e-01  1.7378680880e+00 -1.3323603240e+00 -6.5226293383e-01 -3.4467577511e-01
ENERGY -3.631127863176e+02

JOB 15
COORDS  2.7200369743e-01 -1.7481714544e+00 -1.0027486040e+00 -4.6797306755e-01 -2.0755443625e+00 -2.2911560473e+00  8.1255710309e-01  1.7685292988e+00 -1.6506787766e-01  2.6399210088e-01 -2.4617672784e-01  9.6479524704e-01 -4.1863287396e-01 -9.3062087137e-01 -1.2217862102e-01  1.3875849752e+00 -2.1850927870e+00 -7.5559154003e-01  1.2836857999e+00  6.4575697745e-01  5.6516978134e-01 -1.3450184676e-01 -1.3880232770e+00 -3.0760917525e+00 -2.0618267343e-01 -3.0886245875e+00 -2.6002563728e+00 -1.5548841070e+00 -1.9917890408e+00 -2.1963669511e+00  1.6711851396e+00  2.4229011841e+00 -3.2733052818e-01  4.1396248978e-02  2.3204918386e+00  3.9565115081e-01  4.0207849651e-01  1.4784147054e+00 -1.1426568461e+00 -5.0530249753e-01  2.7233848320e-01  1.5540799195e+00  7.6693619455e-01 -9.8999084429e-01  1.5832819547e+00 -1.2629881828e+00 -4.9998315022e-01 -4.7760566004e-01
ENERGY -3.631155717815e+02

JOB 16
COORDS  2.7065548433e-01 -1.7958337657e+00 -1.0394246854e+00 -4.8595392584e-01 -2.1749592153e+00 -2.3030167514e+00  7.5035292448e-01  1.8923213880e+00 -5.4016802466e-02  3.3550834301e-01 -2.4729798440e-01  8.8929275733e-01 -3.4742050400e-01 -8.5618239206e-01 -2.3611661464e-01  1.3445305412e+00 -2.3064086475e+00 -7.4673283178e-01  1.2999569019e+00  7.2751985139e-01  5.4286415513e-01  9.9886331577e-02 -1.8529006793e+00 -3.1689576070e+00 -5.6822086684e-01 -3.2633982252e+00 -2.3487164667e+00 -1.4857260748e+00 -1.7358283525e+00 -2.3689015826e+00  1.5703541224e+00  2.6028970303e+00 -1.7525462129e-01 -2.4809682021e-02  2.3453657998e+00  5.8443809430e-01  3.1914369908e-01  1.6811099138e+00 -1.0429140820e+00 -4.3094672745e-01  1.8497040109e-01  1.5480437297e+00  8.8701499412e-01 -1.0265081340e+00  1.4144943205e+00 -1.1833710540e+00 -4.1045160372e-01 -5.8915375901e-01
ENERGY -3.631170890090e+02

JOB 17
COORDS  2.5712735315e-01 -1.8554795850e+00 -1.0511937605e+00 -5.1263905231e-01 -2.2553703825e+00 -2.2999290775e+00  7.1957689719e-01  1.9833766615e+00  3.0354685640e-02  3.9194348144e-01 -2.3301226563e-01  8.1786688168e-01 -2.6177201776e-01 -7.8534562376e-01 -3.5132210638e-01  1.2649286899e+00 -2.4526750302e+00 -6.9169573891e-01  1.3168324565e+00  8.0250043639e-01  5.4373673265e-01  1.2870294056e-01 -2.0905775417e+00 -3.1704777617e+00 -7.2983552420e-01 -3.3250192395e+00 -2.2497193104e+00 -1.4473281054e+00 -1.7044935129e+00 -2.4401495187e+00  1.5081635874e+00  2.7359362928e+00 -3.2191778652e-02 -7.6882634554e-02  2.3535833521e+00  6.9540252905e-01  3.0235109710e-01  1.8272335410e+00 -9.7463266686e-01 -3.8727356683e-01  1.2768066820e-01  1.5050051153e+00  9.6866435171e-01 -1.0305480565e+00  1.2839877747e+00 -1.0916054467e+00 -3.3337432974e-01 -7.0911474663e-01
ENERGY -3.631174759080e+02

JOB 18
COORDS  2.3800024511e-01 -1.9148745369e+00 -1.0513011849e+00 -5.3845005906e-01 -2.3148008926e+00 -2.2957803411e+00  6.7430181547e-01  2.0567378094e+00  1.0555118649e-01  4.6280383722e-01 -2.1949266519e-01  7.4783907209e-01 -1.5731200062e-01 -7.3413065255e-01 -4.5760193098e-01  1.1555971030e+00 -2.6009254174e+00 -6.1480932893e-01  1.3333832635e+00  8.7492674218e-01  5.3399248702e-01  1.5173813666e-01 -2.3302108239e+00 -3.1438946616e+00 -9.1676204660e-01 -3.3312400241e+00 -2.1617813694e+00 -1.3728512661e+00 -1.6478876829e+00 -2.5317342266e+00  1.4212733399e+00  2.8531281904e+00  1.0038967540e-01 -1.4022442820e-01  2.3343852720e+00  7.9324152775e-01  2.6592362648e-01  1.9529033699e+00 -9.0996326074e-01 -3.2927862439e-01  6.7012627845e-02  1.4559830636e+00  1.0722034715e+00 -1.0191289729e+00  1.1656375996e+00 -9.6939190669e-01 -2.6198695870e-01 -8.2984105510e-01
ENERGY -3.631170534851e+02

JOB 19
COORDS  2.1945904896e-01 -1.9611130342e+00 -1.0436245526e+00 -5.6343600012e-01 -2.3488920961e+00 -2.2877888706e+00  6.1787969418e-01  2.1041547909e+00  1.6580216773e-01  5.4206707408e-01 -2.1168167297e-01  6.8650034055e-01 -3.6853969786e-02 -6.9709865417e-01 -5.5409774742e-01  1.0313620587e+00 -2.7228127440e+00 -5.2875585021e-01  1.3449142098e+00  9.4141489539e-01  5.3214436320e-01  1.4724236723e-01 -2.5548089128e+00 -3.0926797518e+00 -1.1074496909e+00 -3.2751488091e+00 -2.0854774828e+00 -1.2683360611e+00 -1.5836020682e+00 -2.6255138478e+00  1.3138196529e+00  2.9439594007e+00  2.1744433639e-01 -2.1875318107e-01  2.2893700699e+00  8.5774346479e-01  2.2717071310e-01  2.0379545922e+00 -8.6000478099e-01 -2.6609201047e-01 -2.7776340369e-03  1.4046215904e+00  1.1873723716e+00 -1.0006892099e+00  1.0689212048e+00 -8.1941176986e-01 -1.9381352901e-01 -9.4930733098e-01
ENERGY -3.631160950399e+02

JOB 20
COORDS  1.7403704503e-01 -2.0054729829e+00 -1.0166451971e+00 -5.8097185066e-01 -2.3731652729e+00 -2.2840492659e+00  5.4534528991e-01  2.1375332895e+00  2.2383052912e-01  6.3632118995e-01 -2.0365023469e-01  6.2062938009e-01  8.2994088351e-02 -6.8408680631e-01 -6.3749497073e-01  8.3274308266e-01 -2.8336850570e+00 -3.9424640923e-01  1.3567384182e+00  1.0026626181e+00  4.8761082181e-01  1.3346669263e-01 -2.7756656042e+00 -3.0069165468e+00 -1.2941793660e+00 -3.1681206762e+00 -2.0502018492e+00 -1.1140265656e+00 -1.5347360622e+00 -2.7417261749e+00  1.1888129542e+00  3.0154016952e+00  3.1064683528e-01 -2.7606553626e-01  2.2212251380e+00  9.5185187388e-01  1.2343270429e-01  2.1175656291e+00 -7.9204316415e-01 -1.7132816564e-01 -7.0398147194e-02  1.3582366584e+00  1.3305410742e+00 -9.6474126733e-01  9.7251679035e-01 -6.1690654801e-01 -1.1625087433e-01 -1.0960720583e+00
ENERGY -3.631149052030e+02

JOB 21
COORDS -6.6387226012e-02 -2.0226431913e+00 -9.3140489001e-01 -5.4902550612e-01 -2.4271463936e+00 -2.3148409499e+00  4.1780751281e-01  2.1692996577e+00  3.6844875464e-01  7.4861081189e-01 -1.8045617774e-01  4.8897096443e-01  3.6585767201e-02 -6.7412561121e-01 -6.9923542667e-01  1.9300391343e-01 -2.8522198549e+00 -6.0676185390e-02  1.3224297531e+00  1.0758858491e+00  2.1881771977e-01  2.1757292704e-01 -3.0501175388e+00 -2.7839673812e+00 -1.4484690756e+00 -3.0388962271e+00 -2.2072764722e+00 -7.7217598385e-01 -1.5788952231e+00 -2.9682353232e+00  9.8904067978e-01  3.0784052392e+00  1.7117670636e-01  1.3715041224e-02  2.2090146798e+00  1.3889735058e+00 -4.2023759787e-01  2.1121016276e+00 -3.4026296727e-01  5.8635272327e-02 -1.2941141587e-01  1.3414739410e+00  1.5567396486e+00 -8.7397810450e-01  7.3245884365e-01  5.3108569265e-02 -5.2401930736e-02 -1.4984935872e+00
ENERGY -3.631141457561e+02

JOB 22
COORDS -1.3379252996e-01 -1.9713731254e+00 -9.0971049981e-01 -5.7887699810e-01 -2.4149018252e+00 -2.2936163225e+00  3.3346661148e-01  2.1409543880e+00  3.9908216781e-01  8.5647730128e-01 -1.7252423805e-01  4.3848631787e-01  1.4403056082e-01 -6.3405580578e-01 -7.6322016877e-01 -5.2957760207e-02 -2.7544021821e+00  3.5588803758e-02  1.3324523305e+00  1.1338432907e+00  2.3126746840e-01  1.2647659434e-01 -3.1630351493e+00 -2.6662953058e+00 -1.5552127887e+00 -2.8989080145e+00 -2.2083543814e+00 -6.4944389403e-01 -1.5958683632e+00 -3.0148415781e+00  8.2391719836e-01  3.1007050665e+00  2.2593496421e-01 -7.4672891386e-02  2.1203398363e+00  1.4185716107e+00 -4.9158992129e-01  2.0206769011e+00 -3.1514598458e-01  1.8229649898e-01 -2.3604646308e-01  1.3010805933e+00  1.7274884525e+00 -8.0689223874e-01  6.2731277290e-01  3.6089574257e-01 -1.0409669267e-01 -1.6002132055e+00
ENERGY -3.631153703993e+02

JOB 23
COORDS -1.7130422115e-01 -1.9203219213e+00 -8.9081543123e-01 -6.1401519840e-01 -2.3848540101e+00 -2.2687458321e+00  2.5202545221e-01  2.0968549213e+00  4.0767527397e-01  9.6667759977e-01 -1.6374475337e-01  4.0531986877e-01  2.8521774811e-01 -6.2724120749e-01 -8.0903342525e-01 -2.4336428685e-01 -2.6473108254e+00  9.8768860559e-02  1.3397746890e+00  1.1833531283e+00  2.5595652644e-01  1.3067425202e-03 -3.2385341876e+00 -2.5666216557e+00 -1.6478870212e+00 -2.7335284520e+00 -2.2032908189e+00 -5.4754590550e-01 -1.6082729960e+00 -3.0358611833e+00  6.6626538299e-01  3.0994699868e+00  2.8563030236e-01 -1.9599162739e-01  2.0077369298e+00  1.4066766033e+00 -5.2689963550e-01  1.9292798857e+00 -3.4689554539e-01  2.9775707011e-01 -3.2463247356e-01  1.2582484048e+00  1.8912047345e+00 -7.2615579561e-01  5.7156676927e-01  5.9773298396e-01 -1.7768284491e-01 -1.6626514651e+00
ENERGY -3.631166264343e+02

