JOB 0
COORDS  8.2051582491e-01 -5.6635610635e-01 -1.2889260133e+00 -1.3992065017e+00  2.0857884371e-01 -9.2283264611e-01  5.4873131958e-01 -7.4478677712e-01  2.0498323802e-01 -8.7915624828e-01 -2.4599728709e-01  4.4074804235e-01  2.9791016416e-01  4.9648161592e-01  1.0189668677e+00 -2.2114899326e-01  3.4619353645e-01 -1.8074613911e+00  5.2945810346e-01  5.1766737902e-01  2.4106403307e+00  1.8128005563e+00 -1.6005270608e-01 -1.5123935647e+00  7.4008571495e-01 -1.5405301869e+00 -1.7869533876e+00 -2.0758092926e+00 -5.5590460242e-01 -1.3244832293e+00 -1.9495104142e+00  1.1551027271e+00 -8.9183917079e-01  9.2155066669e-01 -1.6346080576e+00  7.0918678243e-01 -1.5469779519e+00 -7.6466538255e-01  1.1243737716e+00  5.6863895567e-01  1.4636074794e+00  5.9941797663e-01  1.2192906527e-01  1.3007909442e+00 -1.7492198562e+00  5.1830846663e-01 -3.9442411802e-01  2.7395939721e+00
ENERGY -3.259268109842e+02

JOB 1
COORDS  8.1889582296e-01 -5.6640982842e-01 -1.2699341501e+00 -1.4049493921e+00  2.1163653018e-01 -9.3255135601e-01  5.2391028896e-01 -7.4809367431e-01  2.1913118764e-01 -9.0415298161e-01 -2.4775347808e-01  4.3603586745e-01  2.6784823653e-01  4.9191620303e-01  1.0318549681e+00 -2.1487412631e-01  3.4698323289e-01 -1.8021673964e+00  4.6851915125e-01  5.0009856862e-01  2.4293223183e+00  1.8145449890e+00 -1.5979239323e-01 -1.4773696906e+00  7.4602009340e-01 -1.5399228979e+00 -1.7703573478e+00 -2.0801485140e+00 -5.4830541130e-01 -1.3450718847e+00 -1.9513020601e+00  1.1606382118e+00 -9.0606750771e-01  8.8600406069e-01 -1.6418062224e+00  7.2508702830e-01 -1.5783228433e+00 -7.6260037961e-01  1.1153331811e+00  5.4301942839e-01  1.4597690555e+00  6.1504847441e-01  1.2861639940e-01  1.3011372907e+00 -1.7401351165e+00  6.8868175819e-01 -3.9890970981e-01  2.7161933802e+00
ENERGY -3.259268052884e+02

JOB 2
COORDS  8.1952863953e-01 -5.6849083367e-01 -1.2615220317e+00 -1.4052745821e+00  2.1548492382e-01 -9.4513614789e-01  5.0623737352e-01 -7.5484448324e-01  2.2304150030e-01 -9.2002824502e-01 -2.5062364002e-01  4.2620564933e-01  2.4775176355e-01  4.8488743319e-01  1.0360552540e+00 -2.0569395477e-01  3.4941917318e-01 -1.8025985330e+00  4.1400828396e-01  4.7426180880e-01  2.4384598170e+00  1.8186113401e+00 -1.6412999533e-01 -1.4566746229e+00  7.4964454454e-01 -1.5403918124e+00 -1.7655070153e+00 -2.0792649098e+00 -5.4023400889e-01 -1.3671739711e+00 -1.9481772634e+00  1.1665649066e+00 -9.2083483280e-01  8.5598013856e-01 -1.6519090567e+00  7.3159257947e-01 -1.5992766627e+00 -7.6303437372e-01  1.1014953082e+00  5.2150403022e-01  1.4549117643e+00  6.2053032168e-01  1.4012300330e-01  1.3022229507e+00 -1.7331384995e+00  8.5850096946e-01 -3.4826608016e-01  2.6911727968e+00
ENERGY -3.259270908060e+02

JOB 3
COORDS  8.1798324099e-01 -5.7127544883e-01 -1.2533241030e+00 -1.4063793136e+00  2.2065849361e-01 -9.5175385288e-01  4.8834254762e-01 -7.6809377882e-01  2.2606467913e-01 -9.3517393710e-01 -2.5841536170e-01  4.1937262214e-01  2.2872861012e-01  4.6891316072e-01  1.0447437299e+00 -1.9897481709e-01  3.5370100000e-01 -1.7987434347e+00  3.5725930398e-01  4.2900291182e-01  2.4504091888e+00  1.8201433505e+00 -1.6804327138e-01 -1.4351192613e+00  7.5135520513e-01 -1.5391526381e+00 -1.7654193359e+00 -2.0816126785e+00 -5.2781963852e-01 -1.3845114040e+00 -1.9438491971e+00  1.1747674655e+00 -9.2464314126e-01  8.2669478378e-01 -1.6689554687e+00  7.3461303832e-01 -1.6202781980e+00 -7.6956672771e-01  1.0890683222e+00  5.0250728803e-01  1.4430595918e+00  6.3567950633e-01  1.5013217858e-01  1.3046348716e+00 -1.7211123176e+00  9.9753246009e-01 -2.6042589642e-01  2.6802445360e+00
ENERGY -3.259277938304e+02

JOB 4
COORDS  8.1548520705e-01 -5.7499444276e-01 -1.2495843812e+00 -1.4064922347e+00  2.2678091519e-01 -9.5477715341e-01  4.7407245861e-01 -7.8564411036e-01  2.2492005294e-01 -9.4634434413e-01 -2.6884739189e-01  4.1370434573e-01  2.1421336919e-01  4.4725966847e-01  1.0531417882e+00 -1.9360457329e-01  3.5994483599e-01 -1.7939131474e+00  3.0966957189e-01  3.7528939816e-01  2.4592856020e+00  1.8205031381e+00 -1.7349316164e-01 -1.4199165874e+00  7.4988981289e-01 -1.5370799991e+00 -1.7726181039e+00 -2.0840715534e+00 -5.1338237185e-01 -1.3979668935e+00 -1.9382148462e+00  1.1839000164e+00 -9.2137756753e-01  8.0266544990e-01 -1.6906088445e+00  7.3111915108e-01 -1.6373463645e+00 -7.8109803890e-01  1.0761295743e+00  4.9464178847e-01  1.4245771940e+00  6.5324351181e-01  1.6000488434e-01  1.3083355613e+00 -1.7065412644e+00  1.1006911229e+00 -1.3804246901e-01  2.6828707419e+00
ENERGY -3.259287424952e+02

JOB 5
COORDS  8.1265004489e-01 -5.7948951741e-01 -1.2506697977e+00 -1.4053755650e+00  2.3340241438e-01 -9.5507727098e-01  4.6434260424e-01 -8.0542301351e-01  2.1966492636e-01 -9.5301764977e-01 -2.8055560173e-01  4.0894741303e-01  2.0508900467e-01  4.2192501316e-01  1.0605598790e+00 -1.8911896033e-01  3.6768905343e-01 -1.7889084169e+00  2.7605297572e-01  3.1939191195e-01  2.4652688076e+00  1.8204549195e+00 -1.8105008739e-01 -1.4125249290e+00  7.4494853601e-01 -1.5346372113e+00 -1.7860426895e+00 -2.0858556796e+00 -4.9816347339e-01 -1.4079087786e+00 -1.9316372264e+00  1.1931731221e+00 -9.1302463755e-01  7.8498172337e-01 -1.7150560379e+00  7.2112915318e-01 -1.6495990818e+00 -7.9603308141e-01  1.0629177603e+00  4.9977245258e-01  1.4004911005e+00  6.7189080653e-01  1.6996960873e-01  1.3129279675e+00 -1.6904529066e+00  1.1648992472e+00  8.6116923442e-03  2.6977441459e+00
ENERGY -3.259295589547e+02

JOB 6
COORDS  8.0968527665e-01 -5.8469978565e-01 -1.2553287691e+00 -1.4031650277e+00  2.3972111837e-01 -9.5253319862e-01  4.5868183157e-01 -8.2653728477e-01  2.1162564500e-01 -9.5567074851e-01 -2.9342873699e-01  4.0568245314e-01  2.0168927922e-01  3.9366243092e-01  1.0675032502e+00 -1.8545531833e-01  3.7586627541e-01 -1.7835277113e+00  2.5895719153e-01  2.6311450295e-01  2.4700812828e+00  1.8201149443e+00 -1.9025417245e-01 -1.4114913771e+00  7.3730106805e-01 -1.5322070285e+00 -1.8035531687e+00 -2.0872102675e+00 -4.8299370375e-01 -1.4140750319e+00 -1.9240715322e+00  1.2018719011e+00 -9.0014762872e-01  7.7297352297e-01 -1.7416392180e+00  7.0599121355e-01 -1.6571794660e+00 -8.1302241631e-01  1.0512353055e+00  5.1624929522e-01  1.3714098071e+00  6.9140069716e-01  1.7972459373e-01  1.3175251893e+00 -1.6736944570e+00  1.1912033075e+00  1.6623748590e-01  2.7213731519e+00
ENERGY -3.259298789719e+02

JOB 7
COORDS  8.0637625217e-01 -5.9045949329e-01 -1.2622941435e+00 -1.4005054942e+00  2.4562835532e-01 -9.4799549345e-01  4.5593732805e-01 -8.4755476422e-01  2.0206887920e-01 -9.5538909923e-01 -3.0620921861e-01  4.0367219358e-01  2.0357236162e-01  3.6407944571e-01  1.0741202408e+00 -1.8273316726e-01  3.8366822078e-01 -1.7781219914e+00  2.5721936299e-01  2.0684158138e-01  2.4746377526e+00  1.8192587779e+00 -2.0081124193e-01 -1.4152544198e+00  7.2728329364e-01 -1.5303061128e+00 -1.8227103786e+00 -2.0886451791e+00 -4.6825176859e-01 -1.4170935857e+00 -1.9160825967e+00  1.2099971579e+00 -8.8468277928e-01  7.6504963929e-01 -1.7686310394e+00  6.8776120680e-01 -1.6609922989e+00 -8.2979032230e-01  1.0417812689e+00  5.3826932736e-01  1.3400382188e+00  7.1110635160e-01  1.8888737122e-01  1.3215165560e+00 -1.6575561343e+00  1.1796122893e+00  3.2498882351e-01  2.7515142497e+00
ENERGY -3.259295139403e+02

JOB 8
COORDS  8.0458121957e-01 -5.9958253486e-01 -1.2665765948e+00 -1.3950676903e+00  2.4890710028e-01 -9.3846818695e-01  4.5567282411e-01 -8.7157788557e-01  1.9529277031e-01 -9.5297098693e-01 -3.2350506353e-01  4.0599892757e-01  2.1022895584e-01  3.2942453506e-01  1.0838777500e+00 -1.7706196450e-01  3.8998544307e-01 -1.7674990235e+00  2.7065276462e-01  1.4435211349e-01  2.4825529842e+00  1.8206423117e+00 -2.1757567123e-01 -1.4180764160e+00  7.1480641157e-01 -1.5312781849e+00 -1.8388762132e+00 -2.0875538358e+00 -4.5496349381e-01 -1.4162405309e+00 -1.9049841525e+00  1.2154382797e+00 -8.6302823925e-01  7.6123466848e-01 -1.7983560346e+00  6.7199423422e-01 -1.6625940601e+00 -8.5121685044e-01  1.0364670756e+00  5.6138457641e-01  1.3041537067e+00  7.3465108087e-01  2.0198233756e-01  1.3230719348e+00 -1.6333617818e+00  1.1314872521e+00  4.6791994802e-01  2.7895786809e+00
ENERGY -3.259285201435e+02

JOB 9
COORDS  7.9941168210e-01 -6.0363323295e-01 -1.2805917580e+00 -1.3932049336e+00  2.5626827808e-01 -9.3329393980e-01  4.5742895160e-01 -8.8616872476e-01  1.8092828138e-01 -9.4735292415e-01 -3.3017261701e-01  4.0406574268e-01  2.2578623137e-01  3.0617288530e-01  1.0819280494e+00 -1.7873454021e-01  3.9640503470e-01 -1.7675454165e+00  3.0593939644e-01  9.8136093682e-02  2.4789410851e+00  1.8169576931e+00 -2.2653849382e-01 -1.4343568704e+00  7.0076048732e-01 -1.5296811122e+00 -1.8605275411e+00 -2.0924448726e+00 -4.3938342132e-01 -1.4133054389e+00 -1.8968235785e+00  1.2253625961e+00 -8.4778982474e-01  7.6061774840e-01 -1.8183673312e+00  6.4837263138e-01 -1.6570462826e+00 -8.5888757045e-01  1.0338499185e+00  5.8342292866e-01  1.2807103413e+00  7.4090867547e-01  2.0714025959e-01  1.3260299561e+00 -1.6288598596e+00  1.0548797754e+00  6.0993915202e-01  2.8178654518e+00
ENERGY -3.259272145262e+02

JOB 10
COORDS  7.9539701040e-01 -6.1084406092e-01 -1.2913526348e+00 -1.3888384649e+00  2.6115939425e-01 -9.2390871209e-01  4.6127061940e-01 -9.0108321932e-01  1.7047665575e-01 -9.3969395716e-01 -3.3884302157e-01  4.0661261438e-01  2.4682270300e-01  2.8149082191e-01  1.0822386077e+00 -1.7817084477e-01  3.9998648489e-01 -1.7641124587e+00  3.5589142852e-01  4.9089833067e-02  2.4758493461e+00  1.8148714860e+00 -2.4114641485e-01 -1.4495533000e+00  6.8458913339e-01 -1.5321201746e+00 -1.8766067494e+00 -2.0956550150e+00 -4.2544302030e-01 -1.4059492089e+00 -1.8853166200e+00  1.2331421467e+00 -8.2846917318e-01  7.6374998535e-01 -1.8378030577e+00  6.2939963337e-01 -1.6486910772e+00 -8.6829209197e-01  1.0365881566e+00  6.0125874601e-01  1.2594688823e+00  7.4966051511e-01  2.1521477356e-01  1.3257085021e+00 -1.6203372542e+00  9.4608410007e-01  7.1746273830e-01  2.8508727481e+00
ENERGY -3.259261008182e+02

JOB 11
COORDS  8.4366178211e-01 -5.1321707276e-01 -1.3169224723e+00 -1.4082047421e+00  1.4535955577e-01 -9.1613734257e-01  5.5124264645e-01 -8.6164848376e-01  1.4110596585e-01 -8.9433492927e-01 -4.3793755572e-01  3.9846650273e-01  2.4296919750e-01  2.7384166058e-01  1.0778686940e+00 -2.2250289316e-01  4.1300865233e-01 -1.7612910710e+00  4.1287900391e-01  1.4625193376e-02  2.4616486111e+00  1.8237498361e+00 -4.9508560410e-02 -1.4753291356e+00  8.1089726180e-01 -1.4296205756e+00 -1.9190846032e+00 -2.0532398264e+00 -5.9261799655e-01 -1.4088678488e+00 -1.9910543126e+00  1.0655826015e+00 -7.9711749252e-01  9.4536649873e-01 -1.7746965215e+00  5.7784203000e-01 -1.5445304385e+00 -1.0444438875e+00  1.0222875235e+00  4.8615037281e-01  1.2918417215e+00  7.6689656301e-01  8.5442831052e-02  1.3677916002e+00 -1.6001076085e+00  7.2592096925e-01  8.2390651201e-01  2.8881385027e+00
ENERGY -3.259256609241e+02

JOB 12
COORDS  8.3939712709e-01 -5.1826263988e-01 -1.3278919825e+00 -1.4047394675e+00  1.5299247665e-01 -9.0534116437e-01  5.5965136758e-01 -8.6228541203e-01  1.3353300074e-01 -8.8134627992e-01 -4.3249060769e-01  4.0458200796e-01  2.7365887218e-01  2.7336199848e-01  1.0704120950e+00 -2.2576183101e-01  4.1306524783e-01 -1.7628187157e+00  4.8415195624e-01  7.5382616636e-03  2.4463574059e+00  1.8207035005e+00 -6.1325304493e-02 -1.4969852843e+00  7.9426159719e-01 -1.4361043935e+00 -1.9269861768e+00 -2.0599727015e+00 -5.8025504104e-01 -1.3917256187e+00 -1.9802094871e+00  1.0773574453e+00 -7.8125138916e-01  9.5496389476e-01 -1.7765017090e+00  5.6684915663e-01 -1.5270715806e+00 -1.0366513509e+00  1.0351226956e+00  5.0280461154e-01  1.2946334223e+00  7.5871403867e-01  8.9282964236e-02  1.3662152342e+00 -1.6057775783e+00  5.7189343785e-01  8.5207562039e-01  2.9097704362e+00
ENERGY -3.259261008449e+02

JOB 13
COORDS  8.3591246870e-01 -5.2317813524e-01 -1.3362760440e+00 -1.4005103097e+00  1.6055796977e-01 -8.9340376788e-01  5.6977418366e-01 -8.5862936902e-01  1.2941318153e-01 -8.6618234710e-01 -4.2285163950e-01  4.1305419332e-01  3.0400671955e-01  2.8189345697e-01  1.0619020999e+00 -2.2934985359e-01  4.1085054595e-01 -1.7647385971e+00  5.5149499519e-01  1.8208326356e-02  2.4296891704e+00  1.8176092849e+00 -7.2009413548e-02 -1.5172569414e+00  7.8004375914e-01 -1.4440924399e+00 -1.9296660572e+00 -2.0655969768e+00 -5.7022694239e-01 -1.3700577381e+00 -1.9691125087e+00  1.0889682760e+00 -7.6691918533e-01  9.6636415521e-01 -1.7723060005e+00  5.6264885485e-01 -1.5069318897e+00 -1.0234956245e+00  1.0518870984e+00  5.2530239015e-01  1.3033716304e+00  7.4333882656e-01  9.2014407662e-02  1.3630964331e+00 -1.6152888295e+00  4.1607861571e-01  8.3932425410e-01  2.9248490869e+00
ENERGY -3.259272146786e+02

JOB 14
COORDS  8.3317447935e-01 -5.2846001703e-01 -1.3438578305e+00 -1.3958419348e+00  1.6719133841e-01 -8.8168910737e-01  5.8049158325e-01 -8.5292663789e-01  1.2637001568e-01 -8.4998241230e-01 -4.1108677066e-01  4.2230957153e-01  3.3141002383e-01  2.9560637000e-01  1.0524915299e+00 -2.3320852385e-01  4.0641959170e-01 -1.7676037742e+00  6.0965025830e-01  4.0228601917e-02  2.4132118515e+00  1.8145972876e+00 -8.2062129522e-02 -1.5373177002e+00  7.6809165153e-01 -1.4532184237e+00 -1.9302224341e+00 -2.0703022777e+00 -5.6279296568e-01 -1.3463065663e+00 -1.9580801534e+00  1.0993564427e+00 -7.5433900787e-01  9.7853228354e-01 -1.7646044612e+00  5.6219323327e-01 -1.4859173260e+00 -1.0073588364e+00  1.0700568372e+00  5.5380131881e-01  1.3138380200e+00  7.2216904991e-01  9.3671478472e-02  1.3582491910e+00 -1.6280053601e+00  2.6846678648e-01  7.8451433818e-01  2.9324704558e+00
ENERGY -3.259285201439e+02

JOB 15
COORDS  8.3222845338e-01 -5.3334336488e-01 -1.3541695469e+00 -1.3903203516e+00  1.7503108291e-01 -8.7810623898e-01  5.9198903768e-01 -8.4049614878e-01  1.2150020419e-01 -8.3356509680e-01 -3.9267397023e-01  4.2611735611e-01  3.5419311364e-01  3.1994675425e-01  1.0373627662e+00 -2.3615886672e-01  3.9911068073e-01 -1.7786839776e+00  6.5478866693e-01  8.2243467969e-02  2.3946359375e+00  1.8127345203e+00 -9.0812101163e-02 -1.5605898715e+00  7.6060508519e-01 -1.4642758673e+00 -1.9298854434e+00 -2.0738534695e+00 -5.5616158146e-01 -1.3272982033e+00 -1.9460647350e+00  1.1114556033e+00 -7.5396577389e-01  9.9194675121e-01 -1.7472780246e+00  5.6532066000e-01 -1.4658709820e+00 -9.8323557884e-01  1.0828175275e+00  5.8512694808e-01  1.3306272783e+00  6.8880718377e-01  9.4831143871e-02  1.3516216645e+00 -1.6547249780e+00  1.3500259465e-01  7.0479544239e-01  2.9272516572e+00
ENERGY -3.259295139413e+02

JOB 16
COORDS  8.2920465013e-01 -5.3914204642e-01 -1.3586179852e+00 -1.3871077591e+00  1.8085365681e-01 -8.7114777562e-01  6.0053751452e-01 -8.3078968404e-01  1.2188962570e-01 -8.1992030475e-01 -3.7542153371e-01  4.3365126794e-01  3.7138489057e-01  3.4284546928e-01  1.0272364628e+00 -2.4054984692e-01  3.9186970554e-01 -1.7837612213e+00  6.8607924350e-01  1.2818338956e-01  2.3845997900e+00  1.8088903812e+00 -1.0044697352e-01 -1.5767566533e+00  7.5158709587e-01 -1.4753575842e+00 -1.9249495536e+00 -2.0764058235e+00 -5.5359663835e-01 -1.3059010710e+00 -1.9391485582e+00  1.1199144746e+00 -7.5132295178e-01  1.0022084975e+00 -1.7327233441e+00  5.7356052598e-01 -1.4497276110e+00 -9.5903798248e-01  1.0994761108e+00  6.1411708548e-01  1.3441169474e+00  6.5991157859e-01  9.4136651699e-02  1.3446099447e+00 -1.6723510507e+00  2.1265282559e-02  5.8965771044e-01  2.9200243295e+00
ENERGY -3.259298789727e+02

JOB 17
COORDS  8.2622224441e-01 -5.4520045872e-01 -1.3609989651e+00 -1.3846907422e+00  1.8627413540e-01 -8.6641288844e-01  6.0737802428e-01 -8.1936443584e-01  1.2435798338e-01 -8.0882874512e-01 -3.5617067004e-01  4.4063909534e-01  3.8379957315e-01  3.6793276599e-01  1.0185766048e+00 -2.4446910797e-01  3.8376064687e-01 -1.7890628626e+00  7.0601893185e-01  1.8344692677e-01  2.3790528963e+00  1.8051928137e+00 -1.1054623063e-01 -1.5902846983e+00  7.4334822475e-01 -1.4871525315e+00 -1.9170173354e+00 -2.0780493103e+00 -5.5271262136e-01 -1.2867308857e+00 -1.9341605868e+00  1.1274924140e+00 -7.5321926360e-01  1.0105315713e+00 -1.7159457753e+00  5.8504115257e-01 -1.4377884629e+00 -9.3237088541e-01  1.1145166765e+00  6.3771443084e-01  1.3591331657e+00  6.3316433763e-01  9.3317093785e-02  1.3368270286e+00 -1.6906777116e+00 -6.1952051398e-02  4.5179586019e-01  2.9071496914e+00
ENERGY -3.259295589460e+02

JOB 18
COORDS  8.2313760694e-01 -5.5113412808e-01 -1.3603213431e+00 -1.3837203635e+00  1.9142563850e-01 -8.6501507213e-01  6.1102474319e-01 -8.0658149884e-01  1.2960478601e-01 -8.0239665962e-01 -3.3521961820e-01  4.4639887707e-01  3.9009674492e-01  3.9422300422e-01  1.0115577994e+00 -2.4740654421e-01  3.7545407811e-01 -1.7943118295e+00  7.1323866059e-01  2.4852792364e-01  2.3775317764e+00  1.8018287019e+00 -1.2097319131e-01 -1.5991662128e+00  7.3593988667e-01 -1.4991218585e+00 -1.9053794267e+00 -2.0789846152e+00 -5.5304779163e-01 -1.2722527771e+00 -1.9319257338e+00  1.1342593522e+00 -7.6103053837e-01  1.0146581058e+00 -1.6981205256e+00  5.9963665382e-01 -1.4329077398e+00 -9.0341362050e-01  1.1266806191e+00  6.5023539866e-01  1.3769830380e+00  6.1128442632e-01  9.2863080905e-02  1.3288486661e+00 -1.7084422912e+00 -1.0799851224e-01  2.9874088242e-01  2.8896482347e+00
ENERGY -3.259287424899e+02

JOB 19
COORDS  8.2030728146e-01 -5.5620942967e-01 -1.3567346435e+00 -1.3844696255e+00  1.9627245725e-01 -8.6818931517e-01  6.1087727738e-01 -7.9217423123e-01  1.3725211639e-01 -8.0193523297e-01 -3.1285995484e-01  4.4992790168e-01  3.8991190332e-01  4.2095920125e-01  1.0056884039e+00 -2.4873254059e-01  3.6776431301e-01 -1.7998336456e+00  7.0801497242e-01  3.2067574349e-01  2.3778229826e+00  1.7994436261e+00 -1.3122823819e-01 -1.6029371455e+00  7.2963230599e-01 -1.5104324552e+00 -1.8902832339e+00 -2.0791005420e+00 -5.5451796763e-01 -1.2647610354e+00 -1.9330662853e+00  1.1399538599e+00 -7.7610893499e-01  1.0130781731e+00 -1.6800571356e+00  6.1582915896e-01 -1.4363975312e+00 -8.7218966734e-01  1.1349538656e+00  6.5011217445e-01  1.3981526188e+00  5.9502996511e-01  9.3346500163e-02  1.3214623524e+00 -1.7248823983e+00 -1.0694436478e-01  1.3999556685e-01  2.8690275905e+00
ENERGY -3.259277938306e+02

JOB 20
COORDS  8.1845673288e-01 -5.6033708070e-01 -1.3495793791e+00 -1.3864700000e+00  2.0026708372e-01 -8.7574407658e-01  6.0663998082e-01 -7.7754719631e-01  1.4749768041e-01 -8.0793739373e-01 -2.9122380372e-01  4.5111253366e-01  3.8291454543e-01  4.4598530920e-01  1.0016544331e+00 -2.4764468454e-01  3.6056694201e-01 -1.8051405363e+00  6.8992997081e-01  3.9183472163e-01  2.3790873193e+00  1.7988386919e+00 -1.4063421495e-01 -1.5997596745e+00  7.2596735692e-01 -1.5206669911e+00 -1.8717925915e+00 -2.0787677266e+00 -5.5642632353e-01 -1.2651231937e+00 -1.9361377569e+00  1.1444469872e+00 -7.9731599218e-01  1.0055823620e+00 -1.6634106017e+00  6.3334347999e-01 -1.4484955012e+00 -8.4062794566e-01  1.1392315383e+00  6.3873335626e-01  1.4206001097e+00  5.8544826977e-01  9.5391690707e-02  1.3146355748e+00 -1.7394307287e+00 -5.4619602627e-02 -1.4737574740e-02  2.8463489761e+00
ENERGY -3.259270908328e+02

JOB 21
COORDS  8.1930483991e-01 -5.6362472113e-01 -1.3365354784e+00 -1.3877987904e+00  2.0275484633e-01 -8.8428241967e-01  5.9902564464e-01 -7.6596554450e-01  1.6199635281e-01 -8.1921729283e-01 -2.7446752905e-01  4.5226450482e-01  3.7030412020e-01  4.6454798320e-01  1.0033256752e+00 -2.4199932680e-01  3.5486958203e-01 -1.8063893257e+00  6.6220844581e-01  4.4748234624e-01  2.3844460164e+00  1.8020243334e+00 -1.4890513304e-01 -1.5857065534e+00  7.2677132528e-01 -1.5288621998e+00 -1.8496243103e+00 -2.0764343673e+00 -5.5824515852e-01 -1.2718114592e+00 -1.9386929790e+00  1.1471837912e+00 -8.1931825455e-01  9.9294323423e-01 -1.6520103360e+00  6.5274243391e-01 -1.4671099552e+00 -8.1428965285e-01  1.1411528855e+00  6.2319989900e-01  1.4381377410e+00  5.8572987671e-01  1.0152744226e-01  1.3091480971e+00 -1.7460190167e+00  4.6874612594e-02 -1.5849708384e-01  2.8239207473e+00
ENERGY -3.259268054799e+02

JOB 22
COORDS  8.2006333606e-01 -5.6516478027e-01 -1.3188298545e+00 -1.3910005877e+00  2.0469670444e-01 -8.9432054623e-01  5.8544719025e-01 -7.5662359290e-01  1.7943436119e-01 -8.3714077897e-01 -2.6158920256e-01  4.5224629583e-01  3.4939158717e-01  4.7854603279e-01  1.0097756469e+00 -2.3515159907e-01  3.5108987030e-01 -1.8049623570e+00  6.2299264674e-01  4.8511789516e-01  2.3939423925e+00  1.8058171052e+00 -1.5419925470e-01 -1.5619182915e+00  7.3022363507e-01 -1.5342376190e+00 -1.8251677770e+00 -2.0750063191e+00 -5.5903317218e-01 -1.2846622208e+00 -1.9428628901e+00  1.1493630223e+00 -8.4226830505e-01  9.7358643458e-01 -1.6435230426e+00  6.7451076290e-01 -1.4926762843e+00 -7.9280054421e-01  1.1400606426e+00  6.0563204641e-01  1.4507227234e+00  5.9281480285e-01  1.0814486149e-01  1.3056106638e+00 -1.7467489426e+00  1.8149307751e-01 -2.7688946201e-01  2.7997433284e+00
ENERGY -3.259268109326e+02

JOB 23
COORDS  8.1991052556e-01 -5.6609123728e-01 -1.3062894447e+00 -1.3955596558e+00  2.0651798952e-01 -9.1066278207e-01  5.6878181235e-01 -7.4720382049e-01  1.9077369218e-01 -8.5724591987e-01 -2.4998480671e-01  4.4548860231e-01  3.2454006007e-01  4.9287455884e-01  1.0103015644e+00 -2.2943563321e-01  3.4673874773e-01 -1.8096921588e+00  5.7963680860e-01  5.1432424907e-01  2.3974932722e+00  1.8085865700e+00 -1.5777663552e-01 -1.5418464041e+00  7.3452167587e-01 -1.5389736386e+00 -1.8060467999e+00 -2.0758625278e+00 -5.5895546780e-01 -1.3040764574e+00 -1.9471200255e+00  1.1519600177e+00 -8.7102031271e-01  9.5071287135e-01 -1.6341596646e+00  6.9191681427e-01 -1.5191993869e+00 -7.7342538210e-01  1.1322019324e+00  5.8780471706e-01  1.4618722279e+00  5.9095649653e-01  1.1345368369e-01  1.3015834030e+00 -1.7545303877e+00  3.4389797100e-01 -3.5066233216e-01  2.7677215083e+00
ENERGY -3.259268483637e+02

