JOB 0
COORDS -9.1601043503e-01  4.0498685499e-01 -2.2939845647e-01 -1.1462558671e+01  1.7761016351e+00 -2.4196158271e+00 -1.0496363611e+01  2.5963787849e+00 -3.0196842045e+00 -5.2425349520e-01  1.6812598529e+00 -6.8511161139e-01 -2.2477725803e+00  1.3507927233e-02 -2.8542064048e-01 -1.1077373892e+01  8.0723130493e-01 -1.4891755619e+00 -9.1557167838e+00  2.4419582323e+00 -2.6836200558e+00 -1.4611081702e+00  2.5754997299e+00 -1.1972322137e+00 -3.2114305381e+00  8.9994361515e-01 -8.0978498478e-01 -9.7341786893e+00  6.3156643744e-01 -1.1323493071e+00 -8.7696058750e+00  1.4682211734e+00 -1.7416134151e+00 -4.6300137895e+00  7.0390481623e-01 -9.5652227786e-01 -2.8033486553e+00  2.1818149854e+00 -1.2617254705e+00 -5.2715896368e+00  1.8029642011e+00 -1.5047676968e+00 -9.3297287821e+00 -4.1402669323e-01 -1.2091828255e-01 -7.4338922381e+00  1.2449918430e+00 -1.3423241556e+00 -6.5847439910e+00  2.0445231561e+00 -1.8526623016e+00 -5.2752751073e+00 -4.4492181159e-01 -6.1754679797e-01 -4.1463360510e+00  3.1251002923e+00 -1.8566437458e+00 -1.6976213175e-01 -2.7302632391e-01  1.7470829235e-01 -1.2511924946e+01  1.8896606756e+00 -2.6800118477e+00 -1.0793391315e+01  3.3475707471e+00 -3.7470704376e+00  5.2116901324e-01  1.9724020504e+00 -6.3330497431e-01 -2.5331727350e+00 -9.6852450342e-01  8.8701509919e-02 -1.1832684542e+01  1.7284984919e-01 -1.0311826830e+00 -8.3884942240e+00  3.0607373268e+00 -3.1369190492e+00 -1.1554914668e+00  3.5591878112e+00 -1.5430352894e+00 -8.5320834027e+00 -1.0527200137e+00 -5.0836959288e-01 -8.9377099343e+00  5.1383351424e-02  7.8923760379e-01 -1.0186404950e+01 -1.0367766855e+00  1.5159874542e-01 -4.6110174054e+00 -1.1389387077e+00 -4.7170817124e-01
ENERGY -1.161801652471e+03

JOB 1
COORDS -9.2489647060e-01  3.5917002371e-01 -3.0526312571e-01 -1.1460523401e+01  1.6928397887e+00 -2.4521628708e+00 -1.0493508678e+01  2.4277731766e+00 -3.1529898881e+00 -5.6278048423e-01  1.7035132626e+00 -5.2848642507e-01 -2.2381222452e+00 -5.8466767100e-02 -4.8758167725e-01 -1.1076568612e+01  8.4760998540e-01 -1.4078116390e+00 -9.1525079838e+00  2.3126543765e+00 -2.8027204952e+00 -1.5110667795e+00  2.6416668008e+00 -9.3148807920e-01 -3.2098067471e+00  8.7184491153e-01 -9.0869361011e-01 -9.7328496282e+00  7.1447740099e-01 -1.0343356052e+00 -8.7680072003e+00  1.4654610925e+00 -1.7453511754e+00 -4.6146137887e+00  6.6219019427e-01 -1.1465714837e+00 -2.8319372242e+00  2.2217625238e+00 -1.1257191158e+00 -5.2697026432e+00  1.8128735777e+00 -1.5428870671e+00 -9.3297769961e+00 -1.9765184240e-01  9.9378495458e-02 -7.4302724620e+00  1.2920171073e+00 -1.3239873087e+00 -6.5846368890e+00  2.0389436638e+00 -1.9100851353e+00 -5.2326913935e+00 -5.4799556472e-01 -1.0311390753e+00 -4.1877926777e+00  3.2111153839e+00 -1.6164941171e+00 -1.7180692930e-01 -3.5218715958e-01  2.1642956534e-02 -1.2510016978e+01  1.7752351916e+00 -2.7235466361e+00 -1.0790055731e+01  3.0809973529e+00 -3.9695925269e+00  4.6774562754e-01  2.0140734686e+00 -3.8029748103e-01 -2.5075306121e+00 -1.0932992751e+00 -2.8389757478e-01 -1.1832613273e+01  2.7790465169e-01 -8.7259154661e-01 -8.3838948570e+00  2.8649676113e+00 -3.3330947998e+00 -1.2287706505e+00  3.6779916358e+00 -1.0958706240e+00 -8.5311858825e+00 -8.7857389966e-01 -2.0531052659e-01 -8.9414979545e+00  3.7686438068e-01  9.4662560884e-01 -1.0186558712e+01 -7.8286866687e-01  4.4472388071e-01 -4.5617584124e+00 -1.2446927906e+00 -1.1246554446e+00
ENERGY -1.161800137042e+03

JOB 2
COORDS -9.2264564778e-01  3.2625679043e-01 -3.4800082690e-01 -1.1455970677e+01  1.6246539337e+00 -2.4552558819e+00 -1.0491283660e+01  2.2737150108e+00 -3.2391812335e+00 -6.0426312612e-01  1.6990304015e+00 -3.6202315593e-01 -2.2093067571e+00 -1.0432061088e-01 -6.5436379546e-01 -1.1068355899e+01  8.9330790374e-01 -1.3296830329e+00 -9.1480592269e+00  2.1871367333e+00 -2.8894914096e+00 -1.5700246450e+00  2.6538758067e+00 -6.7771233494e-01 -3.1955246884e+00  8.4357886611e-01 -9.9038269927e-01 -9.7217883213e+00  7.9171372129e-01 -9.5542456089e-01 -8.7600604477e+00  1.4559218503e+00 -1.7506754624e+00 -4.5811178009e+00  6.2656053828e-01 -1.3235344890e+00 -2.8614961239e+00  2.2214311872e+00 -9.9654701726e-01 -5.2554183164e+00  1.7960401857e+00 -1.5951877098e+00 -9.3154158894e+00  3.2519253874e-03  2.6644723675e-01 -7.4171645807e+00  1.3220494200e+00 -1.3236005736e+00 -6.5750771182e+00  2.0001415804e+00 -1.9871723770e+00 -5.1666938305e+00 -6.0688052274e-01 -1.3954194671e+00 -4.2366330779e+00  3.2269703463e+00 -1.4067978556e+00 -1.5803489005e-01 -3.9937326123e-01 -8.5202201480e-02 -1.2507331507e+01  1.6845633334e+00 -2.7252991017e+00 -1.0791330870e+01  2.8372737405e+00 -4.1187944073e+00  4.0522715775e-01  2.0193949074e+00 -1.1972563186e-01 -2.4502002983e+00 -1.1646552614e+00 -6.1006269533e-01 -1.1823067081e+01  3.8936420953e-01 -7.3057581374e-01 -8.3803381317e+00  2.6732276324e+00 -3.4823253365e+00 -1.3218495588e+00  3.7117892346e+00 -6.8031305574e-01 -8.5263699628e+00 -7.1488840255e-01  2.9903546822e-02 -8.9149852185e+00  6.6173433771e-01  1.0439513848e+00 -1.0173870098e+01 -5.3328100374e-01  6.7968554503e-01 -4.4886813382e+00 -1.2544754214e+00 -1.6499133146e+00
ENERGY -1.161797502942e+03

JOB 3
COORDS -9.0437306842e-01  3.0616614041e-01 -4.0558423237e-01 -1.1454956129e+01  1.5571463533e+00 -2.4596831846e+00 -1.0487404059e+01  2.0995491724e+00 -3.3177720601e+00 -6.5297441006e-01  1.6771907221e+00 -2.0285756346e-01 -2.1555469530e+00 -1.3040487074e-01 -8.3124796206e-01 -1.1072317343e+01  9.5279361002e-01 -1.2598027313e+00 -9.1434228407e+00  2.0356179583e+00 -2.9665935981e+00 -1.6518158880e+00  2.6267874866e+00 -4.1854324544e-01 -3.1719367607e+00  8.1394005661e-01 -1.0682945577e+00 -9.7244841976e+00  8.7481433940e-01 -8.8345238512e-01 -8.7612329124e+00  1.4324389119e+00 -1.7539527723e+00 -4.5326409314e+00  5.9266113886e-01 -1.4953999095e+00 -2.9058572840e+00  2.1892091329e+00 -8.5511809456e-01 -5.2478308866e+00  1.7553801748e+00 -1.6233293404e+00 -9.3216635663e+00  2.2309704443e-01  4.1759841657e-01 -7.4146764481e+00  1.3287394874e+00 -1.3218930120e+00 -6.5730414883e+00  1.9344040336e+00 -2.0461954569e+00 -5.0661003693e+00 -6.4254362883e-01 -1.7583998537e+00 -4.3177595203e+00  3.1840559522e+00 -1.1698166179e+00 -1.1553916722e-01 -4.1700388209e-01 -2.1808533380e-01 -1.2506982061e+01  1.6006299067e+00 -2.7302069951e+00 -1.0785875228e+01  2.5626847462e+00 -4.2545678460e+00  3.2932349731e-01  2.0009003791e+00  1.2991535713e-01 -2.3476717210e+00 -1.1940484271e+00 -9.5602667415e-01 -1.1830399010e+01  5.3107532894e-01 -6.0421376225e-01 -8.3719505400e+00  2.4399839683e+00 -3.6135497448e+00 -1.4565974240e+00  3.6830282550e+00 -2.5380484759e-01 -8.5527637289e+00 -5.3704333744e-01  2.5812142121e-01 -8.8975569553e+00  9.5625846946e-01  1.1109365185e+00 -1.0187050939e+01 -2.4225266963e-01  8.9704352060e-01 -4.3753453486e+00 -1.1990103542e+00 -2.1539916299e+00
ENERGY -1.161794221716e+03

JOB 4
COORDS -8.5332175945e-01  3.2866796187e-01 -4.8481035143e-01 -1.1465011694e+01  1.5188478549e+00 -2.4690955134e+00 -1.0483537684e+01  1.9568607928e+00 -3.3700553039e+00 -6.8751459181e-01  1.6702925200e+00 -9.1012739578e-02 -2.0692910905e+00 -1.1528382574e-01 -9.9808431193e-01 -1.1099335889e+01  1.0285727268e+00 -1.2134309550e+00 -9.1431537020e+00  1.9029265939e+00 -3.0044537896e+00 -1.7386034573e+00  2.5814774419e+00 -2.0104538363e-01 -3.1359127087e+00  7.9229045869e-01 -1.1309716445e+00 -9.7552336909e+00  9.6219059442e-01 -8.2076043806e-01 -8.7793368048e+00  1.4135442461e+00 -1.7365850990e+00 -4.4716545001e+00  5.5897390574e-01 -1.6296852005e+00 -2.9563416122e+00  2.1368850175e+00 -7.2380193764e-01 -5.2514567683e+00  1.6795375730e+00 -1.6056781674e+00 -9.3727642449e+00  4.3367601481e-01  5.4109982043e-01 -7.4341513577e+00  1.3266399198e+00 -1.2892317461e+00 -6.5786468741e+00  1.8256719535e+00 -2.0702197756e+00 -4.9337643529e+00 -6.5828119313e-01 -2.0688962548e+00 -4.4224610499e+00  3.0828196429e+00 -9.3476422018e-01 -2.6079077172e-02 -3.6765914218e-01 -3.7832678705e-01 -1.2514819181e+01  1.5553119364e+00 -2.7491445401e+00 -1.0768689721e+01  2.3319031395e+00 -4.3493671973e+00  2.6755701124e-01  2.0009553782e+00  3.0767229024e-01 -2.1953193158e+00 -1.1602053396e+00 -1.2735613560e+00 -1.1868796568e+01  6.8795454469e-01 -5.2494662436e-01 -8.3603683461e+00  2.2284962745e+00 -3.6815850261e+00 -1.6102725613e+00  3.6144529670e+00  1.1111121632e-01 -8.6308566356e+00 -3.6499746314e-01  4.6243388723e-01 -8.9234039673e+00  1.2187657002e+00  1.1571031316e+00 -1.0252720180e+01  4.8575482822e-02  1.0630685665e+00 -4.2162006574e+00 -1.1087958441e+00 -2.5430295786e+00
ENERGY -1.161791374294e+03

JOB 5
COORDS -7.9208395469e-01  3.1992599852e-01 -6.5137125990e-01 -1.1493299235e+01  1.5199916632e+00 -2.5038416331e+00 -1.0488463597e+01  1.8640607683e+00 -3.4197416893e+00 -7.0134961426e-01  1.6182409380e+00 -1.1374754390e-01 -1.9857913516e+00 -1.3899248965e-01 -1.2023789781e+00 -1.1157490524e+01  1.1137904870e+00 -1.2104816471e+00 -9.1551961237e+00  1.7988274014e+00 -3.0310486358e+00 -1.8069945030e+00  2.4693001914e+00 -1.1589782488e-01 -3.1067838663e+00  7.1058036236e-01 -1.2283063057e+00 -9.8213893613e+00  1.0388141682e+00 -7.9262657353e-01 -8.8223384163e+00  1.3906208524e+00 -1.7266060118e+00 -4.4270199991e+00  4.6021594849e-01 -1.7587400331e+00 -3.0034879333e+00  2.0100012056e+00 -6.7422714762e-01 -5.2806192297e+00  1.5074898618e+00 -1.5813330816e+00 -9.4719904394e+00  5.9463257253e-01  6.0787328581e-01 -7.4852091538e+00  1.2967027066e+00 -1.2545069586e+00 -6.6002111142e+00  1.6235422140e+00 -2.0887986559e+00 -4.8193967608e+00 -7.2063800053e-01 -2.3459439853e+00 -4.5270940909e+00  2.8799981332e+00 -7.6919238031e-01  7.6906888840e-02 -3.3193047810e-01 -6.2786475889e-01 -1.2538194130e+01  1.5679945471e+00 -2.8000863937e+00 -1.0750320309e+01  2.1784219616e+00 -4.4264919457e+00  2.3719395070e-01  1.9608562013e+00  3.1311044121e-01 -2.0521043154e+00 -1.1527632735e+00 -1.5916493680e+00 -1.1945526446e+01  8.4859838211e-01 -5.1005367498e-01 -8.3546205365e+00  2.0563054505e+00 -3.7166303024e+00 -1.7374711138e+00  3.4675133008e+00  3.0802065636e-01 -8.8413928214e+00 -2.9878178608e-01  5.9333276347e-01 -8.9086135187e+00  1.3660330328e+00  1.1403009063e+00 -1.0379054664e+01  3.7171892230e-01  1.1757498984e+00 -4.0769182122e+00 -1.0689865375e+00 -2.8653712909e+00
ENERGY -1.161790311349e+03

JOB 6
COORDS -7.1395849606e-01  4.0883306514e-01 -7.9561834303e-01 -1.1498676265e+01  1.4943412674e+00 -2.5399714684e+00 -1.0460407486e+01  1.7150828006e+00 -3.4565161552e+00 -7.1583505211e-01  1.6199629191e+00 -7.5925714969e-02 -1.8788460421e+00 -6.3576588988e-02 -1.3929244411e+00 -1.1208398983e+01  1.2029537461e+00 -1.2051777466e+00 -9.1395239655e+00  1.6424580465e+00 -3.0285792117e+00 -1.8853533705e+00  2.3676980044e+00  5.8994501615e-02 -3.0654879384e+00  6.8567602498e-01 -1.2825495034e+00 -9.8855255314e+00  1.1237508744e+00 -7.4836552881e-01 -8.8507768754e+00  1.3482795143e+00 -1.6832871848e+00 -4.3673075898e+00  4.1572664704e-01 -1.8419754668e+00 -3.0551562123e+00  1.8962086838e+00 -5.4523498688e-01 -5.3106633205e+00  1.3341731512e+00 -1.4800013501e+00 -9.5851880337e+00  8.0579116571e-01  6.9705047130e-01 -7.5304289096e+00  1.2501643270e+00 -1.1704610187e+00 -6.6134318674e+00  1.4266291776e+00 -2.0182334158e+00 -4.6721443695e+00 -6.7450624524e-01 -2.6199175810e+00 -4.6416902488e+00  2.6428879647e+00 -4.9569116378e-01  2.0501378194e-01 -1.6504004916e-01 -8.7695309977e-01 -1.2533851217e+01  1.5505375873e+00 -2.8672094173e+00 -1.0686954073e+01  1.9422178905e+00 -4.4948265701e+00  2.0179567763e-01  1.9735589573e+00  3.8595629268e-01 -1.8694479526e+00 -1.0130093810e+00 -1.9247903850e+00 -1.2021353962e+01  1.0336651983e+00 -5.0337681715e-01 -8.3148418391e+00  1.8083153951e+00 -3.7138374112e+00 -1.8863982767e+00  3.2961614978e+00  6.2367669747e-01 -8.9909259305e+00 -1.0793998618e-01  7.8653697170e-01 -9.0030297301e+00  1.6041451570e+00  1.1659477301e+00 -1.0512737705e+01  6.7388891666e-01  1.2603153564e+00 -3.8722604663e+00 -9.4708153624e-01 -3.0972598691e+00
ENERGY -1.161792044031e+03

JOB 7
COORDS -6.6215658451e-01  4.8880976485e-01 -9.3035592082e-01 -1.1491393512e+01  1.4678326552e+00 -2.5646416699e+00 -1.0433984954e+01  1.5512650571e+00 -3.4818422254e+00 -7.4094641607e-01  1.5728551196e+00 -3.2896887513e-02 -1.7998855009e+00  2.6920224012e-02 -1.5833046216e+00 -1.1227652454e+01  1.3008903675e+00 -1.2029335040e+00 -9.1220542692e+00  1.4676756488e+00 -3.0286242793e+00 -1.9589895073e+00  2.2002709921e+00  2.2407290250e-01 -3.0373258858e+00  6.5842175613e-01 -1.3498653838e+00 -9.9150747056e+00  1.2129763482e+00 -7.1988964849e-01 -8.8597960892e+00  1.2980914040e+00 -1.6560510746e+00 -4.3218273067e+00  3.8588423639e-01 -1.9409984972e+00 -3.1042276344e+00  1.7407586813e+00 -4.3543755788e-01 -5.3333468185e+00  1.1564181421e+00 -1.4256079173e+00 -9.6443492783e+00  1.0296892379e+00  7.5443840116e-01 -7.5532207155e+00  1.1953202321e+00 -1.1176943007e+00 -6.6185928685e+00  1.2383394440e+00 -1.9698802894e+00 -4.5560226491e+00 -5.7004149187e-01 -2.8915729152e+00 -4.7343350980e+00  2.3566333774e+00 -2.6222081874e-01  2.9500650211e-01  5.9319449136e-03 -1.1060435204e+00 -1.2519501798e+01  1.5346240614e+00 -2.9115709359e+00 -1.0638456369e+01  1.6824120909e+00 -4.5411674841e+00  1.5675453806e-01  1.9203627641e+00  4.7085801737e-01 -1.7266966304e+00 -8.2580544153e-01 -2.2561599686e+00 -1.2054666538e+01  1.2379412357e+00 -4.9985208219e-01 -8.2839118710e+00  1.5303169148e+00 -3.7147462389e+00 -2.0172112650e+00  3.0289954356e+00  9.2449196748e-01 -9.1023554098e+00  9.8916607069e-02  9.4512249589e-01 -9.0220510668e+00  1.8389805962e+00  1.1469031000e+00 -1.0582024283e+01  1.0065735362e+00  1.3160791711e+00 -3.7126401920e+00 -8.0906990369e-01 -3.3076901248e+00
ENERGY -1.161796314494e+03

JOB 8
COORDS -6.3469497123e-01  6.1000059907e-01 -9.7354950261e-01 -1.1487863798e+01  1.3955053295e+00 -2.5516237156e+00 -1.0433440350e+01  1.3413015477e+00 -3.4743767421e+00 -7.8741212931e-01  1.5213491696e+00  9.1176176770e-02 -1.7387998635e+00  1.9439926815e-01 -1.7090315985e+00 -1.1219364307e+01  1.3789106871e+00 -1.1805295034e+00 -9.1211992076e+00  1.2720531052e+00 -3.0193383517e+00 -2.0435604687e+00  2.0193727417e+00  4.3301947409e-01 -3.0153184000e+00  6.9817957155e-01 -1.3893412246e+00 -9.9069448217e+00  1.3079668247e+00 -6.9526021860e-01 -8.8534629852e+00  1.2543876417e+00 -1.6368577300e+00 -4.2764987826e+00  4.4666984576e-01 -2.0348858548e+00 -3.1563440451e+00  1.6067944543e+00 -3.0865735032e-01 -5.3411888267e+00  1.0594032143e+00 -1.4117075185e+00 -9.6314659163e+00  1.2899195689e+00  7.8932052944e-01 -7.5499789276e+00  1.1707475825e+00 -1.0951566969e+00 -6.6136535213e+00  1.1277429829e+00 -1.9513579165e+00 -4.4436244544e+00 -3.4447203690e-01 -3.1332971603e+00 -4.8200608865e+00  2.0878023183e+00 -5.4600859708e-02  3.5217292456e-01  2.2525763908e-01 -1.2145577601e+00 -1.2515813668e+01  1.4512237685e+00 -2.9009522810e+00 -1.0640418118e+01  1.3538456855e+00 -4.5413047596e+00  8.4600296510e-02  1.8356779579e+00  6.5792300217e-01 -1.6073180057e+00 -5.2577906583e-01 -2.5150321360e+00 -1.2042971089e+01  1.4217569576e+00 -4.7182778674e-01 -8.2867160087e+00  1.2288241283e+00 -3.7113675821e+00 -2.1563226896e+00  2.7140889922e+00  1.2608712944e+00 -9.1015628911e+00  3.7930630284e-01  1.0832953001e+00 -8.9955230047e+00  2.1296466619e+00  1.0845498339e+00 -1.0566307068e+01  1.3459377013e+00  1.3535199020e+00 -3.5748687833e+00 -5.2147219320e-01 -3.5277153516e+00
ENERGY -1.161801705596e+03

JOB 9
COORDS -6.3700419305e-01  6.7266597950e-01 -9.9711890360e-01 -1.1503653178e+01  1.3419430366e+00 -2.5190132661e+00 -1.0467094522e+01  1.1876269048e+00 -3.4504855424e+00 -8.4178157006e-01  1.4375429472e+00  1.6911757954e-01 -1.7133967013e+00  3.0660534458e-01 -1.7970472879e+00 -1.1210499232e+01  1.4389858294e+00 -1.1560926382e+00 -9.1484138864e+00  1.1322922701e+00 -3.0121216419e+00 -2.1221300422e+00  1.8379959856e+00  5.4791020338e-01 -3.0137605563e+00  7.1248790057e-01 -1.4373881338e+00 -9.8911622582e+00  1.3856265544e+00 -6.8843238088e-01 -8.8544553713e+00  1.2294494857e+00 -1.6379097219e+00 -4.2562819853e+00  4.8149763052e-01 -2.1257735691e+00 -3.2081737317e+00  1.4754278548e+00 -2.5667244078e-01 -5.3529871232e+00  9.8323697366e-01 -1.4537355908e+00 -9.5886613581e+00  1.4908383300e+00  7.8717816649e-01 -7.5445308372e+00  1.1741206220e+00 -1.1142860186e+00 -6.6222761462e+00  1.0194809429e+00 -1.9770805337e+00 -4.3762327865e+00 -1.8334537535e-01 -3.3066950674e+00 -4.8931413915e+00  1.8586127521e+00  3.0274829951e-02  3.6842458665e-01  3.6331498847e-01 -1.2677614476e+00 -1.2536552016e+01  1.3873193637e+00 -2.8549198514e+00 -1.0692424079e+01  1.1126587023e+00 -4.5111851318e+00  9.2224328250e-03  1.7153555843e+00  7.8481111550e-01 -1.5396355795e+00 -2.9818943905e-01 -2.6858431757e+00 -1.2020190856e+01  1.5588337074e+00 -4.4013521787e-01 -8.3278044037e+00  1.0138781076e+00 -3.7118572679e+00 -2.2739693941e+00  2.4207431393e+00  1.4523462054e+00 -9.0696447407e+00  5.9895017080e-01  1.1502264138e+00 -8.9322125199e+00  2.3404683134e+00  9.9719894201e-01 -1.0511531821e+01  1.6136796443e+00  1.3605287041e+00 -3.4910288785e+00 -3.3925536423e-01 -3.6724710129e+00
ENERGY -1.161806736813e+03

JOB 10
COORDS -6.3621060347e-01  7.3595310596e-01 -9.9911539240e-01 -1.1515853125e+01  1.2443420298e+00 -2.4798843979e+00 -1.0499662530e+01  9.8523343100e-01 -3.4105164437e+00 -8.8649313300e-01  1.3103336603e+00  2.6331596837e-01 -1.6869876070e+00  4.5900176476e-01 -1.8662660601e+00 -1.1193284476e+01  1.4795459221e+00 -1.1404839719e+00 -9.1724050314e+00  9.6379366172e-01 -2.9955563674e+00 -2.1861226573e+00  1.6094819436e+00  6.6986360807e-01 -3.0062619966e+00  7.6086022942e-01 -1.4753271960e+00 -9.8653225104e+00  1.4630753777e+00 -6.9586234588e-01 -8.8492373780e+00  1.2008167756e+00 -1.6448492583e+00 -4.2308915023e+00  5.7894233942e-01 -2.2099550718e+00 -3.2469560832e+00  1.3351741757e+00 -2.0022613549e-01 -5.3526613571e+00  9.6254873021e-01 -1.4993929794e+00 -9.5304989761e+00  1.7182857743e+00  7.5425916228e-01 -7.5308812011e+00  1.1889659081e+00 -1.1450971070e+00 -6.6215411593e+00  9.6266858457e-01 -2.0082656066e+00 -4.3105344224e+00  7.1904399890e-02 -3.4678186538e+00 -4.9482355511e+00  1.6235150453e+00  1.0839120932e-01  3.8374724180e-01  5.0590955090e-01 -1.2932212836e+00 -1.2555251035e+01  1.2629057959e+00 -2.7977993328e+00 -1.0747418925e+01  8.0159570364e-01 -4.4528301748e+00 -5.5641744302e-02  1.5209332141e+00  9.3103045154e-01 -1.4765132726e+00  6.5921267351e-03 -2.8343520644e+00 -1.1987095935e+01  1.6799809592e+00 -4.2473749555e-01 -8.3675170153e+00  7.6538400548e-01 -3.6954394644e+00 -2.3720374263e+00  2.0480696592e+00  1.6464429421e+00 -9.0069528044e+00  8.6529537919e-01  1.1960232687e+00 -8.8664328151e+00  2.5811080656e+00  8.6156269702e-01 -1.0440031406e+01  1.9053319939e+00  1.3316195415e+00 -3.4135421401e+00 -7.2358289003e-02 -3.8087879742e+00
ENERGY -1.161810260043e+03

JOB 11
COORDS -8.9862325864e-01  6.5570127875e-01  2.7823119923e-01 -1.1516970900e+01  1.1608698706e+00 -2.5118616308e+00 -1.0925617800e+01  5.9390750698e-01 -1.3740075128e+00 -6.6467970852e-01  1.3477132959e+00 -9.2687364177e-01 -2.1938086830e+00  3.1869798807e-01  6.5495491114e-01 -1.0719020726e+01  1.7711554970e+00 -3.4836273790e+00 -9.5445278484e+00  6.4121253950e-01 -1.2169002419e+00 -1.7204442120e+00  1.7078692550e+00 -1.7634156684e+00 -3.2727270166e+00  6.7435083919e-01 -1.7782334042e-01 -9.3262944116e+00  1.8329324971e+00 -3.3505092099e+00 -8.7420337464e+00  1.2568138141e+00 -2.1978149613e+00 -4.6792632625e+00  4.3053046410e-01  1.1132618281e-02 -3.0257384490e+00  1.3711536188e+00 -1.3890666443e+00 -5.4580711022e+00  9.2517835648e-01 -1.0183426517e+00 -8.4751071562e+00  2.4951062127e+00 -4.4074300078e+00 -7.3380665417e+00  1.3461153931e+00 -2.1121043544e+00 -6.8182128814e+00  8.2119681584e-01 -1.0736473469e+00 -5.2157964038e+00 -2.1490315412e-01  1.0785186022e+00 -4.4900570103e+00  1.7251169029e+00 -2.2868600374e+00 -6.1424002046e-02  3.8496967622e-01  9.1502278718e-01 -1.2595912901e+01  1.1271356188e+00 -2.6403337529e+00 -1.1543728482e+01  1.1886274777e-01 -6.1650684046e-01  3.5260023206e-01  1.6047636938e+00 -1.2089823049e+00 -2.3564074322e+00 -2.1596013466e-01  1.5898117496e+00 -1.1185150563e+01  2.2086992449e+00 -4.3633429806e+00 -9.0622807535e+00  2.1016706879e-01 -3.4587364816e-01 -1.5324214077e+00  2.2414621465e+00 -2.6910809945e+00 -7.8975524997e+00  3.3245025234e+00 -3.9885267718e+00 -7.7504201533e+00  1.7927044826e+00 -4.8298256663e+00 -9.0994286947e+00  2.8803685573e+00 -5.2182272185e+00 -4.5023361878e+00 -4.8064261436e-01  1.6801929907e+00
ENERGY -1.161811517305e+03

JOB 12
COORDS -8.9353689653e-01  6.1694852763e-01  2.6329281756e-01 -1.1527793228e+01  1.2382215211e+00 -2.4495106384e+00 -1.0932852703e+01  7.4272897194e-01 -1.2805731136e+00 -6.7032658196e-01  1.4605531382e+00 -8.4340500924e-01 -2.1813703445e+00  2.0187824566e-01  5.8263733311e-01 -1.0729837805e+01  1.7436292632e+00 -3.4796349192e+00 -9.5482156850e+00  7.5666091270e-01 -1.1507297349e+00 -1.7294127936e+00  1.8932871501e+00 -1.6401931629e+00 -3.2647354359e+00  6.3468697944e-01 -2.0694364287e-01 -9.3334619846e+00  1.7686865528e+00 -3.3748634910e+00 -8.7452451902e+00  1.2662202337e+00 -2.1902412723e+00 -4.6671902493e+00  3.4841631568e-01 -5.3001693762e-02 -3.0277487186e+00  1.4805509617e+00 -1.3213904725e+00 -5.4504012813e+00  9.2188950694e-01 -1.0369154520e+00 -8.4825468807e+00  2.3170703942e+00 -4.4952310387e+00 -7.3368326430e+00  1.3084894826e+00 -2.1383697405e+00 -6.8160510546e+00  8.6393097181e-01 -1.0639895105e+00 -5.1964471315e+00 -4.1511748666e-01  9.3821953045e-01 -4.4947059333e+00  1.8977894917e+00 -2.1856060234e+00 -5.2963610809e-02  2.8738694007e-01  8.6707640442e-01 -1.2609542125e+01  1.2304041067e+00 -2.5568190086e+00 -1.1551016120e+01  3.4875639130e-01 -4.7796490215e-01  3.4158061219e-01  1.7765909187e+00 -1.0814560284e+00 -2.3348276229e+00 -4.5755621425e-01  1.4357271027e+00 -1.1198612074e+01  2.1263587728e+00 -4.3831804571e+00 -9.0632641628e+00  3.7885099668e-01 -2.5679274524e-01 -1.5494189872e+00  2.5399414120e+00 -2.4946416367e+00 -7.8691218539e+00  3.1557179758e+00 -4.1526362188e+00 -7.7905772114e+00  1.5593613559e+00 -4.8745388482e+00 -9.1103114291e+00  2.6602054532e+00 -5.3221233297e+00 -4.4914712549e+00 -6.6484002002e-01  1.5565397009e+00
ENERGY -1.161810259878e+03

JOB 13
COORDS -8.9143106865e-01  5.5510557737e-01  2.4854111048e-01 -1.1534936879e+01  1.3234237033e+00 -2.3869962843e+00 -1.0925417360e+01  9.2929449523e-01 -1.1873770283e+00 -6.7063672590e-01  1.5617015777e+00 -7.1327426255e-01 -2.1736478842e+00  6.9344714584e-02  4.7765429749e-01 -1.0749792069e+01  1.7007574740e+00 -3.4797485481e+00 -9.5381676226e+00  9.1618794825e-01 -1.0901100549e+00 -1.7267962496e+00  2.0865598337e+00 -1.4563862836e+00 -3.2557594061e+00  5.9628206211e-01 -2.5474174610e-01 -9.3508315386e+00  1.6961448348e+00 -3.4088857159e+00 -8.7486846715e+00  1.2961768858e+00 -2.1931099637e+00 -4.6549560227e+00  2.7313643069e-01 -1.6018180758e-01 -3.0198832380e+00  1.6036611441e+00 -1.2260678507e+00 -5.4341260186e+00  9.5277453358e-01 -1.0751329991e+00 -8.5141249899e+00  2.1054262875e+00 -4.5973958911e+00 -7.3370929723e+00  1.3020247035e+00 -2.1760779709e+00 -6.8073481133e+00  9.2697208955e-01 -1.0817316911e+00 -5.1856668728e+00 -6.2580837735e-01  7.1233292194e-01 -4.4836789417e+00  2.1086371618e+00 -2.0449712525e+00 -5.2214512026e-02  1.5353779355e-01  8.0916042032e-01 -1.2618836928e+01  1.3371682402e+00 -2.4691390558e+00 -1.1534128841e+01  6.3612196622e-01 -3.3591598843e-01  3.3718259238e-01  1.9309239546e+00 -8.8194691278e-01 -2.3245151791e+00 -7.1993960414e-01  1.2126277269e+00 -1.1230565257e+01  2.0053749638e+00 -4.4063579333e+00 -9.0411686333e+00  6.1601597094e-01 -1.7359284392e-01 -1.5487275134e+00  2.8567339407e+00 -2.2018871168e+00 -7.8674023457e+00  2.9533724613e+00 -4.3531459843e+00 -7.8550931644e+00  1.2929868822e+00 -4.9171660337e+00 -9.1535091130e+00  2.3861386994e+00 -5.4387644178e+00 -4.5012135366e+00 -8.9196038956e-01  1.3466696028e+00
ENERGY -1.161806736512e+03

JOB 14
COORDS -8.8311140558e-01  4.9901588278e-01  2.1930602534e-01 -1.1539444359e+01  1.3762862511e+00 -2.3427199739e+00 -1.0916172607e+01  1.0835630550e+00 -1.1212379071e+00 -6.6001932966e-01  1.6267522710e+00 -5.9677117407e-01 -2.1631237898e+00 -2.3234130859e-02  3.6592628483e-01 -1.0768310686e+01  1.6396024305e+00 -3.4777694101e+00 -9.5278407726e+00  1.0574854131e+00 -1.0455022185e+00 -1.7126630150e+00  2.2372114973e+00 -1.2764921547e+00 -3.2428525271e+00  5.8867756822e-01 -3.0130776549e-01 -9.3682905722e+00  1.6183340182e+00 -3.4283978409e+00 -8.7521640047e+00  1.3218872691e+00 -2.1907773147e+00 -4.6413889628e+00  2.5214944883e-01 -2.6025555934e-01 -3.0034132027e+00  1.7172680754e+00 -1.1273758540e+00 -5.4146176330e+00  1.0293127636e+00 -1.0944717404e+00 -8.5468669829e+00  1.9042081544e+00 -4.6627740787e+00 -7.3382452979e+00  1.3012979347e+00 -2.1982300567e+00 -6.7984145679e+00  1.0306017158e+00 -1.0814814649e+00 -5.1782202952e+00 -7.5167482062e-01  4.9057291010e-01 -4.4646744531e+00  2.3097770245e+00 -1.8873170146e+00 -4.6393789331e-02  3.1899993429e-02  7.3087037304e-01 -1.2624270424e+01  1.3998996092e+00 -2.4088730950e+00 -1.1514771101e+01  8.7874608632e-01 -2.3743999003e-01  3.4626951135e-01  2.0224655784e+00 -7.0272046766e-01 -2.3151759276e+00 -9.0636191354e-01  9.8453501699e-01 -1.1260464738e+01  1.8662139092e+00 -4.4205732866e+00 -9.0192927941e+00  8.3391833638e-01 -1.1357003602e-01 -1.5336605612e+00  3.1005513593e+00 -1.9115218321e+00 -7.8830011566e+00  2.7597097403e+00 -4.5074346035e+00 -7.9064117697e+00  1.0551656194e+00 -4.9184735640e+00 -9.1972963741e+00  2.1183616166e+00 -5.5151044178e+00 -4.5108474991e+00 -1.0627454242e+00  1.1225229494e+00
ENERGY -1.161801705368e+03

JOB 15
COORDS -8.7895412683e-01  3.8960760351e-01  1.3875012006e-01 -1.1546640768e+01  1.4369415039e+00 -2.3151279403e+00 -1.0924279586e+01  1.2762763760e+00 -1.0688542268e+00 -6.5932509118e-01  1.6441848355e+00 -4.6509851471e-01 -2.1571914239e+00 -1.5571565258e-01  1.9257058563e-01 -1.0775952799e+01  1.5571149627e+00 -3.4741077328e+00 -9.5363738599e+00  1.2379470476e+00 -9.9259767430e-01 -1.7149243556e+00  2.3614769800e+00 -1.0259103910e+00 -3.2400455770e+00  5.6097497532e-01 -3.5348645724e-01 -9.3758750412e+00  1.5209287935e+00 -3.4250006286e+00 -8.7624591073e+00  1.3579426620e+00 -2.1622924370e+00 -4.6389972951e+00  2.1977714079e-01 -3.7053885900e-01 -3.0025913006e+00  1.8170346256e+00 -9.6840626316e-01 -5.4117453576e+00  1.1242830454e+00 -1.0541073178e+00 -8.5548232364e+00  1.6492615122e+00 -4.6858931288e+00 -7.3460430376e+00  1.3194518277e+00 -2.1692525030e+00 -6.8096417283e+00  1.1392450549e+00 -1.0372630633e+00 -5.1738255028e+00 -9.0851794097e-01  1.8914213828e-01 -4.4700072896e+00  2.5217352969e+00 -1.6136980200e+00 -3.9834409251e-02 -1.5840141262e-01  5.5799443515e-01 -1.2631209991e+01  1.4699646671e+00 -2.3817792622e+00 -1.1523383218e+01  1.1839705555e+00 -1.6678306076e-01  3.4569655052e-01  2.0553411353e+00 -5.0085642001e-01 -2.3068320335e+00 -1.1358558847e+00  6.4214228848e-01 -1.1268075595e+01  1.6819271365e+00 -4.4356142629e+00 -9.0275242818e+00  1.1159691821e+00 -4.2161162931e-02 -1.5398645786e+00  3.3235784050e+00 -1.4997347894e+00 -7.8678340648e+00  2.4982790531e+00 -4.6269585736e+00 -7.9388412870e+00  7.6038023010e-01 -4.8498961469e+00 -9.2050177935e+00  1.7859919381e+00 -5.5540858240e+00 -4.5427774687e+00 -1.2658841652e+00  8.3384315433e-01
ENERGY -1.161796314593e+03

JOB 16
COORDS -8.7192498829e-01  3.4300154574e-01 -1.8669777484e-02 -1.1544971788e+01  1.4668304141e+00 -2.3338202422e+00 -1.0945705254e+01  1.4406116765e+00 -1.0661550964e+00 -6.5430634662e-01  1.6795287346e+00 -4.0738854245e-01 -2.1539526200e+00 -1.9852664794e-01 -2.7219671638e-02 -1.0754790753e+01  1.4599966442e+00 -3.4855204745e+00 -9.5596059489e+00  1.4080895033e+00 -9.6223443126e-01 -1.7169312963e+00  2.4856693097e+00 -8.1489887142e-01 -3.2418231052e+00  6.0450927550e-01 -4.1890715609e-01 -9.3555377521e+00  1.4271922389e+00 -3.4083877774e+00 -8.7668475277e+00  1.4009245057e+00 -2.1246601276e+00 -4.6449681870e+00  2.7422585489e-01 -4.7050245856e-01 -3.0061746431e+00  1.9437454408e+00 -8.1894670536e-01 -5.4197390254e+00  1.2867161886e+00 -9.5944685501e-01 -8.5127103075e+00  1.4182137585e+00 -4.6614388759e+00 -7.3477087959e+00  1.3618121710e+00 -2.1027967960e+00 -6.8320099729e+00  1.3142723840e+00 -9.5277548536e-01 -5.1736971785e+00 -9.4420770051e-01 -1.2050930166e-01 -4.4861104709e+00  2.7479463489e+00 -1.3089650489e+00 -2.8363737103e-02 -2.7202484137e-01  2.8233911651e-01 -1.2628128382e+01  1.4933397828e+00 -2.4227125879e+00 -1.1561052634e+01  1.4463207925e+00 -1.7043451059e-01  3.5301856015e-01  2.0864692456e+00 -3.9694165559e-01 -2.3048842413e+00 -1.2396308302e+00  2.5155425196e-01 -1.1230228416e+01  1.4805071110e+00 -4.4630736477e+00 -9.0668830328e+00  1.3872169658e+00  4.1902499412e-03 -1.5447754073e+00  3.5130494088e+00 -1.1243404480e+00 -7.8347053009e+00  2.2759533752e+00 -4.6893232584e+00 -7.8862408765e+00  5.2318620296e-01 -4.7112542807e+00 -9.1485108381e+00  1.4476372640e+00 -5.5502049284e+00 -4.6038284759e+00 -1.3461575575e+00  5.5450326153e-01
ENERGY -1.161792043690e+03

JOB 17
COORDS -8.8497876008e-01  2.9223880093e-01 -1.9766675922e-01 -1.1527748831e+01  1.4987708360e+00 -2.3593440776e+00 -1.0964862060e+01  1.5949530232e+00 -1.0783753561e+00 -6.5606233852e-01  1.6711380927e+00 -3.6829011266e-01 -2.1761938090e+00 -2.2592914482e-01 -2.5581510127e-01 -1.0705900687e+01  1.3685883806e+00 -3.4810061184e+00 -9.5826942464e+00  1.5608173043e+00 -9.3208096049e-01 -1.7164182372e+00  2.5463550674e+00 -6.0570823102e-01 -3.2600394379e+00  6.4297801430e-01 -4.7797711056e-01 -9.3095445822e+00  1.3311137243e+00 -3.3618153112e+00 -8.7591344584e+00  1.4312966810e+00 -2.0651925987e+00 -4.6698948851e+00  3.3808214031e-01 -5.5827369720e-01 -3.0128391811e+00  2.0259776149e+00 -6.5834271859e-01 -5.4384739749e+00  1.4327041198e+00 -8.1876087193e-01 -8.4323664714e+00  1.1866479279e+00 -4.5826291403e+00 -7.3401574677e+00  1.3870153977e+00 -1.9991773957e+00 -6.8557391123e+00  1.4904372660e+00 -8.4126549503e-01 -5.2021281453e+00 -9.2444382919e-01 -4.3278726071e-01 -4.4958914500e+00  2.9160940695e+00 -9.6747505741e-01 -4.3638363548e-02 -3.7382952490e-01 -2.7038297301e-02 -1.2607672379e+01  1.5243171953e+00 -2.4817526393e+00 -1.1605055871e+01  1.6944064723e+00 -2.0591312918e-01  3.5762286267e-01  2.0592191844e+00 -3.2067449684e-01 -2.3392229794e+00 -1.2962298601e+00 -1.4824735114e-01 -1.1154047174e+01  1.2937295546e+00 -4.4686828613e+00 -9.1169719042e+00  1.6307405479e+00  4.5387715154e-02 -1.5363368957e+00  3.6087951710e+00 -7.4639491091e-01 -7.7457202386e+00  2.0321543967e+00 -4.6806029818e+00 -7.8134693216e+00  2.8713719738e-01 -4.5203775725e+00 -9.0430289613e+00  1.1276424218e+00 -5.4873659164e+00 -4.6954290316e+00 -1.4078374319e+00  2.3950736805e-01
ENERGY -1.161790311977e+03

JOB 18
COORDS -8.7987908796e-01  3.3372545126e-01 -3.7069584057e-01 -1.1487340773e+01  1.5055998841e+00 -2.3795331959e+00 -1.0945466361e+01  1.7046784817e+00 -1.1013726709e+00 -6.3697062005e-01  1.7206278543e+00 -3.6392971532e-01 -2.1779956973e+00 -1.6003037111e-01 -4.7244193723e-01 -1.0648081185e+01  1.2777287121e+00 -3.4724310298e+00 -9.5661890368e+00  1.6765494749e+00 -9.2811613262e-01 -1.6917220243e+00  2.6286362462e+00 -4.6535541428e-01 -3.2545207093e+00  7.4126604890e-01 -5.5992644753e-01 -9.2544795319e+00  1.2434921140e+00 -3.3243043222e+00 -8.7236489772e+00  1.4520145270e+00 -2.0321970346e+00 -4.6669354796e+00  4.5998891234e-01 -6.7387343197e-01 -2.9953339926e+00  2.1334853192e+00 -5.6007049125e-01 -5.4289969426e+00  1.5909982176e+00 -7.4508860616e-01 -8.3569747430e+00  9.9982927012e-01 -4.5139454227e+00 -7.3069913366e+00  1.4096275394e+00 -1.9388876140e+00 -6.8382281208e+00  1.6877765497e+00 -8.0158077052e-01 -5.2047617035e+00 -8.0359983647e-01 -7.2516565957e-01 -4.4723751107e+00  3.0714425055e+00 -7.2372098395e-01 -4.3882545203e-02 -3.5708927140e-01 -3.0433911705e-01 -1.2564992054e+01  1.5235165762e+00 -2.5216416792e+00 -1.1599979629e+01  1.8757657023e+00 -2.5086801684e-01  3.8180483261e-01  2.0897232040e+00 -2.8411489394e-01 -2.3517993886e+00 -1.2335544102e+00 -5.0409294130e-01 -1.1079592004e+01  1.1208080655e+00 -4.4579774080e+00 -9.1173341237e+00  1.8211763354e+00  4.9041072216e-02 -1.5014052494e+00  3.6985076426e+00 -4.6849766674e-01 -7.7381352966e+00  1.8767836184e+00 -4.7275799290e+00 -7.6700613183e+00  1.7006430885e-01 -4.3290055921e+00 -8.9524137568e+00  7.7416107412e-01 -5.4025388168e+00 -4.7020434551e+00 -1.3784620056e+00 -1.2565619986e-01
ENERGY -1.161791372398e+03

JOB 19
COORDS -8.9548163377e-01  3.2693361301e-01 -4.6069542371e-01 -1.1476738250e+01  1.5415928078e+00 -2.3731968193e+00 -1.0934491706e+01  1.8452600548e+00 -1.1160945281e+00 -6.4729417335e-01  1.6975530531e+00 -2.5126588998e-01 -2.1938542086e+00 -1.3735055693e-01 -6.5014912165e-01 -1.0637182597e+01  1.1957560863e+00 -3.4348025641e+00 -9.5565888710e+00  1.8031418191e+00 -9.3336902583e-01 -1.6947447650e+00  2.6187222629e+00 -2.3451345147e-01 -3.2651923903e+00  7.7510435338e-01 -6.2169950166e-01 -9.2454289010e+00  1.1449402421e+00 -3.2772685004e+00 -8.7134976603e+00  1.4611278266e+00 -2.0070090067e+00 -4.6743345815e+00  5.2337018245e-01 -8.0522512272e-01 -3.0000545539e+00  2.1515671845e+00 -4.1535621895e-01 -5.4348984007e+00  1.6604385224e+00 -7.1218412914e-01 -8.3484558560e+00  7.7347765981e-01 -4.4337256444e+00 -7.3008378634e+00  1.3978435956e+00 -1.9032450234e+00 -6.8278238665e+00  1.7979438060e+00 -8.0043550334e-01 -5.2118792666e+00 -7.1604091169e-01 -1.0390403973e+00 -4.4677451169e+00  3.1136893486e+00 -4.5717208402e-01 -6.3516085299e-02 -3.7141963321e-01 -4.8383846333e-01 -1.2553235329e+01  1.5688179277e+00 -2.5225051188e+00 -1.1587849037e+01  2.1069278112e+00 -2.8795405884e-01  3.7205181241e-01  2.0440618513e+00 -1.0523589092e-01 -2.3715074243e+00 -1.1937359184e+00 -8.4058884879e-01 -1.1068165256e+01  9.5736029826e-01 -4.4041692575e+00 -9.1091328451e+00  2.0259315607e+00  2.9644098089e-02 -1.4987037931e+00  3.6763775702e+00 -8.0333534310e-02 -7.7240134730e+00  1.6200643502e+00 -4.7361017211e+00 -7.6664225585e+00 -3.5975441309e-02 -4.1614817153e+00 -8.9441276698e+00  4.6106268990e-01 -5.2956331652e+00 -4.7006065882e+00 -1.3734054279e+00 -5.3927121698e-01
ENERGY -1.161794223172e+03

JOB 20
COORDS -8.9115921701e-01  3.5949754896e-01 -5.1419802353e-01 -1.1478880210e+01  1.6091582016e+00 -2.3638746533e+00 -1.0916439024e+01  2.0332241939e+00 -1.1513326377e+00 -6.6459716115e-01  1.6822657512e+00 -8.4041559575e-02 -2.1765605069e+00 -7.3039516361e-02 -8.2306307373e-01 -1.0658299325e+01  1.1224278186e+00 -3.3845430501e+00 -9.5390088923e+00  1.9685950816e+00 -9.7084870819e-01 -1.7196506496e+00  2.5857928402e+00  3.6770433094e-02 -3.2579707639e+00  8.2013573709e-01 -6.9332858043e-01 -9.2677204066e+00  1.0482778957e+00 -3.2282291962e+00 -8.7131519709e+00  1.4847897236e+00 -2.0033098977e+00 -4.6544963331e+00  5.9403413588e-01 -9.6993369030e-01 -3.0141319737e+00  2.1488793046e+00 -2.6315291148e-01 -5.4334760516e+00  1.7041679001e+00 -7.3115178405e-01 -8.3906695984e+00  5.2566314407e-01 -4.3406172943e+00 -7.3043250753e+00  1.3906068979e+00 -1.9030168233e+00 -6.8106273823e+00  1.8734403840e+00 -8.3887550928e-01 -5.1668059503e+00 -6.0029774529e-01 -1.3948969970e+00 -4.4856536157e+00  3.0982868031e+00 -2.0287891392e-01 -5.2221003062e-02 -3.2336041305e-01 -6.1481428972e-01 -1.2555278117e+01  1.6529622658e+00 -2.5099237564e+00 -1.1554545462e+01  2.4057611592e+00 -3.5423004345e-01  3.4542254286e-01  2.0050328634e+00  1.5279016114e-01 -2.3343124036e+00 -1.0876820590e+00 -1.1835020730e+00 -1.1103585952e+01  7.9130303161e-01 -4.3197171340e+00 -9.0785162641e+00  2.2831669102e+00 -4.0191895200e-02 -1.5391832173e+00  3.6067970950e+00  3.6198026687e-01 -7.7524143088e+00  1.3185646344e+00 -4.7435555429e+00 -7.7215811544e+00 -2.6015127871e-01 -3.9812825799e+00 -9.0013174299e+00  1.2875491823e-01 -5.1561831875e+00 -4.6089218502e+00 -1.3152902682e+00 -1.0464729720e+00
ENERGY -1.161797502633e+03

JOB 21
COORDS -8.7858722704e-01  4.0053417688e-01 -5.4544944888e-01 -1.1484882478e+01  1.6753703115e+00 -2.3526977904e+00 -1.0892586216e+01  2.2017895806e+00 -1.1958051907e+00 -6.8997826524e-01  1.6484428752e+00  8.3286866159e-02 -2.1417021594e+00  8.8665650340e-03 -9.7372706606e-01 -1.0693836745e+01  1.0604073587e+00 -3.3266797755e+00 -9.5155097049e+00  2.1102186729e+00 -1.0238929531e+00 -1.7613664721e+00  2.5163582385e+00  2.8504409980e-01 -3.2412575410e+00  8.6613342664e-01 -7.6634267097e-01 -9.3046343009e+00  9.5632803832e-01 -3.1783071558e+00 -8.7188212738e+00  1.4961504996e+00 -2.0096144923e+00 -4.6194732359e+00  6.6912937377e-01 -1.1348465850e+00 -3.0359431998e+00  2.1201266809e+00 -1.3586935385e-01 -5.4270631322e+00  1.7335421060e+00 -7.8133882040e-01 -8.4588721993e+00  2.9447474150e-01 -4.2396205875e+00 -7.3149776594e+00  1.3630577590e+00 -1.9154349277e+00 -6.7916177007e+00  1.9292087993e+00 -9.0452324607e-01 -5.0915929906e+00 -4.6059202064e-01 -1.7355667569e+00 -4.5195070893e+00  3.0359601362e+00 -9.7747012010e-05 -2.6628536263e-02 -2.5436013509e-01 -7.0459026251e-01 -1.2561183337e+01  1.7399777904e+00 -2.4915318260e+00 -1.1507329593e+01  2.6750708137e+00 -4.3450272276e-01  3.0392734688e-01  1.9401811472e+00  4.1105392764e-01 -2.2661486395e+00 -9.4521203449e-01 -1.4828273516e+00 -1.1162114632e+01  6.5094851236e-01 -4.2186868770e+00 -9.0330791319e+00  2.5032567758e+00 -1.3513835694e-01 -1.6100785297e+00  3.4798807164e+00  7.6402469617e-01 -7.8015427086e+00  1.0211911892e+00 -4.7278836345e+00 -7.8086520219e+00 -4.7029160567e-01 -3.8076477000e+00 -9.0918798119e+00 -1.6445337099e-01 -5.0041491838e+00 -4.4771345070e+00 -1.1887320762e+00 -1.5443770990e+00
ENERGY -1.161800137198e+03

JOB 22
COORDS -9.1588759802e-01  3.1141151247e-01 -3.1832719422e-01 -1.1530251373e+01  1.4232053423e+00 -2.3265839897e+00 -1.0763813092e+01  2.5266525556e+00 -1.9249107907e+00 -6.3227705576e-01  1.6924975646e+00 -3.6493222085e-01 -2.2123145922e+00 -1.4944256317e-01 -5.1040114186e-01 -1.0919728473e+01  1.8137192151e-01 -2.5217673239e+00 -9.3957312958e+00  2.3797001838e+00 -1.7222666542e+00 -1.6416474622e+00  2.6212336017e+00 -6.0644364737e-01 -3.2513552218e+00  7.7465361764e-01 -7.4646221620e-01 -9.5437051324e+00  6.8695894355e-03 -2.3261259599e+00 -8.7811094290e+00  1.1281055212e+00 -1.9224983293e+00 -4.6496838958e+00  5.1886248413e-01 -9.7366301523e-01 -2.9507348615e+00  2.1607754490e+00 -7.9351146614e-01 -5.3814961788e+00  1.6767981487e+00 -1.1830830776e+00 -8.8934403076e+00 -1.3391744735e+00 -2.5381345082e+00 -7.4007890955e+00  8.8975603490e-01 -1.7447215398e+00 -6.7241339056e+00  1.9106645838e+00 -1.3973741758e+00 -5.2047219523e+00 -7.2315925582e-01 -9.6234368833e-01 -4.3684762668e+00  3.1283527125e+00 -1.1113230381e+00 -1.1160738118e-01 -3.9602481519e-01 -1.3784729206e-01 -1.2600338033e+01  1.5312413801e+00 -2.4850525582e+00 -1.1237180823e+01  3.4929672221e+00 -1.7707563833e+00  3.8704079603e-01  2.0367539141e+00 -2.1382420704e-01 -2.4079240415e+00 -1.2204792515e+00 -4.9015855505e-01 -1.1521505361e+01 -6.6979172836e-01 -2.8316956884e+00 -8.7814839490e+00  3.2172082158e+00 -1.4088454113e+00 -1.4176777821e+00  3.6837292039e+00 -6.4594492948e-01 -8.1283236060e+00 -1.2898457552e+00 -3.3184822123e+00 -8.3854718300e+00 -1.6790624574e+00 -1.6312064772e+00 -9.6393193177e+00 -2.0851739916e+00 -2.8263328489e+00 -4.5617232279e+00 -1.3438052003e+00 -5.8090062390e-01
ENERGY -1.161801653144e+03

JOB 23
COORDS -8.9603961725e-01  3.2464473740e-01 -4.1867620460e-01 -1.1521432215e+01  1.4584384495e+00 -2.4167202738e+00 -1.0727054184e+01  2.5791889317e+00 -2.1352920028e+00 -6.6399632165e-01  1.7024078827e+00 -2.2135994410e-01 -2.1688882048e+00 -1.3954836778e-01 -7.2382906918e-01 -1.0948825019e+01  1.8383614953e-01 -2.4418174085e+00 -9.3690868652e+00  2.4176965999e+00 -1.8816464287e+00 -1.7020539332e+00  2.6241694918e+00 -3.2788569745e-01 -3.2356020767e+00  7.7685727858e-01 -8.3638562298e-01 -9.5841260536e+00 -6.0253160424e-03 -2.1899733274e+00 -8.7928779740e+00  1.1325260656e+00 -1.9072205642e+00 -4.6181106484e+00  5.1630767405e-01 -1.1407468121e+00 -2.9871641263e+00  2.1598239379e+00 -6.3545434845e-01 -5.3899058328e+00  1.6686584697e+00 -1.1691290671e+00 -8.9739480659e+00 -1.3866812067e+00 -2.2186875493e+00 -7.4269988473e+00  8.7436789654e-01 -1.6624689127e+00 -6.7261581949e+00  1.9073877236e+00 -1.4096476072e+00 -5.1221013236e+00 -7.2344370721e-01 -1.3768441207e+00 -4.4326233692e+00  3.1185355938e+00 -8.1954787269e-01 -7.1235762414e-02 -3.7666988153e-01 -3.3091309405e-01 -1.2583410900e+01  1.5787755942e+00 -2.6156870841e+00 -1.1170795833e+01  3.5713239457e+00 -2.1153096249e+00  3.3769971163e-01  2.0491528875e+00  1.6750061297e-02 -2.3257039647e+00 -1.2070616338e+00 -8.7266022704e-01 -1.1571507569e+01 -6.8047177101e-01 -2.6608954169e+00 -8.7338489754e+00  3.2691113343e+00 -1.6614586979e+00 -1.5186787233e+00  3.6842074504e+00 -1.7526201080e-01 -8.1769612409e+00 -1.4506682012e+00 -2.9651750816e+00 -8.5143253759e+00 -1.6351053592e+00 -1.2576737559e+00 -9.7339931470e+00 -2.1381982889e+00 -2.4501032551e+00 -4.4013417696e+00 -1.3701471664e+00 -1.2984010670e+00
ENERGY -1.161802111131e+03

