JOB 0
COORDS -3.1299944539e+00 -1.9425554960e+00 -1.0987372368e+00 -2.2293766388e+00 -2.9807402345e+00  8.1917687147e-01 -3.2817181228e+00 -2.9025142113e+00 -9.5811316430e-02 -2.0098600737e+00 -1.1042852833e+00 -1.1713653679e+00 -1.0164550337e+00 -1.2485856930e+00 -1.6441564085e-01  1.7287480046e-01  4.7678314071e-02 -5.5042572456e+00 -2.8779143037e-01  1.3158706946e+00 -4.8123368579e+00  9.8350852245e-01 -5.3164541052e-01  1.2922370415e+00  1.5279695752e+00 -1.3046454367e+00  1.2272541895e-01 -1.0492875689e+00  2.3017570654e-02 -4.6201902122e+00  2.6573010602e-01 -4.5875739617e-01 -5.1082185418e-02 -4.4949857422e+00 -3.7944757192e+00 -5.2084154458e-03  4.5400023847e-01  8.4756856635e-01 -8.0353803179e-01 -1.9462324988e+00 -1.8084416497e-01 -2.3729013480e+00 -1.1560511071e+00 -2.1919122542e+00  7.8821434363e-01 -9.4099140061e-01 -6.3967242624e-01 -3.3441367886e+00 -3.9034514239e+00 -1.8426895707e+00 -1.8595366727e+00 -2.2556945680e+00 -3.7188558298e+00  1.6222620686e+00  3.2023665804e-02 -3.7787929371e-02 -6.5777659129e+00  1.0641024551e+00 -4.3356212445e-01 -5.1137874551e+00  3.0534020636e-01  1.6678166078e+00 -3.9747196566e+00 -7.4650074746e-01  2.0959822704e+00 -5.4128299424e+00  5.0437826721e-01 -1.1005032260e+00  2.0794593431e+00  1.5056401555e+00  3.6807682274e-01  1.6055982828e+00  2.4281983307e+00 -9.5283692959e-01 -3.7444964398e-01  1.3946429842e+00 -2.3814314758e+00  1.3897513486e-01 -2.0175159220e+00 -3.6107553695e-02 -5.1290781725e+00 -4.6882706044e+00 -4.3050946721e+00 -9.5495058451e-01 -4.3653400225e+00 -4.5591047339e+00  7.6623844687e-01 -5.3938760928e+00 -3.2190883441e+00  2.4480593727e-01  1.4186762250e+00  1.2861056230e+00 -5.2954284623e-01 -3.1671382108e-01  1.5804819889e+00 -5.3969792239e-01  4.5514312128e-01  6.9105996403e-01 -1.8830335793e+00 -2.9528400057e+00 -1.4500697494e-01 -2.8222877593e+00 -1.7053707567e+00  8.4589747668e-01 -2.0935321777e+00 -1.0325976733e+00 -1.6465307520e+00 -3.4688244016e+00
ENERGY -6.550877230378e+02

JOB 1
COORDS -3.1890047811e+00 -1.9536451088e+00 -1.0581188215e+00 -2.2932056176e+00 -2.9228031281e+00  9.0061572923e-01 -3.3462667909e+00 -2.8700433336e+00 -1.4093650209e-02 -2.0632277087e+00 -1.1294896979e+00 -1.1608144973e+00 -1.0742663385e+00 -1.2361625854e+00 -1.4415281282e-01  4.0217317667e-01  3.6756072832e-02 -5.3367132673e+00 -2.0867460531e-01  1.2919416699e+00 -4.7446275574e+00  1.1375506659e+00 -7.0972090286e-01  1.0756796915e+00  1.4859033661e+00 -1.2479942949e+00 -2.8749492068e-01 -8.8727622161e-01 -4.7302853892e-02 -4.5584392496e+00  2.0631923672e-01 -4.3734282255e-01 -9.4996725894e-02 -4.5655670202e+00 -3.7494198004e+00  1.1154178752e-01  2.3114652914e-01  9.8423538839e-01 -6.3490992753e-01 -1.9683610598e+00 -2.5347805552e-01 -2.3943777536e+00 -1.2128610443e+00 -2.1413814526e+00  8.4148248215e-01 -8.4217048948e-01 -6.5209224248e-01 -3.2506366849e+00 -3.9588424056e+00 -1.8847851529e+00 -1.8258512134e+00 -2.3230265985e+00 -3.6321048506e+00  1.7289989864e+00  3.6236533975e-01 -1.0151458991e-01 -6.4131958674e+00  1.2886794913e+00 -3.5852368795e-01 -4.8506825888e+00  2.8335675266e-01  1.7202419957e+00 -3.8776095331e+00 -6.6901069456e-01  2.0107737141e+00 -5.4161779497e+00  8.0325276149e-01 -1.4178096853e+00  1.8231290632e+00  1.7006359429e+00  1.4046016330e-01  1.4499959175e+00  2.2842218456e+00 -7.8091907811e-01 -8.5857782788e-01  1.3734708134e+00 -2.3163700397e+00 -4.4562082453e-01 -1.8000646945e+00 -2.0040624439e-01 -5.1445429004e+00 -4.7592221316e+00 -4.2996366455e+00 -8.1577957785e-01 -4.4434736434e+00 -4.4802489379e+00  9.1620267156e-01 -5.4612270104e+00 -3.1574798079e+00  3.3272718706e-01  1.1579364048e+00  1.4770937605e+00 -3.2506181261e-01 -6.0006590981e-01  1.5781916231e+00 -2.3801608618e-01  2.0069407493e-01  1.0015126254e+00 -1.7244992481e+00 -2.9294072610e+00 -3.2221061679e-01 -2.9314999654e+00 -1.8435281152e+00  8.0088620895e-01 -2.1359284125e+00 -8.3351783684e-01 -1.6666198554e+00 -3.3400026229e+00
ENERGY -6.550879970073e+02

JOB 2
COORDS -3.2220429557e+00 -1.9960717057e+00 -1.0458468855e+00 -2.3646831724e+00 -2.8337064026e+00  9.9251954015e-01 -3.3997454048e+00 -2.8390636518e+00  5.6597870585e-02 -2.0895024219e+00 -1.1887472493e+00 -1.1826821839e+00 -1.1142295769e+00 -1.2408339978e+00 -1.4900806159e-01  5.8856561489e-01  7.4357941268e-02 -5.2018994485e+00 -1.3778068950e-01  1.2921439475e+00 -4.6647981832e+00  1.2322867420e+00 -8.3158115455e-01  8.4152364112e-01  1.4149192429e+00 -1.1658786378e+00 -6.1870489511e-01 -7.4837767909e-01 -8.4708959527e-02 -4.5218006151e+00  1.6230147631e-01 -4.3420109750e-01 -1.5695666764e-01 -4.6261685558e+00 -3.7022911226e+00  2.2037115473e-01  7.4476711317e-02  1.0467070012e+00 -4.9697054689e-01 -1.9739076698e+00 -3.5935925521e-01 -2.4464205145e+00 -1.2731342167e+00 -2.0680907022e+00  8.9775198349e-01 -7.6303900486e-01 -6.8104994316e-01 -3.2102599223e+00 -3.9806386633e+00 -1.9741388336e+00 -1.8274121992e+00 -2.4174013422e+00 -3.4801499490e+00  1.8696226784e+00  6.3791403366e-01 -6.7830336981e-02 -6.2774777097e+00  1.4577515989e+00 -2.6697357639e-01 -4.6483778267e+00  2.6183519728e-01  1.7478489014e+00 -3.7647737195e+00 -5.8698198630e-01  1.9822346756e+00 -5.3730472585e+00  1.0001773686e+00 -1.6407047749e+00  1.5228102798e+00  1.8304747318e+00 -2.8100023955e-02  1.2621346044e+00  2.1250665597e+00 -5.9779250965e-01 -1.2138351625e+00  1.3054300644e+00 -2.2052180786e+00 -9.1438435305e-01 -1.6038480378e+00 -2.9366582352e-01 -5.1736826844e+00 -4.8041055607e+00 -4.3167182494e+00 -6.6899161048e-01 -4.5243925919e+00 -4.3739178480e+00  1.0776622776e+00 -5.5226054534e+00 -3.0920100171e+00  3.7987239514e-01  1.0104773314e+00  1.5450967287e+00 -2.2573513010e-01 -7.3170860283e-01  1.5352921034e+00  6.2130406165e-02 -8.1748097106e-02  1.2122944773e+00 -1.5634975945e+00 -2.8879050156e+00 -5.2336328579e-01 -3.0427109852e+00 -1.9556572260e+00  7.1029851666e-01 -2.2160230956e+00 -6.7454126864e-01 -1.6924892333e+00 -3.2890523594e+00
ENERGY -6.550883298454e+02

JOB 3
COORDS -3.1918237522e+00 -1.8660529230e+00 -1.0922041154e+00 -2.2934669886e+00 -2.9016842994e+00  8.4083328643e-01 -3.3326799993e+00 -2.8343650969e+00 -9.0624663425e-02 -2.0921839320e+00 -1.0066568484e+00 -1.1192821724e+00 -1.1549540470e+00 -1.0975308034e+00 -6.0926855876e-02  2.8913626627e-01 -6.3496681759e-01 -5.4144977795e+00  3.5794823092e-01  6.4896189078e-01 -4.6108577612e+00  1.2906178402e+00 -7.2388024078e-01  6.7645248941e-01  1.2406987610e+00 -5.4171174997e-01 -8.2490846770e-01 -8.8742264133e-01 -2.0699819045e-01 -4.5716245308e+00  3.8539969263e-02 -1.7953370035e-01  3.8108479338e-02 -4.5186802590e+00 -3.7651854262e+00 -3.3460550684e-02 -2.6362187866e-01  1.3011370913e+00  2.3891788796e-01 -1.8796740488e+00 -1.6035625388e-01 -2.3551174137e+00 -1.2452904265e+00 -2.0688688058e+00  8.6042821777e-01 -1.1346892516e+00 -9.4180234002e-01 -3.3566773619e+00 -3.9395896362e+00 -1.7954453398e+00 -1.8827645804e+00 -2.3048483214e+00 -3.6700800708e+00  1.6147468863e+00  1.9864344030e-01 -5.6531545003e-01 -6.4946196496e+00  8.6612844239e-01 -1.4792169854e+00 -5.0503947767e+00  9.7498734722e-01  6.4077438953e-01 -3.7180678312e+00  3.1724487276e-01  1.5956554512e+00 -5.1416771216e+00  1.2442220126e+00 -1.7309565669e+00  1.0746171042e+00  1.8944486279e+00 -2.9758885314e-02  1.2549663405e+00  1.8030616524e+00  2.7642219381e-01 -1.2688128750e+00  1.1552412151e+00 -1.4227281470e+00 -1.4522454350e+00 -1.7571425190e+00  1.8652166700e-01 -5.1089793641e+00 -4.6626598278e+00 -4.2885591376e+00 -9.8514428134e-01 -4.3917935803e+00 -4.5192022211e+00  7.4860907901e-01 -5.4430536160e+00 -3.2161566813e+00  1.7979986300e-01  6.6419769311e-01  1.8825362518e+00  2.3024468407e-01 -7.4936526353e-01  1.4645611432e+00  1.2082258430e+00 -9.1977919074e-01  1.7152189198e+00 -5.3018156688e-01 -2.8570473373e+00  1.8525102728e-01 -2.7365301297e+00 -1.2874490324e+00  7.2882610057e-01 -2.1482366821e+00 -1.6404813909e+00 -1.8016138500e+00 -3.5633483580e+00
ENERGY -6.550889930346e+02

JOB 4
COORDS -3.1012635157e+00 -1.9436184805e+00 -1.1167164288e+00 -2.3037401343e+00 -2.8474026226e+00  9.2742840002e-01 -3.2867256448e+00 -2.8510194961e+00 -6.6801665404e-02 -1.9991838997e+00 -1.0873101876e+00 -1.1424175604e+00 -1.0947188974e+00 -1.1400501586e+00 -5.6667210167e-02  3.1694897632e-01 -6.5836065318e-01 -5.4866176744e+00  3.9944683879e-01  6.2126647317e-01 -4.6773871246e+00  1.3855543487e+00 -7.7142399111e-01  5.4598525111e-01  1.2413769705e+00 -4.1540664081e-01 -9.1916524267e-01 -8.3681913829e-01 -2.4596087188e-01 -4.6055724067e+00  8.3550796191e-02 -2.0505931019e-01  4.1714037374e-02 -4.4728119521e+00 -3.7822615433e+00 -1.1504284392e-02 -2.7493603752e-01  1.2215282822e+00  4.3843473129e-01 -1.7726298008e+00 -2.2614435466e-01 -2.3644944495e+00 -1.2478477697e+00 -2.0240208756e+00  9.4095323319e-01 -1.0438537226e+00 -9.9174532771e-01 -3.3895771631e+00 -3.8234282036e+00 -1.9077849318e+00 -1.9330690574e+00 -2.3722557287e+00 -3.5465565404e+00  1.7616778522e+00  1.9276198352e-01 -5.8327516593e-01 -6.5630098441e+00  9.1231024767e-01 -1.4996332516e+00 -5.1458443217e+00  1.0446658168e+00  6.1388283402e-01 -3.8050001845e+00  3.3370867151e-01  1.5706509674e+00 -5.2007735294e+00  1.3951088755e+00 -1.8203144915e+00  8.2232159902e-01  2.0019142639e+00 -1.3174063119e-01  1.1721014574e+00  1.7522593883e+00  4.7134535348e-01 -1.2875381680e+00  1.1517797462e+00 -1.2180991619e+00 -1.6435950356e+00 -1.7255591001e+00  1.4410271240e-01 -5.1134887830e+00 -4.5371299314e+00 -4.4008674044e+00 -9.1355713115e-01 -4.4091819858e+00 -4.4524606845e+00  8.5043422591e-01 -5.4122966947e+00 -3.2235911291e+00  6.8481422155e-02  6.2040444416e-01  1.8517688360e+00  4.6309882257e-01 -7.2800847994e-01  1.2391692670e+00  1.4361577575e+00 -9.8616530130e-01  1.6778684815e+00 -2.5811396682e-01 -2.7453459042e+00  1.4358644788e-01 -2.7352810175e+00 -1.1681183652e+00  6.4975385550e-01 -2.1280825747e+00 -1.5469323143e+00 -1.8544730370e+00 -3.5907442011e+00
ENERGY -6.550914545912e+02

JOB 5
COORDS -3.1170691622e+00 -1.9996944862e+00 -1.1512913067e+00 -2.4381443500e+00 -2.7653508626e+00  9.9069107094e-01 -3.3591405650e+00 -2.8410347499e+00 -5.9893013801e-02 -2.0090243591e+00 -1.1492122510e+00 -1.1738871149e+00 -1.1452547520e+00 -1.1607280018e+00 -5.6226594213e-02  3.2104743164e-01 -6.8716386430e-01 -5.5252005441e+00  3.6023707404e-01  6.0618449514e-01 -4.7347397405e+00  1.3631340258e+00 -8.3670864960e-01  4.3527036144e-01  1.1457885791e+00 -3.0141517157e-01 -9.6517486557e-01 -8.4120518475e-01 -3.0675731203e-01 -4.6409974974e+00  3.3366944373e-02 -2.2924834133e-01  6.1791874734e-02 -4.5474474935e+00 -3.7699578050e+00 -1.1121903671e-02 -3.2488593240e-01  1.1223166993e+00  6.6395932351e-01 -1.7678544052e+00 -2.9271682891e-01 -2.3962604423e+00 -1.3740029132e+00 -1.9544832895e+00  1.0023594488e+00 -1.0139139484e+00 -1.0435727473e+00 -3.4139018027e+00 -3.8067915736e+00 -1.9995638722e+00 -1.9959695682e+00 -2.5701244617e+00 -3.3906502880e+00  1.8745407642e+00  1.8616541865e-01 -6.3252011094e-01 -6.6015347744e+00  9.5097726958e-01 -1.5000213692e+00 -5.1776073941e+00  1.0132320062e+00  6.3800268180e-01 -3.8687906975e+00  2.5302576064e-01  1.5444811105e+00 -5.2710740506e+00  1.3992955585e+00 -1.9126145776e+00  5.7301689798e-01  2.0008871965e+00 -2.7339055734e-01  1.1113063055e+00  1.6321462418e+00  6.3201785534e-01 -1.2398674533e+00  1.0345319552e+00 -1.0104975853e+00 -1.7787962832e+00 -1.7475631951e+00  4.2478835621e-02 -5.1474166142e+00 -4.5186455556e+00 -4.4967523741e+00 -8.3076775560e-01 -4.5743159242e+00 -4.3281135680e+00  9.2901857792e-01 -5.4889193726e+00 -3.2162636009e+00 -9.9031658174e-02  5.6388980947e-01  1.7559414609e+00  7.5534018881e-01 -7.5641478068e-01  9.9230298384e-01  1.6622619986e+00 -1.0568017723e+00  1.6563524893e+00  4.6035162334e-02 -2.7400213946e+00  6.1938221896e-02 -2.7824680320e+00 -1.1839540994e+00  5.9397517050e-01 -2.1426223831e+00 -1.4865114544e+00 -1.9263092007e+00 -3.6020307589e+00
ENERGY -6.550920614914e+02

JOB 6
COORDS -3.1002066998e+00 -2.0341985763e+00 -1.1767066436e+00 -2.5278450638e+00 -2.6660317205e+00  1.0373292613e+00 -3.3904165233e+00 -2.8164030475e+00 -5.5309027811e-02 -1.9959558294e+00 -1.1757515278e+00 -1.1966203441e+00 -1.1747986506e+00 -1.1345990730e+00 -4.8571052763e-02  3.4384574223e-01 -7.5319361831e-01 -5.5621197712e+00  3.1266704657e-01  5.7410998352e-01 -4.8297800179e+00  1.3620956830e+00 -8.7183072792e-01  3.0510474994e-01  1.0674299246e+00 -1.3727520494e-01 -9.8553717893e-01 -8.3264482412e-01 -4.0243283289e-01 -4.6846982960e+00  1.2758347363e-02 -2.1861628347e-01  9.7850214064e-02 -4.5731356927e+00 -3.7526876170e+00 -1.2459111439e-02 -2.8996343929e-01  1.0200876965e+00  9.2898736737e-01 -1.7496801243e+00 -3.4549873426e-01 -2.4365842785e+00 -1.4668777812e+00 -1.8543585665e+00  1.0492150142e+00 -9.5701161080e-01 -1.0941983277e+00 -3.4258006422e+00 -3.7549720997e+00 -2.0773722977e+00 -2.0476540761e+00 -2.7092666756e+00 -3.2284936660e+00  1.9541817384e+00  1.9870707703e-01 -7.5448847007e-01 -6.6384944497e+00  1.0228635815e+00 -1.5116566156e+00 -5.1852220400e+00  9.7034210964e-01  6.8445069067e-01 -3.9738169858e+00  1.4576867483e-01  1.4795098952e+00 -5.4058805288e+00  1.4065317399e+00 -1.9561312670e+00  2.7236650283e-01  2.0344095897e+00 -4.1437704937e-01  1.0260255752e+00  1.5399548035e+00  8.2905187698e-01 -1.1470213489e+00  9.2295556997e-01 -7.3092815802e-01 -1.8820489089e+00 -1.7609970265e+00 -1.2829192755e-01 -5.1973076513e+00 -4.4868515183e+00 -4.5376552583e+00 -7.7226941641e-01 -4.6554010599e+00 -4.2407027870e+00  9.6285631076e-01 -5.5111589629e+00 -3.2184602287e+00 -2.0023223189e-01  6.1034473731e-01  1.6293548514e+00  1.0628695055e+00 -6.6117975168e-01  7.2996737317e-01  1.9170340594e+00 -1.0516836627e+00  1.6458042709e+00  4.4743097327e-01 -2.7249501657e+00 -3.1606458636e-02 -2.8486013207e+00 -1.2017880531e+00  5.6652710839e-01 -2.1904508651e+00 -1.3768194741e+00 -2.0108229838e+00 -3.5721940932e+00
ENERGY -6.550913772500e+02

JOB 7
COORDS -3.0883033545e+00 -2.0597856185e+00 -1.1984572030e+00 -2.6079884757e+00 -2.5701362029e+00  1.0645312147e+00 -3.4183009907e+00 -2.7919215242e+00 -5.5915974104e-02 -1.9927845259e+00 -1.1877453949e+00 -1.2172585932e+00 -1.2095157827e+00 -1.0919357612e+00 -4.4880877866e-02  4.0031240609e-01 -8.0766492541e-01 -5.5713163011e+00  2.5680706068e-01  5.5567263024e-01 -4.9234707845e+00  1.3477585080e+00 -8.7905868500e-01  1.4306700078e-01  9.8100666436e-01  5.3292426263e-02 -9.8925600864e-01 -8.0524457698e-01 -5.0109423797e-01 -4.7174483835e+00 -9.9690455479e-03 -1.9528988015e-01  1.2778145322e-01 -4.5912953112e+00 -3.7403845213e+00 -1.6594915792e-02 -2.1287452245e-01  8.8593142189e-01  1.1807270043e+00 -1.7480744690e+00 -3.9208882407e-01 -2.4809780842e+00 -1.5550177679e+00 -1.7512434402e+00  1.0772305283e+00 -8.8204239254e-01 -1.1244981763e+00 -3.4194168070e+00 -3.7098661365e+00 -2.1457664267e+00 -2.0902129083e+00 -2.8299294809e+00 -3.0771774224e+00  2.0046070849e+00  2.6103907529e-01 -8.8820794273e-01 -6.6454268284e+00  1.1377703394e+00 -1.4824328193e+00 -5.1479370751e+00  9.0120658048e-01  7.7421475274e-01 -4.0781916837e+00  1.7876094581e-02  1.4065059103e+00 -5.5547066250e+00  1.3811219915e+00 -1.9420330071e+00 -7.6839862558e-02  2.0623519268e+00 -5.4899136259e-01  8.9219676896e-01  1.4490478589e+00  1.0343491514e+00 -1.0219510450e+00  8.0129246781e-01 -4.0552946316e-01 -1.9547246779e+00 -1.7500861060e+00 -3.3580775638e-01 -5.2461568189e+00 -4.4527239240e+00 -4.5735447931e+00 -7.1495357974e-01 -4.7236397512e+00 -4.1631132440e+00  9.8342031756e-01 -5.5230082253e+00 -3.2344396326e+00 -2.9291250022e-01  7.0843721303e-01  1.4589766417e+00  1.3295846038e+00 -5.0063339596e-01  4.3236132937e-01  2.1329265546e+00 -1.0008174744e+00  1.5885485637e+00  8.8206659309e-01 -2.7264767945e+00 -1.5620703459e-01 -2.9343004229e+00 -1.2696849123e+00  5.6298381446e-01 -2.2526662349e+00 -1.2175114130e+00 -2.0818840714e+00 -3.5121693713e+00
ENERGY -6.550897761863e+02

JOB 8
COORDS -3.1070013794e+00 -2.0770870017e+00 -1.2092631885e+00 -2.7036044649e+00 -2.4702598507e+00  1.0869330030e+00 -3.4704552434e+00 -2.7600867625e+00 -4.7134695185e-02 -2.0204319444e+00 -1.1933280340e+00 -1.2378134785e+00 -1.2669649279e+00 -1.0405719730e+00 -4.8630544260e-02  4.7840864683e-01 -8.5972027989e-01 -5.5465903644e+00  1.9071019350e-01  5.2778860480e-01 -5.0072342027e+00  1.3016843988e+00 -8.5407767566e-01 -8.4865284417e-02  8.6213077484e-01  2.6684079214e-01 -9.9441027105e-01 -7.6884107214e-01 -6.0949750067e-01 -4.7356021525e+00 -4.7093673588e-02 -1.7164269791e-01  1.3565120951e-01 -4.6349627052e+00 -3.7185000147e+00 -2.9178072791e-03 -1.0362012504e-01  7.1241366209e-01  1.3759613248e+00 -1.7808960349e+00 -4.4443843969e-01 -2.5316487530e+00 -1.6572962427e+00 -1.6441380123e+00  1.0913696128e+00 -8.1662705283e-01 -1.1431509534e+00 -3.3966092672e+00 -3.6998007469e+00 -2.2077004779e+00 -2.1148566665e+00 -2.9571461181e+00 -2.9240953461e+00  2.0461387044e+00  3.7054056261e-01 -1.0342233987e+00 -6.6131063743e+00  1.2684983561e+00 -1.4249693100e+00 -5.0621764491e+00  7.9600040297e-01  8.7181517199e-01 -4.1748912769e+00 -1.1671355692e-01  1.3014270681e+00 -5.7046705779e+00  1.2960964766e+00 -1.8555534721e+00 -5.0508318496e-01  2.0736512183e+00 -6.7468754944e-01  6.5845061627e-01  1.3349195544e+00  1.2393748455e+00 -8.8296920740e-01  6.3370054785e-01 -2.4488234348e-02 -2.0105149792e+00 -1.7131936038e+00 -5.7626336787e-01 -5.2892692889e+00 -4.4580475920e+00 -4.5893563586e+00 -6.4439972616e-01 -4.8064794147e+00 -4.0839548565e+00  1.0136316064e+00 -5.5587055270e+00 -3.2411124491e+00 -3.4815667095e-01  8.3564141746e-01  1.2623963150e+00  1.4955118049e+00 -2.7439845771e-01  1.0608101810e-01  2.2673985358e+00 -9.1484381852e-01  1.4469783071e+00  1.3011754481e+00 -2.7543229159e+00 -3.1905324501e-01 -3.0356090519e+00 -1.4024230209e+00  5.6162904262e-01 -2.3356117300e+00 -1.0481271670e+00 -2.1346585798e+00 -3.4259546953e+00
ENERGY -6.550871816478e+02

JOB 9
COORDS -3.1701602676e+00 -2.0450419588e+00 -1.1863554326e+00 -2.7429343233e+00 -2.3833228740e+00  1.1092864046e+00 -3.5300855261e+00 -2.6924123576e+00 -1.9053232413e-03 -2.0809746782e+00 -1.1685935477e+00 -1.2571209033e+00 -1.3167274464e+00 -9.7101020128e-01 -7.5100637372e-02  6.8493316340e-01 -9.4179958460e-01 -5.4051626688e+00  2.5695090875e-01  4.5860773643e-01 -5.0122143159e+00  1.2320574305e+00 -6.7403417717e-01 -5.0369724692e-01  6.5246535826e-01  6.2004892886e-01 -1.0113548745e+00 -6.2995954264e-01 -7.2644851707e-01 -4.6984811641e+00 -6.9319581348e-02 -1.3421441878e-01  9.2462539073e-02 -4.7013457798e+00 -3.6397491161e+00  7.8852198305e-02  8.7880140259e-02  4.6246255505e-01  1.4882854019e+00 -1.8392198759e+00 -5.1188913726e-01 -2.6002143132e+00 -1.6929341580e+00 -1.5617215582e+00  1.0760716954e+00 -7.3204030448e-01 -1.1543318546e+00 -3.3246731394e+00 -3.7654091798e+00 -2.2083084839e+00 -2.0844999383e+00 -2.9760166383e+00 -2.8184105481e+00  2.0823536552e+00  6.6417386124e-01 -1.2163671595e+00 -6.4557152831e+00  1.4814491328e+00 -1.3950351414e+00 -4.8233151794e+00  7.8169743614e-01  9.1858177877e-01 -4.1815192040e+00 -6.0672100128e-02  1.1423587729e+00 -5.7939526845e+00  1.1570391667e+00 -1.5211680024e+00 -1.1779288514e+00  2.1094802855e+00 -6.6124995995e-01  1.3741869923e-01  1.1209967079e+00  1.5536137254e+00 -7.1212058608e-01  2.9117192739e-01  6.0224137847e-01 -2.0263848878e+00 -1.5324775556e+00 -8.1766333130e-01 -5.3122277385e+00 -4.5488342779e+00 -4.5169857229e+00 -5.6021321358e-01 -4.8503262553e+00 -3.9955571762e+00  1.1023750769e+00 -5.6293039087e+00 -3.1564565754e+00 -2.4653417617e-01  1.0124186380e+00  1.0462634412e+00  1.5440893748e+00  1.1732509464e-01 -3.1822702057e-01  2.2494061180e+00 -7.4858210742e-01  1.1298454421e+00  1.7250342343e+00 -2.7792201098e+00 -5.6250603690e-01 -3.1752376421e+00 -1.6140611561e+00  5.5114459237e-01 -2.4860300941e+00 -8.5852596874e-01 -2.1646300394e+00 -3.2892323138e+00
ENERGY -6.550849048535e+02

JOB 10
COORDS -3.2112111423e+00 -2.0521134914e+00 -1.1549991838e+00 -2.7631091370e+00 -2.3413443593e+00  1.1403962889e+00 -3.5721174812e+00 -2.6601815313e+00  5.0926169152e-02 -2.1107023122e+00 -1.1960485977e+00 -1.2667745925e+00 -1.3370579776e+00 -9.6081407107e-01 -9.1091406425e-02  8.0954407652e-01 -1.0520731839e+00 -5.3021382502e+00  4.1115400943e-01  3.4460439839e-01 -4.8667322073e+00  1.1210086724e+00 -3.9634894091e-01 -8.5039891057e-01  3.9604749868e-01  9.2231990911e-01 -9.3674657665e-01 -5.4303340040e-01 -8.1413848429e-01 -4.6781522272e+00 -8.0039406690e-02 -1.3028321420e-01  5.6121510193e-02 -4.7617436374e+00 -3.5800550594e+00  1.6855042345e-01  2.8757915270e-01  1.7917377321e-01  1.5042001714e+00 -1.8691049706e+00 -6.2506961114e-01 -2.6515020276e+00 -1.7036615098e+00 -1.5325141391e+00  1.0718775356e+00 -7.5098097297e-01 -1.2919569161e+00 -3.3334119341e+00 -3.8132236322e+00 -2.2400183677e+00 -2.0436578497e+00 -2.9805290785e+00 -2.7570168263e+00  2.1255146541e+00  8.5200794658e-01 -1.2730193041e+00 -6.3646157791e+00  1.5442238096e+00 -1.5689649303e+00 -4.6925760631e+00  8.8701769860e-01  7.3446325311e-01 -3.9729060254e+00  1.8200058101e-01  1.0803182291e+00 -5.6321057565e+00  9.7546573229e-01 -1.0743554973e+00 -1.6829167215e+00  2.0930069031e+00 -4.3220910325e-01 -3.6523623423e-01  8.5901560855e-01  1.8013244225e+00 -4.9721935353e-01 -1.5896429227e-01  1.1324081046e+00 -1.8380675441e+00 -1.4035163336e+00 -8.4065158150e-01 -5.3552220552e+00 -4.6717955181e+00 -4.4373470061e+00 -5.0803558161e-01 -4.8609727110e+00 -3.9670415237e+00  1.1867811577e+00 -5.6934840496e+00 -3.0613580496e+00 -8.4290726864e-02  1.1889898657e+00  8.0036696268e-01  1.5308337214e+00  4.7620007818e-01 -7.3380108797e-01  2.0720647300e+00 -5.1836644571e-01  7.2036837336e-01  2.0097489713e+00 -2.8074967784e+00 -7.2394583852e-01 -3.2234070968e+00 -1.6603128896e+00  4.4391279929e-01 -2.6188505645e+00 -9.2349637618e-01 -2.2963035348e+00 -3.3445794647e+00
ENERGY -6.550841282120e+02

JOB 11
COORDS -3.1377941549e+00 -1.9409863058e+00 -1.2248158048e+00 -2.7313868317e+00 -2.3917914976e+00  1.0543013455e+00 -3.5323327218e+00 -2.6151854275e+00 -6.5095957301e-02 -2.0234433306e+00 -1.0970934654e+00 -1.2594750304e+00 -1.2973604200e+00 -9.1784511288e-01 -4.5791817900e-02  7.2370591328e-01 -1.4481499064e+00 -5.3984719301e+00  4.8052006251e-01  5.5976864734e-03 -5.0429848493e+00  9.2247256753e-01  1.8777998883e-01 -9.4424759719e-01  2.3630825978e-02  1.3192990526e+00 -5.0992648480e-01 -5.6121819169e-01 -1.0423837893e+00 -4.7197244880e+00 -8.6650516560e-02 -4.2432073590e-02  1.7175522414e-01 -4.7361376612e+00 -3.5234724677e+00 -2.8426057605e-02  4.7562730370e-01 -7.9257291425e-02  1.5857984564e+00 -1.6844645329e+00 -5.3361838189e-01 -2.6285864003e+00 -1.6684919654e+00 -1.5834018564e+00  1.0637849753e+00 -7.3080963334e-01 -1.4062146836e+00 -3.3346827888e+00 -3.7139436283e+00 -2.0766579284e+00 -2.1402967146e+00 -2.9575488230e+00 -2.8898715072e+00  1.9982536502e+00  6.8155405527e-01 -1.7397338880e+00 -6.4438280096e+00  1.4417072881e+00 -1.9932454344e+00 -4.7938086071e+00  1.0408258991e+00  4.1469298339e-01 -4.2083414968e+00  2.7043277515e-01  7.0644460347e-01 -5.8455701551e+00  7.4331524228e-01 -3.0350957030e-01 -1.8928850150e+00  1.9661484506e+00  2.2729867158e-01 -6.4347061265e-01  4.5540138141e-01  2.1139880580e+00  9.2106997077e-02 -7.7252140893e-01  1.6552446249e+00 -1.1632245486e+00 -1.4610532557e+00 -1.0276624536e+00 -5.3440038299e+00 -4.6316636287e+00 -4.3538944629e+00 -7.3595477250e-01 -4.8769716821e+00 -3.9504431810e+00  9.6867607833e-01 -5.6516988696e+00 -2.9826560333e+00 -2.9313141014e-01  1.3466319946e+00  5.8150892118e-01  1.6518052862e+00  7.8539164611e-01 -1.0895829712e+00  1.8663217751e+00 -2.6771387236e-01  2.4984597978e-01  2.3165968471e+00 -2.6272370451e+00 -4.2765829934e-01 -3.1920125932e+00 -1.2463982437e+00  4.6181711595e-01 -2.5878707675e+00 -1.0396235475e+00 -2.3742755714e+00 -3.2618991271e+00
ENERGY -6.550858551636e+02

JOB 12
COORDS -3.1523802877e+00 -1.9857481789e+00 -1.2215568608e+00 -2.8433999310e+00 -2.3017786447e+00  1.0953389358e+00 -3.5942349902e+00 -2.5943575191e+00 -4.3211852203e-02 -2.0285760742e+00 -1.1539790928e+00 -1.2604579002e+00 -1.3249737418e+00 -9.4356669076e-01 -3.9524276972e-02  7.6778625264e-01 -1.4392399520e+00 -5.3858169382e+00  4.4300752514e-01  9.2809286282e-03 -5.0772728516e+00  8.0787394090e-01  3.3201310869e-01 -9.6271194898e-01 -1.2057141916e-01  1.3610648189e+00 -3.6642670080e-01 -5.3332478403e-01 -1.0861236036e+00 -4.7088159376e+00 -1.1698866487e-01 -6.4040579845e-02  1.7854975629e-01 -4.8041215871e+00 -3.4943972039e+00 -2.8815309582e-03  5.7476289182e-01 -2.6371153383e-01  1.5201440475e+00 -1.6832707863e+00 -5.9199179346e-01 -2.6282652367e+00 -1.7672857351e+00 -1.5118305992e+00  1.0981651508e+00 -6.7269858427e-01 -1.4148393909e+00 -3.3119235248e+00 -3.7040482079e+00 -2.1554954587e+00 -2.1462148629e+00 -3.1269674375e+00 -2.7219880704e+00  2.0614508928e+00  7.3453339312e-01 -1.7686201169e+00 -6.4201964307e+00  1.5213283662e+00 -1.9202898379e+00 -4.7701542087e+00  9.8659586800e-01  4.7809693178e-01 -4.2633176964e+00  1.8593292714e-01  6.6906825005e-01 -5.9007237474e+00  6.2020570446e-01 -7.1783796777e-02 -1.9477852931e+00  1.8615079194e+00  4.0215331700e-01 -7.0636921118e-01  2.9963023616e-01  2.1283408175e+00  2.7836975394e-01 -9.8100651766e-01  1.6896611371e+00 -9.4030181216e-01 -1.4367694162e+00 -1.1445011746e+00 -5.3253527910e+00 -4.6625832649e+00 -4.3813063935e+00 -6.3101966204e-01 -5.0063937887e+00 -3.8367443004e+00  1.0160603600e+00 -5.6988983297e+00 -2.9767222450e+00 -3.6625905746e-01  1.4540099129e+00  3.8624963512e-01  1.5821914534e+00  9.0432239390e-01 -1.3006390079e+00  1.6370425222e+00 -8.9532446980e-02 -3.3704731487e-02  2.3560663472e+00 -2.6182766071e+00 -5.3929726988e-01 -3.2112734121e+00 -1.3066322255e+00  4.3056352234e-01 -2.5790804656e+00 -9.1043193070e-01 -2.3994793608e+00 -3.2052968304e+00
ENERGY -6.550856862248e+02

JOB 13
COORDS -3.1767945072e+00 -1.9952804942e+00 -1.2216189545e+00 -2.8941241333e+00 -2.1941090209e+00  1.1119391371e+00 -3.6391746981e+00 -2.5339169350e+00 -1.8308619816e-02 -2.0356699892e+00 -1.1874554395e+00 -1.2920992281e+00 -1.3301380994e+00 -9.4134709428e-01 -8.1157523870e-02  9.3214798158e-01 -1.4212229366e+00 -5.3071470536e+00  4.6284005631e-01  6.0621152793e-03 -5.1036968750e+00  6.7664235310e-01  5.6267820653e-01 -1.0136263850e+00 -2.3774667693e-01  1.4192085460e+00 -1.7344541339e-01 -4.1575760381e-01 -1.1529171879e+00 -4.6853689382e+00 -1.0784101617e-01 -7.3981891926e-02  1.1852391552e-01 -4.8653118873e+00 -3.4094008264e+00  5.7246676959e-02  7.4413414636e-01 -4.7087556643e-01  1.3185259900e+00 -1.6839203920e+00 -6.6610329953e-01 -2.6727884665e+00 -1.7997992433e+00 -1.4320770719e+00  1.0824640350e+00 -5.6666380253e-01 -1.4072896209e+00 -3.2745836133e+00 -3.7249857240e+00 -2.2004772117e+00 -2.1407512155e+00 -3.1995193785e+00 -2.5506488742e+00  2.0968589657e+00  9.6110012110e-01 -1.8185273379e+00 -6.3175086576e+00  1.7095605335e+00 -1.7856705115e+00 -4.6430216737e+00  9.3872988736e-01  5.7562372967e-01 -4.3120800482e+00  1.6843008977e-01  5.8384377266e-01 -5.9749070952e+00  4.2961769466e-01  3.3728551719e-01 -2.0382993900e+00  1.7450665630e+00  6.5291077731e-01 -8.3795160875e-01  1.9442452961e-01  2.1097849123e+00  5.4607618315e-01 -1.1692211148e+00  1.7584856813e+00 -6.1824855414e-01 -1.2900397804e+00 -1.3370078765e+00 -5.3192127131e+00 -4.7329375810e+00 -4.3313172644e+00 -5.2039638557e-01 -5.0839127234e+00 -3.6925413131e+00  1.0908869155e+00 -5.7469874892e+00 -2.8970025560e+00 -3.4360255102e-01  1.6045969983e+00  2.0066148515e-01  1.4048364798e+00  1.1214119809e+00 -1.4920465902e+00  1.1963673174e+00  1.7502477738e-01 -4.3346504182e-01  2.2489030140e+00 -2.5923590168e+00 -7.3647444345e-01 -3.2943652289e+00 -1.4255221535e+00  3.9632030912e-01 -2.6527915191e+00 -6.9788605087e-01 -2.4037042683e+00 -3.1105593983e+00
ENERGY -6.550835870826e+02

JOB 14
COORDS -4.9608320758e+00 -6.9332538868e-01 -4.6960438154e+00 -6.8353124953e+00 -2.0465795248e+00 -5.2217599279e+00 -6.1661981527e+00 -8.2968758514e-01 -5.3886460985e+00 -4.4834128695e+00 -1.7071858194e+00 -3.8556883843e+00 -5.3028822890e+00 -2.8477806058e+00 -3.6758175280e+00 -8.5445392288e-01  6.7711283559e-01 -2.3565711756e+00 -2.2975751054e-01  8.5330080799e-01 -3.7273662689e+00 -4.1531839146e+00 -3.9173221193e+00 -1.5101921517e+00 -5.6520441846e+00 -3.8813755185e+00 -1.3508406163e+00 -9.6921469557e-01 -4.1814830663e-01 -3.3919775423e+00 -5.0318653657e+00 -4.0048099776e+00 -2.7434157520e+00 -6.7026345430e+00  2.5853687761e-01 -6.2860392158e+00 -5.2107561968e+00 -5.3767242741e+00 -3.3820165182e+00 -3.0977164441e+00 -1.5590616820e+00 -3.2469070471e+00 -6.4236376689e+00 -3.0150894207e+00 -4.4023567782e+00 -2.2625791139e+00 -6.1564004836e-01 -3.9992053098e+00 -4.3539128621e+00  1.9923949245e-01 -4.8208542606e+00 -7.7487490669e+00 -2.2509639627e+00 -5.7819643526e+00 -1.9977892009e-01  5.1634665702e-01 -1.5050993574e+00 -1.7578549048e+00  1.2424783816e+00 -2.1488234273e+00 -7.2204920560e-01  1.5368222819e+00 -4.4121221527e+00  8.5204000605e-01  8.1025701811e-01 -3.8130681973e+00 -3.6133046208e+00 -3.0096772943e+00 -1.2762279857e+00 -3.6258822371e+00 -4.8247655992e+00 -1.2278903808e+00 -6.1678898293e+00 -4.7522902703e+00 -9.5605222381e-01 -6.1020972841e+00 -2.9292871315e+00 -1.0853438521e+00 -3.5552071251e-01 -1.3081783196e+00 -3.2181923552e+00 -5.9461555797e+00  5.9388498957e-01 -7.0037458284e+00 -7.5734542546e+00 -8.7303928061e-02 -6.8507159774e+00 -7.0100591128e+00  1.1351306829e+00 -5.7041719188e+00 -5.0865852750e+00 -6.1675726858e+00 -2.6347904365e+00 -4.4709334407e+00 -5.5443156748e+00 -4.1742356142e+00 -6.2058750530e+00 -5.4584994326e+00 -3.8225945813e+00 -3.1661963245e+00 -1.1673687688e+00 -2.2244222312e+00 -2.6296372245e+00 -2.5505071010e+00 -3.1709518322e+00 -2.1427049201e+00 -9.5788307642e-01 -4.9520297540e+00
ENERGY -6.550853028264e+02

JOB 15
COORDS -4.9974090777e+00 -6.7112506907e-01 -4.6614544532e+00 -6.9174024804e+00 -1.9896401945e+00 -5.1277693651e+00 -6.2184699274e+00 -7.9348373854e-01 -5.3291426630e+00 -4.5303328754e+00 -1.6842918875e+00 -3.8149223405e+00 -5.3658324872e+00 -2.8063261447e+00 -3.6163290192e+00 -8.1643922764e-01  6.3750008975e-01 -2.4385971177e+00 -1.7720086851e-01  6.9747044213e-01 -3.8127342995e+00 -4.3466470301e+00 -3.7970882597e+00 -1.3828844663e+00 -5.8349936062e+00 -4.0535080449e+00 -1.4191112894e+00 -9.6971294364e-01 -5.1828534772e-01 -3.4005821462e+00 -5.0430570697e+00 -3.9730120228e+00 -2.7162488281e+00 -6.7474067222e+00  2.9234523110e-01 -6.2340985911e+00 -4.8808111066e+00 -5.2921617168e+00 -3.4589499675e+00 -3.1460302158e+00 -1.5599395411e+00 -3.2002878594e+00 -6.5100409433e+00 -2.9600787829e+00 -4.3072578857e+00 -2.2664008703e+00 -7.0327545047e-01 -4.0042646389e+00 -4.3741245993e+00  2.0681502542e-01 -4.8092547414e+00 -7.8516199008e+00 -2.1735493937e+00 -5.6599926042e+00 -1.7372524013e-01  5.0722848203e-01 -1.5729110959e+00 -1.6973507785e+00  1.2510980529e+00 -2.2760352519e+00 -6.3730333389e-01  1.3533711079e+00 -4.5452349318e+00  9.0245200273e-01  6.0551989209e-01 -3.8861754441e+00 -4.0265949580e+00 -2.8091544385e+00 -1.0719419027e+00 -3.6880988194e+00 -4.5978790011e+00 -1.0563448974e+00 -6.2095307695e+00 -5.0290748243e+00 -1.1215654506e+00 -6.4939370930e+00 -3.2245083755e+00 -1.1793816500e+00 -3.9376218343e-01 -1.4187800987e+00 -3.1631686184e+00 -5.9990518078e+00  5.9428127459e-01 -6.9747559741e+00 -7.6398044855e+00 -4.0119023469e-02 -6.7724217242e+00 -7.0178787882e+00  1.1870909058e+00 -5.6616631920e+00 -4.7341159819e+00 -6.1197596651e+00 -2.7567429685e+00 -4.0157484517e+00 -5.2661328162e+00 -4.1332122937e+00 -5.7744539753e+00 -5.4926284640e+00 -4.0555450624e+00 -3.2103540345e+00 -1.0994327207e+00 -2.2066399077e+00 -2.7233092754e+00 -2.5630228727e+00 -3.0478727457e+00 -2.1561309384e+00 -1.1105626777e+00 -4.9322645199e+00
ENERGY -6.550884105917e+02

JOB 16
COORDS -5.0266233695e+00 -6.6430869771e-01 -4.6597247618e+00 -7.0012603381e+00 -1.9351460212e+00 -5.0355254087e+00 -6.2713087455e+00 -7.6771151489e-01 -5.2881633529e+00 -4.5667006587e+00 -1.6756981411e+00 -3.8094701428e+00 -5.4192921487e+00 -2.7768914157e+00 -3.5774872274e+00 -7.9105171622e-01  5.7544084869e-01 -2.4897094155e+00 -1.4823489387e-01  5.7886352401e-01 -3.8634901388e+00 -4.5229486578e+00 -3.6980192262e+00 -1.2901964302e+00 -5.9394681965e+00 -4.1911957134e+00 -1.4919963285e+00 -9.7552172863e-01 -6.0199197198e-01 -3.4193728179e+00 -5.0484363952e+00 -3.9375377726e+00 -2.6901625698e+00 -6.7967978069e+00  3.1385248022e-01 -6.2004198385e+00 -4.5807977127e+00 -5.1636813839e+00 -3.4607011168e+00 -3.1821192648e+00 -1.5743695494e+00 -3.1947961720e+00 -6.5957287579e+00 -2.9072867902e+00 -4.2132515731e+00 -2.2760948343e+00 -7.6721875368e-01 -4.0202309514e+00 -4.3872722251e+00  1.9662048750e-01 -4.8373637067e+00 -7.9627373396e+00 -2.0942807111e+00 -5.5252417998e+00 -1.5367688719e-01  4.5130037334e-01 -1.6191924575e+00 -1.6545480495e+00  1.2178935897e+00 -2.3463785284e+00 -5.8842824242e-01  1.2267176339e+00 -4.6151374630e+00  9.2850143855e-01  4.5441872749e-01 -3.9317927890e+00 -4.3981337676e+00 -2.6753045076e+00 -9.4794825998e-01 -3.7790395293e+00 -4.3904950286e+00 -9.0421176955e-01 -6.1704513026e+00 -5.2244925116e+00 -1.2477973398e+00 -6.7512755837e+00 -3.4933357273e+00 -1.3123384996e+00 -4.2573683293e-01 -1.5114306450e+00 -3.1554249781e+00 -6.0720203438e+00  5.6139454689e-01 -6.9835622731e+00 -7.7265217942e+00  4.9710115688e-03 -6.6870312657e+00 -7.0018126577e+00  1.2356253905e+00 -5.6440200820e+00 -4.3781223979e+00 -5.9998537531e+00 -2.7827829166e+00 -3.6620854803e+00 -4.9564059605e+00 -4.0236040783e+00 -5.3536831403e+00 -5.4725955118e+00 -4.1710613527e+00 -3.2420089116e+00 -1.0836072197e+00 -2.2153878400e+00 -2.7890307268e+00 -2.5833353098e+00 -3.0052733908e+00 -2.1766027917e+00 -1.2035998355e+00 -4.9360959596e+00
ENERGY -6.550907209088e+02

JOB 17
COORDS -5.0048831278e+00 -7.0750254106e-01 -4.6655587165e+00 -7.0458512894e+00 -1.9017273920e+00 -4.9312956011e+00 -6.2767449951e+00 -7.7608333410e-01 -5.2450878426e+00 -4.5530505108e+00 -1.7203914245e+00 -3.8154361881e+00 -5.4278606612e+00 -2.7968314933e+00 -3.5494429864e+00 -7.6682054114e-01  4.9707244295e-01 -2.4780401712e+00 -1.0971921226e-01  4.8574710526e-01 -3.8450708506e+00 -4.6730156138e+00 -3.6762008774e+00 -1.2159032516e+00 -5.9877768917e+00 -4.3426350007e+00 -1.5666470358e+00 -9.5253983148e-01 -6.8454385832e-01 -3.4021602855e+00 -5.0300180815e+00 -3.9502957393e+00 -2.6643656924e+00 -6.7943110444e+00  3.0724667425e-01 -6.1598423157e+00 -4.3138312456e+00 -5.0722290027e+00 -3.4029007175e+00 -3.1696792843e+00 -1.6377751554e+00 -3.1974801474e+00 -6.6431238768e+00 -2.8804921670e+00 -4.1125747238e+00 -2.2481792386e+00 -8.4168666525e-01 -4.0158187848e+00 -4.3468503239e+00  1.3282340498e-01 -4.8716944684e+00 -8.0401282911e+00 -2.0207118322e+00 -5.3633716613e+00 -1.3991412146e-01  3.7263359266e-01 -1.6000169600e+00 -1.6259659908e+00  1.1481559020e+00 -2.3482991074e+00 -5.3648861768e-01  1.1327888111e+00 -4.6051180009e+00  9.6642843029e-01  3.5089163268e-01 -3.9016173700e+00 -4.7117061930e+00 -2.6494315072e+00 -8.6290474284e-01 -3.8878859926e+00 -4.2767207655e+00 -7.6308490080e-01 -6.1014221070e+00 -5.4019225734e+00 -1.3525058186e+00 -6.8992695797e+00 -3.7621625349e+00 -1.4678848487e+00 -4.1402564078e-01 -1.5972951708e+00 -3.1266652697e+00 -6.1056316168e+00  4.8737256411e-01 -6.9925226433e+00 -7.7679926432e+00  3.9531864228e-02 -6.5802920849e+00 -6.9111578113e+00  1.2559557249e+00 -5.6236936103e+00 -4.0529449761e+00 -5.8874351148e+00 -2.7193582818e+00 -3.3886307408e+00 -4.7206496789e+00 -3.8749900447e+00 -4.9605113133e+00 -5.4772209426e+00 -4.1883786668e+00 -3.2355462271e+00 -1.1475742948e+00 -2.2180125104e+00 -2.7878717395e+00 -2.6491556173e+00 -3.0002189400e+00 -2.1422089448e+00 -1.2828579900e+00 -4.9286747617e+00
ENERGY -6.550919556776e+02

JOB 18
COORDS -5.0754505612e+00 -7.1819937967e-01 -4.6294759972e+00 -7.0022563376e+00 -1.9939087313e+00 -5.1809805501e+00 -6.2640719543e+00 -8.1681516029e-01 -5.3569275051e+00 -4.6622536360e+00 -1.7533358880e+00 -3.7875804673e+00 -5.4777714892e+00 -2.9004125997e+00 -3.7002743500e+00 -5.5401816668e+00  1.5369369063e-01 -1.1638399528e+00 -4.5125770457e+00  1.0898423120e+00 -5.5965940985e-01 -5.2031328552e+00 -3.9285852827e+00 -1.3357731066e+00 -6.2040729993e+00 -4.7770850592e+00 -2.0930441094e+00 -4.0867489545e+00 -2.5582787696e-01 -1.0938802962e+00 -5.0985474331e+00 -4.0830990178e+00 -2.8449428161e+00 -6.7347216854e+00  2.8531181792e-01 -6.2745820939e+00 -3.9795534589e+00 -4.9448462081e+00 -3.4131401486e+00 -3.3713237217e+00 -1.5847166555e+00 -3.0048644454e+00 -6.6295154233e+00 -3.0020756247e+00 -4.3863237976e+00 -3.3208797982e+00 -2.8274187294e-01 -2.3184424679e+00 -4.4682681243e+00  1.8309540086e-01 -4.6840671601e+00 -7.9477071028e+00 -2.1272349139e+00 -5.7083193895e+00 -6.2417230345e+00 -3.4245775486e-01 -4.9935753331e-01 -5.9322670651e+00  4.0314079358e-01 -2.1428693517e+00 -4.2281041114e+00  1.9583664718e+00 -1.1458209490e+00 -4.5124641197e+00  1.2375949954e+00  5.1631209898e-01 -5.5424165188e+00 -2.9716285052e+00 -9.5033330714e-01 -4.4573100932e+00 -4.4269914469e+00 -7.2082733440e-01 -6.1413378889e+00 -5.8569879742e+00 -1.9894411301e+00 -7.2094075502e+00 -4.3915296272e+00 -2.2237433639e+00 -3.8452209410e+00 -1.0200185654e+00 -3.4801259740e-01 -6.0311269391e+00  4.4193386753e-01 -7.1000212735e+00 -7.7109585415e+00  4.9939006165e-02 -6.7082833019e+00 -6.8251166373e+00  1.2370607958e+00 -5.7393883079e+00 -3.7521648753e+00 -5.7799239371e+00 -2.7417183316e+00 -3.0569406124e+00 -4.3729459051e+00 -3.5610346289e+00 -4.2753870484e+00 -5.3605812687e+00 -4.3827291843e+00 -3.2431541882e+00 -2.4216604181e+00 -2.3077274274e+00 -2.5272545434e+00 -1.6187914183e+00 -3.7049294336e+00 -2.3517868880e+00 -5.4039944631e-02 -2.1077025773e+00
ENERGY -6.550925276858e+02

JOB 19
COORDS -2.9314694259e+00 -2.0236085508e+00 -1.2111457178e+00 -2.0184716747e+00 -3.2386932039e+00  6.0744016526e-01 -3.0691629333e+00 -3.0768047627e+00 -2.9965372675e-01 -1.7895346430e+00 -1.2206208747e+00 -1.2247249103e+00 -7.6533081303e-01 -1.5110134551e+00 -2.9017002149e-01 -4.1203329146e-01  4.9108144663e-01 -5.6964001267e+00 -1.8644157926e-01  1.5345349562e+00 -4.6197067412e+00  3.9875332241e-01  6.2007879156e-01  5.6653257292e-01  1.1600130228e+00 -5.5904779780e-01  1.1355617464e+00 -1.3394577868e+00  5.6235200238e-01 -4.5082630926e+00  4.9727837514e-01 -6.8965555332e-01 -2.0988521806e-01 -4.2865176762e+00 -3.9678852565e+00 -2.7831700829e-01  1.3977530282e+00 -7.1920645092e-01 -1.4386378923e+00 -1.7368503554e+00 -6.1991032661e-02 -2.1962985182e+00 -9.1330148457e-01 -2.4840784825e+00  6.2250644745e-01 -1.2348164164e+00 -4.7796347968e-01 -3.5158859251e+00 -3.7410974892e+00 -1.8066193573e+00 -1.9087401345e+00 -2.0752927250e+00 -4.0136320539e+00  1.3728597810e+00 -7.8907545575e-01  8.1609440582e-01 -6.6617193838e+00  2.7657565906e-01 -3.4754068223e-01 -5.7260668302e+00  6.5001621643e-01  1.3793650310e+00 -3.9457727764e+00 -4.0984378943e-01  2.5723394264e+00 -4.8488966008e+00 -5.5524672255e-01  8.6936054675e-01  1.0234566940e+00  9.5830632531e-01  1.4731313924e+00  1.9026110937e-01  2.2452149172e+00 -5.0467627189e-01  1.1500207503e+00  7.1743276863e-01 -1.1021431326e+00  1.9628864624e+00 -2.3352245421e+00  9.8142281636e-01 -4.6891078371e+00 -4.3365321254e+00 -4.5922741237e+00 -1.1778828511e+00 -4.2727839192e+00 -4.6349589620e+00  5.8832766711e-01 -5.2104987640e+00 -3.3809018586e+00 -2.3680633879e-01  2.2215848420e+00 -6.4377222997e-03 -1.3223012389e+00  8.5523296760e-01 -4.8738938084e-01 -2.3567487378e+00  1.8357588032e+00 -1.7174575661e+00 -1.5596682923e+00 -2.7481024434e+00  3.7595273160e-01 -2.2673043070e+00 -1.0803810545e+00  7.2598194743e-01 -1.8189326561e+00 -1.7382890835e+00 -1.3075114037e+00 -3.8255003816e+00
ENERGY -6.550914068578e+02

JOB 20
COORDS -2.8865765950e+00 -2.0393223076e+00 -1.2400834495e+00 -2.0685525108e+00 -3.1456505342e+00  6.8388844914e-01 -3.0727006823e+00 -3.0411177619e+00 -2.8171185583e-01 -1.7397549164e+00 -1.2415323732e+00 -1.2527504422e+00 -7.4100846168e-01 -1.5036728777e+00 -2.8030846289e-01 -4.1738916973e-01  4.4012242574e-01 -5.7659084460e+00 -2.5567478568e-01  1.5325276330e+00 -4.7269667271e+00  4.5764376228e-01  4.8359614534e-01  8.0192238997e-01  1.2740854880e+00 -7.4250185903e-01  1.1421800692e+00 -1.3391008765e+00  4.8823352272e-01 -4.5725389808e+00  5.3106152591e-01 -6.9733334705e-01 -1.6939888328e-01 -4.2959498601e+00 -3.9237949653e+00 -2.6452691771e-01  1.3750801724e+00 -5.0834540889e-01 -1.4235573447e+00 -1.6982554726e+00 -9.7677712845e-02 -2.2440831406e+00 -9.5510310610e-01 -2.4057641387e+00  6.9240476044e-01 -1.1599211257e+00 -5.1049595781e-01 -3.5489460512e+00 -3.6696703537e+00 -1.8476795140e+00 -1.9743692624e+00 -2.1722588776e+00 -3.8584251171e+00  1.5030483374e+00 -8.2290852873e-01  7.0583350316e-01 -6.7377901037e+00  3.2703010468e-01 -3.4987326604e-01 -5.7743202515e+00  5.9544751370e-01  1.4575271690e+00 -4.0577746566e+00 -5.5092317091e-01  2.5444899612e+00 -4.9882201870e+00 -4.7252990999e-01  6.3138005859e-01  1.3434038451e+00  9.7281791675e-01  1.3990663065e+00  5.2146813105e-01  2.3563709142e+00 -6.6070705872e-01  1.0906627836e+00  8.9462826337e-01 -1.4090041962e+00  1.9071418824e+00 -2.3621114705e+00  8.3312292830e-01 -4.7583749100e+00 -4.3073822012e+00 -4.6023083829e+00 -1.1253817863e+00 -4.3281817105e+00 -4.5364512598e+00  6.4100214523e-01 -5.2168504873e+00 -3.3317425530e+00 -3.0352631939e-01  2.1893150431e+00  1.9564949541e-01 -1.2212793735e+00  8.0750069585e-01 -1.5155731437e-01 -2.2807422664e+00  1.8292663302e+00 -1.4621961857e+00 -1.7191328514e+00 -2.7232749257e+00  3.0114980586e-01 -2.3402039892e+00 -1.0856531995e+00  7.2305222446e-01 -1.8610859876e+00 -1.5950803928e+00 -1.3859868852e+00 -3.8339822593e+00
ENERGY -6.550886859781e+02

JOB 21
COORDS -2.9487452094e+00 -1.9947745041e+00 -1.1962661131e+00 -2.0828958903e+00 -3.1081012725e+00  6.9669464818e-01 -3.1087885663e+00 -3.0062149165e+00 -2.4563617995e-01 -1.8219356541e+00 -1.1658558105e+00 -1.2160321889e+00 -8.1484882039e-01 -1.3959532711e+00 -2.4248343552e-01 -3.1669315468e-01  2.5977996412e-01 -5.7468492588e+00 -2.3017301449e-01  1.4218201711e+00 -4.7765799396e+00  5.5094873493e-01  2.5239271266e-01  1.1741300677e+00  1.3872801370e+00 -9.9153018529e-01  1.0319311328e+00 -1.3017620132e+00  3.6761805074e-01 -4.6093115021e+00  4.5762143656e-01 -5.8908132168e-01 -1.0109100228e-01 -4.3138335418e+00 -3.9134083969e+00 -2.2353498426e-01  1.1410351446e+00 -1.2239319204e-02 -1.3364460376e+00 -1.8021544748e+00 -8.5105507640e-02 -2.2768066759e+00 -9.9007832039e-01 -2.3426212742e+00  6.9801716569e-01 -1.1616520292e+00 -5.5865526918e-01 -3.5135534622e+00 -3.7332827293e+00 -1.8262160243e+00 -1.9344089525e+00 -2.1473923609e+00 -3.8470428450e+00  1.4967148063e+00 -6.7366990095e-01  4.5042640981e-01 -6.7547318069e+00  4.4134225422e-01 -5.1261976868e-01 -5.6620872871e+00  5.8460977330e-01  1.4062426652e+00 -4.0604668673e+00 -5.2825555825e-01  2.4078768820e+00 -5.1207686093e+00 -2.9160060748e-01  2.1186618125e-01  1.8581843620e+00  1.0305563371e+00  1.2247168798e+00  1.0899397884e+00  2.4508525848e+00 -8.7400319934e-01  8.4594127485e-01  1.1048131522e+00 -1.8534161780e+00  1.6227067228e+00 -2.3189312364e+00  6.7701524558e-01 -4.8736378234e+00 -4.3262123556e+00 -4.5794175872e+00 -1.0941538887e+00 -4.3196086945e+00 -4.5398779961e+00  6.7311208272e-01 -5.2466633031e+00 -3.3392845470e+00 -2.3868359310e-01  2.1877824566e+00  2.0942153632e-01 -1.1063692300e+00  6.8670945311e-01  9.2208950506e-01 -1.6750287748e+00  1.1139541966e+00 -7.1239901599e-01 -2.1741244346e+00 -2.8447876127e+00  2.3033618598e-01 -2.4573350869e+00 -1.2741396760e+00  8.0476496380e-01 -1.9323580984e+00 -1.5616287041e+00 -1.4600990636e+00 -3.7696623832e+00
ENERGY -6.550867287538e+02

JOB 22
COORDS -2.9777252729e+00 -1.9433302746e+00 -1.1962382395e+00 -2.1141111049e+00 -3.0055275751e+00  7.2400665954e-01 -3.1400029290e+00 -2.9293450916e+00 -2.2160542861e-01 -1.8578952774e+00 -1.1022056652e+00 -1.2328779900e+00 -8.6085716020e-01 -1.2905203325e+00 -2.3928286811e-01 -1.7277526557e-01  1.5692941052e-01 -5.7478750200e+00 -2.4732699238e-01  1.3751702949e+00 -4.8481097590e+00  7.0452933043e-01  1.4348305793e-02  1.3223629897e+00  1.4925367297e+00 -1.1479692626e+00  7.8658983484e-01 -1.2425406803e+00  2.4747970972e-01 -4.6877359369e+00  4.2166064726e-01 -5.0275416899e-01 -8.9478136938e-02 -4.3395835935e+00 -3.8433319597e+00 -1.8338601445e-01  9.6341950709e-01  3.5462342647e-01 -1.2249598595e+00 -1.8371658771e+00 -8.5653632123e-02 -2.3575137430e+00 -1.0314549667e+00 -2.2296404196e+00  7.1303762082e-01 -1.1074011398e+00 -5.9789834248e-01 -3.5278089718e+00 -3.7527882501e+00 -1.8075708919e+00 -1.9506746100e+00 -2.1705607845e+00 -3.7335388706e+00  1.5347297197e+00 -4.7017127766e-01  2.6146075564e-01 -6.7872252959e+00  6.3424890812e-01 -5.4572622166e-01 -5.5652265009e+00  5.1106127378e-01  1.4701003123e+00 -4.0780820567e+00 -5.9671827798e-01  2.3116508252e+00 -5.2729300673e+00 -4.0313004350e-02 -2.0336694912e-01  2.0811232428e+00  1.1841292515e+00  9.8674155637e-01  1.4021659979e+00  2.5225910538e+00 -9.7991525568e-01  4.8567235088e-01  1.2717237847e+00 -2.1244991513e+00  1.1991885141e+00 -2.2596386211e+00  4.5695173369e-01 -5.0364120892e+00 -4.3499837059e+00 -4.5231464671e+00 -1.0433011487e+00 -4.3399432327e+00 -4.4556334654e+00  7.2306225698e-01 -5.2759645200e+00 -3.2752479394e+00 -2.0514334529e-01  2.0103495963e+00  6.0292500711e-01 -1.0258836979e+00  4.3067193772e-01  1.3061254699e+00 -1.3207781547e+00  9.1026730469e-01 -1.6754501929e-01 -2.1826872177e+00 -2.8837039046e+00  1.5838544614e-01 -2.6093822340e+00 -1.3755584778e+00  8.5264886155e-01 -2.0528060663e+00 -1.4353136049e+00 -1.5385028644e+00 -3.7418011558e+00
ENERGY -6.550868009787e+02

JOB 23
COORDS -3.0545922182e+00 -1.9718218125e+00 -1.1381151497e+00 -2.1651581779e+00 -3.0351757651e+00  7.6999078063e-01 -3.2053873124e+00 -2.9555596009e+00 -1.5952927036e-01 -1.9415410418e+00 -1.1211200831e+00 -1.1843754924e+00 -9.4580996545e-01 -1.2897514896e+00 -1.8480381748e-01 -4.5719472600e-02  9.7506452909e-02 -5.6301221295e+00 -3.2804551931e-01  1.3487413400e+00 -4.8214303282e+00  8.2997590002e-01 -3.1832015677e-01  1.3988258232e+00  1.5247705599e+00 -1.3017390639e+00  5.0023425109e-01 -1.1920642120e+00  1.1914528962e-01 -4.6494323522e+00  3.3488420405e-01 -5.0254947938e-01 -3.4372011753e-02 -4.4088306568e+00 -3.8634224323e+00 -1.0089280741e-01  7.0140666767e-01  6.2119118853e-01 -9.8949104308e-01 -1.9100919850e+00 -1.4530273236e-01 -2.3452980204e+00 -1.0941487715e+00 -2.2442971650e+00  7.5696481920e-01 -1.0449830846e+00 -6.3568538740e-01 -3.4298243267e+00 -3.8286646071e+00 -1.8530524805e+00 -1.8959810811e+00 -2.1998400287e+00 -3.7782309246e+00  1.5682289835e+00 -2.7761269768e-01  1.0297360278e-01 -6.6911628320e+00  8.2318128443e-01 -4.8910396370e-01 -5.3486392023e+00  3.5744877538e-01  1.5837546271e+00 -4.0138474265e+00 -7.5510443656e-01  2.2081177372e+00 -5.3299990122e+00  2.1006113602e-01 -7.2824347550e-01  2.1882362932e+00  1.3216303726e+00  6.2455472005e-01  1.6233523578e+00  2.5010393092e+00 -1.0472918075e+00  9.6801389520e-02  1.3557509314e+00 -2.3532179711e+00  7.0248213009e-01 -2.1988229091e+00  1.8307380818e-01 -5.0762962745e+00 -4.5504153686e+00 -4.4016169264e+00 -1.0446849308e+00 -4.3033117786e+00 -4.6064329721e+00  6.9494004783e-01 -5.3266989832e+00 -3.2964194652e+00  9.2293940626e-02  1.7119105228e+00  9.7354536382e-01 -7.6001498159e-01  3.6153854743e-02  1.4847662519e+00 -8.8195446732e-01  6.8761781955e-01  2.8433826843e-01 -2.0279686926e+00 -2.9478045997e+00 -2.2181262042e-03 -2.6913981131e+00 -1.5544933516e+00  8.4073075129e-01 -2.0480751141e+00 -1.2483601599e+00 -1.6189407122e+00 -3.6022954012e+00
ENERGY -6.550874123390e+02

