JOB 0
COORDS  5.6965302907e+00  8.4388268185e-01  6.2613188471e-01  4.8110036325e+00  6.5370662653e-01  1.6956048912e+00  5.3014386050e+00  4.4681404834e-01 -6.5295714227e-01 -2.2688591294e+00 -1.8325250018e+00 -4.8874461117e-01 -9.0477429386e-01 -1.4143524160e+00 -4.1660094007e-01  3.5559606297e+00  8.7865023316e-02  1.4852771645e+00  4.0471966442e+00 -1.3240071497e-01 -8.7449987512e-01 -2.6036508814e+00 -2.8054444615e+00 -1.3855853268e+00  6.5187054566e-02 -1.9642707330e+00 -1.2145237980e+00  3.1506323072e+00 -3.1261280791e-01  1.9489647479e-01 -2.8420460140e-01 -2.9904538686e+00 -2.1921032292e+00  1.5155606216e+00 -1.5540347523e+00 -1.1931280891e+00 -1.6403980448e+00 -3.3521731099e+00 -2.1886430187e+00  1.8585407135e+00 -8.3614347043e-01  2.6736630955e-02  4.9815593791e-01 -3.5292757522e+00 -2.9830160448e+00  6.6743546939e+00  1.2875212065e+00  7.9052691315e-01  5.0987042961e+00  9.5196468767e-01  2.7008919406e+00  5.9771822767e+00  5.7688679634e-01 -1.4948537003e+00 -3.0285428906e+00 -1.3922511340e+00  1.4637504684e-01 -6.2712507096e-01 -6.2731487624e-01  2.7958338678e-01  2.8716507801e+00 -4.2437339970e-02  2.3219340691e+00  3.7810841354e+00 -4.4695498411e-01 -1.8776169805e+00 -3.6117146718e+00 -3.1865950211e+00 -1.5112810226e+00  1.6948402355e+00 -8.9894538043e-01 -2.0535310326e+00  2.1394381849e+00 -2.4445131069e+00 -1.3594439938e+00 -1.8821290576e+00 -4.0681294288e+00 -2.8666096422e+00  1.5411956220e+00 -1.3251081505e+00  8.5758632898e-01
ENERGY -6.493511950131e+02

JOB 1
COORDS  5.6764216837e+00  8.2918068369e-01  5.2598828320e-01  5.6684524283e+00  5.0547335275e-02 -6.3776699930e-01  4.5073656595e+00  9.1312303805e-01  1.2871231277e+00 -1.0278548064e+00 -3.9413332509e+00 -1.5570307738e+00  2.9544339401e-02 -3.0762281445e+00 -1.1390627731e+00  4.5163864111e+00 -6.3043851936e-01 -1.0277187073e+00  3.3470542676e+00  2.3323829007e-01  9.0567155087e-01 -2.2941678127e+00 -3.4361247566e+00 -1.6207371534e+00 -1.9515749145e-01 -1.7648047813e+00 -8.0844572136e-01  3.3384764796e+00 -5.5974321687e-01 -2.5699688631e-01 -1.5480456411e+00 -1.2186888513e+00 -8.5249497745e-01  8.7553708362e-01 -8.0826857400e-01 -3.5018209326e-01 -2.5240618616e+00 -2.1297818914e+00 -1.2850126896e+00  2.2143891676e+00 -1.3045517802e+00 -6.5704289834e-01 -1.8698195966e+00 -6.5521547481e-02 -5.4480035312e-01  6.5726722344e+00  1.3636632560e+00  8.2769268500e-01  6.5633541964e+00 -2.2864609552e-02 -1.2509783027e+00  4.4899469079e+00  1.5187074691e+00  2.1900284100e+00 -8.4062391333e-01 -4.9765802290e+00 -1.8169654191e+00  1.0398289648e+00 -3.4698447381e+00 -1.0654302831e+00  4.5239608579e+00 -1.2307949336e+00 -1.9361613052e+00  2.4559350371e+00  3.2440747472e-01  1.5174981563e+00 -3.1585183970e+00 -4.0160401558e+00 -1.9271154442e+00  7.7465766120e-01 -6.8514990777e-01  7.3315307544e-01  6.7934168516e-01  1.8351466675e-01 -7.8281137712e-01 -3.4643716805e+00 -1.7485108381e+00 -1.3181451839e+00  2.2869122111e+00 -1.5618594205e+00 -1.6369644149e+00
ENERGY -6.493507668000e+02

JOB 2
COORDS  5.6346946477e+00  6.9650442085e-01  7.1073526608e-01  5.6308221500e+00  2.2784472014e-01 -6.0684403685e-01  4.4810552332e+00  5.3838867799e-01  1.4870897658e+00 -1.0348750988e+00 -3.9753127885e+00 -1.1900269360e+00  2.6119234611e-02 -3.0384365571e+00 -9.9576777052e-01  4.4914322977e+00 -3.7663455076e-01 -1.1416219906e+00  3.3428753710e+00 -7.8958526347e-02  9.6562657214e-01 -2.3085817903e+00 -3.4994549125e+00 -1.3107489163e+00 -2.0442806763e-01 -1.6892904418e+00 -9.2830939740e-01  3.3312738380e+00 -5.4452769457e-01 -3.6298583750e-01 -1.5620370283e+00 -1.1686714605e+00 -1.0419225910e+00  8.7591934007e-01 -6.5826993329e-01 -7.1425397703e-01 -2.5425789628e+00 -2.1527917919e+00 -1.2422873343e+00  2.2159045882e+00 -1.2185274416e+00 -9.0017700863e-01 -1.8848034081e+00  2.3237780030e-02 -9.7327174877e-01  6.5176554631e+00  1.1752151071e+00  1.1246062656e+00  6.5144983178e+00  3.4361602538e-01 -1.2296682094e+00  4.4670753502e+00  8.9047236426e-01  2.5157236216e+00 -8.4501181372e-01 -5.0410987422e+00 -1.2408385212e+00  1.0473012804e+00 -3.3941067896e+00 -8.8773032142e-01  4.4967791254e+00 -7.2248387860e-01 -2.1741421608e+00  2.4714394955e+00 -2.1404539776e-01  1.5991710495e+00 -3.1760500910e+00 -4.1335779710e+00 -1.4615410794e+00  7.8522056221e-01 -2.6460768758e-01  3.0109934058e-01  6.8555096060e-01  1.9989865467e-01 -1.3748758490e+00 -3.4875116368e+00 -1.7904619912e+00 -1.3224005624e+00  2.3706791114e+00 -1.4407941101e+00 -1.8792798563e+00
ENERGY -6.493501607117e+02

JOB 3
COORDS  5.5856364541e+00  7.6914871476e-01  7.0907671886e-01  5.5498116967e+00  4.1710022406e-01 -6.4309063846e-01  4.5056803888e+00  4.2463740091e-01  1.5316786450e+00 -1.0993466106e+00 -3.9680415338e+00 -1.0731656898e+00 -4.4118562427e-03 -3.0648123474e+00 -9.1060232887e-01  4.4437131289e+00 -2.5650264538e-01 -1.1698359573e+00  3.4102266863e+00 -2.6863860503e-01  1.0161905977e+00 -2.3461385712e+00 -3.4484679632e+00 -1.2705252358e+00 -1.7839582975e-01 -1.7060175059e+00 -9.4763312348e-01  3.3646821606e+00 -6.1742448538e-01 -3.4586500207e-01 -1.5068313407e+00 -1.1376848116e+00 -1.1456379640e+00  9.4054007977e-01 -7.1026135614e-01 -7.7228294142e-01 -2.5235993554e+00 -2.0918934805e+00 -1.3071300057e+00  2.2630842238e+00 -1.3430934340e+00 -8.6197449925e-01 -1.7780540398e+00  6.8620123472e-02 -1.1759391539e+00  6.4400755599e+00  1.3020451895e+00  1.1169018793e+00  6.3768958861e+00  6.8105785449e-01 -1.2975992331e+00  4.5227401361e+00  6.8470075803e-01  2.5872563205e+00 -9.5569425986e-01 -5.0417991347e+00 -1.0415266553e+00  9.9710522358e-01 -3.4522881835e+00 -7.4397367517e-01  4.4149621955e+00 -5.0552522800e-01 -2.2293615329e+00  2.5939422629e+00 -5.6021583033e-01  1.6716180714e+00 -3.2357395605e+00 -4.0550751774e+00 -1.4046679174e+00  8.4081965069e-01 -2.3408574091e-01  2.0742525326e-01  8.1414203358e-01  1.0205864093e-01 -1.5026912276e+00 -3.4487169040e+00 -1.6974330715e+00 -1.4453816584e+00  2.4448726457e+00 -1.6060947459e+00 -1.8273458492e+00
ENERGY -6.493495035830e+02

JOB 4
COORDS  5.5375526716e+00  8.4917322626e-01  6.8237895068e-01  5.4280917146e+00  5.8317815245e-01 -6.8531234401e-01  4.5663805022e+00  3.4813706147e-01  1.5588364428e+00 -1.1755952892e+00 -3.9473932242e+00 -9.9404608717e-01 -4.9992688765e-02 -3.0829669676e+00 -8.2952810440e-01  4.3517304772e+00 -1.6410724600e-01 -1.1755005665e+00  3.5059201562e+00 -4.2005822942e-01  1.0767701645e+00 -2.3871246215e+00 -3.3894859401e+00 -1.2843135301e+00 -1.5876019604e-01 -1.7226208166e+00 -9.5550304696e-01  3.3892728986e+00 -6.8609894477e-01 -2.9782452741e-01 -1.4492237602e+00 -1.1126844375e+00 -1.2553937362e+00  9.9554149963e-01 -7.6815760289e-01 -7.8201537818e-01 -2.4995732019e+00 -2.0313091088e+00 -1.4099967161e+00  2.2924311484e+00 -1.4647216832e+00 -7.6696576351e-01 -1.6644911181e+00  9.9450278827e-02 -1.3736559844e+00  6.3679014081e+00  1.4382437775e+00  1.0621715887e+00  6.1713634680e+00  9.7139259286e-01 -1.3772955594e+00  4.6446294072e+00  5.4407061246e-01  2.6253888727e+00 -1.0821878649e+00 -5.0222971765e+00 -8.9163819458e-01  9.2360964759e-01 -3.5014244148e+00 -5.8913442826e-01  4.2580171143e+00 -3.4599891565e-01 -2.2448071468e+00  2.7682201150e+00 -8.3421597419e-01  1.7593699937e+00 -3.2959978056e+00 -3.9648558764e+00 -1.4268419560e+00  8.7768399261e-01 -2.3267520847e-01  1.6575014544e-01  9.4087442981e-01  5.9323252475e-03 -1.5615050729e+00 -3.3977917309e+00 -1.6069301421e+00 -1.6188435616e+00  2.4944847397e+00 -1.7916883065e+00 -1.7097318484e+00
ENERGY -6.493483158455e+02

JOB 5
COORDS  5.5015920638e+00  9.1403877921e-01  6.4285148211e-01  5.2743361909e+00  7.2646215349e-01 -7.2392987120e-01  4.6683508499e+00  2.8049647676e-01  1.5729254368e+00 -1.2423010718e+00 -3.9306674831e+00 -9.2889557229e-01 -9.8425707078e-02 -3.0945281455e+00 -7.4492750651e-01  4.2159159924e+00 -7.8569337676e-02 -1.1585270910e+00  3.6263035107e+00 -5.4318009188e-01  1.1412966577e+00 -2.4138313222e+00 -3.3507624557e+00 -1.3217470021e+00 -1.4851794995e-01 -1.7405661578e+00 -9.5194182721e-01  3.3955161578e+00 -7.3486450333e-01 -2.2882792081e-01 -1.3970543697e+00 -1.1073981741e+00 -1.3618010285e+00  1.0288043673e+00 -8.1781075568e-01 -7.6480008990e-01 -2.4689191990e+00 -1.9988708527e+00 -1.5279109244e+00  2.2959153199e+00 -1.5584475981e+00 -6.3565039629e-01 -1.5623981547e+00  1.0215163853e-01 -1.5596987953e+00  6.3183925196e+00  1.5465029625e+00  9.8037213745e-01  5.9114712891e+00  1.2188428630e+00 -1.4543784912e+00  4.8393312083e+00  4.1831329403e-01  2.6376929096e+00 -1.1935674067e+00 -5.0004639703e+00 -7.6200849490e-01  8.4318177605e-01 -3.5305779145e+00 -4.2272934665e-01  4.0270888204e+00 -2.0280111229e-01 -2.2234773046e+00  2.9879253170e+00 -1.0565384391e+00  1.8556988308e+00 -3.3332151511e+00 -3.9029275586e+00 -1.4868810318e+00  8.8290234667e-01 -2.2778395472e-01  1.4700284680e-01  1.0440470099e+00 -8.5755315486e-02 -1.5859690624e+00 -3.3374172785e+00 -1.5577383154e+00 -1.8135473100e+00  2.5109740709e+00 -1.9655171888e+00 -1.5449318300e+00
ENERGY -6.493468040061e+02

JOB 6
COORDS  5.4898494627e+00  9.3814829403e-01  6.1982319276e-01  5.1189142617e+00  8.6652659275e-01 -7.2730500049e-01  4.8040939381e+00  1.7195817202e-01  1.5687486411e+00 -1.2964375727e+00 -3.9071113236e+00 -8.2765012857e-01 -1.4377900398e-01 -3.0829993162e+00 -6.4440126224e-01  4.0636761433e+00  3.7878245460e-02 -1.1209222132e+00  3.7594680930e+00 -6.6857989289e-01  1.1721077203e+00 -2.4264588346e+00 -3.3389170673e+00 -1.3407542167e+00 -1.4683647878e-01 -1.7513346018e+00 -9.6950613432e-01  3.3875475322e+00 -7.4837458803e-01 -1.7568842155e-01 -1.3505010312e+00 -1.1299028532e+00 -1.5109298024e+00  1.0407674342e+00 -8.4080322503e-01 -7.8637908459e-01 -2.4339510366e+00 -2.0094295520e+00 -1.6655888062e+00  2.2804782576e+00 -1.5961187554e+00 -5.3641209527e-01 -1.4710971044e+00  6.0374272501e-02 -1.8245898255e+00  6.3064340302e+00  1.5862728683e+00  9.2717477796e-01  5.6440482359e+00  1.4626728413e+00 -1.4694717260e+00  5.0878398540e+00  2.2273206922e-01  2.6170054303e+00 -1.2863795014e+00 -4.9591175927e+00 -5.6712352443e-01  7.6467149455e-01 -3.5087245308e+00 -2.2728564971e-01  3.7642122778e+00 -3.4049060952e-03 -2.1665133146e+00  3.2247499945e+00 -1.2786282777e+00  1.8950376424e+00 -3.3486028888e+00 -3.8838436345e+00 -1.5143778099e+00  8.6294728043e-01 -1.8591095049e-01  7.4710519244e-02  1.1089174313e+00 -1.6785948814e-01 -1.6541331621e+00 -3.2715963808e+00 -1.5768697967e+00 -2.0419898840e+00  2.5187089113e+00 -2.0943616794e+00 -1.3937880975e+00
ENERGY -6.493452862697e+02

JOB 7
COORDS  5.5245945769e+00  9.2113188643e-01  6.3197437684e-01  5.0052692698e+00  1.0020367636e+00 -6.6517721993e-01  4.9662228869e+00  2.2231650107e-02  1.5462491744e+00 -1.3342604926e+00 -3.8623550127e+00 -6.9893847727e-01 -1.7854517943e-01 -3.0366074402e+00 -5.4449923541e-01  3.9331457576e+00  1.8908334141e-01 -1.0441951795e+00  3.8952177536e+00 -7.9310151374e-01  1.1645799152e+00 -2.4268076629e+00 -3.3399770675e+00 -1.3285855804e+00 -1.4149822375e-01 -1.7478229342e+00 -1.0100411880e+00  3.3753857752e+00 -7.2095845120e-01 -1.3285622013e-01 -1.3054780626e+00 -1.1745601022e+00 -1.6770494670e+00  1.0506178827e+00 -8.3583483840e-01 -8.6434950479e-01 -2.3943528488e+00 -2.0531243969e+00 -1.7934587324e+00  2.2608174668e+00 -1.5747909135e+00 -4.7308003967e-01 -1.3900000830e+00 -2.3504559429e-02 -2.1219528046e+00  6.3570704471e+00  1.5548419275e+00  9.2676705750e-01  5.4338961378e+00  1.6994738805e+00 -1.3806134000e+00  5.3635203895e+00 -4.4754056632e-02  2.5560053793e+00 -1.3555602193e+00 -4.8801723805e+00 -3.2701706451e-01  6.9975160568e-01 -3.4253504757e+00 -3.6732508005e-02  3.5295794788e+00  2.5918098058e-01 -2.0518600815e+00  3.4480676724e+00 -1.4960999497e+00  1.8617644135e+00 -3.3481639046e+00 -3.8896110258e+00 -1.4911960962e+00  8.4156230857e-01 -9.4013850835e-02 -8.4421492576e-02  1.1611858573e+00 -2.5860008688e-01 -1.7939517244e+00 -3.2040911385e+00 -1.6538098189e+00 -2.2574528946e+00  2.5321883090e+00 -2.1783817964e+00 -1.2490384661e+00
ENERGY -6.493440927883e+02

JOB 8
COORDS  5.5124134996e+00  8.7601760299e-01  7.0716774383e-01  4.8675246324e+00  1.1629307979e+00 -5.0096717597e-01  5.0663966250e+00 -1.9308860435e-01  1.4910925204e+00 -1.4046176139e+00 -3.7618990908e+00 -4.7071231562e-01 -2.3045983983e-01 -2.9488373090e+00 -4.2907057242e-01  3.7888259186e+00  3.8181640747e-01 -9.2591332532e-01  3.9778980256e+00 -9.6512084806e-01  1.0730400896e+00 -2.4752679021e+00 -3.3225028475e+00 -1.1943665543e+00 -1.5386932329e-01 -1.7519669633e+00 -1.0922046074e+00  3.3293496862e+00 -6.8507727820e-01 -1.3697132967e-01 -1.2937824842e+00 -1.2662071550e+00 -1.8619548220e+00  1.0587167124e+00 -8.5322077575e-01 -1.0736355303e+00 -2.4026340171e+00 -2.1271059217e+00 -1.8569129432e+00  2.2375988747e+00 -1.5347700718e+00 -5.3351529455e-01 -1.3430504648e+00 -1.9853621385e-01 -2.4850325128e+00  6.3534151397e+00  1.4816784261e+00  1.0347362427e+00  5.2103624074e+00  1.9898800260e+00 -1.1180049069e+00  5.5596891704e+00 -4.2079441017e-01  2.4328198304e+00 -1.4568205806e+00 -4.7066810127e+00  5.7886986148e-02  6.3170479809e-01 -3.2709968548e+00  1.4814059368e-01  3.2993165458e+00  6.0607199905e-01 -1.8700199590e+00  3.6099920359e+00 -1.7886472680e+00  1.6788265128e+00 -3.4079158806e+00 -3.8698448546e+00 -1.2839778889e+00  8.4941460516e-01  1.4964676432e-02 -4.3809677985e-01  1.1940819575e+00 -4.4805212193e-01 -2.0873699784e+00 -3.1954771601e+00 -1.7880239395e+00 -2.3924907906e+00  2.5620379149e+00 -2.2494941328e+00 -1.1816337674e+00
ENERGY -6.493441773850e+02

JOB 9
COORDS  5.5185342702e+00  8.5789927380e-01  7.4358981002e-01  4.7395215282e+00  1.2907546963e+00 -3.3356901923e-01  5.1933187048e+00 -3.4286609660e-01  1.3860754878e+00 -1.4612286003e+00 -3.6404974088e+00 -3.2538775434e-01 -2.7319991150e-01 -2.8470710332e+00 -3.3613766658e-01  3.6530659496e+00  5.2893342425e-01 -7.7537436293e-01  4.0923186906e+00 -1.0919654404e+00  9.6670821036e-01 -2.4887271170e+00 -3.2847978811e+00 -1.1505972118e+00 -1.4281329791e-01 -1.7514039082e+00 -1.1487274435e+00  3.3050718983e+00 -6.6210228228e-01 -1.1501386744e-01 -1.2383675388e+00 -1.3535055036e+00 -2.0263408650e+00  1.0841088046e+00 -8.7259239237e-01 -1.1940017078e+00 -2.3641095722e+00 -2.1894848603e+00 -1.9614527109e+00  2.2273769385e+00 -1.4899581285e+00 -5.3590865195e-01 -1.2383096892e+00 -3.7507646784e-01 -2.7830664039e+00  6.3672267972e+00  1.4478186782e+00  1.0792779935e+00  4.9879303129e+00  2.2164384380e+00 -8.4707520267e-01  5.7895131403e+00 -6.8877747576e-01  2.2269790554e+00 -1.5570692608e+00 -4.5054607803e+00  3.2059364164e-01  5.5307266295e-01 -3.1030210111e+00  3.2140667480e-01  3.0725317729e+00  8.6545697744e-01 -1.6294152681e+00  3.8187803068e+00 -2.0108125196e+00  1.4793700016e+00 -3.4273991006e+00 -3.8257774583e+00 -1.2104626804e+00  8.6385391975e-01  6.8945276409e-02 -6.7768543458e-01  1.2627919194e+00 -5.9686196603e-01 -2.2444326057e+00 -3.1258044026e+00 -1.9123863363e+00 -2.5726787954e+00  2.5400504695e+00 -2.3393963667e+00 -9.9526492516e-01
ENERGY -6.493462042426e+02

JOB 10
COORDS  5.5571118392e+00  8.4238804198e-01  7.0130702155e-01  4.6540485658e+00  1.3540689768e+00 -2.3352939045e-01  5.3288434333e+00 -4.3067910180e-01  1.2405564751e+00 -1.5281350469e+00 -3.5549025822e+00 -2.3018013263e-01 -3.3907450485e-01 -2.7631911323e+00 -2.3665724052e-01  3.5411607813e+00  6.0842933006e-01 -6.3744089384e-01  4.2073529420e+00 -1.1686374027e+00  8.6533879100e-01 -2.4938676449e+00 -3.2839183568e+00 -1.1559669370e+00 -1.4667274077e-01 -1.7523697095e+00 -1.1422136689e+00  3.2916705701e+00 -6.5620398313e-01 -7.4510305047e-02 -1.1786265697e+00 -1.4414211851e+00 -2.1262263603e+00  1.0825366932e+00 -8.7776621087e-01 -1.1868323144e+00 -2.3078242308e+00 -2.2724962703e+00 -2.0584650121e+00  2.1902753029e+00 -1.4534977816e+00 -4.4474220843e-01 -1.1249130508e+00 -5.3797083967e-01 -2.9687997784e+00  6.4245955495e+00  1.4219546605e+00  1.0046749872e+00  4.8231894671e+00  2.3346535101e+00 -6.7196944227e-01  6.0209227368e+00 -8.4444670008e-01  1.9700592014e+00 -1.6721497728e+00 -4.3522532566e+00  4.8952925926e-01  4.3497845497e-01 -2.9534614235e+00  5.0199018135e-01  2.8719925545e+00  1.0136870232e+00 -1.3896407081e+00  4.0183690277e+00 -2.1442866970e+00  1.3077768031e+00 -3.4284348857e+00 -3.8304337786e+00 -1.2281932338e+00  8.3814014600e-01  9.2566440036e-02 -7.3849804573e-01  1.3151434103e+00 -6.6689438939e-01 -2.2417243350e+00 -3.0251003706e+00 -2.0570333814e+00 -2.7438074557e+00  2.4462878085e+00 -2.3885354132e+00 -7.4093423473e-01
ENERGY -6.493487728881e+02

JOB 11
COORDS  5.6072362508e+00  8.3572162623e-01  6.4898358234e-01  4.6184106238e+00  1.4040537491e+00 -1.5631388388e-01  5.4299029348e+00 -4.7460074151e-01  1.1146051550e+00 -1.5987671656e+00 -3.4700613409e+00 -2.4213394949e-01 -4.1418884980e-01 -2.6729373872e+00 -1.9874014817e-01  3.4690051456e+00  6.8473756231e-01 -5.0305022914e-01  4.2804206782e+00 -1.1924766402e+00  7.9373623535e-01 -2.4832484024e+00 -3.2641830737e+00 -1.2611920156e+00 -1.4711405340e-01 -1.7204992605e+00 -1.1480552614e+00  3.2773897335e+00 -6.2156042862e-01 -1.6870894456e-02 -1.0949029508e+00 -1.4774322340e+00 -2.2312246601e+00  1.0785785800e+00 -8.4155662521e-01 -1.1448149030e+00 -2.2242356632e+00 -2.3107746901e+00 -2.2075208072e+00  2.1350062622e+00 -1.3849457791e+00 -3.0814423975e-01 -9.7331086555e-01 -6.2630039061e-01 -3.1195278105e+00  6.5004508166e+00  1.3974210155e+00  9.0748808923e-01  4.7432571806e+00  2.4147137146e+00 -5.3757702598e-01  6.1885733587e+00 -9.3639809862e-01  1.7419166657e+00 -1.8019858781e+00 -4.2210400523e+00  5.1226535284e-01  2.9245017191e-01 -2.8123707138e+00  6.1514055654e-01  2.7333914596e+00  1.1435922602e+00 -1.1547518561e+00  4.1403923130e+00 -2.2006695287e+00  1.1788984398e+00 -3.4076102013e+00 -3.8205350796e+00 -1.3765097048e+00  7.9635921861e-01  1.4310444063e-01 -7.5298729877e-01  1.3883648725e+00 -6.7085103152e-01 -2.1867490882e+00 -2.8820486890e+00 -2.1431138286e+00 -2.9624042908e+00  2.3477784491e+00 -2.3559285242e+00 -5.0859694824e-01
ENERGY -6.493505458930e+02

JOB 12
COORDS  5.6384275114e+00  8.1776816750e-01  5.8862161850e-01  4.5851333360e+00  1.4349193434e+00 -8.9005368454e-02  5.4953084707e+00 -5.1983519051e-01  9.8206033976e-01 -1.6582277184e+00 -3.4198841439e+00 -2.1711319680e-01 -4.7570427179e-01 -2.6208503367e+00 -1.5349756572e-01  3.4048867697e+00  7.4044943961e-01 -3.7689608072e-01  4.3207803944e+00 -1.2174078085e+00  7.1160799043e-01 -2.4848136610e+00 -3.2718909155e+00 -1.2931028619e+00 -1.5366461638e-01 -1.7232984228e+00 -1.1386570159e+00  3.2527780983e+00 -5.9809974328e-01  2.9119674689e-02 -1.0401508316e+00 -1.5407691263e+00 -2.2839630694e+00  1.0707515198e+00 -8.4438309298e-01 -1.1192497645e+00 -2.1707268988e+00 -2.3724251317e+00 -2.2749839270e+00  2.0739186747e+00 -1.3310268177e+00 -1.8310183444e-01 -8.6761829063e-01 -7.3969595477e-01 -3.2094497986e+00  6.5536880973e+00  1.3621881533e+00  8.0291643336e-01  4.6791034398e+00  2.4690674374e+00 -4.1155682290e-01  6.3034910640e+00 -1.0221185784e+00  1.5082561345e+00 -1.9044936158e+00 -4.1271657826e+00  5.6611478037e-01  1.8189392924e-01 -2.7140532499e+00  7.0677343272e-01  2.6157284940e+00  1.2449954463e+00 -9.2336165927e-01  4.2156869327e+00 -2.2513488249e+00  1.0357550623e+00 -3.4029773078e+00 -3.8340619657e+00 -1.4280121944e+00  7.6073134158e-01  1.6240631698e-01 -8.1575282255e-01  1.4513582229e+00 -7.4325043280e-01 -2.1463872183e+00 -2.7857178304e+00 -2.2473849859e+00 -3.0729816900e+00  2.2620265626e+00 -2.3208391326e+00 -3.0486144129e-01
ENERGY -6.493511904093e+02

JOB 13
COORDS  5.6381996847e+00  8.1848863698e-01  5.8080352793e-01  4.5300049560e+00  1.4792725854e+00  4.4446689341e-02  5.5403201943e+00 -5.5267491749e-01  8.4846398063e-01 -1.7202200455e+00 -3.3256531135e+00 -1.6141196654e-01 -5.2300762376e-01 -2.5473195863e+00 -1.1740141977e-01  3.3396661018e+00  7.9630503087e-01 -2.2285653170e-01  4.3584604947e+00 -1.2431078554e+00  5.8645038853e-01 -2.5025260954e+00 -3.2512160148e+00 -1.2773607818e+00 -1.4554786348e-01 -1.7402614575e+00 -1.1594979725e+00  3.2365894456e+00 -5.8099122709e-01  4.7450621988e-02 -9.8432902301e-01 -1.6361516411e+00 -2.3495694758e+00  1.0970995601e+00 -8.8729464982e-01 -1.1649875298e+00 -2.1327765476e+00 -2.4421860818e+00 -2.3170383967e+00  2.0433140441e+00 -1.3020532012e+00 -1.3364204300e-01 -7.5928094093e-01 -9.1699622894e-01 -3.3294645759e+00  6.5598254575e+00  1.3569959777e+00  7.8228037425e-01  4.5865640778e+00  2.5427257619e+00 -1.7498475874e-01  6.3903998482e+00 -1.0899189323e+00  1.2620367835e+00 -2.0110432038e+00 -3.9613744248e+00  6.6663924660e-01  1.0154537078e-01 -2.5822096104e+00  7.7132251653e-01  2.5013838452e+00  1.3405960086e+00 -6.4435507036e-01  4.2948121129e+00 -2.3083832589e+00  8.0286586518e-01 -3.4271333584e+00 -3.8052665867e+00 -1.4014746875e+00  7.9455310504e-01  1.4908255029e-01 -9.8092465667e-01  1.5329769231e+00 -8.9594016717e-01 -2.1745217079e+00 -2.7148996212e+00 -2.3718285055e+00 -3.1457905633e+00  2.2302045016e+00 -2.2986331847e+00 -1.9367048232e-01
ENERGY -6.493508782388e+02

JOB 14
COORDS  5.5795876093e+00  8.7222170902e-01  6.7245657635e-01  4.3878248080e+00  1.5151650351e+00  3.2101346438e-01  5.6051038148e+00 -5.2581063841e-01  7.1166216230e-01 -1.8134244562e+00 -3.0850344735e+00 -7.0563807243e-02 -5.5113808632e-01 -2.4165772492e+00 -9.8750616594e-02  3.2382355095e+00  7.8346384204e-01  1.6220810836e-02  4.4642545923e+00 -1.2653569260e+00  3.9651124586e-01 -2.5782708333e+00 -3.0771733820e+00 -1.2011235440e+00 -9.6511927111e-02 -1.7763252020e+00 -1.2222270518e+00  3.2615919681e+00 -6.2382977334e-01  4.4169982577e-02 -9.1113817371e-01 -1.7467481277e+00 -2.4320517667e+00  1.2210284072e+00 -1.0468977352e+00 -1.3034228230e+00 -2.1289369277e+00 -2.4362938259e+00 -2.3235906901e+00  2.1044425212e+00 -1.3937823612e+00 -1.8883126256e-01 -6.1197754264e-01 -1.1795979433e+00 -3.4893405738e+00  6.4692623871e+00  1.4484560140e+00  9.1008431729e-01  4.3458874241e+00  2.6012324093e+00  2.9024377811e-01  6.5206853731e+00 -1.0474337705e+00  9.7966396076e-01 -2.1661467642e+00 -3.5883509000e+00  8.2203751631e-01  6.8420655414e-02 -2.4007906071e+00  7.9392995125e-01  2.3228378032e+00  1.3115596158e+00 -2.3161474263e-01  4.5016110214e+00 -2.3533859071e+00  4.2105045257e-01 -3.5482203916e+00 -3.5579304918e+00 -1.2746670793e+00  1.0208122515e+00  2.7695251348e-02 -1.2867617579e+00  1.6793066829e+00 -1.2448228287e+00 -2.2830839526e+00 -2.6952895150e+00 -2.4172012497e+00 -3.1659007472e+00  2.3379208831e+00 -2.3821676545e+00 -2.2288091619e-01
ENERGY -6.493502652129e+02

JOB 15
COORDS  5.4960649878e+00  9.5178365085e-01  6.9531471406e-01  4.2167662479e+00  1.5024872827e+00  5.4736664034e-01  5.6636794139e+00 -4.2724369393e-01  5.4151212002e-01 -1.8954020391e+00 -2.8424197560e+00 -1.4866820982e-02 -5.6989613784e-01 -2.3124368093e+00 -7.3443240368e-02  3.1195257308e+00  6.9170450838e-01  2.5632690033e-01  4.5720919648e+00 -1.2418737030e+00  2.2697270489e-01 -2.6369794782e+00 -2.8657292342e+00 -1.1607095819e+00 -3.4148244637e-02 -1.8321008716e+00 -1.2395550125e+00  3.2867932020e+00 -6.9419110151e-01  7.7776482044e-02 -8.1990780030e-01 -1.8406249904e+00 -2.4679181333e+00  1.3548216097e+00 -1.2545293887e+00 -1.3527922627e+00 -2.1055391616e+00 -2.3862394880e+00 -2.3272670429e+00  2.1678785971e+00 -1.5264829027e+00 -1.6099283702e-01 -4.4326522192e-01 -1.4166863680e+00 -3.5671158440e+00  6.3452997785e+00  1.5872185768e+00  9.3052612603e-01  4.0680582175e+00  2.5715993004e+00  6.7801456164e-01  6.6489618185e+00 -8.7320136421e-01  6.5321701590e-01 -2.3130836437e+00 -3.2192074400e+00  9.1151319631e-01  3.9080006906e-02 -2.2758220908e+00  8.2586384856e-01  2.1267327935e+00  1.1273021801e+00  1.8230568732e-01  4.7167771477e+00 -2.3123950360e+00  9.0790357272e-02 -3.6504890895e+00 -3.2496122216e+00 -1.2136357751e+00  1.2784738373e+00 -1.7249508580e-01 -1.4923371187e+00  1.8235298518e+00 -1.6306337410e+00 -2.2736405366e+00 -2.6524963193e+00 -2.3927393399e+00 -3.1824668356e+00  2.4524411181e+00 -2.5024051043e+00 -1.5809133192e-01
ENERGY -6.493496887808e+02

JOB 16
COORDS  5.5548891679e+00  9.4038878272e-01  5.9115528724e-01  4.2765328715e+00  1.5107003035e+00  6.5013287587e-01  5.6822561270e+00 -4.2603601628e-01  3.2769185541e-01 -1.9579472876e+00 -2.7955563831e+00 -5.2029645312e-02 -6.3732415206e-01 -2.2502469298e+00 -4.9911010263e-02  3.1397458884e+00  7.2531861212e-01  4.5696983216e-01  4.5454558616e+00 -1.2112292677e+00  1.0699122871e-01 -2.6179710200e+00 -2.8938053556e+00 -1.2427909470e+00 -2.6279093755e-02 -1.8295789188e+00 -1.2022376420e+00  3.2634162166e+00 -6.4392058412e-01  1.6537820265e-01 -7.2341793458e-01 -1.9190030411e+00 -2.4802171854e+00  1.3603541415e+00 -1.2396186619e+00 -1.2503829784e+00 -2.0104470116e+00 -2.4731299415e+00 -2.3948189111e+00  2.0893275055e+00 -1.4351311889e+00  1.3544375381e-02 -2.7600647692e-01 -1.5547083896e+00 -3.5742030668e+00  6.4374906932e+00  1.5527561543e+00  7.5459157886e-01  4.1643618975e+00  2.5695179882e+00  8.7010844512e-01  6.6675883218e+00 -8.8325620218e-01  2.8202031662e-01 -2.4350329342e+00 -3.1250545902e+00  8.6364057666e-01 -9.4393593694e-02 -2.1518902750e+00  8.8623222073e-01  2.1471296857e+00  1.1606156212e+00  5.4010941411e-01  4.6528851697e+00 -2.2713748749e+00 -1.1633256118e-01 -3.6215287024e+00 -3.2939700621e+00 -1.3435883258e+00  1.2846028789e+00 -1.6479564205e-01 -1.4456893644e+00  1.8966232055e+00 -1.6546918462e+00 -2.1162924182e+00 -2.4964011549e+00 -2.5361065170e+00 -3.2838368688e+00  2.3374415014e+00 -2.4192834985e+00  9.3233145113e-02
ENERGY -6.493484509159e+02

JOB 17
COORDS  5.6034721180e+00  9.1803071217e-01  5.2044256953e-01  4.3614577280e+00  1.5032981198e+00  7.9603862719e-01  5.6612085003e+00 -4.1698639805e-01  1.0944026084e-01 -2.0039643738e+00 -2.7328787874e+00 -8.8883795282e-02 -6.9532997024e-01 -2.1615635656e+00 -4.0597888234e-02  3.1876902857e+00  7.5729591783e-01  6.6962138244e-01  4.4838542949e+00 -1.1577172859e+00 -4.0735342014e-02 -2.5776238083e+00 -2.9410263676e+00 -1.3098591895e+00 -1.1944503336e-02 -1.8231551467e+00 -1.1796028594e+00  3.2379505000e+00 -5.7548875778e-01  2.3488311042e-01 -6.1737880151e-01 -2.0303000154e+00 -2.4905103172e+00  1.3660432569e+00 -1.2121557352e+00 -1.1795621603e+00 -1.8987700139e+00 -2.6026692736e+00 -2.4490180983e+00  2.0165622681e+00 -1.3189258420e+00  1.3876984955e-01 -1.0120470237e-01 -1.7468505446e+00 -3.5780102640e+00  6.5172208129e+00  1.4956966532e+00  6.3177726362e-01  4.3094123926e+00  2.5365691078e+00  1.1301815708e+00  6.6211071684e+00 -8.8156273456e-01 -1.0204699373e-01 -2.5388860044e+00 -2.9972238073e+00  8.1589361014e-01 -2.2108441247e-01 -1.9765633662e+00  9.1939958249e-01  2.2213571826e+00  1.1920399261e+00  9.1153452744e-01  4.5304441889e+00 -2.1924522427e+00 -3.7586850324e-01 -3.5654940535e+00 -3.3690139206e+00 -1.4453673442e+00  1.2885550018e+00 -1.4974577338e-01 -1.4375398607e+00  1.9588636373e+00 -1.6661008804e+00 -1.9874496209e+00 -2.3203744568e+00 -2.7476189710e+00 -3.3609990396e+00  2.2218281662e+00 -2.3033606369e+00  3.0488779432e-01
ENERGY -6.493468207527e+02

JOB 18
COORDS  5.6297357704e+00  9.1414717587e-01  4.9384760460e-01  4.4307595164e+00  1.4630461017e+00  9.6197031216e-01  5.6293848253e+00 -3.6124314582e-01 -8.1142001480e-02 -2.0414982942e+00 -2.6338300641e+00 -1.1191371450e-01 -7.2779799786e-01 -2.0756910850e+00 -4.8228030937e-02  3.2387378945e+00  7.3938972521e-01  8.6009024738e-01  4.4342053755e+00 -1.0779482399e+00 -1.9691465083e-01 -2.5541085701e+00 -2.9484103423e+00 -1.3371854350e+00  2.0387340524e-02 -1.8533235131e+00 -1.1750820296e+00  3.2299215640e+00 -5.3063456494e-01  2.7009696450e-01 -5.1833526945e-01 -2.1775357055e+00 -2.4914416320e+00  1.4059093407e+00 -1.2596320382e+00 -1.1574951373e+00 -1.8102971565e+00 -2.7265214482e+00 -2.4644347079e+00  1.9839629040e+00 -1.2506176896e+00  1.9799695052e-01  5.9490562434e-02 -2.0073748257e+00 -3.5716722133e+00  6.5578691740e+00  1.4729286343e+00  5.8148150977e-01  4.4261595482e+00  2.4490930774e+00  1.4198162977e+00  6.5579220018e+00 -7.9654200701e-01 -4.4208303474e-01 -2.6271180439e+00 -2.8055785655e+00  7.8377587667e-01 -3.0144989931e-01 -1.8057813805e+00  9.1400695979e-01  2.3030856659e+00  1.1429032185e+00  1.2373983878e+00  4.4338045978e+00 -2.0662342385e+00 -6.5293761034e-01 -3.5408543613e+00 -3.3747973195e+00 -1.4853849737e+00  1.3580560413e+00 -2.2339549869e-01 -1.5124594579e+00  2.0288859798e+00 -1.7909091248e+00 -1.8923553701e+00 -2.1859216350e+00 -2.9519188613e+00 -3.3801400990e+00  2.1566702904e+00 -2.2189502465e+00  4.6734178487e-01
ENERGY -6.493452547923e+02

JOB 19
COORDS  5.6175873645e+00  9.1686066961e-01  5.0880004117e-01  4.4648772804e+00  1.3852325985e+00  1.1472835041e+00  5.5631989065e+00 -2.6015927049e-01 -2.4652770258e-01 -2.1121332282e+00 -2.4891970422e+00 -1.4545027791e-01 -7.8563271188e-01 -1.9625822820e+00 -7.9475056223e-02  3.2625710571e+00  6.7930886559e-01  1.0306206040e+00  4.3600743000e+00 -9.6206040458e-01 -3.6422219126e-01 -2.5833032715e+00 -2.9152773718e+00 -1.3535580880e+00  1.4437330174e-02 -1.8788220598e+00 -1.1894139107e+00  3.1996339317e+00 -4.9518442266e-01  2.7225169473e-01 -4.7951483985e-01 -2.3227785989e+00 -2.4884075045e+00  1.4166250258e+00 -1.3244922200e+00 -1.1727077544e+00 -1.7877330032e+00 -2.8316827980e+00 -2.4640693375e+00  1.9386436755e+00 -1.1964758864e+00  1.9668918959e-01  1.4749134616e-01 -2.2803834502e+00 -3.5538192717e+00  6.5529670510e+00  1.4629265077e+00  6.0014641552e-01  4.5017371825e+00  2.2967253368e+00  1.7387136460e+00  6.4569738392e+00 -6.3177451719e-01 -7.4160112502e-01 -2.7397498519e+00 -2.5516546113e+00  7.3597430436e-01 -3.9119721655e-01 -1.6059693415e+00  8.6798329590e-01  2.3579081974e+00  1.0255484510e+00  1.5224472809e+00  4.3213809523e+00 -1.8759498712e+00 -9.5285839389e-01 -3.5759289994e+00 -3.3281696104e+00 -1.5006612562e+00  1.4131949467e+00 -3.2657973659e-01 -1.6271250844e+00  2.0420590633e+00 -1.9434842182e+00 -1.8325186940e+00 -2.1318660453e+00 -3.1405896033e+00 -3.3677122770e+00  2.0609480333e+00 -2.1329684908e+00  5.8142089781e-01
ENERGY -6.493440931945e+02

JOB 20
COORDS  5.5717977133e+00  1.0015279703e+00  5.2478106064e-01  4.4640786779e+00  1.2698204405e+00  1.3357263559e+00  5.5019622127e+00 -2.7673396329e-02 -4.2041520178e-01 -2.1475778723e+00 -2.2371845184e+00 -2.0393971644e-01 -7.8056083936e-01 -1.8270579186e+00 -1.3816619064e-01  3.2944738599e+00  5.1583426683e-01  1.1981099645e+00  4.3375399605e+00 -7.9098934524e-01 -5.4740915444e-01 -2.6111379822e+00 -2.7696238898e+00 -1.3721484485e+00  6.6061551657e-02 -1.9557953461e+00 -1.2081962673e+00  3.2246480909e+00 -5.2983378753e-01  2.6781625835e-01 -4.1893949588e-01 -2.5146000778e+00 -2.4654191998e+00  1.5143938228e+00 -1.5310570470e+00 -1.1930449712e+00 -1.7690270703e+00 -2.8986357645e+00 -2.4433086413e+00  1.9923180830e+00 -1.2665604496e+00  1.6616632744e-01  2.4878027238e-01 -2.6623546738e+00 -3.4963697511e+00  6.4785760330e+00  1.5927230834e+00  6.2307696055e-01  4.5049010749e+00  2.0752873016e+00  2.0648519376e+00  6.3569118051e+00 -2.3966479274e-01 -1.0577583566e+00 -2.8111706934e+00 -2.1310061958e+00  6.4643087381e-01 -3.8891028198e-01 -1.3907844665e+00  7.7648740253e-01  2.4180976124e+00  7.2741527044e-01  1.8044582152e+00  4.2941454342e+00 -1.5902021573e+00 -1.2825859835e+00 -3.6319592562e+00 -3.1080542590e+00 -1.5163916520e+00  1.6216167835e+00 -6.0786526420e-01 -1.7742099695e+00  2.0942874729e+00 -2.2899629230e+00 -1.7386926800e+00 -2.1062692038e+00 -3.2872202903e+00 -3.3183541405e+00  2.0508383778e+00 -2.1337560811e+00  6.9627948350e-01
ENERGY -6.493441822601e+02

JOB 21
COORDS  5.5475718960e+00  1.0252143391e+00  5.4385261261e-01  4.5241472500e+00  1.1041997953e+00  1.4967003065e+00  5.3992117625e+00  1.6667077091e-01 -5.4881452740e-01 -2.1826874732e+00 -2.0010078184e+00 -2.5254399766e-01 -7.9363281825e-01 -1.6742256980e+00 -1.8365493046e-01  3.3651326439e+00  3.4048175639e-01  1.3509263468e+00  4.2513655049e+00 -6.2169241600e-01 -6.8346621935e-01 -2.6430546389e+00 -2.6512448046e+00 -1.3608851709e+00  7.7297846549e-02 -1.9971015486e+00 -1.1912895793e+00  3.2258160855e+00 -5.5324249709e-01  2.7441787106e-01 -4.0436307148e-01 -2.6808278586e+00 -2.3868750562e+00  1.5504564454e+00 -1.6662936914e+00 -1.1754083203e+00 -1.7773519751e+00 -2.9725161476e+00 -2.3708280537e+00  2.0104751427e+00 -1.2817403477e+00  1.5186781633e-01  2.8419872224e-01 -3.0002289888e+00 -3.3634793408e+00  6.4423671988e+00  1.6331573077e+00  6.4721615692e-01  4.6171244692e+00  1.7840724728e+00  2.3401504178e+00  6.1831008090e+00  1.0137372686e-01 -1.2994686203e+00 -2.8648599072e+00 -1.7414634571e+00  5.4864825463e-01 -4.0663294537e-01 -1.1451531266e+00  6.8290362989e-01  2.5496582268e+00  4.2975274534e-01  2.0642502843e+00  4.1585616760e+00 -1.2936226409e+00 -1.5315185901e+00 -3.6794425284e+00 -2.9396556822e+00 -1.5025688395e+00  1.7307828301e+00 -8.2394091382e-01 -1.8532618745e+00  2.0926498123e+00 -2.5181199476e+00 -1.6131194729e+00 -2.1119952452e+00 -3.4486220967e+00 -3.2026162157e+00  1.9224960711e+00 -2.0283073563e+00  8.3432544508e-01
ENERGY -6.493463010442e+02

JOB 22
COORDS  5.5949215880e+00  9.9159142459e-01  5.7831723643e-01  4.6325892498e+00  9.5696390945e-01  1.5967093859e+00  5.3541777659e+00  2.9036183225e-01 -6.0511845346e-01 -2.2019946307e+00 -1.9199865540e+00 -3.5100938774e-01 -8.1839774550e-01 -1.5719632445e+00 -2.7869165967e-01  3.4478087513e+00  2.4330110803e-01  1.4262865316e+00  4.1793727287e+00 -4.5121541629e-01 -7.7381596780e-01 -2.6218476558e+00 -2.7007283137e+00 -1.3889377597e+00  8.7252638280e-02 -2.0014452416e+00 -1.2137372237e+00  3.2123618078e+00 -4.9049041442e-01  2.4638267098e-01 -3.5227604748e-01 -2.8222642162e+00 -2.3376403662e+00  1.5557452700e+00 -1.6538815542e+00 -1.1937190954e+00 -1.7223791679e+00 -3.1274127732e+00 -2.3274899006e+00  1.9817131389e+00 -1.1633485516e+00  1.0577269235e-01  3.6769509663e-01 -3.2408411252e+00 -3.2516044838e+00  6.5113786806e+00  1.5611728766e+00  7.0527371275e-01  4.7955090645e+00  1.5101478213e+00  2.5185786543e+00  6.0896586813e+00  3.0735768662e-01 -1.4058169940e+00 -2.9108543340e+00 -1.5757239799e+00  3.9295198935e-01 -4.6807862180e-01 -9.3824641936e-01  5.3163575235e-01  2.6857059993e+00  2.5149255430e-01  2.2024355941e+00  4.0275561738e+00 -1.0062015999e+00 -1.6938526426e+00 -3.6509343656e+00 -3.0156716234e+00 -1.5271340711e+00  1.7384484541e+00 -8.6553939679e-01 -1.9336355689e+00  2.1204551590e+00 -2.5298338938e+00 -1.5471555703e+00 -2.0273437617e+00 -3.6995821717e+00 -3.1086665541e+00  1.7731841913e+00 -1.7945185420e+00  8.7166857067e-01
ENERGY -6.493489134262e+02

JOB 23
COORDS  5.6610924888e+00  9.1375851638e-01  6.0931260091e-01  4.7416322732e+00  8.0708797964e-01  1.6622592444e+00  5.3307357075e+00  3.6569567462e-01 -6.3137554403e-01 -2.2371310292e+00 -1.8757195944e+00 -4.1591488299e-01 -8.6646601254e-01 -1.4794819490e+00 -3.4669242355e-01  3.5150089547e+00  1.7609265473e-01  1.4715131753e+00  4.1092634900e+00 -2.8851250607e-01 -8.2928888985e-01 -2.6073110414e+00 -2.7667941888e+00 -1.3813498083e+00  7.4513686489e-02 -1.9710678132e+00 -1.2142689515e+00  3.1822902862e+00 -3.9159762907e-01  2.2381047417e-01 -3.1249476435e-01 -2.9090095429e+00 -2.2636292129e+00  1.5302954181e+00 -1.5777723667e+00 -1.1966690361e+00 -1.6728373910e+00 -3.2550358223e+00 -2.2531205208e+00  1.9159435925e+00 -9.8068911990e-01  7.1358573204e-02  4.4163031305e-01 -3.3893911803e+00 -3.1173458329e+00  6.6136371124e+00  1.4148497579e+00  7.5667781239e-01  4.9763517038e+00  1.2326010471e+00  2.6349945927e+00  6.0324965621e+00  4.3374465713e-01 -1.4591788324e+00 -2.9743218273e+00 -1.4823770299e+00  2.7416334211e-01 -5.5827953916e-01 -7.5769295949e-01  4.0514012588e-01  2.7957268417e+00  1.2286226399e-01  2.2865064327e+00  3.8936273855e+00 -7.2493585295e-01 -1.7984682519e+00 -3.6230945695e+00 -3.1255083226e+00 -1.5109089951e+00  1.6982775537e+00 -8.4267698332e-01 -1.9930252066e+00  2.1331106966e+00 -2.4569278476e+00 -1.4690397745e+00 -1.9416110473e+00 -3.9093284914e+00 -2.9813462790e+00  1.6408654776e+00 -1.5367203491e+00  8.7390422796e-01
ENERGY -6.493506562735e+02

