JOB 0
COORDS  2.3822506877e+00 -1.1509861359e+00 -8.0614962674e-01  5.5206331140e+00 -1.2625342312e+00  1.2918457591e+00  5.4898511138e+00 -2.1866780515e+00  8.8826670602e-02  4.6234203233e+00 -9.5500548809e-01  1.1808792665e-01  6.4229952911e-02 -1.3184777717e+00 -1.5738679914e+00  3.2045458498e+00 -1.1138325986e+00  3.2220501271e-01  1.0282967223e+00 -1.0722009997e+00 -5.0485619983e-01  2.8138091603e+00 -1.2377841368e+00 -1.9516684624e+00  5.0496275972e+00 -1.6163616887e+00  2.2047118869e+00  6.3902239339e+00 -6.3039821193e-01  1.4438035462e+00  6.3375101418e+00 -2.1897898516e+00 -5.8916536925e-01  4.9830212100e+00 -3.1393500321e+00  2.0186452684e-01  4.9130200874e+00 -1.3730647347e-01 -5.3870896250e-01 -9.3019441129e-01 -1.0277254861e+00 -1.2252360116e+00  4.5129243274e-02 -2.3685192165e+00 -1.8931414047e+00  3.2949970469e-01 -7.0730238768e-01 -2.4371554851e+00  2.8298228777e+00 -5.7719348100e-01  1.0975068202e+00  7.6767836942e-01 -1.4237609064e+00  4.0883907458e-01
ENERGY -3.813363864126e+02

JOB 1
COORDS  2.4051770311e+00 -1.1370984568e+00 -7.9030248380e-01  5.5020485956e+00 -1.3602001298e+00  1.3018948449e+00  5.4177351980e+00 -2.1371712956e+00  5.1671138335e-03  4.6345836764e+00 -8.6175080017e-01  1.6715630688e-01  9.8920535396e-02 -1.3992687911e+00 -1.5669919474e+00  3.2089622517e+00 -9.6326099654e-01  3.3642193528e-01  1.0458620190e+00 -1.0228956910e+00 -5.2071672036e-01  2.8512429975e+00 -1.3610885707e+00 -1.9112500975e+00  4.9967082251e+00 -1.7758235473e+00  2.1687840723e+00  6.4108553732e+00 -8.0825205838e-01  1.5224546788e+00  6.2657789590e+00 -2.1205483735e+00 -6.7174716138e-01  4.8469016386e+00 -3.0594184706e+00  5.4318664839e-03  4.9874715744e+00  2.0584781833e-03 -3.9429313078e-01 -9.0088216902e-01 -1.0698677357e+00 -1.2721256899e+00  8.4356033355e-02 -2.4803908137e+00 -1.7567007551e+00  3.7813444535e-01 -8.9722011984e-01 -2.4938824460e+00  2.8175076010e+00 -3.7728008874e-01  1.0656358526e+00  7.7037587142e-01 -1.2645213922e+00  4.2379513601e-01
ENERGY -3.813365751046e+02

JOB 2
COORDS  2.4321438436e+00 -1.1247994576e+00 -7.7701258974e-01  5.4693866245e+00 -1.4623950021e+00  1.3008684846e+00  5.3683390878e+00 -2.0881260562e+00 -7.0282126214e-02  4.6620075551e+00 -7.8758198906e-01  2.0842009584e-01  1.2723342122e-01 -1.4739405640e+00 -1.5228229332e+00  3.2302172947e+00 -8.1885906102e-01  3.2141222587e-01  1.0709596770e+00 -9.8103723912e-01 -5.2320438772e-01  2.8751249185e+00 -1.4769116612e+00 -1.8661118794e+00  4.9121663711e+00 -1.9266670564e+00  2.1091264856e+00  6.4052610441e+00 -9.9717034413e-01  1.5967670821e+00  6.2309108905e+00 -2.0525015554e+00 -7.2763079903e-01  4.7415090649e+00 -2.9645741819e+00 -1.8785978845e-01  5.0852748209e+00  1.0543591868e-01 -2.4989930226e-01 -8.7416156155e-01 -1.1177940509e+00 -1.2668316847e+00  1.1645277436e-01 -2.5694589902e+00 -1.5929691138e+00  4.0577481044e-01 -1.0757892445e+00 -2.4990390028e+00  2.8223902821e+00 -2.1013667792e-01  1.0210348340e+00  7.9233532335e-01 -1.1177694283e+00  4.4112915048e-01
ENERGY -3.813359325977e+02

JOB 3
COORDS  2.4581656778e+00 -1.1004299739e+00 -7.8877503495e-01  5.4052163840e+00 -1.5429098492e+00  1.2963794055e+00  5.3482283588e+00 -2.0337439272e+00 -1.2897825078e-01  4.6957252453e+00 -7.2395129758e-01  2.2931580632e-01  1.4866252646e-01 -1.5363447180e+00 -1.4720973922e+00  3.2626498833e+00 -6.6608912985e-01  2.5422847456e-01  1.0969050980e+00 -9.3960671172e-01 -5.3546048648e-01  2.8865433562e+00 -1.5621404136e+00 -1.8430408537e+00  4.7766002398e+00 -2.0436026838e+00  2.0268170980e+00  6.3455202655e+00 -1.1610745925e+00  1.6841411930e+00  6.2470093979e+00 -1.9860182971e+00 -7.3521184996e-01  4.6884279973e+00 -2.8600098922e+00 -3.6373022580e-01  5.1963024070e+00  1.7914535106e-01 -1.1746830247e-01 -8.5337013601e-01 -1.1644007252e+00 -1.2421441284e+00  1.4632879146e-01 -2.6336109371e+00 -1.4344931600e+00  4.1439580043e-01 -1.2340699584e+00 -2.4855317439e+00  2.8361405498e+00 -8.4061604446e-02  9.6369143987e-01  8.2553189569e-01 -9.8227265624e-01  4.3951901769e-01
ENERGY -3.813345910336e+02

JOB 4
COORDS  2.4815410704e+00 -1.0777204450e+00 -8.1197784166e-01  5.3197112687e+00 -1.6113091576e+00  1.2813354689e+00  5.3510881012e+00 -1.9887870369e+00 -1.7877038667e-01  4.7262789637e+00 -6.8054506589e-01  2.3206454326e-01  1.6433807839e-01 -1.5998704577e+00 -1.4056415135e+00  3.3016370778e+00 -5.2400171490e-01  1.5643022878e-01  1.1231213203e+00 -9.1980904923e-01 -5.3970112214e-01  2.8888165268e+00 -1.6183951474e+00 -1.8375459569e+00  4.6162825323e+00 -2.1384911482e+00  1.9195275563e+00  6.2405229448e+00 -1.3039546514e+00  1.7695730860e+00  6.2953880697e+00 -1.9345214592e+00 -7.1106077886e-01  4.6825046258e+00 -2.7661213188e+00 -5.2594014924e-01  5.2945123897e+00  2.1839465763e-01 -9.2247229759e-04 -8.3770461728e-01 -1.2228147560e+00 -1.1841127298e+00  1.7735294847e-01 -2.6907652563e+00 -1.2818793414e+00  4.0507859315e-01 -1.3754190283e+00 -2.4451836273e+00  2.8618329977e+00 -1.3195287759e-02  9.1101399699e-01  8.6795992214e-01 -8.7752104836e-01  4.3938507765e-01
ENERGY -3.813329471728e+02

JOB 5
COORDS  2.4991927235e+00 -1.0793117285e+00 -8.3603823825e-01  5.2180655078e+00 -1.6795865277e+00  1.2615432993e+00  5.3818066002e+00 -1.9337851249e+00 -2.1769886368e-01  4.7387136915e+00 -6.5198413355e-01  2.4317665085e-01  1.7061556476e-01 -1.6234615429e+00 -1.3673496314e+00  3.3307556095e+00 -4.2184668964e-01  5.6062869968e-02  1.1447834646e+00 -8.8106173604e-01 -5.7355549880e-01  2.8884343286e+00 -1.7270654395e+00 -1.8058753994e+00  4.4488156090e+00 -2.2436867305e+00  1.7815645167e+00  6.0930486593e+00 -1.4384094047e+00  1.8593397129e+00  6.3747333188e+00 -1.8496024553e+00 -6.4866962679e-01  4.7430931304e+00 -2.6668186010e+00 -6.9216329444e-01  5.3401002973e+00  2.4918925757e-01  1.4269153952e-01 -8.2388411194e-01 -1.2104792807e+00 -1.1783840743e+00  1.6660882543e-01 -2.6977270799e+00 -1.1406014617e+00  4.0897598331e-01 -1.5026665626e+00 -2.4245309414e+00  2.8770691156e+00  9.6870333545e-02  7.9774052989e-01  8.8995620481e-01 -7.2374772840e-01  3.9350883724e-01
ENERGY -3.813313621677e+02

JOB 6
COORDS  2.4997535349e+00 -1.1281948597e+00 -8.1001167844e-01  5.1663913531e+00 -1.7678585624e+00  1.2106377057e+00  5.4606310753e+00 -1.8554406823e+00 -2.7147822286e-01  4.7394475069e+00 -6.4967042261e-01  2.6930210858e-01  1.5490361073e-01 -1.6494601410e+00 -1.2986172113e+00  3.3477392028e+00 -3.8607465415e-01 -3.5018672356e-03  1.1523404803e+00 -8.4560262949e-01 -6.0016798478e-01  2.8688301492e+00 -1.9155742321e+00 -1.6804614746e+00  4.3762399494e+00 -2.4080348156e+00  1.5932029995e+00  5.9793605077e+00 -1.5757125497e+00  1.9059236961e+00  6.4830494696e+00 -1.6975796007e+00 -6.0214480563e-01  4.8859206473e+00 -2.5523158976e+00 -8.6613668440e-01  5.3218441545e+00  2.6750978008e-01  3.1687027141e-01 -8.2080601511e-01 -1.1676242135e+00 -1.1933922544e+00  9.4609931921e-02 -2.6774613390e+00 -9.1766735793e-01  4.1461599636e-01 -1.6959342670e+00 -2.3566161583e+00  2.8963823533e+00  1.9113117784e-01  6.9555597125e-01  8.8832447101e-01 -5.2090422373e-01  3.2134225277e-01
ENERGY -3.813301611239e+02

JOB 7
COORDS  2.3761953764e+00 -1.3316533000e+00 -4.9174122530e-01  5.1979541490e+00 -1.9503141974e+00  1.0293227017e+00  5.4989825322e+00 -1.5976487654e+00 -4.2600923992e-01  4.6214287966e+00 -7.0313873142e-01  4.1641284403e-01  1.0257358856e-01 -1.6546236406e+00 -1.3356027295e+00  3.1901727724e+00 -4.9503947043e-01  2.5817646464e-01  1.1352956664e+00 -7.7547870081e-01 -7.9208413881e-01  2.6983096617e+00 -2.4626119306e+00 -8.5367052346e-01  4.5177436184e+00 -2.7819048970e+00  1.1782893886e+00  5.9781362827e+00 -1.8427880763e+00  1.7779081245e+00  6.4862572784e+00 -1.2193445706e+00 -6.7859359792e-01  5.0234017069e+00 -2.2161173333e+00 -1.1755545108e+00  5.0802608351e+00  2.2490339974e-01  7.4498847302e-01 -7.3243289700e-01 -1.0409477407e+00 -1.6835297340e+00 -2.6294362105e-01 -2.3842759336e+00 -6.0136670875e-01  5.1489295053e-01 -2.2038031944e+00 -2.1824500049e+00  2.9482371373e+00  4.8538328811e-01  1.8142850730e-01  8.0319457419e-01 -7.5326582061e-02 -1.3929168178e-01
ENERGY -3.813304783742e+02

JOB 8
COORDS  2.3822254354e+00 -1.3287732531e+00 -4.4680828031e-01  5.1466186890e+00 -2.0045140090e+00  9.7944157404e-01  5.5339199494e+00 -1.5221585459e+00 -4.1515890572e-01  4.6228719528e+00 -6.9267134160e-01  4.6188707910e-01  1.0984053578e-01 -1.6754301847e+00 -1.2845493949e+00  3.2157635283e+00 -4.3522371802e-01  2.1040615083e-01  1.1550856082e+00 -7.7507009662e-01 -8.0345858070e-01  2.6793699172e+00 -2.4960321861e+00 -6.9775331082e-01  4.4566301753e+00 -2.8385463957e+00  1.0142853586e+00  5.8860707671e+00 -1.9699401154e+00  1.7749801870e+00  6.5411645312e+00 -1.1512027281e+00 -5.8612955368e-01  5.0823150217e+00 -2.0582408315e+00 -1.2411449889e+00  5.0720244670e+00  1.9006376920e-01  9.0780808798e-01 -7.1062546181e-01 -1.0761053433e+00 -1.6877187643e+00 -2.7506367893e-01 -2.3374294468e+00 -4.9807674654e-01  5.1762612966e-01 -2.2981692550e+00 -2.0813186677e+00  3.0272949797e+00  5.3595506079e-01 -8.0110973769e-03  8.3301151923e-01 -2.1337843339e-02 -2.0776780555e-01
ENERGY -3.813316929462e+02

JOB 9
COORDS  2.3562371457e+00 -1.3576713983e+00 -4.4927979718e-01  5.1111479617e+00 -2.0502005870e+00  9.0049448321e-01  5.5720173060e+00 -1.4585212979e+00 -4.2419446901e-01  4.6021758162e+00 -7.0309224849e-01  4.6099824131e-01  7.4664687206e-02 -1.6990206719e+00 -1.2651193519e+00  3.2244198144e+00 -4.2929325019e-01  1.0400442553e-01  1.1480307605e+00 -7.9568761865e-01 -8.5746991529e-01  2.6078897126e+00 -2.5538522208e+00 -5.8965581598e-01  4.4339511588e+00 -2.8913270335e+00  8.4000641644e-01  5.8060101869e+00 -2.0599135765e+00  1.7360083227e+00  6.5864059600e+00 -1.0792391519e+00 -5.1498986404e-01  5.1642673152e+00 -1.9239587116e+00 -1.3151791932e+00  5.0125543837e+00  1.4473258661e-01  1.0023647582e+00 -7.2614350943e-01 -1.1090796294e+00 -1.7186213323e+00 -3.3142754489e-01 -2.2811606792e+00 -4.2781921648e-01  4.6198249504e-01 -2.3984712710e+00 -2.0065953159e+00  3.0749983367e+00  5.2055227325e-01 -2.1461936453e-01  8.5021187942e-01  1.4765303626e-02 -3.2732605637e-01
ENERGY -3.813317759719e+02

JOB 10
COORDS  2.3313581913e+00 -1.4002256070e+00 -3.9689165019e-01  5.1271925724e+00 -2.0886986207e+00  8.4034166608e-01  5.6404600863e+00 -1.3648853802e+00 -3.9243116785e-01  4.5934814082e+00 -7.2234831927e-01  4.9859831947e-01  4.7513869248e-02 -1.7064648829e+00 -1.2206719323e+00  3.2411193454e+00 -4.5796851656e-01  5.6850169239e-02  1.1643652809e+00 -8.2203270080e-01 -8.9694696915e-01  2.5090840616e+00 -2.6172584935e+00 -3.9122177038e-01  4.4801922616e+00 -2.9386301791e+00  6.7529540571e-01  5.7755612984e+00 -2.1470603952e+00  1.7103037514e+00  6.6457049868e+00 -9.5213327823e-01 -3.9112433298e-01  5.2964681017e+00 -1.7475607534e+00 -1.3485784510e+00  4.9425084293e+00  8.4552532728e-02  1.1377667864e+00 -7.1288162472e-01 -1.1290383523e+00 -1.7531026728e+00 -4.0163854440e-01 -2.1670923139e+00 -3.3130207168e-01  4.0422997812e-01 -2.5055891530e+00 -1.8712024054e+00  3.1297278018e+00  4.6007354117e-01 -3.5688482644e-01  9.0319406488e-01  5.7834417684e-02 -4.6758696855e-01
ENERGY -3.813313160465e+02

JOB 11
COORDS  2.2848810067e+00 -1.4201396621e+00 -3.1253321437e-01  5.1389907053e+00 -2.1151463791e+00  7.3884733444e-01  5.6796782878e+00 -1.2405426318e+00 -3.7536567906e-01  4.5719392231e+00 -7.3531440450e-01  5.3402364335e-01  1.2355689904e-02 -1.6982852320e+00 -1.1763147903e+00  3.2379849653e+00 -4.7586198777e-01  4.2415278572e-02  1.1820929186e+00 -8.5220249062e-01 -9.5213518856e-01  2.3708213860e+00 -2.6301811809e+00 -1.1377675696e-01  4.5186245185e+00 -2.9558769534e+00  4.6175736718e-01  5.7513942250e+00 -2.2550236219e+00  1.6250053381e+00  6.6682748181e+00 -8.0008627721e-01 -2.7785821086e-01  5.3919701894e+00 -1.5101069477e+00 -1.3876135996e+00  4.8670852353e+00  4.4738440612e-03  1.2746817375e+00 -6.8789829016e-01 -1.1620487971e+00 -1.8222290601e+00 -4.9432072078e-01 -1.9791800205e+00 -2.4393499883e-01  3.2663273368e-01 -2.6134947311e+00 -1.6789062228e+00  3.1692102533e+00  3.9374195038e-01 -4.7357772025e-01  9.7338543191e-01  1.0354756038e-01 -6.8801785246e-01
ENERGY -3.813312319377e+02

JOB 12
COORDS  2.2540416331e+00 -1.4112003879e+00 -2.3891690659e-01  5.1350404768e+00 -2.1438718062e+00  6.2478132393e-01  5.7168658142e+00 -1.1353604853e+00 -3.4322940322e-01  4.5570537115e+00 -7.5516583139e-01  5.6297053639e-01 -6.5207120966e-03 -1.6851654049e+00 -1.1343172495e+00  3.2500684358e+00 -4.7787316809e-01  1.7953432277e-02  1.2121797705e+00 -8.8943545210e-01 -1.0068680774e+00  2.2604200282e+00 -2.5778798507e+00  1.4601471420e-01  4.5348732540e+00 -2.9497784453e+00  2.2513339074e-01  5.7032061311e+00 -2.3907378065e+00  1.5165645660e+00  6.6906077581e+00 -6.9867712723e-01 -1.3870032095e-01  5.4875225594e+00 -1.2758313221e+00 -1.3959202795e+00  4.8027682910e+00 -1.0610624333e-01  1.4011004587e+00 -6.4786790215e-01 -1.2236133320e+00 -1.8898096573e+00 -5.5962285022e-01 -1.7702435112e+00 -1.8989137385e-01  2.5871035153e-01 -2.6905882147e+00 -1.4623608861e+00  3.2278986201e+00  3.3654956224e-01 -5.8476048227e-01  1.0620324416e+00  1.0864494454e-01 -9.1671013457e-01
ENERGY -3.813319192660e+02

JOB 13
COORDS  2.2529337265e+00 -1.4001376684e+00 -1.9420123118e-01  5.1500189648e+00 -2.1677816201e+00  5.3781996066e-01  5.7805517994e+00 -1.0591628458e+00 -2.7629428582e-01  4.5573073726e+00 -7.8435132514e-01  5.8135829086e-01 -1.1152198049e-02 -1.6838453777e+00 -1.0774458285e+00  3.2923344176e+00 -4.9183524951e-01 -4.1958244090e-02  1.2438828354e+00 -9.3684370287e-01 -1.0387380078e+00  2.2082957184e+00 -2.5056884425e+00  3.3860800338e-01  4.5858310403e+00 -2.9302868431e+00  1.6995880822e-02  5.6584326060e+00 -2.5095872138e+00  1.4339212305e+00  6.7295917616e+00 -6.3720345203e-01  4.2409547582e-02  5.6298439818e+00 -1.0880379031e+00 -1.3520144357e+00  4.7321919846e+00 -2.2161155765e-01  1.4964965574e+00 -6.2086974653e-01 -1.3015403385e+00 -1.9003978001e+00 -5.7824456452e-01 -1.6115381167e+00 -1.4021017466e-01  2.0823882089e-01 -2.7362579173e+00 -1.2593541090e+00  3.3147613130e+00  2.6502947886e-01 -7.1459436497e-01  1.1425548189e+00  7.0267007621e-02 -1.0859848701e+00
ENERGY -3.813330586805e+02

JOB 14
COORDS  2.2304416736e+00 -1.4011055600e+00 -1.9129250810e-01  5.1688399090e+00 -2.1869534988e+00  4.5257806878e-01  5.8191928591e+00 -9.9433162061e-01 -2.1346801250e-01  4.5298808216e+00 -8.2753968928e-01  5.6743077530e-01 -5.2352459285e-02 -1.6814193647e+00 -1.0267047615e+00  3.3152689580e+00 -5.3810195390e-01 -1.4466818045e-01  1.2325686615e+00 -9.8804689509e-01 -1.0729318252e+00  2.1511169778e+00 -2.4402072977e+00  4.5840663825e-01  4.6645504050e+00 -2.9120132903e+00 -1.7434755000e-01  5.6225645249e+00 -2.5968339306e+00  1.3492203165e+00  6.7264889946e+00 -5.7794375374e-01  2.1467922505e-01  5.7555917433e+00 -9.3150408785e-01 -1.2964868920e+00  4.6110076833e+00 -3.3861882506e-01  1.5365754022e+00 -6.5163312501e-01 -1.3669772388e+00 -1.8852988026e+00 -6.0977829802e-01 -1.4830064068e+00 -1.0189571255e-01  1.2239397391e-01 -2.7556929505e+00 -1.0919892164e+00  3.3722797801e+00  1.7320290265e-01 -8.6214500015e-01  1.1752175202e+00  1.0698333339e-02 -1.2331319177e+00
ENERGY -3.813341159542e+02

JOB 15
COORDS  2.1616837100e+00 -1.4693528040e+00 -1.1768185194e-01  5.1882531242e+00 -2.2603718943e+00  2.2298056555e-01  5.8046558795e+00 -9.5427239773e-01 -2.3229521690e-01  4.4924291829e+00 -9.6256190053e-01  5.2659590034e-01 -1.0481808841e-01 -1.8014221562e+00 -9.8057459536e-01  3.2852711719e+00 -6.5385689169e-01 -1.8617321072e-01  1.0666206461e+00 -9.4793827881e-01 -8.0226365093e-01  2.1231690178e+00 -2.5352429527e+00  4.9006087069e-01  4.7299483526e+00 -2.8959506400e+00 -5.2552490917e-01  5.6358825659e+00 -2.7890914516e+00  1.0580244904e+00  6.6841728785e+00 -5.7979470979e-01  2.8348943427e-01  5.7588814105e+00 -7.2197172502e-01 -1.2921344941e+00  4.5219450473e+00 -6.3284596345e-01  1.5647788753e+00  7.5926700769e-02 -2.6317294634e+00 -1.6757231637e+00 -9.3133512157e-01 -1.1907058915e+00 -1.3535857163e+00 -3.8456285836e-01 -2.2242141309e+00 -1.5160826549e-02  3.1331944734e+00  3.2059079467e-01 -4.1587824276e-01  1.2894750981e+00 -3.4838927262e-01 -1.5878111812e+00
ENERGY -3.813354760547e+02

JOB 16
COORDS  2.1432560556e+00 -1.4735127454e+00 -1.3602977524e-01  5.2598753388e+00 -2.2647857244e+00  1.6237228030e-01  5.8266186124e+00 -8.9641567523e-01 -1.5480580291e-01  4.4669173644e+00 -1.0306396491e+00  4.9575081161e-01 -1.5388960136e-01 -1.7724335111e+00 -9.2612356214e-01  3.3118359896e+00 -7.3353760206e-01 -3.0751931321e-01  1.0612783429e+00 -9.6594139554e-01 -8.4814491323e-01  2.0693650413e+00 -2.4701669460e+00  5.7604921995e-01  4.8966847044e+00 -2.8660446662e+00 -6.6376400456e-01  5.6786969816e+00 -2.8271243491e+00  9.9046407604e-01  6.6409861389e+00 -5.1347565521e-01  4.5311249543e-01  5.8500157329e+00 -5.9266384975e-01 -1.1972016212e+00  4.3903123748e+00 -7.7401132944e-01  1.5516697376e+00 -2.6662810734e-02 -2.6730179597e+00 -1.5408219064e+00 -9.5691765936e-01 -1.1594401122e+00 -1.3438310223e+00 -4.3482803105e-01 -2.0866887316e+00  7.9569069846e-02  3.1863196479e+00  2.4243871322e-01 -5.5100800927e-01  1.2987932050e+00 -4.5540169487e-01 -1.6903760806e+00
ENERGY -3.813364145566e+02

JOB 17
COORDS  2.1222853342e+00 -1.4815383264e+00 -1.4671952003e-01  5.3640517469e+00 -2.2615007087e+00  1.1510839437e-01  5.8299132273e+00 -8.3187945042e-01 -7.0161320348e-02  4.4492774114e+00 -1.1193203779e+00  4.7243147479e-01 -1.9869238992e-01 -1.7105022087e+00 -8.8889329417e-01  3.3366106114e+00 -8.4062172783e-01 -4.0004558340e-01  1.0669185200e+00 -9.8182472361e-01 -9.0016391150e-01  1.9973915325e+00 -2.3922464272e+00  6.6617143278e-01  5.1081597456e+00 -2.8267935710e+00 -7.7476908475e-01  5.7799098016e+00 -2.8450370559e+00  9.3029422470e-01  6.5692242110e+00 -4.3028742070e-01  6.1629009877e-01  5.8993168876e+00 -4.5563711523e-01 -1.0868288284e+00  4.2752986609e+00 -9.4359402496e-01  1.5323956854e+00 -1.3760265925e-01 -2.6737640096e+00 -1.4117901347e+00 -9.6624014253e-01 -1.0908011606e+00 -1.3598517883e+00 -4.8537661519e-01 -1.9048540860e+00  1.4510222218e-01  3.2550090036e+00  1.2934861132e-01 -6.8592455442e-01  1.3268423912e+00 -5.7178162799e-01 -1.7893759238e+00
ENERGY -3.813365548821e+02

JOB 18
COORDS  2.0953255069e+00 -1.5040588649e+00 -1.4585021417e-01  5.4822810697e+00 -2.2452214978e+00  6.8748269025e-02  5.8057246852e+00 -7.6615877885e-01  4.3930122423e-03  4.4369253146e+00 -1.2243986575e+00  4.4540296027e-01 -2.4597901989e-01 -1.6451173477e+00 -8.4505030078e-01  3.3477590999e+00 -9.7697998982e-01 -4.7052346285e-01  1.0670049663e+00 -1.0126071948e+00 -9.3986995621e-01  1.9198779774e+00 -2.3155596639e+00  7.5809832511e-01  5.3336671376e+00 -2.7667586334e+00 -8.7120322810e-01  5.9190452067e+00 -2.8399148639e+00  8.6522010184e-01  6.4648542563e+00 -3.4145614626e-01  7.5542748835e-01  5.8938136457e+00 -3.1748803289e-01 -9.8147495864e-01  4.1848598148e+00 -1.1388418417e+00  1.4993974910e+00 -2.5851178308e-01 -2.6591667197e+00 -1.2650643862e+00 -9.7468123343e-01 -1.0250203322e+00 -1.3736381459e+00 -5.3220010926e-01 -1.7103963256e+00  2.0516177712e-01  3.3148963114e+00 -2.7615980602e-02 -8.2720069836e-01  1.3428860759e+00 -7.1401668338e-01 -1.8678303189e+00
ENERGY -3.813358626390e+02

JOB 19
COORDS  2.0706344581e+00 -1.5240572337e+00 -1.2909154233e-01  5.5976023574e+00 -2.2161509784e+00  2.4794497673e-02  5.7644561919e+00 -7.1016265400e-01  8.5745187035e-02  4.4351625142e+00 -1.3376819355e+00  4.2387198841e-01 -2.8167171585e-01 -1.5723091835e+00 -8.0168278898e-01  3.3527518392e+00 -1.1273370740e+00 -5.1325691451e-01  1.0709543958e+00 -1.0465081285e+00 -9.6771114405e-01  1.8455054437e+00 -2.2197306770e+00  8.5726208094e-01  5.5459263506e+00 -2.6734136625e+00 -9.5836381071e-01  6.0660407033e+00 -2.8234416620e+00  7.9376647254e-01  6.3447980338e+00 -2.7775857208e-01  8.9516874322e-01  5.8500066999e+00 -1.8075215533e-01 -8.6017799025e-01  4.1261012897e+00 -1.3565581629e+00  1.4642926051e+00 -3.6742014674e-01 -2.6235474577e+00 -1.1056170959e+00 -9.7011056582e-01 -9.6590476589e-01 -1.3960107370e+00 -5.6323624685e-01 -1.4998019835e+00  2.4928144024e-01  3.3774107882e+00 -2.2523042067e-01 -9.7604534116e-01  1.3570665064e+00 -8.7375135396e-01 -1.9241627676e+00
ENERGY -3.813345671504e+02

JOB 20
COORDS  2.0485926715e+00 -1.5323340627e+00 -1.0374158321e-01  5.6931521345e+00 -2.1731156364e+00 -3.0055630422e-02  5.7057622052e+00 -6.6754776979e-01  1.7536467093e-01  4.4376793339e+00 -1.4513808399e+00  3.9957624555e-01 -3.0836710802e-01 -1.5000872471e+00 -7.5886170557e-01  3.3479656960e+00 -1.2789341421e+00 -5.3741029283e-01  1.0745986699e+00 -1.0915351400e+00 -9.9281633754e-01  1.7830020002e+00 -2.0839723221e+00  9.6140310827e-01  5.7245765559e+00 -2.5362549565e+00 -1.0530541829e+00  6.1996965948e+00 -2.8020912771e+00  6.9646656881e-01  6.2163293384e+00 -2.5717826709e-01  1.0415179874e+00  5.7700580565e+00 -4.5390794403e-02 -7.1474796395e-01  4.0938324761e+00 -1.5939997340e+00  1.4177858024e+00 -4.6669779208e-01 -2.5736484492e+00 -9.2389043960e-01 -9.6021876205e-01 -9.3065283751e-01 -1.4265083310e+00 -5.7500856650e-01 -1.2733742412e+00  2.7384874097e-01  3.4336319986e+00 -4.6917615651e-01 -1.1407379154e+00  1.3598101791e+00 -1.0638500700e+00 -1.9646524709e+00
ENERGY -3.813332611948e+02

JOB 21
COORDS  2.3569783113e+00 -1.1337650637e+00 -8.9227240288e-01  5.4938593983e+00 -9.6967492597e-01  1.1750918459e+00  5.6703013894e+00 -2.2598250690e+00  3.8362759585e-01  4.6466781274e+00 -1.2364674540e+00 -4.0972455739e-02  5.3224220531e-03 -1.0695765189e+00 -1.5632706885e+00  3.2341131185e+00 -1.5003177302e+00  1.2448021273e-01  1.0189177653e+00 -1.2076231419e+00 -5.2019371865e-01  2.7221292985e+00 -7.7303035660e-01 -2.0086957473e+00  5.0235164061e+00 -1.0499284442e+00  2.1528292576e+00  6.2587655724e+00 -2.0136107293e-01  1.1121632350e+00  6.5619501569e+00 -2.3808001336e+00 -2.2487827440e-01  5.2969458799e+00 -3.1738213606e+00  8.3639910535e-01  4.8489113637e+00 -6.6421895408e-01 -9.3910070718e-01 -9.7467652376e-01 -9.7104795562e-01 -1.0891158318e+00 -9.1665928593e-03 -1.9212709623e+00 -2.2555491584e+00  2.1117864372e-01 -1.6762838587e-01 -2.1403989379e+00  2.8778401585e+00 -1.3538236767e+00  1.0616461686e+00  8.0915470241e-01 -1.8895376232e+00  1.9923461135e-01
ENERGY -3.813330082974e+02

JOB 22
COORDS  2.3598726090e+00 -1.1527509260e+00 -8.6657155694e-01  5.5109282209e+00 -1.0625521147e+00  1.2325031705e+00  5.6324154867e+00 -2.2447001842e+00  2.8088676612e-01  4.6338286146e+00 -1.1465796190e+00  1.2278699912e-02  1.7084184623e-02 -1.1468104779e+00 -1.5726400621e+00  3.2202354091e+00 -1.3871713768e+00  2.0593666719e-01  1.0171630719e+00 -1.1590596338e+00 -5.0800697386e-01  2.7475162207e+00 -9.5162141041e-01 -2.0143965098e+00  5.0562097203e+00 -1.2539436848e+00  2.2017231470e+00  6.2970148028e+00 -3.1374700401e-01  1.2472319397e+00  6.5065445092e+00 -2.3103392143e+00 -3.6027024294e-01  5.2341121187e+00 -3.1962874785e+00  6.1933081982e-01  4.8461546415e+00 -4.7419176690e-01 -8.1276459588e-01 -9.6564862824e-01 -9.6565621665e-01 -1.1295569407e+00 -7.4912019343e-03 -2.0853566020e+00 -2.1412868284e+00  2.4734994871e-01 -3.3707507226e-01 -2.2657123454e+00  2.8611747277e+00 -1.0644597351e+00  1.0974668461e+00  7.8897430192e-01 -1.7305187971e+00  2.9688592579e-01
ENERGY -3.813341073744e+02

JOB 23
COORDS  2.3670657836e+00 -1.1580466510e+00 -8.3460267573e-01  5.5206681826e+00 -1.1610669406e+00  1.2715140140e+00  5.5677160584e+00 -2.2207178889e+00  1.8243171617e-01  4.6235734460e+00 -1.0514806691e+00  6.6440966426e-02  3.6353749416e-02 -1.2322077362e+00 -1.5773403252e+00  3.2085085616e+00 -1.2572028132e+00  2.7547189681e-01  1.0187445286e+00 -1.1153031080e+00 -5.0290931983e-01  2.7785216025e+00 -1.1059944204e+00 -1.9899928730e+00  5.0662120321e+00 -1.4428977853e+00  2.2178407577e+00  6.3448556242e+00 -4.5962026385e-01  1.3575191275e+00  6.4261424826e+00 -2.2478658387e+00 -4.8181349040e-01  5.1232869218e+00 -3.1851248980e+00  4.0674419430e-01  4.8652406559e+00 -2.9671806020e-01 -6.7719521539e-01 -9.5168376865e-01 -9.8709237582e-01 -1.1790756560e+00  1.1212180286e-02 -2.2361229307e+00 -2.0204663047e+00  2.8694792485e-01 -5.2089240720e-01 -2.3649617962e+00  2.8440345773e+00 -8.0711418450e-01  1.1083819199e+00  7.7317920357e-01 -1.5752245424e+00  3.6575938227e-01
ENERGY -3.813354351534e+02

