JOB 0
COORDS  3.6691641099e+00 -4.2803520224e-01 -5.4862558423e+00  2.9311262861e+00  1.6738604826e-01 -4.2807511976e+00  2.8698428268e+00 -7.4535830408e-01 -3.0406101605e+00  3.9042286331e+00 -1.0127267170e+00 -2.7751063098e+00  2.1032529369e+00 -2.0451673227e+00 -3.3283806768e+00  2.2672277848e+00  2.4101327681e-02 -1.8501904957e+00  2.3525351675e+00 -6.9009199244e-01 -4.9486608059e-01  1.8020721824e+00  1.6046549438e-01  6.5844036107e-01  3.7549865185e+00  3.0762355518e-01 -6.2933749587e+00  3.1524882324e+00 -1.3017397964e+00 -5.8954078520e+00  4.6840574552e+00 -7.3984220500e-01 -5.2117247454e+00  3.4228809822e+00  1.1063533993e+00 -3.9955330883e+00  1.9073111145e+00  4.3770691712e-01 -4.5750585787e+00  2.0848813090e+00 -2.7062744356e+00 -2.4570172105e+00  1.0635843396e+00 -1.8263647468e+00 -3.6041602483e+00  2.5549870503e+00 -2.6083484861e+00 -4.1503902723e+00  1.2165521203e+00  2.6226487384e-01 -2.0730567191e+00  2.7831864539e+00  9.8968012381e-01 -1.7610218393e+00  3.4046011862e+00 -9.3478039026e-01 -2.9537048403e-01  1.8176431825e+00 -1.6457431815e+00 -5.2714233156e-01  2.1046758734e+00 -2.3891687468e-01  1.6324912372e+00  7.0835891892e-01  2.1789224509e-01  6.3192183761e-01  2.1864264175e+00  1.1861927812e+00  6.0247661663e-01
ENERGY -2.764514431705e+02

JOB 1
COORDS  3.7467202811e+00 -3.4629810282e-01 -5.4546604355e+00  3.0081583165e+00  2.5687882365e-01 -4.2533287722e+00  2.8937031213e+00 -6.7087086120e-01 -3.0281545048e+00  3.9139493806e+00 -9.7256457682e-01 -2.7451293067e+00  2.0953360015e+00 -1.9430370165e+00 -3.3512279582e+00  2.2885425137e+00  9.9063032785e-02 -1.8395547285e+00  2.3456173594e+00 -6.2731761059e-01 -4.8869075086e-01  1.7659652808e+00  2.1128191651e-01  6.6534493829e-01  3.8751044265e+00  3.9846293937e-01 -6.2476578057e+00  3.2060317280e+00 -1.1935150325e+00 -5.8877685716e+00  4.7439683819e+00 -7.0002269641e-01 -5.1665693236e+00  3.5264512268e+00  1.1742244888e+00 -3.9456653939e+00  1.9995266699e+00  5.6631443644e-01 -4.5612419482e+00  2.0317838594e+00 -2.6120557134e+00 -2.4880444070e+00  1.0711793183e+00 -1.6887087149e+00 -3.6532412761e+00  2.5520490925e+00 -2.5118873968e+00 -4.1665537824e+00  1.2451786917e+00  3.5747973119e-01 -2.0743175996e+00  2.8196521584e+00  1.0545077053e+00 -1.7338283772e+00  3.3959396886e+00 -8.6535039630e-01 -2.7446991163e-01  1.8229806358e+00 -1.5882335692e+00 -5.4176443463e-01  2.2486655796e+00 -2.3945217938e-02  1.6196740653e+00  6.8586554754e-01  6.9898912435e-02  7.7468028406e-01  1.9380296020e+00  1.2802824804e+00  4.9025586713e-01
ENERGY -2.764498442074e+02

JOB 2
COORDS  3.6378823000e+00 -6.2444515440e-01 -5.4777734996e+00  2.9087969714e+00  1.7416838673e-04 -4.2816031421e+00  2.8073469565e+00 -9.0412444575e-01 -3.0378359359e+00  3.8304013246e+00 -1.2016928067e+00 -2.7606391805e+00  2.0041211504e+00 -2.1812900813e+00 -3.3276846828e+00  2.2166599364e+00 -1.1094517091e-01 -1.8574463102e+00  2.2792239612e+00 -8.1528833895e-01 -4.9477276425e-01  1.7235393120e+00  5.2138681071e-02  6.5709974535e-01  3.7557495005e+00  1.0467467396e-01 -6.2867807952e+00  3.0962506835e+00 -1.4821192596e+00 -5.8885442823e+00  4.6392019362e+00 -9.6872095234e-01 -5.1923924691e+00  3.4279794648e+00  9.2422860859e-01 -3.9963418427e+00  1.8968310709e+00  3.0173784132e-01 -4.5863381739e+00  1.9549860889e+00 -2.8367965049e+00 -2.4532787029e+00  9.7507399078e-01 -1.9317445214e+00 -3.6167951727e+00  2.4475550612e+00 -2.7627963156e+00 -4.1413983271e+00  1.1728024810e+00  1.4967232469e-01 -2.0869205505e+00  2.7544422514e+00  8.4293397121e-01 -1.7723417179e+00  3.3268297332e+00 -1.0723267075e+00 -2.9229638480e-01  1.7398749958e+00 -1.7671791400e+00 -5.3175950089e-01  2.3726356360e+00  2.5903201651e-02  1.5381723848e+00  7.1981374105e-01 -2.5928822932e-01  9.6249338837e-01  1.6564349400e+00  1.1042383874e+00  3.5631656425e-01
ENERGY -2.764481556176e+02

JOB 3
COORDS  3.7421841434e+00 -4.6796284682e-01 -5.4620147611e+00  2.9923086170e+00  1.4587929983e-01 -4.2731385784e+00  2.8627067124e+00 -7.7234964935e-01 -3.0422452177e+00  3.8784567166e+00 -1.0823210489e+00 -2.7521588377e+00  2.0534283210e+00 -2.0389710188e+00 -3.3600511672e+00  2.2604703462e+00  1.2597104681e-02 -1.8623787558e+00  2.2620812033e+00 -7.2016627630e-01 -5.1309850262e-01  1.7320883350e+00  1.5613292160e-01  6.4794186287e-01  3.8778427215e+00  2.6962614702e-01 -6.2604899032e+00  3.2058579039e+00 -1.3192210193e+00 -5.8926372180e+00  4.7367520395e+00 -8.1873113078e-01 -5.1613697595e+00  3.5096457704e+00  1.0642660243e+00 -3.9669793168e+00  1.9878037438e+00  4.5543267254e-01 -4.5940974207e+00  1.9932351825e+00 -2.7088910695e+00 -2.4973589925e+00  1.0283150638e+00 -1.7779509880e+00 -3.6530907358e+00  2.4997616340e+00 -2.6094048620e+00 -4.1799896719e+00  1.2301990642e+00  3.0470863083e-01 -2.1132878172e+00  2.8203791328e+00  9.5050996085e-01 -1.7450567606e+00  3.2847652825e+00 -1.0527805323e+00 -2.9618003924e-01  1.6611811801e+00 -1.6319978164e+00 -5.8743462269e-01  2.4820310019e+00  2.9144558104e-01  1.4336974689e+00  8.4475113778e-01 -2.7941130100e-01  1.1180382036e+00  1.4516347368e+00  1.1552441635e+00  2.9659674815e-01
ENERGY -2.764474144848e+02

JOB 4
COORDS  3.8703966497e+00 -2.0460166690e-01 -5.4244218360e+00  3.1212192553e+00  3.7861670407e-01 -4.2197881425e+00  2.9717419473e+00 -5.7899305667e-01 -3.0216530202e+00  3.9809373139e+00 -9.1664254158e-01 -2.7398557229e+00  2.1415754811e+00 -1.8197644348e+00 -3.3841951291e+00  2.3802083206e+00  1.7548089407e-01 -1.8167368519e+00  2.3343022254e+00 -6.1392070831e-01 -5.0065341070e-01  1.8607353734e+00  2.4458476612e-01  6.9446980190e-01  4.0193504013e+00  5.5723733730e-01 -6.1973524104e+00  3.3264165368e+00 -1.0346272710e+00 -5.8858219185e+00  4.8589911205e+00 -5.7712645197e-01 -5.1303480875e+00  3.6487182189e+00  1.2790705123e+00 -3.8795634964e+00  2.1229490305e+00  7.1237694550e-01 -4.5359131249e+00  2.0740764249e+00 -2.5209159880e+00 -2.5472388434e+00  1.1195746887e+00 -1.5321182750e+00 -3.6629493962e+00  2.5761954455e+00 -2.3653084722e+00 -4.2270504664e+00  1.3634818528e+00  5.1197010276e-01 -2.0662872205e+00  2.9694535430e+00  1.0888005091e+00 -1.6547418801e+00  3.3261808239e+00 -1.0344039126e+00 -2.9376350927e-01  1.6633854375e+00 -1.4711019705e+00 -6.1917566801e-01  2.6911716551e+00  5.1765333208e-01  1.3537084046e+00  1.1368791152e+00 -2.9411861957e-01  1.3151916610e+00  1.3766749940e+00  1.1685004814e+00  3.6054806134e-01
ENERGY -2.764481269928e+02

JOB 5
COORDS  3.9796099158e+00  4.9058127659e-02 -5.3593623482e+00  3.2357661080e+00  5.9886923207e-01 -4.1358659981e+00  3.0681644652e+00 -3.9985028241e-01 -2.9743424913e+00  4.0710762097e+00 -7.6425827583e-01 -2.7037848654e+00  2.2185481058e+00 -1.6126655488e+00 -3.3832565131e+00  2.4864922160e+00  3.1874265229e-01 -1.7428338414e+00  2.4132062369e+00 -5.2223902081e-01 -4.6075923104e-01  1.9767050103e+00  3.0340230394e-01  7.6408721664e-01  4.1418526484e+00  8.3629532268e-01 -6.1036366685e+00  3.4247725516e+00 -7.5546756483e-01 -5.8519615177e+00  4.9618198406e+00 -3.4851557463e-01 -5.0769302143e+00  3.7758257325e+00  1.4779987926e+00 -3.7612807752e+00  2.2436363591e+00  9.5931312767e-01 -4.4418793006e+00  2.1398789515e+00 -2.3435908019e+00 -2.5731636173e+00  1.2012221621e+00 -1.2986487523e+00 -3.6504763124e+00  2.6446262111e+00 -2.1327979745e+00 -4.2463037472e+00  1.4790611071e+00  6.8760522479e-01 -1.9837260093e+00  3.0949556100e+00  1.2116859869e+00 -1.5418776416e+00  3.3856080449e+00 -9.9297056067e-01 -2.6829264927e-01  1.7030924892e+00 -1.3429473235e+00 -6.1082069364e-01  2.8370442064e+00  7.3864353227e-01  1.2840478766e+00  1.4572112509e+00 -3.2154467833e-01  1.4991561041e+00  1.2956083472e+00  1.1136221652e+00  4.8235530987e-01
ENERGY -2.764498247577e+02

JOB 6
COORDS  4.3440689515e+00  8.2809071653e-01 -5.1289242873e+00  3.5973291315e+00  1.3205664855e+00 -3.8829820237e+00  3.3806358290e+00  2.5454276813e-01 -2.7915778399e+00  4.3678407653e+00 -1.5556306202e-01 -2.5288218946e+00  2.5049138798e+00 -9.0413022783e-01 -3.2920439736e+00  2.7966775567e+00  9.0895555948e-01 -1.5256216676e+00  2.6855460869e+00 -8.2640115110e-03 -3.0036436335e-01  2.2459487366e+00  7.4745804263e-01  9.6173642446e-01  4.5425426700e+00  1.6564396318e+00 -5.8177277602e+00  3.7730325432e+00  7.5151579851e-02 -5.6809680450e+00  5.3088758516e+00  3.8217247427e-01 -4.8589552014e+00  4.1575206810e+00  2.1563029089e+00 -3.4441338947e+00  2.6216855153e+00  1.7308869687e+00 -4.1790287786e+00  2.3872933949e+00 -1.6807664295e+00 -2.5306718767e+00  1.5032744289e+00 -5.4318829467e-01 -3.5592407227e+00  2.9341040203e+00 -1.3829427832e+00 -4.1771818406e+00  1.8023786610e+00  1.3170330055e+00 -1.7580613301e+00  3.4227989285e+00  1.7722676100e+00 -1.2601182673e+00  3.6488556424e+00 -5.0277656437e-01 -1.1899543104e-01  1.9647729042e+00 -8.0793880732e-01 -5.0587791383e-01  3.0652780326e+00  1.3489636077e+00  1.3716736158e+00  1.9349768972e+00  5.3751999654e-02  1.7510740678e+00  1.4015272059e+00  1.4142393390e+00  7.5403938263e-01
ENERGY -2.764514498576e+02

JOB 7
COORDS  4.2493121371e+00  5.5941105426e-01 -5.2135681166e+00  3.5145911763e+00  1.0827659042e+00 -3.9730819465e+00  3.2741098574e+00  3.4234496853e-02 -2.8697330359e+00  4.2521997107e+00 -3.9323900714e-01 -2.6006027023e+00  2.3750944107e+00 -1.1113930963e+00 -3.3587243843e+00  2.7017915745e+00  7.1545319858e-01 -1.6124959340e+00  2.5903534751e+00 -1.7988970031e-01 -3.7164732594e-01  2.1315326538e+00  5.9217679774e-01  8.7118910584e-01  4.4693644317e+00  1.3757902285e+00 -5.9100602917e+00  3.6595561298e+00 -1.8392267075e-01 -5.7588971974e+00  5.2022285166e+00  9.1571601249e-02 -4.9384911576e+00  4.0938681306e+00  1.9103929690e+00 -3.5437537086e+00  2.5484108020e+00  1.5118660346e+00 -4.2734993540e+00  2.2376611967e+00 -1.8755008688e+00 -2.5880572395e+00  1.3826335464e+00 -7.3200885011e-01 -3.6344069308e+00  2.7968579633e+00 -1.6108309228e+00 -4.2360015218e+00  1.7111497969e+00  1.1305188086e+00 -1.8493507276e+00  3.3377146963e+00  1.5759346401e+00 -1.3626762473e+00  3.5651444926e+00 -6.4601863034e-01 -1.7422229243e-01  1.8899793661e+00 -1.0014356718e+00 -5.6059244133e-01  2.8336078104e+00  1.3968941505e+00  1.1188649011e+00  2.0538804858e+00 -6.3998721947e-02  1.7450075188e+00  1.1486109426e+00  1.0502075223e+00  7.0982812888e-01
ENERGY -2.764520994301e+02

JOB 8
COORDS  4.3662687297e+00  7.3955577823e-01 -5.1523936163e+00  3.6460244614e+00  1.2562083402e+00 -3.9006649567e+00  3.3607940904e+00  1.8766966262e-01 -2.8275150229e+00  4.3216375329e+00 -2.7955028581e-01 -2.5622222295e+00  2.4280037697e+00 -9.1318901574e-01 -3.3547331840e+00  2.8002344611e+00  8.5421147058e-01 -1.5571854185e+00  2.6814430201e+00 -6.1799490820e-02 -3.3209278453e-01  2.1854822133e+00  6.8188938358e-01  9.1590258711e-01  4.6217702841e+00  1.5660013723e+00 -5.8244812383e+00  3.7507414295e+00  3.5628472147e-02 -5.7210161731e+00  5.2986872505e+00  2.2709409148e-01 -4.8867157437e+00  4.2541529634e+00  2.0491692845e+00 -3.4465508209e+00  2.6981743931e+00  1.7296881043e+00 -4.1927092680e+00  2.2497086875e+00 -1.6876709711e+00 -2.6030177624e+00  1.4549674363e+00 -4.9110856255e-01 -3.6373830677e+00  2.8449701105e+00 -1.4096675432e+00 -4.2359722831e+00  1.8158878453e+00  1.2890386045e+00 -1.7859197297e+00  3.4491213922e+00  1.6994795630e+00 -1.2907535218e+00  3.6677907935e+00 -5.0026394683e-01 -1.2808075943e-01  2.0108788776e+00 -9.0259100499e-01 -5.4112675846e-01  2.7040680860e+00  1.6400356013e+00  1.0376997464e+00  2.3289718937e+00  9.1593271165e-02  1.8268266254e+00  1.1164277312e+00  9.1193753413e-01  8.3413840592e-01
ENERGY -2.764514533433e+02

JOB 9
COORDS  4.5264051187e+00  9.4022808470e-01 -5.0745582738e+00  3.8082727068e+00  1.4528787648e+00 -3.8199764466e+00  3.4675886310e+00  3.6982636019e-01 -2.7779622079e+00  4.4067985202e+00 -1.3759215329e-01 -2.5089134978e+00  2.5053790290e+00 -6.8388104750e-01 -3.3471662854e+00  2.9094518815e+00  1.0251808119e+00 -1.5009473432e+00  2.7563822646e+00  8.8680408431e-02 -2.9471379385e-01  2.2368179611e+00  8.1405234043e-01  9.6026970348e-01  4.8226100946e+00  1.7727169583e+00 -5.7220296170e+00  3.8929149910e+00  2.7458894746e-01 -5.6689665853e+00  5.4348616304e+00  3.8614452778e-01 -4.8093957910e+00  4.4392808582e+00  2.2107046007e+00 -3.3379604169e+00  2.8832043802e+00  1.9690690431e+00 -4.1127099590e+00  2.2816491312e+00 -1.4659122149e+00 -2.6156742460e+00  1.5553672315e+00 -2.1919252704e-01 -3.6410005774e+00  2.9220006923e+00 -1.1782409844e+00 -4.2297560076e+00  1.9388492474e+00  1.4891167094e+00 -1.7317584225e+00  3.5757894583e+00  1.8480396676e+00 -1.2093960996e+00  3.7384583890e+00 -3.5455686955e-01 -8.2190707650e-02  2.0923099097e+00 -7.4857149006e-01 -5.3357479788e-01  2.5538729908e+00  1.8631382566e+00  9.7230958111e-01  2.5744605678e+00  3.3571829485e-01  1.8848298900e+00  1.1407631531e+00  8.2854308102e-01  9.7868994466e-01
ENERGY -2.764498462528e+02

JOB 10
COORDS  4.5705826379e+00  9.7633967751e-01 -5.0479834961e+00  3.8500730621e+00  1.4885662363e+00 -3.7945848005e+00  3.4858845064e+00  4.0173670403e-01 -2.7644369463e+00  4.4154406399e+00 -1.2240092005e-01 -2.4938120011e+00  2.5115743026e+00 -6.3215304958e-01 -3.3492547554e+00  2.9296818782e+00  1.0546037897e+00 -1.4855626194e+00  2.7447035006e+00  1.0865734274e-01 -2.9057994048e-01  2.2392167335e+00  8.3413858896e-01  9.7696847302e-01  4.8829045680e+00  1.8099418525e+00 -5.6863898150e+00  3.9326324014e+00  3.2424523159e-01 -5.6525482788e+00  5.4694295667e+00  4.0781242446e-01 -4.7806606895e+00  4.4880855068e+00  2.2331715554e+00 -3.3013247967e+00  2.9347776088e+00  2.0204129571e+00 -4.0899824958e+00  2.2733143602e+00 -1.4187132571e+00 -2.6272798954e+00  1.5696487828e+00 -1.5098955813e-01 -3.6426219387e+00  2.9254923042e+00 -1.1229715052e+00 -4.2350809920e+00  1.9707863313e+00  1.5407269316e+00 -1.7192663714e+00  3.6100605410e+00  1.8604458669e+00 -1.1790907787e+00  3.7107540866e+00 -3.6959093814e-01 -8.3544377362e-02  2.0575784806e+00 -7.0341933329e-01 -5.4810358332e-01  2.3515899152e+00  1.9202524873e+00  8.8583956027e-01  2.7676595349e+00  5.1137101256e-01  1.8789898941e+00  1.1716832796e+00  6.5153538807e-01  1.1421499380e+00
ENERGY -2.764481469143e+02

JOB 11
COORDS  3.8664946300e+00  1.6823802526e+00 -5.2450308404e+00  3.1112625950e+00  2.0077749838e+00 -3.9503009903e+00  3.2718976925e+00  9.6703567301e-01 -2.8251011402e+00  4.3498142016e+00  8.4863895583e-01 -2.6352166628e+00  2.7093730377e+00 -4.0318221523e-01 -3.2329295789e+00  2.6254213193e+00  1.4903032640e+00 -1.5292772597e+00  2.8864935705e+00  6.4551806573e-01 -2.7401566440e-01  2.2911674851e+00  1.2748523973e+00  1.0090851756e+00  3.7861142825e+00  2.5072879776e+00 -5.9613174440e+00  3.4758886255e+00  7.8558935709e-01 -5.7358639426e+00  4.9324023740e+00  1.5163864934e+00 -5.0478424817e+00  3.4579408135e+00  2.9793542762e+00 -3.5752708222e+00  2.0418067545e+00  2.1313154216e+00 -4.1713720918e+00  2.8582663768e+00 -1.1521607256e+00 -2.4496538546e+00  1.6316473263e+00 -3.3437945072e-01 -3.4294930291e+00  3.1899645693e+00 -7.8474422953e-01 -4.1386612173e+00  1.5402232916e+00  1.5847099721e+00 -1.6814723352e+00  2.9939025906e+00  2.5081438387e+00 -1.3417154702e+00  3.9694794336e+00  5.1268706943e-01 -1.5976154414e-01  2.4756541363e+00 -3.5937246105e-01 -4.1351112971e-01  1.7842322080e+00  2.2210998635e+00  7.9013889925e-01  3.0626374703e+00  1.4895062518e+00  1.7553453464e+00  1.5548151277e+00  6.1864476418e-01  1.4836778490e+00
ENERGY -2.764474142650e+02

JOB 12
COORDS  3.9315414097e+00  1.9824389479e+00 -5.1734103661e+00  3.1908651409e+00  2.2718131117e+00 -3.8618425643e+00  3.3436628630e+00  1.1884450799e+00 -2.7765547599e+00  4.4210470411e+00  1.0427771084e+00 -2.6036222808e+00  2.7504371139e+00 -1.5558925958e-01 -3.2257257850e+00  2.7222344880e+00  1.6772361975e+00 -1.4552374066e+00  2.9532742887e+00  7.6741570275e-01 -2.4039372153e-01  2.4270840323e+00  1.3842234785e+00  1.0755444959e+00  3.8553055472e+00  2.8324316525e+00 -5.8602190916e+00  3.5261918928e+00  1.1077714878e+00 -5.6914757581e+00  4.9969234507e+00  1.7972037455e+00 -4.9911430549e+00  3.5552598451e+00  3.2237208213e+00 -3.4545110813e+00  2.1218621473e+00  2.4195774503e+00 -4.0698531785e+00  2.8995010126e+00 -9.3587892211e-01 -2.4736725451e+00  1.6708905916e+00 -6.1496546936e-02 -3.4007999046e+00  3.2091277565e+00 -5.1054354290e-01 -4.1533703005e+00  1.6405781342e+00  1.8167588575e+00 -1.5954935435e+00  3.1283142108e+00  2.6726724773e+00 -1.2273797939e+00  4.0233579380e+00  5.4299852523e-01 -1.5110468331e-01  2.4586008455e+00 -1.9422443879e-01 -4.1303320488e-01  1.7555127301e+00  2.2271096613e+00  8.7769339646e-01  3.2456312561e+00  1.7834163749e+00  1.6844615697e+00  1.8882228560e+00  6.5718156755e-01  1.6904740741e+00
ENERGY -2.764481607838e+02

JOB 13
COORDS  3.8524356822e+00  1.7019926945e+00 -5.2063416687e+00  3.1221432300e+00  2.0179333369e+00 -3.8950890807e+00  3.2871843201e+00  9.5882085065e-01 -2.7879765589e+00  4.3663834494e+00  8.1831852083e-01 -2.6224979102e+00  2.6916140689e+00 -3.9563172851e-01 -3.2011066397e+00  2.6780735697e+00  1.4753423546e+00 -1.4713585616e+00  2.9107095650e+00  5.8555941795e-01 -2.4257871492e-01  2.4224934895e+00  1.2428015574e+00  1.0617751991e+00  3.7673876743e+00  2.5362861669e+00 -5.9111293386e+00  3.4456011325e+00  8.1474555848e-01 -5.7013508885e+00  4.9199727390e+00  1.5242523223e+00 -5.0293174848e+00  3.4873341891e+00  2.9794081868e+00 -3.5116062491e+00  2.0510001573e+00  2.1584006785e+00 -4.0970802933e+00  2.8515577012e+00 -1.1590710199e+00 -2.4341291909e+00  1.6097927281e+00 -3.0759192876e-01 -3.3650261289e+00  3.1398889226e+00 -7.6950053733e-01 -4.1264155615e+00  1.5963674590e+00  1.6185470637e+00 -1.6066509280e+00  3.0914705517e+00  2.4726922988e+00 -1.2652437917e+00  3.9757896561e+00  3.3414035860e-01 -1.6082439337e-01  2.3850424085e+00 -3.6541306316e-01 -3.8411382593e-01  1.5750747093e+00  1.9118222212e+00  8.7304488054e-01  3.2078173428e+00  1.8671060057e+00  1.5038306395e+00  2.1254845766e+00  5.0553427471e-01  1.8139442485e+00
ENERGY -2.764498798865e+02

JOB 14
COORDS  3.8072066847e+00  1.0561198205e+00 -5.3311640841e+00  3.0256374926e+00  1.4520738690e+00 -4.0722445058e+00  3.1429048009e+00  4.6272741834e-01 -2.8966724357e+00  4.2140278347e+00  3.3461148293e-01 -2.6774655085e+00  2.5643442126e+00 -9.1545297737e-01 -3.2512490007e+00  2.4787367611e+00  1.0571719839e+00 -1.6407310127e+00  2.6678071420e+00  2.4932982624e-01 -3.4998396823e-01  2.1187917878e+00  9.7953740289e-01  8.8379206555e-01  3.7534812946e+00  1.8459543031e+00 -6.0883129303e+00  3.4176803200e+00  1.4069312509e-01 -5.7872480893e+00  4.8661307482e+00  8.8853092941e-01 -5.1005792066e+00  3.3778214958e+00  2.4350765410e+00 -3.7338160460e+00  1.9638968978e+00  1.5803400141e+00 -4.3255070248e+00  2.6871982145e+00 -1.6291037569e+00 -2.4313172046e+00  1.4914118807e+00 -8.3878373285e-01 -3.4700749659e+00  3.0540381517e+00 -1.3462703717e+00 -4.1296153328e+00  1.4027913061e+00  1.1838396648e+00 -1.8290629578e+00  2.8785986054e+00  2.0684661089e+00 -1.4817520728e+00  3.7330562161e+00  2.6058978160e-02 -2.0532124345e-01  2.1628125223e+00 -7.1871580165e-01 -4.4629438371e-01  1.1304078425e+00  1.4076162087e+00  6.7936005552e-01  2.7701045069e+00  1.8153782167e+00  1.1658531696e+00  2.0358871648e+00  3.1518414742e-01  1.7501342462e+00
ENERGY -2.764514861961e+02

JOB 15
COORDS  3.7854352445e+00  7.9738095104e-01 -5.3764212881e+00  3.0052958002e+00  1.2175506943e+00 -4.1244898966e+00  3.0938427310e+00  2.3263186650e-01 -2.9426546913e+00  4.1605336361e+00  8.4572592238e-02 -2.7144526230e+00  2.4906549052e+00 -1.1355437959e+00 -3.2948958473e+00  2.4316691481e+00  8.4709420039e-01 -1.6951585276e+00  2.6138220347e+00  5.3528494602e-02 -3.9483544234e-01  2.0365001190e+00  7.8223194604e-01  8.2456536691e-01  3.7547369675e+00  1.5844800400e+00 -6.1376928311e+00  3.3777418029e+00 -1.1107040979e-01 -5.8305592474e+00  4.8387389900e+00  6.0656430124e-01 -5.1382475093e+00  3.3769037438e+00  2.1945447916e+00 -3.7894597617e+00  1.9481329164e+00  1.3675458340e+00 -4.3848524638e+00  2.5889660151e+00 -1.8461923192e+00 -2.4690722149e+00  1.4221915621e+00 -1.0377860834e+00 -3.5267108879e+00  2.9812117823e+00 -1.5825224506e+00 -4.1646668785e+00  1.3575097465e+00  9.8208347869e-01 -1.8893862539e+00  2.8403911961e+00  1.8558922983e+00 -1.5451891246e+00  3.6838236020e+00 -1.3651021064e-01 -2.3525366963e-01  2.1372369156e+00 -9.2951086832e-01 -4.8225907990e-01  9.6137006435e-01  9.6019468651e-01  7.0464839504e-01  2.5182430658e+00  1.7564168051e+00  9.6841174278e-01  2.1772924829e+00  2.0120793414e-01  1.7425891973e+00
ENERGY -2.764520989843e+02

JOB 16
COORDS  3.8553364138e+00  1.0081619913e+00 -5.3362956770e+00  3.0908133856e+00  1.4260376447e+00 -4.0739947068e+00  3.1402019904e+00  4.0857515616e-01 -2.9176711794e+00  4.2002192933e+00  2.1847996302e-01 -2.6892720237e+00  2.4924275436e+00 -9.2847852665e-01 -3.3083543726e+00  2.4929554443e+00  1.0123634641e+00 -1.6572283662e+00  2.6713503099e+00  1.9510202164e-01 -3.7084769902e-01  2.0689865309e+00  8.8745177539e-01  8.5987284913e-01  3.8587593071e+00  1.8163432807e+00 -6.0757755393e+00  3.4111992190e+00  1.3012644486e-01 -5.8153784256e+00  4.8993735898e+00  7.6738638116e-01 -5.1025787410e+00  3.4994285673e+00  2.3791139922e+00 -3.7141219181e+00  2.0404440633e+00  1.6231856778e+00 -4.3304031374e+00  2.5545828849e+00 -1.6609450329e+00 -2.4982075592e+00  1.4311952323e+00 -7.8645555650e-01 -3.5501402883e+00  2.9771305949e+00 -1.3732964568e+00 -4.1825052767e+00  1.4204500351e+00  1.1689739657e+00 -1.8456264113e+00  2.9189195056e+00  2.0108942896e+00 -1.4898365717e+00  3.7454299014e+00  3.2598880283e-02 -2.0790449411e-01  2.2246353892e+00 -7.9935302179e-01 -4.7893280042e-01  9.7519367240e-01  8.1785335647e-01  8.5971075693e-01  2.3457071497e+00  1.9469003230e+00  9.0078477128e-01  2.4162783880e+00  4.1700452406e-01  1.7867532143e+00
ENERGY -2.764514266638e+02

JOB 17
COORDS  3.8426001703e+00  8.2405072567e-01 -5.3566287873e+00  3.0862595925e+00  1.2778576229e+00 -4.1018322398e+00  3.1062736893e+00  2.7434855962e-01 -2.9324757667e+00  4.1604778003e+00  6.2174210603e-02 -2.6965339131e+00  2.4285921686e+00 -1.0517587173e+00 -3.3097303617e+00  2.4676453524e+00  9.0904644847e-01 -1.6830673470e+00  2.6365735859e+00  1.1255438183e-01 -3.8187421589e-01  2.0219862294e+00  8.2337594787e-01  8.3823669099e-01  3.8688023060e+00  1.6223311472e+00 -6.1063362063e+00  3.3768286697e+00 -4.8205051316e-02 -5.8256059109e+00  4.8794597308e+00  5.5920744993e-01 -5.1170511774e+00  3.5187829003e+00  2.2244801458e+00 -3.7530504012e+00  2.0420068497e+00  1.4989956054e+00 -4.3635992468e+00  2.4637952914e+00 -1.7731877826e+00 -2.4881269969e+00  1.3738346398e+00 -8.8646567892e-01 -3.5646087845e+00  2.9104473664e+00 -1.5220858083e+00 -4.1720205844e+00  1.3974567482e+00  1.0779365796e+00 -1.8744966196e+00  2.9078560574e+00  1.9037768842e+00 -1.5316708453e+00  3.7110794289e+00 -3.9172284003e-02 -2.1388181328e-01  2.2009593341e+00 -8.8738462529e-01 -4.7845252391e-01  9.7428976281e-01  5.3891097665e-01  9.8454566208e-01  2.0756633350e+00  1.9131711883e+00  7.4264771808e-01  2.5460257202e+00  5.4819472632e-01  1.7604636172e+00
ENERGY -2.764498093344e+02

JOB 18
COORDS  3.7517505392e+00  4.4833848201e-01 -5.3785080353e+00  2.9911040428e+00  9.2124263672e-01 -4.1333961922e+00  3.0174035563e+00 -5.8957408237e-02 -2.9444783351e+00  4.0728772502e+00 -2.6333160772e-01 -2.7072940344e+00  2.3428164818e+00 -1.3943541785e+00 -3.2936651784e+00  2.3803385478e+00  5.9852694171e-01 -1.7063158603e+00  2.5460313239e+00 -1.7617661761e-01 -3.9114249089e-01  1.9391196893e+00  5.6314563317e-01  8.2297316490e-01  3.7704981299e+00  1.2309499185e+00 -6.1447806697e+00  3.2943076988e+00 -4.3788491938e-01 -5.8291428082e+00  4.7910280515e+00  1.9837668100e-01 -5.1335191908e+00  3.4166365435e+00  1.8776121446e+00 -3.8031150472e+00  1.9455333213e+00  1.1297388651e+00 -4.4002013885e+00  2.3892726713e+00 -2.1022154634e+00 -2.4609117023e+00  1.2849363317e+00 -1.2383125376e+00 -3.5413334390e+00  2.8189823085e+00 -1.8763025036e+00 -4.1526846797e+00  1.3103916482e+00  7.6609358423e-01 -1.8997004520e+00  2.8227098451e+00  1.5948794647e+00 -1.5723446072e+00  3.6183618422e+00 -3.4179766240e-01 -2.2630114200e-01  2.0984068854e+00 -1.1713836469e+00 -4.7609593238e-01  9.9463022765e-01  1.1188691266e-01  1.1440109694e+00  1.7508618914e+00  1.6189492808e+00  6.0116044160e-01  2.6085507061e+00  5.2862752503e-01  1.6891608778e+00
ENERGY -2.764481206154e+02

JOB 19
COORDS  3.6992658861e+00  1.9885285939e-01 -5.4289947775e+00  2.9365481602e+00  6.8933502843e-01 -4.1919719817e+00  2.9752859048e+00 -2.6605950896e-01 -2.9833543501e+00  4.0332429001e+00 -4.5702958164e-01 -2.7462135210e+00  2.3104044454e+00 -1.6138854177e+00 -3.3020341818e+00  2.3381665156e+00  4.1249669687e-01 -1.7567466286e+00  2.4891661598e+00 -3.4614195333e-01 -4.3041087538e-01  1.9130834089e+00  4.3291181025e-01  7.7707611092e-01  3.7077993774e+00  9.6556420099e-01 -6.2113534930e+00  3.2503137124e+00 -7.0134876660e-01 -5.8600418969e+00  4.7417412929e+00 -3.4856717180e-02 -5.1815778019e+00  3.3531454572e+00  1.6564502707e+00 -3.8822263738e+00  1.8883701712e+00  8.8187509151e-01 -4.4605219412e+00  2.3712569424e+00 -2.3059640872e+00 -2.4570641665e+00  1.2488716769e+00 -1.4725905359e+00 -3.5429653520e+00  2.7836652551e+00 -2.1067299477e+00 -4.1564552741e+00  1.2699249135e+00  5.8374971385e-01 -1.9548858223e+00  2.7865863974e+00  1.4082076749e+00 -1.6365608044e+00  3.5528930144e+00 -5.5927075408e-01 -2.6726725140e-01  1.9975235227e+00 -1.3212075754e+00 -5.0519329528e-01  1.1121245155e+00 -1.2049788728e-01  1.2773425844e+00  1.4920247168e+00  1.3952055058e+00  4.6557620812e-01  2.6789121618e+00  6.4638611107e-01  1.5294435854e+00
ENERGY -2.764474144164e+02

JOB 20
COORDS  3.6499605047e+00  7.1098425764e-02 -5.4590601419e+00  2.9169484657e+00  5.7055652460e-01 -4.2077468462e+00  2.9755998769e+00 -3.8103286190e-01 -2.9969939578e+00  4.0369863833e+00 -5.8218009366e-01 -2.7851688933e+00  2.2895208843e+00 -1.7232319967e+00 -3.2935192747e+00  2.3762763953e+00  3.0843620371e-01 -1.7574852239e+00  2.5236732330e+00 -4.6153500154e-01 -4.3745084773e-01  2.0287290885e+00  3.4626461438e-01  7.8373812848e-01  3.6455011046e+00  8.3458099316e-01 -6.2446047487e+00  3.1870323838e+00 -8.2842411359e-01 -5.8765552334e+00  4.6963228033e+00 -1.6718564474e-01 -5.2334087518e+00  3.3460921355e+00  1.5360652181e+00 -3.9103330628e+00  1.8644921753e+00  7.6883711393e-01 -4.4545103892e+00  2.3711551843e+00 -2.4150989946e+00 -2.4501225941e+00  1.2221289860e+00 -1.5732553546e+00 -3.5011576903e+00  2.7316131556e+00 -2.2205262115e+00 -4.1619479256e+00  1.3098394821e+00  5.0801190402e-01 -1.9365488184e+00  2.8524898719e+00  1.2920731481e+00 -1.6421427541e+00  3.5730008868e+00 -7.5065354871e-01 -2.9963636872e-01  1.9610114071e+00 -1.3986293731e+00 -5.0308439458e-01  1.4104111070e+00 -2.6010995666e-01  1.4532331732e+00  1.4021685400e+00  1.1876287652e+00  4.6519237512e-01  2.8556639118e+00  7.6429546519e-01  1.3660869497e+00
ENERGY -2.764481717814e+02

JOB 21
COORDS  3.4676002210e+00 -5.7731290210e-01 -5.4939778712e+00  2.7283400241e+00 -1.0810782919e-02 -4.2753249497e+00  2.8015349536e+00 -8.8359517780e-01 -3.0074372477e+00  3.8657852713e+00 -1.0572043337e+00 -2.7860314036e+00  2.1327361983e+00 -2.2506640022e+00 -3.2167407797e+00  2.1951855649e+00 -1.2590133789e-01 -1.8118228368e+00  2.3438058704e+00 -8.1600540857e-01 -4.4885393828e-01  1.8647808149e+00  6.9014724228e-02  7.1684056472e-01  3.4515130532e+00  1.3507743227e-01 -6.3259916472e+00  3.0174494520e+00 -1.5079089393e+00 -5.8533025887e+00  4.5174683245e+00 -7.8583498808e-01 -5.2555182135e+00  3.1437114436e+00  9.7752053896e-01 -4.0397012695e+00  1.6729660838e+00  1.5651691752e-01 -4.5323625015e+00  2.2272142237e+00 -2.8872787351e+00 -2.3321548959e+00  1.0625447743e+00 -2.1283374726e+00 -3.4281469707e+00  2.5781774038e+00 -2.7951075737e+00 -4.0546489128e+00  1.1277922239e+00  5.4985553933e-02 -2.0039184429e+00  2.6641991099e+00  8.6647691636e-01 -1.7551893111e+00  3.3895318224e+00 -1.1107262580e+00 -2.9335097084e-01  1.7646089113e+00 -1.7459891875e+00 -4.5213733906e-01  1.4759323604e+00 -5.2762233347e-01  1.5485984800e+00  1.0405900587e+00  7.1634348177e-01  3.9309827158e-01  2.6600533782e+00  7.2054960867e-01  1.0931376619e+00
ENERGY -2.764498807482e+02

JOB 22
COORDS  3.5855721204e+00 -1.6478204151e-01 -5.4253820214e+00  2.8530438660e+00  3.8300921038e-01 -4.1941804381e+00  2.8959998333e+00 -5.2941620287e-01 -2.9531404082e+00  3.9541738602e+00 -7.3447590760e-01 -2.7295444539e+00  2.1973995787e+00 -1.8734486631e+00 -3.2088099931e+00  2.2977573655e+00  2.0545772086e-01 -1.7391225364e+00  2.4257227447e+00 -5.2652740132e-01 -3.9656654509e-01  1.9542219271e+00  3.3063360182e-01  7.8652924412e-01  3.5939351525e+00  5.7325405045e-01 -6.2348475722e+00  3.1136076315e+00 -1.0715417288e+00 -5.8162643727e+00  4.6279395999e+00 -4.0833078563e-01 -5.1871963259e+00  3.2916827038e+00  1.3528426568e+00 -3.9260697294e+00  1.8038989317e+00  5.8487841116e-01 -4.4519216500e+00  2.2685647845e+00 -2.5377827725e+00 -2.3426135703e+00  1.1324143787e+00 -1.7196226008e+00 -3.4258409843e+00  2.6378762747e+00 -2.4034509585e+00 -4.0585194082e+00  1.2355847037e+00  4.1387903245e-01 -1.9328933202e+00  2.7864722200e+00  1.1858575164e+00 -1.6507117219e+00  3.4680955571e+00 -8.3464156281e-01 -2.4088998110e-01  1.8350448640e+00 -1.4492968631e+00 -4.2423875439e-01  1.7997562031e+00 -2.7375242705e-01  1.6868940555e+00  9.9442709923e-01  8.0960560842e-01  5.5739450277e-01  2.6699415993e+00  1.1263507757e+00  1.0205064254e+00
ENERGY -2.764514801073e+02

JOB 23
COORDS  3.3643154902e+00 -1.2078727990e+00 -5.5405570870e+00  2.6202015088e+00 -5.6665762472e-01 -4.3625738064e+00  2.6454446967e+00 -1.3832352809e+00 -3.0561308490e+00  3.7001273974e+00 -1.5758449906e+00 -2.8062850455e+00  1.9423676110e+00 -2.7394751793e+00 -3.2182493312e+00  2.0383185673e+00 -5.5654627949e-01 -1.9071175186e+00  2.1681329639e+00 -1.1764965198e+00 -5.0976708678e-01  1.6550473534e+00 -2.4619810336e-01  5.9601469312e-01  3.3815414491e+00 -5.3425935548e-01 -6.4042461142e+00  2.8951364948e+00 -2.1417960606e+00 -5.8652601923e+00  4.4039519566e+00 -1.4328212287e+00 -5.2739051227e+00  3.0596495631e+00  4.1927749142e-01 -4.1633338251e+00  1.5748640125e+00 -3.8135363431e-01 -4.6469138688e+00  1.9974522067e+00 -3.3359922526e+00 -2.3029374647e+00  8.8151120758e-01 -2.5973532845e+00 -3.4617031616e+00  2.3914764503e+00 -3.3352273803e+00 -4.0184656261e+00  9.7612595524e-01 -3.6923744718e-01 -2.1226723931e+00  2.5221138330e+00  4.2987438286e-01 -1.8945443783e+00  3.2216570670e+00 -1.4233718877e+00 -3.2110635839e-01  1.6178854228e+00 -2.1231983020e+00 -4.6398489031e-01  1.7558105606e+00 -7.0557697870e-01  1.5854440129e+00  5.9634174920e-01 -3.5462408551e-03  4.4705688059e-01  2.2112981111e+00  6.9840813301e-01  6.0813481685e-01
ENERGY -2.764520998036e+02

