JOB 0
COORDS -8.1640011738e-01 -4.7282462872e-01  1.4858793975e+00  1.3457501994e+00  1.3090002567e+00  1.2284355364e+00  2.7741474097e+00 -1.0200054191e+00 -1.0423390329e+00 -1.1436844895e-01  9.2862614392e-01 -1.0297902068e+00  1.2342889962e+00 -1.8247466854e+00 -4.8777906692e-01  3.9797741560e-01  1.4587129112e-01  5.5380131823e-01 -8.8865807536e-01 -1.5526103974e+00  1.4934845793e+00 -1.0900229061e+00  1.2813367627e-01  2.3435189055e+00  1.7273844562e+00  2.1086197119e+00  6.0434689017e-01  1.7755093132e+00  1.0891130571e+00  2.1976386347e+00  3.5798257869e+00 -1.7570014380e+00 -1.0008855731e+00  3.0384925069e+00 -2.0113281736e-01 -3.5770323433e-01  2.6928927965e+00 -6.3260327583e-01 -2.0616860350e+00  7.6847432267e-01  1.1203318903e+00 -1.6435610493e+00 -7.7157782169e-01  2.0788285029e-01 -1.5126708671e+00 -6.4599604281e-01  1.8506105315e+00 -7.8700070788e-01
ENERGY -9.546361577204e+02

JOB 1
COORDS -7.4466031764e-01 -5.1208376508e-01  1.4815025006e+00  1.3810502967e+00  1.2985217139e+00  1.1308799616e+00  2.8358419300e+00 -1.0739637913e+00 -9.5197450927e-01 -2.4606712571e-01  1.0078369917e+00 -1.0244398479e+00  1.1617963994e+00 -1.7550948343e+00 -7.0976461454e-01  3.8276790771e-01  1.6278869912e-01  4.8269878670e-01 -7.8725999866e-01 -1.5926305230e+00  1.4667231355e+00 -1.0002760767e+00  6.9851292306e-02  2.3575916914e+00  1.7110885262e+00  2.1321243103e+00  5.2188906880e-01  1.8564395521e+00  1.0536130219e+00  2.0722397534e+00  3.5704769534e+00 -1.8547235149e+00 -7.4172272150e-01  3.0102488777e+00 -2.5044594183e-01 -2.4220317887e-01  2.9775433391e+00 -7.0276046725e-01 -1.9702249885e+00  5.9504423459e-01  1.2410461644e+00 -1.6811060851e+00 -9.1789645235e-01  2.9637027069e-01 -1.5010774214e+00 -7.7841825492e-01  1.9068151207e+00 -7.0732204254e-01
ENERGY -9.546363218037e+02

JOB 2
COORDS -6.4642388394e-01 -5.6369900602e-01  1.4611964300e+00  1.4021664999e+00  1.3118081144e+00  1.0536367573e+00  2.8831393799e+00 -1.1431774973e+00 -8.6971839728e-01 -3.6571559439e-01  1.0909087624e+00 -1.0008790399e+00  1.1310206317e+00 -1.6434966508e+00 -9.2817606805e-01  3.8290693911e-01  1.8781171632e-01  4.1709658300e-01 -6.9642585307e-01 -1.6399202161e+00  1.3785973204e+00 -8.9604995948e-01 -1.9428993809e-02  2.3623953654e+00  1.6787433326e+00  2.1790987721e+00  4.6544610766e-01  1.9310797647e+00  1.0381068337e+00  1.9576626646e+00  3.4850464978e+00 -1.9304406102e+00 -4.1049408465e-01  2.9879226891e+00 -2.3216090832e-01 -2.5814155172e-01  3.2552856978e+00 -9.2926793337e-01 -1.8742644454e+00  4.2653637305e-01  1.4017865259e+00 -1.6850508306e+00 -1.0306045689e+00  3.7826068843e-01 -1.4861799294e+00 -9.2090815489e-01  1.9410751502e+00 -5.9943739308e-01
ENERGY -9.546364523541e+02

JOB 3
COORDS -5.0415030328e-01 -6.2900643423e-01  1.4421294341e+00  1.4054281723e+00  1.3477044671e+00  9.9976047817e-01  2.9006266611e+00 -1.2007459716e+00 -7.8913800393e-01 -4.5831138175e-01  1.1543491826e+00 -9.7750919819e-01  1.1331277306e+00 -1.5069234128e+00 -1.1130829309e+00  3.9798398187e-01  2.1456968941e-01  3.6084786867e-01 -6.1684253122e-01 -1.6869537876e+00  1.2594721277e+00 -8.0066097479e-01 -1.1784787556e-01  2.3477083312e+00  1.6309674975e+00  2.2417954725e+00  4.3035902823e-01  1.9915847453e+00  1.0511969183e+00  1.8599499368e+00  3.3195865903e+00 -1.9646151219e+00 -1.3058204154e-01  3.0253166275e+00 -2.1594422847e-01 -3.1254592334e-01  3.4431716346e+00 -1.1890526532e+00 -1.7372284655e+00  2.8682800414e-01  1.5477512867e+00 -1.6717886157e+00 -1.1039720397e+00  4.3450805765e-01 -1.4791766359e+00 -1.0429646236e+00  1.9464791585e+00 -5.0548590152e-01
ENERGY -9.546368582172e+02

JOB 4
COORDS -3.4599727209e-01 -6.9909162743e-01  1.3980909143e+00  1.3948867126e+00  1.4010459127e+00  9.6236105909e-01  2.8942377675e+00 -1.2515310176e+00 -7.0785321857e-01 -5.3953343716e-01  1.2068316026e+00 -9.5232543242e-01  1.1655181080e+00 -1.3419717652e+00 -1.2803694539e+00  4.2396642845e-01  2.4827620274e-01  3.0254935637e-01 -5.1950533837e-01 -1.7270380365e+00  1.1185295128e+00 -6.7238449106e-01 -2.3446240077e-01  2.3183753711e+00  1.5718978939e+00  2.3161181607e+00  4.0949622881e-01  2.0437186288e+00  1.0860922731e+00  1.7691767550e+00  3.0833561199e+00 -1.9518599217e+00  1.0856557150e-01  3.1268651503e+00 -2.3119165365e-01 -3.7466360415e-01  3.5426951536e+00 -1.4893316732e+00 -1.5545495459e+00  1.5177733273e-01  1.6737540825e+00 -1.6566232665e+00 -1.1717415198e+00  4.7974449023e-01 -1.4619159134e+00 -1.1420374463e+00  1.9418801192e+00 -4.1515484578e-01
ENERGY -9.546375185284e+02

JOB 5
COORDS -1.7971345835e-01 -7.4985618844e-01  1.3384250642e+00  1.3699314820e+00  1.4828301151e+00  9.3776445574e-01  2.8685721299e+00 -1.3204886344e+00 -6.3533555109e-01 -6.0859403852e-01  1.2418307172e+00 -9.3299078999e-01  1.2288362596e+00 -1.1619448916e+00 -1.4182237977e+00  4.5866708532e-01  2.9844230592e-01  2.4794774649e-01 -3.8601937137e-01 -1.7503743896e+00  9.8886043350e-01 -5.1539441703e-01 -3.3947441491e-01  2.2811740704e+00  1.4926457742e+00  2.4160786546e+00  4.0088338667e-01  2.0767746825e+00  1.1673911801e+00  1.6941674720e+00  2.8316289614e+00 -1.9832762724e+00  2.3176488099e-01  3.2410998521e+00 -3.3453456344e-01 -3.3366407404e-01  3.5514644022e+00 -1.7328530335e+00 -1.3822753949e+00  2.6968751589e-02  1.7860348472e+00 -1.6345017847e+00 -1.2094841460e+00  4.9729193393e-01 -1.4559209576e+00 -1.2396641585e+00  1.9101673817e+00 -3.4438567154e-01
ENERGY -9.546381736748e+02

JOB 6
COORDS -1.4777046969e-02 -7.7163895822e-01  1.2845241942e+00  1.3192291099e+00  1.5935283259e+00  9.3717034090e-01  2.8321122227e+00 -1.4157678957e+00 -5.8502284739e-01 -6.5858929187e-01  1.2569086831e+00 -9.2286957349e-01  1.3260832253e+00 -9.7370575436e-01 -1.5153073717e+00  4.9805363596e-01  3.6302097578e-01  2.1158931458e-01 -2.1294739227e-01 -1.7575217940e+00  8.8986341902e-01 -3.6414616611e-01 -4.1470086117e-01  2.2440139139e+00  1.3797026734e+00  2.5393823635e+00  4.1148370068e-01  2.0803794370e+00  1.3026192384e+00  1.6499284635e+00  2.6051285213e+00 -2.1107966010e+00  2.2521797321e-01  3.3066796168e+00 -5.1519052744e-01 -1.8020657648e-01  3.5244887064e+00 -1.8845421398e+00 -1.2889653334e+00 -7.3944322438e-02  1.8512498605e+00 -1.6282895586e+00 -1.2290795629e+00  4.8753288433e-01 -1.4439639375e+00 -1.3106535752e+00  1.8768869475e+00 -3.0547663316e-01
ENERGY -9.546384127562e+02

JOB 7
COORDS -1.8952453661e-01 -3.6706953076e-01  1.4045286958e+00  1.5993304243e+00  1.5836069692e+00  6.9149827716e-01  2.9528235030e+00 -1.3170861271e+00 -4.8535528884e-01 -8.8257324794e-01  8.6015240976e-01 -9.3711846746e-01  1.7280407165e+00 -5.3706082145e-01 -1.5903571917e+00  5.3975094683e-01  4.4285669401e-01  1.6781474994e-01 -1.1350584354e+00 -8.5384858053e-01  1.1955082084e+00  4.6725851643e-01 -7.4321831870e-01  2.1788962272e+00  2.3703059459e+00  1.8896043975e+00 -3.0490591787e-04  1.3438390355e+00  2.1106337037e+00  1.6005119964e+00  3.5224316055e+00 -2.0316162846e+00 -1.0852963147e+00  2.4484951050e+00 -1.8637966611e+00  3.1850020553e-01  3.6292764683e+00 -5.7490224783e-01 -5.8428384192e-02 -4.6290894636e-01  1.4085433284e+00 -1.7807396623e+00 -1.3551009005e+00 -6.6299022008e-02 -1.2708854706e+00 -1.5686664096e+00  1.4867648391e+00 -3.6508318655e-01
ENERGY -9.546382978773e+02

JOB 8
COORDS -5.5928292940e-02 -3.9062719734e-01  1.3721245338e+00  1.5667387697e+00  1.7125521905e+00  7.1083454017e-01  2.8649498107e+00 -1.3942315454e+00 -4.6940000814e-01 -8.6806055747e-01  8.2846837237e-01 -9.4000677408e-01  1.8756422449e+00 -3.5322475856e-01 -1.5939440856e+00  5.9084066534e-01  5.1120316466e-01  1.5577787902e-01 -9.6601663979e-01 -9.4318654918e-01  1.1698738532e+00  6.2586314973e-01 -6.9672514962e-01  2.1550010872e+00  2.3150199935e+00  2.0802294025e+00  2.3854093074e-02  1.2326011500e+00  2.2450091984e+00  1.5915824849e+00  3.3907783278e+00 -2.1308469692e+00 -1.0820208916e+00  2.2083161827e+00 -1.9288482913e+00  2.2653314575e-01  3.5882754528e+00 -7.9647929534e-01  8.8415725166e-02 -4.8996075074e-01  1.3963253030e+00 -1.7907159413e+00 -1.2828501117e+00 -1.2721804894e-01 -1.2670744543e+00 -1.5884896035e+00  1.4148649209e+00 -3.6714569896e-01
ENERGY -9.546383577741e+02

JOB 9
COORDS  5.6206652627e-02 -3.9325803932e-01  1.3663796716e+00  1.4960799695e+00  1.8583198897e+00  7.5533930108e-01  2.7881519210e+00 -1.4697798115e+00 -5.0040736134e-01 -8.2555817202e-01  7.7675226198e-01 -9.4525139561e-01  2.0463309296e+00 -1.7345139237e-01 -1.5453014952e+00  6.3907729063e-01  5.8084417335e-01  1.7549484750e-01 -8.1472465906e-01 -1.0041140627e+00  1.1595709605e+00  7.3688553480e-01 -6.2610588036e-01  2.1746386828e+00  2.2521082771e+00  2.2641376039e+00  9.9105970815e-02  1.0756811724e+00  2.3849212272e+00  1.6023534093e+00  3.1677672341e+00 -2.2533338471e+00 -1.1607277035e+00  2.0225996557e+00 -1.9106368666e+00  1.5101385273e-01  3.6032374897e+00 -1.0737510603e+00  1.0875847614e-01 -4.7853721660e-01  1.3702821512e+00 -1.7914927063e+00 -1.1569632494e+00 -2.0859992195e-01 -1.2788962695e+00 -1.6006230392e+00  1.3050383222e+00 -3.8688875263e-01
ENERGY -9.546378252703e+02

JOB 10
COORDS  1.3393960938e-01 -3.7447953183e-01  1.3828747181e+00  1.4111516854e+00  1.9932318292e+00  8.0975026960e-01  2.7170477548e+00 -1.5396505625e+00 -5.4796377359e-01 -7.4895984755e-01  7.1036286242e-01 -9.6565826320e-01  2.2345834772e+00 -2.2215093594e-02 -1.4322815114e+00  6.8347818090e-01  6.4490079149e-01  2.1552703395e-01 -6.9462959322e-01 -1.0359314425e+00  1.1584324019e+00  7.8168120182e-01 -5.3021288754e-01  2.2354420355e+00  2.1888704946e+00  2.4228426425e+00  1.9489943266e-01  8.8717635295e-01  2.5292801597e+00  1.5908018376e+00  2.8013250207e+00 -2.3573648269e+00 -1.2673510452e+00  1.9367373821e+00 -1.8048392743e+00  1.8192406121e-01  3.6638590294e+00 -1.4067619590e+00 -2.0562271859e-02 -4.1460825331e-01  1.3202087531e+00 -1.8048536115e+00 -9.8693920647e-01 -3.0091385465e-01 -1.3015632869e+00 -1.5869934978e+00  1.1788071420e+00 -4.4572853864e-01
ENERGY -9.546371022093e+02

JOB 11
COORDS  1.8213784354e-01 -3.3867076599e-01  1.4264834587e+00  1.3303458907e+00  2.1034421055e+00  8.5193472269e-01  2.6300656347e+00 -1.5818225642e+00 -6.1215423677e-01 -6.4972034934e-01  6.3051925286e-01 -9.8385947799e-01  2.4113255309e+00  9.8645418292e-02 -1.2787945831e+00  7.2462572310e-01  6.9360702758e-01  2.6738387846e-01 -6.0201249397e-01 -1.0456191793e+00  1.1819764641e+00  7.9122726995e-01 -4.3559074100e-01  2.3157018024e+00  2.1324905368e+00  2.5494086819e+00  2.8110603016e-01  7.2242571435e-01  2.6412587350e+00  1.5679662758e+00  2.4329028791e+00 -2.3279486221e+00 -1.3851131795e+00  1.9200941254e+00 -1.7417653948e+00  2.1621513527e-01  3.6421245166e+00 -1.7064701106e+00 -2.2128298435e-01 -3.2588506858e-01  1.2621251452e+00 -1.8103826429e+00 -7.8322949134e-01 -3.9895475223e-01 -1.3229771244e+00 -1.5511984710e+00  1.0251005114e+00 -5.1051405036e-01
ENERGY -9.546365797727e+02

JOB 12
COORDS  2.0081457096e-01 -2.8874157573e-01  1.4928940942e+00  1.2641046944e+00  2.1858901617e+00  8.9056839448e-01  2.5281533427e+00 -1.5887521275e+00 -6.8477900119e-01 -5.2790694641e-01  5.3360100488e-01 -9.9796466481e-01  2.5677904984e+00  1.8700715921e-01 -1.0890136800e+00  7.6451783555e-01  7.2644457995e-01  3.2937635089e-01 -5.3165570327e-01 -1.0414999859e+00  1.2258086622e+00  7.6802945409e-01 -3.3868062338e-01  2.4133498188e+00  2.0697064847e+00  2.6558468340e+00  3.4306049672e-01  5.8062771305e-01  2.7241155205e+00  1.5343812538e+00  2.0829168574e+00 -2.1771071528e+00 -1.4908972413e+00  1.9456951850e+00 -1.7433773785e+00  2.3724162360e-01  3.5472460764e+00 -1.9337482586e+00 -4.9640835914e-01 -2.0976273880e-01  1.1801462096e+00 -1.8146635574e+00 -5.5677710914e-01 -5.0788540157e-01 -1.3263428936e+00 -1.4857804240e+00  8.5400578155e-01 -5.8292180896e-01
ENERGY -9.546363690100e+02

JOB 13
COORDS  1.9238539054e-01 -2.2122199830e-01  1.5791021010e+00  1.2156923095e+00  2.2462955003e+00  9.0171964470e-01  2.4335725144e+00 -1.5804591949e+00 -7.6477844294e-01 -4.0468583635e-01  4.3468701817e-01 -9.9684016163e-01  2.6985025273e+00  2.1876930557e-01 -8.7920732692e-01  7.9897383704e-01  7.4278435281e-01  3.9356807722e-01 -4.9181786336e-01 -1.0157708122e+00  1.3048339596e+00  7.2529554675e-01 -2.2636850589e-01  2.5212709913e+00  2.0126431749e+00  2.7320806790e+00  3.5429646391e-01  4.8398004005e-01  2.7821364668e+00  1.4918627146e+00  1.8790028478e+00 -1.9727521432e+00 -1.6215106384e+00  1.8946678611e+00 -1.8188545767e+00  1.6385055552e-01  3.4105684597e+00 -2.0666594186e+00 -7.1324628830e-01 -7.2628897361e-02  1.0699042948e+00 -1.8168263745e+00 -3.7012171677e-01 -6.1753661727e-01 -1.2885119184e+00 -1.3983104042e+00  7.2023039708e-01 -6.4589386845e-01
ENERGY -9.546362485871e+02

JOB 14
COORDS  1.5783969937e-01 -1.4808364491e-01  1.6739899366e+00  1.1902653999e+00  2.2763316302e+00  8.9715308897e-01  2.3859662082e+00 -1.5640826088e+00 -8.6508388935e-01 -3.2083747868e-01  3.4856478745e-01 -9.6991107056e-01  2.7949908676e+00  2.0095671174e-01 -6.6077317455e-01  8.1731154251e-01  7.3958973078e-01  4.5673012798e-01 -4.8315463185e-01 -9.8190530032e-01  1.4113246577e+00  6.6437735600e-01 -1.0438456620e-01  2.6297303932e+00  1.9681338804e+00  2.7637899126e+00  3.2380794656e-01  4.3016505334e-01  2.8190971346e+00  1.4433896642e+00  1.8432725085e+00 -1.7625721824e+00 -1.7929702702e+00  1.7990251266e+00 -1.9157942096e+00 -5.4518207486e-03  3.3238730228e+00 -2.1247596406e+00 -8.7184266539e-01  6.5409409630e-02  9.1776884466e-01 -1.8146566752e+00 -3.0923180950e-01 -7.2179093167e-01 -1.1856601391e+00 -1.3196863640e+00  6.8453908003e-01 -6.8608662171e-01
ENERGY -9.546355672198e+02

JOB 15
COORDS  7.6875743121e-02 -6.1367828395e-02  1.7676154328e+00  1.1751544937e+00  2.2846530627e+00  8.7788242067e-01  2.3890837853e+00 -1.5387913557e+00 -9.7258334625e-01 -2.6597260925e-01  2.6345332191e-01 -9.3012183613e-01  2.8584336961e+00  1.4000011606e-01 -4.3203115955e-01  8.1465159881e-01  7.2267170665e-01  5.2212051530e-01 -5.2670777464e-01 -9.3011542494e-01  1.5293519875e+00  5.5096508843e-01  3.6664170866e-02  2.7361925387e+00  1.9528025352e+00  2.7482980543e+00  2.8567180645e-01  4.0692840637e-01  2.8476703279e+00  1.3910251254e+00  1.8703343520e+00 -1.5401454536e+00 -1.9342910877e+00  1.7704494159e+00 -2.0293755955e+00 -2.1090654171e-01  3.3117270136e+00 -2.1175107638e+00 -1.0663546635e+00  2.0057178123e-01  7.2331053506e-01 -1.8010323774e+00 -3.3035959590e-01 -8.1999349825e-01 -1.0457432002e+00 -1.2472181389e+00  6.9784337228e-01 -7.3310612603e-01
ENERGY -9.546342705078e+02

JOB 16
COORDS -2.9404063881e-02  4.6887072051e-02  1.8584136188e+00  1.1812607360e+00  2.2760128016e+00  8.3812511030e-01  2.4252910656e+00 -1.5149373248e+00 -1.0964584688e+00 -2.4639816375e-01  1.8010672080e-01 -8.6971798835e-01  2.8780452806e+00  2.6132546375e-02 -2.2431692034e-01  7.9299481844e-01  7.0123957890e-01  5.8890297830e-01 -6.3653694102e-01 -8.2959886474e-01  1.6599480214e+00  4.1875483545e-01  1.9322464212e-01  2.8334462950e+00  1.9935368017e+00  2.6831174935e+00  2.5315780265e-01  4.4379076724e-01  2.8784208823e+00  1.3505966370e+00  1.9449277749e+00 -1.3267667580e+00 -2.0592909428e+00  1.7850834833e+00 -2.1498407848e+00 -4.7464563436e-01  3.3575635015e+00 -2.0597429642e+00 -1.2706411345e+00  2.6032757196e-01  5.6893446763e-01 -1.7525949338e+00 -3.4489248500e-01 -9.0596905506e-01 -9.1667211276e-01 -1.2166251919e+00  6.6004429379e-01 -7.3456283945e-01
ENERGY -9.546325900989e+02

JOB 17
COORDS -1.5683948317e-01  1.8368653036e-01  1.9383338383e+00  1.1093554410e+00  2.2935661459e+00  6.7845585302e-01  2.4980452604e+00 -1.5059639658e+00 -1.2301734958e+00 -2.4151082539e-01  9.8075449263e-02 -7.9285852812e-01  2.8666904604e+00 -1.4688130978e-01 -5.9465712805e-02  7.4023306737e-01  6.8732242968e-01  6.4854319007e-01 -8.1102105481e-01 -6.6921545721e-01  1.7945353993e+00  2.6955043550e-01  3.8372825262e-01  2.9138694051e+00  2.0702749402e+00  2.5808907711e+00  2.7724278627e-01  5.5241005065e-01  2.8860069107e+00  1.3917192341e+00  2.0790771669e+00 -1.1423304478e+00 -2.1712135071e+00  1.8350308536e+00 -2.2565036069e+00 -7.8967977216e-01  3.4541712117e+00 -1.9937783561e+00 -1.4443404831e+00  2.8167238122e-01  4.4813827914e-01 -1.6811989794e+00 -3.1864928579e-01 -9.9075147713e-01 -7.7925520000e-01 -1.2207708288e+00  5.7127459947e-01 -7.1082453934e-01
ENERGY -9.546309614823e+02

JOB 18
COORDS -2.3620720743e-01  2.8123702245e-01  1.9952626490e+00  1.1432530126e+00  2.2544414527e+00  6.2611777865e-01  2.5472309771e+00 -1.4470809714e+00 -1.3320427112e+00 -2.5489723814e-01  7.9159919925e-03 -7.1644678351e-01  2.8274888822e+00 -3.3593377651e-01  9.8417763932e-02  7.1501481152e-01  6.6074757037e-01  7.0124114026e-01 -9.2582178033e-01 -5.4911212347e-01  1.8896865236e+00  1.7196037472e-01  5.2842556966e-01  2.9678175164e+00  2.1395642997e+00  2.4651911880e+00  2.6592624528e-01  5.9642176022e-01  2.9116175555e+00  1.2896171484e+00  2.2657636503e+00 -8.9886071629e-01 -2.2342487140e+00  1.8060023534e+00 -2.2215748740e+00 -1.1174978519e+00  3.5043829886e+00 -1.9447446486e+00 -1.5192592277e+00  2.7866852073e-01  2.9963416550e-01 -1.6190664396e+00 -3.4017475565e-01 -1.0777401889e+00 -6.3784128514e-01 -1.2309308587e+00  4.9310153058e-01 -6.7399426408e-01
ENERGY -9.546297989557e+02

JOB 19
COORDS -7.7350012018e-01 -5.4819729619e-01  1.3201728504e+00  8.5516610050e-01  1.6780966346e+00  1.7173591529e+00  2.5234697435e+00 -1.3312520915e+00 -1.4950200724e+00  4.1483276943e-01  1.0142406272e+00 -8.8028186828e-01  2.0792039165e+00 -1.4606889855e+00  2.7864926631e-01  5.3871491683e-01  3.3222572065e-01  8.1678141333e-01 -6.5877648110e-01 -1.6217380687e+00  1.2628314268e+00 -1.3630708042e+00 -7.1321874914e-02  2.0937345588e+00  1.3190156803e+00  2.5236175763e+00  1.2216630325e+00  1.0159868247e+00  1.5119901530e+00  2.7757385588e+00  3.2755313530e+00 -2.1066237763e+00 -1.6745343411e+00  2.9742150749e+00 -3.6634860440e-01 -1.7417945794e+00  1.6714564211e+00 -1.5253040904e+00 -2.1511042870e+00  1.3754423251e+00  1.4416160436e+00 -1.1747778318e+00  1.3263815804e-01  1.8830118134e-01 -1.5300861865e+00 -3.7260608729e-01  1.7686515986e+00 -8.5564160500e-01
ENERGY -9.546296153659e+02

JOB 20
COORDS -8.3695480033e-01 -5.0344441660e-01  1.3618458699e+00  9.5086286241e-01  1.6269406889e+00  1.6472641068e+00  2.5978760168e+00 -1.2379119986e+00 -1.4399388014e+00  3.1527325498e-01  9.4383926893e-01 -9.0980966849e-01  1.8887548144e+00 -1.5997618270e+00  2.0977947898e-01  5.0627931831e-01  2.8851957989e-01  7.9116172455e-01 -7.9302660410e-01 -1.5828259112e+00  1.3016721081e+00 -1.3226552222e+00 -2.3777318600e-03  2.1907870746e+00  1.4439140484e+00  2.4277722273e+00  1.1076321294e+00  1.1636556487e+00  1.4683284694e+00  2.6977290909e+00  3.3222796357e+00 -2.0333734720e+00 -1.6421215010e+00  3.1375150524e+00 -2.8649222939e-01 -1.4557678775e+00  1.8429422381e+00 -1.2529690610e+00 -2.2294150174e+00  1.2680769926e+00  1.3350679105e+00 -1.2714251410e+00 -3.1362637962e-02  1.1283121691e-01 -1.5214473918e+00 -4.4571082717e-01  1.7231220331e+00 -8.5425669613e-01
ENERGY -9.546306016233e+02

JOB 21
COORDS -8.8016118488e-01 -4.6234197098e-01  1.3961045561e+00  1.0710008137e+00  1.5441557446e+00  1.5553319279e+00  2.6460691928e+00 -1.1449836085e+00 -1.3528725689e+00  2.1653861045e-01  8.9270944371e-01 -9.4677334211e-01  1.6908437981e+00 -1.7231949612e+00  9.6309994698e-02  4.7892117925e-01  2.3537830863e-01  7.4604138573e-01 -9.0533112083e-01 -1.5437514281e+00  1.3485667604e+00 -1.2707172537e+00  6.6911064730e-02  2.2572902496e+00  1.5761520581e+00  2.3083997129e+00  9.7565637817e-01  1.3341390107e+00  1.3831562783e+00  2.5939058737e+00  3.4050178028e+00 -1.9071747731e+00 -1.5534509415e+00  3.1699490767e+00 -2.0729505742e-01 -1.1401282247e+00  2.0232985574e+00 -1.0319632548e+00 -2.2432873582e+00  1.1546927479e+00  1.2633524573e+00 -1.3629929358e+00 -1.7956416387e-01  6.5430077658e-02 -1.5336250578e+00 -5.2312933348e-01  1.6884767138e+00 -8.5238720918e-01
ENERGY -9.546321266940e+02

JOB 22
COORDS -8.9228182804e-01 -4.4019316746e-01  1.4307311993e+00  1.1988495147e+00  1.4370832574e+00  1.4498363077e+00  2.6773971664e+00 -1.0630074615e+00 -1.2530753287e+00  1.1426559819e-01  8.7288041488e-01 -9.8154828596e-01  1.5005262912e+00 -1.8129785011e+00 -7.4194158781e-02  4.5264592154e-01  1.8253592611e-01  6.8730665104e-01 -9.6659157864e-01 -1.5205652386e+00  1.4093461062e+00 -1.2106052614e+00  1.2209460926e-01  2.3003742134e+00  1.6819211851e+00  2.1912579080e+00  8.3933524951e-01  1.5188980370e+00  1.2596587101e+00  2.4693028614e+00  3.4971807718e+00 -1.7732404295e+00 -1.3916632411e+00  3.1082746000e+00 -1.4287716158e-01 -8.4005336617e-01  2.2192796977e+00 -8.5819236856e-01 -2.2237887296e+00  1.0416217964e+00  1.1936014045e+00 -1.4584782367e+00 -3.6213366939e-01  7.0695812298e-02 -1.5431290979e+00 -5.7152845167e-01  1.7085110333e+00 -8.3661265512e-01
ENERGY -9.546338368717e+02

JOB 23
COORDS -8.8081353748e-01 -4.4061301039e-01  1.4568415641e+00  1.2905922151e+00  1.3511209678e+00  1.3322969647e+00  2.7255490112e+00 -1.0135737119e+00 -1.1389537922e+00 -6.1873024198e-06  8.8038254364e-01 -1.0137783113e+00  1.3492160663e+00 -1.8476793593e+00 -2.7877923505e-01  4.2068605111e-01  1.5032724060e-01  6.1891806295e-01 -9.6120596349e-01 -1.5208891478e+00  1.4654945213e+00 -1.1461313519e+00  1.4320365676e-01  2.3298926414e+00  1.7274201543e+00  2.1198725062e+00  7.0553437040e-01  1.6704923812e+00  1.1529216385e+00  2.3268783664e+00  3.5675137234e+00 -1.7093204341e+00 -1.1802460613e+00  3.0543393684e+00 -1.3530994344e-01 -5.6668795415e-01  2.4588664983e+00 -7.1553547304e-01 -2.1563814998e+00  9.1159952021e-01  1.1107842100e+00 -1.5681193693e+00 -5.9006584915e-01  1.2402011978e-01 -1.5282682510e+00 -5.9033230927e-01  1.7775529442e+00 -8.2095252898e-01
ENERGY -9.546353544219e+02

