JOB 0
COORDS -2.8812808566e+00 -4.6910844011e-01  3.6084869943e+00 -1.4048943479e+00 -1.8186033528e-01  3.3147904750e+00 -1.2178113761e+00  7.2951803534e-01  2.0876517594e+00  2.2815684549e-01  1.0089405654e+00  1.7432407952e+00  1.0441482637e+00  1.7359773433e+00  2.7874771696e+00  7.5641622736e-01  6.3742724376e-01  5.6823246050e-01 -2.9953600213e+00 -1.1182439166e+00  4.4833209336e+00 -3.3641059451e+00 -9.6577920808e-01  2.7589072070e+00 -3.4322193187e+00  4.5787798793e-01  3.8062684035e+00 -9.4347734827e-01  2.8161046876e-01  4.1947906679e+00 -8.6909402441e-01 -1.1236705976e+00  3.1431521112e+00 -1.7173818313e+00  2.7523289741e-01  1.2242805276e+00 -1.7296829915e+00  1.6837484451e+00  2.2814602446e+00  1.9760437214e+00  2.1263137164e+00  2.3693663389e+00  4.8065431571e-01  2.5798310838e+00  3.2048211013e+00  1.2952499584e+00  1.0775191525e+00  3.6276346692e+00  1.7934844425e+00  8.4818515887e-01  3.1519293525e-01  1.6710562423e-01  1.0960083009e-01 -1.7867310569e-01
ENERGY -2.358973286958e+02

JOB 1
COORDS -2.8632996725e+00 -4.2149644505e-01  3.6341799728e+00 -1.3899971869e+00 -1.6173404237e-01  3.3019835584e+00 -1.2153219664e+00  7.3090080080e-01  2.0593333254e+00  2.2851935460e-01  1.0115167289e+00  1.7106970088e+00  1.0405150427e+00  1.7676666115e+00  2.7423476479e+00  7.6084444814e-01  6.2303728184e-01  5.4321874125e-01 -2.9668937881e+00 -1.0623055331e+00  4.5164374261e+00 -3.3753475620e+00 -9.1590186374e-01  2.8005199551e+00 -3.3933351507e+00  5.1623716541e-01  3.8382963979e+00 -8.9907331799e-01  3.0514551169e-01  4.1643605091e+00 -8.7296372485e-01 -1.1138260769e+00  3.1298587766e+00 -1.7159135242e+00  2.6097237376e-01  1.2050143827e+00 -1.7293259472e+00  1.6863612921e+00  2.2407491831e+00  1.8226638587e+00  2.3707372251e+00  2.2725660979e+00  4.0378401573e-01  2.4473745438e+00  3.3204254337e+00  1.5129004535e+00  1.0864316481e+00  3.4599086181e+00  1.7957102837e+00  8.4053041679e-01  2.8595595377e-01  1.7804805683e-01  7.2811577686e-02 -1.9243174811e-01
ENERGY -2.358964254376e+02

JOB 2
COORDS -2.8674785771e+00 -3.9012592399e-01  3.6303705525e+00 -1.3926886060e+00 -1.6844012056e-01  3.2776217454e+00 -1.2101695469e+00  7.4010331810e-01  2.0473187045e+00  2.3787010689e-01  1.0051997086e+00  1.7058193288e+00  1.0459835444e+00  1.7957524730e+00  2.7201260179e+00  7.8329063735e-01  5.7038238300e-01  5.6106553602e-01 -2.9756206343e+00 -1.0464124112e+00  4.5006340957e+00 -3.4087301309e+00 -8.5067988948e-01  2.7957530057e+00 -3.3648511529e+00  5.5865161098e-01  3.8635054910e+00 -8.7273606444e-01  2.6738851626e-01  4.1394500654e+00 -9.0695891371e-01 -1.1317228691e+00  3.0796045037e+00 -1.7158329416e+00  2.8663569521e-01  1.1871552142e+00 -1.7133208041e+00  1.6987188445e+00  2.2417137251e+00  1.6479233467e+00  2.5685145485e+00  2.2323479726e+00  3.9386699983e-01  2.2995290955e+00  3.4410540611e+00  1.7203765420e+00  1.1483632822e+00  3.2918139504e+00  1.8242449547e+00  7.6855156563e-01  3.1184160071e-01  2.0575203790e-01  5.7977907461e-04 -1.6362996889e-01
ENERGY -2.358952818114e+02

JOB 3
COORDS -2.8739533136e+00 -3.2882875995e-01  3.5952159027e+00 -1.3959905740e+00 -1.4969200874e-01  3.2315085917e+00 -1.1950582421e+00  7.6960787348e-01  2.0116395970e+00  2.5976881586e-01  1.0061661828e+00  1.6772972996e+00  1.0628717021e+00  1.8442790827e+00  2.6590069250e+00  8.1998968322e-01  4.9496861768e-01  5.7193233676e-01 -2.9951460780e+00 -9.9741093890e-01  4.4543413894e+00 -3.4382779683e+00 -7.5572672093e-01  2.7579711259e+00 -3.3374207244e+00  6.3121473282e-01  3.8508846885e+00 -8.5382060329e-01  2.5574839977e-01  4.0945227320e+00 -9.4312914260e-01 -1.1245746545e+00  3.0143771506e+00 -1.7071895565e+00  3.3313715422e-01  1.1465385110e+00 -1.6821253231e+00  1.7346696837e+00  2.2146194933e+00  1.4633342058e+00  2.7403921636e+00  2.1729885819e+00  4.5037461468e-01  2.1759800711e+00  3.5025429085e+00  1.9105167317e+00  1.2843491741e+00  3.0677398168e+00  1.8708379712e+00  6.5438350140e-01  3.3633663430e-01  2.4429560376e-01 -9.9335285847e-02 -1.3427716313e-01
ENERGY -2.358946994772e+02

JOB 4
COORDS -2.5156608227e+00 -7.2485060544e-01  3.6934946948e+00 -1.1448985128e+00 -3.0252140364e-01  3.1536361410e+00 -1.2325834529e+00  9.0488619851e-01  2.2003425468e+00  1.1777210801e-01  1.3627267048e+00  1.6973138291e+00  1.0100099815e+00  2.0855506276e+00  2.6906915182e+00  5.1778709803e-01  1.1233201294e+00  4.4042723728e-01 -2.4325656340e+00 -1.5923452458e+00  4.3570706645e+00 -3.1966330994e+00 -9.9295406538e-01  2.8773688229e+00 -2.9843270802e+00  8.6980775468e-02  4.2619317563e+00 -4.7930581960e-01 -6.5825634976e-02  3.9926613063e+00 -6.7902594061e-01 -1.1383587397e+00  2.6183012631e+00 -1.8743331882e+00  6.4223761867e-01  1.3515384753e+00 -1.7277401204e+00  1.7338807152e+00  2.7268379332e+00  1.0276736347e+00  3.1618790877e+00  2.4817411748e+00  6.6665644515e-01  1.9543228690e+00  3.7207434273e+00  2.0439843167e+00  1.7313419184e+00  2.6334409657e+00  1.5021266403e+00  1.4235110513e+00  8.5664976566e-02 -1.2937119705e-01  6.2169082981e-01 -2.7588774767e-01
ENERGY -2.358950603030e+02

JOB 5
COORDS -2.5300606255e+00 -7.1609699066e-01  3.6913932997e+00 -1.1561375095e+00 -3.0926183399e-01  3.1476972050e+00 -1.2311550110e+00  9.1116985807e-01  2.2097849222e+00  1.2325790003e-01  1.3553208255e+00  1.7031542714e+00  1.0020655272e+00  2.1043509059e+00  2.6831112507e+00  5.3350505990e-01  1.0784368353e+00  4.5721797662e-01 -2.4569352686e+00 -1.5943670325e+00  4.3418304574e+00 -3.2212220089e+00 -9.6087580644e-01  2.8764848578e+00 -2.9808519083e+00  9.5197438275e-02  4.2748321983e+00 -4.8174722704e-01 -9.3963597439e-02  3.9853016829e+00 -7.0740802471e-01 -1.1456580188e+00  2.5989436814e+00 -1.8815829981e+00  6.6697067609e-01  1.3620199853e+00 -1.7122757027e+00  1.7403831346e+00  2.7485243883e+00  8.1418324405e-01  3.1836846479e+00  2.6165897934e+00  8.1538013381e-01  1.8003698359e+00  3.7176102594e+00  2.0639235235e+00  1.9504998708e+00  2.4690805896e+00  1.5227044319e+00  1.3624207007e+00  1.0348904686e-01 -1.1081715288e-01  5.6159174178e-01 -2.5101932979e-01
ENERGY -2.358960475623e+02

JOB 6
COORDS -2.5545590656e+00 -7.0662969358e-01  3.6885942988e+00 -1.1714117744e+00 -2.9819854778e-01  3.1700724733e+00 -1.2356169755e+00  9.0378046805e-01  2.2077853638e+00  1.2033301280e-01  1.3386150398e+00  1.6956271917e+00  1.0024456635e+00  2.0866723813e+00  2.6685512538e+00  5.2200294051e-01  1.0612938055e+00  4.4687031882e-01 -2.4891672755e+00 -1.5681200406e+00  4.3618845595e+00 -3.2221179186e+00 -9.7842310053e-01  2.8626464955e+00 -3.0283738928e+00  1.1355967603e-01  4.2405132596e+00 -5.2010008217e-01 -6.1430575622e-02  4.0197658922e+00 -7.0353039012e-01 -1.1414676272e+00  2.6483081359e+00 -1.8817550076e+00  6.4412601682e-01  1.3613204230e+00 -1.7185595410e+00  1.7442717529e+00  2.7270110237e+00  6.4383815548e-01  3.1167725719e+00  2.7940817455e+00  1.0029268173e+00  1.6211324265e+00  3.6598940137e+00  2.0363982268e+00  2.1390825181e+00  2.3157231871e+00  1.5079475279e+00  1.3464204035e+00  8.5717092614e-02 -1.2618576323e-01  5.4159937342e-01 -2.5586419161e-01
ENERGY -2.358969912333e+02

JOB 7
COORDS -2.5575339714e+00 -6.5899750843e-01  3.6759547516e+00 -1.1593412784e+00 -2.2122892142e-01  3.2262296602e+00 -1.2081319043e+00  9.0928717396e-01  2.1806632036e+00  1.5200256781e-01  1.3377364681e+00  1.6745640389e+00  1.0551719689e+00  2.0349012714e+00  2.6641276204e+00  5.3570306784e-01  1.1054997041e+00  4.1089874710e-01 -2.5041602146e+00 -1.4622774991e+00  4.4186692917e+00 -3.1485123115e+00 -1.0261035048e+00  2.8288616072e+00 -3.1075143280e+00  1.7587883651e-01  4.1258577966e+00 -5.8329152962e-01  1.0361157496e-01  4.1005424824e+00 -6.2039873398e-01 -1.0756361848e+00  2.7990274047e+00 -1.8241300806e+00  5.8296026747e-01  1.3347990432e+00 -1.7192964144e+00  1.7752379955e+00  2.6262907900e+00  5.8553859228e-01  2.9554277976e+00  3.0343277628e+00  1.2542880067e+00  1.4059421416e+00  3.5394327211e+00  2.0153922697e+00  2.3012642329e+00  2.2139432121e+00  1.5166124433e+00  1.4041508856e+00  4.7116175084e-02 -1.2133526653e-01  6.0992836363e-01 -3.0091502433e-01
ENERGY -2.358974612173e+02

JOB 8
COORDS -2.5874695741e+00 -6.7471975432e-01  3.7044805700e+00 -1.1930554404e+00 -2.1935586078e-01  3.2609435338e+00 -1.2502813963e+00  8.5176372482e-01  2.1559389992e+00  1.0697588020e-01  1.2985766114e+00  1.6600453365e+00  1.0134401121e+00  1.9592166142e+00  2.6728312771e+00  4.8351289735e-01  1.1224986523e+00  3.8528966745e-01 -2.5278245263e+00 -1.4362328410e+00  4.4895024753e+00 -3.1489441994e+00 -1.1027812677e+00  2.8659709112e+00 -3.1708362590e+00  1.6589661389e-01  4.0981844473e+00 -6.4618236428e-01  1.7040116333e-01  4.1275987620e+00 -6.1973121637e-01 -1.0793675148e+00  2.8932107210e+00 -1.8373857826e+00  4.6699579924e-01  1.3141541077e+00 -1.7938196364e+00  1.7251976780e+00  2.5455698309e+00  4.6373947956e-01  2.6966767887e+00  3.2706431428e+00  1.4139485864e+00  1.2232120416e+00  3.3809138201e+00  1.8603986931e+00  2.4575516156e+00  2.1937418243e+00  1.4553883926e+00  1.4536048051e+00  2.5046501645e-02 -1.6961152975e-01  6.4047740016e-01 -3.3916094044e-01
ENERGY -2.358973623513e+02

JOB 9
COORDS -2.6232493461e+00 -7.3092970288e-01  3.7330160090e+00 -1.2379418239e+00 -2.7953115918e-01  3.2580416012e+00 -1.3146307331e+00  7.8871293528e-01  2.1514336683e+00  3.6932201282e-02  1.2578617643e+00  1.6632465197e+00  9.2574017566e-01  1.9399102474e+00  2.6821881672e+00  4.2483180798e-01  1.0898300172e+00  3.9097321842e-01 -2.5483073552e+00 -1.4939585838e+00  4.5152631148e+00 -3.2053852284e+00 -1.1557041372e+00  2.9070037186e+00 -3.1944637066e+00  1.1107978926e-01  4.1412819396e+00 -6.7024425024e-01  1.1145314424e-01  4.1109734535e+00 -6.7408648400e-01 -1.1413727803e+00  2.8802253052e+00 -1.8931228307e+00  3.9308098799e-01  1.3087718397e+00 -1.8722830251e+00  1.6538959077e+00  2.5393366653e+00  3.3325267631e-01  2.4631405596e+00  3.4410471634e+00  1.5315872722e+00  1.2025585073e+00  3.2241536408e+00  1.6112501641e+00  2.6507191220e+00  2.2131138374e+00  1.3905302570e+00  1.4443506141e+00  3.5764989255e-02 -2.1133715367e-01  5.8957047112e-01 -3.3605345557e-01
ENERGY -2.358965012416e+02

JOB 10
COORDS -2.6689262735e+00 -7.2128591058e-01  3.7102515658e+00 -1.2704156621e+00 -3.1445185708e-01  3.2335499188e+00 -1.3112274686e+00  7.8174820807e-01  2.1522417526e+00  5.8647293993e-02  1.2267612366e+00  1.6948807129e+00  9.2976797380e-01  1.9240082368e+00  2.7247909713e+00  4.8337532237e-01  1.0236634867e+00  4.3973438999e-01 -2.6184663083e+00 -1.5080353669e+00  4.4706720364e+00 -3.2756064379e+00 -1.0989534442e+00  2.8790186929e+00 -3.2011508397e+00  1.3189799573e-01  4.1469690793e+00 -6.7955272711e-01  3.2477274659e-02  4.0900440185e+00 -7.4434275694e-01 -1.1882301631e+00  2.8300289009e+00 -1.8875092738e+00  4.1841180050e-01  1.2937080218e+00 -1.8537967655e+00  1.6502264468e+00  2.5537240441e+00  3.4694086260e-01  2.2447272779e+00  3.5939392949e+00  1.7053789867e+00  1.2476681803e+00  3.1039744001e+00  1.4341862355e+00  2.7972434694e+00  2.3011741936e+00  1.4663812825e+00  1.3530944105e+00  1.0782943383e-01 -1.3870877079e-01  5.1912079288e-01 -2.9633869819e-01
ENERGY -2.358953200814e+02

JOB 11
COORDS -2.7266058985e+00 -6.8236032629e-01  3.6593818928e+00 -1.3114461379e+00 -3.1819766426e-01  3.1973705715e+00 -1.3055388599e+00  8.0186621653e-01  2.1395716126e+00  8.5188243245e-02  1.2046603245e+00  1.7061065334e+00  9.4165475130e-01  1.9311306637e+00  2.7308422741e+00  5.4742613572e-01  9.2763719757e-01  4.7870131079e-01 -2.7090719387e+00 -1.4880793614e+00  4.4011977022e+00 -3.3434894905e+00 -1.0172921523e+00  2.8174043474e+00 -3.2282174865e+00  1.7979863290e-01  4.1142919869e+00 -7.1166791745e-01 -1.3017492386e-02  4.0635608524e+00 -8.1617029789e-01 -1.2013795712e+00  2.7762934582e+00 -1.8842727376e+00  4.7431457570e-01  1.2683734646e+00 -1.8245794743e+00  1.6788504338e+00  2.5534311014e+00  4.1155881309e-01  2.0671835592e+00  3.6779193115e+00  1.8632065493e+00  1.3803680693e+00  2.9468953577e+00  1.2300318137e+00  2.9235967393e+00  2.3683078819e+00  1.5534776754e+00  1.2060042010e+00  1.6955262784e-01 -6.6809463243e-02  4.1372435762e-01 -2.5748684553e-01
ENERGY -2.358946980741e+02

JOB 12
COORDS -2.7465122760e+00 -8.0148476447e-01  3.6930381613e+00 -1.3331199465e+00 -4.2835807167e-01  3.2327150466e+00 -1.3267437739e+00  7.5750973370e-01  2.2488578246e+00  6.5277350588e-02  1.1693716467e+00  1.8260798455e+00  9.0601516126e-01  1.8995350022e+00  2.8577228988e+00  5.4320814549e-01  8.8309189751e-01  6.0673679428e-01 -2.7296915445e+00 -1.6548167485e+00  4.3795697186e+00 -3.3816726777e+00 -1.0709441112e+00  2.8411965417e+00 -3.2274839955e+00  3.5693439418e-02  4.2123085762e+00 -7.1562456689e-01 -1.8894459900e-01  4.1069775006e+00 -8.5757512575e-01 -1.2887262071e+00  2.7470894366e+00 -1.9181378759e+00  4.9030203378e-01  1.3655952688e+00 -1.8337517533e+00  1.6108407248e+00  2.7225766654e+00  4.8757359074e-01  1.8037950588e+00  3.8639948136e+00  1.9383538088e+00  1.5384417521e+00  2.8761270561e+00  9.3580304925e-01  2.9730597313e+00  2.6336400224e+00  1.5568198494e+00  1.1488656589e+00  3.1211800952e-01 -6.6734077610e-02  3.7627633627e-01 -1.3804621915e-01
ENERGY -2.358951059775e+02

JOB 13
COORDS -2.7622687397e+00 -7.8713417803e-01  3.6874834457e+00 -1.3447293408e+00 -4.3114600523e-01  3.2263795056e+00 -1.3237016949e+00  7.6622188578e-01  2.2564988302e+00  7.2867438491e-02  1.1609877566e+00  1.8297468293e+00  9.0221713653e-01  1.9182991309e+00  2.8446969184e+00  5.5854356652e-01  8.3475285670e-01  6.2345564726e-01 -2.7567537244e+00 -1.6500216163e+00  4.3621416539e+00 -3.4052064585e+00 -1.0343101923e+00  2.8347002993e+00 -3.2272417938e+00  5.0587229869e-02  4.2202540744e+00 -7.2079735192e-01 -2.1227019822e-01  4.1012977666e+00 -8.8479012782e-01 -1.2930257724e+00  2.7287604386e+00 -1.9237894145e+00  5.1754939750e-01  1.3736497362e+00 -1.8157545502e+00  1.6215491604e+00  2.7419287570e+00  6.3633774292e-01  1.6446761153e+00  3.8708730068e+00  1.9746778169e+00  1.7604932848e+00  2.7028398653e+00  7.0824742877e-01  2.9958012568e+00  2.7581339274e+00  1.5765064668e+00  1.0830156970e+00  3.2962361299e-01 -5.0071147305e-02  3.1160781644e-01 -1.1127056580e-01
ENERGY -2.358961462441e+02

JOB 14
COORDS -2.7885297910e+00 -7.7689333212e-01  3.6807304384e+00 -1.3622917501e+00 -4.1333447561e-01  3.2535632774e+00 -1.3291063354e+00  7.5916190110e-01  2.2540016648e+00  6.9056077360e-02  1.1453011425e+00  1.8227472213e+00  9.0346674302e-01  1.8986080987e+00  2.8322290330e+00  5.4536115844e-01  8.2246642506e-01  6.1168196428e-01 -2.7920405526e+00 -1.6178609470e+00  4.3825236784e+00 -3.3999552513e+00 -1.0609009011e+00  2.8163309127e+00 -3.2826917570e+00  6.9785702961e-02  4.1714229332e+00 -7.6965947126e-01 -1.6356575144e-01  4.1415890881e+00 -8.7696768714e-01 -1.2819096713e+00  2.7928193499e+00 -1.9227494610e+00  4.8873951696e-01  1.3731733909e+00 -1.8242761074e+00  1.6268479333e+00  2.7135558585e+00  8.3322618062e-01  1.4504292583e+00  3.8295213620e+00  1.9566789688e+00  1.9419773570e+00  2.5424953009e+00  5.3611785506e-01  2.9287832979e+00  2.9324712112e+00  1.5600889601e+00  1.0736010259e+00  3.0994733974e-01 -6.7722908409e-02  2.9807799433e-01 -1.1853750601e-01
ENERGY -2.358970661136e+02

JOB 15
COORDS -2.7934213945e+00 -7.3478483766e-01  3.6709986950e+00 -1.3577739096e+00 -3.3880879789e-01  3.3091711475e+00 -1.3078952199e+00  7.5433016845e-01  2.2247467199e+00  9.3180281088e-02  1.1399888888e+00  1.8030321521e+00  9.4405228561e-01  1.8397533264e+00  2.8360761111e+00  5.5508693982e-01  8.7100661856e-01  5.7327163317e-01 -2.8102445219e+00 -1.5127390389e+00  4.4418604468e+00 -3.3298694096e+00 -1.1199239438e+00  2.7960776994e+00 -3.3565071025e+00  1.2524918001e-01  4.0520380075e+00 -8.3963020954e-01  6.6944287041e-03  4.2113389714e+00 -8.0725388280e-01 -1.2176827583e+00  2.9520157598e+00 -1.8688360704e+00  4.0997365941e-01  1.3482975839e+00 -1.8309917321e+00  1.6450298257e+00  2.6026889295e+00  1.0856174404e+00  1.2169126013e+00  3.7269879251e+00  1.9308262779e+00  2.0951890567e+00  2.4406622088e+00  4.5913660968e-01  2.7647994480e+00  3.1740068695e+00  1.5643688996e+00  1.1407729175e+00  2.6945618755e-01 -6.3918896776e-02  3.7282342098e-01 -1.7008167935e-01
ENERGY -2.358974809574e+02

JOB 16
COORDS -2.8367188289e+00 -7.6575659596e-01  3.7062223462e+00 -1.4082125205e+00 -3.4795443253e-01  3.3411558527e+00 -1.3733452726e+00  6.8857047480e-01  2.2028319371e+00  2.1556114719e-02  1.1008120970e+00  1.7883151620e+00  8.7057765525e-01  1.7717789146e+00  2.8438315481e+00  4.7867224296e-01  8.8792161486e-01  5.4598401519e-01 -2.8423807646e+00 -1.5033543484e+00  4.5159392243e+00 -3.3507478065e+00 -1.2101975787e+00  2.8460821133e+00 -3.4283871151e+00  9.6434269884e-02  4.0356360033e+00 -9.1122829544e-01  5.9864937452e-02  4.2292922168e+00 -8.2848225495e-01 -1.2286466790e+00  3.0380336347e+00 -1.9082474136e+00  2.8621875671e-01  1.3348742600e+00 -1.9275844692e+00  1.5814748492e+00  2.5279879684e+00  1.2387496994e+00  1.0436421400e+00  3.5768579287e+00  1.7429203640e+00  2.2617710777e+00  2.4022220617e+00  2.9493470810e-01  2.5236770920e+00  3.3969269983e+00  1.4775406086e+00  1.1956498346e+00  2.4342201332e-01 -1.3286406526e-01  3.9764949486e-01 -2.0859278003e-01
ENERGY -2.358973154198e+02

JOB 17
COORDS -2.9500676531e+00 -8.9587980329e-01  3.6829802804e+00 -1.5148478422e+00 -4.8853330277e-01  3.3328077031e+00 -1.4597420058e+00  5.7860534010e-01  2.2239030855e+00 -5.5804114806e-02  1.0064081278e+00  1.8619889645e+00  7.5492252848e-01  1.6674076399e+00  2.9579447517e+00  4.4327031611e-01  8.2099872357e-01  6.3165001542e-01 -2.9683432239e+00 -1.6585749267e+00  4.4689220132e+00 -3.4694566304e+00 -1.3049863048e+00  2.8086248348e+00 -3.5290419326e+00 -3.5560221550e-02  4.0387931907e+00 -1.0129722287e+00 -1.1270592179e-01  4.2325549537e+00 -9.4653872550e-01 -1.3682750596e+00  3.0064557372e+00 -1.9707411018e+00  1.9831779740e-01  1.3319702796e+00 -2.0245036999e+00  1.4607694181e+00  2.5598692773e+00  1.3200814947e+00  9.2457061231e-01  3.5340925536e+00  1.4846511113e+00  2.3680352397e+00  2.5410856450e+00  1.1583910527e-01  2.2148432297e+00  3.6589105746e+00  1.4478519205e+00  1.1453765446e+00  3.6693935765e-01 -1.3728628627e-01  3.3587192017e-01 -1.5009114103e-01
ENERGY -2.358964214860e+02

JOB 18
COORDS -2.9574335370e+00 -8.6564306661e-01  3.6841826134e+00 -1.5190948006e+00 -4.9326293673e-01  3.3085761937e+00 -1.4560543164e+00  5.8815527927e-01  2.2136032200e+00 -4.6525402820e-02  9.9995711224e-01  1.8566221229e+00  7.5757301418e-01  1.6954454589e+00  2.9411788553e+00  4.6915930095e-01  7.6877770386e-01  6.4107605225e-01 -2.9802209800e+00 -1.6425494246e+00  4.4559756874e+00 -3.5081269651e+00 -1.2428106162e+00  2.8146235002e+00 -3.5029507931e+00  3.9023167742e-03  4.0691734222e+00 -9.8661382012e-01 -1.4584363615e-01  4.2023403296e+00 -9.8252820790e-01 -1.3828498610e+00  2.9567328185e+00 -1.9730967044e+00  2.2432690037e-01  1.3183423313e+00 -2.0096988267e+00  1.4724600727e+00  2.5620390886e+00  1.5083531560e+00  1.0235874582e+00  3.3730509225e+00  1.2986310423e+00  2.5566155154e+00  2.5363682288e+00  1.1965422834e-01  2.0517026962e+00  3.7555630515e+00  1.4815701822e+00  1.0732042266e+00  3.8152435766e-01 -1.0508497268e-01  2.6546379223e-01 -1.3367795614e-01
ENERGY -2.358952926362e+02

JOB 19
COORDS -2.9682459137e+00 -7.8528433789e-01  3.6531965166e+00 -1.5237261076e+00 -4.5723123339e-01  3.2600802577e+00 -1.4401791367e+00  6.2939979809e-01  2.1711017980e+00 -2.0995264386e-02  1.0078508548e+00  1.8148365717e+00  7.7559621803e-01  1.7562227564e+00  2.8714087840e+00  5.1467493944e-01  6.9220337924e-01  6.2722074643e-01 -3.0055845184e+00 -1.5704369631e+00  4.4160413253e+00 -3.5442460918e+00 -1.1331771211e+00  2.7878220070e+00 -3.4783699877e+00  9.7216017900e-02  4.0567063601e+00 -9.6735108300e-01 -1.3502674223e-01  4.1487530261e+00 -1.0212807363e+00 -1.3604617231e+00  2.8935390177e+00 -1.9656158328e+00  2.7925119208e-01  1.2752820258e+00 -1.9760830149e+00  1.5227575779e+00  2.5239585461e+00  1.6741054431e+00  1.2030195357e+00  3.1646579373e+00  1.1023164267e+00  2.7321830218e+00  2.4964033477e+00  1.8530118408e-01  1.9322568629e+00  3.7751663712e+00  1.5407234871e+00  9.5407047996e-01  3.7451516487e-01 -5.6990410195e-02  1.6225893367e-01 -1.3152310707e-01
ENERGY -2.358947014823e+02

JOB 20
COORDS -2.9765641112e+00 -7.5887305278e-01  3.6254771857e+00 -1.5246732800e+00 -4.5118673535e-01  3.2431881206e+00 -1.4170526282e+00  6.5751459555e-01  2.1785380632e+00  1.1676530741e-02  1.0061685735e+00  1.8274603947e+00  8.0051669589e-01  1.7886963826e+00  2.8623763737e+00  5.6370482012e-01  6.2374782412e-01  6.6721411646e-01 -3.0311464688e+00 -1.5584631939e+00  4.3721097751e+00 -3.5564700194e+00 -1.0780159690e+00  2.7516790525e+00 -3.4709120076e+00  1.2486460810e-01  4.0455548338e+00 -9.6479563021e-01 -1.6029440296e-01  4.1403573226e+00 -1.0388250118e+00 -1.3553489800e+00  2.8575864348e+00 -1.9524380766e+00  3.3824854145e-01  1.2770190625e+00 -1.9321787533e+00  1.5548672516e+00  2.5513561155e+00  1.8062462463e+00  1.3801295235e+00  2.9994988839e+00  8.9850827928e-01  2.8395703367e+00  2.5659778859e+00  3.0649953541e-01  1.7746833373e+00  3.8386917291e+00  1.6016271145e+00  8.4622212733e-01  4.2621111506e-01 -7.0831481383e-03  7.8012220342e-02 -8.1116663973e-02
ENERGY -2.358950481478e+02

JOB 21
COORDS -2.9301047125e+00 -6.8316047805e-01  3.6068071053e+00 -1.4682958949e+00 -4.1637094515e-01  3.2317193930e+00 -1.3239494951e+00  7.0109501108e-01  2.1804251825e+00  1.1620398147e-01  1.0112917567e+00  1.8366101582e+00  8.9962026849e-01  1.8126629347e+00  2.8552925280e+00  6.7711890944e-01  5.7607044230e-01  6.9936165978e-01 -3.0116912236e+00 -1.4914680913e+00  4.3414885149e+00 -3.5179238685e+00 -9.7086337631e-01  2.7273743523e+00 -3.3970356695e+00  2.0959056137e-01  4.0389895938e+00 -9.0247086265e-01 -1.5392524201e-01  4.1337659105e+00 -1.0097951331e+00 -1.3304510924e+00  2.8364042710e+00 -1.8655832578e+00  4.0680395554e-01  1.2741087392e+00 -1.8148389453e+00  1.6084995539e+00  2.5611216536e+00  1.9649882779e+00  1.5663177487e+00  2.8349552396e+00  7.8754279765e-01  2.8886437303e+00  2.6724977037e+00  5.3967833197e-01  1.6249976324e+00  3.8724814974e+00  1.7235749831e+00  7.6506941417e-01  4.6816201834e-01  1.0455493796e-01  1.9094332463e-02 -3.9495501293e-02
ENERGY -2.358960441583e+02

JOB 22
COORDS -2.8217919003e+00 -4.7589230831e-01  3.5762247883e+00 -1.3445614049e+00 -2.5059314252e-01  3.2358731366e+00 -1.1499886577e+00  8.1223807986e-01  2.1370268113e+00  3.0182712445e-01  1.0633603504e+00  1.7916895091e+00  1.1049201011e+00  1.8653919036e+00  2.7894973741e+00  8.4949573901e-01  5.8371157122e-01  6.6577618960e-01 -2.9399785608e+00 -1.2425636534e+00  4.3495308521e+00 -3.3855836348e+00 -8.0159426853e-01  2.6943211631e+00 -3.2879184023e+00  4.4527194618e-01  3.9450256199e+00 -8.0414499049e-01  4.6814770678e-02  4.1423703396e+00 -8.9040566078e-01 -1.1904231005e+00  2.9001805941e+00 -1.6911677495e+00  4.9399068297e-01  1.2385485980e+00 -1.6159324830e+00  1.7510979085e+00  2.4696883185e+00  2.1797823081e+00  1.7809145089e+00  2.6073546662e+00  8.2616519462e-01  2.9261462149e+00  2.7462780494e+00  9.1453740330e-01  1.5316391852e+00  3.8158314787e+00  1.9003472711e+00  7.3766813678e-01  4.2954721087e-01  2.6126265980e-01  2.2994239244e-02 -5.7884337441e-02
ENERGY -2.358970036609e+02

JOB 23
COORDS -2.8912421394e+00 -5.2202066399e-01  3.5813509222e+00 -1.4133527089e+00 -2.3450861846e-01  3.2950642778e+00 -1.2246966482e+00  7.5640843947e-01  2.1306246278e+00  2.2260580686e-01  1.0364408170e+00  1.7890381919e+00  1.0287092234e+00  1.7921350147e+00  2.8186236977e+00  7.6145939517e-01  6.3020903307e-01  6.3031692211e-01 -3.0066295251e+00 -1.2301405446e+00  4.4089841468e+00 -3.3880640188e+00 -9.5077736972e-01  2.7033118182e+00 -3.4276750405e+00  3.9567125422e-01  3.8496390856e+00 -9.3944607729e-01  1.6010715631e-01  4.2013954630e+00 -8.9166490355e-01 -1.1685441487e+00  3.0533394483e+00 -1.7372607546e+00  3.6385062726e-01  1.2448674053e+00 -1.7253665468e+00  1.7005175857e+00  2.3909841681e+00  2.0591811722e+00  1.9487154543e+00  2.4883586264e+00  5.7790574330e-01  2.7720850830e+00  3.0216644840e+00  1.0598521394e+00  1.2558533851e+00  3.7742568711e+00  1.8038024449e+00  8.2302676580e-01  3.8523541960e-01  1.7491823076e-01  9.2157346864e-02 -1.1158257072e-01
ENERGY -2.358974700277e+02

