JOB 0
COORDS -1.5130261689e+00  1.1569257753e+00 -1.5043215013e-01 -7.7272037217e-01 -1.3157274251e+00 -1.0704856989e+00  1.7855042021e+00  2.0079707063e+00  4.7130198731e-01  4.9358382376e-01 -7.6390525208e-01  1.2726512112e+00  1.1738291989e+00  1.2492141052e+00 -7.0433615350e-01  2.2144219366e+00  5.1090755826e-01 -1.5200403605e+00  2.7849491002e+00 -5.1833669148e-01 -8.3062617639e-01  1.6994570659e+00 -7.0985986463e-03 -2.6546673770e+00  3.2322314042e+00  1.3372852022e+00 -1.8852305551e+00 -2.9798193760e-01  2.2843334483e-02 -2.2497626512e-01 -1.1919359101e+00  2.1410707360e+00  1.7676805001e-01 -2.4403971754e+00  7.6125618326e-01  2.5069225722e-01 -1.1596393934e-01 -2.1750863855e+00 -9.7283973765e-01 -1.2014361969e+00 -1.0939777904e+00 -2.0412496846e+00  1.0038232863e+00  2.4292755488e+00  1.1076819815e+00  2.3975576130e+00  2.8367515145e+00  1.0154007579e-01  2.4240890318e+00  1.3666162458e+00  1.0828921648e+00  1.4010155240e+00 -1.2996794327e+00  9.9024222584e-01  7.1235656608e-01  2.5840054890e-02  1.9900735811e+00 -2.5893895338e-01 -1.4430298011e+00  1.6740753328e+00  6.5636301726e-01  1.9187916537e+00 -1.3948610689e+00
ENERGY -9.328998347375e+02

JOB 1
COORDS -1.5428819708e+00  1.1046770056e+00 -2.7730888744e-01 -6.6475428718e-01 -1.3838578925e+00 -1.0257885177e+00  1.9083375928e+00  1.8808214274e+00  5.2680832918e-01  4.1908252291e-01 -6.5562854514e-01  1.3632499900e+00  1.1771092164e+00  1.2784245702e+00 -6.7107035020e-01  2.1185485191e+00  5.9116411452e-01 -1.6335030321e+00  2.6724342446e+00 -5.2636591896e-01 -1.0817465133e+00  1.5033646185e+00  2.1572262001e-01 -2.7736371258e+00  3.1540588278e+00  1.4000849789e+00 -1.9878258492e+00 -2.8714489554e-01  1.5794362095e-02 -2.2923618625e-01 -1.2753828288e+00  2.1140309486e+00  2.1043248304e-02 -2.4813776136e+00  6.9265591256e-01  7.8691146647e-02  1.2727745030e-02 -2.2114518417e+00 -8.3686551266e-01 -1.0256332152e+00 -1.2284803018e+00 -2.0362211186e+00  1.1944263674e+00  2.3172540273e+00  1.2298143217e+00  2.5708250668e+00  2.6835045118e+00  1.8676453189e-01  2.5177297695e+00  1.1453896625e+00  1.0560664143e+00  1.3800515416e+00 -1.1434679115e+00  1.1842359599e+00  5.2314914053e-01  1.7335339678e-01  2.0609278421e+00 -3.2086020599e-01 -1.3684670672e+00  1.7277652571e+00  6.3297096042e-01  2.0527491820e+00 -1.2139903080e+00
ENERGY -9.328991079892e+02

JOB 2
COORDS -1.5591424650e+00  1.0353387900e+00 -4.1616116864e-01 -5.3707881664e-01 -1.4492584901e+00 -9.6303665157e-01  2.0562118492e+00  1.7321228879e+00  5.6164946575e-01  3.0205814909e-01 -5.5857959356e-01  1.4661847352e+00  1.1885342325e+00  1.3030308109e+00 -6.1904334617e-01  2.0148675371e+00  7.1451871702e-01 -1.7412093781e+00  2.6368209626e+00 -4.3263906455e-01 -1.3517914570e+00  1.2765060751e+00  4.2722375456e-01 -2.8324423895e+00  2.9953151292e+00  1.5710652010e+00 -2.1409041610e+00 -2.7071038627e-01  5.1485520280e-03 -2.1850477460e-01 -1.3663591695e+00  2.0668601691e+00 -1.3944897085e-01 -2.5098684012e+00  5.9092197315e-01 -1.4147291743e-01  1.5443711382e-01 -2.2367947940e+00 -6.7824574664e-01 -8.1518238968e-01 -1.3589780275e+00 -2.0070030952e+00  1.4426446526e+00  2.1874867621e+00  1.3423082097e+00  2.7774698770e+00  2.4862036530e+00  2.2943744520e-01  2.6173937211e+00  9.0109081258e-01  9.9371014257e-01  1.2608183092e+00 -1.0793523859e+00  1.4039815854e+00  3.7100811395e-01  3.1574622808e-01  2.1107771121e+00 -4.8179257163e-01 -1.2295283084e+00  1.8181221881e+00  6.3282959381e-01  2.1562795941e+00 -1.0087331872e+00
ENERGY -9.328969731590e+02

JOB 3
COORDS -1.5568590830e+00  9.5667641774e-01 -5.6553143352e-01 -3.9319179186e-01 -1.5048322798e+00 -8.7577304567e-01  2.2011557921e+00  1.5472969738e+00  5.6967467010e-01  1.7644919248e-01 -4.5059824451e-01  1.5641611084e+00  1.1980596851e+00  1.3179832655e+00 -5.5698473215e-01  1.8952940062e+00  8.6565235568e-01 -1.8264665019e+00  2.5876410536e+00 -2.8787035460e-01 -1.6336995044e+00  1.0428612667e+00  6.6297789027e-01 -2.8499334256e+00  2.7992895017e+00  1.7973936302e+00 -2.2431204839e+00 -2.5295837235e-01 -4.4544660228e-04 -1.9792961313e-01 -1.4456114733e+00  2.0093826716e+00 -3.3136996458e-01 -2.5104705727e+00  4.7270070803e-01 -3.8592155749e-01  3.0136549049e-01 -2.2428698445e+00 -4.8578788395e-01 -5.7990809229e-01 -1.4850884009e+00 -1.9435813270e+00  1.7133528226e+00  1.9875698605e+00  1.4411987236e+00  2.9730648858e+00  2.2487008432e+00  2.3641841139e-01  2.7013148151e+00  6.2496991052e-01  8.7346635874e-01  1.1194790323e+00 -9.9885102430e-01  1.6229817691e+00  2.1819522959e-01  4.6754426119e-01  2.1483188685e+00 -6.5427838877e-01 -1.0734784769e+00  1.8965048971e+00  6.5253611692e-01  2.2330925254e+00 -7.8845169390e-01
ENERGY -9.328953839430e+02

JOB 4
COORDS -1.5371213534e+00  8.7775377838e-01 -6.9660853038e-01 -2.6352971426e-01 -1.5507546760e+00 -7.6856772295e-01  2.3097300099e+00  1.3384025670e+00  5.4480634678e-01  6.7988048291e-02 -3.2588418973e-01  1.6381415257e+00  1.2040502146e+00  1.3152850598e+00 -5.0660681449e-01  1.7869508109e+00  1.0233274976e+00 -1.8818374239e+00  2.5119803675e+00 -1.2475060115e-01 -1.8859197575e+00  8.5774437833e-01  9.1842546577e-01 -2.8488551682e+00  2.6370584528e+00  2.0233995106e+00 -2.2559415353e+00 -2.3671638941e-01 -4.0922107757e-03 -1.7983583343e-01 -1.4798832555e+00  1.9488761287e+00 -5.4511167597e-01 -2.4852837193e+00  3.6466868783e-01 -5.8663537395e-01  4.1726008597e-01 -2.2360843151e+00 -2.7279204345e-01 -3.6584381067e-01 -1.6071415824e+00 -1.8465651506e+00  1.9367058432e+00  1.7062929629e+00  1.5014708614e+00  3.1116710235e+00  2.0102758152e+00  2.2324667641e-01  2.7490078964e+00  3.4860617326e-01  6.9272440510e-01  1.0108913132e+00 -8.4679572486e-01  1.8157877681e+00  4.3446794404e-02  6.3417356680e-01  2.1537983393e+00 -7.7815616285e-01 -9.4080898210e-01  1.9459849721e+00  6.8883028299e-01  2.2747323099e+00 -5.7251022488e-01
ENERGY -9.328949047139e+02

JOB 5
COORDS -1.5102232177e+00  7.5550390470e-01 -8.2039783828e-01 -1.3119478313e-01 -1.6097179591e+00 -6.2850204610e-01  2.3803594203e+00  1.1363544431e+00  4.9108178381e-01 -1.3317105596e-02 -1.9576125243e-01  1.6894035695e+00  1.2058491602e+00  1.3164481629e+00 -4.6511372668e-01  1.6842617904e+00  1.2173989074e+00 -1.9088272300e+00  2.2857995451e+00  2.7840419661e-02 -2.1602245160e+00  7.0683809636e-01  1.3803683303e+00 -2.8167489989e+00  2.6150361686e+00  2.1865619243e+00 -2.1600195364e+00 -2.1476315201e-01 -2.4695501237e-02 -1.6633371200e-01 -1.4858785032e+00  1.8376739392e+00 -8.1145421431e-01 -2.4461391900e+00  2.1553388116e-01 -7.5022444122e-01  5.2300804731e-01 -2.2320758542e+00 -2.6139107275e-02 -1.6398738539e-01 -1.7620939537e+00 -1.7012980258e+00  2.1145347709e+00  1.4258978602e+00  1.5079683316e+00  3.2206066855e+00  1.7618891129e+00  1.7762782582e-01  2.7264067471e+00  9.8011262379e-02  4.9730407490e-01  9.0474585354e-01 -7.1790474655e-01  1.9640187016e+00 -4.3502984802e-02  8.0671556229e-01  2.1187091402e+00 -8.9029250717e-01 -7.6479497907e-01  1.9998454765e+00  7.1863366024e-01  2.2887537773e+00 -3.6250187108e-01
ENERGY -9.328953555934e+02

JOB 6
COORDS -1.4581212244e+00  6.1074711320e-01 -9.6488248521e-01  1.3257096199e-02 -1.6578647942e+00 -4.8290961012e-01  2.4329923464e+00  9.5378016326e-01  4.2068483744e-01 -9.7853961130e-02 -6.5405749914e-02  1.7141481350e+00  1.2173484039e+00  1.3151870740e+00 -4.2462201818e-01  1.5828295466e+00  1.4084359506e+00 -1.9015121209e+00  1.9158522941e+00  2.0344259519e-01 -2.4237129700e+00  6.0071047730e-01  1.9331781359e+00 -2.6588282982e+00  2.6695702595e+00  2.2203275245e+00 -2.0743029232e+00 -1.8530383510e-01 -5.1825699846e-02 -1.5935624899e-01 -1.4699011558e+00  1.6896500219e+00 -1.0521186873e+00 -2.3772138076e+00  4.0989576726e-02 -9.0833836424e-01  6.1940758173e-01 -2.2114409887e+00  2.2600638660e-01  5.5085232047e-02 -1.9052011560e+00 -1.5368157163e+00  2.2584533302e+00  1.1615894297e+00  1.4767403196e+00  3.3046035025e+00  1.5330388288e+00  1.0839285900e-01  2.6794559137e+00 -1.0804920952e-01  3.0602623877e-01  7.8171266962e-01 -5.9496649746e-01  2.0833398220e+00 -1.0800791421e-01  9.7157406046e-01  2.0551369577e+00 -1.0123035212e+00 -5.7296733686e-01  2.0236488291e+00  7.6420788210e-01  2.2736881998e+00 -1.5855130261e-01
ENERGY -9.328969819290e+02

JOB 7
COORDS -1.4052750115e+00  4.9044483363e-01 -1.0695255188e+00  1.1138189877e-01 -1.6859129773e+00 -3.5373204086e-01  2.4857590744e+00  7.9828635814e-01  3.2226657044e-01 -1.8822888964e-01  5.3156147324e-02  1.7231412588e+00  1.2390844595e+00  1.2986357038e+00 -3.9911684419e-01  1.5121782298e+00  1.5549944766e+00 -1.8746392589e+00  1.7074199919e+00  4.0919337489e-01 -2.5672415253e+00  5.2605780190e-01  2.2503902701e+00 -2.4786803287e+00  2.6468454219e+00  2.3013688739e+00 -2.0321573928e+00 -1.6222012613e-01 -7.3510955456e-02 -1.4810042975e-01 -1.4512576673e+00  1.5627372818e+00 -1.2097192455e+00 -2.3103191796e+00 -1.0151834374e-01 -1.0058578341e+00  6.8189457813e-01 -2.1801137131e+00  4.2439281880e-01  1.9850671087e-01 -2.0055156002e+00 -1.3849184247e+00  2.3660777581e+00  8.6377442656e-01  1.4047113984e+00  3.3575867009e+00  1.3959206894e+00  4.8845942992e-02  2.6909786749e+00 -2.4474861345e-01  5.5799607107e-02  6.5039587359e-01 -4.7251148314e-01  2.1830434329e+00 -1.8277391737e-01  1.1123732918e+00  1.9872671017e+00 -1.1343377708e+00 -4.0457658833e-01  2.0146422740e+00  8.4702650423e-01  2.2250397884e+00  2.7752078411e-02
ENERGY -9.328978721498e+02

JOB 8
COORDS -1.3471425558e+00  3.7863435656e-01 -1.1589020930e+00  1.5571543451e-01 -1.7081804766e+00 -1.9964861915e-01  2.5455590855e+00  6.3532822862e-01  1.8338068576e-01 -2.9007784720e-01  1.7827632742e-01  1.7237677291e+00  1.2754879450e+00  1.2667803154e+00 -3.7649642669e-01  1.4653058719e+00  1.6947508854e+00 -1.8225046718e+00  1.6019350937e+00  6.4302958578e-01 -2.6590888382e+00  4.5674593572e-01  2.4717302555e+00 -2.2773392407e+00  2.6009009631e+00  2.4458559838e+00 -1.9530719111e+00 -1.5030919646e-01 -9.0499849669e-02 -1.2768673269e-01 -1.4129462446e+00  1.4383458253e+00 -1.3660532424e+00 -2.2433664645e+00 -2.2672323143e-01 -1.0911734965e+00  6.9034881353e-01 -2.1339941684e+00  6.4197478048e-01  2.9648474503e-01 -2.1032646723e+00 -1.1983201259e+00  2.4521715127e+00  4.5469344920e-01  1.2560625811e+00  3.4029439996e+00  1.2944121528e+00  3.1400182398e-02  2.7489741027e+00 -3.2173284389e-01 -3.0675630586e-01  5.6721038341e-01 -2.2266340984e-01  2.2682600203e+00 -3.9768239068e-01  1.2508769046e+00  1.8933470699e+00 -1.2032156601e+00 -3.4412224028e-01  2.0113697219e+00  9.7173758929e-01  2.1463738635e+00  1.9565257290e-01
ENERGY -9.328973466469e+02

JOB 9
COORDS -1.2701828749e+00  2.5571899841e-01 -1.2570783098e+00  1.5780020878e-01 -1.7294844006e+00 -2.6036626007e-02  2.5901683494e+00  4.6646109619e-01  1.8754311334e-02 -3.7588123219e-01  3.1418738293e-01  1.7064548665e+00  1.3180874727e+00  1.2192062464e+00 -3.5163160155e-01  1.4265325901e+00  1.8437447372e+00 -1.7298368509e+00  1.5197829468e+00  9.3001806724e-01 -2.7170915814e+00  3.8811428735e-01  2.6687191919e+00 -2.0112933461e+00  2.5490499213e+00  2.6213507741e+00 -1.8095766076e+00 -1.4661032514e-01 -1.1120755919e-01 -1.0783875468e-01 -1.3373538345e+00  1.2929217714e+00 -1.5541441416e+00 -2.1606200619e+00 -3.5929091268e-01 -1.2021569868e+00  6.2938141049e-01 -2.0822710828e+00  8.8470436356e-01  3.7442934424e-01 -2.2051278139e+00 -9.7488586633e-01  2.5165945034e+00  5.2393515412e-02  1.0274483184e+00  3.4547892978e+00  1.1339234061e+00 -8.4899546508e-03  2.7632906738e+00 -3.6654852271e-01 -6.6788475228e-01  5.4433914524e-01  1.7038408598e-01  2.2782276448e+00 -7.0162843246e-01  1.3547417298e+00  1.7456774694e+00 -1.1635507830e+00 -3.4708643747e-01  2.0690851259e+00  1.1102485091e+00  2.0251529679e+00  3.5576691986e-01
ENERGY -9.328967994339e+02

JOB 10
COORDS -1.1581826188e+00  1.1646340134e-01 -1.3443439392e+00  1.6538597460e-01 -1.7415700604e+00  1.5624470812e-01  2.6347645321e+00  3.4065515897e-01 -1.7199598712e-01 -4.7596967113e-01  4.2729821861e-01  1.6770324788e+00  1.3679713102e+00  1.1690950097e+00 -3.3052253086e-01  1.3770409954e+00  1.9795491819e+00 -1.6102896893e+00  1.4429941937e+00  1.2264878189e+00 -2.7253113321e+00  2.9269639376e-01  2.7921194386e+00 -1.7122056746e+00  2.4646494524e+00  2.8085888422e+00 -1.6324542375e+00 -1.2941206818e-01 -1.3583029930e-01 -7.8928561520e-02 -1.2244919421e+00  1.1266705754e+00 -1.7223783475e+00 -2.0424892306e+00 -5.0882160766e-01 -1.3052645712e+00  5.6984686613e-01 -2.0176092152e+00  1.1239449179e+00  4.4794207732e-01 -2.2937817703e+00 -7.3176540771e-01  2.6271626617e+00 -1.9014527319e-01  7.8363206278e-01  3.5206605686e+00  9.8045598354e-01 -1.9939119044e-01  2.7131744207e+00 -4.0901083963e-01 -9.6407982786e-01  4.0920370527e-01  3.1089031974e-01  2.3087359676e+00 -7.7969120600e-01  1.4738243507e+00  1.6197899724e+00 -1.2963357763e+00 -1.9242945680e-01  2.0405711486e+00  1.2598604777e+00  1.8850074645e+00  4.8715368058e-01
ENERGY -9.328962544517e+02

JOB 11
COORDS -1.0063302237e+00 -3.4555650692e-02 -1.4233896343e+00  1.7097424102e-01 -1.7316565219e+00  3.5656629974e-01  2.6692386623e+00  2.2736531841e-01 -4.0441110423e-01 -5.8591782692e-01  5.4818085817e-01  1.6271243609e+00  1.4278440235e+00  1.0978911846e+00 -3.0577640086e-01  1.3249550689e+00  2.0904757937e+00 -1.4461188329e+00  1.3545379503e+00  1.5293013484e+00 -2.6699402416e+00  1.9616953884e-01  2.8464997393e+00 -1.3589454065e+00  2.3699029898e+00  2.9704899492e+00 -1.3936940805e+00 -1.0334988755e-01 -1.5406248942e-01 -4.3348997612e-02 -1.0686056466e+00  9.4521590502e-01 -1.8761022698e+00 -1.8874034150e+00 -6.6613337370e-01 -1.4000014096e+00  4.9809905641e-01 -1.9169706490e+00  1.3736943706e+00  5.2363782486e-01 -2.3585618852e+00 -4.5329484867e-01  2.7388860537e+00 -4.3433371691e-01  4.6239362779e-01  3.5717184916e+00  8.4365917799e-01 -4.4225772334e-01  2.6308300070e+00 -3.9850705381e-01 -1.3003498731e+00  2.2732073639e-01  4.1698518814e-01  2.3461174545e+00 -8.0990037701e-01  1.6063214997e+00  1.4796171397e+00 -1.4770791533e+00  5.5470150522e-03  1.9441467736e+00  1.4212530018e+00  1.7147556045e+00  5.9614443610e-01
ENERGY -9.328968928994e+02

JOB 12
COORDS -8.5519508700e-01 -1.8006289001e-01 -1.4729063831e+00  1.7747891571e-01 -1.7091005746e+00  5.3563564948e-01  2.6695698463e+00  1.5016174110e-01 -6.2708253393e-01 -6.6986447703e-01  6.6257784723e-01  1.5523162446e+00  1.4753879816e+00  1.0247812656e+00 -2.8814695058e-01  1.2831773136e+00  2.1657638105e+00 -1.2681583316e+00  1.2621135337e+00  1.7877421312e+00 -2.5614246068e+00  1.3336200292e-01  2.8541385518e+00 -1.0202353844e+00  2.2993501693e+00  3.0688063530e+00 -1.1418047485e+00 -7.2243354228e-02 -1.7312070940e-01 -1.3222775470e-02 -8.9591994558e-01  7.6662252473e-01 -1.9951134531e+00 -1.7391612385e+00 -8.0878713076e-01 -1.4620279449e+00  4.3602895809e-01 -1.8070041785e+00  1.5838753090e+00  5.7586310057e-01 -2.4014805429e+00 -1.9577365147e-01  2.7862730516e+00 -6.3045912663e-01  1.2899629773e-01  3.5877936330e+00  7.4364298161e-01 -6.5603415803e-01  2.5282661463e+00 -3.3207073940e-01 -1.5977475355e+00  6.6872369454e-02  5.3625734837e-01  2.3498662637e+00 -8.2083322545e-01  1.7187815745e+00  1.3222691843e+00 -1.6140219363e+00  1.8494955769e-01  1.8159614732e+00  1.5724833584e+00  1.5257674464e+00  6.7893167524e-01
ENERGY -9.328991528361e+02

JOB 13
COORDS -7.3266089635e-01 -3.0405556253e-01 -1.4870332781e+00  1.8798564674e-01 -1.6851347143e+00  6.8253374823e-01  2.6360207324e+00  1.1496940999e-01 -8.1533393422e-01 -7.4363255634e-01  7.4331609110e-01  1.4744853244e+00  1.5043114624e+00  9.7628618214e-01 -2.7794336792e-01  1.2716844737e+00  2.2235970029e+00 -1.1108644795e+00  1.1841089617e+00  1.9858981937e+00 -2.4366548026e+00  1.3818523403e-01  2.8847652228e+00 -7.4391441908e-01  2.2984400952e+00  3.1045235292e+00 -9.3818005589e-01 -4.4288597124e-02 -1.9487747330e-01  1.5417597659e-02 -7.2772691178e-01  6.0614892027e-01 -2.0732674041e+00 -1.6190491231e+00 -9.2928854378e-01 -1.4955703400e+00  3.8469124793e-01 -1.7107393604e+00  1.7481556653e+00  6.2216198633e-01 -2.4250032398e+00  2.1612812775e-02  2.7778427719e+00 -7.5092903929e-01 -1.6279028930e-01  3.5720691025e+00  6.8037116818e-01 -8.4218945687e-01  2.4056360656e+00 -2.4302413389e-01 -1.8209050239e+00 -6.1197516270e-02  6.6973516344e-01  2.3252576375e+00 -8.7847817442e-01  1.7807795828e+00  1.1688323971e+00 -1.7018073196e+00  2.7669862376e-01  1.7053383862e+00  1.7124844310e+00  1.3438702187e+00  7.3118692224e-01
ENERGY -9.329013115718e+02

JOB 14
COORDS -6.2963524645e-01 -4.2082776409e-01 -1.4854316811e+00  2.0167419936e-01 -1.6566003721e+00  8.1263158016e-01  2.5823789832e+00  1.0545877846e-01 -9.7834028948e-01 -8.3464849968e-01  7.9343493985e-01  1.3843166853e+00  1.5279377339e+00  9.4550707782e-01 -2.6833570348e-01  1.3010854981e+00  2.2772282869e+00 -9.5984800748e-01  1.0442528960e+00  2.1579158582e+00 -2.2818894922e+00  2.7328542791e-01  2.9867275923e+00 -4.1892931361e-01  2.4072654031e+00  3.0649577266e+00 -8.4455937950e-01 -2.3273886089e-02 -2.1743420095e-01  4.1017328840e-02 -5.8005861650e-01  4.5275680886e-01 -2.1242639696e+00 -1.5110632990e+00 -1.0519936684e+00 -1.5129992041e+00  3.3057098552e-01 -1.6115230904e+00  1.8881698199e+00  6.8860638847e-01 -2.4262928225e+00  2.2696381879e-01  2.7127298512e+00 -8.3971752678e-01 -4.4350875756e-01  3.5444269609e+00  6.2620166136e-01 -9.8599608658e-01  2.2839603339e+00 -1.1666893109e-01 -2.0038388050e+00 -1.6451076602e-01  8.8662256600e-01  2.2433195045e+00 -1.0723927077e+00  1.7702834097e+00  9.6881734665e-01 -1.7407682661e+00  2.5111302076e-01  1.6564480725e+00  1.8449577425e+00  1.1707578911e+00  7.5443017294e-01
ENERGY -9.329017270392e+02

JOB 15
COORDS -5.1724026100e-01 -5.6259695420e-01 -1.4877946459e+00  1.9478863722e-01 -1.6225617876e+00  9.4004857070e-01  2.5318425376e+00  1.1957087662e-01 -1.1297688002e+00 -9.2439801169e-01  8.4600783670e-01  1.2478075250e+00  1.5624194796e+00  9.0639853889e-01 -2.5361688756e-01  1.3410744533e+00  2.3143040785e+00 -7.7120891375e-01  7.5546102099e-01  2.3443679473e+00 -1.9923776035e+00  5.6639373990e-01  3.0621678323e+00  5.9807424945e-02  2.5229453726e+00  2.9805835080e+00 -8.8597130394e-01 -3.1572088627e-03 -2.4592498454e-01  5.3347043977e-02 -4.4863086123e-01  2.7425886593e-01 -2.1734665365e+00 -1.3851473079e+00 -1.2117175370e+00 -1.5218882754e+00  2.5693151091e-01 -1.4902903625e+00  2.0149188768e+00  7.5266688307e-01 -2.4111077645e+00  4.5003656734e-01  2.6282980832e+00 -8.9861772126e-01 -7.4249589511e-01  3.5209716364e+00  5.8613690504e-01 -1.1109434278e+00  2.1808324334e+00  5.6917818313e-02 -2.1602360596e+00 -2.7638477732e-01  1.1512218300e+00  2.0735419744e+00 -1.2740884625e+00  1.7138823411e+00  6.9268949229e-01 -1.7631670667e+00  2.4726465727e-01  1.6048018439e+00  1.9643692854e+00  9.8764131711e-01  7.6094266992e-01
ENERGY -9.329008859798e+02

JOB 16
COORDS -4.1510461523e-01 -7.0969412615e-01 -1.4643741466e+00  1.6843636389e-01 -1.5846180912e+00  1.0733142626e+00  2.4951056404e+00  1.6195832352e-01 -1.2729334698e+00 -9.8373080242e-01  8.9890734525e-01  1.0950641137e+00  1.6086623737e+00  8.6241597211e-01 -2.4735133038e-01  1.3680530315e+00  2.3197047837e+00 -5.8981193758e-01  4.8963347982e-01  2.4729025620e+00 -1.6148809932e+00  8.7783522428e-01  3.0256086323e+00  4.6356533891e-01  2.5159147318e+00  2.9454444440e+00 -9.6185120704e-01  2.5827245997e-02 -2.7829882026e-01  7.3877838493e-02 -3.4088742549e-01  9.1360302458e-02 -2.1923804197e+00 -1.2836077287e+00 -1.3589948425e+00 -1.4839310135e+00  1.9010704663e-01 -1.3621972143e+00  2.1352043516e+00  7.6435345703e-01 -2.3979806479e+00  6.7657430952e-01  2.5760158745e+00 -8.9948074721e-01 -1.0262865435e+00  3.4978648824e+00  5.9887356220e-01 -1.2565387921e+00  2.0900717219e+00  2.3753193672e-01 -2.2825739461e+00 -4.2352307169e-01  1.2494737888e+00  1.9651870887e+00 -1.2602513907e+00  1.7321416567e+00  4.5138331710e-01 -1.8660639491e+00  3.3189590745e-01  1.3944227882e+00  2.0920690260e+00  8.1095251393e-01  7.3249403047e-01
ENERGY -9.328991930910e+02

JOB 17
COORDS -3.4159720979e-01 -8.7553752569e-01 -1.4032414721e+00  1.4055820828e-01 -1.5224552938e+00  1.2219491938e+00  2.4308837085e+00  2.3548170716e-01 -1.4450358136e+00 -1.0438795353e+00  9.3075151075e-01  9.5929273297e-01  1.6501458795e+00  8.2140436767e-01 -2.7108919781e-01  1.4359973789e+00  2.3126159186e+00 -4.2135902857e-01  5.0075171780e-01  2.6031304206e+00 -1.3654017597e+00  1.0351208662e+00  2.9026024965e+00  7.3560647243e-01  2.5764592388e+00  2.9514168899e+00 -7.9384325730e-01  4.3216670259e-02 -3.0747392969e-01  1.0693057200e-01 -2.4680503947e-01 -1.3933478654e-01 -2.1946435908e+00 -1.2125425006e+00 -1.5219408062e+00 -1.3934122853e+00  1.2444743954e-01 -1.2064687106e+00  2.2601115094e+00  7.6073315865e-01 -2.3597679090e+00  9.2345111187e-01  2.4794546520e+00 -8.5126313601e-01 -1.3579565432e+00  3.4495323303e+00  6.3536339827e-01 -1.4421471360e+00  1.9680322958e+00  4.7121412500e-01 -2.4045716167e+00 -5.7931036638e-01  1.3138829440e+00  1.8701089205e+00 -1.2409066585e+00  1.7350337833e+00  2.5279693881e-01 -1.9588924073e+00  3.8140869079e-01  1.1838928326e+00  2.2153812893e+00  6.3784308640e-01  6.4673505650e-01
ENERGY -9.328965991971e+02

JOB 18
COORDS -9.8120216542e-01  1.0994732854e+00  8.9236564330e-01 -1.3560039854e+00 -6.3434206217e-01 -1.1992489869e+00  1.2075435538e+00  2.5349602074e+00 -5.1463692032e-01  5.3260378826e-01 -1.5320389868e+00  5.5186086378e-01  1.3250774954e+00  1.0415042112e+00 -8.0180760655e-01  2.6946644723e+00  5.1089138320e-01 -4.3968716630e-01  2.9142044636e+00  5.1170552539e-01  9.0256798067e-01  2.8967949637e+00 -7.5924178581e-01 -8.8072810757e-01  3.6826160382e+00  1.2626444054e+00 -9.9440476009e-01 -2.7049995187e-01 -1.7213677195e-03 -1.2602472828e-01 -2.8722747052e-01  1.6647152598e+00  1.5042848042e+00 -1.8828193144e+00  7.1023169272e-01  1.3529986964e+00 -1.0381521558e+00 -1.5372383601e+00 -1.7101967452e+00 -1.9468093550e+00  1.0357839940e-01 -1.7297388531e+00  1.8837487801e-01  2.8743882737e+00 -7.0221371475e-01  1.8905679385e+00  3.0869946561e+00 -1.1681527435e+00  1.4604028448e+00  2.7710720097e+00  5.2143646446e-01  9.8407978669e-01 -2.1315782329e+00 -2.3960119959e-01  1.2773776138e+00 -1.2219958927e+00  1.2829238229e+00 -2.8415294382e-01 -2.0678529063e+00  1.0365882896e+00  1.1793406215e+00  8.6175752653e-01 -1.8704113933e+00
ENERGY -9.328946190984e+02

JOB 19
COORDS -1.1337587916e+00  1.1334299508e+00  7.2821273342e-01 -1.2485876908e+00 -7.7593502819e-01 -1.2343859899e+00  1.3004248559e+00  2.5444050773e+00 -2.9012317692e-01  5.4910982550e-01 -1.4322773894e+00  7.0054532091e-01  1.2818101771e+00  1.1053773664e+00 -7.9049260542e-01  2.6408273726e+00  4.5219816430e-01 -6.5613305590e-01  3.0544969272e+00  3.4917680778e-01  6.3457393255e-01  2.6702173132e+00 -7.9796969645e-01 -1.1911205676e+00  3.5955929875e+00  1.1654096830e+00 -1.3115207414e+00 -2.8144006291e-01  1.5284792650e-03 -1.4200208712e-01 -5.2968564698e-01  1.7595275087e+00  1.3745741251e+00 -2.0489436512e+00  7.1610524252e-01  1.1356871058e+00 -8.3168677386e-01 -1.6817390968e+00 -1.6616092995e+00 -1.8405986369e+00 -1.1531304785e-01 -1.8577512865e+00  3.1661230446e-01  2.9954953241e+00 -4.1806880656e-01  2.0271965886e+00  3.1239457375e+00 -8.6919224166e-01  1.5813795861e+00  2.6035392900e+00  7.6439187278e-01  1.0351439055e+00 -2.0888063067e+00 -2.1022642373e-02  1.2683850634e+00 -1.0329002201e+00  1.4142840665e+00 -2.6403424953e-01 -1.9434690179e+00  1.2166207153e+00  1.0443197132e+00  1.0661784130e+00 -1.8572937317e+00
ENERGY -9.328944322431e+02

JOB 20
COORDS -1.2579061716e+00  1.1622563560e+00  5.5963053846e-01 -1.1394694176e+00 -8.9561388449e-01 -1.2450472191e+00  1.3936518218e+00  2.4955694225e+00 -8.2575264575e-02  5.7548983391e-01 -1.3038188049e+00  8.3115105835e-01  1.2337429089e+00  1.1478364258e+00 -7.7536325696e-01  2.5544513098e+00  4.0707216923e-01 -8.6042059332e-01  3.1294809915e+00  1.9528139168e-01  3.5211029521e-01  2.4296816306e+00 -8.0507983060e-01 -1.4638845601e+00  3.4561313612e+00  1.1092868602e+00 -1.5974227141e+00 -2.8728071354e-01  1.3803376295e-02 -1.5743832214e-01 -7.3971813467e-01  1.8412935932e+00  1.2265988228e+00 -2.1799952384e+00  7.1827968734e-01  9.2231219885e-01 -6.2816606391e-01 -1.7854959113e+00 -1.5963499282e+00 -1.7247438423e+00 -3.1131750034e-01 -1.9466448514e+00  4.6934610056e-01  3.0664868605e+00 -1.6343132734e-01  2.1920440654e+00  3.0678336626e+00 -5.6726951912e-01  1.6535271475e+00  2.3805914396e+00  9.7303266022e-01  1.1388017209e+00 -1.9764019412e+00  1.8443295476e-01  1.2310685220e+00 -8.1060156027e-01  1.5487371314e+00 -2.3109104620e-01 -1.8298907279e+00  1.3424364089e+00  9.1773433062e-01  1.2605361576e+00 -1.8164208727e+00
ENERGY -9.328959885863e+02

JOB 21
COORDS -1.3501588835e+00  1.1769360661e+00  3.9279326343e-01 -1.0559207643e+00 -1.0007047667e+00 -1.2375084070e+00  1.4766014922e+00  2.4022124933e+00  9.6653580011e-02  5.9685432003e-01 -1.1673910981e+00  9.3073735356e-01  1.1997569848e+00  1.1736070438e+00 -7.6464971946e-01  2.4733936977e+00  3.9070265602e-01 -1.0313589633e+00  3.1603366065e+00  8.8808286449e-02  1.0200662348e-01  2.2426232527e+00 -7.7970698015e-01 -1.6794928510e+00  3.3204783192e+00  1.1086016561e+00 -1.8156391768e+00 -2.9373658845e-01  2.2822294578e-02 -1.8428458002e-01 -9.0054412122e-01  1.9179919602e+00  1.0428554495e+00 -2.2712219261e+00  7.1671269590e-01  7.3791106224e-01 -4.7706916419e-01 -1.8728309437e+00 -1.5219193234e+00 -1.6384456580e+00 -4.8958545709e-01 -1.9964793765e+00  6.1882804773e-01  3.0734734742e+00  7.7672137581e-02  2.3394349767e+00  2.9490011918e+00 -2.9897849600e-01  1.6978383147e+00  2.1313747949e+00  1.1325251208e+00  1.2100601785e+00 -1.8597839710e+00  3.5269826465e-01  1.2105073414e+00 -5.8807617946e-01  1.6214002744e+00 -1.9436222294e-01 -1.6947001078e+00  1.4642637199e+00  8.2152691305e-01  1.4484421320e+00 -1.7530323162e+00
ENERGY -9.328979565401e+02

JOB 22
COORDS -1.4181510498e+00  1.1785793687e+00  2.2608816941e-01 -9.8671235611e-01 -1.1062570117e+00 -1.2067040851e+00  1.5552386055e+00  2.2895312420e+00  2.4612169146e-01  5.9495075349e-01 -1.0433090568e+00  1.0218398466e+00  1.1822316455e+00  1.1963827139e+00 -7.5508921872e-01  2.4074600385e+00  4.1160476416e-01 -1.1885239004e+00  3.1480143679e+00 -2.9562474937e-02 -1.3563415221e-01  2.1028400673e+00 -6.7506960763e-01 -1.9374344887e+00  3.2317345702e+00  1.1891657497e+00 -1.9400295548e+00 -2.9887994773e-01  2.2185858769e-02 -2.1151022964e-01 -1.0185227250e+00  1.9994688857e+00  8.0911316650e-01 -2.3337772830e+00  7.1985067506e-01  5.8689219230e-01 -3.6883092644e-01 -1.9750995931e+00 -1.4065109911e+00 -1.5562679126e+00 -6.7424843768e-01 -2.0225356602e+00  7.4552336084e-01  3.0128009471e+00  3.3736814605e-01  2.4426282496e+00  2.8292672506e+00 -1.0188057286e-01  1.7803675756e+00  1.8822388241e+00  1.2349937017e+00  1.2504460034e+00 -1.7545544023e+00  5.1639963245e-01  1.1687977477e+00 -3.9301366946e-01  1.6823953276e+00 -1.9097192320e-01 -1.5595913432e+00  1.5735770220e+00  7.4866225476e-01  1.6275365585e+00 -1.6607624023e+00
ENERGY -9.328987201134e+02

JOB 23
COORDS -1.4802005675e+00  1.1748866875e+00  1.5762950062e-02 -8.8355244235e-01 -1.2260171297e+00 -1.1358099511e+00  1.6772451972e+00  2.1571997690e+00  3.7488526081e-01  5.4039758827e-01 -9.1022575537e-01  1.1600903719e+00  1.1782983614e+00  1.2259578353e+00 -7.2855578634e-01  2.3211527734e+00  4.5836719287e-01 -1.3643945001e+00  2.9928027543e+00 -3.2217053631e-01 -4.7191946189e-01  1.9111758913e+00 -3.4900347661e-01 -2.3663571634e+00  3.2398969432e+00  1.3110892313e+00 -1.8945695267e+00 -3.0256290036e-01  2.0682277494e-02 -2.1752415179e-01 -1.1313594289e+00  2.1065578439e+00  4.4571857754e-01 -2.3994459869e+00  7.5209698701e-01  4.0814378138e-01 -2.4187757402e-01 -2.1001886360e+00 -1.1826599303e+00 -1.3892811769e+00 -9.0368358462e-01 -2.0393597211e+00  8.5205893070e-01  2.7095343407e+00  8.2513141177e-01  2.3769209249e+00  2.8878081380e+00 -4.4299025524e-02  2.2001933815e+00  1.6100629416e+00  1.1625130695e+00  1.2847769707e+00 -1.5987414526e+00  7.5841403615e-01  1.0044948539e+00 -1.8605635234e-01  1.8290563089e+00 -2.5812270156e-01 -1.4481112971e+00  1.6716676836e+00  6.9376932409e-01  1.7778622176e+00 -1.5377605934e+00
ENERGY -9.328988190204e+02

