JOB 0
COORDS  1.4446368934e+00  5.5200491167e-01  1.4378314009e+00  1.8207539261e-01  3.6512994929e-02  1.0134208785e+00  1.5290633061e+00  3.5368589766e-01  2.8061390827e+00 -4.6346498512e-01 -4.5776522848e-01  2.1362276445e+00 -1.8141020991e+00 -1.0839932000e+00  2.3088127285e+00 -2.8358434090e+00 -6.5169403021e-02  2.8396839720e+00  3.6810405030e-01 -2.5825123868e-01  3.2143294525e+00 -1.7147563610e+00 -2.1897465873e+00  3.2746431607e+00 -3.9587719447e+00 -7.2471404320e-01  3.3046137823e+00 -2.3421681034e+00  6.4046685365e-01  3.9085320882e+00  2.2053749823e+00  1.0055294980e+00  8.1578122907e-01 -2.0873226275e-01  2.2354207588e-02  3.2776677434e-03  2.3176013038e+00  5.8713978660e-01  3.5084143646e+00 -2.1834646713e+00 -1.3847448938e+00  1.3153224140e+00 -3.1505455170e+00  6.5309105159e-01  2.0784205663e+00  1.2334119308e-01 -5.3811328459e-01  4.1552086878e+00 -1.1049767904e+00 -2.9092067716e+00  2.8921940891e+00 -2.6303473497e+00 -2.6054925615e+00  3.4334605324e+00
ENERGY -5.427404121304e+02

JOB 1
COORDS  1.4472289807e+00  5.6305103028e-01  1.4696604662e+00  1.8221783391e-01  6.6596744105e-02  1.0299562329e+00  1.5296709648e+00  3.2467801679e-01  2.8315878822e+00 -4.6707012396e-01 -4.5484520165e-01  2.1379895509e+00 -1.8224329667e+00 -1.0765508204e+00  2.2917815734e+00 -2.8637008953e+00 -6.2413351826e-02  2.8281697766e+00  3.6462499654e-01 -2.9188909268e-01  3.2212320942e+00 -1.7132688153e+00 -2.1886504186e+00  3.2527686938e+00 -3.8318483456e+00 -7.0829908528e-01  3.5706014210e+00 -2.2928526178e+00  8.4946438763e-01  3.6811138619e+00  2.2112049253e+00  1.0296558261e+00  8.6135627938e-01 -2.0855858961e-01  8.5195041664e-02  1.9859137360e-02  2.3196834308e+00  5.3153928729e-01  3.5405193675e+00 -2.1788850974e+00 -1.3807954972e+00  1.2953855313e+00 -3.3601526993e+00  4.9559828325e-01  2.0302913871e+00  1.1776591260e-01 -5.9935768086e-01  4.1528360600e+00 -1.1059027259e+00 -2.9037592971e+00  2.8582491995e+00 -2.6244870259e+00 -2.6071790040e+00  3.4254304402e+00
ENERGY -5.427367825810e+02

JOB 2
COORDS  1.4552081853e+00  5.6791887337e-01  1.5003370668e+00  1.8996364975e-01  8.5097875204e-02  1.0460328289e+00  1.5305400297e+00  3.0559128479e-01  2.8582051484e+00 -4.6630670249e-01 -4.5254801243e-01  2.1414900220e+00 -1.8257782087e+00 -1.0673922911e+00  2.2807983433e+00 -2.8866587047e+00 -5.7157379519e-02  2.8210560978e+00  3.5956004278e-01 -3.1028729763e-01  3.2320030495e+00 -1.7205920606e+00 -2.2022066679e+00  3.2166124590e+00 -3.6637612179e+00 -6.2813036466e-01  3.8067724608e+00 -2.3014085587e+00  1.0412082038e+00  3.3966512309e+00  2.2234354845e+00  1.0430938637e+00  9.0410431310e-01 -1.9871127798e-01  1.2876925373e-01  3.5898213822e-02  2.3192171846e+00  4.9421360286e-01  3.5736881938e+00 -2.1707877195e+00 -1.3551233583e+00  1.2760331850e+00 -3.5566894937e+00  3.0390291837e-01  2.0365616457e+00  1.1812231722e-01 -6.5695693157e-01  4.1512410694e+00 -1.1452781106e+00 -2.9242786671e+00  2.7881166305e+00 -2.6355553604e+00 -2.6009919148e+00  3.4137870092e+00
ENERGY -5.427328712601e+02

JOB 3
COORDS  1.4840255939e+00  5.8303464727e-01  1.5312880114e+00  2.1782853480e-01  1.1044231035e-01  1.0687532126e+00  1.5593081481e+00  2.9852820664e-01  2.8846400284e+00 -4.3989571143e-01 -4.4237760781e-01  2.1549682421e+00 -1.7995443849e+00 -1.0562799836e+00  2.2875113051e+00 -2.8772086110e+00 -5.9787547628e-02  2.8333293983e+00  3.8487036937e-01 -3.1722979624e-01  3.2491673257e+00 -1.7064711938e+00 -2.2196210373e+00  3.1881173252e+00 -3.4301279803e+00 -5.0582014441e-01  4.0146793122e+00 -2.3478479809e+00  1.1748734238e+00  3.0911664213e+00  2.2524472436e+00  1.0679489149e+00  9.4314447341e-01 -1.7303618612e-01  1.7706494722e-01  6.0760878319e-02  2.3493120985e+00  4.7222779111e-01  3.6024450420e+00 -2.1371496831e+00 -1.3156334769e+00  1.2726297401e+00 -3.7016908546e+00  8.1757110699e-02  2.1289265863e+00  1.5342016466e-01 -7.0114493434e-01  4.1562575910e+00 -1.1754268437e+00 -2.9507871936e+00  2.7197124552e+00 -2.6274616535e+00 -2.5909463893e+00  3.4104393653e+00
ENERGY -5.427306965214e+02

JOB 4
COORDS  1.4911989427e+00  5.8926237010e-01  1.5621860017e+00  2.2374079368e-01  1.2766124947e-01  1.0925171442e+00  1.5675305213e+00  2.8195776865e-01  2.9105776404e+00 -4.3404659293e-01 -4.4295424157e-01  2.1689383204e+00 -1.7943659626e+00 -1.0548352931e+00  2.2950145318e+00 -2.8743971268e+00 -7.4904187448e-02  2.8480799178e+00  3.9178883299e-01 -3.3704955121e-01  3.2656419921e+00 -1.7247369568e+00 -2.2455304766e+00  3.1587145643e+00 -3.1890917570e+00 -3.4971578874e-01  4.1616554431e+00 -2.4585614183e+00  1.2237494573e+00  2.7865720876e+00  2.2591935471e+00  1.0843682682e+00  9.8200454316e-01 -1.6982236869e-01  2.1706324486e-01  8.7426922455e-02  2.3585332860e+00  4.4240784118e-01  3.6303712622e+00 -2.1302328167e+00 -1.2783896919e+00  1.2702777513e+00 -3.8116157279e+00 -1.4368164645e-01  2.2863949728e+00  1.6500709781e-01 -7.4483811918e-01  4.1635443205e+00 -1.2318178413e+00 -2.9825825138e+00  2.6588308135e+00 -2.6535050080e+00 -2.5922764634e+00  3.3907688100e+00
ENERGY -5.427311779237e+02

JOB 5
COORDS  1.4875157048e+00  5.8995515090e-01  1.5856411535e+00  2.2217009493e-01  1.4059495251e-01  1.0993837293e+00  1.5510363329e+00  2.6574949087e-01  2.9308587046e+00 -4.4791246701e-01 -4.4007878718e-01  2.1627225898e+00 -1.8114176194e+00 -1.0470990131e+00  2.2711855805e+00 -2.8808186087e+00 -7.9590675297e-02  2.8338405179e+00  3.6939143848e-01 -3.5131390664e-01  3.2683703039e+00 -1.7679949965e+00 -2.2557012122e+00  3.1096600992e+00 -2.9627439448e+00 -1.5465884400e-01  4.2063584383e+00 -2.6099206571e+00  1.2134351299e+00  2.4930569874e+00  2.2623104410e+00  1.0893227344e+00  1.0183083110e+00 -1.6331275281e-01  2.4605385871e-01  9.2841773891e-02  2.3360497309e+00  4.1521321700e-01  3.6595269827e+00 -2.1467987949e+00 -1.2402112607e+00  1.2392149431e+00 -3.8813925596e+00 -3.1649682400e-01  2.4538072067e+00  1.3081398654e-01 -7.6342671195e-01  4.1612062078e+00 -1.2711937780e+00 -2.9865548966e+00  2.6042301633e+00 -2.7052687567e+00 -2.6029328326e+00  3.3082509306e+00
ENERGY -5.427336390743e+02

JOB 6
COORDS  1.5021740856e+00  5.6040166542e-01  1.5832250007e+00  2.3898601601e-01  1.1837851325e-01  1.0854272767e+00  1.5338806715e+00  2.7450648589e-01  2.9381908109e+00 -4.6126729590e-01 -4.2135296995e-01  2.1510629347e+00 -1.8336385220e+00 -1.0087030992e+00  2.2427790122e+00 -2.8587141328e+00 -4.7766199580e-02  2.8705374758e+00  3.3806308282e-01 -3.1761909987e-01  3.2694245542e+00 -1.8138402557e+00 -2.2515264158e+00  3.0303802543e+00 -2.6915201969e+00  4.8431560205e-02  4.2324401342e+00 -2.7404725960e+00  1.2035871774e+00  2.3345678880e+00  2.2963495520e+00  1.0298639969e+00  1.0172493100e+00 -1.2478445196e-01  1.9797734805e-01  6.8563415867e-02  2.3050946639e+00  4.3689177478e-01  3.6787221805e+00 -2.1879854449e+00 -1.1437003358e+00  1.2077894631e+00 -3.8905928727e+00 -3.8127148336e-01  2.7055866885e+00  6.5718634519e-02 -6.6785763307e-01  4.1785441978e+00 -1.2288980666e+00 -2.9318271997e+00  2.5491082465e+00 -2.7482220138e+00 -2.6535649808e+00  3.1021510468e+00
ENERGY -5.427365463126e+02

JOB 7
COORDS  1.5275471799e+00  5.1850771631e-01  1.5884488372e+00  2.6444301784e-01  9.1187242344e-02  1.0786678012e+00  1.5301293982e+00  2.6093752564e-01  2.9493559374e+00 -4.6521136281e-01 -4.1264724825e-01  2.1426166368e+00 -1.8430867763e+00 -9.9014725343e-01  2.2065179937e+00 -2.8496172829e+00 -5.0633175366e-02  2.8842789206e+00  3.1938324660e-01 -3.0484730844e-01  3.2715847732e+00 -1.8361598923e+00 -2.2575461445e+00  2.9583130535e+00 -2.4800251083e+00  2.3412623366e-01  4.1770857689e+00 -2.9257848043e+00  1.1336098727e+00  2.1997016139e+00  2.3403970571e+00  9.6023452594e-01  1.0267599732e+00 -7.9589145579e-02  1.5240479606e-01  5.3706253833e-02  2.2895325123e+00  4.2860134115e-01  3.7008496011e+00 -2.2007711148e+00 -1.0877926427e+00  1.1694727468e+00 -3.8594742245e+00 -4.7588717212e-01  2.9257899892e+00  1.4696467987e-02 -5.9533066224e-01  4.1910071902e+00 -1.1596313882e+00 -2.8868017711e+00  2.5306153291e+00 -2.7462849474e+00 -2.7143792362e+00  2.9045949861e+00
ENERGY -5.427384359928e+02

JOB 8
COORDS  1.5343928664e+00  5.2893329102e-01  1.6006852009e+00  2.6333734601e-01  1.3686506157e-01  1.0824906803e+00  1.5437745138e+00  2.1249903599e-01  2.9489605135e+00 -4.6462868567e-01 -4.0428689326e-01  2.1293570272e+00 -1.8478738938e+00 -9.7159404105e-01  2.1731140726e+00 -2.8586610871e+00 -4.0968163805e-02  2.8607937152e+00  3.3006930535e-01 -3.5616111374e-01  3.2550865283e+00 -1.8437998158e+00 -2.2376732899e+00  2.9329931131e+00 -2.3560242439e+00  4.8441688140e-01  4.0247068945e+00 -3.1552999904e+00  1.0150473241e+00  2.0335237111e+00  2.3486362433e+00  9.8430947981e-01  1.0520817040e+00 -8.5998959140e-02  2.4189575646e-01  6.2928967516e-02  2.3097394444e+00  3.4000659471e-01  3.7016770850e+00 -2.2007117172e+00 -1.0732931242e+00  1.1363019752e+00 -3.7993688935e+00 -5.4563052308e-01  3.1078206571e+00  2.2025861944e-02 -6.6287958863e-01  4.1678794680e+00 -1.1338058687e+00 -2.8538015299e+00  2.5417677705e+00 -2.7391334122e+00 -2.7162717461e+00  2.8391356260e+00
ENERGY -5.427383906313e+02

JOB 9
COORDS  1.5430042598e+00  5.2585383577e-01  1.6285061463e+00  2.6612899102e-01  1.6237926806e-01  1.1032161798e+00  1.5524354008e+00  1.7039655374e-01  2.9667780218e+00 -4.6486238287e-01 -4.0085622035e-01  2.1361394451e+00 -1.8528775355e+00 -9.5745470194e-01  2.1650612640e+00 -2.8723773387e+00 -3.5870442190e-02  2.8659063619e+00  3.3308265701e-01 -3.9365778259e-01  3.2601418316e+00 -1.8484965903e+00 -2.2301254283e+00  2.9198467699e+00 -2.2931113396e+00  7.2245447393e-01  3.8492980217e+00 -3.4059306956e+00  8.4375317111e-01  1.9495658996e+00  2.3607777259e+00  9.8795079806e-01  1.0908849041e+00 -8.4655915976e-02  2.9975068261e-01  8.8000523285e-02  2.3216884216e+00  2.6747593280e-01  3.7206758532e+00 -2.2012225953e+00 -1.0552932730e+00  1.1277763852e+00 -3.7015932713e+00 -5.8912061892e-01  3.3186194828e+00  2.7467750887e-02 -7.2794819118e-01  4.1639392998e+00 -1.1330999022e+00 -2.8413140914e+00  2.5300016920e+00 -2.7406319128e+00 -2.7122338206e+00  2.8131592319e+00
ENERGY -5.427367199831e+02

JOB 10
COORDS  1.5282250586e+00  5.5048947361e-01  1.6413073122e+00  2.4885642277e-01  2.0533219566e-01  1.1088885128e+00  1.5472825021e+00  1.4054167297e-01  2.9635366198e+00 -4.7421765558e-01 -4.0105110308e-01  2.1221949965e+00 -1.8670737275e+00 -9.4536317741e-01  2.1453458323e+00 -2.8936106563e+00 -9.9624057320e-03  2.8344815938e+00  3.2908688675e-01 -4.3494402780e-01  3.2417453934e+00 -1.8736655675e+00 -2.2160398463e+00  2.9049772874e+00 -2.2934899017e+00  9.7278539431e-01  3.5734675620e+00 -3.6564997330e+00  6.2559661838e-01  1.8765302484e+00  2.3418439930e+00  1.0356226141e+00  1.1178189451e+00 -1.0887896277e-01  3.8528449634e-01  1.0277833006e-01  2.3229146534e+00  2.0398666822e-01  3.7144692317e+00 -2.2065760442e+00 -1.0486029062e+00  1.1062454553e+00 -3.5761787620e+00 -5.5180683659e-01  3.4964194907e+00  3.6722670693e-02 -8.2600815891e-01  4.1270705157e+00 -1.1844408038e+00 -2.8451709370e+00  2.4959889404e+00 -2.7793207616e+00 -2.6769381711e+00  2.8177197253e+00
ENERGY -5.427347091801e+02

JOB 11
COORDS  1.5491406128e+00  5.5844040497e-01  1.6799027807e+00  2.6948712154e-01  2.2896954382e-01  1.1379320781e+00  1.5688406175e+00  1.1090656732e-01  2.9897443013e+00 -4.5332869947e-01 -4.0552855555e-01  2.1334676509e+00 -1.8500448371e+00 -9.3878389090e-01  2.1482398153e+00 -2.8780435394e+00  3.2017213278e-03  2.8341391211e+00  3.4843553058e-01 -4.6788175083e-01  3.2532522263e+00 -1.8794914625e+00 -2.2198023772e+00  2.8876109316e+00 -2.3089705331e+00  1.1558543541e+00  3.3012753985e+00 -3.8509406915e+00  3.7052060155e-01  1.9271417066e+00  2.3621434819e+00  1.0593718984e+00  1.1705062119e+00 -8.9605685742e-02  4.4134799130e-01  1.3863565129e-01  2.3461491648e+00  1.4939584821e-01  3.7406202503e+00 -2.1801695161e+00 -1.0250925157e+00  1.1043192531e+00 -3.3786671810e+00 -4.7991280124e-01  3.6788385721e+00  6.7819807248e-02 -9.1408981201e-01  4.1161591112e+00 -1.2273534374e+00 -2.8662190301e+00  2.4457409254e+00 -2.8038715135e+00 -2.6458733749e+00  2.8185407509e+00
ENERGY -5.427339015599e+02

JOB 12
COORDS  1.5632102658e+00  5.7562301977e-01  1.7125868867e+00  2.8217117019e-01  2.6111416701e-01  1.1648843038e+00  1.5881029054e+00  9.1087039359e-02  3.0090709846e+00 -4.3728030881e-01 -4.0106164077e-01  2.1440925484e+00 -1.8351025738e+00 -9.3024536662e-01  2.1546296532e+00 -2.8597560180e+00  1.5731850899e-02  2.8315891534e+00  3.6712560218e-01 -4.9249133018e-01  3.2609953616e+00 -1.8859685233e+00 -2.2153479350e+00  2.8811201468e+00 -2.3774677828e+00  1.2830857081e+00  3.0016593344e+00 -3.9956800353e+00  1.0262208085e-01  2.0529100746e+00  2.3738087447e+00  1.0923229749e+00  1.2152200655e+00 -8.0946046596e-02  5.0510879044e-01  1.7435525714e-01  2.3689847205e+00  1.0623049969e-01  3.7570689931e+00 -2.1581188368e+00 -1.0047982589e+00  1.1064505613e+00 -3.1628307061e+00 -3.5307779586e-01  3.8166031085e+00  9.8266656783e-02 -9.8753601137e-01  4.1009026705e+00 -1.2725030584e+00 -2.8795057209e+00  2.4109668885e+00 -2.8273113066e+00 -2.6061579671e+00  2.8340075314e+00
ENERGY -5.427350351030e+02

JOB 13
COORDS  1.5708881711e+00  5.8790660123e-01  1.7375520566e+00  2.8802061234e-01  2.9688420661e-01  1.1813855390e+00  1.5955036903e+00  6.2375656295e-02  3.0180598580e+00 -4.3290887476e-01 -3.9418891206e-01  2.1390983722e+00 -1.8325614370e+00 -9.1954402712e-01  2.1401236769e+00 -2.8439747944e+00  3.1293401840e-02  2.8112780237e+00  3.7193736864e-01 -5.2308107780e-01  3.2530204258e+00 -1.9030795018e+00 -2.2030988190e+00  2.8642147193e+00 -2.4874176478e+00  1.3437503756e+00  2.6883094537e+00 -4.0829721886e+00 -1.2970039451e-01  2.2219169247e+00  2.3827121068e+00  1.1176607054e+00  1.2561465667e+00 -7.5758891558e-02  5.7656389005e-01  2.0068761195e-01  2.3776897407e+00  4.9644861449e-02  3.7647401538e+00 -2.1524508409e+00 -9.8802228591e-01  1.0895111607e+00 -2.9584921687e+00 -1.8287535108e-01  3.8785857052e+00  1.0484253719e-01 -1.0552507181e+00  4.0707041851e+00 -1.3156181293e+00 -2.8821222549e+00  2.3824066031e+00 -2.8555688865e+00 -2.5671852635e+00  2.8304801819e+00
ENERGY -5.427376842427e+02

JOB 14
COORDS  1.5796571045e+00  5.9796073424e-01  1.7903599243e+00  2.9994012580e-01  3.2715472517e-01  1.2172117504e+00  1.5983508531e+00  2.6906674494e-02  3.0514349497e+00 -4.2625905822e-01 -3.9669673000e-01  2.1464537670e+00 -1.8267282831e+00 -9.2333720612e-01  2.1276618835e+00 -2.8237385090e+00  3.2317513994e-02  2.7958918853e+00  3.7281879268e-01 -5.6427900123e-01  3.2600285229e+00 -1.9057372033e+00 -2.2018922750e+00  2.8562884918e+00 -2.6272207726e+00  1.3254439467e+00  2.4025896685e+00 -4.1085505858e+00 -3.2830201205e-01  2.4327596403e+00  2.3937741627e+00  1.1444050866e+00  1.3320218698e+00 -5.9014487565e-02  6.4205783988e-01  2.4555065169e-01  2.3771340892e+00 -1.3289510326e-02  3.8006920381e+00 -2.1438751075e+00 -9.9011748057e-01  1.0755098261e+00 -2.7689688057e+00 -4.0856125370e-03  3.8880903526e+00  1.0011028567e-01 -1.1268680419e+00  4.0553822401e+00 -1.3235432221e+00 -2.8883001421e+00  2.3790958503e+00 -2.8616766364e+00 -2.5558052750e+00  2.8272270110e+00
ENERGY -5.427406195885e+02

JOB 15
COORDS  1.5797662710e+00  6.0427428173e-01  1.8148512081e+00  3.0141576114e-01  3.5254929091e-01  1.2296903859e+00  1.5904963727e+00  1.0186135171e-03  3.0608899586e+00 -4.3084381179e-01 -3.9424069763e-01  2.1359971845e+00 -1.8348469820e+00 -9.1579933564e-01  2.1031287482e+00 -2.8045489096e+00  5.0242760509e-02  2.7880409127e+00  3.6214424573e-01 -5.9138841672e-01  3.2491688883e+00 -1.9120724570e+00 -2.1935207938e+00  2.8317178502e+00 -2.7955547101e+00  1.2682229561e+00  2.1663848664e+00 -4.0917982558e+00 -4.4929124335e-01  2.6898722816e+00  2.3973680999e+00  1.1603633093e+00  1.3746648508e+00 -5.2703172452e-02  6.9389634095e-01  2.6526128467e-01  2.3654174090e+00 -6.0589715200e-02  3.8126938251e+00 -2.1596525995e+00 -9.7411656444e-01  1.0530467254e+00 -2.5874383419e+00  1.9785382235e-01  3.8494886285e+00  8.4231159807e-02 -1.1779809050e+00  4.0253845105e+00 -1.3309834417e+00 -2.8806671891e+00  2.3547315791e+00 -2.8687815199e+00 -2.5438572197e+00  2.8126793444e+00
ENERGY -5.427424563984e+02

JOB 16
COORDS  1.5623010914e+00  5.8937429902e-01  1.8543722760e+00  2.8599008848e-01  3.5429090277e-01  1.2572471562e+00  1.5710295336e+00 -5.7026552619e-02  3.0786092790e+00 -4.4571394934e-01 -4.2720256077e-01  2.1350249769e+00 -1.8551214822e+00 -9.3974865140e-01  2.0899916843e+00 -2.8037674419e+00  5.0543259629e-02  2.7758019066e+00  3.4413658312e-01 -6.5976252915e-01  3.2425390226e+00 -1.9282760302e+00 -2.2120127543e+00  2.8303052422e+00 -3.0100830830e+00  1.1335529222e+00  1.9634217786e+00 -4.0435185044e+00 -5.3946609560e-01  2.9645119572e+00  2.3799065662e+00  1.1620605959e+00  1.4359631559e+00 -6.6290471135e-02  7.2656631116e-01  3.0363252532e-01  2.3443010110e+00 -1.4359360732e-01  3.8296480194e+00 -2.1833265313e+00 -1.0047638157e+00  1.0423642640e+00 -2.4511834949e+00  3.9848270461e-01  3.7496098495e+00  5.9127270020e-02 -1.2694755201e+00  3.9984406218e+00 -1.3728978675e+00 -2.9100675335e+00  2.3388291681e+00 -2.8901459670e+00 -2.5458718434e+00  2.8499248547e+00
ENERGY -5.427422247404e+02

JOB 17
COORDS  1.5774134125e+00  5.9791522868e-01  1.8895020632e+00  3.0817428112e-01  3.7134375133e-01  1.2729734507e+00  1.5706780909e+00 -6.6073303361e-02  3.1041016690e+00 -4.3362405333e-01 -4.2325918095e-01  2.1306232924e+00 -1.8477485380e+00 -9.2370933292e-01  2.0685548107e+00 -2.7903861841e+00  7.7628577311e-02  2.7672942515e+00  3.4109019632e-01 -6.6993709203e-01  3.2446432982e+00 -1.9183250896e+00 -2.2089101519e+00  2.7862682204e+00 -3.2369058958e+00  9.9331805374e-01  1.8472134188e+00 -3.9206437980e+00 -5.6445395283e-01  3.2420551395e+00  2.4005859826e+00  1.1756198634e+00  1.4892771679e+00 -3.1407803835e-02  7.5527580971e-01  3.1924161795e-01  2.3353106841e+00 -1.6553163950e-01  3.8623612696e+00 -2.1730517706e+00 -9.7106877839e-01  1.0198911483e+00 -2.3364586252e+00  6.1096474525e-01  3.6049350489e+00  4.6553199452e-02 -1.2953356184e+00  3.9841680976e+00 -1.3879639041e+00 -2.9040403015e+00  2.2643234486e+00 -2.8829507821e+00 -2.5294445972e+00  2.8373020971e+00
ENERGY -5.427400313531e+02

JOB 18
COORDS  1.5853734823e+00  5.9282206446e-01  1.9256479312e+00  3.1910379513e-01  3.7818347474e-01  1.2977587896e+00  1.5694024254e+00 -8.9130433754e-02  3.1301184718e+00 -4.2885806117e-01 -4.2845497867e-01  2.1389716274e+00 -1.8460326228e+00 -9.1836425749e-01  2.0656910778e+00 -2.7979335830e+00  8.9962146253e-02  2.7649306839e+00  3.3775350277e-01 -6.9278815015e-01  3.2533912838e+00 -1.9231196900e+00 -2.2212594460e+00  2.7498719744e+00 -3.4898946653e+00  7.9284235886e-01  1.8058588117e+00 -3.7525974634e+00 -5.5693638589e-01  3.5236766293e+00  2.4127991043e+00  1.1734718863e+00  1.5386469028e+00 -1.2157668038e-02  7.7475449218e-01  3.4611013128e-01  2.3293847657e+00 -2.0237376916e-01  3.8911106115e+00 -2.1616812626e+00 -9.4447049892e-01  1.0138827501e+00 -2.2888554750e+00  8.0463904456e-01  3.4140153505e+00  3.6639411022e-02 -1.3319732116e+00  3.9786129617e+00 -1.4319593276e+00 -2.9126333931e+00  2.1863531752e+00 -2.8918883381e+00 -2.5209222036e+00  2.8348543537e+00
ENERGY -5.427372685457e+02

JOB 19
COORDS  1.3400268370e+00  5.8932648430e-01  1.3158286387e+00  7.0636609170e-02  2.4046906034e-02  9.7933885302e-01  1.5358722543e+00  3.8595311463e-01  2.6711215473e+00 -4.6705982043e-01 -5.0613346863e-01  2.1404319469e+00 -1.7931675089e+00 -1.1441797328e+00  2.4342384101e+00 -2.8434126647e+00 -7.0799139369e-02  2.8439392794e+00  4.2758533307e-01 -2.6825400378e-01  3.1605116530e+00 -1.6228932187e+00 -2.1280395510e+00  3.5167464310e+00 -3.8971547406e+00 -1.0111338882e-01  1.9551927624e+00 -3.3763816758e+00 -3.1780811247e-01  4.0884518317e+00  2.0317130070e+00  1.0804169236e+00  6.4353389789e-01 -3.9835777832e-01  1.1183274487e-02  3.1996650410e-03  2.3688743492e+00  6.3842927231e-01  3.3128785552e+00 -2.1804702991e+00 -1.5744851957e+00  1.5005592973e+00 -2.4435995965e+00  9.4471346193e-01  2.8495627433e+00  2.9174318981e-01 -6.3484697467e-01  4.0946284824e+00 -1.1355839692e+00 -2.9401424777e+00  3.1432004383e+00 -2.5275068194e+00 -2.4413997819e+00  3.8623652737e+00
ENERGY -5.427358051212e+02

JOB 20
COORDS  1.3543608649e+00  5.9243140883e-01  1.3476612308e+00  8.5693236965e-02  3.4319561381e-02  9.9771055775e-01  1.5395385206e+00  3.7862607963e-01  2.7031297640e+00 -4.6284630837e-01 -5.0124141416e-01  2.1514513456e+00 -1.7916157679e+00 -1.1395449482e+00  2.4281700434e+00 -2.8480360027e+00 -8.1441408839e-02  2.8382828074e+00  4.2573796964e-01 -2.7487836611e-01  3.1791501665e+00 -1.6474079929e+00 -2.1566521913e+00  3.4809286709e+00 -4.0309732243e+00 -3.2196165798e-01  2.1650546489e+00 -3.1348917236e+00 -1.2714565568e-01  4.1792340040e+00  2.0533541825e+00  1.0844428062e+00  6.8366585340e-01 -3.7354584755e-01  2.6408132850e-02  1.6779384180e-02  2.3682063130e+00  6.2483843134e-01  3.3528672952e+00 -2.1693182939e+00 -1.5378523590e+00  1.4755303393e+00 -2.5381583149e+00  9.3654405625e-01  2.5941835333e+00  2.7817043227e-01 -6.3905758934e-01  4.1123954236e+00 -1.1817461849e+00 -2.9714747163e+00  3.0864712027e+00 -2.5601799449e+00 -2.4575878316e+00  3.8175672709e+00
ENERGY -5.427364718158e+02

JOB 21
COORDS  1.3652450529e+00  5.6972451540e-01  1.3739062799e+00  9.9945175883e-02  1.8570732467e-02  1.0028882376e+00  1.5133546581e+00  3.8200916510e-01  2.7379453924e+00 -4.8443116321e-01 -4.8629216608e-01  2.1530866464e+00 -1.8222371303e+00 -1.1136599793e+00  2.4040870763e+00 -2.8600337598e+00 -5.9263722679e-02  2.8323578105e+00  3.8173410852e-01 -2.5064169733e-01  3.1980533278e+00 -1.7136219559e+00 -2.1650898470e+00  3.4251479593e+00 -4.1209172853e+00 -4.5261308477e-01  2.4184462893e+00 -2.9092896471e+00  9.8896645011e-02  4.1923099774e+00  2.0869899751e+00  1.0393817687e+00  7.1817495233e-01 -3.3295568815e-01 -6.9127762594e-03  1.0323886142e-02  2.3274687144e+00  6.3408661249e-01  3.4036304700e+00 -2.1984751925e+00 -1.4710334981e+00  1.4331794726e+00 -2.6628175101e+00  9.1665298646e-01  2.3830834215e+00  2.0114957756e-01 -5.7710608072e-01  4.1392298601e+00 -1.2152050548e+00 -2.9581890884e+00  3.0262046298e+00 -2.6394324167e+00 -2.4939767677e+00  3.6959084994e+00
ENERGY -5.427386880045e+02

JOB 22
COORDS  1.4124072054e+00  5.5671212227e-01  1.3845330034e+00  1.5278017567e-01  3.6988680512e-03  9.9857493925e-01  1.5289450832e+00  3.9889175868e-01  2.7555348803e+00 -4.5926661104e-01 -4.7364573616e-01  2.1464310388e+00 -1.7989757376e+00 -1.1028002713e+00  2.3759876364e+00 -2.8117376873e+00 -6.4557493929e-02  2.8705324561e+00  3.8638016362e-01 -2.2095582913e-01  3.2042411336e+00 -1.7006426793e+00 -2.1993150683e+00  3.3488911594e+00 -4.0934803980e+00 -5.7497592313e-01  2.7523922644e+00 -2.6212652649e+00  2.5612886256e-01  4.1889866437e+00  2.1502548712e+00  1.0095654586e+00  7.3500215773e-01 -2.5853220341e-01 -4.2594549479e-02 -2.3701100595e-03  2.3274806090e+00  6.6617717990e-01  3.4340397038e+00 -2.1877663297e+00 -1.4087228823e+00  1.3914508020e+00 -2.7712228669e+00  8.5800876042e-01  2.2862230037e+00  1.8126835327e-01 -5.1294394922e-01  4.1514415633e+00 -1.1469544310e+00 -2.9506091984e+00  2.9422397014e+00 -2.6271356170e+00 -2.5763132597e+00  3.5451725227e+00
ENERGY -5.427410403564e+02

JOB 23
COORDS  1.4255826169e+00  5.4893553628e-01  1.4177819972e+00  1.6585984465e-01  1.0580407012e-02  1.0132677797e+00  1.5232105561e+00  3.8057738532e-01  2.7891719376e+00 -4.6508463184e-01 -4.6825994828e-01  2.1507305627e+00 -1.8097495362e+00 -1.0975720220e+00  2.3519970749e+00 -2.8191948894e+00 -7.0068335562e-02  2.8715946213e+00  3.7189398634e-01 -2.3536771872e-01  3.2190145546e+00 -1.7159177093e+00 -2.2014663535e+00  3.3168612471e+00 -4.0501395651e+00 -6.7981384159e-01  3.0475712486e+00 -2.4522972331e+00  4.3608231582e-01  4.0918758743e+00  2.1763201167e+00  9.9764444874e-01  7.8027970814e-01 -2.3200328336e-01 -2.9150361876e-02  6.5892325231e-03  2.3149956060e+00  6.3677879206e-01  3.4797627666e+00 -2.1926678633e+00 -1.3938348320e+00  1.3618129762e+00 -2.9538704981e+00  7.6742359723e-01  2.1824686588e+00  1.3955177182e-01 -5.0200541476e-01  4.1670746960e+00 -1.1262048670e+00 -2.9337258903e+00  2.9272586902e+00 -2.6381718701e+00 -2.6013665012e+00  3.4821839449e+00
ENERGY -5.427419530385e+02

