JOB 0
COORDS -3.7482441967e+00 -1.7650490865e+00 -1.2738145854e-01 -4.1192577901e+00 -1.3990794410e+00 -1.3822442236e+00 -1.7725782093e+00 -8.3958363031e-01 -8.7490312933e-01  5.2500557995e-01  3.4227781030e-01  1.0599079168e+00 -2.3994241498e-01  1.0565600983e+00 -7.1178409531e-02 -3.4747956407e-01 -3.7394654220e-01 -7.2985648133e-01  4.7421924708e-01 -5.6621605430e-01 -2.0030088438e+00 -2.4161045934e+00 -1.4654398931e+00  1.0939242851e-01  2.3376493252e-01 -9.3325176967e-01  5.1392504837e-01  1.1580719880e+00  6.7177744619e-01  2.0220748235e+00 -2.7916578446e+00 -6.6784600877e-01 -2.2355731791e+00 -4.4073079170e+00 -2.0474394197e+00  6.8395255966e-01 -5.0958514858e+00 -1.4856522612e+00 -1.8405267434e+00 -1.1776760140e+00  1.5258502607e+00  2.3311367942e-01  3.6287358314e-01  1.7656978948e+00 -6.4055800162e-01  1.4912464157e+00 -2.0334938751e-01 -1.8360582863e+00  4.9374683868e-02  1.5023182264e-03 -2.8368054504e+00  5.2160103898e-01 -1.6208392053e+00 -2.2895119688e+00 -1.9165479287e+00 -1.6441802384e+00  9.8532646384e-01  8.7309410528e-01 -1.7279007828e+00  5.4703795250e-01
ENERGY -8.548797368349e+02

JOB 1
COORDS -3.7400662074e+00 -1.7987401009e+00 -1.1376633746e-01 -4.1146167366e+00 -1.4323847116e+00 -1.3706123688e+00 -1.7749669734e+00 -8.4551119296e-01 -8.7070513476e-01  5.1845655158e-01  3.5109725762e-01  1.0566180326e+00 -2.5599930260e-01  1.0591214695e+00 -7.2153534961e-02 -3.5192452035e-01 -3.7223470684e-01 -7.3138258078e-01  4.6781192178e-01 -5.5595546165e-01 -2.0071833958e+00 -2.3986853073e+00 -1.5090669822e+00  9.9952573835e-02  2.3776305156e-01 -9.2648429695e-01  5.1017830438e-01  1.1505928619e+00  6.8603601501e-01  2.0174514340e+00 -2.7968341979e+00 -6.9615207350e-01 -2.2345055852e+00 -4.4376135678e+00 -1.8782235287e+00  7.1205730951e-01 -5.1026698654e+00 -1.4856651043e+00 -1.8094542354e+00 -1.1969441606e+00  1.5199353348e+00  2.3526531925e-01  3.3864060070e-01  1.7738772811e+00 -6.4308446296e-01  1.4821758050e+00 -1.8466855882e-01 -1.8423918020e+00  3.5835801346e-02  9.0050932663e-03 -2.8391343487e+00  5.2311404659e-01 -1.6098643768e+00 -2.2948658134e+00 -1.8942635673e+00 -1.6752500951e+00  9.7578109122e-01  8.8382555982e-01 -1.7157476513e+00  5.4133117846e-01
ENERGY -8.548737003429e+02

JOB 2
COORDS -3.7364119266e+00 -1.8282257651e+00 -7.1495995234e-02 -4.1157481122e+00 -1.4727863809e+00 -1.3352640825e+00 -1.7843332248e+00 -8.5064246033e-01 -8.5681698999e-01  5.1096517502e-01  3.7781055186e-01  1.0446278666e+00 -2.8109076394e-01  1.0708689654e+00 -8.1561332085e-02 -3.6416539467e-01 -3.6522347392e-01 -7.3304202231e-01  4.4727999946e-01 -5.4498894659e-01 -2.0148362667e+00 -2.3831407056e+00 -1.5458633460e+00  1.0512842438e-01  2.4208122227e-01 -9.0544099365e-01  5.0610611111e-01  1.1459246881e+00  7.2562206879e-01  1.9988975708e+00 -2.8154394707e+00 -7.3176343491e-01 -2.2206280293e+00 -4.4563712489e+00 -1.7039698653e+00  7.3203925266e-01 -5.1149329758e+00 -1.5001679836e+00 -1.7515838178e+00 -1.2249451758e+00  1.5218767167e+00  2.3155805188e-01  2.9989152535e-01  1.7897522746e+00 -6.6126882288e-01  1.4586890259e+00 -1.6170767606e-01 -1.8594326893e+00  2.3583205746e-03  1.1541698935e-02 -2.8455818650e+00  5.1199705999e-01 -1.5994641184e+00 -2.2984180688e+00 -1.8695389686e+00 -1.6943536464e+00  9.7914238253e-01  8.9697493087e-01 -1.6874158580e+00  5.3655588860e-01
ENERGY -8.548638850371e+02

JOB 3
COORDS -3.7336559717e+00 -1.8534160238e+00 -6.3393291990e-02 -4.1006163004e+00 -1.5031068910e+00 -1.3391552496e+00 -1.7787536597e+00 -8.6193709701e-01 -8.5441437728e-01  5.0781402527e-01  3.6370914867e-01  1.0549259303e+00 -2.8949909348e-01  1.0594241853e+00 -6.6308836168e-02 -3.6054069482e-01 -3.7311840632e-01 -7.2830615615e-01  4.5247029655e-01 -5.3700666291e-01 -2.0113311873e+00 -2.3667091499e+00 -1.5935460545e+00  8.4886226586e-02  2.4920265104e-01 -9.1725940993e-01  5.0676442344e-01  1.1393563554e+00  7.0992876826e-01  2.0118658415e+00 -2.8057618355e+00 -7.5487127548e-01 -2.2275892444e+00 -4.4744080318e+00 -1.5432619320e+00  6.7212021015e-01 -5.1047290262e+00 -1.4998468419e+00 -1.7456282934e+00 -1.2366775479e+00  1.5007195450e+00  2.5076117318e-01  2.8526849101e-01  1.7868982791e+00 -6.4143336656e-01  1.4611733277e+00 -1.4819989328e-01 -1.8519861817e+00  4.1343133792e-03  2.3037147782e-02 -2.8377951123e+00  5.2435654410e-01 -1.5887910586e+00 -2.3030107820e+00 -1.8498215188e+00 -1.7401275387e+00  9.5772019364e-01  9.0814326353e-01 -1.6959921061e+00  5.3295396453e-01
ENERGY -8.548505245120e+02

JOB 4
COORDS -3.7355172467e+00 -1.8693737489e+00 -5.2730794532e-02 -4.0896663222e+00 -1.5294845281e+00 -1.3423375890e+00 -1.7717880736e+00 -8.7789346212e-01 -8.5182931485e-01  5.0420338566e-01  3.5028082185e-01  1.0634627229e+00 -3.0124331912e-01  1.0461417791e+00 -5.2481610276e-02 -3.5688827667e-01 -3.8349257099e-01 -7.2418354817e-01  4.5761416892e-01 -5.2966667337e-01 -2.0086366117e+00 -2.3504468992e+00 -1.6460417674e+00  6.1772268732e-02  2.5804870010e-01 -9.2883670132e-01  5.0689118255e-01  1.1323845303e+00  6.9743223784e-01  2.0221115484e+00 -2.7961521255e+00 -7.7809645580e-01 -2.2344542180e+00 -4.4552059001e+00 -1.3753871030e+00  6.0484493764e-01 -5.0987319985e+00 -1.4921248657e+00 -1.7363879015e+00 -1.2524362283e+00  1.4754211331e+00  2.6929988074e-01  2.6440289071e-01  1.7832059980e+00 -6.2439177541e-01  1.4624262236e+00 -1.3235229526e-01 -1.8456410400e+00  4.1384674203e-03  3.2160199940e-02 -2.8310024560e+00  5.3971236716e-01 -1.5785473784e+00 -2.3078770956e+00 -1.8419807953e+00 -1.7884049365e+00  9.4052904114e-01  9.2186180701e-01 -1.7035054170e+00  5.2962831860e-01
ENERGY -8.548339846874e+02

JOB 5
COORDS -3.7361269541e+00 -1.8750893126e+00 -5.0805986513e-03 -4.0845183011e+00 -1.5614178539e+00 -1.3134625159e+00 -1.7732657745e+00 -8.8569470898e-01 -8.4086394811e-01  5.0269244713e-01  3.5414642962e-01  1.0619472916e+00 -3.1629821497e-01  1.0446752914e+00 -4.8094360773e-02 -3.6123445144e-01 -3.8536019612e-01 -7.2185092973e-01  4.4717387297e-01 -5.2160309219e-01 -2.0114137284e+00 -2.3385482808e+00 -1.6736895145e+00  6.2387114442e-02  2.6497293098e-01 -9.2586209568e-01  5.0483835068e-01  1.1328244406e+00  7.0671017488e-01  2.0170936679e+00 -2.8048336322e+00 -8.0241206926e-01 -2.2251712643e+00 -4.4627612489e+00 -1.2367090445e+00  5.1604775279e-01 -5.0969800515e+00 -1.5152112693e+00 -1.6997477244e+00 -1.2692868711e+00  1.4642218383e+00  2.8130880611e-01  2.3769656044e-01  1.7876148697e+00 -6.2376301234e-01  1.4494362301e+00 -1.1632634334e-01 -1.8523921929e+00 -1.5305159633e-02  3.8253019344e-02 -2.8300186521e+00  5.3648567736e-01 -1.5691253200e+00 -2.3132318504e+00 -1.8201508278e+00 -1.8093198191e+00  9.3692390497e-01  9.3338506941e-01 -1.6966374641e+00  5.2448957925e-01
ENERGY -8.548148052097e+02

JOB 6
COORDS -3.7900403221e+00 -1.6856048548e+00  4.0141499348e-02 -4.1713546462e+00 -1.2182083954e+00 -1.2135600816e+00 -1.7862501904e+00 -8.0349752814e-01 -8.1728543617e-01  6.1395696704e-01  3.9568807366e-01  9.8672105217e-01 -1.5976730494e-01  1.0807200067e+00 -1.5775503451e-01 -3.4671526284e-01 -3.7974927194e-01 -7.3058932298e-01  4.1861923783e-01 -6.7891261770e-01 -2.0196712795e+00 -2.4908086990e+00 -1.1744752698e+00  2.4436000751e-01  2.5208912222e-01 -8.9295714761e-01  5.2288872293e-01  1.2931136677e+00  7.5213984264e-01  1.9064500951e+00 -2.8727498071e+00 -4.9588269845e-01 -2.1241443814e+00 -4.0021878099e+00 -2.7525858812e+00 -1.1517395413e-01 -5.0813241003e+00 -1.4948746875e+00 -1.7350976299e+00 -1.0679803934e+00  1.6029295730e+00  1.4910521495e-01  4.5028997002e-01  1.7298082391e+00 -7.8771652707e-01  1.4554627859e+00 -3.5446712160e-01 -1.9041713998e+00 -9.0548041735e-03 -1.3766758929e-01 -2.8694013325e+00  4.1334047290e-01 -1.7484101198e+00 -2.2492717673e+00 -1.9539910582e+00 -1.4042784642e+00  1.0875851285e+00  8.5198715783e-01 -1.7156765140e+00  5.8803816358e-01
ENERGY -8.548152363846e+02

JOB 7
COORDS -3.7900453387e+00 -1.6554859613e+00  1.9648185796e-02 -4.1670452175e+00 -1.2328815640e+00 -1.2402110970e+00 -1.7844974603e+00 -8.0186105291e-01 -8.3238652390e-01  6.1209355416e-01  3.9174721160e-01  9.8074164603e-01 -1.6050732222e-01  1.0819093166e+00 -1.6099786421e-01 -3.4514647996e-01 -3.7446095007e-01 -7.4282336033e-01  4.2346407745e-01 -6.6540413641e-01 -2.0313382611e+00 -2.4807048063e+00 -1.1898906306e+00  2.2983572823e-01  2.5246646262e-01 -8.9509335663e-01  5.0899650350e-01  1.2894183015e+00  7.4294790748e-01  1.9039938238e+00 -2.8641915722e+00 -5.1774464948e-01 -2.1438470830e+00 -4.0386877233e+00 -2.7185875789e+00  6.9722928780e-02 -5.0817932688e+00 -1.5062218979e+00 -1.7535600301e+00 -1.0697139356e+00  1.6016285009e+00  1.4725874632e-01  4.5031506360e-01  1.7360014170e+00 -7.8506417976e-01  1.4595166803e+00 -3.3942831273e-01 -1.9130603599e+00 -3.7725942967e-03 -1.2086132325e-01 -2.8792467274e+00  4.2017488125e-01 -1.7337557265e+00 -2.2663288792e+00 -1.9495066888e+00 -1.4187960652e+00  1.0762131843e+00  8.5622435385e-01 -1.7155065688e+00  5.6762549135e-01
ENERGY -8.548344721713e+02

JOB 8
COORDS -3.7850895147e+00 -1.6523007802e+00 -1.1801995913e-02 -4.1587349815e+00 -1.2523560156e+00 -1.2720645382e+00 -1.7803455094e+00 -8.0762957664e-01 -8.4588011944e-01  5.9612876984e-01  3.8250828021e-01  9.9676782019e-01 -1.7105147449e-01  1.0785647684e+00 -1.4468858023e-01 -3.4332626911e-01 -3.7246248058e-01 -7.4195230289e-01  4.3822638593e-01 -6.4663697775e-01 -2.0259640009e+00 -2.4691973240e+00 -1.2365267430e+00  2.0706379877e-01  2.4730463526e-01 -9.0195258868e-01  5.0993959783e-01  1.2641460204e+00  7.2796356153e-01  1.9290631126e+00 -2.8489702502e+00 -5.3692638144e-01 -2.1625721245e+00 -4.1270374994e+00 -2.6625487971e+00  2.0825395007e-01 -5.0835806918e+00 -1.4984713039e+00 -1.7796738301e+00 -1.0854810564e+00  1.5905261619e+00  1.6125498612e-01  4.4125065486e-01  1.7425331941e+00 -7.5676517426e-01  1.4713722924e+00 -3.1566472106e-01 -1.8965604080e+00  1.4466387295e-02 -9.6808377477e-02 -2.8722413313e+00  4.4253639144e-01 -1.7127366436e+00 -2.2709567350e+00 -1.9391735142e+00 -1.4516509849e+00  1.0574948740e+00  8.5493119820e-01 -1.7197467917e+00  5.6549671197e-01
ENERGY -8.548510110994e+02

JOB 9
COORDS -3.7735309721e+00 -1.6449689770e+00 -2.9609512866e-02 -4.1514174397e+00 -1.2755061427e+00 -1.2906377798e+00 -1.7752025472e+00 -8.0896554801e-01 -8.5971707161e-01  5.9709184590e-01  3.8142026012e-01  9.8693341098e-01 -1.7272741047e-01  1.0792860528e+00 -1.5139567383e-01 -3.3906218031e-01 -3.6926059333e-01 -7.5565691843e-01  4.4479124199e-01 -6.3382285634e-01 -2.0399480961e+00 -2.4520271481e+00 -1.2665814738e+00  1.9047745878e-01  2.5360479688e-01 -9.0240074357e-01  4.9414700249e-01  1.2634484748e+00  7.2492471906e-01  1.9212536159e+00 -2.8386360542e+00 -5.6623347482e-01 -2.1808902974e+00 -4.1782166141e+00 -2.5693065131e+00  3.7199738673e-01 -5.0885104221e+00 -1.5001817687e+00 -1.7844967935e+00 -1.0891763537e+00  1.5863172716e+00  1.5681733249e-01  4.3709660317e-01  1.7490138634e+00 -7.5968358128e-01  1.4763028376e+00 -2.9837343235e-01 -1.9089763977e+00  1.8765798672e-02 -8.2479158207e-02 -2.8841276675e+00  4.5382945646e-01 -1.6988461652e+00 -2.2894660997e+00 -1.9259690982e+00 -1.4747438286e+00  1.0446085622e+00  8.6617145663e-01 -1.7168658187e+00  5.4450079120e-01
ENERGY -8.548643132705e+02

JOB 10
COORDS -3.7737425477e+00 -1.6705022643e+00 -7.8185398442e-02 -4.1419605561e+00 -1.3056090392e+00 -1.3379089578e+00 -1.7750466410e+00 -8.1707446380e-01 -8.6456971659e-01  5.6536809545e-01  3.5850801403e-01  1.0305560179e+00 -1.9478244768e-01  1.0687881824e+00 -1.0643364527e-01 -3.4254509242e-01 -3.7071959311e-01 -7.3649657052e-01  4.6084194882e-01 -6.0776426014e-01 -2.0138314968e+00 -2.4534902172e+00 -1.3195849851e+00  1.6564237850e-01  2.3796042407e-01 -9.1962095849e-01  5.1244398719e-01  1.2168127275e+00  6.9141602213e-01  1.9792103264e+00 -2.8158527475e+00 -5.8764261420e-01 -2.2022566899e+00 -4.2518713349e+00 -2.4767334742e+00  4.6622394035e-01 -5.0850174873e+00 -1.4983965259e+00 -1.8330930630e+00 -1.1188182734e+00  1.5643114108e+00  1.9790757778e-01  4.1790979111e-01  1.7529839837e+00 -6.9543632957e-01  1.4877534439e+00 -2.6610888924e-01 -1.8639581017e+00  4.1310875149e-02 -4.6230995519e-02 -2.8545487887e+00  4.8158015500e-01 -1.6684874167e+00 -2.2803719459e+00 -1.9422345451e+00 -1.5250101284e+00  1.0290637858e+00  8.5650709323e-01 -1.7299256159e+00  5.5694195380e-01
ENERGY -8.548740187032e+02

JOB 11
COORDS -3.7631537435e+00 -1.6957883728e+00 -1.0424947691e-01 -4.1321102874e+00 -1.3355311583e+00 -1.3616833553e+00 -1.7709763211e+00 -8.2394044815e-01 -8.7208360964e-01  5.5313476190e-01  3.4836066530e-01  1.0411893789e+00 -2.0640526948e-01  1.0635818513e+00 -9.2739957244e-02 -3.4101853787e-01 -3.7179137275e-01 -7.3519107446e-01  4.7061885234e-01 -5.9185918818e-01 -2.0102231644e+00 -2.4406604375e+00 -1.3669234797e+00  1.4417310871e-01  2.3717580773e-01 -9.2811175500e-01  5.1178637338e-01  1.1977331797e+00  6.7753969918e-01  1.9958124359e+00 -2.8018078075e+00 -6.1425580928e-01 -2.2182349735e+00 -4.3069582592e+00 -2.3498333923e+00  5.6578343606e-01 -5.0862559790e+00 -1.4948829797e+00 -1.8469743496e+00 -1.1350713747e+00  1.5505216824e+00  2.1150229379e-01  4.0439828293e-01  1.7570045134e+00 -6.7287624034e-01  1.4942264031e+00 -2.4391437150e-01 -1.8523570026e+00  5.1065103426e-02 -2.6363127096e-02 -2.8482648940e+00  5.0004788931e-01 -1.6501406100e+00 -2.2854958101e+00 -1.9360783408e+00 -1.5656466148e+00  1.0128525849e+00  8.6169910485e-01 -1.7341134185e+00  5.5173523635e-01
ENERGY -8.548799059049e+02

JOB 12
COORDS -3.7594192288e+00 -1.7339818439e+00 -1.3408619201e-01 -4.1238693049e+00 -1.3666575629e+00 -1.3894265184e+00 -1.7716107516e+00 -8.3416041587e-01 -8.7581678024e-01  5.3033950102e-01  3.3203317233e-01  1.0657065295e+00 -2.2528399986e-01  1.0527144881e+00 -6.7460262278e-02 -3.4445091356e-01 -3.7701466404e-01 -7.2546194506e-01  4.7882245909e-01 -5.7805761680e-01 -1.9961764358e+00 -2.4343228313e+00 -1.4215959313e+00  1.2009965203e-01  2.2817831345e-01 -9.4126022646e-01  5.2040542129e-01  1.1644946224e+00  6.5621227534e-01  2.0289988798e+00 -2.7888632862e+00 -6.3863997236e-01 -2.2335828960e+00 -4.3637001376e+00 -2.2126930752e+00  6.2574964414e-01 -5.0874926450e+00 -1.4874787533e+00 -1.8669118684e+00 -1.1596008604e+00  1.5304649030e+00  2.3409728227e-01  3.8536346114e-01  1.7560637474e+00 -6.3568554953e-01  1.4985635130e+00 -2.2405607060e-01 -1.8269592376e+00  6.1397135007e-02 -7.4187999083e-03 -2.8317692655e+00  5.1794439800e-01 -1.6333254644e+00 -2.2815915300e+00 -1.9380689573e+00 -1.6146089268e+00  9.9476936658e-01  8.5992575793e-01 -1.7418381146e+00  5.5587407419e-01
ENERGY -8.548818306649e+02

