JOB 0
COORDS  1.8251678843e+00 -2.4564735742e+00 -2.3710621598e-01  1.2304058731e+00  9.1762667847e-01 -8.7819671334e-01 -1.6964738651e+00  5.3290481637e-01  1.4082667482e+00  2.2270295070e+00 -5.6163114990e-02 -2.2003536745e-01  4.8034949024e-01 -9.7572880980e-01  1.3003272930e+00 -5.2036144569e-01 -4.6505176520e-02  6.2468527484e-01  1.6386120604e-01  1.2291897618e+00  1.5389461287e-01 -2.0479562126e+00  1.7965554768e+00  5.6581156313e-01 -3.2863715526e+00  1.6348687565e+00 -3.0456327302e-01  1.7588546639e-01 -4.5830064266e+00 -2.1771361584e+00  1.1859490042e+00 -3.7103309883e+00  3.5175323611e-01  1.5643002390e+00 -1.2507248482e+00  3.3798533973e-01  2.5779919949e+00 -2.6019259074e+00 -1.2084557070e+00 -8.8324015498e-01 -5.3723446634e+00  1.4887867503e-01 -1.1970221375e+00 -2.9481788892e+00 -5.8609588555e-01 -9.0586701994e-01  2.0465229195e+00 -3.0352545803e-01 -3.6327956289e-01 -4.1625484294e+00 -5.0689805548e-01  1.7639466736e+00  1.8194044029e+00 -1.1967818159e+00  7.7649091340e-01  4.5841817800e-01 -1.7624174904e+00 -2.5415852420e+00 -1.5597903284e-01  1.4843620701e+00 -1.3921042479e+00  8.1477549135e-01  2.4230283135e+00  2.9743559937e+00 -3.9900141577e-01 -9.3249579758e-01  2.7439583377e+00  4.4982721914e-01  6.0565952243e-01  9.1351050176e-01 -5.0394992396e-01  2.1928719644e+00 -4.1935120229e-03 -1.8991109155e+00  1.6061500958e+00 -9.0363402788e-01 -5.7229709398e-01 -2.5466742756e-01  6.5206012138e-01  1.7155559119e+00  1.0204438775e+00 -2.1657575325e+00  2.6701711720e+00  1.2194868773e+00 -3.2106986148e+00  7.3127215834e-01 -9.1826382523e-01 -3.3971955855e+00  2.4956974212e+00 -9.7070472918e-01 -4.1847870923e+00  1.5603662466e+00  3.1795402271e-01 -7.3035323414e-01 -4.5929759986e+00 -2.7854045105e+00  8.7198598075e-01 -3.8188658925e+00 -2.5243852475e+00  6.4585674301e-01 -5.5665198111e+00 -2.1528903035e+00  9.1019223683e-01 -3.6663582251e+00  1.4057576781e+00  1.8770872809e+00 -4.5405722852e+00  1.9862690011e-01
ENERGY -1.184551223144e+03

JOB 1
COORDS  1.8685601150e+00 -2.5240962042e+00 -1.4781982347e-01  1.2790057454e+00  8.4745301901e-01 -8.2343320500e-01 -1.6450523234e+00  4.9225039962e-01  1.4711128861e+00  2.2734964691e+00 -1.2382911535e-01 -1.5850172478e-01  5.2711533156e-01 -1.0240185038e+00  1.3734844257e+00 -4.7138265201e-01 -9.7168001466e-02  6.9146898955e-01  2.1547942668e-01  1.1722076209e+00  2.0775317898e-01 -1.9944930871e+00  1.7488855875e+00  6.1736453051e-01 -3.2346404167e+00  1.5824919636e+00 -2.4962226656e-01  2.1849810021e-01 -4.6627741577e+00 -2.0772792769e+00  1.2278081982e+00 -3.7711428312e+00  4.5323262261e-01  1.6077914783e+00 -1.3113461383e+00  4.1107610926e-01  2.6233178897e+00 -2.6813703287e+00 -1.1164217666e+00 -8.4020188211e-01 -5.4371993609e+00  2.6265355568e-01 -1.1488874825e+00 -3.0164808770e+00 -4.8852198979e-01 -8.5304011773e-01  1.9877135051e+00 -2.5589339948e-01 -3.1926075335e-01 -4.2340823476e+00 -4.0413346165e-01  1.8153485248e+00  1.7442241378e+00 -1.1512871777e+00  8.2150988016e-01  3.8189798082e-01 -1.7024536211e+00 -2.4916572386e+00 -1.9393619629e-01  1.5546874056e+00 -1.3388750156e+00  7.8292079928e-01  2.4828483247e+00  3.0185119051e+00 -4.7521430300e-01 -8.6917282162e-01  2.7935684607e+00  3.8768522515e-01  6.6185642736e-01  9.6393905558e-01 -5.4662273821e-01  2.2612482218e+00  3.8858080550e-02 -1.9426634515e+00  1.6872981844e+00 -8.5724509392e-01 -6.2962945173e-01 -1.8282795951e-01  7.0650396012e-01  1.6658057922e+00  1.0685480788e+00 -2.1089556412e+00  2.6288546185e+00  1.2630677618e+00 -3.1623462282e+00  6.7304177458e-01 -8.5503427117e-01 -3.3441437967e+00  2.4373979832e+00 -9.2356278579e-01 -4.1323049273e+00  1.5162075099e+00  3.7490023289e-01 -6.1839092559e-01 -4.4188670225e+00 -2.7334613851e+00  1.0876927477e+00 -4.0520399473e+00 -2.3282842715e+00  4.5576782703e-01 -5.7263892984e+00 -2.1013373328e+00  9.4571087640e-01 -3.7133169830e+00  1.5047369369e+00  1.9202904909e+00 -4.6029801286e+00  3.1535614266e-01
ENERGY -1.184550541603e+03

JOB 2
COORDS  1.9185439352e+00 -2.5947998819e+00 -1.2201159964e-01  1.2940653681e+00  7.7221529964e-01 -8.0480004893e-01 -1.6274322764e+00  3.9202042120e-01  1.4894938613e+00  2.2968061271e+00 -1.9051398871e-01 -1.3985998819e-01  5.5792248471e-01 -1.1051245604e+00  1.3929806591e+00 -4.4834741462e-01 -1.8723937495e-01  7.1040647466e-01  2.2733947460e-01  1.0878610897e+00  2.2589610463e-01 -1.9862433012e+00  1.6471998952e+00  6.3723646389e-01 -3.2274996077e+00  1.4745428119e+00 -2.2681222387e-01  2.7284079429e-01 -4.6885839123e+00 -2.0764530961e+00  1.2874334578e+00 -3.8463155646e+00  4.7946055728e-01  1.6407320794e+00 -1.3831021577e+00  4.3023252531e-01  2.6810697539e+00 -2.7477458759e+00 -1.0856155274e+00 -7.2640993349e-01 -5.5684547432e+00  2.5689356722e-01 -1.1222489917e+00 -3.1343594040e+00 -4.0828555848e-01 -8.4839009542e-01  1.8931531944e+00 -2.3872066062e-01 -2.5463528103e-01 -4.3280348024e+00 -3.7788454360e-01  1.8227929799e+00  1.6735263658e+00 -1.1325604013e+00  8.4083440850e-01  3.0291811783e-01 -1.6840817083e+00 -2.4683481982e+00 -3.0129711900e-01  1.5712211514e+00 -1.3246934475e+00  6.8362218809e-01  2.5019724194e+00  3.0445665858e+00 -5.3601585287e-01 -8.5054406258e-01  2.8129231283e+00  3.2560516568e-01  6.8012407436e-01  9.9071828609e-01 -6.2358865815e-01  2.2805068206e+00  7.7095760894e-02 -2.0278110112e+00  1.7060236029e+00 -8.2960076342e-01 -7.2364602127e-01 -1.6362974913e-01  7.1358705286e-01  1.5863890234e+00  1.0865500136e+00 -2.1040443426e+00  2.5260317111e+00  1.2839208054e+00 -3.1513029854e+00  5.6619130672e-01 -8.3340982987e-01 -3.3438324614e+00  2.3295439433e+00 -8.9949175230e-01 -4.1231552284e+00  1.4021348469e+00  3.9987473462e-01 -4.5255370229e-01 -4.2073579440e+00 -2.7332777645e+00  1.2630869221e+00 -4.2558512281e+00 -2.2327041227e+00  2.8123873904e-01 -5.7710470580e+00 -2.2021174323e+00  1.0017506072e+00 -3.7881952777e+00  1.5299750261e+00  1.9878009014e+00 -4.6719052914e+00  3.4509317923e-01
ENERGY -1.184549631658e+03

JOB 3
COORDS  1.9028025351e+00 -2.5571409632e+00 -1.2769303002e-01  1.2744760176e+00  8.0278003916e-01 -8.4295219611e-01 -1.6428605598e+00  4.4529287768e-01  1.4608567094e+00  2.2785787115e+00 -1.5262919991e-01 -1.6947651306e-01  5.4248821686e-01 -1.0528329351e+00  1.3748036389e+00 -4.6565538723e-01 -1.4233644747e-01  6.8514409602e-01  2.0861656800e-01  1.1278790029e+00  1.8572528341e-01 -2.0038294390e+00  1.6914393562e+00  5.9633956368e-01 -3.2475436363e+00  1.5103510488e+00 -2.6237111212e-01  2.0799063589e-01 -4.5450065629e+00 -2.0917601820e+00  1.2691462292e+00 -3.8034038154e+00  4.8218927319e-01  1.6231239219e+00 -1.3398615354e+00  4.1207906681e-01  2.6674716960e+00 -2.7189113306e+00 -1.0879000508e+00 -6.8573385436e-01 -5.5783127458e+00  2.1756901194e-01 -1.1904349782e+00 -3.1275773631e+00 -2.9798636685e-01 -8.6824025426e-01  1.9277508273e+00 -2.8544744004e-01 -2.7988713107e-01 -4.2874581639e+00 -3.5980075215e-01  1.8019721212e+00  1.7012186828e+00 -1.1804025819e+00  8.2079418199e-01  3.2459828820e-01 -1.7173024742e+00 -2.4832458341e+00 -2.4731583404e-01  1.5526715895e+00 -1.3369064358e+00  7.4780662687e-01  2.4691436455e+00  3.0265704882e+00 -5.0428809868e-01 -8.7690132213e-01  2.7943926866e+00  3.7187856120e-01  6.4533477304e-01  9.7751900710e-01 -5.6113664335e-01  2.2556179123e+00  6.2559119869e-02 -1.9722707343e+00  1.6982636320e+00 -8.4998824595e-01 -6.8769125413e-01 -1.8220701588e-01  6.9584702901e-01  1.6354161293e+00  1.0404981148e+00 -2.1195558926e+00  2.5771766622e+00  1.2338883465e+00 -3.1741873525e+00  5.9505808138e-01 -8.5880801771e-01 -3.3647918735e+00  2.3578632581e+00 -9.4430941063e-01 -4.1415393921e+00  1.4460155792e+00  3.6753230465e-01 -3.7118521890e-01 -3.8471674910e+00 -2.6963687158e+00  1.2747190883e+00 -4.3388657327e+00 -2.1952010673e+00 -2.6841512245e-02 -5.5807658710e+00 -2.3371542902e+00  9.9080850221e-01 -3.7375594868e+00  1.5343047628e+00  1.9638806852e+00 -4.6330355094e+00  3.4623535459e-01
ENERGY -1.184549103233e+03

JOB 4
COORDS  1.9648052474e+00 -2.6018822815e+00 -1.0227542629e-01  1.2935045900e+00  7.4830076945e-01 -8.2946328532e-01 -1.6216937742e+00  3.5970258973e-01  1.4726610414e+00  2.3094097235e+00 -1.9192969472e-01 -1.5212493436e-01  5.8363534751e-01 -1.1093480244e+00  1.3933640662e+00 -4.3602147649e-01 -2.1477399894e-01  7.0006517967e-01  2.2189809442e-01  1.0623817068e+00  1.9668164053e-01 -1.9973076471e+00  1.5992861350e+00  6.0482403846e-01 -3.2395641134e+00  1.4018268505e+00 -2.5231728826e-01  2.6451188056e-01 -4.5213551811e+00 -2.0766963060e+00  1.3385672878e+00 -3.8527670031e+00  5.0628063733e-01  1.6685925073e+00 -1.3855117678e+00  4.3239555714e-01  2.7354066522e+00 -2.7587257681e+00 -1.0577823170e+00 -5.6680374760e-01 -5.6669504227e+00  1.9508642814e-01 -1.1573083285e+00 -3.2163919671e+00 -2.1775219005e-01 -8.6510345105e-01  1.8458931332e+00 -2.7860162057e-01 -2.0953413896e-01 -4.3411347426e+00 -3.3344855198e-01  1.8093214540e+00  1.6527429796e+00 -1.1689073790e+00  8.4742354228e-01  2.6186631715e-01 -1.7032560563e+00 -2.4530425576e+00 -3.4367343136e-01  1.5645556061e+00 -1.3212459666e+00  6.6815348733e-01  2.4807817474e+00  3.0624153582e+00 -5.3632175700e-01 -8.5784738865e-01  2.8179906514e+00  3.4193120189e-01  6.6114839975e-01  1.0115434503e+00 -6.0845628422e-01  2.2725014536e+00  1.1595650190e-01 -2.0338451551e+00  1.7203099164e+00 -8.1312014319e-01 -7.6790368004e-01 -1.6560616241e-01  7.0121760708e-01  1.5793243188e+00  1.0502729745e+00 -2.1223966012e+00  2.4854674859e+00  1.2399808652e+00 -3.1562301362e+00  4.8587704209e-01 -8.4645066619e-01 -3.3672710653e+00  2.2461996141e+00 -9.3626506156e-01 -4.1321586801e+00  1.3286737435e+00  3.7858761483e-01 -1.1757142351e-01 -3.6581720116e+00 -2.6207117388e+00  1.3507034770e+00 -4.5775848003e+00 -2.1535594446e+00 -2.0733399859e-01 -5.4425681265e+00 -2.4211820539e+00  1.0661898342e+00 -3.7926201960e+00  1.5603805314e+00  2.0344365035e+00 -4.6795242056e+00  3.6104084559e-01
ENERGY -1.184549350389e+03

JOB 5
COORDS  2.0066157523e+00 -2.6174195996e+00 -8.6842581146e-02  1.3035539463e+00  7.2660684292e-01 -8.1737024742e-01 -1.6059280046e+00  3.1372997325e-01  1.4877265628e+00  2.3285263068e+00 -2.0416447999e-01 -1.4057843168e-01  6.1271706922e-01 -1.1352501791e+00  1.4078881254e+00 -4.1569509717e-01 -2.5065975053e-01  7.1473822002e-01  2.3018107421e-01  1.0319107854e+00  2.0957772320e-01 -1.9937030555e+00  1.5487434539e+00  6.1877048214e-01 -3.2343735945e+00  1.3384416984e+00 -2.3762712217e-01  3.2543781256e-01 -4.5274117729e+00 -2.0584805453e+00  1.3908236800e+00 -3.8729526205e+00  5.2338307736e-01  1.6992071022e+00 -1.4026081857e+00  4.4627869284e-01  2.7764366779e+00 -2.7690291200e+00 -1.0431363149e+00 -4.9442436416e-01 -5.7058650068e+00  1.9188690798e-01 -1.1157181976e+00 -3.2597711485e+00 -1.9810020320e-01 -8.6425303726e-01  1.8052025087e+00 -2.6540978329e-01 -1.5182562469e-01 -4.3696522907e+00 -3.1979335756e-01  1.8109173435e+00  1.6353808554e+00 -1.1579889299e+00  8.6075641552e-01  2.3584811651e-01 -1.6904567979e+00 -2.4306635459e+00 -3.9719853644e-01  1.5811024791e+00 -1.3074708902e+00  6.2607950693e-01  2.4952382151e+00  3.0833023471e+00 -5.4291061187e-01 -8.4718747291e-01  2.8339646528e+00  3.3512546424e-01  6.7109037017e-01  1.0366694581e+00 -6.2962753648e-01  2.2862478884e+00  1.5377842728e-01 -2.0636269209e+00  1.7362954627e+00 -7.8861873456e-01 -8.0795585166e-01 -1.5009441266e-01  7.0568823600e-01  1.5538875953e+00  1.0622257700e+00 -2.1269739254e+00  2.4343842959e+00  1.2530033087e+00 -3.1425452673e+00  4.2265218005e-01 -8.3075711641e-01 -3.3704356045e+00  2.1807748342e+00 -9.2247679629e-01 -4.1259649464e+00  1.2574684993e+00  3.9374177673e-01  1.8269805982e-01 -3.5656094932e+00 -2.5492395811e+00  1.3632843834e+00 -4.8530260192e+00 -2.1241165902e+00 -3.4915731692e-01 -5.2785642385e+00 -2.4736886383e+00  1.1184485985e+00 -3.8157682342e+00  1.5777173750e+00  2.0926147468e+00 -4.6942832654e+00  3.7656260717e-01
ENERGY -1.184550157417e+03

JOB 6
COORDS  2.0793542870e+00 -2.7429876760e+00 -2.0150354269e-02  1.3466968947e+00  5.9099736938e-01 -7.4883928872e-01 -1.5593807748e+00  1.5068032729e-01  1.5551202488e+00  2.3809539956e+00 -3.2775306751e-01 -6.9821620584e-02  6.7427156245e-01 -1.2753874552e+00  1.4785953850e+00 -3.6289218152e-01 -4.0234468820e-01  7.8349998237e-01  2.6984674752e-01  8.8641787048e-01  2.7735778814e-01 -1.9601706435e+00  1.3796270965e+00  6.8356438917e-01 -3.1966149063e+00  1.1532533894e+00 -1.7490472064e-01  4.4327633513e-01 -4.7252912933e+00 -1.9786818495e+00  1.4829088108e+00 -4.0055906855e+00  5.9426876991e-01  1.7646089985e+00 -1.5322590506e+00  5.1843821690e-01  2.8417278414e+00 -2.8850337466e+00 -9.8359680808e-01 -4.0033441621e-01 -5.8502422024e+00  2.8506182785e-01 -1.0125399659e+00 -3.4136582071e+00 -1.7184745788e-01 -8.3216714619e-01  1.6481116262e+00 -1.9879876357e-01 -4.8609152272e-02 -4.5271651222e+00 -2.5362646399e-01  1.8446207352e+00  1.5045264645e+00 -1.0906843721e+00  9.0938506405e-01  9.4096817310e-02 -1.6211812417e+00 -2.3766925223e+00 -5.6860589739e-01  1.6499933745e+00 -1.2644001299e+00  4.6843063759e-01  2.5619848653e+00  3.1400366220e+00 -6.5908035984e-01 -7.7534357797e-01  2.8795154153e+00  2.1799431691e-01  7.4175716552e-01  1.0917641728e+00 -7.6493349265e-01  2.3572114035e+00  2.2463891066e-01 -2.2082628781e+00  1.8072858153e+00 -7.2897995102e-01 -9.6476674913e-01 -8.0936434234e-02  7.3965986410e-01  1.4141176620e+00  1.1296570299e+00 -2.1052631975e+00  2.2645798903e+00  1.3161624819e+00 -3.0928733421e+00  2.3765717570e-01 -7.6634405210e-01 -3.3410683023e+00  1.9927988780e+00 -8.6146066729e-01 -4.0884961491e+00  1.0630343544e+00  4.5481541700e-01  5.6220981862e-01 -3.7428664754e+00 -2.4327546753e+00  1.3689537355e+00 -5.2983527607e+00 -2.0270758088e+00 -3.7787762299e-01 -5.2743688359e+00 -2.4443061881e+00  1.2027039037e+00 -3.9483224513e+00  1.6465398840e+00  2.1995742294e+00 -4.8157089357e+00  4.5618284406e-01
ENERGY -1.184550931905e+03

JOB 7
COORDS  2.0712381428e+00 -2.7143309702e+00 -4.4031403105e-03  1.3614692823e+00  6.2445384480e-01 -7.1337881291e-01 -1.5435353193e+00  1.8989445473e-01  1.5920464995e+00  2.3920369349e+00 -3.0180379093e-01 -3.9065557911e-02  6.8304499595e-01 -1.2466382756e+00  1.5081267847e+00 -3.5049193177e-01 -3.6589604981e-01  8.1713070642e-01  2.8813372309e-01  9.2183832354e-01  3.1594546155e-01 -1.9411671027e+00  1.4213050870e+00  7.2288804459e-01 -3.1751101261e+00  1.1970737936e+00 -1.3991815732e-01  4.7215317134e-01 -4.8476769716e+00 -1.9221063148e+00  1.4771553955e+00 -3.9766421577e+00  6.1304455499e-01  1.7713134702e+00 -1.5058048341e+00  5.4618777410e-01  2.8229288680e+00 -2.8550932588e+00 -9.7684560720e-01 -4.8288886386e-01 -5.7594037804e+00  3.9446396314e-01 -9.6732080256e-01 -3.3406864382e+00 -2.6257165299e-01 -8.1042347269e-01  1.6917639153e+00 -1.5525306123e-01 -5.5137265089e-02 -4.4996611334e+00 -2.3331206917e-01  1.8636843143e+00  1.5365632787e+00 -1.0527765775e+00  9.2010056193e-01  1.3242314332e-01 -1.5862941202e+00 -2.3637570784e+00 -5.2612206824e-01  1.6871872097e+00 -1.2456783449e+00  5.0511811732e-01  2.5988959001e+00  3.1482821101e+00 -6.3416814946e-01 -7.4709135701e-01  2.8943110735e+00  2.3831645781e-01  7.7397276010e-01  1.1039540943e+00 -7.4199973556e-01  2.3884162900e+00  2.2951804928e-01 -2.1786045744e+00  1.8344552035e+00 -7.1890089516e-01 -9.2328893187e-01 -4.9315622497e-02  7.6214075388e-01  1.4435368611e+00  1.1696496311e+00 -2.0880755016e+00  2.3046426800e+00  1.3572862891e+00 -3.0694474113e+00  2.8313310818e-01 -7.3354848185e-01 -3.3174355226e+00  2.0384090937e+00 -8.2471819002e-01 -4.0689451133e+00  1.1052378254e+00  4.8684157795e-01  8.9554123359e-01 -3.9445464070e+00 -2.3596061980e+00  1.2041157602e+00 -5.6554593066e+00 -1.9012926475e+00 -4.3281762564e-01 -5.1585873941e+00 -2.4477571561e+00  1.1965677576e+00 -3.9175689481e+00  1.6651143555e+00  2.1968565471e+00 -4.7853223845e+00  4.7968733448e-01
ENERGY -1.184551328650e+03

JOB 8
COORDS  2.0932128730e+00 -2.6937912157e+00 -4.5034874485e-03  1.3655489338e+00  6.4423392316e-01 -7.0219012143e-01 -1.5325252766e+00  1.8812922810e-01  1.6073162483e+00  2.4019095785e+00 -2.7934817216e-01 -3.3225606436e-02  7.0007296940e-01 -1.2380326081e+00  1.5133017344e+00 -3.3854517018e-01 -3.5902815005e-01  8.2771935746e-01  2.9355632758e-01  9.3349609854e-01  3.3079637627e-01 -1.9371168311e+00  1.4215299019e+00  7.4417374089e-01 -3.1717260621e+00  1.1955556507e+00 -1.1725011439e-01  5.2991143725e-01 -4.9224536948e+00 -1.8998718556e+00  1.5065173450e+00 -3.9604855617e+00  6.1087644910e-01  1.7883668584e+00 -1.4885590566e+00  5.4915800024e-01  2.8457481491e+00 -2.8282531999e+00 -9.7779823410e-01 -4.9636341862e-01 -5.7059149689e+00  4.4219187429e-01 -9.0309745541e-01 -3.3097964352e+00 -3.3774212135e-01 -8.0932081009e-01  1.7006633370e+00 -1.3484700148e-01 -2.3534023991e-02 -4.4900870071e+00 -2.3747126472e-01  1.8629331422e+00  1.5596176016e+00 -1.0398786409e+00  9.2428904292e-01  1.5257971845e-01 -1.5752835552e+00 -2.3496929748e+00 -5.3167155342e-01  1.7006530598e+00 -1.2345223122e+00  5.0024982046e-01  2.6151029835e+00  3.1580717184e+00 -6.0568885224e-01 -7.4408171433e-01  2.9034443999e+00  2.6024097314e-01  7.8063687772e-01  1.1198047531e+00 -7.3565454019e-01  2.3954717027e+00  2.5155970711e-01 -2.1735162336e+00  1.8367307577e+00 -7.0537096325e-01 -9.1435264579e-01 -4.0512062577e-02  7.6727846128e-01  1.4538450594e+00  1.1855123671e+00 -2.0866736094e+00  2.3014229208e+00  1.3827567046e+00 -3.0629969739e+00  2.8476254894e-01 -7.1514128141e-01 -3.3190862772e+00  2.0392366782e+00 -7.9808750759e-01 -4.0639720795e+00  1.0970044035e+00  5.1077397667e-01  1.2055781401e+00 -4.1462641468e+00 -2.2602396484e+00  1.0331481974e+00 -5.8887904580e+00 -1.8520748659e+00 -3.7434494953e-01 -4.9833616197e+00 -2.5078708485e+00  1.2265042888e+00 -3.9056240389e+00  1.6632058268e+00  2.2314465315e+00 -4.7646682938e+00  4.7631176450e-01
ENERGY -1.184551214668e+03

JOB 9
COORDS  2.0988055446e+00 -2.7357863574e+00  1.9713441386e-02  1.3695977041e+00  6.0138970710e-01 -6.9077546614e-01 -1.5256375265e+00  1.5415307344e-01  1.6241855466e+00  2.4061589084e+00 -3.2121533685e-01 -2.0771263727e-02  7.0570817205e-01 -1.2738731599e+00  1.5311915580e+00 -3.3310319095e-01 -3.9607096296e-01  8.4454973840e-01  2.9917061304e-01  8.9448010102e-01  3.4275439515e-01 -1.9301355457e+00  1.3859169006e+00  7.5857329930e-01 -3.1671486634e+00  1.1598198607e+00 -9.9323144180e-02  5.2053337248e-01 -4.9486519199e+00 -1.8783226304e+00  1.5110812022e+00 -3.9999646676e+00  6.3901818238e-01  1.7920746716e+00 -1.5281270760e+00  5.6586797353e-01  2.8547459984e+00 -2.8744457535e+00 -9.5089422727e-01 -4.8269311100e-01 -5.7566103173e+00  4.7412833116e-01 -9.0589279533e-01 -3.3555258560e+00 -2.8334983346e-01 -8.0393470607e-01  1.6607204889e+00 -1.2387847981e-01 -2.1821487405e-02 -4.5344912348e+00 -2.0227790645e-01  1.8673956563e+00  1.5153680122e+00 -1.0316387089e+00  9.2679427008e-01  1.0775886467e-01 -1.5619750523e+00 -2.3432294131e+00 -5.6480260511e-01  1.7201108125e+00 -1.2262504891e+00  4.6837306829e-01  2.6308995358e+00  3.1610378940e+00 -6.5027002593e-01 -7.3172430826e-01  2.9094087096e+00  2.2021186117e-01  7.9082066649e-01  1.1275599078e+00 -7.6905019912e-01  2.4109806565e+00  2.5680131517e-01 -2.2079767705e+00  1.8578203590e+00 -7.0168337341e-01 -9.5371310357e-01 -2.1483465448e-02  7.7429202940e-01  1.4172899032e+00  1.1951802795e+00 -2.0766223533e+00  2.2678045654e+00  1.3951205353e+00 -3.0613885747e+00  2.4722518425e-01 -6.9500282974e-01 -3.3147181462e+00  2.0019241124e+00 -7.8206429659e-01 -4.0580494702e+00  1.0644272940e+00  5.3108249952e-01  1.3776581406e+00 -4.3235434766e+00 -2.1344411950e+00  7.9018749740e-01 -6.0051788040e+00 -1.8903434237e+00 -3.2984319650e-01 -4.7510585354e+00 -2.5322995966e+00  1.2334350608e+00 -3.9408842598e+00  1.6916904281e+00  2.2351970010e+00 -4.8052833427e+00  5.0627565430e-01
ENERGY -1.184550503412e+03

JOB 10
COORDS  2.0983131613e+00 -2.7031576631e+00 -9.7368629024e-04  1.3505217767e+00  6.2543041877e-01 -7.2212309792e-01 -1.5389544145e+00  1.7217195547e-01  1.5993947509e+00  2.3932234128e+00 -2.8823387499e-01 -4.9371646855e-02  7.0036414009e-01 -1.2436540115e+00  1.5095656537e+00 -3.4459498382e-01 -3.7515230940e-01  8.2056274321e-01  2.7941561779e-01  9.1660858824e-01  3.1135528146e-01 -1.9522047161e+00  1.3968922871e+00  7.2799785779e-01 -3.1888708668e+00  1.1587444696e+00 -1.2713096544e-01  4.9606130039e-01 -4.8594894189e+00 -1.9157383860e+00  1.5178793051e+00 -3.9692286534e+00  6.2066604648e-01  1.7862686862e+00 -1.4957959068e+00  5.4306573745e-01  2.8544874377e+00 -2.8396695048e+00 -9.7191757509e-01 -4.2665875873e-01 -5.7731103619e+00  4.3591051139e-01 -9.3505084415e-01 -3.3595682072e+00 -2.2704898093e-01 -8.2876884058e-01  1.6741418274e+00 -1.5739936824e-01 -1.7793085960e-02 -4.5156956668e+00 -2.0903800766e-01  1.8424671951e+00  1.5409153716e+00 -1.0674449658e+00  9.0985585283e-01  1.2565232675e-01 -1.5909393942e+00 -2.3519033185e+00 -5.5121603644e-01  1.7008631073e+00 -1.2392908458e+00  4.9359698186e-01  2.6037313090e+00  3.1495650061e+00 -6.1582960246e-01 -7.5948972685e-01  2.8937914153e+00  2.5944957724e-01  7.5963041065e-01  1.1212325246e+00 -7.3167233849e-01  2.3856935232e+00  2.5751355893e-01 -2.1787278216e+00  1.8414519171e+00 -7.1207628826e-01 -9.3906030234e-01 -4.1990709217e-02  7.5254003305e-01  1.4461769817e+00  1.1606973991e+00 -2.1034014833e+00  2.2811939381e+00  1.3600518631e+00 -3.0784501972e+00  2.4357850879e-01 -7.1801085500e-01 -3.3423643900e+00  1.9962858618e+00 -8.1416760918e-01 -4.0783921446e+00  1.0613388459e+00  5.0489557338e-01  1.4779142881e+00 -4.4134449511e+00 -2.0851593703e+00  5.3068613186e-01 -5.9427574980e+00 -2.0339197892e+00 -2.5608828530e-01 -4.4117386138e+00 -2.5656104644e+00  1.2461259187e+00 -3.9104804561e+00  1.6749039225e+00  2.2439688696e+00 -4.7717855423e+00  4.8350108184e-01
ENERGY -1.184549589769e+03

JOB 11
COORDS  2.1192006521e+00 -2.7448938922e+00  3.0335942614e-02  1.3582852116e+00  5.7896085159e-01 -7.1760523835e-01 -1.5286952274e+00  1.3556349232e-01  1.6092919609e+00  2.4030837980e+00 -3.2844619872e-01 -3.9668231908e-02  7.1276530170e-01 -1.2773476750e+00  1.5262986285e+00 -3.3434249881e-01 -4.1509684056e-01  8.3269225211e-01  2.8695997123e-01  8.7438286348e-01  3.1434750051e-01 -1.9437813799e+00  1.3555568718e+00  7.3197738465e-01 -3.1833389249e+00  1.1139560695e+00 -1.1786950132e-01  4.9554843997e-01 -4.8306435445e+00 -1.8966353477e+00  1.5390299237e+00 -4.0079586916e+00  6.5857150389e-01  1.7985355465e+00 -1.5332902375e+00  5.6057663332e-01  2.8817880835e+00 -2.8875820252e+00 -9.3453311071e-01 -3.4926804454e-01 -5.8581823237e+00  4.3419921327e-01 -9.4949666852e-01 -3.4380679010e+00 -1.2166401923e-01 -8.2289493827e-01  1.6267202360e+00 -1.5857173108e-01  4.6661130872e-03 -4.5628640552e+00 -1.6714793069e-01  1.8481226349e+00  1.4933388229e+00 -1.0687706424e+00  9.1841302169e-01  7.3185838237e-02 -1.5834361602e+00 -2.3407033614e+00 -5.8814744111e-01  1.7154726605e+00 -1.2282680385e+00  4.6252265032e-01  2.6115924658e+00  3.1596762343e+00 -6.5925810534e-01 -7.4801936437e-01  2.9031919971e+00  2.2557295097e-01  7.6531399870e-01  1.1330768680e+00 -7.5871795915e-01  2.3987851852e+00  2.7151061316e-01 -2.2111293247e+00  1.8636448663e+00 -7.0251609275e-01 -9.8520540676e-01 -2.5657366775e-02  7.5956312532e-01  1.4101615885e+00  1.1600577949e+00 -2.0921733179e+00  2.2436212539e+00  1.3594230849e+00 -3.0759716810e+00  1.9519452704e-01 -7.0372382557e-01 -3.3380304531e+00  1.9476981380e+00 -8.0925474582e-01 -4.0709506659e+00  1.0212889344e+00  5.1751438215e-01  1.5562758122e+00 -4.5990233810e+00 -2.0062841571e+00  2.8802877678e-01 -5.8760232501e+00 -2.1256697825e+00 -1.0520571533e-01 -4.1595292854e+00 -2.5103186809e+00  1.2668590075e+00 -3.9426416343e+00  1.7123826498e+00  2.2643277851e+00 -4.8113103508e+00  5.2474172768e-01
ENERGY -1.184549098127e+03

JOB 12
COORDS  2.0441445496e+00 -2.8522020794e+00  1.0164706485e-02  1.4678084723e+00  5.2753812494e-01 -6.6841338353e-01 -1.5231155696e+00  1.5884600415e-01  1.5375766266e+00  2.4416109410e+00 -4.4965550935e-01  1.8322933582e-02  6.5033018355e-01 -1.3585193757e+00  1.4927699162e+00 -3.2764779933e-01 -4.2658949728e-01  7.8865641266e-01  3.7335985183e-01  8.4523031886e-01  3.3215814780e-01 -1.8448186369e+00  1.4240684361e+00  6.8523840562e-01 -3.0644970673e+00  1.2723570505e+00 -2.1268025849e-01  3.7451752165e-01 -4.7058965105e+00 -2.0532502246e+00  1.3738213313e+00 -4.1007626628e+00  5.7522859127e-01  1.7571268739e+00 -1.6399026381e+00  5.5858222128e-01  2.8397475171e+00 -3.0077430190e+00 -9.2491684620e-01 -5.6095170476e-01 -5.8658716742e+00  1.6998501607e-01 -1.0788941060e+00 -3.3954531217e+00 -2.2223920817e-01 -6.8114073303e-01  1.6629703184e+00 -1.5847463985e-01 -1.5470711347e-01 -4.5410534069e+00 -3.2452391125e-01  2.0138557473e+00  1.4265190619e+00 -9.7330298648e-01  1.0370353844e+00  6.9662948825e-02 -1.5650179108e+00 -2.3722575604e+00 -5.2712667936e-01  1.5898911460e+00 -1.2465413633e+00  4.3980577720e-01  2.5604624742e+00  3.2072045514e+00 -7.9688581931e-01 -6.7228259832e-01  2.9378740111e+00  5.5603224586e-02  8.5710914326e-01  1.0626745998e+00 -8.8605667997e-01  2.3947780050e+00  1.5198629022e-01 -2.2784141239e+00  1.7855166460e+00 -6.9045782724e-01 -9.5312529394e-01 -9.9450240518e-02  8.3828887858e-01  1.3335680501e+00  1.2101920310e+00 -1.9696095568e+00  2.2996907219e+00  1.3349314900e+00 -2.9833927087e+00  3.6704725295e-01 -8.2320263430e-01 -3.1526265735e+00  2.1331567726e+00 -8.8224440683e-01 -3.9772699080e+00  1.2067059219e+00  3.8952611466e-01  1.4624647799e+00 -4.7727500055e+00 -2.0909380907e+00 -1.0125702863e-01 -5.6100943345e+00 -2.4340272132e+00  3.8871415675e-02 -3.8196850568e+00 -2.5912662339e+00  1.0659889450e+00 -4.0528423078e+00  1.6200763685e+00  2.0581702140e+00 -4.9386853318e+00  4.3954647670e-01
ENERGY -1.184549349972e+03

JOB 13
COORDS  2.0748182097e+00 -2.8649019191e+00  2.2107699181e-02  1.4729244694e+00  5.0887666746e-01 -6.6210248968e-01 -1.5127822845e+00  1.2300444947e-01  1.5481398703e+00  2.4546664290e+00 -4.5994439106e-01  2.5207918106e-02  6.7164644983e-01 -1.3785248609e+00  1.5041113010e+00 -3.1390259225e-01 -4.5528864541e-01  7.9913067231e-01  3.7736848846e-01  8.2060158189e-01  3.3916116573e-01 -1.8446479284e+00  1.3839983644e+00  6.9345095105e-01 -3.0639504352e+00  1.2212547839e+00 -2.0304866498e-01  4.1962480267e-01 -4.7047819102e+00 -2.0369404500e+00  1.4130479259e+00 -4.1169638152e+00  5.8953718154e-01  1.7795865547e+00 -1.6536093906e+00  5.6947049341e-01  2.8683619641e+00 -3.0163122187e+00 -9.1481495173e-01 -5.0272337875e-01 -5.8987331916e+00  1.6615326533e-01 -1.0519310153e+00 -3.4319699396e+00 -2.0208934283e-01 -6.8351299631e-01  1.6297823091e+00 -1.5182789746e-01 -1.1189062924e-01 -4.5633852253e+00 -3.1229569776e-01  2.0120333951e+00  1.4112036703e+00 -9.6945848690e-01  1.0442693706e+00  4.6332100415e-02 -1.5573594557e+00 -2.3568395782e+00 -5.6903003346e-01  1.6028319050e+00 -1.2371217547e+00  4.0812690292e-01  2.5701152240e+00  3.2214426561e+00 -8.0353698662e-01 -6.6597242030e-01  2.9489654692e+00  5.0755337626e-02  8.6184862995e-01  1.0811407237e+00 -9.0130381556e-01  2.4049173082e+00  1.8038664209e-01 -2.3014894843e+00  1.7992599362e+00 -6.7401744794e-01 -9.8634592478e-01 -8.7413460154e-02  8.3986041909e-01  1.3139375196e+00  1.2156840249e+00 -1.9753754086e+00  2.2600382961e+00  1.3414006575e+00 -2.9765773835e+00  3.1533351281e-01 -8.1179549202e-01 -3.1591809431e+00  2.0799943348e+00 -8.7428120093e-01 -3.9756595101e+00  1.1499522477e+00  4.0012427234e-01  1.4612607984e+00 -5.0246784340e+00 -2.0674002719e+00 -2.4422755069e-01 -5.4399665598e+00 -2.4939566787e+00  3.1950073393e-01 -3.7280061642e+00 -2.5090210634e+00  1.1053336242e+00 -4.0712620180e+00  1.6346077903e+00  2.1017282053e+00 -4.9510029165e+00  4.5268902457e-01
ENERGY -1.184550114824e+03

JOB 14
COORDS  2.0006247584e+00 -2.8226678363e+00 -7.9610348774e-03  1.4359597154e+00  5.5365611461e-01 -6.9331461063e-01 -1.5460674414e+00  2.0488143430e-01  1.5280672251e+00  2.4099028493e+00 -4.2314977504e-01 -6.1813146825e-03  6.2257541788e-01 -1.3193192180e+00  1.4809474193e+00 -3.5589282015e-01 -3.8802795792e-01  7.7658149993e-01  3.4701138946e-01  8.7939497121e-01  3.1073721345e-01 -1.8680272037e+00  1.4665010077e+00  6.7054934154e-01 -3.0914866084e+00  1.3130270718e+00 -2.2193166560e-01  3.2001942908e-01 -4.6773622501e+00 -2.0433116661e+00  1.3298765235e+00 -4.0664197910e+00  5.6674628899e-01  1.7246546696e+00 -1.6084082550e+00  5.4359257220e-01  2.7839283262e+00 -2.9830670091e+00 -9.5167093615e-01 -6.2327494042e-01 -5.8198948984e+00  1.7378369053e-01 -1.1220792032e+00 -3.3494679244e+00 -2.3525912804e-01 -7.0701222293e-01  1.6983136816e+00 -1.7883330777e-01 -2.0442788957e-01 -4.5007306877e+00 -3.2499256695e-01  1.9832277486e+00  1.4495665104e+00 -1.0050218861e+00  9.9965338786e-01  9.2933447720e-02 -1.5858060765e+00 -2.3970528255e+00 -4.7818328997e-01  1.5880272638e+00 -1.2637498225e+00  4.9042240881e-01  2.5481167687e+00  3.1712466403e+00 -7.7626737589e-01 -6.9858924624e-01  2.9115056288e+00  8.4814317374e-02  8.2773420725e-01  1.0399603424e+00 -8.4359042302e-01  2.3788980640e+00  1.2326963851e-01 -2.2364326584e+00  1.7810066907e+00 -7.2446302076e-01 -9.1780507451e-01 -1.0719554276e-01  8.1757341273e-01  1.3702796999e+00  1.1843561032e+00 -1.9882709520e+00  2.3457365544e+00  1.3161983316e+00 -3.0148503647e+00  4.0439637214e-01 -8.2806889639e-01 -3.1801196257e+00  2.1705757134e+00 -8.9559076250e-01 -4.0021136009e+00  1.2527062720e+00  3.8407948585e-01  1.2416131057e+00 -5.2583602068e+00 -2.0782850451e+00 -4.9781324137e-01 -5.1971604957e+00 -2.5453876878e+00  4.8205450565e-01 -3.6872099145e+00 -2.4671919614e+00  1.0284333799e+00 -4.0152459705e+00  1.6135337312e+00  2.0101129623e+00 -4.9073619330e+00  4.2906487473e-01
ENERGY -1.184550883176e+03

JOB 15
COORDS  1.9603248805e+00 -2.7242797279e+00 -6.0718258825e-02  1.4083791938e+00  6.5785045954e-01 -7.0514021464e-01 -1.5692673852e+00  2.9293231106e-01  1.5183291490e+00  2.3820005260e+00 -3.2676208251e-01 -2.8911042982e-02  5.9664973270e-01 -1.2344995995e+00  1.4526472546e+00 -3.8157234891e-01 -2.9476444776e-01  7.5888787571e-01  3.2270658244e-01  9.7608478046e-01  3.0478980106e-01 -1.8929734554e+00  1.5603516640e+00  6.7045308037e-01 -3.1136173809e+00  1.4096474542e+00 -2.2654815600e-01  3.1320106976e-01 -4.7203050735e+00 -2.0718680437e+00  1.2990324471e+00 -3.9744874756e+00  5.1040376324e-01  1.6970558064e+00 -1.5169284064e+00  5.1130881118e-01  2.7305702611e+00 -2.8739516051e+00 -1.0171442595e+00 -7.1799065517e-01 -5.6770740894e+00  1.9440044127e-01 -1.1045647097e+00 -3.2218831702e+00 -3.8820522979e-01 -7.3046937918e-01  1.8027106027e+00 -1.7378856019e-01 -2.3431435967e-01 -4.4128310045e+00 -3.8194807991e-01  1.9566029090e+00  1.5556863827e+00 -1.0096208780e+00  9.6922837660e-01  2.0575839725e-01 -1.6005066976e+00 -2.4208823236e+00 -3.8961643093e-01  1.5761506714e+00 -1.2836892990e+00  5.7142498944e-01  2.5394596975e+00  3.1415210634e+00 -6.7401466775e-01 -7.2620026384e-01  2.8855281751e+00  1.7243643746e-01  8.0910968305e-01  1.0160138598e+00 -7.6878909317e-01  2.3548816258e+00  9.6664563772e-02 -2.1538231328e+00  1.7452244152e+00 -7.5151174388e-01 -8.1553091425e-01 -1.2944217822e-01  7.9647542100e-01  1.4570373323e+00  1.1822295204e+00 -2.0180308607e+00  2.4340038985e+00  1.3226980588e+00 -3.0321909900e+00  5.0618655856e-01 -8.3971705846e-01 -3.2031956743e+00  2.2721774297e+00 -8.9368958962e-01 -4.0257412407e+00  1.3416257224e+00  3.7644237135e-01  1.0363854453e+00 -5.5362706187e+00 -2.0648765431e+00 -5.8699735811e-01 -5.0020257207e+00 -2.6213210233e+00  7.5856409302e-01 -3.8113614167e+00 -2.4742477587e+00  9.9677421029e-01 -3.9298018524e+00  1.5572426742e+00  1.9862465168e+00 -4.8100825386e+00  3.7199085215e-01
ENERGY -1.184551310061e+03

JOB 16
COORDS  1.9530527115e+00 -2.6674000792e+00 -1.2239617192e-01  1.3732129932e+00  7.1670580972e-01 -7.3159596877e-01 -1.5955036844e+00  3.0653008104e-01  1.4954869590e+00  2.3560911311e+00 -2.6755252681e-01 -6.8418087530e-02  5.8119667443e-01 -1.2040077476e+00  1.4078321048e+00 -4.0543373523e-01 -2.6387110596e-01  7.2665077360e-01  2.8867043856e-01  1.0169270090e+00  2.8508439902e-01 -1.9303330852e+00  1.5810090482e+00  6.6263785072e-01 -3.1520937695e+00  1.4314018646e+00 -2.3305630828e-01  3.4417233212e-01 -4.7690241781e+00 -2.1214803040e+00  1.3014065218e+00 -3.9274203724e+00  4.3911600272e-01  1.6815434663e+00 -1.4683143425e+00  4.6133426508e-01  2.7238515889e+00 -2.8022704160e+00 -1.0810639037e+00 -7.6561807168e-01 -5.5829349553e+00  1.7034937076e-01 -1.0583511249e+00 -3.1491205328e+00 -5.4093914672e-01 -7.7180728013e-01  1.8411630909e+00 -1.8156589151e-01 -2.2888630607e-01 -4.3663900306e+00 -4.5865074467e-01  1.9141620555e+00  1.6213571571e+00 -1.0288079732e+00  9.3419079398e-01  2.7003334685e-01 -1.6296374695e+00 -2.4423120131e+00 -3.8254478393e-01  1.5472259198e+00 -1.3099817804e+00  5.7546401352e-01  2.5192103354e+00  3.1159995996e+00 -6.0198436797e-01 -7.7149115227e-01  2.8584641719e+00  2.2655730563e-01  7.7335305878e-01  9.9913919651e-01 -7.4539843422e-01  2.3143963192e+00  8.9071828531e-02 -2.1302443839e+00  1.6921510108e+00 -7.7272677478e-01 -7.7723227383e-01 -1.6682723143e-01  7.6153800711e-01  1.4918675917e+00  1.1663003636e+00 -2.0600491803e+00  2.4463208789e+00  1.3250449548e+00 -3.0652897974e+00  5.3568431115e-01 -8.5675190176e-01 -3.2497855980e+00  2.3007704684e+00 -8.9010058653e-01 -4.0621953311e+00  1.3496666232e+00  3.7131464003e-01  8.2084117780e-01 -5.7493944942e+00 -2.0946890328e+00 -5.5442650485e-01 -4.7956827947e+00 -2.7408423223e+00  1.0346344348e+00 -3.9952089577e+00 -2.4572900334e+00  1.0016721872e+00 -3.8947149730e+00  1.4869307983e+00  1.9957123625e+00 -4.7561917437e+00  2.9260222458e-01
ENERGY -1.184551250479e+03

JOB 17
COORDS  1.9727113697e+00 -2.6733630506e+00 -9.9102086073e-02  1.3846960352e+00  7.0533787990e-01 -7.2214935697e-01 -1.5794147951e+00  2.9824438288e-01  1.5116502598e+00  2.3712429414e+00 -2.7291610024e-01 -5.5577530377e-02  6.0092330187e-01 -1.2071348715e+00  1.4279300064e+00 -3.8910990178e-01 -2.7282073119e-01  7.4366939269e-01  3.0090213715e-01  1.0076029354e+00  2.9471683300e-01 -1.9189950564e+00  1.5676499793e+00  6.7300635788e-01 -3.1416542333e+00  1.4102115944e+00 -2.2012360957e-01  3.6575592213e-01 -4.7820927037e+00 -2.0953597156e+00  1.3262349316e+00 -3.9329711626e+00  4.6852748968e-01  1.7006938542e+00 -1.4730065142e+00  4.8101425267e-01  2.7425378490e+00 -2.8097719784e+00 -1.0589749477e+00 -7.3186034058e-01 -5.6030077212e+00  2.0926432715e-01 -1.0371357042e+00 -3.1699463601e+00 -5.0152138203e-01 -7.6243351145e-01  1.8268298688e+00 -1.7419521933e-01 -2.0366838147e-01 -4.3853411792e+00 -4.2480463779e-01  1.9227536296e+00  1.6099899948e+00 -1.0245700345e+00  9.4575597614e-01  2.5295909455e-01 -1.6173574807e+00 -2.4242821354e+00 -3.9281602474e-01  1.5682762551e+00 -1.2928677391e+00  5.7304910779e-01  2.5335243369e+00  3.1310596301e+00 -6.0862512738e-01 -7.5812508660e-01  2.8733174021e+00  2.2647885583e-01  7.8319898945e-01  1.0190806950e+00 -7.4331627277e-01  2.3317039841e+00  1.1150311408e-01 -2.1333281534e+00  1.7168997711e+00 -7.5657037071e-01 -7.9166859598e-01 -1.4655625530e-01  7.7392624057e-01  1.4880096203e+00  1.1728900674e+00 -2.0501697467e+00  2.4358770679e+00  1.3312960907e+00 -3.0533013088e+00  5.1161991900e-01 -8.3945372790e-01 -3.2426975945e+00  2.2760097723e+00 -8.8136413988e-01 -4.0506431923e+00  1.3289977352e+00  3.8598593474e-01  6.0238473224e-01 -5.8457583171e+00 -2.1305894842e+00 -4.7372074179e-01 -4.5541560117e+00 -2.7545135578e+00  1.2296602487e+00 -4.1596969641e+00 -2.3332300693e+00  1.0259806283e+00 -3.8953835690e+00  1.5159670948e+00  2.0239691543e+00 -4.7598541021e+00  3.2730069983e-01
ENERGY -1.184550584937e+03

JOB 18
COORDS  1.9450315528e+00 -2.6265849153e+00 -1.6877137088e-01  1.3274843642e+00  7.5299637782e-01 -7.9134051867e-01 -1.6270389553e+00  3.2351940555e-01  1.4513451521e+00  2.3215349276e+00 -2.2212945945e-01 -1.3144469540e-01  5.6117161220e-01 -1.1694900571e+00  1.3565061498e+00 -4.3594067862e-01 -2.3866752635e-01  6.7803786312e-01  2.4537626916e-01  1.0466161110e+00  2.2975313765e-01 -1.9745494548e+00  1.5957442891e+00  6.1992113693e-01 -3.2028694815e+00  1.4400969718e+00 -2.6557705191e-01  3.3038779555e-01 -4.6796249984e+00 -2.1902805205e+00  1.3063696409e+00 -3.8904780112e+00  3.9723504441e-01  1.6587592226e+00 -1.4267006948e+00  4.0477569860e-01  2.7214816553e+00 -2.7591343612e+00 -1.1242709427e+00 -7.0458172714e-01 -5.6084849921e+00  1.0846315588e-01 -1.0899407434e+00 -3.1610246774e+00 -5.1143252502e-01 -8.2425179681e-01  1.8604681045e+00 -2.3399226040e-01 -2.2270066010e-01 -4.3551124057e+00 -4.9258755632e-01  1.8598566205e+00  1.6613055855e+00 -1.0928353782e+00  8.8786700472e-01  3.0129258602e-01 -1.6866057770e+00 -2.4683119885e+00 -3.7200335703e-01  1.5062573358e+00 -1.3396754928e+00  5.9439537099e-01  2.4740113474e+00  3.0798467905e+00 -5.5256392990e-01 -8.3810260887e-01  2.8252000632e+00  2.7772325332e-01  7.0615237233e-01  9.7988736737e-01 -7.0609909944e-01  2.2602867705e+00  7.6841067306e-02 -2.0989005515e+00  1.6431754958e+00 -8.0371978148e-01 -7.5740702977e-01 -2.1227580278e-01  7.1843299887e-01  1.5277153077e+00  1.1075143502e+00 -2.1026687604e+00  2.4609779047e+00  1.2827829507e+00 -3.1169136835e+00  5.4450025448e-01 -8.8958709827e-01 -3.3102099367e+00  2.3087093631e+00 -9.2212175571e-01 -4.1075137285e+00  1.3541627382e+00  3.4631560600e-01  3.3498570891e-01 -5.7596373389e+00 -2.3374289317e+00 -4.0204040667e-01 -4.2030860995e+00 -2.8431881529e+00  1.3177508151e+00 -4.2371538403e+00 -2.3338892256e+00  1.0055997635e+00 -3.8550409418e+00  1.4445885874e+00  2.0088666782e+00 -4.7129503207e+00  2.5514728261e-01
ENERGY -1.184549656981e+03

JOB 19
COORDS  1.9707671121e+00 -2.6826528048e+00 -1.2938658603e-01  1.3434076496e+00  6.8849391326e-01 -7.7875868805e-01 -1.6116367110e+00  2.6929429658e-01  1.4659927162e+00  2.3400661527e+00 -2.7717527433e-01 -1.0882680455e-01  5.8136891457e-01 -1.2178598777e+00  1.3851974157e+00 -4.1878521837e-01 -2.9668504850e-01  6.9812434839e-01  2.5854662238e-01  9.8670138756e-01  2.3815896017e-01 -1.9632121752e+00  1.5323007435e+00  6.2237449140e-01 -3.1907791781e+00  1.3643934741e+00 -2.6189914803e-01  3.0893391107e-01 -4.6299779196e+00 -2.1629144082e+00  1.3316258947e+00 -3.9445342771e+00  4.4098288571e-01  1.6801563756e+00 -1.4793375248e+00  4.3577321523e-01  2.7508023026e+00 -2.8192597984e+00 -1.0810786939e+00 -6.1465930440e-01 -5.7182024907e+00  1.1028095863e-01 -1.1197071883e+00 -3.2584003991e+00 -3.5902681369e-01 -8.1338611072e-01  1.7926704120e+00 -2.3384869100e-01 -2.0461375354e-01 -4.4138713804e+00 -4.3279764592e-01  1.8726026253e+00  1.5963211984e+00 -1.0872009691e+00  9.0721096980e-01  2.2777119775e-01 -1.6711953679e+00 -2.4503827740e+00 -4.2854648617e-01  1.5283700458e+00 -1.3242907878e+00  5.5121943505e-01  2.4856568969e+00  3.1016026646e+00 -6.1046628350e-01 -8.1069298208e-01  2.8395102176e+00  2.3169109776e-01  7.2581820681e-01  9.9873679184e-01 -7.4358802682e-01  2.2839282087e+00  1.0049824035e-01 -2.1462396268e+00  1.6806400008e+00 -7.8605146792e-01 -8.2450997922e-01 -1.8725752896e-01  7.2895224388e-01  1.4772385860e+00  1.1120785479e+00 -2.0943912948e+00  2.4035186653e+00  1.2767052064e+00 -3.1026026322e+00  4.6258823542e-01 -8.7659371119e-01 -3.3001092994e+00  2.2259919401e+00 -9.2730180775e-01 -4.0953678721e+00  1.2824517931e+00  3.5059882371e-01  8.3735951985e-02 -5.6612617956e+00 -2.4350407899e+00 -2.7231568525e-01 -3.9263618225e+00 -2.7589338194e+00  1.3746492051e+00 -4.4117220138e+00 -2.2497411262e+00  1.0406012828e+00 -3.9058351691e+00  1.4910418121e+00  2.0294342791e+00 -4.7694780003e+00  2.9267126338e-01
ENERGY -1.184549107383e+03

JOB 20
COORDS  1.9055585410e+00 -2.5758537507e+00 -1.7438604010e-01  1.2893924257e+00  7.9535629572e-01 -8.5829250121e-01 -1.6553752055e+00  4.1533478874e-01  1.4072629613e+00  2.2838546080e+00 -1.7096710386e-01 -1.8591490593e-01  5.2840185449e-01 -1.0856407029e+00  1.3277866874e+00 -4.7021505199e-01 -1.6487770022e-01  6.3823704295e-01  2.1208069325e-01  1.1098270550e+00  1.6178947976e-01 -2.0034277438e+00  1.6733694089e+00  5.5466769229e-01 -3.2387614846e+00  1.5070928318e+00 -3.1895149037e-01  2.0239230934e-01 -4.4485912128e+00 -2.1944631029e+00  1.2542964540e+00 -3.8260661917e+00  4.0904319681e-01  1.6188903661e+00 -1.3632729576e+00  3.7358456120e-01  2.6860609976e+00 -2.7301443364e+00 -1.1223234385e+00 -6.7611332091e-01 -5.6061973384e+00  5.3070717902e-02 -1.2212147766e+00 -3.1414407239e+00 -3.3755484299e-01 -8.5800084711e-01  1.9169896250e+00 -3.1241461891e-01 -2.9077722417e-01 -4.2804061383e+00 -4.5525314724e-01  1.8225278485e+00  1.6969012777e+00 -1.1781187476e+00  8.4485847369e-01  3.2977009103e-01 -1.7441476538e+00 -2.4979127831e+00 -2.7690964536e-01  1.4797534179e+00 -1.3611025097e+00  7.0398265923e-01  2.4230435320e+00  3.0385109485e+00 -5.1610321519e-01 -8.8952363443e-01  2.7924946581e+00  3.4225922843e-01  6.4051661388e-01  9.5472805733e-01 -6.0499321483e-01  2.2189416395e+00  4.3397832270e-02 -2.0078359533e+00  1.6353802486e+00 -8.4623001891e-01 -6.9854022048e-01 -2.4002565260e-01  6.9013854375e-01  1.6062558171e+00  1.0281529073e+00 -2.1228567110e+00  2.5514711887e+00  1.2020097026e+00 -3.1620809792e+00  5.9910544930e-01 -9.2606161732e-01 -3.3465642118e+00  2.3634813728e+00 -9.9128731628e-01 -4.1393175487e+00  1.4375037858e+00  3.0094714116e-01 -2.6398934668e-01 -5.3663267819e+00 -2.5544778549e+00 -1.5348842349e-01 -3.5721098967e+00 -2.7347307294e+00  1.2896912124e+00 -4.5132052344e+00 -2.2520997880e+00  9.7057505370e-01 -3.7767300715e+00  1.4607288027e+00  1.9402842014e+00 -4.6604249579e+00  2.6031538490e-01
ENERGY -1.184549339623e+03

JOB 21
COORDS  1.9388789552e+00 -2.5896335738e+00 -1.6245222407e-01  1.2961387875e+00  7.7544062734e-01 -8.4947917869e-01 -1.6429378171e+00  3.7518022559e-01  1.4200210635e+00  2.2991595039e+00 -1.8174330678e-01 -1.7668601586e-01  5.5307950574e-01 -1.1079474704e+00  1.3407092838e+00 -4.5390178367e-01 -1.9665595480e-01  6.5068374312e-01  2.1740816303e-01  1.0827439042e+00  1.7126833291e-01 -2.0021844674e+00  1.6288835101e+00  5.6569423426e-01 -3.2370237181e+00  1.4509708232e+00 -3.0633030283e-01  2.5344638571e-01 -4.4521026110e+00 -2.1786638810e+00  1.2979265553e+00 -3.8442699310e+00  4.2316309504e-01  1.6448213517e+00 -1.3783853197e+00  3.8592379360e-01  2.7158281874e+00 -2.7389168334e+00 -1.1134078202e+00 -6.1227569429e-01 -5.6425405016e+00  4.6872221771e-02 -1.1890818424e+00 -3.1815768174e+00 -3.1877543406e-01 -8.5969898924e-01  1.8804122853e+00 -3.0302448997e-01 -2.4246198301e-01 -4.3058231872e+00 -4.4414627613e-01  1.8214835540e+00  1.6808251097e+00 -1.1713522132e+00  8.5435372692e-01  3.0499229770e-01 -1.7341756050e+00 -2.4797277735e+00 -3.2379231687e-01  1.4945068899e+00 -1.3499672291e+00  6.6787404460e-01  2.4350173423e+00  3.0555563751e+00 -5.2208785605e-01 -8.8079694821e-01  2.8048898122e+00  3.3714727253e-01  6.4799341731e-01  9.7614256246e-01 -6.2235904412e-01  2.2307285309e+00  7.5962418947e-02 -2.0335483357e+00  1.6505036222e+00 -8.2667907700e-01 -7.3496327646e-01 -2.2615638717e-01  6.9243454583e-01  1.5844082205e+00  1.0362838028e+00 -2.1281036169e+00  2.5070720904e+00  1.2116814506e+00 -3.1534406378e+00  5.4269961534e-01 -9.1210130033e-01 -3.3526725002e+00  2.3053776815e+00 -9.7988110175e-01 -4.1363066440e+00  1.3748658520e+00  3.1465008093e-01 -4.1056556403e-01 -5.2029247577e+00 -2.6101316905e+00  1.4552924311e-01 -3.4822087324e+00 -2.6617907607e+00  1.2896585730e+00 -4.7881442796e+00 -2.2242121133e+00  1.0136003065e+00 -3.7973142084e+00  1.4748377421e+00  1.9894526097e+00 -4.6737537940e+00  2.7360860277e-01
ENERGY -1.184550139939e+03

JOB 22
COORDS  1.8395671941e+00 -2.5303269882e+00 -2.0327432756e-01  1.2465995272e+00  8.3989349024e-01 -8.9000283142e-01 -1.6867705543e+00  4.8684553579e-01  1.3942755786e+00  2.2394476293e+00 -1.2866758667e-01 -2.1848307017e-01  4.8810848033e-01 -1.0268872319e+00  1.3090617308e+00 -5.0934987499e-01 -1.0353655794e-01  6.2109586087e-01  1.7737210184e-01  1.1652094870e+00  1.3520373190e-01 -2.0332785696e+00  1.7422403253e+00  5.3726243414e-01 -3.2730305414e+00  1.5769183478e+00 -3.3030606531e-01  1.3724198113e-01 -4.4222550614e+00 -2.1945094921e+00  1.1891823717e+00 -3.7753554743e+00  3.9160021724e-01  1.5721261451e+00 -1.3151413754e+00  3.5064047268e-01  2.6005310691e+00 -2.6905255280e+00 -1.1650672703e+00 -7.6696772517e-01 -5.5375060165e+00  4.8089482785e-02 -1.2759914740e+00 -3.0717865328e+00 -3.7799837871e-01 -8.9055878996e-01  1.9769677712e+00 -3.3576116190e-01 -3.5841261165e-01 -4.2226841130e+00 -4.7061813105e-01  1.7827747355e+00  1.7369656078e+00 -1.2172935572e+00  7.9400848571e-01  3.7264289642e-01 -1.7708815101e+00 -2.5327210209e+00 -2.0029410056e-01  1.4754618013e+00 -1.3849080097e+00  7.7922006260e-01  2.4067770268e+00  2.9884883231e+00 -4.8086461427e-01 -9.2461809002e-01  2.7550885937e+00  3.8579577200e-01  6.0278813853e-01  9.2159766202e-01 -5.4526470109e-01  2.1961955021e+00 -2.4682165678e-04 -1.9450588315e+00  1.6236472747e+00 -8.9321548727e-01 -6.3906965065e-01 -2.5261953839e-01  6.6390875600e-01  1.6622643328e+00  9.9649195204e-01 -2.1463211955e+00  2.6238838001e+00  1.1809186271e+00 -3.2027351913e+00  6.6577060715e-01 -9.3341960325e-01 -3.3800081300e+00  2.4305555498e+00 -1.0062655077e+00 -4.1712600535e+00  1.5142144256e+00  2.9370742345e-01 -6.9294452804e-01 -4.9464173525e+00 -2.6718586164e+00  3.0986835387e-01 -3.4434084303e+00 -2.6388120072e+00  1.0418726455e+00 -5.0294430336e+00 -2.2334224635e+00  9.0641063247e-01 -3.7203168547e+00  1.4433198233e+00  1.8731751580e+00 -4.6121032415e+00  2.4643946111e-01
ENERGY -1.184550922797e+03

JOB 23
COORDS  1.8172242409e+00 -2.4361766433e+00 -2.5911925446e-01  1.2228964116e+00  9.3688042319e-01 -8.9954425393e-01 -1.7093773575e+00  5.4937976065e-01  1.3799252459e+00  2.2189561025e+00 -3.5838705327e-02 -2.3876559527e-01  4.6903095322e-01 -9.5711778836e-01  1.2774155427e+00 -5.3153060340e-01 -2.9893783109e-02  5.9842674920e-01  1.5291325159e-01  1.2463626707e+00  1.2936217251e-01 -2.0592237988e+00  1.8136866393e+00  5.3781516003e-01 -3.2963893386e+00  1.6527949707e+00 -3.3449389951e-01  1.5101001101e-01 -4.4841639192e+00 -2.2200665769e+00  1.1797810158e+00 -3.6917098813e+00  3.2878644557e-01  1.5559566913e+00 -1.2308152498e+00  3.1799690169e-01  2.5678511198e+00 -2.5804258543e+00 -1.2316776977e+00 -8.4473186759e-01 -5.3962215332e+00  8.0272620541e-02 -1.2390076129e+00 -2.9522070389e+00 -5.4232337230e-01 -9.1575785464e-01  2.0639312213e+00 -3.2977027798e-01 -3.6943372636e-01 -4.1437090529e+00 -5.2763161451e-01  1.7556513071e+00  1.8396096066e+00 -1.2166877790e+00  7.7256067460e-01  4.7702774920e-01 -1.7853801239e+00 -2.5545815177e+00 -1.3953614507e-01  1.4538440128e+00 -1.4064770213e+00  8.3023376579e-01  2.3953714202e+00  2.9679642798e+00 -3.7820699758e-01 -9.4972563374e-01  2.7337554765e+00  4.7077915228e-01  5.8783088984e-01  8.9868652384e-01 -4.8364307367e-01  2.1706830971e+00 -1.5231359602e-02 -1.8811691500e+00  1.5815060293e+00 -9.1314769505e-01 -5.5712018534e-01 -2.8092093068e-01  6.3852720492e-01  1.7317141652e+00  9.9799581290e-01 -2.1778474386e+00  2.6870504556e+00  1.1916572388e+00 -3.2187483908e+00  7.5097536459e-01 -9.5055867221e-01 -3.4077770680e+00  2.5152678381e+00 -9.9842171926e-01 -4.1954061295e+00  1.5752362707e+00  2.8676189299e-01 -7.6142001669e-01 -4.7576014135e+00 -2.7535326550e+00  6.0949599506e-01 -3.5905566966e+00 -2.6415408793e+00  8.5398899202e-01 -5.3176031424e+00 -2.2088972634e+00  9.0482094977e-01 -3.6498437441e+00  1.3831847882e+00  1.8712616500e+00 -4.5207165833e+00  1.7250039105e-01
ENERGY -1.184551327694e+03

