JOB 0
COORDS  6.8796046084e-01  6.3525678621e-01 -6.4222201377e-02  1.6332706738e+00  4.2746734066e-01 -5.7234182591e-01  2.2242548019e+00 -8.5739205144e-01 -2.2223178872e-02  1.2071875983e+00 -1.9163177881e+00 -1.8590010339e-03  3.5692910676e-01 -1.9324788699e+00  1.0268470776e+00 -3.3150043513e-01 -2.7862098580e+00  9.0664421850e-01  3.1405356730e-01 -1.1582944661e+00  1.9626008631e+00  1.3422520398e+00  1.8749957467e-01 -1.9848474601e+00  3.1163666937e-01  8.3487967471e-01 -2.5252822847e+00  2.4808424083e-01  5.6956152696e-01 -3.5934149843e+00 -4.6240908488e-01  1.5924731458e+00 -1.9706905351e+00  2.5025950812e+00  1.6828268455e+00 -3.9700639938e-01  3.6337178661e+00  1.8156842571e+00 -1.2330071829e+00  5.0451963322e+00  9.6083625693e-01 -8.9821162589e-01  6.1110140335e+00  1.6088824795e+00 -1.7276617640e+00  4.7164180060e+00 -5.0657303560e-01 -1.6566362957e+00  5.0566684992e+00  6.8117647397e-01  5.7564175261e-01  2.6043593433e+00 -6.9133404598e-01  9.8508747151e-01  3.0177031686e+00 -1.2366691340e+00 -6.5910418932e-01  2.7931780191e+00  1.7254124004e+00  6.6055005477e-01  1.8633049445e+00  2.5438131265e+00 -6.1775459118e-01  5.0198913254e+00 -4.0552238392e-01 -2.5730507622e+00
ENERGY -1.138824066745e+03

JOB 1
COORDS  8.4906625660e-01  7.6064434269e-01 -6.7104125972e-03  1.7354050659e+00  4.9345264419e-01 -5.8709422339e-01  2.2909179098e+00 -8.3399756665e-01 -1.0831563310e-01  1.2364016524e+00 -1.8543448060e+00 -8.3683648640e-02  4.1384850104e-01 -1.8625305808e+00  9.6754643756e-01 -3.0668078040e-01 -2.6896729317e+00  8.4878094667e-01  4.2201024294e-01 -1.1066352964e+00  1.9187102149e+00  1.3212043308e+00  2.9071905201e-01 -1.9784550172e+00  2.7379281109e-01  9.8085912040e-01 -2.4247787775e+00  1.1040245252e-01  7.2874359828e-01 -3.4857315396e+00 -4.2149185427e-01  1.7625624351e+00 -1.8031157070e+00  2.7209891353e+00  1.6632117451e+00 -4.8729859732e-01  3.8565855856e+00  1.5740004715e+00 -1.3240502313e+00  5.2372067233e+00  7.6902150600e-01 -7.8472885140e-01  6.3985949534e+00  1.4363642901e+00 -1.4559780008e+00  5.0351518185e+00 -7.1220497648e-01 -1.5541483203e+00  5.0590981295e+00  5.1899162149e-01  6.8474894492e-01  2.7265648098e+00 -7.2051238403e-01  8.8367394809e-01  3.0427131140e+00 -1.2217306210e+00 -7.9130814005e-01  3.0144705246e+00  1.7523016499e+00  5.6528525407e-01  2.1817054201e+00  2.5699721595e+00 -7.8258126051e-01  5.4850704429e+00 -6.3271485899e-01 -2.4105604417e+00
ENERGY -1.138825897832e+03

JOB 2
COORDS  8.6789189530e-01  8.6737626963e-01  1.8554583502e-02  1.7136248774e+00  5.8348060029e-01 -6.1117290978e-01  2.2904796830e+00 -7.4750929682e-01 -1.6886177755e-01  1.2533956426e+00 -1.7836448855e+00 -1.4294785676e-01  4.3982559391e-01 -1.8128221693e+00  9.1504072688e-01 -2.6641466994e-01 -2.6523499093e+00  7.9669721579e-01  4.4176348239e-01 -1.0624246851e+00  1.8701994194e+00  1.2130820614e+00  3.7969880523e-01 -1.9764075246e+00  1.3879669081e-01  1.0687793283e+00 -2.3554668900e+00 -9.5825868698e-02  8.1122736721e-01 -3.4018630059e+00 -5.1171815498e-01  1.8563115647e+00 -1.6939584259e+00  2.7404935860e+00  1.7186687065e+00 -5.9021235582e-01  3.8774808592e+00  1.4651260950e+00 -1.3906109962e+00  5.2699859579e+00  8.2533131449e-01 -6.7789255641e-01  6.4355123997e+00  1.6036511295e+00 -1.2095481793e+00  5.2879843110e+00 -6.6971285418e-01 -1.4354732159e+00  4.9520420675e+00  5.8634547084e-01  7.7058956539e-01  2.7521278514e+00 -6.4641300297e-01  8.1269219845e-01  3.0318902717e+00 -1.1122724383e+00 -8.7679946969e-01  3.0209759516e+00  1.8883006924e+00  4.5509014731e-01  2.2535302092e+00  2.6195873557e+00 -9.8064324671e-01  5.8524463820e+00 -5.7019298468e-01 -2.2187508891e+00
ENERGY -1.138825939337e+03

JOB 3
COORDS  1.0138840054e+00  7.3298715651e-01  1.8497711469e-01  1.8372541186e+00  4.3139392420e-01 -4.6517956384e-01  2.4038255703e+00 -9.1013234170e-01 -4.1112202029e-02  1.3571717712e+00 -1.9353311227e+00 -4.7179090869e-03  5.5631620952e-01 -1.9580894157e+00  1.0633632439e+00 -1.5797459337e-01 -2.7918750142e+00  9.5301608955e-01  5.7544728738e-01 -1.2075523426e+00  2.0179845673e+00  1.2986236785e+00  2.3790946617e-01 -1.8181337748e+00  2.2062325516e-01  9.3784155828e-01 -2.1659638692e+00 -4.4876432495e-02  6.8484739975e-01 -3.2061214807e+00 -4.0420773894e-01  1.7298214499e+00 -1.4854224414e+00  2.8983756878e+00  1.5340926731e+00 -4.7651110187e-01  4.0242866666e+00  1.1858583635e+00 -1.2560235573e+00  5.4355127652e+00  6.7586106536e-01 -4.7465430784e-01  6.5392519908e+00  1.6229125406e+00 -8.4284284547e-01  5.6748870708e+00 -7.3516265035e-01 -1.3349330837e+00  5.0456451482e+00  3.0406401502e-01  9.2837923692e-01  2.8907549304e+00 -8.2201462876e-01  9.2919841788e-01  3.1250758945e+00 -1.2756720602e+00 -7.6943421114e-01  3.1756307907e+00  1.7328740581e+00  5.6432624937e-01  2.4489853977e+00  2.4376927558e+00 -9.0491510591e-01  6.3128163905e+00 -5.2189865350e-01 -2.0345025594e+00
ENERGY -1.138825063950e+03

JOB 4
COORDS  8.9867463991e-01  9.1640121921e-01  3.5011905825e-03  1.6870745860e+00  5.5059655330e-01 -6.5674221549e-01  2.1872613420e+00 -8.0949209258e-01 -2.0988150505e-01  1.0860284275e+00 -1.7722704420e+00 -1.1983724974e-01  3.0925762305e-01 -1.7178674112e+00  9.6492022155e-01 -4.5254135592e-01 -2.5131130300e+00  8.9552212972e-01  3.9143209125e-01 -9.4104343135e-01  1.8947601234e+00  1.1054429405e+00  3.5403033167e-01 -1.9913424484e+00  5.6844249712e-02  1.1016080292e+00 -2.3308868254e+00 -2.4739946989e-01  8.3827468839e-01 -3.3577650549e+00 -5.0854643258e-01  1.9412112708e+00 -1.6556902530e+00  2.8103895273e+00  1.5866683061e+00 -7.2316059209e-01  3.8982202007e+00  1.1351610674e+00 -1.5044122779e+00  5.3286590495e+00  7.1393488133e-01 -7.0309620491e-01  6.3394755763e+00  1.8031507394e+00 -9.2056117720e-01  5.7440900762e+00 -5.6382508058e-01 -1.6862785585e+00  4.9278437905e+00  1.7826356149e-01  6.4292374423e-01  2.7081930339e+00 -7.2629663387e-01  7.4284714136e-01  2.8656699174e+00 -1.2320845311e+00 -9.4774652048e-01  3.1118715803e+00  1.8064499136e+00  3.0706195465e-01  2.4088639702e+00  2.5020408289e+00 -1.1742236858e+00  6.4011679462e+00 -2.1915961164e-01 -2.3116773932e+00
ENERGY -1.138824309366e+03

JOB 5
COORDS  6.9065417685e-01  1.1347748458e+00 -1.8052935441e-01  1.4521544401e+00  6.9455809082e-01 -8.2685634174e-01  1.8558816842e+00 -6.8226965177e-01 -3.3628723748e-01  6.8829707689e-01 -1.5600183586e+00 -2.1579072437e-01 -7.7201355288e-02 -1.4181414109e+00  8.6899550983e-01 -8.9438500105e-01 -2.1582964990e+00  8.2559187358e-01  6.5179529741e-02 -6.2207327985e-01  1.7750802870e+00  8.5927833427e-01  4.9776814566e-01 -2.1562463873e+00 -1.3723825220e-01  1.3030022990e+00 -2.5205257896e+00 -4.5726734839e-01  1.0304880765e+00 -3.5401635196e+00 -6.4626641489e-01  2.1975664121e+00 -1.8717212828e+00  2.6433429472e+00  1.6482510678e+00 -9.2376335008e-01  3.6945391195e+00  1.0977109445e+00 -1.6927410901e+00  5.1154940390e+00  7.0638471038e-01 -8.5830357516e-01  6.0249587822e+00  1.9029135303e+00 -8.6699041151e-01  5.6924545035e+00 -3.8447768449e-01 -1.9702801872e+00  4.6997860779e+00 -2.8272621389e-02  3.8489907348e-01  2.3837120154e+00 -6.0861261277e-01  6.1302584068e-01  2.5028080183e+00 -1.1746090092e+00 -1.0581158221e+00  2.9589530075e+00  1.8808493915e+00  1.0016819969e-01  2.3045012621e+00  2.5780380678e+00 -1.3965653779e+00  6.3288264467e+00  1.0257228123e-01 -2.5176393202e+00
ENERGY -1.138824013774e+03

JOB 6
COORDS  6.3110902851e-01  1.2132033231e+00 -3.0583937552e-01  1.3870508260e+00  7.2958850488e-01 -9.2755156150e-01  1.7398242922e+00 -6.4302183027e-01 -3.8809190659e-01  5.4219872686e-01 -1.4785187457e+00 -2.6029225136e-01 -2.3103227375e-01 -1.2829174903e+00  8.1023538337e-01 -1.0719640934e+00 -1.9964207048e+00  7.7600569038e-01 -7.2501808468e-02 -4.6856248057e-01  1.6974731677e+00  8.0522335009e-01  5.0876755328e-01 -2.2575998250e+00 -1.4600400210e-01  1.3454881156e+00 -2.6690162746e+00 -4.6329100932e-01  1.0485948815e+00 -3.6826633436e+00 -6.2121699649e-01  2.2875927009e+00 -2.0633155550e+00  2.6061207483e+00  1.6455136498e+00 -1.0390837961e+00  3.6459332297e+00  1.0487690524e+00 -1.7896284313e+00  5.0491671553e+00  6.7496941112e-01 -9.1585492759e-01  5.7936875446e+00  1.9546582871e+00 -6.5173863527e-01  5.8166002657e+00 -1.3959954604e-01 -2.1398160531e+00  4.6547193277e+00 -3.0081644666e-01  1.5526665026e-01  2.2496244493e+00 -5.5832813604e-01  5.6974802182e-01  2.3875737385e+00 -1.1779985779e+00 -1.0771799563e+00  2.9232582034e+00  1.9017190187e+00 -2.0508580387e-02  2.2959360671e+00  2.5742530509e+00 -1.5329670092e+00  6.3753463026e+00  5.1392249730e-01 -2.5901456846e+00
ENERGY -1.138823855495e+03

JOB 7
COORDS  6.7812454987e-01  1.2601801907e+00 -2.7437928571e-01  1.4055101869e+00  7.3118570848e-01 -8.9429446902e-01  1.7361931892e+00 -6.2410588330e-01 -2.9939198838e-01  5.2163814796e-01 -1.4258485447e+00 -1.2481967538e-01 -2.2842562844e-01 -1.1780956381e+00  9.5076901984e-01 -1.0879446298e+00 -1.8697665642e+00  9.5215373138e-01 -3.3699621503e-02 -3.4223022861e-01  1.8110007568e+00  7.8201280664e-01  4.6464933471e-01 -2.1951921810e+00 -1.2970869138e-01  1.3280844182e+00 -2.6382249184e+00 -4.8537301620e-01  9.9037927595e-01 -3.6259109906e+00 -5.3824859157e-01  2.3297102442e+00 -2.0810341377e+00  2.6366915992e+00  1.6202876208e+00 -1.0795031328e+00  3.6188680813e+00  1.0182129248e+00 -1.8988355278e+00  5.0323020110e+00  5.1004664103e-01 -1.1114658077e+00  5.6588277897e+00  1.7237567584e+00 -4.7986954436e-01  5.8776997939e+00  1.1832332684e-01 -2.4815481716e+00  4.7123599487e+00 -7.5046503399e-01 -3.6371335009e-01  2.2385878692e+00 -5.0341601396e-01  6.5902313246e-01  2.3816251052e+00 -1.2035336312e+00 -9.5352106975e-01  3.0294220795e+00  1.8775416936e+00 -8.7287071191e-02  2.3099794050e+00  2.5542094098e+00 -1.5520971701e+00  6.3320881333e+00  9.2847349719e-01 -2.7634839773e+00
ENERGY -1.138823737103e+03

JOB 8
COORDS  6.5933003458e-01  1.2918097203e+00 -6.0528241377e-01  1.3580722668e+00  7.2134340918e-01 -1.2222453215e+00  1.7227752380e+00 -5.8604686373e-01 -5.4566394428e-01  5.2198442095e-01 -1.3667865121e+00 -2.3870020966e-01 -1.5668307186e-01 -1.0445830585e+00  8.6406097800e-01 -1.0172714094e+00 -1.7274429749e+00  9.6445343373e-01  9.6827736720e-02 -1.5769905329e-01  1.6554472847e+00  6.7266954620e-01  3.6161729176e-01 -2.4664996506e+00 -2.4124010709e-01  1.2051016675e+00 -2.9408071464e+00 -6.4494864627e-01  7.9596010196e-01 -3.8817666550e+00 -6.0774500442e-01  2.2572043028e+00 -2.4507170124e+00  2.5710178771e+00  1.6071898982e+00 -1.5245405443e+00  3.4998128564e+00  1.0078260875e+00 -2.4039200740e+00  4.8766121250e+00  2.8257010816e-01 -1.7271906604e+00  5.4100223633e+00  1.2404846629e+00 -6.9422904238e-01  5.8255423230e+00  3.6004162479e-01 -3.0831269258e+00  4.5688166415e+00 -1.1594530768e+00 -1.4560763445e+00  2.2657666012e+00 -3.8177723900e-01  3.7778001262e-01  2.3411337691e+00 -1.2170839206e+00 -1.1813756777e+00  3.0455693028e+00  1.8881867685e+00 -5.7515010127e-01  2.1995977996e+00  2.5230780199e+00 -1.9984782408e+00  6.2174798953e+00  1.2481675506e+00 -3.0976533200e+00
ENERGY -1.138823948215e+03

JOB 9
COORDS  6.6597939038e-01  1.2659192916e+00 -5.6458098625e-01  1.4312946025e+00  7.5220261548e-01 -1.1513467661e+00  1.8848953368e+00 -5.1209723665e-01 -4.4646262297e-01  7.4233430709e-01 -1.3706960068e+00 -1.2599691568e-01  2.6683031078e-02 -1.0644331988e+00  9.5794193197e-01 -7.8137774832e-01 -1.8068107626e+00  1.0724211177e+00  2.0156048938e-01 -1.3472911976e-01  1.7206517039e+00  8.2144043999e-01  3.2258993771e-01 -2.4126610585e+00 -1.4069447112e-01  1.0830031723e+00 -2.9295409161e+00 -4.7809537605e-01  6.3178227779e-01 -3.8773531408e+00 -6.0684220559e-01  2.1082795480e+00 -2.4674312311e+00  2.5727971656e+00  1.7401674879e+00 -1.4151121594e+00  3.6070467030e+00  1.2242877378e+00 -2.2268234354e+00  4.9040405970e+00  4.2412639839e-01 -1.4810292908e+00  5.0632399364e+00  1.0494706650e+00 -1.1762353455e-01  6.1110581108e+00  9.7588883218e-01 -2.4745450519e+00  4.7470168946e+00 -1.0455263590e+00 -1.7195551048e+00  2.4146152277e+00 -2.5011332993e-01  4.7040530747e-01  2.5376006603e+00 -1.1147987369e+00 -1.0774588767e+00  2.9645140333e+00  2.0684828152e+00 -4.4400791701e-01  2.1467294846e+00  2.6059956357e+00 -1.9340916229e+00  6.3650624241e+00  1.8531917962e+00 -2.1449994476e+00
ENERGY -1.138824382777e+03

JOB 10
COORDS  5.7110035957e-01  1.1111194913e+00 -4.9344857806e-01  1.3205143151e+00  5.8201025423e-01 -1.0862719033e+00  1.7798587702e+00 -6.7755726048e-01 -3.7597172192e-01  6.4223908849e-01 -1.5343380807e+00 -3.4849625539e-02 -6.9102488765e-02 -1.2109219182e+00  1.0470662960e+00 -8.7058543428e-01 -1.9572686107e+00  1.1808093696e+00  1.0229271891e-01 -2.6415162783e-01  1.7889662033e+00  6.8289673551e-01  1.3911998076e-01 -2.3305245714e+00 -2.7673409654e-01  9.0500260176e-01 -2.8440743459e+00 -6.3847703879e-01  4.4165743764e-01 -3.7770059297e+00 -7.1844423611e-01  1.9457832248e+00 -2.3928068031e+00  2.4737435830e+00  1.5445861934e+00 -1.3871101396e+00  3.5076318653e+00  9.5653539141e-01 -2.1487210422e+00  4.7972957466e+00  2.0356356903e-01 -1.3473158463e+00  4.7307876026e+00  6.5885988080e-01  9.1278831630e-02  6.0632281248e+00  9.8658935111e-01 -2.0841371158e+00  4.8155527066e+00 -1.2258960376e+00 -1.7839707296e+00  2.3326525543e+00 -4.1244548990e-01  5.2552420231e-01  2.4120843057e+00 -1.2887125161e+00 -1.0194565780e+00  2.8517322101e+00  1.9162801070e+00 -4.2725661636e-01  2.0689428482e+00  2.3841995143e+00 -1.9631889640e+00  6.2241570959e+00  1.7944642507e+00 -1.5702343746e+00
ENERGY -1.138824361417e+03

JOB 11
COORDS  6.2348544796e-01  1.1451632252e+00 -4.9389115124e-01  1.3368442110e+00  5.8486838501e-01 -1.1017713985e+00  1.7865849563e+00 -6.7657636134e-01 -3.8912418822e-01  6.4207036547e-01 -1.5064860753e+00 -8.1772701713e-03 -3.8515246617e-02 -1.1513786314e+00  1.0838724553e+00 -8.4888722113e-01 -1.8815643007e+00  1.2494106479e+00  1.6512807169e-01 -1.9389141023e-01  1.8031699099e+00  6.4491931835e-01  1.4111358969e-01 -2.3172327664e+00 -3.1080351056e-01  9.2635200576e-01 -2.8093974047e+00 -7.1783376382e-01  4.5982765161e-01 -3.7218699806e+00 -7.0734544231e-01  1.9853470383e+00 -2.3590665646e+00  2.5121006639e+00  1.4994463590e+00 -1.4583276494e+00  3.5132279692e+00  8.3043412446e-01 -2.1966667242e+00  4.8558644474e+00  1.9021608221e-01 -1.3914014791e+00  4.6732097255e+00  5.0315260667e-01  7.6713559137e-02  6.0523083221e+00  1.2002237252e+00 -1.9605352404e+00  5.0728203802e+00 -1.1734334518e+00 -1.9586017183e+00  2.3784188389e+00 -4.1717055627e-01  4.8844844635e-01  2.3799724302e+00 -1.3072764676e+00 -1.0496311661e+00  2.9079427738e+00  1.9022602436e+00 -5.1895622566e-01  2.1280654176e+00  2.3238840968e+00 -2.0699633878e+00  6.1618119481e+00  1.8903493535e+00 -1.2868131361e+00
ENERGY -1.138824149305e+03

JOB 12
COORDS  5.0339638674e-01  1.0748253484e+00 -5.5690924964e-01  1.1673005733e+00  4.4576303977e-01 -1.1531396155e+00  1.5387366555e+00 -8.1951531616e-01 -4.0385560632e-01  3.4549552469e-01 -1.5517926407e+00  2.5162051920e-02 -2.8795320888e-01 -1.1102489009e+00  1.1143448022e+00 -1.1435100933e+00 -1.7755572824e+00  1.3208526274e+00 -4.6253499269e-03 -1.4375086178e-01  1.7932522974e+00  4.2921574967e-01  1.1441090973e-02 -2.3448877444e+00 -4.8029213911e-01  8.4326485381e-01 -2.8491295927e+00 -9.3041706496e-01  3.7745442819e-01 -3.7414566375e+00 -7.9894218969e-01  1.9392359249e+00 -2.4269008560e+00  2.3990292252e+00  1.2598397812e+00 -1.5553289877e+00  3.3413143175e+00  4.8242442213e-01 -2.2658008656e+00  4.7138177510e+00 -8.3251495285e-02 -1.4656441751e+00  4.4641021916e+00  7.3190655265e-02  1.8794777596e-02  5.8133165263e+00  1.1089185915e+00 -1.8702222974e+00  5.0858116643e+00 -1.3533948111e+00 -2.1534504151e+00  2.1715567975e+00 -5.7815146115e-01  4.4961056803e-01  2.0677323870e+00 -1.5119419221e+00 -1.0561020267e+00  2.8263089687e+00  1.6746430785e+00 -6.3526726972e-01  2.0706355475e+00  2.0841085701e+00 -2.1990082660e+00  5.9352876459e+00  1.6322823893e+00 -1.0622439264e+00
ENERGY -1.138824302889e+03

JOB 13
COORDS  4.5716192988e-01  1.0907471625e+00 -5.5982603004e-01  1.1109527846e+00  4.4023458876e-01 -1.1440688498e+00  1.4581599027e+00 -8.1802458887e-01 -3.7229281727e-01  2.4912478393e-01 -1.5115921947e+00  7.8201742826e-02 -3.6224742980e-01 -1.0352712752e+00  1.1655046236e+00 -1.2331313782e+00 -1.6739105305e+00  1.3912267251e+00 -4.6908640155e-02 -6.5436535680e-02  1.8252680131e+00  3.6733144521e-01 -1.2985398830e-03 -2.3297474204e+00 -5.3927479836e-01  8.3052034856e-01 -2.8401538129e+00 -9.9362354685e-01  3.5834298847e-01 -3.7269291886e+00 -8.5128737797e-01  1.9319131266e+00 -2.4277332606e+00  2.3541847168e+00  1.2276661705e+00 -1.5597147066e+00  3.2843213371e+00  4.2306608090e-01 -2.2576633868e+00  4.6979268883e+00 -3.0880127460e-02 -1.4677513463e+00  4.3921853446e+00 -1.2325052057e-01  1.1841140038e-02  5.5889234930e+00  1.3780925821e+00 -1.6423065750e+00  5.2872687424e+00 -1.1186793217e+00 -2.3000080585e+00  2.1057410363e+00 -5.7944125816e-01  4.7033238050e-01  1.9646998264e+00 -1.5350331846e+00 -1.0146108437e+00  2.7859324738e+00  1.6540589247e+00 -6.4700901272e-01  2.0398150342e+00  2.0490320005e+00 -2.2140129838e+00  5.7212488958e+00  1.7084868895e+00 -7.3982566573e-01
ENERGY -1.138824763808e+03

JOB 14
COORDS  5.3815591392e-01  1.0879179413e+00 -5.8650886313e-01  1.1614295208e+00  4.0598061090e-01 -1.1682750745e+00  1.4628365667e+00 -8.5801974678e-01 -3.8679361797e-01  2.2863605008e-01 -1.4885188801e+00  8.8506508042e-02 -3.3679321267e-01 -9.7790955046e-01  1.1850905040e+00 -1.2347132980e+00 -1.5701893355e+00  1.4302701649e+00  4.0382370941e-02 -2.3136239922e-02  1.8344192857e+00  3.9262829616e-01 -1.6255446109e-02 -2.3450734890e+00 -4.9644398139e-01  8.3965507762e-01 -2.8470240532e+00 -9.7304902354e-01  3.7884318737e-01 -3.7280534092e+00 -7.7360014556e-01  1.9496786347e+00 -2.4331250323e+00  2.4313647569e+00  1.1381978941e+00 -1.6014179547e+00  3.3262491823e+00  2.8547797916e-01 -2.2886659309e+00  4.7645471891e+00 -1.2067895054e-01 -1.5212759971e+00  4.4458831542e+00 -4.8082579014e-01 -8.6715202693e-02  5.4725379113e+00  1.3993906203e+00 -1.4455784637e+00  5.4965746106e+00 -9.9349764343e-01 -2.4834275334e+00  2.1331777912e+00 -6.4375007108e-01  4.4409542585e-01  1.9284274019e+00 -1.6039107767e+00 -1.0262165703e+00  2.8828606801e+00  1.5677107224e+00 -6.9983148770e-01  2.1483145506e+00  1.9629330652e+00 -2.2656801318e+00  5.6245609056e+00  1.5636232811e+00 -5.0172019074e-01
ENERGY -1.138824754863e+03

JOB 15
COORDS  3.6416190820e-01  1.1275206575e+00 -5.7706724590e-01  1.0038991502e+00  4.3527393856e-01 -1.1281412679e+00  1.3192939714e+00 -7.9505841207e-01 -2.9956569534e-01  9.0712398915e-02 -1.4237952698e+00  1.9187604536e-01 -4.7902383509e-01 -8.8811700843e-01  1.2739924974e+00 -1.3730220653e+00 -1.4794063977e+00  1.5349088137e+00 -1.0801781561e-01  8.6048832779e-02  1.8979578687e+00  2.5265800873e-01 -4.2077288745e-02 -2.2949989870e+00 -6.5146678349e-01  7.7749160397e-01 -2.8299735617e+00 -1.1111058214e+00  2.7848755318e-01 -3.6990856972e+00 -9.5606326447e-01  1.8935792827e+00 -2.4534058701e+00  2.2666746697e+00  1.1700624036e+00 -1.5780173632e+00  3.1833944381e+00  3.0218412357e-01 -2.2125609567e+00  4.6440102131e+00 -3.4374263399e-02 -1.4497956882e+00  4.3408183087e+00 -6.7617271452e-01 -1.1491724519e-01  5.1404054129e+00  1.5306541026e+00 -1.0966343143e+00  5.5125361142e+00 -6.3463404527e-01 -2.5030458168e+00  1.9776994750e+00 -5.4345530179e-01  5.2999066041e-01  1.8052315848e+00 -1.5559373628e+00 -9.0433664721e-01  2.7000979325e+00  1.6556308539e+00 -6.9645120973e-01  1.9789688886e+00  1.9589292732e+00 -2.2828724044e+00  5.2659861437e+00  1.5489221101e+00 -1.3487716232e-01
ENERGY -1.138823411580e+03

JOB 16
COORDS  3.4395666419e-01  1.1786068202e+00 -6.3258232851e-01  1.0354065367e+00  5.1281812011e-01 -1.1540600318e+00  1.4616469993e+00 -6.3176689004e-01 -2.5533317772e-01  2.9132639424e-01 -1.3474552844e+00  2.5769708226e-01 -3.2361429183e-01 -8.2770675315e-01  1.3223274318e+00 -1.1709792935e+00 -1.4778624718e+00  1.5974793293e+00 -2.9394038539e-02  1.8810913060e-01  1.9213100364e+00  3.1738995696e-01 -9.4597085116e-02 -2.2778885184e+00 -7.0136152855e-01  5.8279400395e-01 -2.8054397375e+00 -1.1180567477e+00 -1.0017996601e-03 -3.6425865752e+00 -1.1374838928e+00  1.6624278910e+00 -2.4521502994e+00  2.2166068662e+00  1.3356081292e+00 -1.6733154645e+00  3.1644055529e+00  5.5414308781e-01 -2.3648125345e+00  4.6535906261e+00  1.4781345461e-01 -1.6912395142e+00  4.4322136790e+00 -9.2978541694e-01 -6.5557103991e-01  4.9650411684e+00  1.5530937111e+00 -8.2269813786e-01  5.5937287057e+00  2.8503962971e-02 -2.8429551016e+00  2.0527633588e+00 -2.5636865394e-01  5.7848591761e-01  2.0546433583e+00 -1.3685592726e+00 -7.9053578747e-01  2.6650298797e+00  1.8667654482e+00 -8.2574635720e-01  1.8222171572e+00  2.0888539863e+00 -2.3661140393e+00  5.0834587726e+00  1.2636444037e+00  9.5687925901e-02
ENERGY -1.138821238099e+03

JOB 17
COORDS  4.6287569465e-01  1.3928894067e+00 -9.0850929622e-01  1.1898072970e+00  6.8190557334e-01 -1.3087255344e+00  1.5371049368e+00 -3.7163974650e-01 -2.7516954387e-01  3.3072614501e-01 -1.0481082638e+00  2.0217654976e-01 -3.6371228454e-01 -4.4924335653e-01  1.1722955406e+00 -1.2350588899e+00 -1.0757228839e+00  1.4260556184e+00 -1.0972513971e-01  6.0753128329e-01  1.7164834525e+00  5.6364061046e-01 -2.6902015166e-02 -2.4254922279e+00 -3.9791445619e-01  6.0131580020e-01 -3.1004011877e+00 -7.4885572190e-01 -5.7831757523e-02 -3.9112012362e+00 -8.4917689960e-01  1.7115178045e+00 -2.8889867611e+00  2.4168685477e+00  1.4569149086e+00 -1.8005983058e+00  3.3987526365e+00  6.3170689309e-01 -2.3814615034e+00  4.7650999051e+00  6.0367537182e-02 -1.5786644372e+00  4.4234979406e+00 -1.2626291410e+00 -9.3498824343e-01  4.8346846199e+00  1.1731408672e+00 -3.1648085595e-01  5.9089973839e+00  2.6613890546e-01 -2.5137974734e+00  2.0376738860e+00  1.0268149934e-01  5.6973633641e-01  2.1852399823e+00 -1.1467856701e+00 -6.8249077586e-01  2.8163848304e+00  2.0309788697e+00 -9.5676182043e-01  2.0772997070e+00  2.1639641954e+00 -2.5667110475e+00  4.8182306161e+00  6.3899685492e-01  4.9310558310e-01
ENERGY -1.138819630075e+03

JOB 18
COORDS  5.9454447946e-01  1.3724201060e+00 -8.5272749026e-01  1.3048873006e+00  6.7071903811e-01 -1.2958660016e+00  1.7387168957e+00 -3.7625592361e-01 -2.8782893660e-01  5.8562297569e-01 -1.0951205600e+00  2.5141776673e-01 -7.7554454923e-02 -5.2036482122e-01  1.2579904482e+00 -9.1152117320e-01 -1.1773346321e+00  1.5560838823e+00  1.6789430891e-01  5.4472301357e-01  1.7889956480e+00  6.2047882466e-01 -5.2883806704e-02 -2.3687936089e+00 -3.9295673235e-01  5.5662267787e-01 -2.9824544511e+00 -7.8438432358e-01 -1.1182781982e-01 -3.7667359483e+00 -8.4792510547e-01  1.6601897870e+00 -2.7463234490e+00  2.4973596798e+00  1.4467048847e+00 -1.8654427591e+00  3.4654170510e+00  5.9253401757e-01 -2.4248227913e+00  4.8988114554e+00  1.2549361154e-01 -1.6688285838e+00  4.7240979138e+00 -1.3014707566e+00 -1.2117745119e+00  4.8055501798e+00  1.0663360736e+00 -2.7185106662e-01  6.0194652504e+00  6.0845677612e-01 -2.5282301702e+00  2.2714848014e+00  1.1188749381e-01  5.2868621395e-01  2.3806984721e+00 -1.1312716824e+00 -7.4147131301e-01  2.9105674189e+00  2.0668744495e+00 -1.0626602122e+00  2.1226709539e+00  2.1074547760e+00 -2.6564205601e+00  4.8417572250e+00  4.3048067487e-01  4.5989660836e-01
ENERGY -1.138818312881e+03

JOB 19
COORDS  7.1815643725e-01  1.3040726986e+00 -8.5429280348e-01  1.4410353664e+00  5.9005600136e-01 -1.2542857762e+00  1.8434644324e+00 -4.3190310845e-01 -2.0784141756e-01  6.7913684310e-01 -1.1512784835e+00  3.0311085540e-01 -2.2216496752e-02 -5.6522740960e-01  1.2778019493e+00 -8.6095501281e-01 -1.2239901852e+00  1.5577349295e+00  1.9803782904e-01  5.0975389820e-01  1.7986982470e+00  7.9164858421e-01 -1.6101317879e-01 -2.3310241809e+00 -2.2634780832e-01  4.1693160557e-01 -2.9682269418e+00 -5.8846451346e-01 -2.6992312655e-01 -3.7507251086e+00 -7.1144744920e-01  1.5117168585e+00 -2.7533335095e+00  2.6614944093e+00  1.3366073861e+00 -1.8013181497e+00  3.6554045756e+00  4.3411441899e-01 -2.2232022548e+00  5.1158637718e+00  1.7623444732e-01 -1.4175146696e+00  5.1425904486e+00 -1.2799731761e+00 -1.0339776818e+00  4.8068307596e+00  1.0171523467e+00  1.4911872391e-02  6.1842894592e+00  8.8636213655e-01 -2.1819988904e+00  2.3476789959e+00  7.5946512557e-02  6.1412258380e-01  2.4999329297e+00 -1.1910788700e+00 -6.3105789570e-01  3.0208867061e+00  2.0129117065e+00 -1.0187225100e+00  2.3381517921e+00  1.9396354549e+00 -2.6590903872e+00  4.8708175479e+00  3.4466670204e-01  7.1131719979e-01
ENERGY -1.138817575023e+03

JOB 20
COORDS  6.0201813272e-01  1.3939759250e+00 -9.1596684148e-01  1.2905814340e+00  6.5213431359e-01 -1.3250455523e+00  1.6729856588e+00 -3.7953400243e-01 -2.8103610946e-01  4.9314332254e-01 -1.0493886194e+00  2.6038684060e-01 -1.6679112403e-01 -4.2585737995e-01  1.2418136458e+00 -1.0244134298e+00 -1.0490825265e+00  1.5448909909e+00  1.0473253326e-01  6.4517040742e-01  1.7453031779e+00  5.9590796175e-01 -7.9228515234e-02 -2.3872183847e+00 -4.3217709204e-01  5.1921515835e-01 -2.9890892402e+00 -8.2774058923e-01 -1.5616828377e-01 -3.7653436607e+00 -8.9380725907e-01  1.6192742278e+00 -2.7519095911e+00  2.5276450227e+00  1.3491969335e+00 -1.8950542350e+00  3.4769878864e+00  3.9956796063e-01 -2.3215442720e+00  5.0004048522e+00  2.5340980142e-01 -1.6092110835e+00  5.2242993434e+00 -1.2201571305e+00 -1.4105972286e+00  4.6532118491e+00  8.6651630414e-01 -7.0649651636e-02  5.9274063515e+00  1.2008543052e+00 -2.2990130674e+00  2.2230145193e+00  1.0813089746e-01  5.2321432688e-01  2.2792221762e+00 -1.1680985816e+00 -7.2361027227e-01  2.9233586559e+00  2.0149166363e+00 -1.1208363396e+00  2.2145666361e+00  1.9640114963e+00 -2.7487878009e+00  4.7773830307e+00  1.0859448755e-01  5.2244967604e-01
ENERGY -1.138818010286e+03

JOB 21
COORDS  6.3901151489e-01  1.3083627818e+00 -9.1864933622e-01  1.3343487523e+00  5.6308261651e-01 -1.3091023353e+00  1.7117655736e+00 -4.4803280490e-01 -2.4377650541e-01  5.2980890027e-01 -1.1046873204e+00  3.0944937521e-01 -1.3220888628e-01 -4.5879822486e-01  1.2757510858e+00 -9.9171522857e-01 -1.0741024556e+00  1.5895505871e+00  1.3973921680e-01  6.2217341452e-01  1.7562428251e+00  6.5283275151e-01 -1.8886187242e-01 -2.3658459154e+00 -3.9486087986e-01  3.7987406962e-01 -2.9636052443e+00 -7.7483030735e-01 -3.0789110581e-01 -3.7367800927e+00 -8.8618710528e-01  1.4667196739e+00 -2.7262499640e+00  2.5710583224e+00  1.2572137575e+00 -1.8777087563e+00  3.5318657130e+00  3.0146901701e-01 -2.2745784104e+00  5.0882848825e+00  3.6110951165e-01 -1.6241899543e+00  5.5774472731e+00 -1.0587044995e+00 -1.6080337401e+00  4.6986971953e+00  7.2145786762e-01 -1.5945117812e-02  5.7893967323e+00  1.5476306230e+00 -2.2041269754e+00  2.2691756769e+00  5.0240448020e-02  5.4882325714e-01  2.3100321860e+00 -1.2479686689e+00 -6.7536058699e-01  2.9549496031e+00  1.9379055313e+00 -1.1102687264e+00  2.2655758152e+00  1.8612198360e+00 -2.7420126273e+00  4.9019233370e+00 -9.4950085728e-02  4.6783627259e-01
ENERGY -1.138819641930e+03

JOB 22
COORDS  5.7895611941e-01  1.2319939446e+00 -9.1782437986e-01  1.3007339264e+00  5.0373695616e-01 -1.2918780788e+00  1.7021098731e+00 -4.7670032986e-01 -2.0705246580e-01  5.3484010442e-01 -1.1427258477e+00  3.6702726960e-01 -1.3823498844e-01 -4.8457139433e-01  1.3177460692e+00 -9.8338760571e-01 -1.1095471061e+00  1.6509604171e+00  1.1167393069e-01  6.1458934083e-01  1.7673796099e+00  6.5072851980e-01 -2.8786310016e-01 -2.3401996224e+00 -4.1854327798e-01  2.3026335759e-01 -2.9459211269e+00 -7.6802875668e-01 -4.8140951928e-01 -3.7118559253e+00 -9.5512081162e-01  1.2982175927e+00 -2.7217517478e+00  2.5145956556e+00  1.2312841990e+00 -1.8637797914e+00  3.5111874361e+00  3.0334128495e-01 -2.2473097099e+00  5.0676962129e+00  5.3992356019e-01 -1.6406151887e+00  5.7948097842e+00 -7.4891795972e-01 -1.8862536588e+00  4.7090524000e+00  5.6593591435e-01  1.2931734969e-02  5.5080103985e+00  1.9178577911e+00 -2.0220092976e+00  2.2614608746e+00  4.2734257853e-02  5.7037970878e-01  2.3074836536e+00 -1.2766095082e+00 -6.2781906876e-01  2.8755937193e+00  1.9338629584e+00 -1.1043604712e+00  2.1944582842e+00  1.8198024546e+00 -2.7331662419e+00  4.9885331711e+00 -3.0482600288e-01  3.3810663628e-01
ENERGY -1.138821490443e+03

JOB 23
COORDS  6.3649488097e-01  2.1064845257e+00 -1.3381703028e+00  1.1919713782e+00  1.1658319780e+00 -1.3215918930e+00  1.0566091262e+00  4.8686559404e-01  2.1911470778e-02 -3.5767414869e-01  5.4600944569e-01  3.9007887283e-01 -7.2654684942e-01 -1.5227318706e-01  1.4675906193e+00 -1.8108304111e+00 -2.1305491626e-02  1.6221705420e+00 -1.4998100703e-02 -8.2879118201e-01  2.1806999129e+00  5.6587134975e-01  2.6478959425e-01 -2.2965830692e+00 -1.1086979135e-01  8.1355316503e-01 -3.3066252788e+00 -5.0456581676e-01  7.3530587889e-03 -3.9472200845e+00 -2.9265204854e-01  1.9964837420e+00 -3.5219989891e+00  2.6483603974e+00  1.4298489929e+00 -1.6924068367e+00  3.4454838281e+00  2.8065579148e-01 -1.4779651866e+00  4.8123037877e+00  4.7544282775e-01 -4.9968927496e-01  5.4568592948e+00 -8.7570551918e-01 -4.4526205983e-01  4.0503237162e+00  7.2420756886e-01  9.8506677940e-01  5.4564765382e+00  1.7754659851e+00 -8.7090491587e-01  1.6577583289e+00  9.9802927550e-01  7.7533287241e-01  1.3787185181e+00 -5.5246137030e-01 -2.9888877148e-02  3.0043443359e+00  2.2827303583e+00 -1.1032418828e+00  2.6922376442e+00  1.7251863028e+00 -2.7485228054e+00  4.0115121430e+00 -1.4626202902e-01  1.4139879960e+00
ENERGY -1.138822619550e+03

