JOB 0
COORDS  1.7534779962e+00 -1.3112228555e+00 -1.8834698945e-01  8.8012317914e-01 -2.9827790923e-01  1.8538900335e+00  8.2955553192e-01 -5.0580753001e-01  4.7647238505e-01  2.7392425942e+00 -1.9316649476e+00  5.6992014246e-01  1.9320755016e+00 -8.6905079258e-01  2.5617996812e+00  2.8872921952e+00 -1.6691491401e+00  1.9328575894e+00 -1.4731500125e-01  1.2691779022e+00 -8.1972345595e-01 -2.4754719494e-01  2.5693279030e-02 -2.4816110180e-01  3.6515836137e+00 -2.7150708518e+00 -3.3000752737e-02  2.0649028486e+00 -6.2441399691e-01  3.8771381655e+00  4.0011365285e+00 -2.0286809488e+00  2.5861222154e+00  1.3854990312e-01  2.5764878034e+00  4.1011539555e-01 -1.7116038343e+00  1.5484732748e+00 -1.6314937371e+00  1.1946785740e+00  1.3604001407e+00 -2.0421315282e+00  1.6856495047e+00 -1.4960311462e+00 -1.2535153461e+00  1.4486071324e-01  3.1165881954e-01  2.3644393910e+00
ENERGY -2.023276685220e+03

JOB 1
COORDS  1.7848395247e+00 -1.3462371533e+00 -1.7902576744e-01  8.7184072636e-01 -3.2721764995e-01  1.8432103730e+00  8.5342101782e-01 -5.2913683874e-01  4.6393220265e-01  2.7112756222e+00 -2.0097971809e+00  6.1454742869e-01  1.9211468314e+00 -8.8172964247e-01  2.5696377733e+00  2.8857351293e+00 -1.6917174816e+00  1.9652023262e+00 -5.4817128544e-02  1.2764935207e+00 -8.3714258671e-01 -1.9057278710e-01  2.4292752133e-02 -2.9164701848e-01  3.6279281811e+00 -2.8065219821e+00  3.1641193025e-02  2.0658285305e+00 -5.7316313155e-01  3.8705369348e+00  4.0758863086e+00 -1.8459753121e+00  2.5667234108e+00  1.5370898288e-01  2.5652124651e+00  4.2803100958e-01 -1.5652952794e+00  1.5703919178e+00 -1.7401139419e+00  1.3614317072e+00  1.3838504402e+00 -1.9704354693e+00  1.7380807971e+00 -1.5379501367e+00 -1.2441176871e+00  1.3404945750e-01  2.9319058154e-01  2.3370658605e+00
ENERGY -2.023269506525e+03

JOB 2
COORDS  1.7922825368e+00 -1.3650414944e+00 -1.7485509183e-01  8.4762079314e-01 -3.7257863844e-01  1.8479782103e+00  8.5045697573e-01 -5.5317160358e-01  4.6531653937e-01  2.6703584038e+00 -2.0644669238e+00  6.3960831902e-01  1.9062737442e+00 -9.0883817840e-01  2.5774170539e+00  2.8872782255e+00 -1.7068572201e+00  1.9785516613e+00 -2.1191844371e-02  1.2784688673e+00 -8.2225632440e-01 -1.7660815462e-01  1.8931858408e-02 -2.9825445442e-01  3.5905808400e+00 -2.8644965333e+00  5.9903851551e-02  2.0681787994e+00 -5.5028777482e-01  3.8638529771e+00  4.1283046990e+00 -1.6486110888e+00  2.4968670638e+00  1.8052480196e-01  2.5449200345e+00  4.6547339859e-01 -1.5144892436e+00  1.6002661390e+00 -1.7437486235e+00  1.4136302700e+00  1.3878167709e+00 -1.9319693251e+00  1.7574153001e+00 -1.5578530623e+00 -1.2401668901e+00  1.0553141246e-01  2.4575019109e-01  2.3381502193e+00
ENERGY -2.023257784489e+03

JOB 3
COORDS  1.7833300351e+00 -1.3756318817e+00 -1.7785043791e-01  8.1733412086e-01 -4.1298092031e-01  1.8495109661e+00  8.3274098747e-01 -5.6832237050e-01  4.6423051681e-01  2.6163217165e+00 -2.1081115799e+00  6.5093214178e-01  1.8901839824e+00 -9.3031099462e-01  2.5764166833e+00  2.8872912494e+00 -1.7104038979e+00  1.9764008341e+00 -1.1750120409e-02  1.2885632249e+00 -8.0222908098e-01 -1.8197409190e-01  2.1338233412e-02 -3.0009804890e-01  3.5415813018e+00 -2.9108873879e+00  7.5329341314e-02  2.0753338992e+00 -5.2066485706e-01  3.8453330507e+00  4.1564097412e+00 -1.4486471393e+00  2.3608238461e+00  1.8312334124e-01  2.5316175024e+00  5.0830818526e-01 -1.4909382409e+00  1.6349231955e+00 -1.7368858195e+00  1.4378586279e+00  1.4029344123e+00 -1.8916517572e+00  1.7560553531e+00 -1.5666216867e+00 -1.2438113943e+00  7.3264784680e-02  2.0079576972e-01  2.3427071471e+00
ENERGY -2.023241744035e+03

JOB 4
COORDS  1.7940294183e+00 -1.3904238827e+00 -1.7552006819e-01  7.9549335466e-01 -4.6039804266e-01  1.8544029428e+00  8.3159670215e-01 -5.8766394763e-01  4.6629193515e-01  2.5795857513e+00 -2.1458143504e+00  6.7423563185e-01  1.8774068936e+00 -9.6271724520e-01  2.5834471818e+00  2.9014967214e+00 -1.7179337952e+00  1.9862447652e+00  1.9935766266e-02  1.2908777649e+00 -7.8740439281e-01 -1.6924727378e-01  2.0001638740e-02 -2.9980522832e-01  3.4999438103e+00 -2.9650026922e+00  1.0270055650e-01  2.0695192131e+00 -5.0988506534e-01  3.8366645439e+00  4.1453801024e+00 -1.2472073297e+00  2.2662555079e+00  2.2571656107e-01  2.5151903871e+00  5.3782049615e-01 -1.4494924886e+00  1.6667183172e+00 -1.7255565531e+00  1.4765436603e+00  1.3953824086e+00 -1.8685818475e+00  1.7749644982e+00 -1.5870727943e+00 -1.2405644390e+00  4.6611227228e-02  1.4912803952e-01  2.3459513615e+00
ENERGY -2.023221708442e+03

JOB 5
COORDS  1.8557007922e+00 -1.2890606970e+00 -2.1760434017e-01  1.0988491062e+00 -1.4824361847e-01  1.8101113648e+00  9.3705011167e-01 -4.6695150558e-01  4.6156274870e-01  3.0096288633e+00 -1.5723333174e+00  4.8828462526e-01  2.1017059979e+00 -8.0794477310e-01  2.5240674630e+00  3.0263781366e+00 -1.6652431821e+00  1.9020867188e+00 -2.6451138475e-01  1.1352463251e+00 -8.7420324274e-01 -2.2629824682e-01 -6.0326670178e-02 -1.9655414372e-01  3.9463165813e+00 -2.3303586889e+00 -1.3866380658e-01  2.0260262651e+00 -8.2440473889e-01  3.8682935914e+00  3.1030022373e+00 -2.8832243411e+00  2.5011241701e+00 -2.3007669863e-02  2.5542258909e+00  2.3317679019e-01 -1.8898635380e+00  1.2174088298e+00 -1.6033909949e+00  9.9349180474e-01  1.2325433060e+00 -2.1802108690e+00  1.7820099526e+00 -1.4995115581e+00 -1.2775092467e+00  3.6835416954e-01  4.5472846243e-01  2.3366185547e+00
ENERGY -2.023221993184e+03

JOB 6
COORDS  1.8304160028e+00 -1.2892701636e+00 -2.1171738843e-01  1.0603423800e+00 -1.7239135861e-01  1.8208596516e+00  9.1544217509e-01 -4.7095675405e-01  4.6640379145e-01  2.9742198901e+00 -1.6289970649e+00  4.9122101990e-01  2.0712956004e+00 -8.1966538361e-01  2.5303503520e+00  3.0049593183e+00 -1.6532142242e+00  1.9006823212e+00 -2.5308530164e-01  1.1605542598e+00 -8.6127724205e-01 -2.3688977207e-01 -4.5086372086e-02 -2.0246063522e-01  3.8933187111e+00 -2.4050896987e+00 -1.2907653362e-01  2.0356456692e+00 -8.0447098769e-01  3.8759632235e+00  3.2991703808e+00 -2.8021489798e+00  2.5498717486e+00 -6.8634597944e-03  2.5603994938e+00  2.7021403768e-01 -1.8691232813e+00  1.2743583112e+00 -1.6074263733e+00  1.0207598424e+00  1.2625238966e+00 -2.1516075445e+00  1.7470904065e+00 -1.5000859696e+00 -1.2709578934e+00  3.3052645629e-01  4.3140800155e-01  2.3470870230e+00
ENERGY -2.023242053864e+03

JOB 7
COORDS  1.8322038073e+00 -1.2798601943e+00 -2.8187769989e-01  1.0009373366e+00 -2.3919000798e-01  1.7662269086e+00  8.8977473285e-01 -5.0624742134e-01  4.0127690618e-01  2.9680872696e+00 -1.6483866191e+00  4.2517517573e-01  2.0404834140e+00 -8.4251387096e-01  2.4677112369e+00  3.0131521440e+00 -1.6192085089e+00  1.8261724436e+00 -2.9535613555e-01  1.1273489753e+00 -9.0762774399e-01 -2.6390118969e-01 -9.1024281068e-02 -2.7583559119e-01  3.9053265461e+00 -2.3897005404e+00 -2.0368643770e-01  2.0411213358e+00 -8.0078855056e-01  3.8122569065e+00  3.5400788892e+00 -2.6396714326e+00  2.5290549666e+00 -6.5188996696e-02  2.5074705864e+00  2.5179714398e-01 -1.9129899520e+00  1.2376991238e+00 -1.6516814273e+00  9.7635525970e-01  1.2729482731e+00 -2.1974524544e+00  1.7576290268e+00 -1.4775147739e+00 -1.3441868779e+00  2.4651805983e-01  3.3270669632e-01  2.2930572199e+00
ENERGY -2.023258070166e+03

JOB 8
COORDS  1.7934902326e+00 -1.2948154308e+00 -2.2014777574e-01  9.7919854434e-01 -2.3712029019e-01  1.8250531168e+00  8.7480930567e-01 -4.9248598329e-01  4.5825746191e-01  2.8950567838e+00 -1.7492597097e+00  4.9311574833e-01  2.0105231555e+00 -8.5166400379e-01  2.5274750952e+00  2.9627403291e+00 -1.6483338601e+00  1.8863005900e+00 -2.3170129045e-01  1.1961104012e+00 -8.5005214987e-01 -2.5382509350e-01 -2.9072466459e-02 -2.3150502409e-01  3.8057797360e+00 -2.5251306690e+00 -1.2605103529e-01  2.0498424771e+00 -7.5982243825e-01  3.8686137226e+00  3.6504696898e+00 -2.5445775209e+00  2.6118681214e+00  2.9816643222e-02  2.5557655152e+00  3.2736320569e-01 -1.8332143930e+00  1.3726366742e+00 -1.6162457643e+00  1.0634490643e+00  1.3092081402e+00 -2.1190880121e+00  1.7080392472e+00 -1.4915126735e+00 -1.2818919287e+00  2.4261981652e-01  3.6038739036e-01  2.3484773521e+00
ENERGY -2.023269721605e+03

JOB 9
COORDS  1.7821939393e+00 -1.3011616656e+00 -2.0930109530e-01  9.4901453512e-01 -2.6531107396e-01  1.8384366291e+00  8.6168692084e-01 -5.0203758236e-01  4.6743535161e-01  2.8528177341e+00 -1.8135007801e+00  5.1377183748e-01  1.9891591639e+00 -8.6456082912e-01  2.5397499306e+00  2.9433166512e+00 -1.6555319038e+00  1.8976744851e+00 -2.0868310873e-01  1.2152880841e+00 -8.3377970964e-01 -2.5298220280e-01 -1.7163881282e-02 -2.3174237231e-01  3.7629215272e+00 -2.5899537101e+00 -1.0129566303e-01  2.0634539325e+00 -7.2698297858e-01  3.8751203343e+00  3.8006488264e+00 -2.3917397684e+00  2.6186524182e+00  6.8833045072e-02  2.5565790080e+00  3.6095510537e-01 -1.8036019568e+00  1.4267723358e+00 -1.6051992133e+00  1.0939655749e+00  1.3239049362e+00 -2.0960881470e+00  1.6985148936e+00 -1.4919558092e+00 -1.2722799220e+00  2.1203386172e-01  3.3341075267e-01  2.3598021477e+00
ENERGY -2.023276800006e+03

JOB 10
COORDS  1.7565094034e+00 -1.2927911365e+00 -1.8830728199e-01  9.0812715726e-01 -2.6147931687e-01  1.8556797527e+00  8.4058392861e-01 -4.8318988022e-01  4.8127973208e-01  2.7812811505e+00 -1.8702017790e+00  5.5248091401e-01  1.9475760152e+00 -8.5529374164e-01  2.5623050442e+00  2.8954372674e+00 -1.6576713211e+00  1.9265868869e+00 -1.6335987446e-01  1.2712062800e+00 -8.2232806169e-01 -2.4968742755e-01  3.5117377258e-02 -2.3283495134e-01  3.6871154042e+00 -2.6574945261e+00 -5.3460962662e-02  2.0517164758e+00 -6.6642665785e-01  3.8893564874e+00  3.8897673868e+00 -2.2224372768e+00  2.6243396706e+00  1.3999268264e-01  2.5944305066e+00  3.8608393796e-01 -1.7425636751e+00  1.5353771838e+00 -1.6099045446e+00  1.1563787923e+00  1.3513614868e+00 -2.0693740304e+00  1.6796963808e+00 -1.4788871288e+00 -1.2526638158e+00  1.7614598154e-01  3.4911880209e-01  2.3701986492e+00
ENERGY -2.023279141669e+03

