JOB 0
COORDS  1.6707399124e+00 -1.2155391409e+00  5.3055322882e+00  1.7680523524e+00 -1.0770524117e+00  4.1035676699e+00  1.8438884845e+00 -1.1131068797e+00 -1.2333643323e-01  2.9284500161e+00 -1.6224469515e+00  6.0030470300e-01  7.9034998275e-01 -4.8509852727e-01  5.5176269535e-01  2.9372141961e+00 -1.5541046884e+00  1.9941068184e+00  8.3236606062e-01 -3.4442432240e-01  1.9389006440e+00  1.8737777892e+00 -9.3546580479e-01  2.6817044671e+00  1.5815610427e+00 -1.3449781780e+00  6.3632958572e+00  1.8183228010e+00 -1.2081128425e+00 -1.2056758968e+00  3.7522340818e+00 -2.1032124329e+00  7.9281081024e-02 -4.7737986380e-02 -7.5970617186e-02 -6.1919131283e-03  3.7437502968e+00 -2.0079408865e+00  2.5625012730e+00  1.2107341748e-02  1.3424107160e-01  2.4661562696e+00
ENERGY -3.084377293205e+02

JOB 1
COORDS  1.6194924810e+00 -1.3140624917e+00  5.2587588860e+00  1.7766533289e+00 -1.0535132071e+00  4.0832595472e+00  1.8012312661e+00 -1.1851422599e+00 -1.0000425857e-01  2.9294749318e+00 -1.6104495833e+00  6.1105709179e-01  7.7575089898e-01 -5.0364761200e-01  5.6873794885e-01  2.9863056802e+00 -1.4514126858e+00  1.9972728804e+00  9.0622147182e-01 -2.1154092373e-01  1.9254803660e+00  1.9450023747e+00 -7.9184643240e-01  2.6845203672e+00  1.4743546822e+00 -1.5585637578e+00  6.2897321602e+00  1.7187883036e+00 -1.3889918998e+00 -1.1643294980e+00  3.7357016967e+00 -2.1251777904e+00  9.4986092250e-02 -9.1563088294e-02 -1.4469056994e-01  2.1230981293e-02  3.7966602284e+00 -1.8982563469e+00  2.5660097550e+00  1.0211131522e-01  3.0249572811e-01  2.4453954093e+00
ENERGY -3.084310286612e+02

JOB 2
COORDS  1.5764198638e+00 -1.4141333102e+00  5.1832851662e+00  1.7835991237e+00 -1.0334139030e+00  4.0484794491e+00  1.7589569074e+00 -1.2593913684e+00 -6.0111393138e-02  2.9280282989e+00 -1.6019073825e+00  6.2962407859e-01  7.6122708537e-01 -5.2148482638e-01  5.9446729098e-01  3.0314319654e+00 -1.3508107428e+00  2.0008530976e+00  9.7783630968e-01 -8.6135047761e-02  1.8993579933e+00  2.0082312937e+00 -6.5431162955e-01  2.6852467106e+00  1.3849944105e+00 -1.7708830959e+00  6.1732025334e+00  1.6238489165e+00 -1.5700552431e+00 -1.0927354727e+00  3.7179331854e+00 -2.1501915527e+00  1.2287783768e-01 -1.3110066944e-01 -2.0547290686e-01  6.1231423164e-02  3.8461511302e+00 -1.7881973774e+00  2.5711026517e+00  1.9153021979e-01  4.6905827170e-01  2.4059189111e+00
ENERGY -3.084201697596e+02

JOB 3
COORDS  1.5187722351e+00 -1.5017723801e+00  5.0797289697e+00  1.7890716363e+00 -1.0153713149e+00  3.9992621690e+00  1.7162437232e+00 -1.3342311974e+00 -4.5813517034e-04  2.9299346809e+00 -1.5907412512e+00  6.4746241482e-01  7.4724744586e-01 -5.4457183324e-01  6.4290584978e-01  3.0877495971e+00 -1.2502690783e+00  1.9958342380e+00  1.0531384755e+00  2.5783476963e-02  1.8739902856e+00  2.0811152626e+00 -5.2817138790e-01  2.6846719077e+00  1.2693720528e+00 -1.9581047390e+00  6.0142439806e+00  1.5253272485e+00 -1.7472153224e+00 -9.8726360698e-01  3.7039737657e+00 -2.1665413028e+00  1.4669646907e-01 -1.7319866923e-01 -2.7182863871e-01  1.3426856765e-01  3.9114935089e+00 -1.6742502412e+00  2.5640499736e+00  2.8844305685e-01  6.1489729906e-01  2.3779805981e+00
ENERGY -3.084053973410e+02

JOB 4
COORDS  1.4999109358e+00 -1.5975187730e+00  4.9669127276e+00  1.8034524557e+00 -1.0014942194e+00  3.9515463340e+00  1.6813839628e+00 -1.4076142068e+00  8.6203920175e-02  2.9282392289e+00 -1.5899092365e+00  6.9502650299e-01  7.3871272763e-01 -5.5802977810e-01  6.9883644132e-01  3.1298292504e+00 -1.1538585203e+00  2.0119426146e+00  1.1191448869e+00  1.2863791574e-01  1.8441865753e+00  2.1364439838e+00 -3.9790243158e-01  2.6963221409e+00  1.2229066318e+00 -2.1559983994e+00  5.8357084269e+00  1.4465195535e+00 -1.9183909471e+00 -8.4365915739e-01  3.6866751744e+00 -2.2009965549e+00  2.1252096522e-01 -1.9882156737e-01 -3.1544813941e-01  2.0690894035e-01  3.9583321057e+00 -1.5646241386e+00  2.5836703459e+00  3.7084457418e-01  7.6351146402e-01  2.3194715800e+00
ENERGY -3.083869141699e+02

JOB 5
COORDS  2.0163821680e+00 -6.6162707585e-01  4.9968461763e+00  1.7016658806e+00 -1.1855127316e+00  3.9457291365e+00  2.0842551302e+00 -6.7755247351e-01  1.0953283510e-01  2.8873027995e+00 -1.6641781679e+00  6.9282951267e-01  8.4649767983e-01 -3.6273240925e-01  7.0499368276e-01  2.5907094823e+00 -2.1308777698e+00  1.9809521238e+00  4.3815455013e-01 -1.1055769525e+00  1.8047723189e+00  1.4030799942e+00 -1.7268682469e+00  2.6539953725e+00  2.3172610798e+00 -1.7283300778e-01  5.8990593900e+00  2.4157896166e+00 -1.6185650715e-01 -7.8759697006e-01  3.8216345247e+00 -1.9565314898e+00  2.2058166237e-01  1.5440949680e-01  3.2465389138e-01  2.2716264246e-01  3.3646033026e+00 -2.6405113656e+00  2.5496157603e+00 -5.1067630247e-01 -8.3408250511e-01  2.2683724134e+00
ENERGY -3.083869143403e+02

JOB 6
COORDS  1.9423330514e+00 -7.3404980326e-01  5.1042813529e+00  1.7045023287e+00 -1.1684913550e+00  3.9944368084e+00  2.0431485969e+00 -7.4169185245e-01  1.8504490965e-02  2.8902536875e+00 -1.6626894549e+00  6.4526239232e-01  8.4114590961e-01 -3.7438288056e-01  6.4836163507e-01  2.6502692505e+00 -2.0431922593e+00  1.9706203939e+00  4.8910751032e-01 -9.9662047609e-01  1.8414003303e+00  1.4840703176e+00 -1.6103622691e+00  2.6502101203e+00  2.1697755069e+00 -3.2607695473e-01  6.0663551827e+00  2.3169519239e+00 -3.1231559553e-01 -9.4142178426e-01  3.8035970749e+00 -1.9860144764e+00  1.5260051509e-01  1.3306485883e-01  2.8330178803e-01  1.5198193868e-01  3.4329434596e+00 -2.5415802044e+00  2.5364916628e+00 -4.3057447288e-01 -6.8845275675e-01  2.3364159719e+00
ENERGY -3.084053973761e+02

JOB 7
COORDS  1.8961037440e+00 -8.3432970495e-01  5.2017849475e+00  1.7156982050e+00 -1.1567265814e+00  4.0445606008e+00  2.0042629779e+00 -8.1470402506e-01 -4.5908747765e-02  2.8991520034e+00 -1.6542895445e+00  6.2792156733e-01  8.3041257119e-01 -3.9610332960e-01  5.9852618602e-01  2.7051626812e+00 -1.9423804710e+00  1.9819474532e+00  5.4289880244e-01 -8.7468898189e-01  1.8742526305e+00  1.5519146197e+00 -1.4816811090e+00  2.6588615221e+00  2.0686495885e+00 -5.3100763488e-01  6.2127614880e+00  2.2225515673e+00 -4.8467692650e-01 -1.0580899814e+00  3.7978244659e+00 -2.0053703606e+00  1.2743475727e-01  1.0141739456e-01  2.1602577997e-01  7.4773327287e-02  3.4943318262e+00 -2.4261288555e+00  2.5506819677e+00 -3.5968343833e-01 -5.3031384122e-01  2.3741234730e+00
ENERGY -3.084201698167e+02

JOB 8
COORDS  1.8324790640e+00 -9.2778201939e-01  5.2710901015e+00  1.7280039459e+00 -1.1418818907e+00  4.0804470497e+00  1.9651611213e+00 -8.8794319353e-01 -9.0553005417e-02  2.9076406885e+00 -1.6499696858e+00  6.0978639443e-01  8.2378316081e-01 -4.1662105410e-01  5.7154394805e-01  2.7662255244e+00 -1.8504895204e+00  1.9845281023e+00  6.0995304821e-01 -7.4872223629e-01  1.9083632136e+00  1.6344180407e+00 -1.3550120976e+00  2.6665516682e+00  1.9337428225e+00 -7.2534856355e-01  6.3163260615e+00  2.1221497114e+00 -6.5771346641e-01 -1.1410247294e+00  3.7869353219e+00 -2.0322160127e+00  9.7924761471e-02  7.2210596140e-02  1.5219008525e-01  3.0767537815e-02  3.5611090159e+00 -2.3254234107e+00  2.5523356042e+00 -2.6772884357e-01 -3.6808036939e-01  2.4240421669e+00
ENERGY -3.084310286879e+02

JOB 9
COORDS  1.7753366249e+00 -1.0258664654e+00  5.3115865623e+00  1.7426976677e+00 -1.1230484578e+00  4.1021000075e+00  1.9276851669e+00 -9.6119568668e-01 -1.1848932344e-01  2.9175655288e+00 -1.6421844941e+00  5.9966718205e-01  8.1633194879e-01 -4.3800457072e-01  5.5327170238e-01  2.8268781494e+00 -1.7541429135e+00  1.9877139873e+00  6.8243900701e-01 -6.1623745623e-01  1.9302292499e+00  1.7178239469e+00 -1.2182116604e+00  2.6726786883e+00  1.8085872156e+00 -9.3333652269e-01  6.3764357083e+00  2.0235357972e+00 -8.3608077351e-01 -1.1938021180e+00  3.7776771655e+00 -2.0570890984e+00  8.0741901174e-02  3.8241642034e-02  7.9895593352e-02 -1.2059525295e-03  3.6256329162e+00 -2.2220915218e+00  2.5556531537e+00 -1.7418346802e-01 -2.0349935104e-01  2.4553848092e+00
ENERGY -3.084377293171e+02

JOB 10
COORDS  1.7180229546e+00 -1.1185129170e+00  5.3257055765e+00  1.7554598345e+00 -1.1004249150e+00  4.1127540011e+00  1.8853000409e+00 -1.0366651413e+00 -1.2753743353e-01  2.9234921759e+00 -1.6325111188e+00  5.9783193727e-01  8.0404734326e-01 -4.6186943633e-01  5.5035922214e-01  2.8845015735e+00 -1.6555258083e+00  1.9922990009e+00  7.5795807728e-01 -4.8096159446e-01  1.9446550863e+00  1.7993807492e+00 -1.0789358751e+00  2.6808483007e+00  1.6851226686e+00 -1.1344233337e+00  6.3944174304e+00  1.9186139318e+00 -1.0203626731e+00 -1.2137025308e+00  3.7648141163e+00 -2.0799105695e+00  7.5132469277e-02 -4.1558403081e-03  1.8142576087e-03 -9.1207343622e-03  3.6877013125e+00 -2.1166953972e+00  2.5594505611e+00 -7.8819881918e-02 -3.6320236624e-02  2.4752719820e+00
ENERGY -3.084400050879e+02

