JOB 0
COORDS -2.7215866712e-01  2.9535737857e-01  1.1530205146e+00  2.2759373725e+00  1.9666136794e-01 -4.8440083380e-01 -1.2333998916e+00 -8.7015545614e-01  2.9687346777e+00 -3.1157562698e-01  5.1400192935e-01 -3.4724266243e-01  9.0954885208e-01 -3.9512994261e-02 -1.0888971188e+00  4.9044168315e-01  8.6287433663e-01  1.9119566019e+00 -1.1983153830e+00 -6.0192645554e-01  1.5490178537e+00  8.9092272229e-01  5.3057973587e-01 -2.3549913301e+00  7.2882779243e-01 -1.3994504491e+00 -1.2779296804e+00  3.0285037300e+00 -1.6909776850e-01 -1.1867849115e+00  2.4297035963e+00  1.2620406095e+00 -3.0411161870e-01  2.3739791415e+00 -3.3194900155e-01  4.6403340652e-01 -2.0306719120e+00 -1.5998716920e+00  3.1052410649e+00 -1.4469347998e+00  4.6947266753e-02  3.5221738109e+00 -2.7537817265e-01 -1.2769971037e+00  3.2999190297e+00 -1.2055246571e+00  7.1446088840e-02 -7.8763486082e-01 -3.2448563944e-01  1.5939759306e+00 -5.1262393346e-01
ENERGY -5.456221706443e+02

JOB 1
COORDS -4.0748289309e-01  4.9621016169e-01  1.0699012442e+00  2.0924964214e+00 -8.5886941565e-02 -2.7851839841e-01 -9.0897530831e-01 -9.2433062592e-01  2.8918013814e+00 -4.0435536229e-01  6.2632147494e-01 -4.4020748963e-01  8.2319459101e-01 -2.3434933147e-02 -1.1010265018e+00  6.3436078206e-03  1.3464098240e+00  1.8338830359e+00 -9.0550057349e-01 -6.9521866753e-01  1.4651138773e+00  1.0901583177e+00  6.9129221480e-01 -2.2599824109e+00  4.9096573125e-01 -1.3015427906e+00 -1.5101527859e+00  2.8969573643e+00 -4.7862386110e-01 -9.0405473516e-01  2.3594732918e+00  9.1018842647e-01  8.0141341049e-02  1.9526840350e+00 -7.4705590300e-01  5.7938065984e-01 -1.3283875005e+00 -1.9210774765e+00  3.0237699995e+00 -1.5243261198e+00 -1.7467822278e-01  3.3940537223e+00  1.0891278387e-01 -8.7697985057e-01  3.2857284366e+00 -1.3003293213e+00  1.8010402217e-01 -8.7487901910e-01 -3.7642294485e-01  1.6918527007e+00 -6.6907515054e-01
ENERGY -5.456204368184e+02

JOB 2
COORDS -4.5061124618e-01  5.3446294746e-01  1.0157153429e+00  2.0199698258e+00 -1.9706184946e-01 -2.3077231633e-01 -8.3654848179e-01 -8.5144384061e-01  2.8925236511e+00 -4.5237983197e-01  6.0111601121e-01 -4.9845700614e-01  8.3744304760e-01  4.8521004627e-02 -1.1430789808e+00 -1.1765244842e-01  1.4458424646e+00  1.7472682301e+00 -8.4673042179e-01 -6.8035634018e-01  1.4577339041e+00  1.2290962043e+00  9.4046406400e-01 -2.1293994464e+00  5.3273804915e-01 -1.1308979064e+00 -1.8020206906e+00  2.8654098019e+00 -5.3252675453e-01 -8.3516265695e-01  2.2885002441e+00  7.2300885916e-01  2.9245376865e-01  1.7742769772e+00 -9.6963502903e-01  5.0101817251e-01 -1.1713384810e+00 -1.8737908584e+00  3.0647008416e+00 -1.5147094917e+00 -1.3665436725e-01  3.3636448415e+00  1.7222416667e-01 -7.0246637311e-01  3.2847106420e+00 -1.2995125480e+00  4.7218222333e-02 -9.0503353907e-01 -5.3776525014e-01  1.6520356429e+00 -7.7393447842e-01
ENERGY -5.456187936340e+02

JOB 3
COORDS -9.7222963037e-01 -6.2640195518e-01  4.6706543994e-01  1.6388091629e+00 -9.7995962354e-01 -6.4226736118e-01 -8.2646072853e-01 -7.1670051628e-01  2.8256790547e+00 -6.8803769780e-01  2.1448529296e-01 -7.6150274371e-01  7.4540219805e-01  3.9209777704e-02 -1.3142189344e+00 -1.4310757882e+00 -1.7513909732e+00  4.4581227065e-01 -6.2885698654e-01  2.5217579260e-02  1.6014418416e+00  1.3754405882e+00  1.2740003267e+00 -1.2816788433e+00  6.4546884288e-01 -2.8203791773e-01 -2.6591873620e+00  2.6017367425e+00 -9.9542630331e-01 -1.1570978642e+00  1.7954070978e+00 -7.0755588171e-01  4.0383434628e-01  1.1825096218e+00 -1.9705227991e+00 -6.9403953996e-01 -4.9805756999e-01 -5.1664832105e-02  3.6237078364e+00 -2.3061606815e-01 -1.6323391740e+00  2.8138963827e+00 -1.8807813451e+00 -9.7514686096e-01  2.9454156996e+00 -1.3861169282e+00 -9.5055433905e-02 -1.5390038543e+00 -8.3677324877e-01  1.2711709110e+00 -5.3784937417e-01
ENERGY -5.456182273462e+02

JOB 4
COORDS -1.0219919046e+00 -6.0470896566e-01  4.4449895211e-01  1.5581434667e+00 -1.0414759597e+00 -7.5741524258e-01 -8.7339012816e-01 -5.8425868328e-01  2.8042930173e+00 -7.4947197106e-01  1.7972648702e-01 -8.2326380735e-01  7.1807044132e-01  9.7601305126e-02 -1.2894562060e+00 -1.4649159391e+00 -1.7361612946e+00  4.7373017302e-01 -6.8699662026e-01  1.0209348600e-01  1.5465490681e+00  1.3424243628e+00  1.2986306959e+00 -9.9416600403e-01  7.0601389509e-01  2.9563110267e-02 -2.6757248459e+00  2.5394540756e+00 -1.0081204634e+00 -1.2353446413e+00  1.6826741399e+00 -9.4172544680e-01  3.2298185455e-01  1.0773958403e+00 -1.9971504463e+00 -9.7654846728e-01 -5.4982169047e-01  1.2051189268e-01  3.5694710219e+00 -2.6794665717e-01 -1.4932084201e+00  2.8334171605e+00 -1.9246157869e+00 -8.4792416478e-01  2.9393618827e+00 -1.3715264687e+00 -2.5212998060e-01 -1.6072423399e+00 -1.0028615630e+00  1.2322345246e+00 -6.9056867711e-01
ENERGY -5.456194430774e+02

JOB 5
COORDS -8.2263814025e-01 -6.7215808021e-01  5.8568577289e-01  1.6333263196e+00 -1.1732093713e+00 -9.9608260558e-01 -1.0007961602e+00 -5.0583412886e-01  2.9359678682e+00 -6.2990535407e-01  9.6206715403e-02 -7.0698633924e-01  8.1722506329e-01  7.9232418711e-02 -1.2192873405e+00 -9.3950943090e-01 -1.8809038612e+00  6.5368774062e-01 -8.3880747193e-01  1.4764892775e-01  1.6571979902e+00  1.4876832722e+00  1.1651414660e+00 -6.7957531496e-01  7.5712969862e-01  3.3541109593e-01 -2.5832945676e+00  2.5883606050e+00 -1.0616611074e+00 -1.5140841565e+00  1.8164873913e+00 -1.3220191752e+00  6.9528773288e-02  1.1022944204e+00 -2.0446573036e+00 -1.3830040714e+00 -9.9064919718e-01  2.9576892041e-01  3.6735860658e+00 -1.7896447208e-01 -1.2037358657e+00  3.1111714704e+00 -1.9477661130e+00 -1.0492702849e+00  2.9658465085e+00 -1.2441166184e+00 -3.9576932461e-01 -1.4633633554e+00 -9.4037700435e-01  1.1363124373e+00 -6.0313714894e-01
ENERGY -5.456211888656e+02

JOB 6
COORDS -5.8577654111e-01 -6.4196418962e-01  7.2702510877e-01  1.6553294028e+00 -1.2280624583e+00 -1.3321533323e+00 -1.1718098867e+00 -4.1194656942e-01  3.0033133687e+00 -4.9840125153e-01  6.8494584372e-02 -6.1070021724e-01  9.0148881511e-01  7.6743236880e-02 -1.2267274351e+00 -3.1130937283e-01 -1.8127456975e+00  9.1086610416e-01 -1.0351453496e+00  1.8430704813e-01  1.6936723061e+00  1.6712258167e+00  9.9942760127e-01 -5.3374291399e-01  7.5553984981e-01  6.0911811714e-01 -2.5027847980e+00  2.5887430479e+00 -1.0420725151e+00 -1.8685713284e+00  1.8691492755e+00 -1.6287174898e+00 -3.4182034313e-01  1.0599915162e+00 -1.9605632582e+00 -1.8809654397e+00 -1.5464175937e+00  3.8443550496e-01  3.6453753418e+00 -2.0293807484e-01 -7.7112763792e-01  3.3569643770e+00 -1.8757811104e+00 -1.2463144255e+00  2.9680917806e+00 -1.1564735783e+00 -4.6437573046e-01 -1.3030209080e+00 -8.3701024157e-01  1.1013331269e+00 -5.2663745000e-01
ENERGY -5.456229265059e+02

JOB 7
COORDS -5.2968105689e-01 -6.3514186817e-01  8.2264808560e-01  1.6496212276e+00 -1.2531366219e+00 -1.4071861416e+00 -1.1945178425e+00 -3.2105660841e-01  3.0660173115e+00 -4.6232099245e-01  2.9223657082e-03 -5.5306288329e-01  9.5725128406e-01  5.8158504571e-02 -1.1172089897e+00 -1.5456528908e-01 -1.7619764340e+00  1.0866919220e+00 -1.0814326574e+00  2.0235782403e-01  1.7232894474e+00  1.7374344791e+00  8.0638893054e-01 -2.4849487753e-01  8.8798399137e-01  7.9798025516e-01 -2.2898536203e+00  2.6436291422e+00 -1.0429657293e+00 -1.8088617847e+00  1.7309103581e+00 -1.8450270024e+00 -4.9556083466e-01  1.0755361500e+00 -1.8183716566e+00 -2.1451360839e+00 -1.6580765565e+00  4.7491351315e-01  3.6477138283e+00 -2.0516193833e-01 -5.6328214889e-01  3.4598538467e+00 -1.8162075425e+00 -1.2190896360e+00  3.0715285436e+00 -1.0791925731e+00 -5.9039690973e-01 -1.2337804667e+00 -8.5338567381e-01  1.0203500490e+00 -5.1939779403e-01
ENERGY -5.456237983880e+02

JOB 8
COORDS -5.7619982175e-01 -6.5662736181e-01  8.4121883501e-01  1.6266898669e+00 -1.2209938558e+00 -1.4883245368e+00 -1.1643235987e+00 -2.1143748279e-01  3.0820897264e+00 -5.0377253060e-01 -8.8149205024e-02 -5.6421267130e-01  9.4720700537e-01  5.1747060069e-02 -1.0364910768e+00 -2.1910018871e-01 -1.7783881036e+00  1.1486783465e+00 -1.0885110648e+00  2.3628614321e-01  1.7097864089e+00  1.6912397437e+00  6.1248932616e-01 -8.3568413788e-03  9.6475298572e-01  9.7316460389e-01 -2.0690214840e+00  2.6651684919e+00 -1.0010686249e+00 -1.7464465203e+00  1.5916336511e+00 -1.9592636332e+00 -6.8525398584e-01  1.1146676214e+00 -1.6220751610e+00 -2.3663802989e+00 -1.5957010154e+00  6.2275853333e-01  3.6342542574e+00 -1.6565837666e-01 -4.4838997401e-01  3.4550784470e+00 -1.7989674897e+00 -1.0971697439e+00  3.1574017304e+00 -1.0368728977e+00 -7.5745104302e-01 -1.2433465361e+00 -9.6924898947e-01  8.9784594894e-01 -5.9415598281e-01
ENERGY -5.456230245099e+02

JOB 9
COORDS -6.2999751949e-01 -7.4826455625e-01  8.6437139980e-01  1.6682102954e+00 -1.2361884605e+00 -1.5662767072e+00 -1.1788041379e+00 -1.2839897277e-01  3.0724875385e+00 -4.9933775745e-01 -2.6788051614e-01 -5.6884592889e-01  9.7610783501e-01 -4.3714739148e-02 -9.4426236820e-01 -3.5061360925e-01 -1.8724797515e+00  1.2352831027e+00 -1.0851327322e+00  2.2641659937e-01  1.6746464008e+00  1.6837999475e+00  3.2227925687e-01  1.9140007735e-01  1.0470182900e+00  1.0340974743e+00 -1.8063571555e+00  2.7203139560e+00 -9.9760554891e-01 -1.7378529135e+00  1.5908156650e+00 -2.0905291954e+00 -8.8969642779e-01  1.1944227958e+00 -1.4873541106e+00 -2.5184069397e+00 -1.5512810387e+00  7.6487770875e-01  3.5727388644e+00 -1.9427532685e-01 -4.0538614190e-01  3.4553843342e+00 -1.8684956017e+00 -9.6475278222e-01  3.2061496680e+00 -9.3296721799e-01 -1.0179508685e+00 -1.2322230613e+00 -1.0312924560e+00  6.7610651018e-01 -6.9455590464e-01
ENERGY -5.456207091917e+02

JOB 10
COORDS -6.7754842933e-01 -7.9847857329e-01  9.0288754546e-01  1.6802672735e+00 -1.0854259771e+00 -1.7239737752e+00 -1.1418797724e+00 -2.7380722667e-02  3.0830343981e+00 -5.0629453249e-01 -3.9136391382e-01 -5.4895940395e-01  9.6414133686e-01 -5.3729174510e-02 -8.8035402304e-01 -5.0595200151e-01 -1.9266635072e+00  1.3217075543e+00 -1.0354089795e+00  2.5024180116e-01  1.6691944399e+00  1.6814525849e+00  1.1709319622e-01  2.9324887516e-01  1.0011248973e+00  1.1686280396e+00 -1.5270181899e+00  2.7143497062e+00 -7.7145344386e-01 -1.8829372086e+00  1.6664276444e+00 -2.0483660244e+00 -1.2074608543e+00  1.1812173384e+00 -1.1893311147e+00 -2.6906641191e+00 -1.4235635547e+00  9.1921281771e-01  3.5430484521e+00 -1.8171011998e-01 -3.7563797795e-01  3.4697329542e+00 -1.9036976306e+00 -7.8897542805e-01  3.2639575206e+00 -8.4171009606e-01 -1.2179333366e+00 -1.1759851078e+00 -1.1120026003e+00  4.9088047936e-01 -7.5990613102e-01
ENERGY -5.456183881528e+02

JOB 11
COORDS -7.7063142728e-01 -8.6481164743e-01  8.9320541112e-01  1.6702428185e+00 -9.8444862113e-01 -1.8630081837e+00 -1.2020222047e+00  5.9183600525e-02  3.0209624374e+00 -5.1620778029e-01 -5.4642367816e-01 -5.6904691797e-01  9.4942477466e-01 -1.3649211272e-01 -8.3844039621e-01 -7.3737965908e-01 -1.9835150104e+00  1.3657650054e+00 -1.0338716084e+00  2.5251057496e-01  1.5994448237e+00  1.6735335783e+00 -1.6346648285e-01  3.4248426198e-01  9.7113180348e-01  1.1848040081e+00 -1.2529021349e+00  2.6866575063e+00 -6.0702312016e-01 -1.9955826667e+00  1.7089401712e+00 -2.0208210402e+00 -1.5189614579e+00  1.1422857034e+00 -9.4318513172e-01 -2.8191443553e+00 -1.3874404691e+00  1.0526201760e+00  3.4280892977e+00 -2.9513171328e-01 -3.7210362423e-01  3.4503542366e+00 -2.0473176977e+00 -6.0445455681e-01  3.2166341894e+00 -7.5733249000e-01 -1.4410637812e+00 -1.1435346253e+00 -1.1595041350e+00  2.7294244435e-01 -8.9260802160e-01
ENERGY -5.456175146212e+02

JOB 12
COORDS -7.8756913448e-01 -9.0596334732e-01  9.5327260588e-01  1.6691180653e+00 -8.7182929049e-01 -1.9317467325e+00 -1.1853225146e+00  1.6203022841e-01  3.0197929021e+00 -4.7148961227e-01 -6.8643863506e-01 -5.1574723137e-01  9.7830344608e-01 -2.2188467362e-01 -7.5297187245e-01 -8.7157830455e-01 -1.9974735597e+00  1.4791937103e+00 -9.6264467111e-01  2.6524406242e-01  1.5966248385e+00  1.7342747154e+00 -4.3875264025e-01  3.8673609509e-01  9.8118415944e-01  1.1520724276e+00 -9.3450958117e-01  2.6633035700e+00 -4.3596085531e-01 -2.0528358946e+00  1.7625936897e+00 -1.9465301045e+00 -1.7591322561e+00  1.0891875663e+00 -7.0377829194e-01 -2.8429459670e+00 -1.2803433697e+00  1.1883784921e+00  3.3727888015e+00 -3.3777779620e-01 -3.3457006410e-01  3.4971755895e+00 -2.0978256189e+00 -4.0372583508e-01  3.2213000247e+00 -6.3658551157e-01 -1.6382115935e+00 -1.0215193268e+00 -1.1383959052e+00  6.5536138112e-02 -9.4114960553e-01
ENERGY -5.456182631553e+02

JOB 13
COORDS -7.8426072268e-01 -9.4434393890e-01  1.0055276358e+00  1.6298061979e+00 -7.5162608539e-01 -2.0010167387e+00 -1.1989053907e+00  2.4503117360e-01  3.0009747559e+00 -4.2514794233e-01 -8.1944813531e-01 -4.6543630152e-01  1.0023034674e+00 -3.0739639366e-01 -6.9694069377e-01 -9.3285554395e-01 -2.0021329241e+00  1.5835719005e+00 -9.2314372708e-01  2.6484658893e-01  1.5836234853e+00  1.8110508678e+00 -7.0792050687e-01  3.5349168467e-01  9.9843642392e-01  1.0761277793e+00 -6.5144069570e-01  2.6115205036e+00 -2.8399873079e-01 -2.1042611697e+00  1.7445703230e+00 -1.8378548271e+00 -2.0086873205e+00  9.9937619005e-01 -4.5060159272e-01 -2.8416284667e+00 -1.2503853653e+00  1.2914913517e+00  3.2997890583e+00 -3.9658994144e-01 -2.7060189639e-01  3.5331137435e+00 -2.1470433557e+00 -2.6138371937e-01  3.1960639532e+00 -5.2699968626e-01 -1.8135278434e+00 -9.0215864947e-01 -1.1122926209e+00 -1.3539214971e-01 -9.6847632784e-01
ENERGY -5.456195683904e+02

JOB 14
COORDS -7.2089917820e-01 -9.6488467882e-01  1.0902362978e+00  1.5569970938e+00 -6.4003619172e-01 -2.0603184420e+00 -1.2778369642e+00  3.1992400696e-01  2.9891348204e+00 -3.6093542472e-01 -9.1568501623e-01 -3.8529400523e-01  1.0640596483e+00 -4.2128401580e-01 -6.4487668200e-01 -7.7790195476e-01 -1.9856068486e+00  1.7459002901e+00 -9.8036173809e-01  2.6527964066e-01  1.5770524383e+00  1.9281734634e+00 -1.0485186996e+00  2.3483058606e-01  1.1420588151e+00  9.2798061232e-01 -3.4932124031e-01  2.5671956320e+00 -2.3472991755e-01 -2.1520788508e+00  1.5762574763e+00 -1.7075191001e+00 -2.2910410025e+00  9.0127197890e-01 -1.2942610000e-01 -2.7697853083e+00 -1.4320803025e+00  1.3753791581e+00  3.2111257096e+00 -4.4069009243e-01 -7.8772322244e-02  3.5661959220e+00 -2.1776411788e+00 -2.5886742659e-01  3.2102521615e+00 -4.5646308818e-01 -1.9293551224e+00 -7.7636719919e-01 -1.0477841787e+00 -2.5468141017e-01 -9.1906557481e-01
ENERGY -5.456201739161e+02

JOB 15
COORDS -7.7713575133e-02 -3.7845353209e-01  9.1498506388e-01  9.5355689927e-01  7.1277277772e-01 -2.6935751103e+00  4.4807405188e-04 -2.3203015805e+00  2.2530813106e+00 -2.4137020895e-01  1.4910567426e-01 -5.0008491162e-01  1.0653675326e+00  1.3976757355e-01 -1.2957199887e+00  1.2884119239e-01  3.1690771964e-01  1.8886292838e+00 -2.0077460506e-01 -1.7218865553e+00  9.5428893163e-01  1.5399262045e+00 -1.1576563634e+00 -1.3803140821e+00  2.0250829184e+00  8.4599993099e-01 -5.9618137858e-01  1.9311941265e+00  6.6101502105e-01 -3.1780455450e+00  2.3272542060e-01  1.3831297066e-01 -3.2800631155e+00  6.3191285873e-01  1.7558189146e+00 -2.6477798127e+00 -1.0281150670e-01 -3.3935141396e+00  2.0960846709e+00 -7.5041835348e-01 -1.9573744429e+00  2.9588419807e+00  9.9672671254e-01 -2.0782236974e+00  2.6293498306e+00 -9.7313510924e-01 -4.5336715792e-01 -1.0423739154e+00 -5.9378524950e-01  1.1795981835e+00 -4.3403225110e-01
ENERGY -5.456202245157e+02

JOB 16
COORDS -1.9876655777e-01 -3.4776527206e-01  8.8059704014e-01  1.0076625899e+00  8.1963148661e-01 -2.6302631203e+00  1.1135738006e-01 -2.2109189234e+00  2.2946765020e+00 -3.2616624855e-01  1.1492844676e-01 -5.6131379947e-01  9.7977411161e-01  5.5943141650e-03 -1.3528035216e+00 -2.1818099885e-01  3.9695128204e-01  1.8399156725e+00 -7.2930830118e-02 -1.6871420496e+00  9.6159891448e-01  1.2191164670e+00 -1.3192821883e+00 -1.6656786913e+00  2.0333495368e+00  4.0181321190e-01 -5.4639375551e-01  1.9503313451e+00  6.3496331277e-01 -3.1503388333e+00  1.7835506417e-01  5.2868727689e-01 -3.2798666684e+00  9.2734199514e-01  1.8839301842e+00 -2.3983480844e+00  2.1997181324e-01 -3.2877226432e+00  2.1692368941e+00 -7.5568488840e-01 -1.9780985766e+00  2.9172093272e+00  1.0076287128e+00 -1.7814728260e+00  2.7474810091e+00 -1.0845218814e+00 -4.7526542242e-01 -1.0813798994e+00 -6.3831480110e-01  1.1595871362e+00 -5.3658687032e-01
ENERGY -5.456200905649e+02

JOB 17
COORDS -2.4865070734e-01 -3.5174047442e-01  8.2997009493e-01  1.0542015373e+00  9.0379203036e-01 -2.5554670673e+00  1.5263671436e-01 -2.1233922392e+00  2.3366517206e+00 -3.9803450844e-01  2.3919673342e-02 -6.3428943310e-01  9.1526695822e-01 -9.2077681026e-02 -1.4226073912e+00 -2.8772727232e-01  4.4406178092e-01  1.7465834138e+00 -7.1765058588e-02 -1.6791570995e+00  9.8104259295e-01  1.0188818723e+00 -1.3694273706e+00 -1.9451576373e+00  1.9903440111e+00  5.8034440286e-02 -5.6423110090e-01  1.9792621199e+00  7.0170856207e-01 -3.1000651034e+00  2.0756015216e-01  8.1181500738e-01 -3.2407077663e+00  1.0843992698e+00  1.9201059855e+00 -2.1562159101e+00  2.9877798520e-01 -3.2008091674e+00  2.2671518857e+00 -7.1243668582e-01 -1.8885735181e+00  2.9611001731e+00  1.0398486665e+00 -1.6381476158e+00  2.7491863833e+00 -1.1379191801e+00 -6.1642656537e-01 -1.1190938361e+00 -7.4617130015e-01  1.0568966913e+00 -6.6191806764e-01
ENERGY -5.456191772009e+02

JOB 18
COORDS -2.4443229378e-01 -3.8142291049e-01  7.7585725879e-01  1.0983732383e+00  9.8693853166e-01 -2.4547070714e+00  1.7352362981e-01 -2.0531301302e+00  2.3883927714e+00 -4.3675851723e-01 -1.0822309632e-01 -7.0527946410e-01  8.8454471000e-01 -1.6804408688e-01 -1.4995991834e+00 -2.1960056274e-01  4.7855255119e-01  1.6332341417e+00 -1.0303537163e-01 -1.7001775358e+00  1.0154974858e+00  9.2021357355e-01 -1.3501880474e+00 -2.2204075047e+00  1.9593673989e+00 -2.2583845412e-01 -6.2948859574e-01  2.0312432039e+00  8.3487454431e-01 -3.0022257696e+00  2.6923258599e-01  1.0421638274e+00 -3.1648488464e+00  1.1543919035e+00  1.9235069278e+00 -1.8949647089e+00  2.7896699469e-01 -3.1375202462e+00  2.3926672531e+00 -6.5034475163e-01 -1.7408181284e+00  3.0341519825e+00  1.0967082528e+00 -1.5731625877e+00  2.7203572485e+00 -1.1231500201e+00 -8.3666161137e-01 -1.1399635099e+00 -8.6960081035e-01  8.8856718731e-01 -7.9236371851e-01
ENERGY -5.456178903310e+02

JOB 19
COORDS -2.3577268020e-01 -4.0571567572e-01  7.0811063321e-01  1.1132917874e+00  1.0730366043e+00 -2.3325783800e+00  1.4037331768e-01 -1.9623424268e+00  2.4404652155e+00 -4.7637049842e-01 -2.4029348373e-01 -7.8128918580e-01  8.4158198478e-01 -2.1556104755e-01 -1.5890627629e+00 -1.1233503771e-01  5.1808646413e-01  1.4878423873e+00 -1.7213094147e-01 -1.7066739909e+00  1.0535484755e+00  8.2414905757e-01 -1.2658966031e+00 -2.4924154945e+00  1.9133886164e+00 -4.7502037260e-01 -7.5065152679e-01  2.0593767348e+00  9.8860543088e-01 -2.8719303309e+00  3.0782776587e-01  1.2694570828e+00 -3.0447419381e+00  1.1722048956e+00  1.8998009034e+00 -1.6204987438e+00  1.6368193659e-01 -3.0473700976e+00  2.5363523944e+00 -6.2659306014e-01 -1.5316938455e+00  3.0881444515e+00  1.1115745572e+00 -1.5303657859e+00  2.6914077078e+00 -1.0844777966e+00 -1.0649795555e+00 -1.1550733643e+00 -1.0130442161e+00  6.9745952827e-01 -9.2716535031e-01
ENERGY -5.456176097075e+02

JOB 20
COORDS -2.0094707970e-01 -4.4919115501e-01  6.3717537565e-01  1.1207071986e+00  1.1347346438e+00 -2.1744210943e+00  1.1193435463e-01 -1.8757665646e+00  2.4886948200e+00 -4.9348158775e-01 -3.8708332082e-01 -8.5040047083e-01  8.0388609876e-01 -2.5514546595e-01 -1.6747409616e+00  3.6876628818e-02  5.2334166674e-01  1.3271959994e+00 -2.2997008374e-01 -1.7159069545e+00  1.0939386245e+00  7.3074649611e-01 -1.1346749695e+00 -2.7412415813e+00  1.8749067564e+00 -7.0831678408e-01 -9.1629503172e-01  2.0766274487e+00  1.1234080387e+00 -2.7027311549e+00  3.3514912072e-01  1.4744240394e+00 -2.8539681961e+00  1.1802188434e+00  1.8181291018e+00 -1.3237895898e+00  4.7106644123e-02 -2.9461595744e+00  2.6811789586e+00 -5.9112018629e-01 -1.3247685092e+00  3.1173457153e+00  1.1247651015e+00 -1.5098408521e+00  2.6702496120e+00 -1.0040762220e+00 -1.2972081795e+00 -1.1669839553e+00 -1.1374893986e+00  4.7292653445e-01 -1.0393041856e+00
ENERGY -5.456191331541e+02

JOB 21
COORDS -2.0653471385e-01  1.7412499791e-01  1.2547507972e+00  2.3446644879e+00  4.7782795280e-01 -8.6593266041e-01 -1.4533378656e+00 -1.0472287574e+00  2.8407890668e+00 -1.4338048508e-01  6.4697765893e-01 -1.8588281580e-01  9.5259019617e-01 -9.8863128370e-02 -9.6137301646e-01  6.5777923222e-01  3.8987025252e-01  2.0833149949e+00 -1.3356933619e+00 -5.1679929345e-01  1.5013857393e+00  5.5746425729e-01 -1.7470805131e-01 -2.2862102610e+00  9.8034603140e-01 -1.4172986646e+00 -5.2359609870e-01  3.0427847590e+00 -1.6749580636e-01 -1.4038062382e+00  2.3633158645e+00  1.4775927468e+00 -1.3066599151e+00  2.6356670494e+00  5.4298628867e-01  1.8478957311e-01 -2.4093434710e+00 -1.5692606037e+00  2.8615057339e+00 -1.4372027715e+00 -2.3652397670e-01  3.5725580021e+00 -6.3074648544e-01 -1.7360244712e+00  3.0445102286e+00 -1.0967367110e+00  4.6165172784e-01 -6.8199106819e-01  6.7181183826e-02  1.7183273897e+00 -1.9724627788e-01
ENERGY -5.456217544766e+02

JOB 22
COORDS -2.1498349825e-01  1.3001925064e-01  1.2119394497e+00  2.3275353359e+00  4.4409976279e-01 -7.4079457290e-01 -1.4292765398e+00 -9.6974260966e-01  2.9103929914e+00 -2.1691516547e-01  5.4715335406e-01 -2.4758315189e-01  9.4061616845e-01 -8.2574330534e-02 -1.0251715018e+00  6.8674879178e-01  3.5934137774e-01  1.9959742592e+00 -1.3481630420e+00 -5.2146158430e-01  1.5385140711e+00  6.5687650463e-01  7.3144971743e-02 -2.3731323348e+00  9.1666124800e-01 -1.4520560862e+00 -7.9928327181e-01  3.0493796276e+00 -1.1168043200e-01 -1.3436781059e+00  2.3805697527e+00  1.5037212584e+00 -1.0022599778e+00  2.5568044231e+00  3.2735416960e-01  3.1918225260e-01 -2.3965277378e+00 -1.4637014512e+00  2.9956124998e+00 -1.3661150357e+00 -1.1841574268e-01  3.5917237743e+00 -6.1724606940e-01 -1.6673701416e+00  3.1260660448e+00 -1.1500963841e+00  2.4546279316e-01 -7.2454801008e-01 -1.2583165770e-01  1.6352204541e+00 -2.9907521281e-01
ENERGY -5.456235948587e+02

JOB 23
COORDS -2.0159646557e-01  1.4850317137e-01  1.1673763772e+00  2.3332180865e+00  3.8714041397e-01 -6.6819659695e-01 -1.3464844700e+00 -9.1596515983e-01  2.9371789424e+00 -2.4633768451e-01  4.9310714563e-01 -3.0994050185e-01  9.4887916753e-01 -3.9665460623e-02 -1.0999863920e+00  6.8747597693e-01  4.7323986947e-01  1.9316222890e+00 -1.2927385813e+00 -5.5072507189e-01  1.5396487740e+00  7.5534438204e-01  3.5770493609e-01 -2.4160170169e+00  8.8011489059e-01 -1.4243852378e+00 -1.1071588317e+00  3.0595658628e+00 -4.2302373167e-02 -1.3622300765e+00  2.4105684209e+00  1.4764018840e+00 -6.9326464472e-01  2.5382203113e+00  4.6302339566e-02  3.4610609068e-01 -2.2823633615e+00 -1.4605163981e+00  3.0572513650e+00 -1.3343473589e+00 -2.1182476537e-02  3.5634361543e+00 -4.9430997184e-01 -1.5488730285e+00  3.1939622244e+00 -1.1559730675e+00  1.0331008039e-01 -7.6789075784e-01 -2.4570306053e-01  1.5833022075e+00 -3.9728055659e-01
ENERGY -5.456235619193e+02

