JOB 0
COORDS  8.5425643376e-02 -7.6786232729e-02 -1.9792190261e+00  1.8965832950e-01 -5.1678799233e-01 -5.5399318788e-01 -2.4084955702e-01  5.5747727476e-01  4.4795693353e-01 -1.0954887499e+00  2.5343955072e-01 -2.5763904497e+00  1.1208237704e+00  5.3516876696e-02 -2.8089127789e+00 -8.1014757644e-01  6.0691730143e-01 -3.8083332639e+00  5.0911810842e-01  4.7620409554e-01 -3.9153226881e+00  5.7362700651e-01  2.3265397471e+00  8.4764187738e-02  1.2071493008e+00 -8.5873202410e-01 -3.5894788200e-01 -5.0814839118e-01 -1.3551045396e+00 -4.3397794491e-01 -1.3128836331e+00  7.3802712035e-01  3.9469982993e-01  4.4190773950e-02  2.9376652668e-01  1.4652634178e+00  1.0066116593e+00  6.8574055950e-01 -4.7740126056e+00
ENERGY -2.910041575368e+03

JOB 1
COORDS  5.2597055576e-02 -8.3174872778e-02 -1.9649192450e+00  1.1435476135e-01 -5.4024632284e-01 -5.4257698332e-01 -2.3194539901e-01  5.4603256872e-01  4.9179404248e-01 -1.1124817520e+00  2.2241882806e-01 -2.6046125657e+00  1.1156827238e+00  8.2683013144e-02 -2.7524344624e+00 -7.8843670550e-01  5.9969483685e-01 -3.8196101043e+00  5.3734028798e-01  5.0602494591e-01 -3.8761762959e+00  3.2689741754e-01  2.3750553488e+00 -2.5457858350e-02  1.1006205042e+00 -9.6558742890e-01 -3.5266657497e-01 -6.5223803806e-01 -1.3182077749e+00 -4.5173905302e-01 -1.3089858302e+00  6.3346688941e-01  6.1943802583e-01  2.3710356975e-01  3.4693347965e-01  1.4537050233e+00  1.0620938473e+00  7.3752992132e-01 -4.7127003770e+00
ENERGY -2.910038454182e+03

JOB 2
COORDS  2.3728951733e-02 -9.9477081653e-02 -1.9491060329e+00  3.8324468851e-02 -5.7842981359e-01 -5.3391963886e-01 -1.7207035758e-01  5.1082849383e-01  5.4713100302e-01 -1.1195979684e+00  1.7072394026e-01 -2.6415964647e+00  1.1171721090e+00  1.2391837470e-01 -2.6795957965e+00 -7.5136433343e-01  5.8301821393e-01 -3.8323590470e+00  5.7864086004e-01  5.4640661763e-01 -3.8225523719e+00  1.0044127957e-01  2.3755507433e+00 -6.2822854832e-02  9.7923983052e-01 -1.1028794453e+00 -3.5982519432e-01 -7.9102213306e-01 -1.2871192224e+00 -4.4968893054e-01 -1.1966460275e+00  5.0742440796e-01  9.1236171080e-01  5.1012870989e-01  3.7806614974e-01  1.3843456287e+00  1.1342154146e+00  8.1362299011e-01 -4.6279708398e+00
ENERGY -2.910035461874e+03

JOB 3
COORDS  1.6322028678e-01  8.4565190647e-02 -1.6969031693e+00  8.2675360183e-01 -1.0537121089e-01 -3.7392709493e-01 -3.9187038288e-02  1.6596597037e-01  8.8600984988e-01  1.2236320755e-01  1.2755073334e+00 -2.3596198581e+00 -4.6972097620e-01 -8.8252351400e-01 -2.3637525733e+00 -5.5603304432e-01  1.0690732078e+00 -3.4647083430e+00 -8.9463068641e-01 -2.1742610458e-01 -3.4362707354e+00 -1.9279086543e+00  6.4931606438e-01  5.3736048667e-01  1.6902011664e+00  5.6421689689e-01 -3.4618991158e-01  1.2037495806e+00 -1.1296044026e+00 -3.2600085905e-01 -9.4855528356e-02 -7.1235628405e-01  1.5253909032e+00  3.4984094858e-01  1.0039334353e+00  1.4600356920e+00 -1.4285731275e+00 -6.5404866552e-01 -4.1799925222e+00
ENERGY -2.910034341946e+03

JOB 4
COORDS  1.4343489063e-01  5.0981461676e-02 -1.6897976794e+00  7.8107562824e-01 -1.9897834141e-01 -3.6602348403e-01 -3.2375564481e-02  2.1660565765e-01  8.8209582239e-01  7.6561856300e-02  1.2820123448e+00 -2.2729309999e+00 -4.3859090966e-01 -8.8963717445e-01 -2.4352495740e+00 -5.6742051985e-01  1.1280165111e+00 -3.4064490384e+00 -8.5972035251e-01 -1.6841705571e-01 -3.4730885309e+00 -1.9831077166e+00  3.9531848571e-01  5.8647417505e-01  1.7109714513e+00  3.7980057568e-01 -3.3935337594e-01  1.0774408172e+00 -1.2467626178e+00 -2.8658866644e-01  7.8424867005e-02 -5.0522145911e-01  1.6887169460e+00  2.6348667858e-01  1.2027144200e+00  1.2332170200e+00 -1.3600650150e+00 -5.7180636703e-01 -4.2577738304e+00
ENERGY -2.910036000040e+03

JOB 5
COORDS  1.2159716533e-01  1.5572034284e-02 -1.6981334587e+00  7.3189854444e-01 -2.7868110259e-01 -3.7068929242e-01 -4.1170468560e-02  2.5220236615e-01  8.4637605374e-01  2.2558596955e-02  1.2737085542e+00 -2.2154841410e+00 -4.0122660110e-01 -9.0366959939e-01 -2.5103309407e+00 -5.8097454742e-01  1.1582507282e+00 -3.3755447506e+00 -8.1893692945e-01 -1.4249239956e-01 -3.5214472316e+00 -2.0107175746e+00  1.4768947011e-01  6.5295007246e-01  1.7127771786e+00  2.1344258025e-01 -3.3908527889e-01  9.3606414546e-01 -1.3458594274e+00 -2.6523138643e-01  2.0764577199e-01 -3.0176975519e-01  1.7496843362e+00  1.4677384537e-01  1.3131552068e+00  9.9867007468e-01 -1.2817734266e+00 -5.2051160069e-01 -4.3409961492e+00
ENERGY -2.910039151893e+03

JOB 6
COORDS  1.3689907581e-01  6.6270449653e-04 -1.6948451039e+00  7.3425216592e-01 -3.2719176707e-01 -3.6774133084e-01  5.7478911142e-03  2.9967698103e-01  8.2063885332e-01  1.6394555590e-02  1.2745319698e+00 -2.1672457223e+00 -3.5137603346e-01 -8.9972712863e-01 -2.5483403480e+00 -5.6568286593e-01  1.1879680080e+00 -3.3408938511e+00 -7.6898942713e-01 -1.1147827574e-01 -3.5390173120e+00 -1.9469583037e+00 -3.7074467610e-02  7.8213270206e-01  1.7575901855e+00  7.1905705398e-02 -3.4251391329e-01  8.2423778224e-01 -1.4083636487e+00 -2.4605516320e-01  3.6698764491e-01 -1.0010350047e-01  1.7667430039e+00  9.3989307596e-02  1.3845405723e+00  8.1244035313e-01 -1.2124565302e+00 -4.6925869757e-01 -4.3781313028e+00
ENERGY -2.910042044648e+03

JOB 7
COORDS  7.6910822212e-02 -2.0992190076e-02 -1.7195029098e+00  6.3291774105e-01 -3.8484520086e-01 -3.8115070254e-01 -9.1629902209e-02  2.9768788327e-01  7.7442079089e-01 -5.9680240713e-02  1.2655434080e+00 -2.1513820268e+00 -3.5216323748e-01 -9.0133431390e-01 -2.6244560073e+00 -5.8703689151e-01  1.2068867601e+00 -3.3526001982e+00 -7.4709768871e-01 -8.8868840734e-02 -3.6051137735e+00 -1.9905559229e+00 -2.6180644568e-01  8.8031732658e-01  1.6831518327e+00 -6.6775358797e-02 -3.3531428800e-01  6.1398328831e-01 -1.4701802308e+00 -2.6470314057e-01  3.5010705064e-01  3.2977170177e-02  1.7338503963e+00 -1.1541286177e-01  1.3793149791e+00  6.5428067797e-01 -1.1487376989e+00 -4.2686490359e-01 -4.4730403681e+00
ENERGY -2.910043398286e+03

JOB 8
COORDS  8.3664626286e-02 -8.9107727202e-03 -1.7253718026e+00  6.0756960760e-01 -3.9435314477e-01 -3.7816379881e-01 -1.0180686899e-01  3.4132087798e-01  7.5647996891e-01  1.5615807823e-02  1.2800471817e+00 -2.1673489754e+00 -3.7867801089e-01 -8.7240452916e-01 -2.6308189029e+00 -4.9904348451e-01  1.2402178863e+00 -3.3750526264e+00 -7.1906478526e-01 -4.7745976956e-02 -3.6215069373e+00 -1.9045364686e+00 -4.0873238716e-01  1.0961009233e+00  1.6748335956e+00 -1.4524878310e-01 -3.2511355587e-01  4.9752029024e-01 -1.4748354662e+00 -2.7012442351e-01  4.3315545006e-01  2.2852319941e-01  1.6981373905e+00 -2.4912449157e-01  1.3960441387e+00  5.3230084873e-01 -1.1251294843e+00 -3.7138559438e-01 -4.4929398813e+00
ENERGY -2.910042878389e+03

JOB 9
COORDS  4.5167984338e-02 -1.8565589766e-02 -1.7635472657e+00  4.9037211685e-01 -4.3500120430e-01 -3.9581872752e-01 -1.9965692122e-01  3.6679724695e-01  7.1200172473e-01 -1.3003699150e-02  1.2795699485e+00 -2.1798628364e+00 -3.3650774666e-01 -8.6684852829e-01 -2.7202461314e+00 -4.3977883312e-01  1.2605274113e+00 -3.4219262970e+00 -6.1822852252e-01 -2.4082547945e-02 -3.7140056586e+00 -1.8857762263e+00 -4.9435751976e-01  1.3039714051e+00  1.5733829475e+00 -2.8701951195e-01 -3.1137530584e-01  2.7627207625e-01 -1.5004184803e+00 -2.9961791956e-01  4.1246184822e-01  4.1112188686e-01  1.6109260492e+00 -4.6375543979e-01  1.3730336932e+00  3.9434368837e-01 -9.5734208594e-01 -3.3259043827e-01 -4.6189805476e+00
ENERGY -2.910040827088e+03

JOB 10
COORDS  5.1128895738e-02 -1.0795760155e-02 -1.7875479023e+00  4.4166794814e-01 -4.5040690231e-01 -4.1027201238e-01 -2.2372001662e-01  3.9587718572e-01  6.8821789203e-01  6.4953613331e-02  1.2887186816e+00 -2.2043129402e+00 -3.4657418949e-01 -8.3956036239e-01 -2.7551683507e+00 -3.3130506153e-01  1.2904693269e+00 -3.4566574515e+00 -5.6240568734e-01  1.5777572004e-02 -3.7547628662e+00 -1.7030416990e+00 -5.7223113758e-01  1.5899888459e+00  1.5296926218e+00 -3.7440136472e-01 -3.0841816304e-01  1.6624130127e-01 -1.5017436776e+00 -3.2142656657e-01  4.7083682572e-01  6.3193346615e-01  1.4915710818e+00 -6.5579297648e-01  1.3156372755e+00  3.0138284198e-01 -8.9298030969e-01 -2.7607656115e-01 -4.6684278187e+00
ENERGY -2.910038523441e+03

JOB 11
COORDS  4.2157706856e-02 -6.1539605388e-04 -1.8036130557e+00  3.7768794679e-01 -4.4648538167e-01 -4.1572878724e-01 -2.4690389995e-01  4.5819865044e-01  6.6550188073e-01  1.4523817310e-01  1.2906836066e+00 -2.2332171075e+00 -3.9056672837e-01 -8.1383865099e-01 -2.7698134252e+00 -2.2587966819e-01  1.3025070924e+00 -3.4934945779e+00 -5.3223810419e-01  4.1908850689e-02 -3.7825448761e+00 -1.4338151411e+00 -5.5131700114e-01  1.8946726689e+00  1.4663696892e+00 -4.4318926382e-01 -2.9748220796e-01  5.0855221160e-02 -1.4805825053e+00 -3.0600095033e-01  5.0331390756e-01  9.1013628779e-01  1.3099707348e+00 -8.7011972718e-01  1.2415179107e+00  2.4072496224e-01 -8.6365117608e-01 -2.3900962902e-01 -4.6993659210e+00
ENERGY -2.910037390635e+03

JOB 12
COORDS  3.3629539843e-02 -1.3618401981e-02 -1.8003762533e+00  3.1534627279e-01 -4.8363176446e-01 -4.0958652681e-01 -2.8114481410e-01  4.5533863812e-01  6.5534191112e-01  2.1686131903e-01  1.2725572762e+00 -2.2194766138e+00 -4.2758607688e-01 -7.9541511884e-01 -2.7790804030e+00 -1.2870580389e-01  1.3120273555e+00 -3.4864472815e+00 -5.0132359269e-01  7.2510517908e-02 -3.7887875109e+00 -1.1250641732e+00 -5.5432437344e-01  2.1386031168e+00  1.3997021661e+00 -5.4105733983e-01 -2.6634142559e-01 -5.7360433656e-02 -1.5016445521e+00 -2.9444850381e-01  4.6649310104e-01  1.0940643054e+00  1.1193590237e+00 -1.0793013990e+00  1.0753188483e+00  2.5310606324e-01 -8.2638663860e-01 -1.8555832797e-01 -4.7145330553e+00
ENERGY -2.910038138464e+03

JOB 13
COORDS  9.4140689321e-02  8.1098291442e-02 -1.9501980430e+00  2.4798927945e-01 -3.6711282178e-01 -5.3333430536e-01 -4.0622726225e-01  6.1930878488e-01  4.4501922741e-01  5.5025501656e-01  1.2802732832e+00 -2.4174627691e+00 -5.1787330304e-01 -6.2575928575e-01 -2.9029572585e+00  2.2762175132e-01  1.3385338738e+00 -3.6894402417e+00 -4.0095541366e-01  1.9562905713e-01 -3.9468440335e+00 -9.7170034645e-01 -2.8965271891e-01  2.1112730771e+00  1.3139778234e+00 -4.4675971243e-01 -2.9629092423e-01 -1.6503908473e-01 -1.3689433227e+00 -4.1116941756e-01  2.6365481935e-01  1.4231547762e+00  7.4175438532e-01 -1.3233222356e+00  1.0432055176e+00  3.9231182251e-02 -7.6068387967e-01 -2.9847303937e-02 -4.8682789321e+00
ENERGY -2.910040244300e+03

JOB 14
COORDS  1.8247528862e-01  3.5224008989e-02 -1.9578039758e+00  3.7283554523e-01 -4.0582925219e-01 -5.4224829019e-01 -3.3707430495e-01  5.4753347404e-01  4.2317410422e-01  8.2393327251e-01  1.1065758169e+00 -2.5099493721e+00 -6.5696805152e-01 -5.4239957137e-01 -2.8209478138e+00  3.9119499930e-01  1.2116061424e+00 -3.7456141966e+00 -4.8406392232e-01  2.2211830833e-01 -3.8989841988e+00 -4.3965646618e-01 -2.3267146190e-01  2.2397117682e+00  1.4421267317e+00 -4.1971929671e-01 -3.1313766704e-01  2.6731863068e-03 -1.4240722478e+00 -4.1251140567e-01  1.8322014259e-01  1.4984859515e+00  5.2192045564e-01 -1.3721446913e+00  7.2056429885e-01  1.3119548212e-01 -9.7029497349e-01  5.9014154775e-02 -4.7744454196e+00
ENERGY -2.910042363405e+03

JOB 15
COORDS  1.7992731093e-01  1.7886888242e-02 -1.9623593714e+00  3.4963447951e-01 -4.6343801813e-01 -5.5564996235e-01 -3.4833943471e-01  4.8809364912e-01  4.1628251827e-01  8.3684339725e-01  1.0976912490e+00 -2.4786979706e+00 -6.5246571127e-01 -5.3104504771e-01 -2.8506301362e+00  4.2301169444e-01  1.2363202633e+00 -3.7172548278e+00 -4.5843049885e-01  2.5843606311e-01 -3.9068206148e+00 -1.1808032767e-01 -1.2758051913e-01  2.2829754925e+00  1.4151421389e+00 -5.1416379725e-01 -3.1777387325e-01 -6.9227264361e-02 -1.4677735381e+00 -4.6927336636e-01  7.3657662974e-02  1.4909416996e+00  3.7603731077e-01 -1.4236369519e+00  5.2885041223e-01  2.4692672336e-01 -9.3461001940e-01  1.2200214994e-01 -4.7922677906e+00
ENERGY -2.910043262177e+03

JOB 16
COORDS  1.4539747132e-01 -1.4589002946e-02 -1.9890231664e+00  2.7296018893e-01 -5.5277304811e-01 -5.9629691590e-01 -3.7198578717e-01  4.1155235135e-01  4.0152500413e-01  7.6332030404e-01  1.1223562041e+00 -2.4243443959e+00 -5.9693263765e-01 -5.7551838641e-01 -2.9467170176e+00  4.1460059201e-01  1.2868833840e+00 -3.6794834338e+00 -3.8992298958e-01  2.6549962635e-01 -3.9601807968e+00  1.5473848098e-01 -3.3430638005e-02  2.2576152197e+00  1.3301513734e+00 -6.8790195736e-01 -3.5649366393e-01 -2.2715250872e-01 -1.5228048353e+00 -5.6938865690e-01 -3.2379189345e-02  1.4339298085e+00  2.4566521251e-01 -1.4599615225e+00  3.7127618699e-01  3.7283156581e-01 -8.0612113054e-01  1.3862067978e-01 -4.8767091167e+00
ENERGY -2.910042348240e+03

JOB 17
COORDS  1.4296153103e-01 -2.3156937627e-02 -1.9893238925e+00  2.2714234322e-01 -5.8682879257e-01 -6.0259655363e-01 -4.0807847759e-01  3.8307614028e-01  4.0411108787e-01  8.0576615318e-01  1.0983896359e+00 -2.3977812874e+00 -6.0252645352e-01 -5.4420109168e-01 -2.9668437965e+00  4.8372614851e-01  1.2931042219e+00 -3.6554462893e+00 -3.5102424174e-01  3.0436563400e-01 -3.9638913398e+00  3.9445648250e-01  1.9794517583e-01  2.2054295676e+00  1.2740718290e+00 -7.6703125978e-01 -3.5141797076e-01 -3.1345034727e-01 -1.5353135051e+00 -6.1517771007e-01 -2.1955060291e-01  1.4191057980e+00  1.2974225037e-01 -1.4775229191e+00  2.1889890530e-01  5.2414801124e-01 -7.5807366546e-01  2.0664248375e-01 -4.8880232483e+00
ENERGY -2.910040151353e+03

JOB 18
COORDS  3.5784449989e-01  6.5311114871e-02 -1.8660861826e+00  8.1175649742e-01 -1.8623807726e-01 -4.6115733843e-01  1.6526250864e-01  7.9446864307e-01  5.3427233547e-01 -9.3384641669e-01  3.4326986940e-01 -2.2079332850e+00  1.1611437559e+00  3.5369585639e-02 -2.9318298074e+00 -9.5664253483e-01  4.9016201233e-01 -3.5134818498e+00  2.9637664564e-01  2.9761652902e-01 -3.9123993385e+00  1.4872571763e+00  1.5141974664e+00  1.8250310270e+00  1.8996633921e+00 -1.2358948048e-01 -4.3864350987e-01  5.3325957496e-01 -1.2107355242e+00 -1.9311459224e-01 -2.4511321189e-01  1.6707535652e+00  3.8226327645e-02 -6.1123355652e-01  3.3038324012e-01  1.1374432739e+00  5.7105821629e-01  3.6074777774e-01 -4.8870077254e+00
ENERGY -2.910037928357e+03

JOB 19
COORDS  4.4729001678e-01  9.0170563755e-02 -1.8390070152e+00  9.2835518181e-01 -1.5908657666e-01 -4.4535305356e-01  4.3971022529e-01  9.0814797321e-01  5.5387278948e-01 -8.5121792467e-01  3.6640162348e-01 -2.1560475653e+00  1.2298819071e+00  6.6939356107e-02 -2.9200688598e+00 -8.9873955695e-01  5.2205207260e-01 -3.4595028480e+00  3.4750494870e-01  3.3521258544e-01 -3.8829122032e+00  1.9422674229e+00  1.8921669725e+00  1.3971093142e+00  2.0171380023e+00 -2.1128063204e-01 -4.6758179320e-01  5.7620599399e-01 -1.1421563167e+00 -1.1518543728e-01 -1.7662893879e-01  1.6685116848e+00  8.0248110043e-02 -1.0791571717e-01  4.7279948579e-01  1.3864106951e+00  6.0404981713e-01  4.0483562672e-01 -4.8620058115e+00
ENERGY -2.910037464340e+03

JOB 20
COORDS  4.2319633495e-01  8.3054971805e-02 -1.8435672369e+00  8.5501322067e-01 -1.9315369843e-01 -4.4049400554e-01  4.2571509676e-01  8.9891121145e-01  5.5179393798e-01 -8.5901154609e-01  3.8941516467e-01 -2.1965868365e+00  1.2397916182e+00  6.4665328170e-02 -2.8989101217e+00 -8.6209999363e-01  5.6800924008e-01 -3.4978093989e+00  3.9409919792e-01  3.6695625412e-01 -3.8840857595e+00  1.9232991716e+00  2.1115271086e+00  1.0265257249e+00  1.9391661057e+00 -3.1463612756e-01 -4.3504680879e-01  4.4826584602e-01 -1.1527012733e+00 -1.0130303408e-01 -3.6670765196e-01  1.5325299853e+00  1.5947968654e-01  1.1302582804e-01  4.7475996035e-01  1.5035173843e+00  6.8395061229e-01  4.5104662464e-01 -4.8526826933e+00
ENERGY -2.910038877756e+03

JOB 21
COORDS  2.8809219649e-01 -5.1827563118e-03 -1.8452081625e+00  5.9693241539e-01 -4.1000815404e-01 -4.4117500898e-01  1.2970449887e-01  6.0767566529e-01  6.0112089006e-01 -9.4324499554e-01  4.1363489652e-01 -2.2579831354e+00  1.1748337556e+00 -6.8340273396e-03 -2.8422191078e+00 -8.4176894698e-01  6.8391821606e-01 -3.5392006402e+00  4.2306953880e-01  4.2299941753e-01 -3.8556119773e+00  1.4967369150e+00  2.0077269772e+00  9.3020200499e-01  1.6724350046e+00 -5.7734032238e-01 -3.5588901018e-01  1.2713962985e-01 -1.3739663363e+00 -2.0792633646e-01 -7.7611223705e-01  1.1283391134e+00  2.9760889299e-01 -1.8448355847e-02  1.3947006212e-01  1.5724049116e+00  7.8606230323e-01  5.5574621439e-01 -4.7935697729e+00
ENERGY -2.910041260316e+03

JOB 22
COORDS  1.1957099870e-01 -2.3892038858e-02 -1.9644065887e+00  2.9390806571e-01 -4.3265466321e-01 -5.3772238567e-01 -2.8081271835e-01  5.7720423388e-01  4.5021526607e-01 -1.0751251854e+00  3.6206613280e-01 -2.4982110521e+00  1.1032458793e+00  1.2091101299e-02 -2.8645651819e+00 -8.5179037270e-01  6.5062982089e-01 -3.7597897057e+00  4.4610517313e-01  4.3019144383e-01 -3.9465310993e+00  8.5505584590e-01  2.1972191292e+00  5.7878704525e-01  1.3557736789e+00 -5.9917115779e-01 -3.4518907872e-01 -2.1353553022e-01 -1.3908173019e+00 -3.6315861916e-01 -1.2677572738e+00  9.2653417190e-01  1.5304937908e-01 -3.1259616529e-01  1.7032318906e-01  1.4595824358e+00  8.9862909121e-01  5.8263918017e-01 -4.8415115771e+00
ENERGY -2.910043103031e+03

JOB 23
COORDS  1.0854569206e-01 -4.5350740980e-02 -2.0237941362e+00  2.5113211582e-01 -4.3084502002e-01 -5.8637281644e-01 -2.6205222733e-01  6.4118464269e-01  3.7010720278e-01 -1.0798325236e+00  3.1367612072e-01 -2.5889578105e+00  1.1145156447e+00  2.5963603594e-03 -2.8976562311e+00 -8.2897947464e-01  6.0040465929e-01 -3.8455826669e+00  4.7760334592e-01  4.0527512957e-01 -3.9975397713e+00  7.3369298436e-01  2.3431654049e+00  1.6942130705e-01  1.2966842910e+00 -6.6977569051e-01 -3.8329863283e-01 -3.4900939422e-01 -1.3337258702e+00 -4.1162617157e-01 -1.3020677113e+00  8.9332379333e-01  1.7085972184e-01 -1.3778571752e-01  3.4229087039e-01  1.4098297712e+00  9.4983742174e-01  5.6160081409e-01 -4.8814826021e+00
ENERGY -2.910043292424e+03

