JOB 0
COORDS -5.5723798854e-02  1.0120669496e+00  2.5547720955e-01 -1.2770443471e+00  1.5194426202e+00  4.7636123246e-01 -2.3302342484e+00  7.2000457461e-01  1.1782339450e+00 -4.0772563875e+00  2.5954958911e+00  6.2604415895e-01 -3.7026449892e+00  1.3432684038e+00  1.4267319050e+00 -2.1012383836e+00 -4.1597365160e-01  1.5800257303e+00  7.1699411877e-01  1.5843607095e+00 -2.5113199188e-01  1.8445489815e-01  3.8695920192e-03  5.8452365414e-01 -1.5200276534e+00  2.5252380527e+00  1.4647353772e-01 -5.1127079603e+00  2.8796059652e+00  8.3809647711e-01 -3.9967284150e+00  2.4258321947e+00 -4.5290462921e-01 -3.4472846475e+00  3.4529632824e+00  8.8237371677e-01 -4.4323826618e+00  5.4352465835e-01  1.2655440730e+00 -3.7406884502e+00  1.5620958746e+00  2.5020674049e+00
ENERGY -2.705967376844e+02

JOB 1
COORDS -5.4924999492e-02  1.0171892114e+00  2.6252582387e-01 -1.2440762021e+00  1.5502651433e+00  5.7670304750e-01 -2.3482535099e+00  7.0862266222e-01  1.1376954275e+00 -4.1062661269e+00  2.5493552586e+00  5.6924617033e-01 -3.6826645240e+00  1.3731628792e+00  1.4600849042e+00 -2.1799993987e+00 -4.8234108315e-01  1.3767136536e+00  7.5296373122e-01  1.6218795136e+00 -1.4106521980e-01  1.2259356950e-01 -4.5735314693e-02  4.0775353119e-01 -1.4260914081e+00  2.6111673527e+00  4.2783161012e-01 -5.1275247667e+00  2.8560543893e+00  8.1556943806e-01 -4.0884786763e+00  2.2769696192e+00 -4.9128415298e-01 -3.4646446603e+00  3.4251288150e+00  7.0337793424e-01 -4.4342872191e+00  5.7909768399e-01  1.4490703176e+00 -3.6108587351e+00  1.7109789864e+00  2.5036939383e+00
ENERGY -2.705971707023e+02

JOB 2
COORDS -5.2871286791e-02  1.0342947936e+00  2.7401161658e-01 -1.2100901967e+00  1.5679725334e+00  6.8845287389e-01 -2.3648763001e+00  7.0683589857e-01  1.0988370290e+00 -4.1370666023e+00  2.4957911065e+00  5.1528007096e-01 -3.6622026466e+00  1.4028625183e+00  1.4864897062e+00 -2.2588184842e+00 -5.1285669751e-01  1.1650366321e+00  7.9036185399e-01  1.6544444348e+00 -1.8436045387e-02  6.2138447373e-02 -4.5771675715e-02  2.2228909172e-01 -1.3322761070e+00  2.6475828900e+00  7.3696997058e-01 -5.1089643150e+00  2.8846869808e+00  8.3438252536e-01 -4.2520240490e+00  2.1016764962e+00 -4.9969189449e-01 -3.4456019484e+00  3.3420037798e+00  4.7017165644e-01 -4.4206138735e+00  6.2507382416e-01  1.6049559928e+00 -3.4996074177e+00  1.8471982340e+00  2.4791671981e+00
ENERGY -2.705979023166e+02

JOB 3
COORDS -3.9557499237e-02  1.0466981639e+00  3.0416089755e-01 -1.1816887725e+00  1.5714883208e+00  7.6802858608e-01 -2.3811721817e+00  7.1849282666e-01  1.0472809303e+00 -4.1723515283e+00  2.4473402644e+00  4.8030122759e-01 -3.6385243084e+00  1.4362916938e+00  1.5111389684e+00 -2.3448521023e+00 -5.0070363181e-01  9.2621875966e-01  8.3571004237e-01  1.6606748501e+00  1.0907704601e-01  3.0325398580e-02 -2.1530541828e-02  1.1296942385e-01 -1.2614488495e+00  2.6397001357e+00  9.6108874822e-01 -5.0828875080e+00  2.9251909586e+00  8.5455633316e-01 -4.4161986237e+00  1.9502718126e+00 -4.6393628076e-01 -3.4468982960e+00  3.2378120148e+00  2.6546095983e-01 -4.3904742620e+00  6.7629879551e-01  1.7358523582e+00 -3.4024944352e+00  1.9637694538e+00  2.4457184657e+00
ENERGY -2.705986691086e+02

JOB 4
COORDS -1.6205160733e-02  1.0406529445e+00  3.3492148246e-01 -1.1444241594e+00  1.5681582216e+00  8.2877096865e-01 -2.3884965309e+00  7.5046211759e-01  9.9387759697e-01 -4.2218064209e+00  2.4026650395e+00  4.6121967384e-01 -3.6090767118e+00  1.4781181890e+00  1.5312386286e+00 -2.4272877905e+00 -4.3599576284e-01  6.8877258323e-01  8.8990823434e-01  1.6299357682e+00  2.2199870801e-01  1.0117459170e-02 -4.5846962074e-03  3.5725980709e-02 -1.1826238413e+00  2.6129864042e+00  1.1329593474e+00 -5.1012135411e+00  2.9172549287e+00  8.6035234299e-01 -4.5326661807e+00  1.8258153132e+00 -4.1508859971e-01 -3.5099910974e+00  3.1650418693e+00  1.2811619567e-01 -4.3375898785e+00  7.2796413818e-01  1.8480039321e+00 -3.3211573065e+00  2.0733206421e+00  2.4070475829e+00
ENERGY -2.705989947625e+02

JOB 5
COORDS  1.9797135289e-02  1.0149360832e+00  3.6955213503e-01 -1.0898960736e+00  1.5571145566e+00  8.8960144916e-01 -2.3846295863e+00  8.0647952527e-01  9.3445418512e-01 -4.2952284886e+00  2.3588659981e+00  4.4700589491e-01 -3.5764712031e+00  1.5343891304e+00  1.5336819966e+00 -2.4963920300e+00 -3.2026544392e-01  4.6444109402e-01  9.6271646237e-01  1.5545100145e+00  3.4075441382e-01 -7.3908945192e-03  6.7236583661e-03 -3.7275205825e-02 -1.0760245338e+00  2.5642312841e+00  1.3032067203e+00 -5.1645674635e+00  2.8724569772e+00  8.6889218348e-01 -4.6385270126e+00  1.7070600016e+00 -3.6150688661e-01 -3.6333701210e+00  3.1170231748e+00  1.4602956639e-02 -4.2598046924e+00  7.8549168118e-01  1.9426357030e+00 -3.2527244243e+00  2.1927784756e+00  2.3478697841e+00
ENERGY -2.705987600177e+02

JOB 6
COORDS  6.2728929210e-02  9.7560715967e-01  4.0484366912e-01 -1.0232598832e+00  1.5318853707e+00  9.5990222026e-01 -2.3691330793e+00  8.8390741338e-01  8.6711002423e-01 -4.3898225901e+00  2.3131104855e+00  4.3598594765e-01 -3.5417594478e+00  1.6079835320e+00  1.5121999413e+00 -2.5392862060e+00 -1.6626997119e-01  2.5717991008e-01  1.0420482249e+00  1.4419033893e+00  4.7194568013e-01 -2.2009404182e-02  3.1801658074e-02 -1.2886542290e-01 -9.5137867098e-01  2.4746385571e+00  1.4991887400e+00 -5.2497768430e+00  2.8131037586e+00  8.9211576202e-01 -4.7565263285e+00  1.5849430847e+00 -2.9239265058e-01 -3.8058180197e+00  3.0685495843e+00 -1.0092236486e-01 -4.1544718214e+00  8.5877083918e-01  2.0230567884e+00 -3.1940477860e+00  2.3318602558e+00  2.2565681790e+00
ENERGY -2.705983023796e+02

JOB 7
COORDS  3.6948636514e-02  9.8705259887e-01  3.8042964619e-01 -1.0648537005e+00  1.5596832422e+00  8.8604703368e-01 -2.3753674189e+00  8.3855382182e-01  9.1966850923e-01 -4.6981464890e+00  1.7308716593e+00  4.7796083999e-01 -3.5735791545e+00  1.5683002599e+00  1.5148282299e+00 -2.4954908522e+00 -2.9850928943e-01  4.7623831606e-01  9.9122243478e-01  1.5062602446e+00  3.5327054089e-01 -9.4137409308e-03 -2.4188743073e-02 -1.6968758825e-02 -1.0316261481e+00  2.5704327786e+00  1.2879101930e+00 -5.5767782952e+00  2.1979790536e+00  9.3334721136e-01 -4.9877525651e+00  7.5506844354e-01  8.0136312012e-02 -4.3762394114e+00  2.3589229298e+00 -3.5952366944e-01 -3.9373795943e+00  9.5973799890e-01  2.3509228449e+00 -3.2778768187e+00  2.5415299724e+00  1.9192242329e+00
ENERGY -2.705980912917e+02

JOB 8
COORDS  1.7229282206e-02  1.0059421678e+00  3.5277490612e-01 -1.1012891888e+00  1.5690919356e+00  8.3124784911e-01 -2.3644385866e+00  7.8350685799e-01  9.9526227076e-01 -4.8696051925e+00  1.1743136306e+00  7.9988051871e-01 -3.5792375360e+00  1.5138083030e+00  1.5573245575e+00 -2.4193759083e+00 -4.0964583507e-01  7.1853020425e-01  9.3539940912e-01  1.5742537599e+00  2.3038194071e-01  2.1776777066e-02 -4.5259952404e-02  7.4054675623e-02 -1.1181836505e+00  2.6206709883e+00  1.1111970144e+00 -5.7326746419e+00  1.6509899704e+00  1.2746877139e+00 -5.0305022807e+00  9.3807728458e-02  7.8546157830e-01 -4.8170074557e+00  1.5216495724e+00 -2.3711603582e-01 -3.6703221095e+00  1.2029199719e+00  2.6067752710e+00 -3.4051556588e+00  2.5949186076e+00  1.5648022572e+00
ENERGY -2.705984463778e+02

JOB 9
COORDS  4.8137892747e-02  9.9487221994e-01  4.0379106805e-01 -1.0690138482e+00  1.5506077899e+00  8.9290522451e-01 -2.3780106023e+00  8.2452026184e-01  8.7700737968e-01 -4.9124769602e+00  1.1256552599e+00  8.5782045401e-01 -3.5760098392e+00  1.5606324138e+00  1.4630843510e+00 -2.4727841098e+00 -3.2293996075e-01  4.5708692121e-01  9.9912958036e-01  1.5207775736e+00  4.1055214008e-01  1.8407218566e-02 -7.6688251736e-03 -1.6554632718e-02 -1.0531178574e+00  2.5551872644e+00  1.3122312616e+00 -5.7448354354e+00  1.6336987782e+00  1.3545113220e+00 -5.0502650100e+00  4.6711695363e-02  9.5927571337e-01 -4.9524773955e+00  1.3662376783e+00 -2.0918177644e-01 -3.5597858686e+00  1.3606049655e+00  2.5445630347e+00 -3.4302845061e+00  2.6420705916e+00  1.3581722606e+00
ENERGY -2.705992848198e+02

JOB 10
COORDS  6.4974715388e-02  9.7982722254e-01  4.4819814077e-01 -1.0533630881e+00  1.5236046722e+00  9.4686764593e-01 -2.3899827726e+00  8.7154605534e-01  7.7279203778e-01 -4.9320126047e+00  1.0823756252e+00  9.1597115263e-01 -3.5749767698e+00  1.6041404381e+00  1.3843061762e+00 -2.5147941190e+00 -2.0458878689e-01  2.0082702356e-01  1.0358310705e+00  1.4525439548e+00  5.7068607132e-01  1.6605335987e-02  4.0695937800e-02 -9.8009700255e-02 -1.0196750890e+00  2.4653572724e+00  1.4927993712e+00 -5.7447745217e+00  1.6167705492e+00  1.4175536370e+00 -5.0331091415e+00  1.4969360578e-02  1.1268578212e+00 -5.0474832285e+00  1.2142426117e+00 -1.6391257453e-01 -3.4720264840e+00  1.5129341671e+00  2.4759346995e+00 -3.4686000438e+00  2.6765486264e+00  1.1743932194e+00
ENERGY -2.706001879401e+02

JOB 11
COORDS  4.1337859235e-02  1.0152559770e+00  3.9447089081e-01 -1.0829043764e+00  1.5475704388e+00  8.9194101574e-01 -2.3770645552e+00  7.9420686123e-01  8.8916430127e-01 -4.8661929663e+00  7.1709073836e-01  1.4605425025e+00 -3.5704990547e+00  1.5239342958e+00  1.4855432304e+00 -2.4653604670e+00 -3.3943818534e-01  4.3384283210e-01  9.8310053302e-01  1.5576359337e+00  3.9395214909e-01  2.7874415020e-02  1.1932215626e-02 -2.4789094256e-02 -1.0856138338e+00  2.5512020307e+00  1.3152234821e+00 -5.6866583401e+00  1.2917516114e+00  1.9014852789e+00 -4.7554495437e+00 -2.1584790436e-01  2.0197727332e+00 -5.1398147730e+00  4.5049572400e-01  4.3612437984e-01 -3.3015253435e+00  1.8135565249e+00  2.5114922035e+00 -3.6820546437e+00  2.4735377102e+00  9.4279425982e-01
ENERGY -2.706005684451e+02

JOB 12
COORDS  3.5872671378e-02  1.0301264728e+00  3.2819033841e-01 -1.0817834283e+00  1.5728498494e+00  8.2953153935e-01 -2.3303634408e+00  7.6819421923e-01  1.0182355822e+00 -4.6513501643e+00  5.9600443926e-01  2.0719067329e+00 -3.5214318896e+00  1.5114363038e+00  1.6045827630e+00 -2.3965214707e+00 -4.0968896899e-01  6.8807875653e-01  9.4424228672e-01  1.6111549405e+00  1.9291878009e-01  5.1333218129e-02 -1.9840052609e-02  4.5386574103e-02 -1.1100414332e+00  2.6220709043e+00  1.1200669819e+00 -5.4952234897e+00  1.1844943394e+00  2.4451391243e+00 -4.3097809093e+00 -6.4383229748e-02  2.8744588025e+00 -5.0022124119e+00 -3.8592364952e-02  1.2544521127e+00 -3.1654403356e+00  2.1512289465e+00  2.4227350227e+00 -3.8721827126e+00  2.2066715124e+00  8.2728385461e-01
ENERGY -2.706001879477e+02

JOB 13
COORDS  4.0606863136e-02  1.0077285108e+00  3.7262316841e-01 -1.0702895099e+00  1.5527928879e+00  8.8732132717e-01 -2.3683146831e+00  8.0769975544e-01  9.1692012177e-01 -4.6035973064e+00  5.9049485059e-01  2.1297143164e+00 -3.5605153373e+00  1.5339211237e+00  1.5266751431e+00 -2.4789011055e+00 -3.1255463194e-01  4.3237595094e-01  9.8520791576e-01  1.5447125700e+00  3.5309777510e-01  1.3104487193e-02  1.2766035303e-03 -3.8428541343e-02 -1.0545017941e+00  2.5577222636e+00  1.3058075449e+00 -5.4675033907e+00  1.1536106583e+00  2.4960444024e+00 -4.1806909605e+00  2.8674113176e-02  2.9684524946e+00 -4.9468015251e+00 -1.3270075300e-01  1.3863488696e+00 -3.2087128439e+00  2.2583239775e+00  2.2704451813e+00 -4.0039743196e+00  2.1300253817e+00  7.1556921081e-01
ENERGY -2.705992847575e+02

JOB 14
COORDS  3.4485806539e-02  9.7584799348e-01  4.2368481673e-01 -1.0721963105e+00  1.5186048106e+00  9.5077532633e-01 -2.4092136253e+00  8.6105720635e-01  8.1073511565e-01 -4.5341036094e+00  5.9288890933e-01  2.1817529138e+00 -3.6081803414e+00  1.5640891795e+00  1.4378024765e+00 -2.5475113565e+00 -1.8774010477e-01  1.9096955460e-01  1.0070886843e+00  1.4498075971e+00  5.2565956645e-01 -2.5668616626e-02  3.6806206645e-02 -1.2158404920e-01 -1.0235674042e+00  2.4567173955e+00  1.5003714317e+00 -5.4224906478e+00  1.1136983546e+00  2.5519924312e+00 -4.0217073893e+00  1.4321162775e-01  3.0384970164e+00 -4.8527618508e+00 -2.1437933785e-01  1.5181529424e+00 -3.2748558851e+00  2.3692794147e+00  2.1009213027e+00 -4.1542009637e+00  2.0418380586e+00  6.1323612006e-01
ENERGY -2.705984463418e+02

JOB 15
COORDS  3.8404573428e-02  9.8424057595e-01  3.8534235545e-01 -1.0620386748e+00  1.5548297488e+00  8.9626789385e-01 -2.3801021990e+00  8.4666767172e-01  8.9970901304e-01 -4.1609781060e+00  7.9926684613e-01  2.6924305503e+00 -3.5770902814e+00  1.5749279058e+00  1.4992207403e+00 -2.5029900638e+00 -2.8629402202e-01  4.4664815732e-01  9.9807534105e-01  1.4941425143e+00  3.8050838306e-01 -1.4617401241e-02 -1.5400954879e-02 -3.9651721533e-02 -1.0224000808e+00  2.5550210564e+00  1.3232586648e+00 -5.0587147393e+00  1.2965032302e+00  3.0724027051e+00 -3.4380802127e+00  7.3209313921e-01  3.5124040164e+00 -4.4263126879e+00 -2.1637822339e-01  2.3884182753e+00 -3.3069632426e+00  2.5932801134e+00  1.7961807793e+00 -4.3346950829e+00  1.6508475610e+00  7.1054480715e-01
ENERGY -2.705980915817e+02

JOB 16
COORDS  5.0237120554e-02  9.9676166918e-01  3.5311619911e-01 -1.0582131370e+00  1.5922869192e+00  8.1527936395e-01 -2.3464718896e+00  8.4447416758e-01  9.6028312438e-01 -3.7688561501e+00  1.2372429031e+00  2.9935634765e+00 -3.5409256286e+00  1.6067440222e+00  1.5149940198e+00 -2.4345085105e+00 -3.4829027989e-01  6.8935572951e-01  9.8693517725e-01  1.5369111588e+00  2.4432111030e-01  2.7118474124e-02 -5.4089489204e-02  7.3881229044e-02 -1.0490899129e+00  2.6440624256e+00  1.0953964212e+00 -4.6432964131e+00  1.7625761706e+00  3.3897302174e+00 -2.9047512130e+00  1.5072685240e+00  3.6103523001e+00 -3.9349224175e+00  1.6118034091e-01  3.0922880992e+00 -3.3990179524e+00  2.6874924026e+00  1.4109252597e+00 -4.4197447308e+00  1.3186976256e+00  9.2983011131e-01
ENERGY -2.705983023811e+02

JOB 17
COORDS  3.1210181246e-02  9.9192802129e-01  4.1992676383e-01 -1.0874870745e+00  1.5519457003e+00  9.0026755056e-01 -2.4011527387e+00  8.3414584590e-01  8.7005167781e-01 -3.6784718401e+00  1.2922006913e+00  2.9809519673e+00 -3.5932164468e+00  1.5645691692e+00  1.4657578809e+00 -2.5052184169e+00 -3.0768537254e-01  4.3605359599e-01  9.8506774233e-01  1.5124815057e+00  4.3545073021e-01 -4.3561429893e-04 -9.8423346874e-03 -2.2342534084e-03 -1.0704252131e+00  2.5553534481e+00  1.3226746945e+00 -4.5435612800e+00  1.8039970801e+00  3.4136070610e+00 -2.7826790335e+00  1.6448608890e+00  3.5034910031e+00 -3.7817641943e+00  2.1988717853e-01  3.1703017629e+00 -3.5108058913e+00  2.6424232313e+00  1.2851369290e+00 -4.4965673637e+00  1.1970535070e+00  9.7187929777e-01
ENERGY -2.705987600534e+02

JOB 18
COORDS  1.7042505615e-02  9.8257635365e-01  4.7165814006e-01 -1.1103377516e+00  1.5089389264e+00  9.6863380107e-01 -2.4358335089e+00  8.3235445619e-01  7.9866397985e-01 -3.6119484297e+00  1.3460656427e+00  2.9729190881e+00 -3.6307823474e+00  1.5158934659e+00  1.4412643621e+00 -2.5472540968e+00 -2.2846134726e-01  1.9490004411e-01  9.7858556263e-01  1.4758020856e+00  5.8659894414e-01 -1.4507747859e-02  3.7311500116e-02 -6.5193344479e-02 -1.0916082127e+00  2.4553443155e+00  1.5067990437e+00 -4.4791956550e+00  1.8397800913e+00  3.4219125748e+00 -2.7111233334e+00  1.7809123019e+00  3.4182069305e+00 -3.6443507822e+00  2.8650186378e-01  3.2441747310e+00 -3.6159199200e+00  2.5844231906e+00  1.1918100865e+00 -4.5382734661e+00  1.0758757140e+00  1.0209682801e+00
ENERGY -2.705989947663e+02

JOB 19
COORDS  9.0103292551e-03  9.6208655997e-01  5.0399070831e-01 -1.1196601012e+00  1.4637896878e+00  1.0230662847e+00 -2.4554984196e+00  8.4709561260e-01  7.4099100047e-01 -3.5672983405e+00  1.3990952510e+00  2.9720975237e+00 -3.6564580003e+00  1.4675044086e+00  1.4367840523e+00 -2.5766958718e+00 -9.9386634711e-02 -2.8358369866e-02  9.7896767332e-01  1.4119679253e+00  6.9869196707e-01 -2.9294404562e-02  8.1114192497e-02 -1.3238144162e-01 -1.0910328768e+00  2.3443850125e+00  1.6621611018e+00 -4.4589931457e+00  1.8445159555e+00  3.4237232147e+00 -2.6959262651e+00  1.9367505105e+00  3.3579992273e+00 -3.4991997265e+00  3.6128818083e-01  3.3133359053e+00 -3.7227887555e+00  2.5191504380e+00  1.1253014334e+00 -4.5506392785e+00  9.5396146005e-01  1.0759140539e+00
ENERGY -2.705986691044e+02

JOB 20
COORDS  6.7270352841e-03  9.3052875436e-01  5.1941503128e-01 -1.1146664303e+00  1.4024932111e+00  1.0810669072e+00 -2.4628939724e+00  8.7658595888e-01  6.9478861325e-01 -3.5411244368e+00  1.4632897943e+00  2.9695939960e+00 -3.6737167060e+00  1.4229218829e+00  1.4385703261e+00 -2.5945794812e+00  6.8741628366e-02 -2.1807940563e-01  9.8700230413e-01  1.3132083119e+00  7.9102180491e-01 -4.7564944653e-02  1.4347599283e-01 -2.2894604078e-01 -1.0657516028e+00  2.1858556135e+00  1.8339233239e+00 -4.4813370053e+00  1.7976825944e+00  3.4188525220e+00 -2.7578619409e+00  2.1505565721e+00  3.3018516629e+00 -3.3117550258e+00  4.7206306954e-01  3.3740333349e+00 -3.8430584218e+00  2.4426623229e+00  1.0634278259e+00 -4.5349265549e+00  8.2325285332e-01  1.1337967594e+00
ENERGY -2.705979023161e+02

JOB 21
COORDS  6.5706097595e-03  9.1017881337e-01  5.1560760560e-01 -1.1044227042e+00  1.3080422919e+00  1.1514949812e+00 -2.4628019964e+00  9.0691488384e-01  6.6552412225e-01 -3.5256295875e+00  1.5434032123e+00  2.9606028650e+00 -3.6866548675e+00  1.3803648932e+00  1.4427660766e+00 -2.6014210639e+00  2.4747869991e-01 -3.5905765228e-01  9.9598054703e-01  1.2002540037e+00  8.5933163159e-01 -6.5714314212e-02  2.8004451338e-01 -3.6763391356e-01 -1.0352206112e+00  1.9336381861e+00  2.0373055945e+00 -4.4956152143e+00  1.7612220856e+00  3.4181925332e+00 -2.8531890539e+00  2.3657460617e+00  3.2218463110e+00 -3.1379561306e+00  6.3004056423e-01  3.4239703053e+00 -3.9756889650e+00  2.3437293460e+00  9.9911578019e-01 -4.4937438314e+00  6.8226100519e-01  1.2042504210e+00
ENERGY -2.705971707428e+02

JOB 22
COORDS  7.7812380982e-03  9.0156960086e-01  5.1681462652e-01 -1.0999501792e+00  1.2123219820e+00  1.2054411469e+00 -2.4605862980e+00  9.4572473884e-01  6.4105641241e-01 -3.5140384731e+00  1.6197616088e+00  2.9454930551e+00 -3.6966747614e+00  1.3330529152e+00  1.4508553200e+00 -2.5990850727e+00  4.4638083325e-01 -4.7060744726e-01  1.0004074353e+00  1.0927081328e+00  9.1609469875e-01 -7.0855617574e-02  4.4577572901e-01 -4.6730381136e-01 -1.0238856621e+00  1.6653644093e+00  2.1895441001e+00 -4.4870699232e+00  1.7959547033e+00  3.4145458091e+00 -2.9029857612e+00  2.5101842943e+00  3.1232057611e+00 -3.0455219781e+00  7.7744873828e-01  3.4654953509e+00 -4.1172798049e+00  2.2149807717e+00  9.4987898069e-01 -4.4257623255e+00  5.3209010290e-01  1.2928026584e+00
ENERGY -2.705967376816e+02

JOB 23
COORDS -6.0115708493e-02  1.0057223173e+00  2.4214238258e-01 -1.3031872404e+00  1.4824814026e+00  4.0216793120e-01 -2.3093112124e+00  7.4806814845e-01  1.2319441273e+00 -4.0531597383e+00  2.6333610192e+00  6.8110402804e-01 -3.7198164188e+00  1.3163097040e+00  1.3888139518e+00 -2.0218285784e+00 -3.0546716865e-01  1.7904526860e+00  6.7916219342e-01  1.5296754215e+00 -3.5800311349e-01  2.3214395546e-01  7.2578027216e-02  7.1782747969e-01 -1.5976170205e+00  2.4138655772e+00 -7.2030859107e-02 -5.0916844963e+00  2.9144619863e+00  8.8206860930e-01 -3.9410110282e+00  2.5533051311e+00 -4.0513511226e-01 -3.4192813467e+00  3.4558077998e+00  1.0284771310e+00 -4.4003068562e+00  5.2231175452e-01  1.0597585549e+00 -3.8864994302e+00  1.4093139965e+00  2.4683286268e+00
ENERGY -2.705965865704e+02

