JOB 0
COORDS  1.8886987032e+00 -1.0463287253e+00 -1.7613920646e-01  2.6734671666e+00 -1.7826697132e+00  1.9778525328e+00  7.0498184148e-01 -5.9769248044e-01  4.0575225325e-01  1.5004531262e+00 -1.3337311630e+00  2.5757065453e+00  2.8958932747e+00 -1.6434553159e+00  5.9610274274e-01  4.9858207152e-01 -7.1513431452e-01  1.7937829026e+00  3.9957489770e+00 -3.6582140026e+00 -4.7388127072e-01  4.1513635141e+00 -2.1870132697e+00 -4.4659121796e-02 -7.2555488941e-01 -2.2123621789e-01  2.2703914471e+00 -2.3821001025e+00  5.1155703617e-01  4.0322179981e+00 -9.9332871393e-01  4.8518183529e-02  3.7816214629e+00  2.0309266331e+00 -9.3509935968e-01 -1.2488686290e+00  3.4335599407e+00 -2.2600840984e+00  2.5927500200e+00 -7.6218769861e-02 -1.3661231580e-01 -1.9089269625e-01  1.3565005344e+00 -1.4806749899e+00  3.6428558309e+00  3.7647149134e+00 -4.2943702794e+00  3.8676531911e-01  4.9172499437e+00 -4.0285640433e+00 -9.3543151068e-01  3.1816390133e+00 -3.7695557827e+00 -1.1973510497e+00  4.4089565304e+00 -1.5799915180e+00 -9.1953601934e-01  4.9891516066e+00 -2.1011896799e+00  6.5637240752e-01
ENERGY -8.384415743156e+02

JOB 1
COORDS  1.8694563273e+00 -1.0571848929e+00 -1.7058152632e-01  2.6376075635e+00 -1.8071828382e+00  1.9842353843e+00  6.6903742318e-01 -6.3769551123e-01  3.9715281261e-01  1.4482277767e+00 -1.3821031642e+00  2.5713789297e+00  2.8772347086e+00 -1.6459135475e+00  6.0983099125e-01  4.5140007012e-01 -7.6960648842e-01  1.7819115709e+00  4.0172293011e+00 -3.6319540191e+00 -4.7339708497e-01  4.1478115024e+00 -2.1650999919e+00 -2.2088862962e-02 -7.8325790663e-01 -3.0632261941e-01  2.2697099482e+00 -2.2879240810e+00  6.0618009860e-01  4.0889737236e+00 -8.9550209949e-01  2.4831864672e-01  3.7226438319e+00  2.0246585735e+00 -9.3281867676e-01 -1.2401282619e+00  3.3930626624e+00 -2.2862669575e+00  2.6035076016e+00 -1.1148404335e-01 -1.8636534453e-01 -2.0789419610e-01  1.2778799123e+00 -1.5577479105e+00  3.6303375961e+00  3.7836356952e+00 -4.2827039925e+00  3.7558751637e-01  4.9490845795e+00 -3.9842791086e+00 -9.2831174521e-01  3.2136294568e+00 -3.7440288372e+00 -1.2084720734e+00  4.4088462110e+00 -1.5428137777e+00 -8.8523101339e-01  4.9754163759e+00 -2.0778213767e+00  6.9078416618e-01
ENERGY -8.384419178749e+02

JOB 2
COORDS  1.8471372704e+00 -1.0805824066e+00 -1.5769302546e-01  2.6041410285e+00 -1.8303907741e+00  1.9999756777e+00  6.3106929838e-01 -6.8736115557e-01  3.9426501797e-01  1.3981921661e+00 -1.4277661137e+00  2.5747219815e+00  2.8567315799e+00 -1.6572886364e+00  6.3166442623e-01  4.0010729327e-01 -8.3923806161e-01  1.7737838300e+00  4.0386492328e+00 -3.6014691091e+00 -4.8412771342e-01  4.1443924398e+00 -2.1465282846e+00  9.4822560790e-03 -8.4540081269e-01 -4.0399605323e-01  2.2763350137e+00 -2.2146266836e+00  7.5254298433e-01  4.0683808642e+00 -8.4885343594e-01  4.3170198560e-01  3.5921606804e+00  2.0159212384e+00 -9.4181459337e-01 -1.2234548643e+00  3.3613661368e+00 -2.2951275920e+00  2.6278825117e+00 -1.4785496486e-01 -2.4605528761e-01 -2.2033338592e-01  1.2117984687e+00 -1.6072716419e+00  3.6303532909e+00  3.7975732313e+00 -4.2775652030e+00  3.4268396131e-01  4.9820546931e+00 -3.9312783973e+00 -9.3217812947e-01  3.2491718107e+00 -3.7023988579e+00 -1.2360121440e+00  4.4148136941e+00 -1.4980403626e+00 -8.3137238899e-01  4.9577507653e+00 -2.0697955601e+00  7.3967555894e-01
ENERGY -8.384416331088e+02

JOB 3
COORDS  1.8263369291e+00 -1.0919657739e+00 -1.1551616591e-01  2.6068514362e+00 -1.8697260348e+00  2.0229259120e+00  6.0701495399e-01 -7.2473865093e-01  4.4939641376e-01  1.3967464763e+00 -1.4914393487e+00  2.6097530116e+00  2.8472684520e+00 -1.6719275271e+00  6.5695565866e-01  3.8405998518e-01 -9.1707984953e-01  1.8232343166e+00  4.0501688943e+00 -3.5748450796e+00 -5.0744649426e-01  4.1387305581e+00 -2.1301432219e+00  1.8029399632e-02 -8.6726219710e-01 -5.2331921390e-01  2.3674089122e+00 -2.1595765868e+00  8.5833520134e-01  4.0567758018e+00 -8.2757355251e-01  5.5443754851e-01  3.4888762054e+00  1.9896471391e+00 -9.2488806872e-01 -1.1781721524e+00  3.3770760085e+00 -2.3247259906e+00  2.6421877733e+00 -1.7874804949e-01 -2.8177421245e-01 -1.5541158409e-01  1.2190331775e+00 -1.6732180358e+00  3.6664288428e+00  3.8205856496e+00 -4.2719598977e+00  3.0508140147e-01  4.9959781407e+00 -3.8829381714e+00 -9.6596198204e-01  3.2592237592e+00 -3.6695190327e+00 -1.2586689814e+00  4.3973885542e+00 -1.4595662426e+00 -8.0919283315e-01  4.9544315337e+00 -2.0589215921e+00  7.4619736345e-01
ENERGY -8.384403560378e+02

JOB 4
COORDS  1.8232746676e+00 -1.0896325958e+00 -8.7321117959e-02  2.6213993113e+00 -1.9044053118e+00  2.0288200101e+00  6.0803746664e-01 -7.3018180802e-01  4.9529998545e-01  1.4147044421e+00 -1.5413667514e+00  2.6326810890e+00  2.8499316100e+00 -1.6835616914e+00  6.6430474780e-01  3.9870322675e-01 -9.5551530588e-01  1.8639623385e+00  4.0531762929e+00 -3.5639828787e+00 -5.3571372531e-01  4.1382717388e+00 -2.1259183713e+00  7.5663054731e-03 -8.5725516667e-01 -6.0616488105e-01  2.4461119959e+00 -2.1790616627e+00  9.7402830998e-01  3.9225951073e+00 -8.6325045384e-01  6.7746005445e-01  3.3186978098e+00  1.9777137236e+00 -9.0015247905e-01 -1.1475498011e+00  3.3999485401e+00 -2.3618216680e+00  2.6357533555e+00 -1.8193255531e-01 -2.7708892256e-01 -9.6881873571e-02  1.2468321933e+00 -1.7291696204e+00  3.6897447426e+00  3.8345683729e+00 -4.2728235679e+00  2.6970978991e-01  4.9964136579e+00 -3.8611459554e+00 -1.0066640379e+00  3.2558667376e+00 -3.6533171656e+00 -1.2808849821e+00  4.3860304894e+00 -1.4429481195e+00 -8.1284832661e-01  4.9602165674e+00 -2.0594278321e+00  7.2920231053e-01
ENERGY -8.384387621183e+02

JOB 5
COORDS  1.6520914870e+00 -1.3097390967e+00 -9.6650934187e-02  2.7737535185e+00 -1.7008223454e+00  1.9915696274e+00  4.7795070892e-01 -9.7963493647e-01  5.8423848605e-01  1.6094141091e+00 -1.3758305703e+00  2.6900276711e+00  2.8191263064e+00 -1.6735579062e+00  5.8978154950e-01  4.5618482464e-01 -1.0038487438e+00  1.9852312202e+00  4.1139198220e+00 -3.5951795425e+00 -4.3810501631e-01  4.0691382879e+00 -2.0821596762e+00 -1.5721482754e-01 -7.5814608289e-01 -7.3369673763e-01  2.6923412680e+00 -2.2753311408e+00  9.8214149262e-01  3.7777047474e+00 -1.0085576205e+00  7.5399228595e-01  3.0526001819e+00  1.6580319126e+00 -1.2792035511e+00 -1.1842095968e+00  3.6651553744e+00 -1.9778081148e+00  2.5505761260e+00 -4.2272233935e-01 -7.1063615325e-01  3.9328917454e-02  1.5841407374e+00 -1.4114828562e+00  3.7756041850e+00  4.0864445039e+00 -4.1664980157e+00  4.9561201702e-01  5.0273476465e+00 -3.8664949835e+00 -9.7836646264e-01  3.2544903480e+00 -3.9054906725e+00 -1.0414759397e+00  4.1255879500e+00 -1.5359348222e+00 -1.1054811063e+00  4.9539379190e+00 -1.7950396398e+00  4.2211680831e-01
ENERGY -8.384381598872e+02

JOB 6
COORDS  1.6610488734e+00 -1.2886809501e+00 -6.4325415494e-02  2.8107498144e+00 -1.7125844941e+00  2.0050501336e+00  5.0290271471e-01 -9.4996464555e-01  6.4038388731e-01  1.6607454077e+00 -1.3899788833e+00  2.7243927605e+00  2.8335695126e+00 -1.6687343217e+00  6.0136858045e-01  5.0362642495e-01 -9.8327642705e-01  2.0426104845e+00  4.0882785078e+00 -3.5970116129e+00 -4.6202166023e-01  4.0666571960e+00 -2.0858212162e+00 -1.6819405608e-01 -6.8475192585e-01 -7.2602263646e-01  2.7888379521e+00 -2.3893172197e+00  9.6080017015e-01  3.6109374138e+00 -1.1280452406e+00  7.6078965466e-01  2.8662927269e+00  1.6476581431e+00 -1.2562267078e+00 -1.1517708341e+00  3.7075042781e+00 -2.0081575068e+00  2.5457102251e+00 -4.0581342655e-01 -6.7733039922e-01  1.1044327721e-01  1.6484353695e+00 -1.4411582388e+00  3.8093382694e+00  4.0682882940e+00 -4.1758303187e+00  4.6724183431e-01  4.9898415451e+00 -3.8747539959e+00 -1.0186284891e+00  3.2158736616e+00 -3.8916846318e+00 -1.0544856046e+00  4.1152429019e+00 -1.5322747637e+00 -1.1126129199e+00  4.9635835437e+00 -1.8146443575e+00  4.0002348916e-01
ENERGY -8.384390686605e+02

JOB 7
COORDS  1.6574574992e+00 -1.2705127285e+00 -2.6809327924e-02  2.8315507464e+00 -1.7278061726e+00  2.0224351715e+00  5.1174811728e-01 -9.3156047457e-01  6.9658031693e-01  1.6937895517e+00 -1.4093565423e+00  2.7598244603e+00  2.8370117053e+00 -1.6643004944e+00  6.1830234453e-01  5.2923921684e-01 -9.7850626203e-01  2.1011576421e+00  4.0634370593e+00 -3.5928466688e+00 -4.7643903703e-01  4.0556229936e+00 -2.0833291581e+00 -1.7234057815e-01 -6.2255999463e-01 -7.0804474078e-01  2.8836350066e+00 -2.4975323511e+00  8.7788403447e-01  3.5149056586e+00 -1.2589174314e+00  7.0387086889e-01  2.7237340091e+00  1.6281023469e+00 -1.2333631944e+00 -1.1137509308e+00  3.7325057855e+00 -2.0398632933e+00  2.5464965782e+00 -4.0404334515e-01 -6.6102260865e-01  1.7758652959e-01  1.6927520205e+00 -1.4740973613e+00  3.8439316197e+00  4.0530839154e+00 -4.1778667010e+00  4.4904472762e-01  4.9553387399e+00 -3.8720456452e+00 -1.0475878182e+00  3.1809926681e+00 -3.8780016283e+00 -1.0585588918e+00  4.0933079356e+00 -1.5238212388e+00 -1.1136904447e+00  4.9624066734e+00 -1.8216600364e+00  3.8452187302e-01
ENERGY -8.384406395298e+02

JOB 8
COORDS  1.6784072618e+00 -1.2488835332e+00 -9.7381900785e-03  2.8663984537e+00 -1.7253395674e+00  2.0296390605e+00  5.4594330598e-01 -8.9105432917e-01  7.2190409447e-01  1.7406979817e+00 -1.3870729652e+00  2.7755752207e+00  2.8588895987e+00 -1.6602130109e+00  6.2592654083e-01  5.7442211981e-01 -9.3641374411e-01  2.1296919406e+00  4.0377355116e+00 -3.6069893305e+00 -4.8828314671e-01  4.0618300573e+00 -2.0989206275e+00 -1.7700311220e-01 -5.3165756010e-01 -6.1315323926e-01  2.9437209710e+00 -2.5397076618e+00  8.4311828534e-01  3.4638542386e+00 -1.3493565275e+00  6.6899166428e-01  2.5984452926e+00  1.6396275369e+00 -1.2177280017e+00 -1.0965882362e+00  3.7663521176e+00 -2.0541492715e+00  2.5450079260e+00 -3.6978735673e-01 -6.1594847799e-01  2.0510853414e-01  1.7469761900e+00 -1.4459100764e+00  3.8598612635e+00  4.0236170927e+00 -4.1960780882e+00  4.3450720667e-01  4.9196515176e+00 -3.9000191971e+00 -1.0678377782e+00  3.1455700362e+00 -3.8723544614e+00 -1.0648717828e+00  4.1022609694e+00 -1.5356480998e+00 -1.1159888507e+00  4.9778909915e+00 -1.8578105330e+00  3.7378091229e-01
ENERGY -8.384417359472e+02

JOB 9
COORDS  1.7021914885e+00 -1.2219308368e+00 -9.0168318320e-03  2.8820826485e+00 -1.7089072123e+00  2.0322867118e+00  5.7700767328e-01 -8.4012387937e-01  7.1741334198e-01  1.7622055718e+00 -1.3421832762e+00  2.7743620510e+00  2.8764469443e+00 -1.6536871988e+00  6.2945540696e-01  5.9979791231e-01 -8.7951316604e-01  2.1283390119e+00  4.0050545059e+00 -3.6274023859e+00 -4.8717004785e-01  4.0686685547e+00 -2.1209177423e+00 -1.7263782356e-01 -4.7242079489e-01 -5.1261457525e-01  2.9600345666e+00 -2.5991531214e+00  7.5850212720e-01  3.4750872140e+00 -1.4908303063e+00  5.7715237791e-01  2.5052886422e+00  1.6660662319e+00 -1.1959064472e+00 -1.0960988874e+00  3.7752662702e+00 -2.0509303180e+00  2.5506703960e+00 -3.2781991787e-01 -5.4730956371e-01  1.9133585538e-01  1.7664910071e+00 -1.3877711523e+00  3.8592096783e+00  3.9751247627e+00 -4.2176636083e+00  4.3443372633e-01  4.8793736478e+00 -3.9418137490e+00 -1.0669322275e+00  3.1067331369e+00 -3.8682582640e+00 -1.0649481758e+00  4.1247087500e+00 -1.5571953044e+00 -1.1105750128e+00  4.9898250351e+00 -1.9051639571e+00  3.7997712413e-01
ENERGY -8.384418990133e+02

JOB 10
COORDS  1.7293644599e+00 -1.2008244883e+00 -1.7045132989e-02  2.8961863639e+00 -1.6925599681e+00  2.0320253257e+00  6.1081942272e-01 -7.9101319302e-01  7.0096209763e-01  1.7814242116e+00 -1.2920757782e+00  2.7655111768e+00  2.8935995530e+00 -1.6528497361e+00  6.3000951283e-01  6.2495017149e-01 -8.2170886343e-01  2.1140822633e+00  3.9810380827e+00 -3.6491533746e+00 -4.8608712534e-01  4.0791840280e+00 -2.1455620691e+00 -1.6598451011e-01 -4.2576543647e-01 -4.2394253122e-01  2.9547758976e+00 -2.6325424534e+00  6.6513484846e-01  3.5258609578e+00 -1.6334585935e+00  4.2356035516e-01  2.4536932488e+00  1.7010198856e+00 -1.1762477943e+00 -1.1044222256e+00  3.7818701287e+00 -2.0439414139e+00  2.5568850084e+00 -2.7674363275e-01 -4.6679061115e-01  1.6410417799e-01  1.7815239598e+00 -1.3207629357e+00  3.8508736466e+00  3.9320156381e+00 -4.2414269157e+00  4.3336005546e-01  4.8510038106e+00 -3.9820055766e+00 -1.0620323179e+00  3.0807237615e+00 -3.8667681683e+00 -1.0699185446e+00  4.1546126515e+00 -1.5804691502e+00 -1.1017570770e+00  5.0015658913e+00 -1.9539773932e+00  3.9326676997e-01
ENERGY -8.384415517411e+02

JOB 11
COORDS  1.7708706919e+00 -1.1821783195e+00 -2.9781963411e-02  2.9249698076e+00 -1.6821315716e+00  2.0241880555e+00  6.5903304687e-01 -7.4672318969e-01  6.8207635394e-01  1.8184347187e+00 -1.2496031787e+00  2.7524926259e+00  2.9237875850e+00 -1.6574411915e+00  6.2241202864e-01  6.6658539353e-01 -7.7545375873e-01  2.0959091932e+00  3.9664809954e+00 -3.6786738051e+00 -4.8764564783e-01  4.1005789852e+00 -2.1775082861e+00 -1.6877088420e-01 -3.7903376061e-01 -3.6744211681e-01  2.9369333151e+00 -2.6579480044e+00  5.4464216707e-01  3.5286573397e+00 -1.7368455493e+00  1.9165124087e-01  2.4176611760e+00  1.7504209918e+00 -1.1517566333e+00 -1.1171516049e+00  3.8045953936e+00 -2.0417792236e+00  2.5535008079e+00 -2.0949861435e-01 -3.8311548643e-01  1.3940681815e-01  1.8174717381e+00 -1.2641460387e+00  3.8381288063e+00  3.9001445714e+00 -4.2684201279e+00  4.3232876662e-01  4.8295757700e+00 -4.0334183959e+00 -1.0607840636e+00  3.0627107607e+00 -3.8746074175e+00 -1.0738417968e+00  4.1924799511e+00 -1.6155500848e+00 -1.1049415688e+00  5.0253274505e+00 -2.0075740389e+00  3.9343550035e-01
ENERGY -8.384413449880e+02

JOB 12
COORDS  1.8098857750e+00 -1.1739011905e+00 -4.0992853787e-02  2.9591342099e+00 -1.6734665758e+00  2.0173270432e+00  7.0657635094e-01 -7.1379587567e-01  6.6973078167e-01  1.8639712142e+00 -1.2103637551e+00  2.7436885817e+00  2.9528282035e+00 -1.6662844653e+00  6.1489412358e-01  7.1412866944e-01 -7.3666858656e-01  2.0831741388e+00  3.9541826595e+00 -3.7047487538e+00 -5.0205203979e-01  4.1215449643e+00 -2.2091174402e+00 -1.7314626666e-01 -3.3219074573e-01 -3.1209099286e-01  2.9158784809e+00 -2.6848319254e+00  4.2730064050e-01  3.4647462904e+00 -1.7803887586e+00 -6.8126804684e-02  2.3958058841e+00  1.7933582025e+00 -1.1401836998e+00 -1.1283467101e+00  3.8359704866e+00 -2.0378203010e+00  2.5481247032e+00 -1.4657913560e-01 -3.1416207465e-01  1.2799334337e-01  1.8683749720e+00 -1.2084850539e+00  3.8294183917e+00  3.8695227773e+00 -4.2984779847e+00  4.1387493560e-01  4.8117408092e+00 -4.0759652648e+00 -1.0731292371e+00  3.0492126569e+00 -3.8761577766e+00 -1.0940749602e+00  4.2319644785e+00 -1.6439092378e+00 -1.1053829074e+00  5.0470292961e+00 -2.0643287367e+00  3.9479425405e-01
ENERGY -8.384415422553e+02

JOB 13
COORDS  1.7923978265e+00 -1.1140589754e+00 -2.6133425525e-02  2.9272059886e+00 -1.6551368258e+00  2.0273132881e+00  7.0005182431e-01 -6.3053493656e-01  6.8983922731e-01  1.8488193438e+00 -1.1651764877e+00  2.7596511105e+00  2.9200266721e+00 -1.6427251963e+00  6.2347567943e-01  7.0774343789e-01 -6.6846069918e-01  2.1009608228e+00  3.8954209512e+00 -3.7100130059e+00 -4.6370725780e-01  4.0765848697e+00 -2.2095639769e+00 -1.6629595812e-01 -3.3794790690e-01 -2.1286774576e-01  2.9221578624e+00 -2.7626818830e+00  3.3401509955e-01  3.3974422159e+00 -1.8151478483e+00 -2.6676541019e-01  2.4263873508e+00  1.7783121259e+00 -1.0642535516e+00 -1.1128182938e+00  3.7963799204e+00 -2.0424505107e+00  2.5545129263e+00 -1.3659501140e-01 -1.8578406000e-01  1.5751782738e-01  1.8593533942e+00 -1.1653923531e+00  3.8453895355e+00  3.8158784736e+00 -4.2852121117e+00  4.6449127090e-01  4.7443743891e+00 -4.0990662186e+00 -1.0358556217e+00  2.9830493206e+00 -3.8860496208e+00 -1.0429008557e+00  4.1811233028e+00 -1.6635687506e+00 -1.1104502277e+00  5.0094897696e+00 -2.0604174375e+00  3.8849371578e-01
ENERGY -8.384418917383e+02

JOB 14
COORDS  1.8122888349e+00 -1.0742200458e+00 -2.7440477936e-02  2.9301228914e+00 -1.6482359860e+00  2.0255096559e+00  7.2997528448e-01 -5.6912159079e-01  6.9339260368e-01  1.8663314171e+00 -1.1347688748e+00  2.7621523884e+00  2.9244178068e+00 -1.6312002784e+00  6.2034434792e-01  7.3708063145e-01 -6.1624412199e-01  2.1013876580e+00  3.8696661373e+00 -3.7226084755e+00 -4.4928759986e-01  4.0704478380e+00 -2.2217773036e+00 -1.6812554176e-01 -3.0234834558e-01 -1.0280204432e-01  2.9051230390e+00 -2.7691536848e+00  2.5584744021e-01  3.3627055127e+00 -1.7736691667e+00 -4.2321267953e-01  2.5000107956e+00  1.7988775541e+00 -1.0178706342e+00 -1.1137985740e+00  3.7905146781e+00 -2.0572417770e+00  2.5508350805e+00 -9.7170852476e-02 -9.6995299446e-02  1.6979567505e-01  1.8821518972e+00 -1.1344276036e+00  3.8479167261e+00  3.7857162655e+00 -4.2872979635e+00  4.8503956243e-01  4.7117436928e+00 -4.1287758970e+00 -1.0198023788e+00  2.9531805912e+00 -3.8928664935e+00 -1.0237227950e+00  4.1786088166e+00 -1.6867101751e+00 -1.1180632346e+00  5.0075562882e+00 -2.0787888890e+00  3.8142384124e-01
ENERGY -8.384417352332e+02

JOB 15
COORDS  1.8280533015e+00 -1.0488488950e+00 -4.4149463261e-02  2.9094122885e+00 -1.6420370220e+00  2.0209284938e+00  7.4296470768e-01 -5.2852489604e-01  6.6486625501e-01  1.8442191995e+00 -1.1123038443e+00  2.7453266687e+00  2.9228382589e+00 -1.6224394148e+00  6.1552131074e-01  7.3339759177e-01 -5.7873021934e-01  2.0690863769e+00  3.8487418874e+00 -3.7314494803e+00 -4.3844527711e-01  4.0685437992e+00 -2.2332216041e+00 -1.5880404070e-01 -3.0882418451e-01 -5.0112440575e-03  2.8408411977e+00 -2.7819600555e+00  1.4632599518e-01  3.3792111116e+00 -1.7431067465e+00 -5.5812455427e-01  2.5950290350e+00  1.8254297299e+00 -9.9489601614e-01 -1.1307112520e+00  3.7556656530e+00 -2.0665615607e+00  2.5569832759e+00 -7.7851999594e-02 -4.9999299132e-02  1.3721862591e-01  1.8512744542e+00 -1.1098725855e+00  3.8312857850e+00  3.7460247079e+00 -4.2923718122e+00  4.9634634350e-01  4.6905261575e+00 -4.1523135886e+00 -9.9877085563e-01  2.9359007674e+00 -3.8893758589e+00 -1.0221966799e+00  4.1953765333e+00 -1.7023319215e+00 -1.1088078784e+00  5.0018355913e+00 -2.1026399985e+00  4.0037604018e-01
ENERGY -8.384406559333e+02

JOB 16
COORDS  1.8602546108e+00 -1.0297162491e+00 -6.7303684245e-02  2.9018394993e+00 -1.6283494527e+00  2.0149741634e+00  7.7269732272e-01 -4.8864348795e-01  6.2346653879e-01  1.8315975773e+00 -1.0821682347e+00  2.7222488162e+00  2.9379732387e+00 -1.6135022824e+00  6.1100054690e-01  7.4560800253e-01 -5.3085838517e-01  2.0252771953e+00  3.8370781517e+00 -3.7377443450e+00 -4.3787476435e-01  4.0848489128e+00 -2.2468445814e+00 -1.4392653297e-01 -3.0472511678e-01  9.1044537577e-02  2.7635854160e+00 -2.7309074604e+00  6.0146844224e-02  3.4977404314e+00 -1.6688705631e+00 -6.5201067682e-01  2.7560203349e+00  1.8696256200e+00 -9.8858864015e-01 -1.1544406935e+00  3.7313310254e+00 -2.0661190692e+00  2.5663752226e+00 -4.2174669845e-02 -1.2562709158e-02  8.4717385347e-02  1.8244143313e+00 -1.0772466467e+00  3.8084058311e+00  3.7009349431e+00 -4.3014228204e+00  4.9103356316e-01  4.6807902391e+00 -4.1751615433e+00 -9.8248759846e-01  2.9337291223e+00 -3.8713514143e+00 -1.0421874938e+00  4.2437187401e+00 -1.7130310295e+00 -1.0875327066e+00  5.0091989235e+00 -2.1409640999e+00  4.3499105742e-01
ENERGY -8.384390941055e+02

JOB 17
COORDS  1.8795994607e+00 -1.0104066055e+00 -9.6507574141e-02  2.8635300223e+00 -1.6265335061e+00  2.0071871703e+00  7.8532764824e-01 -4.5117763195e-01  5.6752571111e-01  1.7789716944e+00 -1.0711494552e+00  2.6887320703e+00  2.9354050207e+00 -1.6076614499e+00  6.0640660683e-01  7.2739217337e-01 -4.8926953541e-01  1.9671351364e+00  3.8336760965e+00 -3.7423004901e+00 -4.2436053933e-01  4.0913288282e+00 -2.2546762220e+00 -1.2324614592e-01 -3.4936295595e-01  1.4773247933e-01  2.6616833880e+00 -2.6792005993e+00 -3.2633333692e-02  3.6423119572e+00 -1.5960879710e+00 -7.3638001361e-01  2.9252238891e+00  1.9111208142e+00 -9.7640869113e-01 -1.1835176773e+00  3.6710426764e+00 -2.0792888846e+00  2.5787964896e+00 -1.6031022480e-02  2.7310056237e-02  1.1372926350e-02  1.7449631896e+00 -1.0733877807e+00  3.7746194302e+00  3.6713170635e+00 -4.3053635865e+00  5.0070936262e-01  4.6839046059e+00 -4.1886117890e+00 -9.5139166076e-01  2.9420596270e+00 -3.8653406958e+00 -1.0480888735e+00  4.2772645050e+00 -1.7220612567e+00 -1.0626258108e+00  5.0038757141e+00 -2.1593251808e+00  4.7588081358e-01
ENERGY -8.384381714426e+02

JOB 18
COORDS  1.9057272760e+00 -9.9239257396e-01 -1.3284796303e-01  2.8326193571e+00 -1.6158326079e+00  1.9956038401e+00  8.0632662681e-01 -4.1356619310e-01  5.0127695724e-01  1.7332636371e+00 -1.0505593501e+00  2.6472269301e+00  2.9381328248e+00 -1.6010212886e+00  5.9856462398e-01  7.1371882896e-01 -4.4299511975e-01  1.9004313244e+00  3.8245583334e+00 -3.7459682144e+00 -4.1916167416e-01  4.1017073090e+00 -2.2649017432e+00 -1.0305855638e-01 -4.0118422980e-01  1.7832839097e-01  2.5410899831e+00 -2.5959925979e+00 -9.4743484856e-02  3.7794077453e+00 -1.4828701834e+00 -7.8638978520e-01  3.0963816080e+00  1.9624570911e+00 -9.6786656251e-01 -1.2191143970e+00  3.6202240641e+00 -2.0761707393e+00  2.5884846675e+00  2.0988313324e-02  6.8244894229e-02 -7.4034873335e-02  1.6740728103e+00 -1.0516784063e+00  3.7322278142e+00  3.6268572027e+00 -4.3103439764e+00  4.9817684273e-01  4.6802513911e+00 -4.2053696372e+00 -9.2564675030e-01  2.9480346104e+00 -3.8493733885e+00 -1.0673767797e+00  4.3224597230e+00 -1.7312178529e+00 -1.0342746542e+00  4.9992524274e+00 -2.1892865655e+00  5.2086650101e-01
ENERGY -8.384387461189e+02

JOB 19
COORDS  1.9127984621e+00 -9.9613197391e-01 -1.4782381588e-01  2.7990418041e+00 -1.6252863214e+00  1.9969001866e+00  8.0275018040e-01 -4.1942432866e-01  4.6504093115e-01  1.6853220420e+00 -1.0668999476e+00  2.6290427170e+00  2.9316130591e+00 -1.6078427335e+00  6.0258761998e-01  6.7633522222e-01 -4.5813321328e-01  1.8637186145e+00  3.8337339169e+00 -3.7385094300e+00 -4.2825798048e-01  4.1107413326e+00 -2.2647728411e+00 -7.8519083300e-02 -4.6936859121e-01  1.3565634926e-01  2.4563810889e+00 -2.5188034077e+00 -1.0572033902e-01  3.9296436950e+00 -1.3810890087e+00 -8.0598934182e-01  3.2941827035e+00  1.9935052818e+00 -9.6615944575e-01 -1.2323780593e+00  3.5799575647e+00 -2.0787251347e+00  2.6036163547e+00  2.6922524066e-02  6.3195023471e-02 -1.2206086320e-01  1.6151537101e+00 -1.0615966533e+00  3.7135113584e+00  3.6097658402e+00 -4.3178645074e+00  4.7352405052e-01  4.6999061401e+00 -4.1931661136e+00 -9.2089294963e-01  2.9737506714e+00 -3.8255431699e+00 -1.1005101283e+00  4.3598927596e+00 -1.7161703177e+00 -9.9378076770e-01  4.9909061300e+00 -2.2058759203e+00  5.7128558782e-01
ENERGY -8.384403311702e+02

JOB 20
COORDS  1.9184569529e+00 -9.9955516674e-01 -1.7067377096e-01  2.7621091502e+00 -1.6490694743e+00  1.9889888897e+00  7.9497350421e-01 -4.3435711568e-01  4.2642258449e-01  1.6348942087e+00 -1.1023691285e+00  2.6034397486e+00  2.9212082996e+00 -1.6170931473e+00  5.9627002274e-01  6.3087662031e-01 -4.9799224067e-01  1.8223938780e+00  3.8634390788e+00 -3.7292427266e+00 -4.3528610112e-01  4.1202245268e+00 -2.2565689143e+00 -6.5209160495e-02 -5.3577049671e-01  8.1581673820e-02  2.3668070137e+00 -2.4622690681e+00  1.9512570184e-02  4.0128755269e+00 -1.3140504806e+00 -7.2753493735e-01  3.4483995013e+00  2.0262931253e+00 -9.5077604239e-01 -1.2521599167e+00  3.5383354502e+00 -2.0964279508e+00  2.6061626900e+00  2.8668983290e-02  5.3797692747e-02 -1.6823336168e-01  1.5555760761e+00 -1.0976968891e+00  3.6873742277e+00  3.6256313463e+00 -4.3197633023e+00  4.5558612261e-01  4.7442880677e+00 -4.1707265799e+00 -9.1357397855e-01  3.0190677684e+00 -3.8168210068e+00 -1.1268656753e+00  4.3837079990e+00 -1.6967937686e+00 -9.6955756465e-01  4.9855656887e+00 -2.1969377927e+00  6.0410853558e-01
ENERGY -8.384416124966e+02

JOB 21
COORDS  1.9115982666e+00 -1.0096665198e+00 -1.7253665944e-01  2.7325980124e+00 -1.6923222142e+00  1.9852056046e+00  7.7193566740e-01 -4.7483196161e-01  4.2253506275e-01  1.5933438062e+00 -1.1736605739e+00  2.5964426693e+00  2.9109203561e+00 -1.6308921497e+00  5.9362505175e-01  5.8267643395e-01 -5.7487114507e-01  1.8141862690e+00  3.9010404743e+00 -3.7167224608e+00 -4.4376440431e-01  4.1275442976e+00 -2.2418525256e+00 -6.1628481190e-02 -6.0143057433e-01 -1.6982100720e-02  2.3276713802e+00 -2.4501628432e+00  1.5186808555e-01  4.0481560003e+00 -1.2622934061e+00 -6.1875569794e-01  3.6052826089e+00  2.0352963781e+00 -9.3139161259e-01 -1.2504965229e+00  3.5094902563e+00 -2.1379492417e+00  2.6027827035e+00  5.6061695800e-03  1.6045456051e-02 -1.6971049415e-01  1.5080604701e+00 -1.1936711272e+00  3.6797063427e+00  3.6662607031e+00 -4.3177501750e+00  4.4084042750e-01  4.7943258309e+00 -4.1383601528e+00 -9.1675302344e-01  3.0647092886e+00 -3.8147615654e+00 -1.1435451422e+00  4.3877791994e+00 -1.6709465606e+00 -9.5981038471e-01  4.9857756135e+00 -2.1712380649e+00  6.1579542995e-01
ENERGY -8.384419162044e+02

JOB 22
COORDS  1.9090651894e+00 -1.0267778869e+00 -1.7921190426e-01  2.7176368922e+00 -1.7375035708e+00  1.9749609777e+00  7.5359928431e-01 -5.2490741027e-01  4.1574946992e-01  1.5670370045e+00 -1.2477076237e+00  2.5842487111e+00  2.9103728423e+00 -1.6440232706e+00  5.8496419307e-01  5.5286494453e-01 -6.4718267074e-01  1.8042257446e+00  3.9483065451e+00 -3.7019334361e+00 -4.6079152556e-01  4.1427786702e+00 -2.2253798614e+00 -6.7002284012e-02 -6.4630903885e-01 -1.0861755757e-01  2.2950609642e+00 -2.4523805605e+00  2.9502856317e-01  4.0155780283e+00 -1.1980957260e+00 -4.4086400213e-01  3.7138535979e+00  2.0410211449e+00 -9.2693067516e-01 -1.2543532401e+00  3.4930743223e+00 -2.1890268039e+00  2.5901649693e+00 -1.7695493203e-02 -3.7879944782e-02 -1.7312277417e-01  1.4699243353e+00 -1.3078273080e+00  3.6650006869e+00  3.7204694687e+00 -4.3140943656e+00  4.1795464289e-01  4.8529689257e+00 -4.1017512860e+00 -9.3098900941e-01  3.1184471793e+00 -3.8115932037e+00 -1.1664282519e+00  4.3963177728e+00 -1.6428573175e+00 -9.5951802822e-01  4.9953338855e+00 -2.1425170613e+00  6.1626737444e-01
ENERGY -8.384415734245e+02

JOB 23
COORDS  1.9077781819e+00 -1.0301981099e+00 -1.8475834976e-01  2.7019297500e+00 -1.7537018783e+00  1.9709050846e+00  7.3975153168e-01 -5.5115437003e-01  4.0537270334e-01  1.5425113093e+00 -1.2806284454e+00  2.5746334136e+00  2.9095995367e+00 -1.6396309285e+00  5.8368947007e-01  5.3499237649e-01 -6.6878524043e-01  1.7934955931e+00  3.9709726138e+00 -3.6851906916e+00 -4.6221206870e-01  4.1510869687e+00 -2.2086691504e+00 -6.1436482631e-02 -6.7742085850e-01 -1.4755195250e-01  2.2682822415e+00 -2.4364045818e+00  4.4027906384e-01  3.9816141048e+00 -1.1012075087e+00 -1.7488757371e-01  3.7667748909e+00  2.0444697329e+00 -9.2592420949e-01 -1.2588674087e+00  3.4686657801e+00 -2.2199736529e+00  2.5860740685e+00 -3.6356166134e-02 -7.5351623762e-02 -1.8627684644e-01  1.4241190467e+00 -1.3840463872e+00  3.6499636527e+00  3.7415513299e+00 -4.3025129540e+00  4.1248626112e-01  4.8820445120e+00 -4.0761397635e+00 -9.2736923549e-01  3.1469864790e+00 -3.7983743245e+00 -1.1741039343e+00  4.4061795332e+00 -1.6204922597e+00 -9.4973707598e-01  4.9978249831e+00 -2.1217614409e+00  6.2859291158e-01
ENERGY -8.384413446885e+02

