JOB 0
COORDS -1.7512131434e+00  2.3048611417e+00 -1.8950327705e+00 -7.5911245218e-01  2.7376086201e+00 -1.0126938255e+00 -2.0817742060e+00  9.4614244934e-01 -1.9299036683e+00 -1.0084084406e-01  1.8245477156e+00 -1.8394980839e-01 -1.4274596832e+00  3.7205786260e-02 -1.0968381545e+00 -4.1140438139e-01  4.5449653687e-01 -2.1774674148e-01  1.0934581010e+00  8.3620193150e-02  1.8349919404e+00 -4.3616741656e-01 -1.7978991414e+00  1.0905180796e+00  7.3359065404e-01 -1.8739626778e+00  1.4913234741e-01  2.7836615595e-01 -5.2099971726e-01  6.9682775763e-01  3.1669183618e+00  1.1454263524e+00  2.5784050265e+00  2.9565639057e+00  5.2713384408e-01  2.0530380741e-01  2.3476600821e+00  5.5482256867e-01  1.5271710751e+00  6.4044643754e-01  1.3450915509e-01  2.9794996939e+00 -2.2649697664e+00  3.0135242709e+00 -2.5391816751e+00 -4.9864819228e-01  3.7918692298e+00 -9.6030984869e-01 -2.8588751119e+00  5.9200473403e-01 -2.6027519032e+00  6.5110763003e-01  2.1922498405e+00  5.0679331719e-01 -1.7115249321e+00 -1.0098944217e+00 -1.1486656019e+00 -1.4360766981e+00 -1.9612734727e+00  7.0434381762e-01 -2.9303636656e-01 -2.1183352811e+00  2.1165243942e+00  1.6681293918e+00 -2.2827878194e+00  5.2453859253e-01  5.4843338780e-01 -2.0592401733e+00 -9.0588257737e-01  4.1127262076e+00  5.9772560389e-01  2.6754710404e+00  3.3972338290e+00  2.1920661943e+00  2.3416656896e+00  2.6219416384e+00  1.0986148131e+00  3.5195540150e+00  3.2348224123e+00  1.5422685335e+00 -1.0427830350e-01  3.8667625807e+00 -8.7020260964e-02  2.1729857734e-01  2.2727457905e+00  1.2236190096e-01 -5.3528118607e-01
ENERGY -5.963732739231e+02

JOB 1
COORDS -1.8300598833e+00  2.3088939321e+00 -1.9079191622e+00 -6.8125156319e-01  2.6909429438e+00 -1.2110020980e+00 -2.3017030326e+00  1.0001815209e+00 -1.7701878747e+00 -7.9062647564e-03  1.7735483266e+00 -4.0053657308e-01 -1.6307636360e+00  8.7765412350e-02 -9.5248570278e-01 -4.5841819889e-01  4.4802440192e-01 -2.6604421775e-01  1.0287515108e+00  9.6405392937e-02  1.7904391447e+00 -3.4019042500e-01 -1.8642169697e+00  9.6069446591e-01  8.2640140147e-01 -1.8199782022e+00  1.2584079274e-02  2.7794129361e-01 -5.2606979724e-01  6.1649838406e-01  3.0711805719e+00  1.1116781020e+00  2.6686023333e+00  3.0184745666e+00  4.7359269569e-01  2.9211211313e-01  2.3139884158e+00  5.3253325538e-01  1.5650670748e+00  4.9163026513e-01  1.9216587307e-01  2.8943025171e+00 -2.3563199390e+00  3.0211201707e+00 -2.5379369916e+00 -3.0945587059e-01  3.7095791527e+00 -1.2899417791e+00 -3.2036425792e+00  6.8864885254e-01 -2.2911972203e+00  8.6530817658e-01  2.1073147962e+00  1.5005036994e-01 -2.0331417250e+00 -9.1577547669e-01 -8.6136370427e-01 -1.3236030309e+00 -2.1042882507e+00  5.7429818752e-01 -1.6621756325e-01 -2.2140686111e+00  1.9723781989e+00  1.7889763102e+00 -2.1818211946e+00  3.6463245850e-01  6.4214001274e-01 -1.9750241077e+00 -1.0473701793e+00  3.9965967426e+00  5.4519640256e-01  2.8320429661e+00  3.3380350313e+00  2.1524477100e+00  2.4453670929e+00  2.4615528724e+00  1.0805980483e+00  3.5698459579e+00  3.4252965877e+00  1.4624417740e+00  4.7149449687e-02  3.8570638459e+00 -2.3401392185e-01  3.4392994346e-01  2.3556469683e+00  1.7099513255e-01 -5.1370789063e-01
ENERGY -5.963711050079e+02

JOB 2
COORDS -1.9017252338e+00  2.3000480260e+00 -1.8948292234e+00 -6.2455220591e-01  2.6089507715e+00 -1.4179786495e+00 -2.4743849723e+00  1.0723803112e+00 -1.5532081744e+00  7.3897861351e-02  1.6940848134e+00 -6.2732322292e-01 -1.7745860709e+00  1.6242773977e-01 -7.5525642591e-01 -4.7874597888e-01  4.4378374700e-01 -2.9427655146e-01  9.9818138851e-01  1.0159828882e-01  1.7559414786e+00 -2.5231360359e-01 -1.9093374377e+00  8.4283436317e-01  9.2082725877e-01 -1.7689363049e+00 -8.9692496300e-02  2.9778896194e-01 -5.3094996219e-01  5.5570158480e-01  2.9822560559e+00  1.1307001181e+00  2.7425922800e+00  3.0847609661e+00  4.6960544001e-01  3.7976850584e-01  2.2928316484e+00  5.4234858304e-01  1.5992817637e+00  4.0213452214e-01  2.0704373252e-01  2.8283605676e+00 -2.4473732806e+00  3.0106169414e+00 -2.5101455141e+00 -1.7146447134e-01  3.5682311962e+00 -1.6558994173e+00 -3.4758939929e+00  8.2418663092e-01 -1.8958007237e+00  1.0506252084e+00  1.9743167121e+00 -2.4861929224e-01 -2.2579975633e+00 -7.7036286185e-01 -4.8652968871e-01 -1.2106497841e+00 -2.1956468856e+00  4.2654112014e-01 -7.2099585050e-02 -2.2944190577e+00  1.8407448624e+00  1.8951601908e+00 -2.0979189741e+00  2.6129303739e-01  7.5219390897e-01 -1.9000898054e+00 -1.1553321451e+00  3.9022962723e+00  5.7276514232e-01  2.9576165040e+00  3.2511265735e+00  2.1735039565e+00  2.5318837554e+00  2.3239493235e+00  1.0960083411e+00  3.6085562521e+00  3.5065672775e+00  1.4568078617e+00  1.5288277379e-01  3.9203635579e+00 -2.3343640143e-01  5.0012221175e-01  2.4838119125e+00  1.5301500717e-01 -4.6772388902e-01
ENERGY -5.963695523272e+02

JOB 3
COORDS -1.9445488220e+00  2.2826978868e+00 -1.8708577365e+00 -5.8243577814e-01  2.4937257407e+00 -1.6341661355e+00 -2.5660283716e+00  1.1617174269e+00 -1.3153635154e+00  1.4773114805e-01  1.5864046667e+00 -8.6385643363e-01 -1.8319585515e+00  2.5792419865e-01 -5.4087036976e-01 -4.6055589753e-01  4.4461492089e-01 -3.1259436668e-01  9.8433131654e-01  1.0197283713e-01  1.7466178098e+00 -1.7869016997e-01 -1.9315994601e+00  7.3756687318e-01  1.0177939523e+00 -1.7226894255e+00 -1.5486341811e-01  3.3986509414e-01 -5.3121566999e-01  5.1529873373e-01  2.8821370735e+00  1.1829278382e+00  2.8351592892e+00  3.1401369413e+00  5.2702047310e-01  4.8805661113e-01  2.2765546077e+00  5.6770785736e-01  1.6584409307e+00  3.3399990478e-01  1.9226597766e-01  2.7891766774e+00 -2.5143433986e+00  2.9876014181e+00 -2.4707362988e+00 -8.6879099868e-02  3.3682191327e+00 -2.0486920525e+00 -3.6283155172e+00  9.9333269778e-01 -1.4739366279e+00  1.1991079788e+00  1.7829063814e+00 -6.8661699183e-01 -2.3420697893e+00 -5.8871224337e-01 -9.3877750971e-02 -1.1133922054e+00 -2.2222783764e+00  2.7201096621e-01 -1.8269217557e-02 -2.3591042933e+00  1.7216500299e+00  1.9878227877e+00 -2.0395390744e+00  2.1805860779e-01  8.8533365257e-01 -1.8273530678e+00 -1.2284809953e+00  3.7974813923e+00  6.4589261278e-01  3.1140411350e+00  3.1435604401e+00  2.2280003078e+00  2.6263878735e+00  2.1721928547e+00  1.1457142728e+00  3.6590075621e+00  3.4931197271e+00  1.5383402949e+00  2.4781210093e-01  4.0221491687e+00 -9.7871689509e-02  6.8361336597e-01  2.6213804436e+00  1.2852761202e-01 -3.7813897635e-01
ENERGY -5.963692191062e+02

JOB 4
COORDS -1.9338452480e+00  2.3020812216e+00 -1.8235325632e+00 -5.3657332625e-01  2.3611792469e+00 -1.8375339298e+00 -2.5695845066e+00  1.3148048334e+00 -1.0655344616e+00  2.1410347983e-01  1.4393941486e+00 -1.1036626145e+00 -1.8140843649e+00  3.9525508917e-01 -3.3212293605e-01 -4.1206176153e-01  4.4106746684e-01 -3.3928568516e-01  9.8731045118e-01  2.6707103137e-02  1.7321125220e+00 -1.4188057909e-01 -1.9697973473e+00  5.9427227315e-01  1.0866901234e+00 -1.7155531434e+00 -2.4568821637e-01  3.8402012568e-01 -5.6295670741e-01  4.5798458704e-01  2.7887795323e+00  1.1881060810e+00  2.8950326417e+00  3.1397414957e+00  6.1843977491e-01  5.3889700277e-01  2.2514335987e+00  5.6632089627e-01  1.6888278345e+00  3.1997459117e-01  2.6336479876e-02  2.7686924715e+00 -2.5189515044e+00  3.0176486773e+00 -2.3955067032e+00 -2.9711406441e-02  3.1233751449e+00 -2.4243505494e+00 -3.6551784878e+00  1.2618195833e+00 -1.0406205847e+00  1.2961115795e+00  1.5004085134e+00 -1.1387231711e+00 -2.3177943176e+00 -3.5345632712e-01  2.7149248242e-01 -1.0618293985e+00 -2.2217641814e+00  7.7611913682e-02 -1.6268076718e-02 -2.4519379574e+00  1.5579897123e+00  2.0424278629e+00 -2.0514990397e+00  1.4742949044e-01  9.9355536984e-01 -1.7727107878e+00 -1.3270964339e+00  3.7230573699e+00  6.9512490060e-01  3.1917675694e+00  2.9996259410e+00  2.2494014488e+00  2.7123065266e+00  2.0586787557e+00  1.0965486630e+00  3.6966516543e+00  3.3487095755e+00  1.6605525848e+00  2.6304976002e-01  4.0959871604e+00  1.3660265553e-01  7.8172076512e-01  2.7099760912e+00  1.1063175031e-01 -3.1834483051e-01
ENERGY -5.963701249823e+02

JOB 5
COORDS -1.8515877183e+00  2.3105514913e+00 -1.8125192562e+00 -4.8383507375e-01  2.1610778425e+00 -2.0607085840e+00 -2.4658111103e+00  1.5072587910e+00 -8.4581953224e-01  2.6353571452e-01  1.2227196264e+00 -1.3424471638e+00 -1.7165242994e+00  5.6843012265e-01 -1.3274775449e-01 -3.3884432805e-01  4.2310899540e-01 -3.5965294807e-01  9.9713084735e-01 -8.4269144972e-02  1.7382799787e+00 -1.2419203599e-01 -2.0170305176e+00  4.8167518420e-01  1.1423587732e+00 -1.7429527676e+00 -2.9743423093e-01  4.2495819418e-01 -6.1492434278e-01  4.2384465322e-01  2.6903161236e+00  1.1844209119e+00  2.9521493319e+00  3.0371391502e+00  8.0362702755e-01  5.5254661236e-01  2.2071827522e+00  5.6520001669e-01  1.7220915339e+00  3.5274489827e-01 -2.2654195978e-01  2.7807014409e+00 -2.4337696272e+00  3.0382089796e+00 -2.3721907515e+00  8.6670361495e-04  2.7684631906e+00 -2.8211905033e+00 -3.5305693427e+00  1.6084214873e+00 -6.5093152335e-01  1.3176027829e+00  1.1023362511e+00 -1.5692878840e+00 -2.1928897963e+00 -5.0582741196e-02  6.2247096941e-01 -1.0283872503e+00 -2.2219963204e+00 -8.2672436306e-02 -4.4974549864e-02 -2.5386323916e+00  1.4295659097e+00  2.0786604361e+00 -2.1045396983e+00  1.1964081395e-01  1.0926403726e+00 -1.7584732781e+00 -1.3831739788e+00  3.6682233557e+00  7.7036096745e-01  3.2273232751e+00  2.7983118216e+00  2.2677898507e+00  2.8137078349e+00  1.9764788094e+00  9.9057161667e-01  3.7502632838e+00  2.9547982831e+00  1.8441709026e+00  2.1113188602e-01  4.0856050678e+00  6.1125720997e-01  8.0906061896e-01  2.7620138964e+00  1.4274587701e-01 -2.6414272599e-01
ENERGY -5.963720185231e+02

JOB 6
COORDS -1.7520201934e+00  2.3316453075e+00 -1.7726386918e+00 -4.8572089715e-01  1.9218638195e+00 -2.1988788355e+00 -2.3178251277e+00  1.7515272407e+00 -6.3096262935e-01  2.1548523839e-01  9.4750657184e-01 -1.4805111346e+00 -1.6171765242e+00  7.7415671661e-01  7.7921818812e-02 -3.3280442756e-01  3.7274754215e-01 -3.2610256078e-01  9.0526083998e-01 -2.4462434053e-01  1.8143762023e+00 -2.3532989491e-01 -2.0922573120e+00  4.5197965469e-01  1.0825910978e+00 -1.8394825145e+00 -2.4420674630e-01  3.5853392489e-01 -7.0714198918e-01  4.6506509037e-01  2.4332839644e+00  1.1880603204e+00  3.0666802196e+00  2.7464276667e+00  9.8103257617e-01  6.3004496630e-01  1.9972595930e+00  5.8466440852e-01  1.8121912252e+00  3.5180240056e-01 -5.8874103677e-01  2.8629636273e+00 -2.2983281243e+00  3.0881005206e+00 -2.3302144496e+00 -4.5099782232e-02  2.3543965012e+00 -3.0938513367e+00 -3.3084132195e+00  2.0538521101e+00 -3.0034588797e-01  1.1895646413e+00  6.2403655220e-01 -1.8359146978e+00 -2.0562808990e+00  3.1643771624e-01  9.6090610373e-01 -1.1116935557e+00 -2.2458391412e+00 -1.6991701374e-01 -2.2995401702e-01 -2.6329596579e+00  1.3922388866e+00  1.9832072496e+00 -2.2336389427e+00  2.1894345253e-01  1.0964113216e+00 -1.8315515398e+00 -1.3307136228e+00  3.4374090414e+00  8.3691498572e-01  3.3362812053e+00  2.4615921490e+00  2.2800919936e+00  2.9666667855e+00  1.7346492669e+00  9.1121957439e-01  3.8540679719e+00  2.4255314526e+00  1.9602760071e+00  2.5246164266e-01  3.8093669847e+00  1.0405992792e+00  8.8823922031e-01  2.6346698316e+00  2.4560750767e-01 -1.6311341601e-01
ENERGY -5.963744440771e+02

JOB 7
COORDS -1.6588912821e+00  2.3603308828e+00 -1.7756208370e+00 -5.3620602659e-01  1.7505652962e+00 -2.3417058336e+00 -2.0991429274e+00  1.9536455951e+00 -5.1000318772e-01  1.4551213093e-01  7.4685781177e-01 -1.6448670999e+00 -1.4213732622e+00  9.4587782117e-01  1.7781482354e-01 -2.8444122969e-01  3.3430554779e-01 -3.7742757420e-01  9.0509558147e-01 -3.3206404953e-01  1.7789962296e+00 -2.0643182424e-01 -2.1453923710e+00  3.5281840206e-01  1.1350571142e+00 -1.8857335392e+00 -2.8870094403e-01  3.8960544811e-01 -7.5830088167e-01  4.0738995169e-01  2.3142865787e+00  1.1774936608e+00  3.0818088198e+00  2.5807211502e+00  1.1292465469e+00  6.2653698702e-01  1.9068326298e+00  6.0317528577e-01  1.8050678619e+00  4.1875585630e-01 -7.9801486869e-01  2.8138548074e+00 -2.1882825598e+00  3.1415002972e+00 -2.3150801755e+00 -1.8801876117e-01  2.0562248872e+00 -3.3253137802e+00 -2.9755573542e+00  2.4171502318e+00 -6.3874101350e-02  1.0208179842e+00  2.8651924805e-01 -2.0954073498e+00 -1.7687619704e+00  6.2267965797e-01  1.1563425389e+00 -1.0597781653e+00 -2.2828142529e+00 -3.0371716208e-01 -2.3874101561e-01 -2.6926383800e+00  1.2886642077e+00  2.0184424099e+00 -2.2806092301e+00  2.0542104649e-01  1.1924757273e+00 -1.8730657141e+00 -1.3732048416e+00  3.3578039937e+00  9.2247149617e-01  3.3058524472e+00  2.2226121395e+00  2.2702097649e+00  3.0480748372e+00  1.6737928715e+00  7.8139493626e-01  3.8678776231e+00  2.1409833164e+00  2.0771122168e+00  2.9167303520e-01  3.6344734992e+00  1.3012160531e+00  8.7066223425e-01  2.5381433746e+00  4.1668573139e-01 -1.9444595346e-01
ENERGY -5.963760354532e+02

JOB 8
COORDS -1.6281092760e+00  2.3609983284e+00 -1.7658739311e+00 -6.9992740372e-01  1.5668479978e+00 -2.4444158184e+00 -1.9020813464e+00  2.0960508131e+00 -4.1880702891e-01 -4.8352086127e-02  5.2023076893e-01 -1.7829235819e+00 -1.2566878874e+00  1.0455168094e+00  2.3537637346e-01 -3.1866854149e-01  2.4271311440e-01 -4.3656737428e-01  8.1268187435e-01 -5.3061640170e-01  1.7231021513e+00 -2.7664273189e-01 -2.2650245995e+00  1.8887412989e-01  1.0904144868e+00 -1.9958583286e+00 -3.8345415279e-01  3.2942528296e-01 -8.8231555141e-01  3.2088633664e-01  2.1301286823e+00  9.6817156223e-01  3.1318802142e+00  2.3817424224e+00  1.1178959778e+00  6.7870537640e-01  1.7507739710e+00  4.6466901418e-01  1.8176841949e+00  3.6986282549e-01 -1.1105057264e+00  2.7192494279e+00 -2.1313256911e+00  3.1766193383e+00 -2.2785966679e+00 -4.7547618342e-01  1.7649541443e+00 -3.4896311782e+00 -2.6236686629e+00  2.7050711623e+00  1.2011036431e-01  6.8481225160e-01 -7.1582629027e-02 -2.3236800644e+00 -1.4813977522e+00  8.3809085870e-01  1.2789333701e+00 -1.1042687216e+00 -2.3623487209e+00 -5.0631069029e-01 -3.5342368681e-01 -2.8415782606e+00  1.1042483709e+00  1.9484419387e+00 -2.4102929111e+00  1.3827166404e-01  1.2029667788e+00 -1.9512461398e+00 -1.4622199809e+00  3.1922173656e+00  7.7521590217e-01  3.3288521918e+00  1.9582106920e+00  2.0506308130e+00  3.1839687110e+00  1.5304939722e+00  4.6619385735e-01  3.8892416757e+00  1.8870902287e+00  2.0638263719e+00  4.2445156881e-01  3.4276790606e+00  1.3269436039e+00  9.2781089483e-01  2.3669444859e+00  4.7291332559e-01 -1.9749305580e-01
ENERGY -5.963766001604e+02

JOB 9
COORDS -1.6294870775e+00  2.3511829417e+00 -1.7983590024e+00 -8.8925533698e-01  1.4050574441e+00 -2.5126339027e+00 -1.7027577174e+00  2.2495540966e+00 -4.0496763100e-01 -2.2473549592e-01  3.7373974487e-01 -1.8416216325e+00 -1.0435574597e+00  1.2150222536e+00  2.6164620737e-01 -2.9129773402e-01  2.6063189860e-01 -4.4503680197e-01  8.0677467066e-01 -5.0802456191e-01  1.7384588827e+00 -1.4894679828e-01 -2.2564575811e+00  1.3269178391e-01  1.2251434281e+00 -1.9110527977e+00 -3.7351895036e-01  3.8167286838e-01 -8.4625425191e-01  3.1550008730e-01  2.0724154415e+00  9.7274625762e-01  3.2142269508e+00  2.3736959207e+00  1.1975978769e+00  7.7766933255e-01  1.7313883854e+00  4.9559031147e-01  1.8800568572e+00  3.4108594394e-01 -1.1110137660e+00  2.7095476043e+00 -2.1420058191e+00  3.1556182212e+00 -2.3193066009e+00 -8.2194693061e-01  1.4713738562e+00 -3.5957630368e+00 -2.2785803597e+00  2.9750686999e+00  1.6433544444e-01  3.5338063250e-01 -3.3990734091e-01 -2.4212124216e+00 -1.1199961831e+00  1.1415604247e+00  1.3433343016e+00 -9.4277764107e-01 -2.3746435443e+00 -5.9784840807e-01 -2.3920615541e-01 -2.8554999298e+00  1.0322563808e+00  2.0779169611e+00 -2.2876102357e+00  1.8435881776e-01  1.3918371444e+00 -1.8394311994e+00 -1.4436763473e+00  3.1383672633e+00  8.1360293480e-01  3.4199279726e+00  1.8605389462e+00  2.0464945941e+00  3.2964057457e+00  1.4814839378e+00  4.2641182821e-01  3.9473351904e+00  1.9299240880e+00  2.1888941133e+00  6.1933767316e-01  3.4379497137e+00  1.3250213024e+00  1.0069418739e+00  2.2910972868e+00  6.3224220010e-01 -1.4755041439e-01
ENERGY -5.963764473921e+02

JOB 10
COORDS -1.6801432336e+00  2.3195320987e+00 -1.8653703985e+00 -1.1286786988e+00  1.2410254798e+00 -2.5640085310e+00 -1.5502087905e+00  2.3681056733e+00 -4.7454573775e-01 -4.4997021897e-01  2.3034131986e-01 -1.8790757222e+00 -8.7306705211e-01  1.3543945421e+00  2.0780595830e-01 -3.0760030293e-01  2.6849615683e-01 -4.8171274082e-01  7.6704923245e-01 -5.1500293916e-01  1.7175977514e+00 -3.9906519563e-02 -2.2541503887e+00  2.4683453736e-02  1.3212407039e+00 -1.8094193948e+00 -4.3351224260e-01  3.9802025796e-01 -8.2183540820e-01  2.7273569984e-01  2.0381478955e+00  8.7428279051e-01  3.2752845266e+00  2.4064907127e+00  1.1808811823e+00  8.5869117179e-01  1.7179222468e+00  4.5524014538e-01  1.9165923767e+00  2.4207704641e-01 -1.1186051441e+00  2.6566635721e+00 -2.2058439315e+00  3.1080444854e+00 -2.3972914129e+00 -1.2239811320e+00  1.1861133246e+00 -3.6456772441e+00 -1.9806273828e+00  3.1955346721e+00  8.4165338945e-02 -3.2204281458e-02 -5.9459867627e-01 -2.4493339482e+00 -7.9588180167e-01  1.4047942525e+00  1.2900544147e+00 -8.1203005769e-01 -2.3939469184e+00 -7.2512784598e-01 -1.1386132915e-01 -2.8925795585e+00  8.9819054027e-01  2.1824789749e+00 -2.1561624713e+00  1.3096721024e-01  1.5099671033e+00 -1.6725216000e+00 -1.4941776725e+00  3.0955707513e+00  6.8308087703e-01  3.4969374087e+00  1.8489686571e+00  1.9488415039e+00  3.3945839263e+00  1.4182429360e+00  3.1480526879e-01  3.9737385819e+00  2.0379010435e+00  2.2117246180e+00  7.7943577326e-01  3.4798123030e+00  1.2127804929e+00  1.0809499980e+00  2.2702447633e+00  6.9396976931e-01 -1.0365976762e-01
ENERGY -5.963759297777e+02

JOB 11
COORDS -1.7186063528e+00  2.2905503145e+00 -1.9027424914e+00 -1.3233924548e+00  1.1103404577e+00 -2.5416784200e+00 -1.4122948698e+00  2.4663058181e+00 -5.5143898218e-01 -6.3013454302e-01  1.2424340567e-01 -1.8379916884e+00 -7.1614301229e-01  1.4776272547e+00  1.4997055323e-01 -3.1539344507e-01  2.8609241295e-01 -4.7647625643e-01  7.4008567021e-01 -4.7515938618e-01  1.7424410000e+00  1.1388436693e-01 -2.2260835393e+00 -2.7063088595e-03  1.4384190129e+00 -1.6706556148e+00 -4.4512760321e-01  4.4004602406e-01 -7.7056116147e-01  2.7864723635e-01  2.0112341808e+00  8.2028069395e-01  3.3790759485e+00  2.4810219957e+00  1.1724083107e+00  9.8800133923e-01  1.7231125217e+00  4.4995928692e-01  1.9991786137e+00  1.3263613973e-01 -1.0508834762e+00  2.6474829015e+00 -2.2587609213e+00  3.0583077097e+00 -2.4503037180e+00 -1.5550929486e+00  9.5639711920e-01 -3.5927196319e+00 -1.7166619470e+00  3.3744489210e+00 -3.6936777000e-02 -3.3652060220e-01 -7.8040665328e-01 -2.3635968916e+00 -5.0155504195e-01  1.6328477917e+00  1.2028258393e+00 -6.4603573005e-01 -2.4182792789e+00 -7.5301938959e-01  8.7585384484e-02 -2.8844982251e+00  8.5848554465e-01  2.3240552188e+00 -1.9687634391e+00  1.0983234621e-01  1.6127798195e+00 -1.4817979265e+00 -1.5009445126e+00  3.0603148639e+00  6.0765204178e-01  3.6198362744e+00  1.8330552828e+00  1.8926911617e+00  3.5309376533e+00  1.3651666426e+00  2.4696422576e-01  4.0416308835e+00  2.2302571597e+00  2.2408708743e+00  1.0028388506e+00  3.5552107267e+00  1.0688810032e+00  1.1863131172e+00  2.2744571239e+00  7.8803362585e-01 -6.9939568132e-03
ENERGY -5.963750025258e+02

JOB 12
COORDS -1.7964726326e+00  2.3268855660e+00 -1.3473181814e+00 -2.0922780973e+00  1.0486355616e+00 -1.8309141383e+00 -8.4889705329e-01  2.4656720065e+00 -3.2923005620e-01 -1.4552982747e+00 -7.4394289604e-02 -1.2974354494e+00 -2.1168042096e-01  1.3408856678e+00  2.0042453600e-01 -5.0449214800e-01  4.9798396302e-02 -2.7049531991e-01  9.5911629407e-01 -9.2110610306e-01  1.6051878760e+00 -3.1789361548e-01 -2.5600847040e+00  9.0870839688e-02  8.9277187967e-01 -2.0912806559e+00 -6.6770264121e-01  2.0783064621e-01 -1.1433262055e+00  2.9979965145e-01  8.5777979127e-01 -3.1819529067e-01  3.9701947506e+00 -1.2577370071e+00 -5.8079406129e-01  2.7335605333e+00  1.9675376559e-01 -6.4650240643e-01  2.7134560200e+00  2.1891749145e+00 -9.9773204674e-01  1.6595520064e+00 -2.2943126309e+00  3.2003712889e+00 -1.7599476367e+00 -2.8239451409e+00  9.2304893414e-01 -2.6252398982e+00 -6.0037570194e-01  3.4527372383e+00  5.2870468914e-02 -1.7069991578e+00 -1.0535049531e+00 -1.6951823307e+00  5.3182332539e-01  1.4730111940e+00  9.8114783379e-01 -1.2599844883e+00 -2.6889960402e+00 -4.3365442073e-01 -1.6275350263e-01 -3.2599368919e+00  9.0739165317e-01  1.8687873073e+00 -2.4594183117e+00 -3.7105930083e-01  7.7887746772e-01 -1.8623555172e+00 -1.7224984407e+00  5.4690790006e-01  6.7715792804e-01  4.3126236332e+00  5.9338539921e-01 -1.0483650214e+00  4.7453018002e+00  1.9355711680e+00 -3.3141082502e-01  3.8173701491e+00 -1.6324183515e+00 -1.1284584079e+00  3.6064566697e+00 -1.6078567669e+00  4.5742525312e-01  2.7988072926e+00 -1.6828753371e+00 -1.0296133474e+00  1.8392966949e+00
ENERGY -5.963759285707e+02

JOB 13
COORDS -1.7848844601e+00  2.3282580941e+00 -1.2604077529e+00 -2.2487684018e+00  1.0496273700e+00 -1.5815967100e+00 -6.6700132506e-01  2.4622831421e+00 -4.2987848872e-01 -1.6056650394e+00 -8.2689218326e-02 -1.0719275638e+00 -2.3645742326e-02  1.3293629160e+00  7.1740828008e-02 -4.8321293041e-01  3.7730398763e-02 -2.3924866748e-01  9.4745717301e-01 -9.3703051947e-01  1.6490996867e+00 -1.8342297983e-01 -2.5815082533e+00  2.8430997524e-02  1.0259439041e+00 -2.0186696893e+00 -6.6812909594e-01  2.5475820082e-01 -1.1503913623e+00  3.0895123363e-01  7.4397611543e-01 -2.6972479952e-01  3.9907175702e+00 -1.3144376178e+00 -5.6503268843e-01  2.6656605616e+00  1.3955579042e-01 -6.3163349172e-01  2.7149433856e+00  2.1723442359e+00 -1.0366568952e+00  1.7633238670e+00 -2.2872343764e+00  3.2088478001e+00 -1.6519945215e+00 -3.1171775164e+00  9.3043476577e-01 -2.2248684213e+00 -2.9248577270e-01  3.4507384547e+00 -1.7538430485e-01 -1.9945583339e+00 -1.0640534042e+00 -1.3270970833e+00  8.5158676393e-01  1.4476874672e+00  7.0519233597e-01 -1.0900314508e+00 -2.7515973119e+00 -5.4364283362e-01 -1.8368009256e-02 -3.3023496495e+00  8.2427334083e-01  2.0108466599e+00 -2.3427822364e+00 -3.5022219616e-01  9.2889773157e-01 -1.7568056687e+00 -1.7169004535e+00  4.1592107226e-01  7.3317841315e-01  4.2926144111e+00  4.4868367454e-01 -9.8049114980e-01  4.7726918402e+00  1.8274476821e+00 -2.8351860523e-01  3.8856095203e+00 -1.7243391202e+00 -1.0354490043e+00  3.5667860914e+00 -1.6680035180e+00  4.7313531202e-01  2.6225295928e+00 -1.7014344305e+00 -1.0962765372e+00  1.7993424973e+00
ENERGY -5.963764462626e+02

JOB 14
COORDS -1.7681689217e+00  2.3396564444e+00 -1.2340646052e+00 -2.3632230933e+00  1.0814028830e+00 -1.3576089391e+00 -5.1228943349e-01  2.4475453587e+00 -6.2486669074e-01 -1.7116432447e+00 -5.7789314318e-02 -8.7269489057e-01  1.3866004472e-01  1.3077229626e+00 -1.5035498903e-01 -4.5261305790e-01  3.7736984855e-02 -2.6558369488e-01  9.4869577065e-01 -9.6838413104e-01  1.6230657136e+00 -8.1580462833e-02 -2.5784310281e+00 -1.0862832079e-01  1.1362855853e+00 -1.9483487017e+00 -7.3243872126e-01  3.0569006715e-01 -1.1515961583e+00  2.5279417994e-01  6.6432525980e-01 -3.2537810027e-01  3.9623906904e+00 -1.3485230481e+00 -6.4537774045e-01  2.5653230045e+00  1.0451272700e-01 -6.8128166257e-01  2.6643957452e+00  2.1697047917e+00 -1.0670936057e+00  1.7777873459e+00 -2.2756617649e+00  3.2257242518e+00 -1.6064546335e+00 -3.3398848623e+00  9.8459679453e-01 -1.8254652636e+00 -3.7799065114e-02  3.4206140350e+00 -5.2485610877e-01 -2.2005767415e+00 -1.0238703136e+00 -9.6088880120e-01  1.1187286681e+00  1.3966669588e+00  3.1239769313e-01 -9.5716208466e-01 -2.7423456617e+00 -7.2894305535e-01  7.5185796965e-02 -3.3355968797e+00  6.5438506369e-01  2.1177012298e+00 -2.2590818540e+00 -3.9124191605e-01  1.0687561033e+00 -1.6449059074e+00 -1.7722858934e+00  2.9275981542e-01  6.5854895714e-01  4.2750055099e+00  3.7835113561e-01 -1.0626201907e+00  4.7231527517e+00  1.7497774473e+00 -2.9801638720e-01  3.8835769971e+00 -1.7740415281e+00 -1.0303954460e+00  3.4981970316e+00 -1.7226262852e+00  3.7356208808e-01  2.4046084449e+00 -1.6989535666e+00 -1.2756216412e+00  1.7503478489e+00
ENERGY -5.963766004589e+02

JOB 15
COORDS -1.7581227429e+00  2.3598661441e+00 -1.2673322004e+00 -2.4508247810e+00  1.1555030017e+00 -1.1175911337e+00 -4.1675589003e-01  2.4351583282e+00 -8.7240169906e-01 -1.8118673254e+00  3.6836806238e-02 -5.7155811937e-01  2.1997824836e-01  1.3147998337e+00 -3.3622827231e-01 -4.7150817994e-01  1.0253674028e-01 -1.7099317659e-01  8.5149885037e-01 -8.4845336728e-01  1.7922617112e+00 -9.1334643074e-02 -2.4987716583e+00  2.3181959686e-02  1.1618027992e+00 -1.8693866410e+00 -5.3548665076e-01  2.7905113796e-01 -1.0722128345e+00  3.9560955911e-01  4.3930381531e-01 -2.6712406653e-01  4.1273101284e+00 -1.4924663577e+00 -7.6564435121e-01  2.6710010250e+00 -4.6993587391e-02 -6.6067257047e-01  2.8102965624e+00  2.0712247849e+00 -8.1672917424e-01  1.9819149507e+00 -2.2551020754e+00  3.2293143874e+00 -1.6899514725e+00 -3.4915434502e+00  1.0849279202e+00 -1.4242123582e+00  1.3393977542e-01  3.3650845038e+00 -9.9047438835e-01 -2.3668433706e+00 -8.9037464033e-01 -4.5588393388e-01  1.2644780485e+00  1.3700001456e+00 -3.8571697636e-02 -9.3116083490e-01 -2.6551210518e+00 -6.4755404515e-01  2.2297973524e-02 -3.2611491147e+00  7.8891255530e-01  2.1221577664e+00 -2.1806983463e+00 -1.3895403559e-01  1.1559004453e+00 -1.5773867332e+00 -1.5808721515e+00 -4.4466515795e-02  6.6567693699e-01  4.4425841880e+00  2.1636908566e-01 -1.0433007447e+00  4.8702875621e+00  1.5168201908e+00 -1.2070747032e-01  4.0768899689e+00 -1.9043967740e+00 -1.1987499459e+00  3.5887761266e+00 -1.9604632653e+00  2.1309563986e-01  2.5065083835e+00 -1.7554113971e+00 -1.4205388040e+00  1.8430993654e+00
ENERGY -5.963760336376e+02

JOB 16
COORDS -1.6980340163e+00  2.3886562832e+00 -1.3348949810e+00 -2.4466928757e+00  1.2812879613e+00 -9.2693885489e-01 -3.0826500307e-01  2.3794916090e+00 -1.1663630108e+00 -1.8139792889e+00  1.7843253912e-01 -3.4338696238e-01  3.2036718912e-01  1.2740029035e+00 -5.9059944154e-01 -4.2567377225e-01  1.6657356065e-01 -1.5358381491e-01  8.3938173673e-01 -7.7462787078e-01  1.8489295852e+00 -4.8711707611e-02 -2.4268321826e+00  3.3801351925e-02  1.2295671284e+00 -1.7959180838e+00 -4.6950788050e-01  3.1609151672e-01 -1.0065610935e+00  4.3268544838e-01  3.6730907165e-01 -3.2528490412e-01  4.2009260459e+00 -1.5016230909e+00 -9.7280067608e-01  2.7292134456e+00 -7.5627955362e-02 -7.2190292509e-01  2.8688413127e+00  2.0465171814e+00 -6.0986013790e-01  2.0487586749e+00 -2.1896917130e+00  3.2452023083e+00 -1.7890208766e+00 -3.5246276340e+00  1.2712171245e+00 -1.0686697437e+00  2.8530907773e-01  3.2296160932e+00 -1.4933227510e+00 -2.4082020715e+00 -6.8261437593e-01 -5.1337807895e-02  1.4001928057e+00  1.2612477131e+00 -4.6492978744e-01 -8.6609426731e-01 -2.5627834709e+00 -6.6917406259e-01  3.3709443503e-02 -3.2028016005e+00  7.9016250518e-01  2.1719163268e+00 -2.1219570044e+00 -4.2703675329e-02  1.2674280005e+00 -1.4988211055e+00 -1.5128838068e+00 -2.1755461798e-01  5.3497645428e-01  4.5491252999e+00  2.3377395802e-01 -1.1487060419e+00  4.9139395743e+00  1.4213386186e+00 -5.7181407286e-02  4.1580357071e+00 -1.8579360145e+00 -1.4962301137e+00  3.6231218135e+00 -2.0717244441e+00 -4.1162232861e-02  2.6221342617e+00 -1.7002732624e+00 -1.6063535380e+00  1.8680305527e+00
ENERGY -5.963744443749e+02

JOB 17
COORDS -1.6573825705e+00  2.4580440184e+00 -1.7432136027e+00 -2.0870979778e+00  2.3149276097e+00 -4.1943215272e-01 -6.1944744160e-01  1.6519283285e+00 -2.2201327492e+00 -1.4828347464e+00  1.3729354304e+00  4.1607773202e-01 -1.4266477404e-02  7.1305136087e-01 -1.3790480255e+00 -4.4817266977e-01  5.4900236907e-01 -5.5328954814e-02  1.3501338643e+00  2.7370817991e-01  1.7061906091e+00 -6.3445403761e-01 -1.3522300135e+00  1.6901043612e+00  2.9321824947e-01 -1.8787071733e+00  6.1816858071e-01  2.2551903824e-01 -3.8993488814e-01  9.1231579895e-01  3.6421727419e+00  1.0961646961e+00  1.8469865334e+00  2.9983804701e+00 -1.8084948666e-01 -1.4707469532e-01  2.6014811058e+00  3.5020780246e-01  1.1466804596e+00  1.1070680192e+00  7.5161631196e-01  2.8174003407e+00 -2.1267904115e+00  3.1894904816e+00 -2.3961296349e+00 -2.8895934236e+00  2.9407311773e+00 -3.6909432867e-02 -2.7966688296e-01  1.7535082185e+00 -3.2479523480e+00 -1.8027579652e+00  1.2738508259e+00  1.4496797634e+00  7.7833028848e-01  8.4570691519e-02 -1.7719849626e+00 -1.6995686688e+00 -1.3493523624e+00  1.4804884736e+00 -3.7061717317e-01 -1.5220378160e+00  2.7286014662e+00  1.1749209018e+00 -2.4253748599e+00  9.4216954566e-01 -1.4137947502e-01 -2.2284248092e+00 -3.1475937003e-01  4.4730405609e+00  4.3247396532e-01  2.1178388671e+00  4.0308558834e+00  1.8936257256e+00  1.2015101260e+00  3.2193840078e+00  1.5316804487e+00  2.7501909749e+00  3.1178133135e+00  6.2298875395e-01 -8.8555564697e-01  3.9604361743e+00 -6.9766934663e-01 -4.6762285167e-02  2.2682839690e+00 -8.9357507547e-01 -5.1857690525e-01
ENERGY -5.963722770140e+02

JOB 18
COORDS -1.5166339945e+00  2.4446628222e+00 -1.7673040521e+00 -1.7754584179e+00  2.4863238478e+00 -3.9206057636e-01 -6.9337252769e-01  1.4401235393e+00 -2.2835751515e+00 -1.2148379867e+00  1.5289487006e+00  4.5517361336e-01 -1.2712233956e-01  4.8772930615e-01 -1.4296577492e+00 -3.9071341001e-01  5.1100724602e-01 -5.3460355681e-02  1.3417217094e+00  1.7153011745e-01  1.7724690131e+00 -6.6089557484e-01 -1.4255657571e+00  1.6408316039e+00  3.1345715686e-01 -1.9331895181e+00  6.0209491264e-01  2.3670453918e-01 -4.5073189017e-01  9.2099929125e-01  3.5686584184e+00  1.1586023008e+00  1.9135266827e+00  2.8987845864e+00  7.0796770909e-02 -1.9336849495e-01  2.5541788213e+00  4.1164003189e-01  1.1780217890e+00  1.1227493896e+00  4.7131848604e-01  2.9497262083e+00 -1.9546397444e+00  3.1870384885e+00 -2.4295942000e+00 -2.4139115270e+00  3.2646366025e+00  1.8528018563e-02 -4.8915360876e-01  1.3977253079e+00 -3.3506702885e+00 -1.4069259685e+00  1.5624691943e+00  1.5246253986e+00  5.0149601250e-01 -2.9384585439e-01 -1.8466488155e+00 -1.7144675118e+00 -1.4102760794e+00  1.3797086553e+00 -4.4348583798e-01 -1.6082299948e+00  2.6877119449e+00  1.1827887623e+00 -2.4839973380e+00  9.5124145187e-01 -8.1144753069e-02 -2.2677066807e+00 -3.5372177095e-01  4.4795752086e+00  5.5772205276e-01  2.0257689664e+00  3.8239955757e+00  2.0803671932e+00  1.3754912685e+00  3.1782870885e+00  1.4092080043e+00  2.8980722313e+00  2.7721473102e+00  9.2640770482e-01 -8.6914099227e-01  3.9472940508e+00 -2.4478226371e-01 -2.2747891920e-01  2.2873445916e+00 -7.5293779141e-01 -5.5311002340e-01
ENERGY -5.963745385805e+02

JOB 19
COORDS -1.4547434949e+00  2.3864461387e+00 -1.7998387571e+00 -1.5017132064e+00  2.5629905572e+00 -4.1149061780e-01 -8.6116582643e-01  1.2363526161e+00 -2.3269019135e+00 -9.6315158859e-01  1.5945738181e+00  4.3723383532e-01 -3.1416856448e-01  2.7247005371e-01 -1.4729335147e+00 -3.6597903586e-01  4.3345757585e-01 -8.2530499008e-02  1.3059643477e+00  7.1040569884e-03  1.7948653471e+00 -7.1352166762e-01 -1.5475911746e+00  1.5449684803e+00  3.0289337500e-01 -2.0375375555e+00  5.4221828851e-01  2.1938919762e-01 -5.5914511462e-01  8.8493324758e-01  3.4649510509e+00  1.1309172047e+00  1.9889897937e+00  2.7779158639e+00  2.5667758633e-01 -2.1603022800e-01  2.4685476707e+00  4.1927086096e-01  1.1972551905e+00  1.1253596291e+00  1.0794808425e-01  3.0121397057e+00 -1.8766104293e+00  3.1378198545e+00 -2.4623923170e+00 -1.9614297933e+00  3.4542202382e+00  8.4303413672e-03 -8.1725279932e-01  1.0904661902e+00 -3.4034438378e+00 -1.0028090577e+00  1.7293968935e+00  1.5155888668e+00  1.5344449577e-01 -6.1173448712e-01 -1.8979014879e+00 -1.7532476983e+00 -1.5180904200e+00  1.2347033462e+00 -5.4180170112e-01 -1.7431603347e+00  2.5978670444e+00  1.1593869033e+00 -2.5906042938e+00  9.1776715514e-01 -5.0527711143e-02 -2.3609064495e+00 -4.3263164515e-01  4.3965721008e+00  5.5410578303e-01  2.0484671795e+00  3.6856616276e+00  2.1020622075e+00  1.5288767984e+00  3.0750717175e+00  1.2830512509e+00  2.9939047636e+00  2.5382593628e+00  1.1579871033e+00 -7.9410650679e-01  3.8483734575e+00  4.9940722902e-02 -3.2086458635e-01  2.2304998681e+00 -5.8322906777e-01 -6.3820770849e-01
ENERGY -5.963760322990e+02

JOB 20
COORDS -1.4131866827e+00  2.3595297479e+00 -1.8115853739e+00 -1.2292546159e+00  2.6404577437e+00 -4.5246786607e-01 -1.0560037369e+00  1.1019998040e+00 -2.3052388097e+00 -6.9888153557e-01  1.6701766012e+00  3.9930058468e-01 -5.1629515741e-01  1.3576743837e-01 -1.4493409102e+00 -3.3426237825e-01  4.0247513457e-01 -8.6037621558e-02  1.2808823389e+00 -5.9716839990e-02  1.8422412224e+00 -7.3071452472e-01 -1.6019102764e+00  1.4992792177e+00  3.3334156013e-01 -2.0796635298e+00  5.4569517844e-01  2.2472507429e-01 -6.0001978957e-01  8.8417060224e-01  3.3871551337e+00  1.1472466719e+00  2.1178180009e+00  2.7170751594e+00  4.3035055447e-01 -1.4918125228e-01  2.4182285245e+00  4.5592198444e-01  1.2763046921e+00  1.1093470164e+00 -8.1321771718e-02  3.0647720219e+00 -1.8282650198e+00  3.1124498969e+00 -2.4765373745e+00 -1.5043297372e+00  3.6146413830e+00 -5.5821535890e-02 -1.1895449890e+00  8.7300930130e-01 -3.3596950500e+00 -5.6727500864e-01  1.8908517325e+00  1.4559632899e+00 -2.2588322869e-01 -8.2830643844e-01 -1.8572557407e+00 -1.7537318230e+00 -1.5738204213e+00  1.1379181847e+00 -6.0708707995e-01 -1.7944942704e+00  2.5593679348e+00  1.1819984799e+00 -2.6156983296e+00  9.6105397396e-01  3.2440262277e-02 -2.4140360484e+00 -4.4226160285e-01  4.3537885294e+00  6.2836322269e-01  2.1012055464e+00  3.5368270429e+00  2.1722704273e+00  1.7557777866e+00  3.0133040484e+00  1.1718984046e+00  3.1399438025e+00  2.4329287156e+00  1.3678423144e+00 -6.4364859288e-01  3.7939563581e+00  2.7920623435e-01 -2.8003334743e-01  2.1998130502e+00 -3.9117395045e-01 -6.4062690492e-01
ENERGY -5.963765920636e+02

JOB 21
COORDS -1.4662380784e+00  2.3501951550e+00 -1.8322203233e+00 -1.0640057195e+00  2.6836995057e+00 -5.3428096238e-01 -1.3291159000e+00  1.0305321699e+00 -2.2712725996e+00 -5.3167095397e-01  1.7081599115e+00  3.1064077483e-01 -7.8917196254e-01  5.7124013733e-02 -1.4246537171e+00 -3.7992060631e-01  3.7941382787e-01 -1.2247507818e-01  1.1754925231e+00 -1.1605747045e-01  1.8518574121e+00 -7.8727525637e-01 -1.6879224742e+00  1.3765515202e+00  3.3114805932e-01 -2.1056065211e+00  4.6072448804e-01  1.6747856939e-01 -6.3894468269e-01  8.3666726825e-01  3.2702688723e+00  1.0773775794e+00  2.2477856083e+00  2.6879469566e+00  4.5231692934e-01 -6.5640639550e-02  2.3319123287e+00  4.2129343768e-01  1.3461384508e+00  9.5729240673e-01 -1.7623384322e-01  3.0652886742e+00 -1.8815910940e+00  3.1081033338e+00 -2.4911871340e+00 -1.1703505850e+00  3.7049403605e+00 -1.7678445510e-01 -1.6374018842e+00  7.5629685965e-01 -3.2771916252e+00 -2.3626570813e-01  1.9779844613e+00  1.3212948430e+00 -6.8264520447e-01 -9.5799006275e-01 -1.7956604094e+00 -1.7935243260e+00 -1.6691023768e+00  9.7049598442e-01 -7.0632719894e-01 -1.9102966741e+00  2.4349481829e+00  1.1765390528e+00 -2.6266186808e+00  9.0124323829e-01  9.5277082314e-02 -2.4189178862e+00 -5.5136610362e-01  4.2382093081e+00  5.6064751479e-01  2.2405504054e+00  3.4302116693e+00  2.1167893894e+00  1.9339395711e+00  2.8631319972e+00  1.0587097694e+00  3.2572668613e+00  2.5148712323e+00  1.4439883531e+00 -5.0297844602e-01  3.7506717107e+00  2.0568907767e-01 -1.7094400694e-01  2.1129374503e+00 -2.7785995615e-01 -6.3029264573e-01
ENERGY -5.963764877037e+02

JOB 22
COORDS -1.4989382159e+00  2.3189056916e+00 -1.8430912104e+00 -8.7734625192e-01  2.7407150413e+00 -6.6410354145e-01 -1.5245656247e+00  9.5480801758e-01 -2.1488671917e+00 -2.8446807176e-01  1.8105565660e+00  1.9288871869e-01 -9.2783487271e-01  2.7244449318e-02 -1.2911902391e+00 -2.8856757061e-01  4.3819963726e-01 -1.0987986904e-01  1.2702011579e+00  2.2858006559e-02  1.8913435768e+00 -5.6417143145e-01 -1.6764976532e+00  1.3529071428e+00  5.9364867452e-01 -1.9899493445e+00  4.4623305437e-01  3.1477456722e-01 -5.4563282003e-01  8.5128856388e-01  3.3465037391e+00  1.2283137201e+00  2.3498954752e+00  2.8453428126e+00  5.9326291469e-01  2.2587216525e-02  2.4390818960e+00  5.6733225342e-01  1.4204819158e+00  1.0053154495e+00 -1.5297286512e-02  3.0957615941e+00 -1.9607482109e+00  3.0410321795e+00 -2.5111809807e+00 -8.5888886706e-01  3.7966047665e+00 -4.0558324939e-01 -2.0098898888e+00  6.0953204946e-01 -3.0584417195e+00  1.7910061440e-01  2.1572860299e+00  1.1120301790e+00 -9.6483010704e-01 -1.0257531517e+00 -1.5557820512e+00 -1.5655542959e+00 -1.7217026097e+00  9.3684090288e-01 -4.8182518878e-01 -1.9182292880e+00  2.4069020672e+00  1.4697121170e+00 -2.4553845672e+00  8.8936903647e-01  4.0337219401e-01 -2.2864863534e+00 -5.8089466071e-01  4.3243121809e+00  7.3067185562e-01  2.3508002137e+00  3.4923236266e+00  2.2760315832e+00  2.0569122439e+00  2.9208439217e+00  1.1853352823e+00  3.3509272072e+00  2.7498208829e+00  1.6013684392e+00 -4.0082393334e-01  3.8940909601e+00  2.8255712803e-01 -5.4630705592e-02  2.2422260679e+00 -8.6914323388e-02 -5.7366033767e-01
ENERGY -5.963760293335e+02

JOB 23
COORDS -1.6024006752e+00  2.3103889571e+00 -1.8549101678e+00 -7.8971504652e-01  2.7560668200e+00 -8.0983781511e-01 -1.7829379188e+00  9.3511310758e-01 -2.0359705382e+00 -1.5941415421e-01  1.8401882101e+00  3.7147462629e-02 -1.1539650268e+00  2.2318402485e-02 -1.1875561648e+00 -3.1828887621e-01  4.5605406281e-01 -1.4260197903e-01  1.2073206918e+00  6.0581587060e-02  1.8923332752e+00 -4.8668614541e-01 -1.7291390975e+00  1.2388611752e+00  6.8807751957e-01 -1.9283367571e+00  3.2218064964e-01  3.2238877047e-01 -5.2405857863e-01  7.9922349806e-01  3.2840764306e+00  1.2043560986e+00  2.4895527924e+00  2.9223174290e+00  5.8672127249e-01  1.3383606562e-01  2.4215229650e+00  5.7004764366e-01  1.5005467176e+00  8.4800883094e-01  6.3140092933e-02  3.0717029134e+00 -2.0934188069e+00  3.0215251943e+00 -2.5138871462e+00 -6.4944037000e-01  3.8215715271e+00 -6.4533593908e-01 -2.4197282646e+00  5.7045755571e-01 -2.8382005662e+00  4.5201472632e-01  2.2127237604e+00  8.5329125581e-01 -1.3185812319e+00 -1.0392124915e+00 -1.3519578288e+00 -1.4870486093e+00 -1.8215723965e+00  8.2899005302e-01 -3.8705623976e-01 -2.0162254786e+00  2.2798202608e+00  1.5882233984e+00 -2.3717791180e+00  7.3933096282e-01  5.1326925407e-01 -2.1639745632e+00 -7.2411155014e-01  4.2453662100e+00  6.7900526852e-01  2.5512171311e+00  3.4786396791e+00  2.2480198595e+00  2.2109468111e+00  2.7925834801e+00  1.1722870693e+00  3.4603459075e+00  2.9641238278e+00  1.6121766639e+00 -2.5528441691e-01  3.9357457731e+00  1.6735174252e-01  1.0791061395e-01  2.2883885690e+00 -1.9293341539e-03 -5.2370575512e-01
ENERGY -5.963751011176e+02

