JOB 0
COORDS  5.9676899594e+00 -1.0057912653e+00  5.9435258124e-01  5.7097754481e+00  1.7566439161e-01 -6.7067512244e-02  3.8212355938e+00 -8.0202478034e-01  5.5742103910e-01  4.0196133720e-01 -1.2902249581e+00 -8.7820662390e-01  1.9011749868e+00 -1.7139442154e+00  1.9811620855e+00  1.6490622844e+00 -2.3104247452e-01  1.8087950658e+00  2.3609329320e+00 -1.0204209567e+00  7.2107335145e-01  6.1282568141e-02 -1.9072658853e+00 -2.2278304275e+00  3.5785956081e+00  1.3866195296e+00 -6.9763725697e-01  4.7879671303e+00 -1.6071126183e+00  9.7534182651e-01  4.3343293789e+00  3.0408784771e-01 -8.2982929620e-02  1.7380503964e+00 -1.3100460526e+00 -5.6421201787e-01 -4.7245005949e-01 -8.1734185704e-01 -1.5350407460e-01  6.9288338661e+00 -1.4502262017e+00  8.1851967322e-01  6.3572668565e+00  9.1961554500e-01 -5.1043919404e-01  2.6733919610e+00 -2.0513666608e+00  2.6634110755e+00  1.0375096923e+00 -2.3630614626e+00  1.8809260208e+00  6.3134238579e-01  8.0623249060e-02  1.6170320980e+00  2.2699715499e+00  4.5823556055e-01  2.3744684436e+00  9.2503465302e-01 -2.0233744034e+00 -2.8889864721e+00 -6.8850203902e-01 -1.2823475944e+00 -2.7170478108e+00 -3.8609134440e-01 -2.8924444388e+00 -2.0608191628e+00  2.6029481817e+00  1.4652402398e+00 -2.1795266766e-01  3.4285652908e+00  1.2051786131e+00 -1.7666486357e+00  4.1163694245e+00  2.3282897308e+00 -5.6509444733e-01  2.3230244387e+00 -1.8764683537e+00 -1.1669548202e+00
ENERGY -5.903508276540e+02

JOB 1
COORDS  5.9826315796e+00 -9.0465353562e-01  6.3145683094e-01  5.6883062630e+00  2.4420548776e-01 -7.0994377572e-02  3.8311176766e+00 -7.7538291973e-01  5.7703727318e-01  4.6218123813e-01 -1.0999863329e+00 -9.4656330708e-01  1.9478291018e+00 -1.7860340639e+00  1.9799049880e+00  1.6286481305e+00 -3.1608585616e-01  1.8448649963e+00  2.3771362059e+00 -1.0352957312e+00  7.3635755566e-01  4.9739932562e-02 -1.8435706289e+00 -2.2099694107e+00  3.5169646826e+00  1.3547555366e+00 -7.5481915152e-01  4.8215258927e+00 -1.5327387298e+00  1.0279444914e+00  4.3093599299e+00  3.2532605756e-01 -9.6280263912e-02  1.7529220435e+00 -1.3422292400e+00 -5.4163983694e-01 -3.1691538377e-01 -3.3985260172e-01 -3.7342065118e-01  6.9570873095e+00 -1.3084621299e+00  8.7432957531e-01  6.3127575232e+00  9.9432655638e-01 -5.3647971883e-01  2.7347722258e+00 -2.1031255102e+00  2.6549673705e+00  1.1235313373e+00 -2.4811822194e+00  1.8536910425e+00  6.0473229698e-01 -2.9222345651e-02  1.6466026000e+00  2.2177777856e+00  3.8377150030e-01  2.4305969792e+00  8.9016572724e-01 -2.2663996302e+00 -2.7681377380e+00 -5.0402562974e-01 -1.1569492433e+00 -2.8534563288e+00 -6.2891191719e-01 -2.6562277912e+00 -1.9316439099e+00  2.5321275277e+00  1.4089771503e+00 -2.9030083929e-01  3.3885474919e+00  1.1310517128e+00 -1.8185732605e+00  4.0132901012e+00  2.3221385961e+00 -6.4761442098e-01  2.2325236155e+00 -2.0844694735e+00 -1.0381457633e+00
ENERGY -5.903516538225e+02

JOB 2
COORDS  5.9767879815e+00 -8.4471390812e-01  6.9543451978e-01  5.6471294390e+00  2.6525758070e-01 -5.2452685449e-02  3.8235431028e+00 -8.0748919651e-01  6.0214312814e-01  5.4377897760e-01 -9.9303863959e-01 -1.0003037717e+00  1.9781736789e+00 -1.9123720961e+00  1.9793649838e+00  1.5876613076e+00 -4.6083188916e-01  1.8655911108e+00  2.3781088389e+00 -1.1171519314e+00  7.4986942369e-01 -2.6230732250e-03 -1.7864024559e+00 -2.1787196760e+00  3.4420538009e+00  1.2601464302e+00 -8.0771730893e-01  4.8358739560e+00 -1.5068263030e+00  1.0961564446e+00  4.2665725445e+00  2.8863769881e-01 -1.0063927652e-01  1.7492359220e+00 -1.4432280342e+00 -5.1777494487e-01 -5.6934768800e-02 -1.7746571613e-02 -5.5099029771e-01  6.9628547801e+00 -1.1988756998e+00  9.6731362084e-01  6.2480244815e+00  1.0230919416e+00 -5.3610932653e-01  2.7780650019e+00 -2.1988592029e+00  2.6527937751e+00  1.1954213526e+00 -2.6507265761e+00  1.8342555172e+00  5.5584822918e-01 -2.0864419180e-01  1.6588714889e+00  2.1336081231e+00  2.5969896569e-01  2.4671465030e+00  7.4550591308e-01 -2.4165649617e+00 -2.6685466821e+00 -4.2261698645e-01 -1.0888742729e+00 -2.9059042411e+00 -8.1698644046e-01 -2.4261304484e+00 -1.8232578177e+00  2.4429982471e+00  1.2831322901e+00 -3.7116100628e-01  3.3519587508e+00  9.9881865706e-01 -1.8669394597e+00  3.8911709079e+00  2.2522504105e+00 -7.1947752761e-01  2.1004279024e+00 -2.2999823326e+00 -9.3014637259e-01
ENERGY -5.903535915591e+02

JOB 3
COORDS  6.0952336743e+00 -8.0027043088e-01  6.6127443745e-01  5.7394549976e+00  2.9646596017e-01 -9.3856928625e-02  3.9401073960e+00 -7.9827696212e-01  5.8924044362e-01  7.5807797296e-01 -9.2750135967e-01 -1.0483082518e+00  2.1464480896e+00 -1.9127520295e+00  2.0231063963e+00  1.7004228328e+00 -4.8261469115e-01  1.8651481895e+00  2.5046884352e+00 -1.1446971134e+00  7.6356086271e-01  1.3016193024e-01 -1.7053703486e+00 -2.1949358936e+00  3.5200518495e+00  1.2574834464e+00 -8.3652474790e-01  4.9696271791e+00 -1.4760622577e+00  1.0799261562e+00  4.3585278907e+00  2.9703199987e-01 -1.2945590729e-01  1.8411030756e+00 -1.5342955427e+00 -4.6419849870e-01  3.1424016542e-01  1.6552806564e-01 -6.9570669679e-01  7.0896727761e+00 -1.1359199421e+00  9.2625057525e-01  6.3223975233e+00  1.0595145529e+00 -5.9118369347e-01  2.9651145407e+00 -2.1445082317e+00  2.6947770916e+00  1.3928516549e+00 -2.6865928792e+00  1.9130228465e+00  6.5863653139e-01 -2.7394291864e-01  1.6571713537e+00  2.2179447780e+00  2.8048242711e-01  2.4380596320e+00  7.4893989217e-01 -2.5306657392e+00 -2.5589238446e+00 -7.3190992175e-02 -1.0151860394e+00 -3.0163562623e+00 -8.2938106193e-01 -2.1104081369e+00 -1.8584145312e+00  2.5012541545e+00  1.2177299239e+00 -4.5041400916e-01  3.4932686509e+00  1.0336550384e+00 -1.9080201480e+00  3.9178478477e+00  2.2651881213e+00 -6.9229757844e-01  2.1124068604e+00 -2.4422518268e+00 -8.2188053590e-01
ENERGY -5.903557724084e+02

JOB 4
COORDS  6.0366085600e+00 -1.0262710901e+00  4.4252707792e-01  5.7060414573e+00  1.9209106297e-01 -1.1123162625e-01  3.8918386025e+00 -8.5764350658e-01  5.9999349389e-01  8.4114221595e-01 -1.0450146528e+00 -1.0631201018e+00  2.1230420788e+00 -1.7633252335e+00  2.2083581190e+00  1.6737720608e+00 -3.6495502762e-01  1.8710843619e+00  2.4584743469e+00 -1.1658292021e+00  8.5470948354e-01  1.9514555850e-01 -1.8782457647e+00 -2.1586601978e+00  3.5389089312e+00  1.4466052008e+00 -4.2467940700e-01  4.9020762423e+00 -1.6720183623e+00  8.8045266895e-01  4.3323865153e+00  2.9294509018e-01 -1.1825988808e-02  1.7447667824e+00 -1.7117629575e+00 -2.7992736255e-01  5.4889749180e-01  1.4198230447e-01 -9.0560599639e-01  7.0188832060e+00 -1.4687011487e+00  5.4902039850e-01  6.3030378872e+00  9.7861996292e-01 -5.5217509374e-01  2.9515080134e+00 -1.9042987622e+00  2.8932634146e+00  1.3694524282e+00 -2.5448277014e+00  2.2180804591e+00  6.2814620835e-01 -1.8699039792e-01  1.6515311660e+00  2.1913894749e+00  4.6789102319e-01  2.3364938350e+00  6.0093528115e-01 -2.8902057017e+00 -2.2435874356e+00  3.2096907171e-01 -1.3591362931e+00 -3.1120158225e+00 -8.7835831784e-01 -1.9431579858e+00 -1.9594275021e+00  2.4799800611e+00  1.1884390287e+00 -4.2588233264e-01  3.8254801242e+00  1.7452627431e+00 -1.4366421063e+00  3.7084196586e+00  2.2878815738e+00  2.5557833154e-01  1.9712488341e+00 -2.6682532163e+00 -5.2229187454e-01
ENERGY -5.903569478041e+02

JOB 5
COORDS  6.0014018763e+00 -9.9056094722e-01  3.4197712122e-02  5.6284216805e+00  2.7212077629e-01 -3.7498476142e-01  3.8817797587e+00 -8.3833197274e-01  4.0791782468e-01  9.7432461562e-01 -1.2293796385e+00 -1.2182138195e+00  2.2360094116e+00 -1.7016951653e+00  2.1752300698e+00  1.6997334154e+00 -3.5723623715e-01  1.7543292844e+00  2.4821043795e+00 -1.1949079396e+00  7.6771386663e-01  3.8051228198e-01 -2.1275163462e+00 -2.2907482643e+00  3.4543633519e+00  1.5508823960e+00 -3.7230107624e-01  4.9092597118e+00 -1.6728813444e+00  5.1877939730e-01  4.2702968620e+00  3.6162208962e-01 -1.4153961070e-01  1.7314366920e+00 -1.8668325394e+00 -2.7132757140e-01  7.6208614637e-01 -1.5645997383e-02 -1.2085622621e+00  6.9862314110e+00 -1.4392680477e+00  6.7755003401e-03  6.1868812034e+00  1.0964234727e+00 -7.9676103875e-01  3.0968586631e+00 -1.7435452509e+00  2.8330643791e+00  1.5276245602e+00 -2.5175886696e+00  2.2810326924e+00  6.3755502679e-01 -2.5308320807e-01  1.5662754520e+00  2.1850866357e+00  5.3343927295e-01  2.1396881153e+00  5.8643266639e-01 -3.1908225173e+00 -2.1404002449e+00  7.7973722795e-01 -1.8211992337e+00 -3.2618005698e+00 -7.0099568014e-01 -1.9721439691e+00 -2.3166149703e+00  2.4138564793e+00  1.2604280001e+00 -5.1538165098e-01  3.8046230701e+00  2.0528638354e+00 -1.2772446327e+00  3.5377743012e+00  2.2440144711e+00  4.7197157746e-01  1.9784657582e+00 -2.8354239750e+00 -4.3416000833e-01
ENERGY -5.903575961206e+02

JOB 6
COORDS  5.5602484842e+00 -1.1048364643e+00 -1.5758503633e-01  5.2196076995e+00  2.0614976156e-01 -4.1506017183e-01  3.4813794043e+00 -9.0353365906e-01  3.8667594763e-01  7.2151351047e-01 -1.2858504777e+00 -1.2278820670e+00  1.9203740705e+00 -1.7476565027e+00  2.2488123303e+00  1.3760299951e+00 -3.9959537002e-01  1.8472502520e+00  2.1031099206e+00 -1.2514966212e+00  8.2991755237e-01  1.4911050143e-01 -2.1909963439e+00 -2.3051612047e+00  3.1114491795e+00  1.5624629101e+00 -1.5321052941e-01  4.4743661475e+00 -1.7856687041e+00  3.4072816775e-01  3.8872596850e+00  3.2787259589e-01 -7.2623338489e-02  1.2845631536e+00 -1.9305477299e+00 -1.5454606157e-01  6.5855424433e-01 -5.9568727200e-02 -1.3153148901e+00  6.5182247573e+00 -1.5880743727e+00 -3.0185019542e-01  5.7849214167e+00  1.0447605736e+00 -7.9742997695e-01  2.8100019102e+00 -1.7898629309e+00  2.8672125762e+00  1.2122209352e+00 -2.5573772977e+00  2.3962836789e+00  3.0619194626e-01 -2.9114448535e-01  1.7088891443e+00  1.8840435202e+00  4.8606587380e-01  2.2134616046e+00  9.1353063151e-02 -3.2418913409e+00 -2.0087212536e+00  7.7793325226e-01 -2.1104246631e+00 -3.1973129658e+00 -8.4839520876e-01 -1.8341314674e+00 -2.5706465803e+00  2.0671095558e+00  1.3212071408e+00 -3.4580248507e-01  3.4901298681e+00  2.1622376157e+00 -9.8361555983e-01  3.2067187256e+00  2.1405221144e+00  7.7245658034e-01  1.4871548440e+00 -2.9171750436e+00 -2.6951738845e-01
ENERGY -5.903573986229e+02

JOB 7
COORDS  5.5601597412e+00 -1.0995417341e+00 -2.5608533623e-01  5.2152096124e+00  2.2298269284e-01 -4.3748808847e-01  3.5053860523e+00 -9.1778198301e-01  3.8033122929e-01  9.2745392952e-01 -1.4095639814e+00 -1.2642584758e+00  2.0283340639e+00 -1.7808170275e+00  2.3035634070e+00  1.4623704536e+00 -4.3438842767e-01  1.9265773344e+00  2.1512080703e+00 -1.2867660971e+00  8.7950172162e-01  4.1210319308e-01 -2.3847176801e+00 -2.3079355644e+00  3.1225332831e+00  1.5682303332e+00 -4.9481609415e-02  4.4927513407e+00 -1.7989960374e+00  2.5522079825e-01  3.8987038937e+00  3.3240181305e-01 -3.5813999245e-02  1.2942332532e+00 -1.9784759184e+00 -6.5816336230e-02  9.9865307751e-01 -2.0050605485e-01 -1.4755381871e+00  6.5089992194e+00 -1.5782809642e+00 -4.6247837113e-01  5.7664730450e+00  1.0758880896e+00 -8.0843405301e-01  2.9435111668e+00 -1.8210724957e+00  2.8834288149e+00  1.3282363128e+00 -2.5914505421e+00  2.4832019724e+00  3.8599954803e-01 -3.3620326868e-01  1.8358329468e+00  1.9779921340e+00  4.5284942556e-01  2.2777750934e+00 -5.0607846689e-02 -3.2724713647e+00 -1.8669215576e+00  1.2518346914e+00 -2.7085152940e+00 -2.9327299908e+00 -3.0909337199e-01 -1.8729559029e+00 -2.9465731290e+00  2.0792116904e+00  1.3335312547e+00 -2.5123458570e-01  3.4953843967e+00  2.2073991176e+00 -8.5237359478e-01  3.2221276198e+00  2.1010838599e+00  9.0233990936e-01  1.4265061296e+00 -2.9843897677e+00 -8.3914646643e-02
ENERGY -5.903561804243e+02

JOB 8
COORDS  5.4562221455e+00 -1.1073014405e+00 -3.3042884991e-01  5.1299198724e+00  2.2615740685e-01 -4.5892551238e-01  3.4132009427e+00 -9.1698755043e-01  3.3955338905e-01  9.8812153024e-01 -1.4329592340e+00 -1.3661065995e+00  1.9577912756e+00 -1.8123106282e+00  2.2665720414e+00  1.4341496605e+00 -4.3163216583e-01  1.9532457756e+00  2.0648455346e+00 -1.2759426980e+00  8.5945365248e-01  4.3846478027e-01 -2.4414507848e+00 -2.3594280366e+00  3.0560095110e+00  1.5812280897e+00 -1.5808523580e-02  4.3839017951e+00 -1.8086545217e+00  1.6785739260e-01  3.8226896193e+00  3.4135000389e-01 -3.1609739222e-02  1.1503654480e+00 -1.9070741750e+00 -8.1772293872e-02  1.2542054106e+00 -2.7704071144e-01 -1.6857420493e+00  6.3952547158e+00 -1.5922062942e+00 -5.6527079034e-01  5.6879057817e+00  1.0826103547e+00 -8.1111828853e-01  2.8844453643e+00 -1.9069794046e+00  2.8213375158e+00  1.2326509327e+00 -2.6019744163e+00  2.4427058397e+00  3.5997044288e-01 -2.9148495267e-01  1.8940937384e+00  1.9929224722e+00  4.2010719948e-01  2.3263504233e+00 -1.7169115978e-01 -3.2159414959e+00 -1.8854076226e+00  1.2787445802e+00 -2.9271190666e+00 -2.8676841260e+00 -1.5400410473e-01 -1.9152497882e+00 -3.1091318967e+00  2.0114299212e+00  1.3585114354e+00 -2.2228447526e-01  3.4291046547e+00  2.2351780213e+00 -8.0631425377e-01  3.1583271154e+00  2.0929426696e+00  9.4722449284e-01  1.1346814187e+00 -2.9191112554e+00 -8.2296740239e-03
ENERGY -5.903538844355e+02

JOB 9
COORDS  5.4715206216e+00 -1.0589876406e+00 -3.3060456320e-01  5.1384586017e+00  2.7506879078e-01 -4.3429418121e-01  3.4272639382e+00 -8.9232279113e-01  3.3669262001e-01  1.0968345428e+00 -1.4451286271e+00 -1.4116687309e+00  2.0081054289e+00 -1.8642089211e+00  2.2452481101e+00  1.5269250990e+00 -4.4796786104e-01  2.0335300655e+00  2.0850070752e+00 -1.2529645323e+00  8.6895804032e-01  4.5183456421e-01 -2.4686924254e+00 -2.3306993869e+00  3.0393796462e+00  1.5974929174e+00 -3.2740458627e-03  4.4028694802e+00 -1.7752969842e+00  1.5502015672e-01  3.8311266673e+00  3.7502909060e-01 -5.7392390668e-03  1.1096730223e+00 -1.7908492061e+00 -7.6026799930e-02  1.5527496772e+00 -3.8530901939e-01 -1.8317871118e+00  6.4134441452e+00 -1.5344260325e+00 -5.7285086230e-01  5.6916973628e+00  1.1402281484e+00 -7.7241551089e-01  2.9499149148e+00 -2.0282335943e+00  2.7564306765e+00  1.2584466548e+00 -2.6341419771e+00  2.4090719182e+00  4.5691881948e-01 -2.6694569304e-01  2.0265359039e+00  2.1318321197e+00  3.5924754447e-01  2.4339261918e+00 -3.0500628239e-01 -3.0768894890e+00 -1.8261424526e+00  1.2310249246e+00 -3.1362781002e+00 -2.7147107949e+00 -4.3762955342e-06 -1.9503494829e+00 -3.1774278779e+00  2.0034947396e+00  1.3547190393e+00 -2.3108433773e-01  3.4122178955e+00  2.2612750622e+00 -7.8541217728e-01  3.1076106074e+00  2.1093716693e+00  9.6260125544e-01  9.0296083002e-01 -2.7702600085e+00  8.8487272214e-02
ENERGY -5.903506698796e+02

JOB 10
COORDS  5.5038081045e+00 -9.9991287382e-01 -2.2611082867e-01  5.1299497179e+00  3.1847794882e-01 -3.8064383544e-01  3.4281696038e+00 -8.9006607787e-01  3.4353557986e-01  1.1634424594e+00 -1.4913481871e+00 -1.4826716758e+00  2.0090671820e+00 -1.9653026339e+00  2.1799532622e+00  1.5666331493e+00 -5.2217578894e-01  2.0795195181e+00  2.0799055105e+00 -1.2610473703e+00  8.5014274242e-01  3.4826657230e-01 -2.4670198603e+00 -2.3174989502e+00  2.9609278705e+00  1.5660714648e+00 -7.0881810996e-02  4.4394075367e+00 -1.7421752216e+00  2.3045662772e-01  3.8039114485e+00  3.8200877397e-01 -8.6625515659e-03  1.0699536741e+00 -1.6840322936e+00 -1.2065916697e-01  1.8280708908e+00 -5.9582448765e-01 -1.9953941584e+00  6.4712112939e+00 -1.4476521832e+00 -4.1437618383e-01  5.6666142202e+00  1.1930876176e+00 -7.2118498138e-01  2.9541373098e+00 -2.1959448229e+00  2.6581478208e+00  1.2392825603e+00 -2.7229857877e+00  2.3067185732e+00  5.0200703564e-01 -3.1125677014e-01  2.1105705573e+00  2.2026595049e+00  2.3808856434e-01  2.5226357978e+00 -5.2726895555e-01 -2.8559532779e+00 -1.7884301889e+00  9.8726425258e-01 -3.3124921693e+00 -2.5949874038e+00  2.8753563435e-02 -1.9675690416e+00 -3.2330595743e+00  1.9513588249e+00  1.2762562885e+00 -3.5716100402e-01  3.3491592234e+00  2.2392270525e+00 -8.3720196244e-01  2.9428157591e+00  2.0893519641e+00  8.9113624882e-01  6.2156823399e-01 -2.5566406089e+00  1.3354703452e-01
ENERGY -5.903472144123e+02

JOB 11
COORDS  4.5723722329e+00  1.7473231528e+00  9.7158929862e-01  5.1742361618e+00  1.1829009352e+00 -1.3274575439e-01  3.4480265606e+00 -3.2189114183e-02  5.1882694388e-01  1.0953371354e+00 -3.1417504487e-01 -1.3461253389e+00  3.0254179934e+00 -2.5081872755e+00  1.0684965105e+00  2.1741980049e+00 -1.6644959547e+00  1.9959747081e+00  2.4845044469e+00 -1.1591725761e+00  6.1031302101e-01 -2.9790429029e-01 -4.6304792456e-01 -1.9438863453e+00  4.6346660587e+00 -8.1654969463e-01 -1.5697586181e+00  3.5042721449e+00  9.7823803985e-01  1.3748967780e+00  4.4640332851e+00  3.1519138792e-02 -4.0191081136e-01  1.3785805605e+00 -1.2041272544e+00 -3.4040853943e-01  1.8785784902e+00  5.3540170547e-01 -1.7629483323e+00  4.8526549591e+00  2.6505347546e+00  1.4981967827e+00  6.0188964167e+00  1.4843654398e+00 -7.3670388627e-01  4.0886821743e+00 -2.5830071704e+00  1.2761215229e+00  2.5798474692e+00 -3.3971182736e+00  6.2927900742e-01  1.1560055140e+00 -1.9922357219e+00  2.1906811924e+00  2.6496804615e+00 -1.1456173949e+00  2.8201186566e+00 -7.9778183217e-01 -1.4002142879e+00 -1.6805898371e+00 -2.2200612805e-01 -3.8785094329e-01 -3.0304803037e+00 -9.1438428431e-01  3.7156496957e-01 -1.5953958146e+00  4.0942475310e+00 -3.9569209541e-01 -2.4213167455e+00  4.2388472994e+00 -1.8108870198e+00 -1.3566334331e+00  5.6984694606e+00 -9.0539395509e-01 -1.8040747204e+00  6.0724552360e-01 -1.7905382404e+00 -4.8755467154e-02
ENERGY -5.903461055577e+02

JOB 12
COORDS  4.3377502291e+00  1.7477804942e+00  7.6414186224e-01  5.0812717329e+00  1.1126058388e+00 -2.0756767073e-01  3.3584757004e+00 -1.3569360483e-01  3.9012143633e-01  1.1072960800e+00 -5.5391497020e-01 -1.5245412510e+00  3.0064078313e+00 -2.6333274252e+00  9.1255143670e-01  2.1665167067e+00 -1.8297108110e+00  1.8806187646e+00  2.4225120933e+00 -1.2863036915e+00  4.9945188231e-01 -3.3562508436e-01 -3.8894389532e-01 -1.9784036752e+00  4.8072236562e+00 -1.0285200933e+00 -1.4939040548e+00  3.2730133110e+00  9.5933739624e-01  1.1350963783e+00  4.4585300220e+00 -9.7504817020e-02 -4.3141817715e-01  1.2660899105e+00 -1.3243163162e+00 -3.9472027734e-01  2.0398268404e+00 -4.5116675316e-02 -2.1400239206e+00  4.5172282527e+00  2.7127397792e+00  1.2207926270e+00  5.9699142447e+00  1.4023225352e+00 -7.5119866392e-01  4.0756274095e+00 -2.6897034939e+00  1.0936768366e+00  2.5618518562e+00 -3.5159201238e+00  4.6234627262e-01  1.1647891201e+00 -2.1910586386e+00  2.1016719292e+00  2.6529216031e+00 -1.3180583512e+00  2.7030852214e+00 -9.8672288312e-01 -1.2064275983e+00 -1.6538787284e+00 -3.5698515314e-01 -3.1651706150e-01 -3.0667151787e+00 -7.2672162495e-01  5.4838298868e-01 -1.5680815867e+00  4.4401680649e+00 -6.5590636857e-01 -2.4523628634e+00  4.3394999271e+00 -1.9931702276e+00 -1.3005214343e+00  5.8925313382e+00 -1.1587599237e+00 -1.5235846467e+00  3.9935290631e-01 -1.5330586863e+00  8.6380617738e-02
ENERGY -5.903477960213e+02

JOB 13
COORDS  4.2379512754e+00  2.0907452665e+00  7.8885179740e-01  5.0298888692e+00  1.4927675091e+00 -1.6857325294e-01  3.4053423859e+00  1.2970120739e-01  4.5400056062e-01  1.1115126010e+00 -3.7713930644e-01 -1.3567691406e+00  3.1855667134e+00 -2.4272117797e+00  7.7541233669e-01  2.4493924594e+00 -1.7574524778e+00  1.9118498035e+00  2.5306445880e+00 -1.0685293936e+00  5.7301685461e-01 -3.2021665051e-01  1.0066120033e-02 -1.6862575896e+00  4.9709058459e+00 -7.2602721216e-01 -1.3577726511e+00  3.2340524748e+00  1.2332221001e+00  1.1732113935e+00  4.4930285820e+00  2.3944061740e-01 -3.7757935962e-01  1.2716474725e+00 -1.0579487810e+00 -1.6758572889e-01  2.0468128474e+00 -1.1603439628e-01 -2.1082330069e+00  4.3388981944e+00  3.0790676301e+00  1.2189284098e+00  5.8983617598e+00  1.8353418280e+00 -7.1382631188e-01  4.2687330322e+00 -2.4703157453e+00  8.2732956889e-01  2.7102826295e+00 -3.2702936470e+00  2.8442354847e-01  1.4872247006e+00 -2.1703330004e+00  2.2040700691e+00  3.0208300375e+00 -1.3155477863e+00  2.7201842600e+00 -1.0602177024e+00 -6.3859104464e-01 -1.2080046575e+00 -4.5493176964e-01 -1.7372924876e-02 -2.7684904822e+00 -4.9111416618e-01  1.0378523874e+00 -1.3478684169e+00  4.1244160402e+00 -1.2801548798e+00 -1.7581009315e+00  5.6995896652e+00 -1.4119367115e+00 -9.1263688295e-01  5.4444278649e+00 -1.8840490977e-01 -2.1812346595e+00  4.6018158857e-01 -1.0069255355e+00  4.3889027050e-01
ENERGY -5.903506679433e+02

JOB 14
COORDS  4.1919213196e+00  2.0945050441e+00  8.0990090048e-01  4.9797744326e+00  1.5165701753e+00 -1.6295384076e-01  3.3794792678e+00  1.2540731533e-01  4.6502337484e-01  1.0721784197e+00 -4.8798824231e-01 -1.3681003381e+00  3.1199655882e+00 -2.4523698274e+00  6.7448975457e-01  2.4667210022e+00 -1.8225897897e+00  1.8808349335e+00  2.4984481182e+00 -1.0701694090e+00  5.7244712655e-01 -3.1632636191e-01  1.1379045736e-02 -1.7269091629e+00  4.9641333407e+00 -7.0147389229e-01 -1.3519042610e+00  3.2017712996e+00  1.2219753434e+00  1.1948436075e+00  4.4542535981e+00  2.5924583654e-01 -3.8114284955e-01  1.2042379371e+00 -9.8764250845e-01 -9.0023658870e-02  2.0037905444e+00 -4.5897758342e-01 -2.1683199891e+00  4.2860139120e+00  3.0794505744e+00  1.2492980857e+00  5.8397297980e+00  1.8738802432e+00 -7.1224051066e-01  4.2021788483e+00 -2.5271101234e+00  6.6419181788e-01  2.5950019562e+00 -3.2548853931e+00  1.6714232601e-01  1.5073553638e+00 -2.2182336188e+00  2.2025653166e+00  3.0959513676e+00 -1.4391834957e+00  2.6761261667e+00 -1.1060188631e+00 -4.6374588285e-01 -1.1375714248e+00 -4.9430160161e-01 -1.6561381881e-01 -2.7886039471e+00 -3.5603498371e-01  1.0918787665e+00 -1.5506333758e+00  4.1347197502e+00 -1.2811118492e+00 -1.7511797910e+00  5.7110726519e+00 -1.3602740559e+00 -8.9602344379e-01  5.4280725161e+00 -1.5595563090e-01 -2.1758657228e+00  4.4884637459e-01 -7.2975445068e-01  5.3660562067e-01
ENERGY -5.903538838364e+02

JOB 15
COORDS  4.2944396991e+00  2.1029349535e+00  9.1644877924e-01  5.0468435165e+00  1.5416796604e+00 -9.3449652677e-02  3.4568041077e+00  1.4706898337e-01  5.5421291813e-01  1.0965173434e+00 -6.2925489282e-01 -1.2949271210e+00  3.1353962740e+00 -2.4373985309e+00  6.9929850828e-01  2.5541258001e+00 -1.8215683083e+00  1.9480076145e+00  2.5586293310e+00 -1.0367518787e+00  6.5540830169e-01 -2.6664030488e-01 -1.0161174548e-01 -1.7063301597e+00  4.9917465378e+00 -6.5708793133e-01 -1.3191142608e+00  3.3104555673e+00  1.2286693663e+00  1.3129601151e+00  4.5036218789e+00  2.9379030261e-01 -3.2556011794e-01  1.2483814873e+00 -8.9238342426e-01  4.6571690391e-02  1.9933696005e+00 -8.2031415548e-01 -2.1142978170e+00  4.4097821750e+00  3.0769979492e+00  1.3746800852e+00  5.8946769296e+00  1.9037600757e+00 -6.5829023253e-01  4.2131138773e+00 -2.5434639218e+00  6.3831716368e-01  2.5665397312e+00 -3.2083677211e+00  1.9093242947e-01  1.5944492171e+00 -2.1912152539e+00  2.2970497224e+00  3.2292090639e+00 -1.4805346995e+00  2.7248258162e+00 -1.0472122464e+00 -2.9733749916e-01 -9.6578040925e-01 -5.4710599940e-01 -5.5140321469e-01 -2.6604629816e+00 -1.9076094430e-01  9.8071845219e-01 -1.8548646517e+00  4.1547116842e+00 -1.2395667655e+00 -1.6986388759e+00  5.7559334701e+00 -1.3128927138e+00 -8.8792244449e-01  5.4312416632e+00 -1.0170393344e-01 -2.1501547960e+00  5.5282939490e-01 -4.7533584274e-01  6.5591422156e-01
ENERGY -5.903561929355e+02

JOB 16
COORDS  4.4132713896e+00  2.0951540694e+00  1.0374164301e+00  5.1017105042e+00  1.5775046295e+00 -3.9198352097e-02  3.5093573315e+00  1.8320856419e-01  6.0602625697e-01  1.0872666855e+00 -7.3850205160e-01 -1.3057058628e+00  3.1034615935e+00 -2.3961682230e+00  6.5919869222e-01  2.5497524521e+00 -1.8026335434e+00  1.9301712679e+00  2.5779269951e+00 -9.7723507970e-01  6.6111538266e-01 -2.5806072300e-01 -1.9842293289e-01 -1.7595993074e+00  4.9509603048e+00 -5.6205570011e-01 -1.3625809722e+00  3.4268498306e+00  1.2217311545e+00  1.4312651208e+00  4.5144161045e+00  3.5870977872e-01 -3.1653777349e-01  1.2799498713e+00 -7.6300445933e-01  5.3468742737e-02  1.9311643960e+00 -1.1346672526e+00 -2.1094850931e+00  4.5745116911e+00  3.0381624962e+00  1.5441581835e+00  5.9338172045e+00  1.9504458196e+00 -6.2019572293e-01  4.1769164786e+00 -2.5330342252e+00  5.8443199552e-01  2.5092410949e+00 -3.1296766198e+00  1.2596080823e-01  1.5767906636e+00 -2.1453803952e+00  2.2689230064e+00  3.2383903891e+00 -1.5099025371e+00  2.7148769778e+00 -1.0121103186e+00 -1.9281279189e-01 -9.6753682779e-01 -6.1440434403e-01 -7.9895272142e-01 -2.5985489410e+00 -1.2010366849e-01  8.2738732858e-01 -2.1170325731e+00  4.0951849155e+00 -1.1299693761e+00 -1.7247370016e+00  5.7264742383e+00 -1.2372393965e+00 -9.8476299595e-01  5.3620752013e+00  1.7486645059e-02 -2.1919141700e+00  6.2903873980e-01 -2.2670235354e-01  6.1618987790e-01
ENERGY -5.903573954550e+02

JOB 17
COORDS  4.7096839823e+00  2.1000441589e+00  1.3157371524e+00  5.2820870125e+00  1.6451942424e+00  1.4685223768e-01  3.6709276067e+00  2.7907719173e-01  8.0572050635e-01  1.1156087343e+00 -7.3730863528e-01 -1.1133009819e+00  3.1457485413e+00 -2.2763958724e+00  7.9101003078e-01  2.6191877783e+00 -1.6868586080e+00  2.0748089836e+00  2.6854290068e+00 -8.3635924773e-01  8.2158342935e-01 -2.4815758955e-01 -2.3905619662e-01 -1.5621678621e+00  4.9145005453e+00 -3.7234810422e-01 -1.3220932480e+00  3.7093579639e+00  1.2448208390e+00  1.7169680240e+00  4.6086788538e+00  4.8464701740e-01 -1.7962867506e-01  1.4085079448e+00 -5.3718559889e-01  2.0954253362e-01  1.8814045505e+00 -1.3015148005e+00 -1.8966679369e+00  4.9617849633e+00  2.9865484561e+00  1.8836208610e+00  6.0871507041e+00  2.0252771341e+00 -4.6683279577e-01  4.2131991119e+00 -2.4521083979e+00  7.0700847736e-01  2.5240386519e+00 -2.9727179123e+00  2.4053034145e-01  1.6306529289e+00 -1.9921380728e+00  2.4038294972e+00  3.3182638999e+00 -1.4395239789e+00  2.8658210465e+00 -8.2917922316e-01  2.3603553668e-01 -7.6697312437e-01 -8.1480220331e-01 -1.0847171891e+00 -1.9609128708e+00 -1.0664192413e-01  4.7531147942e-01 -2.3775956746e+00  4.0297748815e+00 -9.4549481362e-01 -1.5984447697e+00  5.7414354380e+00 -1.0503765832e+00 -1.0839446644e+00  5.2040411210e+00  2.5364780312e-01 -2.1692817052e+00  7.9394574190e-01  6.1555882879e-02  7.4746232885e-01
ENERGY -5.903575919916e+02

JOB 18
COORDS  4.8408920535e+00  1.8978178813e+00  1.6442341721e+00  5.3549006484e+00  1.5765394790e+00  4.0612740121e-01  3.7243786855e+00  1.8477464298e-01  9.5704993778e-01  1.2179411397e+00 -9.8327668004e-01 -1.1552314283e+00  3.1588542023e+00 -2.3551518350e+00  8.7355373802e-01  2.5144349851e+00 -1.7571861111e+00  2.0976050965e+00  2.7185816892e+00 -9.0736653722e-01  8.5745396589e-01 -1.3211799675e-01 -5.1990258123e-01 -1.6790784647e+00  4.8676524763e+00 -2.3806952454e-01 -1.2785944791e+00  3.8268572656e+00  1.0279384376e+00  1.9773561212e+00  4.6340867472e+00  4.8272959140e-01 -3.0852280254e-02  1.5254090857e+00 -5.6683772111e-01  1.1224453493e-01  1.9609588510e+00 -1.6904877846e+00 -1.8385784187e+00  5.1426210356e+00  2.6989540990e+00  2.3068722251e+00  6.1474275445e+00  2.0092930454e+00 -1.8892715476e-01  4.2288879779e+00 -2.5363632632e+00  8.9231017555e-01  2.5895800223e+00 -3.0461264916e+00  2.6390045282e-01  1.4925665118e+00 -2.0483391268e+00  2.3206573338e+00  3.1294468034e+00 -1.5145200052e+00  2.9567844553e+00 -6.5558375569e-01  1.6754753288e-01 -1.0087512022e+00 -7.6116186428e-01 -1.3989922167e+00 -1.8458786035e+00  1.6868857124e-02 -3.4821575012e-02 -2.6469065886e+00  4.0418619611e+00 -9.2236947846e-01 -1.4729300367e+00  5.8039699547e+00 -8.0315092236e-01 -1.2218204056e+00  4.9322057882e+00  4.7336724531e-01 -2.1062954405e+00  8.8409880047e-01  6.5168491029e-02  5.7505754714e-01
ENERGY -5.903569478126e+02

JOB 19
COORDS  5.1109651521e+00  1.7346836228e+00  1.6905063270e+00  5.4571772944e+00  1.5554934452e+00  3.6851832703e-01  3.7933661109e+00  2.0670540821e-01  9.2978381740e-01  1.2587821002e+00 -1.0911618108e+00 -1.2415657271e+00  3.0870885913e+00 -2.2921779106e+00  9.4680232055e-01  2.3598041440e+00 -1.5793878706e+00  2.0568721358e+00  2.7325988685e+00 -8.2612253684e-01  7.9268825809e-01 -5.6725987223e-02 -6.0302066270e-01 -1.8291503435e+00  4.5870074806e+00  5.7220969002e-02 -1.4750894342e+00  4.0741552650e+00  8.9284015711e-01  2.0299899970e+00  4.6156908646e+00  5.7041602799e-01 -1.1079597581e-01  1.6540119011e+00 -4.4595750094e-01 -9.7101986160e-02  1.9048091113e+00 -1.9929374108e+00 -1.7758923403e+00  5.5483789388e+00  2.4146129328e+00  2.4103284284e+00  6.2064729842e+00  2.0191842407e+00 -2.5833603803e-01  4.1406212244e+00 -2.5137039162e+00  1.0859518230e+00  2.5464791735e+00 -2.9975907970e+00  3.2854360847e-01  1.3051324940e+00 -1.8022261192e+00  2.1868134732e+00  2.8981212297e+00 -1.3060062661e+00  2.9571710668e+00 -4.0321919672e-01  3.4481201350e-01 -1.4071862824e+00 -8.2264315434e-01 -1.3646711851e+00 -1.6521727193e+00  6.0060290495e-02 -4.9762239498e-01 -2.9097268426e+00  4.0686563147e+00 -9.0153924836e-01 -1.5015671176e+00  5.6097532293e+00 -7.9329252026e-02 -1.8354508068e+00  4.0635666883e+00  7.5231580993e-01 -2.1397487643e+00  1.0379689387e+00  2.7078481550e-01  2.6718766462e-01
ENERGY -5.903557724212e+02

JOB 20
COORDS  5.0178275817e+00  1.6415798351e+00  1.7021052406e+00  5.3915781855e+00  1.4729257503e+00  3.8607343704e-01  3.7207306278e+00  1.1541359732e-01  9.0570414289e-01  1.0978491555e+00 -1.2560499636e+00 -1.2383370635e+00  3.0359855882e+00 -2.3839239831e+00  8.9681716727e-01  2.2454115836e+00 -1.6781932994e+00  1.9689102148e+00  2.6725028903e+00 -9.2150961312e-01  7.2432513483e-01 -1.8918698077e-01 -6.8313361030e-01 -1.8145101215e+00  4.5505425617e+00 -1.8734180334e-02 -1.4821626179e+00  3.9764935152e+00  7.9423078850e-01  2.0155224561e+00  4.5631040010e+00  4.8777353924e-01 -1.1581510524e-01  1.6486236600e+00 -5.1383876602e-01 -2.2129927430e-01  1.5936639764e+00 -2.2908437914e+00 -1.6825242868e+00  5.4388594813e+00  2.3175657641e+00  2.4352131084e+00  6.1519302816e+00  1.9436720285e+00 -2.2185466695e-01  4.0847228651e+00 -2.5874367488e+00  1.0913049215e+00  2.5337768302e+00 -3.0974444411e+00  2.5679863536e-01  1.1879899689e+00 -1.9133515184e+00  2.0428689585e+00  2.7332431048e+00 -1.4005989945e+00  2.8964659633e+00 -3.5665813750e-01  3.6669276091e-01 -1.5565406445e+00 -1.0333049189e+00 -1.2718293401e+00 -1.4407440287e+00 -1.6510060687e-01 -7.9112706890e-01 -2.9005509944e+00  4.1075257567e+00 -1.0150088232e+00 -1.5020671901e+00  5.5746126768e+00 -7.7818578091e-02 -1.8583921999e+00  3.9641554945e+00  6.3491361228e-01 -2.1358089077e+00  1.1010898367e+00  2.7713951941e-01  9.8062220544e-02
ENERGY -5.903535914042e+02

JOB 21
COORDS  4.9570392968e+00  1.7009699967e+00  1.6931602777e+00  5.3933963114e+00  1.5195766797e+00  3.9829831434e-01  3.7395048139e+00  1.2329008260e-01  8.7071470228e-01  9.8575733051e-01 -1.3140855215e+00 -1.1607864766e+00  3.1587740478e+00 -2.3918900316e+00  8.1062352901e-01  2.3190374906e+00 -1.7438108819e+00  1.8858019073e+00  2.7259022791e+00 -9.4340741061e-01  6.6593824026e-01 -2.1168421434e-01 -6.1054373698e-01 -1.7855895339e+00  4.6800574352e+00 -2.8887175389e-02 -1.4750683571e+00  3.9270852656e+00  8.2995720362e-01  1.9766861564e+00  4.6151236607e+00  5.0285782560e-01 -1.2069405033e-01  1.7151509617e+00 -5.3295350944e-01 -2.9673791493e-01  1.2565706052e+00 -2.4802302349e+00 -1.4436047766e+00  5.3263732553e+00  2.4015229196e+00  2.4310160822e+00  6.1671620020e+00  2.0002063954e+00 -1.8443777935e-01  4.2134853597e+00 -2.5467435981e+00  1.0193224483e+00  2.6891630347e+00 -3.1170677186e+00  1.5983987101e-01  1.2744332624e+00 -2.0353255638e+00  1.9353199770e+00  2.7772830791e+00 -1.4655819084e+00  2.8282045162e+00 -1.9237832682e-01  4.7747224227e-01 -1.6739260937e+00 -1.1251733742e+00 -9.9339955962e-01 -1.3192564454e+00 -2.5094630054e-01 -8.6547165152e-01 -2.8465434593e+00  4.2784284954e+00 -1.0423720106e+00 -1.4880982399e+00  5.7204670662e+00 -5.5537672170e-02 -1.8074492253e+00  4.0959491532e+00  5.8620113019e-01 -2.1668713718e+00  1.3012945622e+00  3.6291728260e-01 -6.5163368594e-02
ENERGY -5.903516541508e+02

JOB 22
COORDS  4.8954596169e+00  1.7172097098e+00  1.7796814926e+00  5.4211300127e+00  1.6009597161e+00  5.1077061772e-01  3.7542056479e+00  1.6990508615e-01  8.0307328148e-01  9.2526495624e-01 -1.1666951582e+00 -1.2465320605e+00  3.2566206181e+00 -2.3357451233e+00  5.1190040578e-01  2.3518704600e+00 -1.8136361007e+00  1.6075698697e+00  2.7695364698e+00 -8.9540994219e-01  4.8370291234e-01 -1.3725799026e-01 -3.5346975485e-01 -1.9731483687e+00  4.8555970204e+00  1.4081357956e-01 -1.4786558293e+00  3.8588009738e+00  8.2577606335e-01  1.9503911662e+00  4.6909736149e+00  6.0476784181e-01 -1.0809059966e-01  1.8001734885e+00 -4.2122076825e-01 -4.9618133431e-01  9.7207677137e-01 -2.3915731815e+00 -1.3510085069e+00  5.2064723252e+00  2.3841667908e+00  2.5734096844e+00  6.2281559728e+00  2.1140525010e+00  6.0902846450e-03  4.3088395053e+00 -2.4738992064e+00  7.4515360806e-01  2.8254777930e+00 -3.0244567906e+00 -2.0189979650e-01  1.3227713728e+00 -2.1568148934e+00  1.5852489157e+00  2.7626876308e+00 -1.6035115885e+00  2.5887488331e+00  6.4273461862e-02  7.2151051003e-01 -1.9915165277e+00 -1.1018896087e+00 -5.2140874657e-01 -1.4838475869e+00 -2.1873072220e-01 -7.2371695146e-01 -2.9972993526e+00  4.5156877226e+00 -8.9221331495e-01 -1.5555965236e+00  5.9114223826e+00  1.8883426828e-01 -1.7544849313e+00  4.2732563755e+00  7.5246854106e-01 -2.1749921306e+00  1.5439730879e+00  5.4916858400e-01 -3.5840332161e-01
ENERGY -5.903508373916e+02

JOB 23
COORDS  4.5319892700e+00  1.7937975540e+00  1.9048285268e+00  5.1499476740e+00  1.6167466122e+00  6.8540097061e-01  3.6101332892e+00  5.7208422211e-02  1.0191335744e+00  7.6194725851e-01 -1.6374139245e+00 -7.3114551998e-01  3.3983435252e+00 -2.4958052591e+00  7.9866586503e-01  2.4641980070e+00 -2.0489913007e+00  1.9066041015e+00  2.7497386750e+00 -1.1240324205e+00  7.4940831454e-01 -3.3145803079e-01 -9.5687774881e-01 -1.5417602064e+00  4.9315964512e+00 -1.2239949852e-01 -1.1379532314e+00  3.5743058700e+00  8.2305252583e-01  2.1003037415e+00  4.5519077860e+00  5.0772679570e-01  1.1958130708e-01  1.7279705813e+00 -7.9418804156e-01 -2.4138660839e-01  7.6646214027e-01 -2.8553175773e+00 -5.5693349226e-01  4.7190356760e+00  2.5625390351e+00  2.6435094138e+00  5.9361842035e+00  2.1609739140e+00  1.8040854998e-01  4.4658023086e+00 -2.5186688050e+00  1.0011270127e+00  3.0228176377e+00 -3.2510185629e+00  1.2012753438e-01  1.4880278488e+00 -2.5191000262e+00  1.9243911288e+00  2.8746054675e+00 -1.7595661650e+00  2.8676718702e+00 -1.3859107761e-01  9.9949488732e-02 -1.7471191179e+00 -1.2756006961e+00 -1.0446453612e+00 -9.9583226134e-01 -4.4813777455e-01 -1.4913041119e+00 -2.4875252391e+00  4.1036555663e+00 -7.2922227832e-01 -1.5037066657e+00  5.8094024615e+00 -7.6288464303e-01 -1.0039010867e+00  5.1603678189e+00  6.4642022676e-01 -1.8798765460e+00  1.5127898126e+00  1.9458424965e-01 -2.7965896386e-01
ENERGY -5.903504521423e+02

