JOB 0
COORDS  9.1474954047e-01  2.0643453932e+00 -1.9089521156e+00  2.2594879438e+00  1.6668953115e+00 -1.2950183192e+00  2.3319544487e+00  2.9389774408e-01 -6.5720748323e-01  3.5300241780e+00  7.2878000160e-02  2.3571907919e-01  1.4069300290e+00 -6.5902758867e-01 -8.4047126360e-01  9.5854455704e-01  3.0884408342e+00 -2.2939746213e+00  6.4048275075e-01  1.4111669829e+00 -2.7437674397e+00  1.1240240882e-01  2.0153006834e+00 -1.1656832138e+00  2.5361864103e+00  2.4082748014e+00 -5.3242599229e-01  3.0502160714e+00  1.7350931207e+00 -2.0563243831e+00  3.5063364223e+00  7.6075533044e-01  1.0905446987e+00  3.5688424794e+00 -9.4991859110e-01  6.2039023249e-01  4.4656529105e+00  2.7240831735e-01 -3.0261402439e-01  1.5009572730e+00 -1.6333388245e+00 -3.6615416013e-01  5.2963299992e-01 -5.0506495055e-01 -1.4619930582e+00
ENERGY -1.965753191316e+02

JOB 1
COORDS  9.6321863068e-01  2.1818268520e+00 -1.7887831931e+00  2.3396113389e+00  1.6477872326e+00 -1.3768052209e+00  2.3535110144e+00  2.7351287453e-01 -7.2976756246e-01  3.4647758972e+00  4.6035927632e-02  2.6668923686e-01  1.4422629044e+00 -6.7365464033e-01 -9.9382365252e-01  1.0487258075e+00  3.2017807219e+00 -2.1784066883e+00  5.0479904939e-01  1.5704943206e+00 -2.5724958569e+00  2.7962153532e-01  2.1974691854e+00 -9.3393424005e-01  2.7959151267e+00  2.3587493717e+00 -6.7572764774e-01  3.0102549509e+00  1.6325935000e+00 -2.2476809624e+00  3.3609379990e+00  7.2977062146e-01  1.1189860736e+00  3.4702884539e+00 -9.7917108455e-01  6.4713537796e-01  4.4454588032e+00  2.5101085312e-01 -1.8230426701e-01  1.4891942157e+00 -1.6499203043e+00 -5.1660053837e-01  6.2228103214e-01 -5.1257083522e-01 -1.6882330313e+00
ENERGY -1.965740571999e+02

JOB 2
COORDS  9.8335982452e-01  2.2812584966e+00 -1.6776398647e+00  2.3650204899e+00  1.6516698335e+00 -1.4498788153e+00  2.3462776878e+00  2.9363016449e-01 -7.6179804537e-01  3.3547429930e+00  1.0871016065e-01  3.4541157719e-01  1.4923164508e+00 -6.8071240358e-01 -1.1059414502e+00  1.0804857415e+00  3.2723547227e+00 -2.1341724101e+00  3.6386638241e-01  1.6710443212e+00 -2.3417163298e+00  4.4564234285e-01  2.3911533504e+00 -7.3028995994e-01  2.9704281914e+00  2.3405543705e+00 -8.4879075637e-01  2.8898823773e+00  1.5587842110e+00 -2.4100967119e+00  3.1800254463e+00  8.3454028556e-01  1.1502983745e+00  3.3148088106e+00 -8.9680986162e-01  7.7357492358e-01  4.3744893689e+00  2.8661931142e-01 -2.0400540752e-02  1.5036224801e+00 -1.6465376749e+00 -6.0599852119e-01  7.5605278175e-01 -5.5185211956e-01 -1.8955624251e+00
ENERGY -1.965729831892e+02

JOB 3
COORDS  1.0079147131e+00  2.2977729662e+00 -1.5486304875e+00  2.3839010179e+00  1.6124707623e+00 -1.5103122416e+00  2.3800999814e+00  2.7510065076e-01 -7.8129065231e-01  3.2855662326e+00  1.7099829215e-01  4.2067830059e-01  1.6222154691e+00 -7.5264250922e-01 -1.1888881986e+00  1.0666493122e+00  3.2644936266e+00 -2.0611140305e+00  2.7316175509e-01  1.6808056063e+00 -2.0743479968e+00  6.2931732324e-01  2.4712368967e+00 -5.3556465391e-01  3.1050150031e+00  2.2837234183e+00 -1.0304108749e+00  2.7415999077e+00  1.4656272350e+00 -2.5368996177e+00  3.0340584606e+00  9.3823943945e-01  1.1647603393e+00  3.2195022498e+00 -8.0922686996e-01  9.0115082624e-01  4.3309203437e+00  3.4424378774e-01  1.3394327951e-01  1.6214972626e+00 -1.7049513679e+00 -6.6362145666e-01  9.7701965277e-01 -6.7766382839e-01 -2.0619575033e+00
ENERGY -1.965727981853e+02

JOB 4
COORDS  2.6357893554e+00  1.9824233532e+00 -1.4464263523e+00  1.7848422098e+00  6.9951207268e-01 -1.4578454840e+00  2.3400592512e+00 -3.7836373858e-01 -5.4017528262e-01  3.0402813330e+00 -1.5323320095e+00 -1.2137708229e+00  2.2083152092e+00 -3.0310918305e-01  7.9158327192e-01  2.2285770337e+00  2.7310974191e+00 -2.1351869955e+00  2.6649687470e+00  2.4184443524e+00 -4.4340856236e-01  3.6686101112e+00  1.7729815758e+00 -1.7464218847e+00  1.7213663044e+00  3.1457285136e-01 -2.4821175508e+00  7.6177181714e-01  9.4932168333e-01 -1.1543937773e+00  3.8490512552e+00 -1.1747251775e+00 -1.8645429301e+00  3.4664702004e+00 -2.2329442776e+00 -4.9025968781e-01  2.3416357313e+00 -2.0832300246e+00 -1.8564075635e+00  2.6211945602e+00 -1.0627889026e+00  1.4513964512e+00  1.6829241392e+00  5.2401200808e-01  1.2658061801e+00
ENERGY -1.965735214066e+02

JOB 5
COORDS  2.6776563921e+00  1.9463696277e+00 -1.5384124596e+00  1.7213274928e+00  7.5023895220e-01 -1.3734447966e+00  2.3022051035e+00 -3.3637008546e-01 -4.8894788799e-01  3.1081207978e+00 -1.4035672245e+00 -1.1884961233e+00  2.1068657190e+00 -3.4339568252e-01  8.3719678870e-01  2.2493743016e+00  2.7023296004e+00 -2.2059080548e+00  2.8756293829e+00  2.4151055063e+00 -5.6964473463e-01  3.6395740429e+00  1.6341550061e+00 -1.9599540505e+00  1.4833631460e+00  3.3527214105e-01 -2.3606172709e+00  7.7835514204e-01  1.1075895561e+00 -9.4529131172e-01  3.9100777623e+00 -9.6198700947e-01 -1.7938369594e+00  3.5607046911e+00 -2.1043622474e+00 -4.8153198458e-01  2.4717415202e+00 -1.9730527819e+00 -1.8777614952e+00  2.5442205067e+00 -1.1069287439e+00  1.4767423869e+00  1.5032653183e+00  4.1895099698e-01  1.3263147101e+00
ENERGY -1.965746624998e+02

JOB 6
COORDS  2.6771123803e+00  1.9211304882e+00 -1.6599054796e+00  1.6610321242e+00  8.1958996586e-01 -1.3041723700e+00  2.2561955492e+00 -2.8678634904e-01 -4.5838957993e-01  3.1575081315e+00 -1.2666711233e+00 -1.1708344575e+00  1.9933426814e+00 -3.8860437294e-01  8.5237980809e-01  2.2050534089e+00  2.7048471253e+00 -2.2622273893e+00  3.0783207188e+00  2.3827233278e+00 -7.5191136893e-01  3.5202288765e+00  1.5245505143e+00 -2.2351166650e+00  1.2566697563e+00  3.9175919956e-01 -2.2313693020e+00  8.1789671719e-01  1.2710649101e+00 -7.7045396963e-01  4.0042848777e+00 -7.5833718965e-01 -1.6476574378e+00  3.5571036122e+00 -2.0206146506e+00 -4.8720960237e-01  2.6097538942e+00 -1.7829521463e+00 -1.9695521761e+00  2.4318001369e+00 -1.1736570455e+00  1.4647862753e+00  1.3303195409e+00  3.1263181865e-01  1.3552087943e+00
ENERGY -1.965754390713e+02

JOB 7
COORDS  2.6787380422e+00  1.8649647281e+00 -1.7730737285e+00  1.6424037452e+00  8.6646383697e-01 -1.2276673042e+00  2.2444468912e+00 -2.6531367504e-01 -4.2206300343e-01  3.2330143283e+00 -1.1560018792e+00 -1.1365274013e+00  1.9140946319e+00 -4.6602705338e-01  8.6190443010e-01  2.1818355005e+00  2.6832061559e+00 -2.3049345862e+00  3.2690132908e+00  2.2986807164e+00 -9.5864480437e-01  3.3714944462e+00  1.3892770879e+00 -2.4743443781e+00  1.0854774776e+00  4.4097674894e-01 -2.0747851295e+00  9.1284099279e-01  1.4003648813e+00 -6.0975557151e-01  4.1368610172e+00 -6.0281550271e-01 -1.4175972781e+00  3.5363402212e+00 -2.0008134896e+00 -5.1231353602e-01  2.8028560698e+00 -1.5512206929e+00 -2.0657925993e+00  2.3403840010e+00 -1.2824982425e+00  1.4410547021e+00  1.2045971414e+00  1.8015084682e-01  1.3746308219e+00
ENERGY -1.965755978135e+02

JOB 8
COORDS  2.6778474296e+00  1.8038972414e+00 -1.8164758300e+00  1.6139296622e+00  9.4379223214e-01 -1.1155886154e+00  2.1583157109e+00 -2.6132966264e-01 -3.7368068887e-01  3.1947924965e+00 -1.0972202850e+00 -1.0859280742e+00  1.7418362035e+00 -5.6461175293e-01  8.6432569192e-01  2.2133842213e+00  2.6755482565e+00 -2.2892869309e+00  3.4270144224e+00  2.1673422418e+00 -1.1041344137e+00  3.2010282484e+00  1.2450343167e+00 -2.5982999658e+00  9.0711714637e-01  5.8675657635e-01 -1.8794201299e+00  1.0324678540e+00  1.5610111780e+00 -4.2298196717e-01  4.1233826345e+00 -5.3387442036e-01 -1.2333530736e+00  3.4346032816e+00 -2.0019156177e+00 -5.2079817931e-01  2.8458649228e+00 -1.3968602819e+00 -2.0827667341e+00  2.1130186226e+00 -1.4393884164e+00  1.3940485805e+00  1.0115372209e+00  5.0592294746e-02  1.3860334180e+00
ENERGY -1.965749066547e+02

JOB 9
COORDS  2.8095972234e+00  1.6785877165e+00 -1.9402798474e+00  1.7685762556e+00  9.4366388604e-01 -1.0834325081e+00  2.2629237392e+00 -3.0795954684e-01 -3.7362916599e-01  3.3680360924e+00 -1.1007641804e+00 -1.0292091494e+00  1.7435758642e+00 -6.8034425976e-01  8.0535282895e-01  2.3629101530e+00  2.5660030296e+00 -2.4006504331e+00  3.6647569177e+00  2.0100432563e+00 -1.3404659859e+00  3.1916393936e+00  1.0461163901e+00 -2.7470577723e+00  9.3898732860e-01  6.5134315649e-01 -1.7440449751e+00  1.3389305089e+00  1.6286822005e+00 -3.4535633595e-01  4.2880018259e+00 -5.0980512191e-01 -1.1024131087e+00  3.5916816829e+00 -2.0094136553e+00 -4.6388294804e-01  3.0994007382e+00 -1.3929959380e+00 -2.0527270667e+00  2.0692041451e+00 -1.5853277127e+00  1.3134767875e+00  9.6872469955e-01 -9.4919113035e-02  1.2967768443e+00
ENERGY -1.965732665205e+02

JOB 10
COORDS  2.7453544003e+00  1.5927109081e+00 -2.0040745622e+00  1.7792827497e+00  9.3942519917e-01 -1.0066382915e+00  2.2623961643e+00 -3.4611715856e-01 -3.3814758893e-01  3.4530098729e+00 -1.0633698101e+00 -9.2810125566e-01  1.6481741875e+00 -8.1171212047e-01  7.5924408086e-01  2.2936303981e+00  2.4945257566e+00 -2.4303061383e+00  3.6857583970e+00  1.8895622322e+00 -1.5270720130e+00  2.9888693713e+00  9.2294038732e-01 -2.8343435448e+00  8.4645576070e-01  7.1274372189e-01 -1.5409261929e+00  1.5083976846e+00  1.6625040397e+00 -2.2986223555e-01  4.3418328020e+00 -4.2233530766e-01 -9.3179906298e-01  3.6875514825e+00 -1.9675222730e+00 -3.6006532219e-01  3.2720729514e+00 -1.3549918019e+00 -1.9704009833e+00  1.9631544746e+00 -1.7327700206e+00  1.2442309785e+00  8.0377199569e-01 -2.8826507668e-01  1.2046128271e+00
ENERGY -1.965714041140e+02

JOB 11
COORDS  2.5943743845e+00  1.6725087691e+00 -2.1019972121e+00  1.7373561360e+00  1.1209851185e+00 -9.5512939155e-01  2.1879226839e+00 -2.0616446886e-01 -3.4074317757e-01  3.4233560004e+00 -8.8085084080e-01 -8.8762793888e-01  1.4913800084e+00 -7.5308063605e-01  6.6616368407e-01  2.1778711603e+00  2.6196633320e+00 -2.4603864459e+00  3.6247845727e+00  1.8656317799e+00 -1.7868109567e+00  2.6289980225e+00  9.8612355763e-01 -2.9540928620e+00  7.0677623627e-01  1.0048163747e+00 -1.3115536403e+00  1.6919783673e+00  1.8729805146e+00 -1.5818912081e-01  4.3068920472e+00 -2.3849157408e-01 -7.9281159261e-01  3.6257802257e+00 -1.8155343079e+00 -3.5797606638e-01  3.3163423477e+00 -1.1111134459e+00 -1.9542741165e+00  1.7876385076e+00 -1.6947951109e+00  1.1222036793e+00  5.9949912974e-01 -2.7433886218e-01  1.0675253912e+00
ENERGY -1.965705346937e+02

JOB 12
COORDS  2.2757835831e+00  1.9487292129e+00 -2.1858998938e+00  1.6119441502e+00  1.4516903368e+00 -8.9468205205e-01  2.0646778825e+00  8.5908279590e-02 -3.8228451262e-01  3.3315511476e+00 -5.1273641112e-01 -9.4507486022e-01  1.3378148958e+00 -5.6915886848e-01  5.3471528962e-01  1.8881187836e+00  2.9375829401e+00 -2.4521438900e+00  3.3608863567e+00  2.0390044018e+00 -2.0780107836e+00  2.0782597520e+00  1.2794659567e+00 -3.0303407860e+00  5.2413272157e-01  1.4396563804e+00 -1.0217399589e+00  1.8116603944e+00  2.1914274771e+00 -1.0733825457e-01  4.1970995751e+00  1.3904539846e-01 -7.7137452739e-01  3.5428834339e+00 -1.4837801538e+00 -4.8947262486e-01  3.2576302428e+00 -6.5323482968e-01 -2.0293926792e+00  1.6471285067e+00 -1.5352853610e+00  9.2675712753e-01  4.1099640342e-01 -1.5530587810e-01  9.2854505016e-01
ENERGY -1.965714041298e+02

JOB 13
COORDS  2.0667494884e+00  2.0816345324e+00 -2.2602310397e+00  1.5458635914e+00  1.6459652166e+00 -8.8295332962e-01  1.9696069968e+00  2.5804933647e-01 -4.2591549328e-01  3.2993525339e+00 -2.6856439095e-01 -9.0970782230e-01  1.1755566879e+00 -4.7743668183e-01  3.6587674839e-01  1.7026236760e+00  3.0854197528e+00 -2.5027274010e+00  3.1599325820e+00  2.1117484795e+00 -2.2904608552e+00  1.7279102775e+00  1.4046815475e+00 -3.0526065188e+00  4.5354969061e-01  1.7146960104e+00 -8.5592207456e-01  1.9132379318e+00  2.3717025114e+00 -1.4239929162e-01  4.1179845520e+00  4.1902024197e-01 -6.6026511511e-01  3.5249387314e+00 -1.2413302567e+00 -4.6463208694e-01  3.3059552109e+00 -3.8265454945e-01 -1.9996014091e+00  1.4747322093e+00 -1.4612010164e+00  7.2072934842e-01  2.0247589599e-01 -1.1466049827e-01  6.9164068219e-01
ENERGY -1.965732665599e+02

JOB 14
COORDS  1.8911105793e+00  2.1287120229e+00 -2.2472540216e+00  1.5507189916e+00  1.7524866655e+00 -7.9620874937e-01  1.9243290605e+00  3.3679761523e-01 -4.0208253963e-01  3.2900554259e+00 -1.5538163947e-01 -8.1783434007e-01  1.0737978188e+00 -4.4491930387e-01  2.7880647157e-01  1.5513425192e+00  3.1460723017e+00 -2.4676793473e+00  2.9688065039e+00  2.0939687344e+00 -2.4334224812e+00  1.4049681407e+00  1.4507298139e+00 -2.9577322242e+00  4.8285596232e-01  1.9081909143e+00 -6.1131642076e-01  2.0842130154e+00  2.4468781661e+00 -1.3009841975e-01  4.0763652426e+00  5.4208900736e-01 -5.0086371922e-01  3.5085654139e+00 -1.1363546860e+00 -3.8736926891e-01  3.3645528445e+00 -2.3975395213e-01 -1.9081122739e+00  1.3434000042e+00 -1.4541960220e+00  5.8260276807e-01  8.1258666955e-02 -9.7804726721e-02  5.5875054877e-01
ENERGY -1.965749066306e+02

JOB 15
COORDS  1.7907146312e+00  2.1216922629e+00 -2.2891787597e+00  1.6573877375e+00  1.7855794646e+00 -7.9328002957e-01  1.9693725569e+00  3.4253549071e-01 -4.5762289424e-01  3.3574152406e+00 -1.4796779912e-01 -7.9495666914e-01  1.0573747009e+00 -4.5851773054e-01  1.1208270767e-01  1.5080031675e+00  3.1630321644e+00 -2.4762408224e+00  2.8172945804e+00  1.9902520771e+00 -2.6453086445e+00  1.1401028215e+00  1.4797722828e+00 -2.8928938229e+00  6.4294656028e-01  2.0228590226e+00 -4.5603619730e-01  2.3377708949e+00  2.4363135927e+00 -2.2544293451e-01  4.1210834514e+00  5.0737348421e-01 -3.5665678636e-01  3.5247144421e+00 -1.1638040744e+00 -4.2692949371e-01  3.5270458421e+00 -1.4955923419e-01 -1.8780897117e+00  1.2811963837e+00 -1.4939420475e+00  3.6020222188e-01  5.6992701744e-02 -1.0290347201e-01  3.4998034607e-01
ENERGY -1.965755978155e+02

JOB 16
COORDS  1.7137024025e+00  2.0835760088e+00 -2.2937672008e+00  1.7842797627e+00  1.7866685825e+00 -7.8406305147e-01  2.0379974023e+00  3.2545546792e-01 -4.7721071998e-01  3.4454572382e+00 -1.7377046176e-01 -7.0063282484e-01  1.0629106697e+00 -4.7859022446e-01 -2.9669080706e-02  1.5208457433e+00  3.1470670198e+00 -2.4716371158e+00  2.6495439569e+00  1.8276651912e+00 -2.8014078919e+00  9.0961234647e-01  1.5071768405e+00 -2.7624781314e+00  8.4491422171e-01  2.0983549398e+00 -3.1503008208e-01  2.5800599523e+00  2.3964327549e+00 -3.3554025010e-01  4.1540369263e+00  3.7659930978e-01 -6.8539308623e-02  3.5386752048e+00 -1.2388964521e+00 -4.7200223824e-01  3.7647760426e+00 -2.0448537558e-02 -1.7385723363e+00  1.2394102408e+00 -1.5320264290e+00  1.7700604058e-01  5.4769863290e-02 -1.0730556030e-01  1.4345080195e-01
ENERGY -1.965754390786e+02

JOB 17
COORDS  1.6151133702e+00  1.9182006956e+00 -2.3052395146e+00  1.9089957467e+00  1.7143737953e+00 -8.0700706000e-01  2.1264786303e+00  2.5539103985e-01 -4.5402506366e-01  3.5476453692e+00 -2.4524289003e-01 -5.4031974773e-01  1.1109139590e+00 -5.3847394016e-01 -8.6227164543e-02  1.4932065695e+00  2.9813552064e+00 -2.5403528562e+00  2.4275253154e+00  1.5286154215e+00 -2.9286697050e+00  6.9717741936e-01  1.3951752294e+00 -2.5902909961e+00  1.0706956700e+00  2.1122607897e+00 -2.2466930339e-01  2.7943836106e+00  2.2982413984e+00 -5.2681663929e-01  4.1807989386e+00  2.7342687586e-01  1.9076360762e-01  3.6153713764e+00 -1.3200932457e+00 -3.5096474654e-01  3.9797781481e+00 -4.3772104177e-02 -1.5288642677e+00  1.2604403534e+00 -1.5914453994e+00  1.4218572172e-01  9.4119531341e-02 -1.5873937928e-01 -4.5330648736e-03
ENERGY -1.965746624673e+02

JOB 18
COORDS  1.3694492896e+00  2.0456972381e+00 -2.2914491355e+00  1.8761679451e+00  1.8669259552e+00 -8.4877652958e-01  2.0808263582e+00  4.0656300078e-01 -4.7776052231e-01  3.5098383062e+00 -7.3368146362e-02 -4.2062238879e-01  1.0454102381e+00 -4.0274424233e-01 -2.1406026118e-01  1.2560684923e+00  3.1068200014e+00 -2.5402336287e+00  2.0657895527e+00  1.6018530290e+00 -3.0116550151e+00  3.9998307206e-01  1.5563507235e+00 -2.4244630985e+00  1.1559358369e+00  2.3235382201e+00 -1.6033647309e-01  2.8175016057e+00  2.4142804211e+00 -7.2370212837e-01  4.0650198200e+00  4.6518495345e-01  3.5803550925e-01  3.5752333073e+00 -1.1445434970e+00 -2.1021589488e-01  4.0282299969e+00  1.2381940376e-01 -1.3681904890e+00  1.1877144187e+00 -1.4523927379e+00  3.2768541627e-02  1.9175689601e-02 -4.0375934743e-02 -2.3816452450e-01
ENERGY -1.965735214428e+02

JOB 19
COORDS  1.2439387456e+00  2.0660404912e+00 -2.2585836476e+00  1.9445900226e+00  1.8641388810e+00 -9.0478563114e-01  2.1151090089e+00  4.0091981628e-01 -5.1751625832e-01  3.5332177217e+00 -7.1682189792e-02 -3.1495165781e-01  1.0655146087e+00 -4.1735314149e-01 -3.5761369700e-01  1.1663080701e+00  3.1311765561e+00 -2.5037289039e+00  1.7978240958e+00  1.5703737257e+00 -3.0631039044e+00  2.3322098920e-01  1.6474512715e+00 -2.2472845494e+00  1.3748631507e+00  2.3825946067e+00 -1.2376385557e-01  2.9278425525e+00  2.3470416055e+00 -9.3490773634e-01  4.0216502025e+00  5.0113339916e-01  4.8399323079e-01  3.5793247044e+00 -1.1327007470e+00 -5.3858164931e-02  4.1296417107e+00  8.6973631393e-02 -1.2230710714e+00  1.1928542366e+00 -1.4619382746e+00 -8.2982362958e-02  4.3075852181e-02 -7.1147718854e-02 -4.9515433027e-01
ENERGY -1.965727981570e+02

JOB 20
COORDS  1.2146686291e+00  2.1755755642e+00 -2.2374952135e+00  2.0631104341e+00  1.8881474150e+00 -9.9058863040e-01  2.1432679961e+00  4.2069961193e-01 -5.9277967193e-01  3.5189418584e+00 -8.3798938544e-02 -2.3206695381e-01  1.0695983258e+00 -3.8145251774e-01 -5.6426534559e-01  1.2415300087e+00  3.2421579031e+00 -2.4861072974e+00  1.5878444070e+00  1.6129313494e+00 -3.0993886939e+00  1.6701448804e-01  1.8975295589e+00 -2.0883572689e+00  1.6776141550e+00  2.4682578737e+00 -1.4147714439e-01  3.0799583027e+00  2.2601094750e+00 -1.1639427289e+00  3.9521504554e+00  5.1013367840e-01  5.8336380982e-01  3.5035123598e+00 -1.1322979038e+00  7.8418591221e-02  4.2010032135e+00  1.3815898103e-02 -1.0867377607e+00  1.1497452004e+00 -1.4247972864e+00 -2.6779058013e-01  7.6859909717e-02 -2.8291352870e-02 -8.3247897640e-01
ENERGY -1.965729831892e+02

JOB 21
COORDS  1.1738653882e+00  2.1988677468e+00 -2.1588081678e+00  2.1472305675e+00  1.8550335446e+00 -1.0257952030e+00  2.1589503101e+00  4.0407880560e-01 -5.7626944029e-01  3.4822830463e+00 -9.0715815483e-02 -4.3775309152e-02  1.0899712143e+00 -4.0072665373e-01 -6.5871028330e-01  1.2890799723e+00  3.2459008378e+00 -2.4585931157e+00  1.3579076656e+00  1.5690414515e+00 -3.0350293063e+00  1.3061060385e-01  2.0581978156e+00 -1.8589533174e+00  1.9439095917e+00  2.4913979334e+00 -1.5280071415e-01  3.1636483242e+00  2.1209915157e+00 -1.3441522058e+00  3.8439471733e+00  5.4970545700e-01  7.7133727464e-01  3.4156097741e+00 -1.1159979666e+00  3.3061782789e-01  4.2473705417e+00 -5.9631327825e-02 -8.3013413066e-01  1.1338557076e+00 -1.4330583207e+00 -3.1899796691e-01  1.4019679802e-01 -6.4242972819e-02 -1.0651948315e+00
ENERGY -1.965740572006e+02

JOB 22
COORDS  9.7986984257e-01  2.0143205022e+00 -2.0389077069e+00  2.1720506206e+00  1.7342638253e+00 -1.1204981388e+00  2.2958673185e+00  3.2166135762e-01 -5.8533461527e-01  3.6423985354e+00 -1.3760677573e-02  1.1225790548e-02  1.3082068560e+00 -5.8301883001e-01 -6.4367469705e-01  1.0152032114e+00  3.0449722261e+00 -2.4069300410e+00  9.8371869392e-01  1.3444778473e+00 -2.9048817850e+00  2.6019960952e-02  1.8844661051e+00 -1.5172858902e+00  2.1531280677e+00  2.4259209506e+00 -2.6566408739e-01  3.1001239178e+00  1.9740458607e+00 -1.6580268961e+00  3.9122852522e+00  6.9840484630e-01  8.0179357560e-01  3.6601595169e+00 -1.0203864304e+00  4.3781784154e-01  4.4290481037e+00  5.0118317611e-02 -7.5137836410e-01  1.4389359460e+00 -1.5856395339e+00 -2.4272336318e-01  3.4316316829e-01 -3.6142982796e-01 -1.0900300369e+00
ENERGY -1.965753191314e+02

JOB 23
COORDS  9.6272963124e-01  2.1287839665e+00 -2.0007093330e+00  2.2192284490e+00  1.7374936739e+00 -1.2202671967e+00  2.2588945662e+00  3.3184805852e-01 -6.5812806719e-01  3.5182316250e+00 -8.1621860216e-03  1.0393236668e-01  1.2681500759e+00 -5.5832898849e-01 -8.1104496658e-01  1.0420381760e+00  3.1603582807e+00 -2.3589656340e+00  8.1598709687e-01  1.4831331952e+00 -2.8727763555e+00  6.6106309424e-02  2.0606156773e+00 -1.3759543386e+00  2.3647980872e+00  2.4404844458e+00 -3.8730064599e-01  3.1029431055e+00  1.8720805577e+00 -1.8607005653e+00  3.6581353665e+00  6.7375863640e-01  9.5248966476e-01  3.4973530461e+00 -1.0315479112e+00  4.8826819701e-01  4.4036481392e+00  9.9676062989e-02 -5.3563606682e-01  1.3402501887e+00 -1.5582835046e+00 -3.8916162316e-01  3.5801390047e-01 -3.2669714742e-01 -1.3563564539e+00
ENERGY -1.965758478630e+02

