JOB 0
COORDS  4.4133391424e+00 -1.4055386259e+00 -3.1920559321e+00  4.6277504518e+00 -2.0213795131e+00 -1.9811740778e+00  3.0022531382e+00 -4.9688858656e-01 -1.8246820933e+00  1.0722620442e+00 -3.9646708872e-01 -1.9729479698e-01  1.0805805982e+00  1.0336507298e+00 -2.2922301351e+00  1.9417270694e+00  3.7777811591e-01 -1.2047160137e+00  3.4062518998e+00 -4.6586743498e-01 -3.0843870217e+00  3.7199248626e+00 -1.4322814288e+00 -1.1156684205e+00  4.9206173633e+00 -1.5850125075e+00 -4.1312590296e+00  5.3072585294e+00 -2.7996747677e+00 -1.6641745623e+00  5.6028508544e-01 -1.2326610041e+00 -6.8543255373e-01  3.1195633041e-01  2.6437126591e-01  2.3115328962e-01  1.6553628838e+00 -7.9739643303e-01  6.4030485014e-01  5.2905383998e-01  2.7593865215e-01 -2.8578179710e+00  1.6989714542e+00  1.5878291028e+00 -3.0010029465e+00  3.5999461653e-01  1.7203594321e+00 -1.8355595675e+00  2.4547186262e+00  1.1798496493e+00 -6.5373576599e-01  3.5999567999e+00 -1.6631700207e+00 -1.3917391766e-01
ENERGY -3.442272174189e+02

JOB 1
COORDS  4.5265031072e+00 -1.2866583230e+00 -3.1399935192e+00  4.5582530868e+00 -2.0717518708e+00 -2.0107342143e+00  3.0134440785e+00 -4.6955251880e-01 -1.8260833988e+00  1.1395983246e+00 -3.2434222724e-01 -1.2942930011e-01  1.0225878016e+00  9.6164486223e-01 -2.3151237955e+00  1.9429414491e+00  4.0325153529e-01 -1.2192553813e+00  3.5683256867e+00 -3.0033820515e-01 -3.0160101046e+00  3.5870481499e+00 -1.5385069234e+00 -1.1785635907e+00  5.1321549479e+00 -1.3772306120e+00 -4.0325924028e+00  5.1487011900e+00 -2.9328742962e+00 -1.7319998422e+00  6.4133669520e-01 -1.2134370871e+00 -5.3206876012e-01  3.6766199969e-01  3.3828298262e-01  2.7382517360e-01  1.7662088046e+00 -6.3214019974e-01  7.1646312429e-01  4.6350385172e-01  1.5342621491e-01 -2.7988286242e+00  1.6038780952e+00  1.4718540308e+00 -3.0853994361e+00  3.0568657111e-01  1.6679309500e+00 -1.8827707434e+00  2.4498013835e+00  1.2561303127e+00 -7.4526555381e-01  3.3369247953e+00 -1.8865958100e+00 -2.6356232187e-01
ENERGY -3.442272207015e+02

JOB 2
COORDS  4.6079257994e+00 -1.1935382811e+00 -3.1111586572e+00  4.4766681336e+00 -2.1148290634e+00 -2.0973351425e+00  3.0248426705e+00 -4.3733475846e-01 -1.8446698234e+00  1.2061521064e+00 -2.6141340308e-01 -8.8479535446e-02  9.6228753620e-01  8.8469436352e-01 -2.3419222788e+00  1.9415972111e+00  4.2607987500e-01 -1.2480544976e+00  3.7056742860e+00 -1.6201734209e-01 -2.9463431635e+00  3.4619394223e+00 -1.6184269035e+00 -1.2945397957e+00  5.2951866731e+00 -1.2157519545e+00 -3.9472415081e+00  4.9856385755e+00 -3.0424772942e+00 -1.8779177155e+00  7.0736465390e-01 -1.1796539745e+00 -4.2106180127e-01  4.3533480984e-01  4.0269023721e-01  3.1384016651e-01  1.8798975244e+00 -5.1005935336e-01  7.4023479847e-01  4.1143850537e-01  2.9888389347e-02 -2.7500992686e+00  1.5016175209e+00  1.3612882560e+00 -3.1630587245e+00  2.3809660963e-01  1.5968402927e+00 -1.9314019980e+00  2.4337276263e+00  1.3229220595e+00 -8.4803546489e-01  3.1017563177e+00 -2.0561540438e+00 -4.5808327574e-01
ENERGY -3.442273099143e+02

JOB 3
COORDS  4.7106361828e+00 -1.1240900235e+00 -3.0086790404e+00  4.4186371387e+00 -2.1460626179e+00 -2.1342800327e+00  3.0569494346e+00 -4.0659172465e-01 -1.8130725032e+00  1.2685621799e+00 -1.9075599567e-01 -3.0211082203e-02  9.3208001888e-01  7.9960774243e-01 -2.3450316720e+00  1.9523931516e+00  4.4847637870e-01 -1.2464596918e+00  3.8635765960e+00 -5.3959471543e-02 -2.8017846483e+00  3.3588522011e+00 -1.6736408729e+00 -1.3760426456e+00  5.4801341464e+00 -1.0976202481e+00 -3.7696261369e+00  4.8450858701e+00 -3.1273582758e+00 -1.9830818855e+00  7.5982757838e-01 -1.1246301439e+00 -3.0071423628e-01  5.0697868397e-01  4.8406015903e-01  3.7180974059e-01  1.9793305076e+00 -4.0088270884e-01  7.7727202448e-01  4.1053777644e-01 -1.0011781893e-01 -2.6911648151e+00  1.4359517601e+00  1.2512336992e+00 -3.2025845001e+00  1.8421691442e-01  1.5038416000e+00 -1.9637437353e+00  2.4223046596e+00  1.3843891566e+00 -9.1977160808e-01  2.8929492964e+00 -2.1749451183e+00 -6.3252829232e-01
ENERGY -3.442274067090e+02

JOB 4
COORDS  4.8044905092e+00 -1.0621274157e+00 -2.9080622204e+00  4.3606579829e+00 -2.1595207878e+00 -2.2062018577e+00  3.0841108753e+00 -3.7666211530e-01 -1.7904546667e+00  1.3326978084e+00 -1.1663315440e-01  2.1538531463e-02  9.0303222824e-01  7.1945244604e-01 -2.3402093878e+00  1.9631473207e+00  4.7031566998e-01 -1.2495078051e+00  4.0077748027e+00  3.4705598584e-02 -2.6445319206e+00  3.2601387487e+00 -1.7068348628e+00 -1.4949884135e+00  5.6506771280e+00 -9.9847386868e-01 -3.5801788245e+00  4.7122197839e+00 -3.1791206791e+00 -2.1390662264e+00  8.1685540069e-01 -1.0635005021e+00 -1.8441626365e-01  5.8186278342e-01  5.7053784047e-01  4.2315986391e-01  2.0793684853e+00 -2.9120710140e-01  8.0367865252e-01  4.1865109986e-01 -2.1915454785e-01 -2.6335414784e+00  1.3647406674e+00  1.1563854545e+00 -3.2291919470e+00  1.2823418437e-01  1.4032212676e+00 -1.9755536432e+00  2.4134569539e+00  1.4368824295e+00 -9.9737711387e-01  2.6936013549e+00 -2.2582137775e+00 -8.6535474510e-01
ENERGY -3.442274914628e+02

JOB 5
COORDS  4.8861135484e+00 -1.0334667969e+00 -2.7951895557e+00  4.3054408809e+00 -2.1722726022e+00 -2.2863552136e+00  3.0957116896e+00 -3.6531143390e-01 -1.7821085971e+00  1.3910513735e+00 -4.1958490866e-02  6.0135458039e-02  8.6130042581e-01  6.2783882889e-01 -2.3343595026e+00  1.9638930203e+00  4.8003380574e-01 -1.2667765279e+00  4.1305345695e+00  7.8920138222e-02 -2.4767943526e+00  3.1591933462e+00 -1.7312148254e+00 -1.6431719816e+00  5.8028144326e+00 -9.5023682174e-01 -3.3647713449e+00  4.5903881843e+00 -3.2144294524e+00 -2.3094165555e+00  8.9494903701e-01 -1.0129885486e+00 -6.6858089218e-02  6.3535709035e-01  6.4955354127e-01  4.4573816071e-01  2.1707897859e+00 -1.5238975547e-01  8.2047681905e-01  3.9379023735e-01 -3.3975919632e-01 -2.5515746468e+00  1.2775516756e+00  1.0206539309e+00 -3.2659399591e+00  7.8228939382e-02  1.3114507306e+00 -1.9876611174e+00  2.3987657279e+00  1.4696982079e+00 -1.0936604615e+00  2.5022951083e+00 -2.3110323107e+00 -1.1392612655e+00
ENERGY -3.442275653555e+02

JOB 6
COORDS  4.9733871623e+00 -1.0261743354e+00 -2.6395575858e+00  4.2691846074e+00 -2.1742746311e+00 -2.3601555015e+00  3.1027383905e+00 -3.6124795535e-01 -1.7796197310e+00  1.4569382755e+00  3.2442190530e-02  9.5069065423e-02  8.1685411932e-01  5.3315615514e-01 -2.3153790782e+00  1.9629461035e+00  4.8433855752e-01 -1.2859740217e+00  4.2428290487e+00  9.0142337871e-02 -2.2762433936e+00  3.0736236081e+00 -1.7354192705e+00 -1.8122140284e+00  5.9603404054e+00 -9.3874171428e-01 -3.0752951345e+00  4.4953863586e+00 -3.2231993310e+00 -2.4886288071e+00  9.9815697262e-01 -9.6355312326e-01  5.1350461247e-02  6.9142793683e-01  7.2189305836e-01  4.6592131184e-01  2.2707728239e+00 -1.9081282944e-03  8.2578388868e-01  3.6750096981e-01 -4.5735943423e-01 -2.4548414455e+00  1.1807951947e+00  8.7869352330e-01 -3.2872681354e+00  2.6727083550e-02  1.2139305968e+00 -1.9799622528e+00  2.3810731255e+00  1.4910597419e+00 -1.1920074299e+00  2.3222113761e+00 -2.3250562658e+00 -1.4811037541e+00
ENERGY -3.442275882981e+02

JOB 7
COORDS  5.0353130029e+00 -1.0357781125e+00 -2.4587945161e+00  4.2400009232e+00 -2.1576738300e+00 -2.4331478301e+00  3.0930716496e+00 -3.5153552790e-01 -1.7950490172e+00  1.5242417866e+00  1.1730372560e-01  1.1710461387e-01  7.5237761769e-01  4.4614183837e-01 -2.2842872320e+00  1.9479544654e+00  4.9424256452e-01 -1.3152273576e+00  4.3158653702e+00  7.6727328106e-02 -2.0620812402e+00  3.0000932079e+00 -1.7069439864e+00 -2.0069816286e+00  6.0784577929e+00 -9.6422651374e-01 -2.7385746339e+00  4.4270175196e+00 -3.1949859948e+00 -2.6718366518e+00  1.1167259413e+00 -9.0025561459e-01  1.5844439700e-01  7.4668513037e-01  7.9828234669e-01  4.7966777055e-01  2.3742524191e+00  1.6781561616e-01  8.0396105213e-01  3.1261130868e-01 -5.5791396977e-01 -2.3298279065e+00  1.0542543514e+00  7.2776872402e-01 -3.2975126493e+00 -3.5275261832e-02  1.1326573310e+00 -1.9560502091e+00  2.3428259970e+00  1.5144207641e+00 -1.3013358672e+00  2.1751342489e+00 -2.2768839409e+00 -1.8779051947e+00
ENERGY -3.442275773775e+02

JOB 8
COORDS  4.4676542258e+00 -2.3432517460e+00 -1.6958817822e+00  4.5077520671e+00 -1.5425138150e+00 -2.8137427699e+00  2.9224814470e+00 -8.5889384727e-01 -1.3983173939e+00  4.3273984114e-01 -5.4892463878e-01 -1.4700754110e+00  1.9472792086e+00  1.4406134061e+00 -1.0086422902e+00  1.7624176041e+00 -7.7615745344e-02 -8.4823804441e-01  3.4838284331e+00 -1.9112962293e+00 -8.2599085418e-01  3.5122630190e+00 -5.9871845151e-01 -2.6125985792e+00  5.0897911832e+00 -3.1986455575e+00 -1.4659469394e+00  5.1302076811e+00 -1.5466399654e+00 -3.6971589506e+00  4.0566742799e-01 -3.4187222252e-01 -2.5464806491e+00 -4.1431390906e-01 -3.0690856884e-02 -1.0070337204e+00  2.9880705894e-01 -1.6251375874e+00 -1.3290082252e+00  1.9353270159e+00  1.7405723401e+00 -2.0644112009e+00  2.8918865791e+00  1.7774717452e+00 -5.7054808202e-01  1.1304233645e+00  1.9781028527e+00 -5.1636061322e-01  1.7416740664e+00 -3.1636134338e-01  2.1953472892e-01  3.2804321334e+00  1.6022229410e-01 -3.2387576979e+00
ENERGY -3.442275663342e+02

JOB 9
COORDS  4.3674264193e+00 -2.4215607260e+00 -1.7768730847e+00  4.5743673182e+00 -1.4892938803e+00 -2.7674987967e+00  2.9217966694e+00 -8.5568537108e-01 -1.4073294601e+00  4.3085704257e-01 -5.9389768670e-01 -1.3823730284e+00  1.9168073902e+00  1.4490247836e+00 -1.1102919656e+00  1.7747975146e+00 -5.8168940495e-02 -8.4944114071e-01  3.3435956234e+00 -2.0199676873e+00 -9.4065442276e-01  3.6427049139e+00 -4.9301247783e-01 -2.5195739416e+00  4.8987488045e+00 -3.3505902217e+00 -1.6145807367e+00  5.2743589328e+00 -1.4342226480e+00 -3.5889293229e+00  3.5762213406e-01 -4.5512060048e-01 -2.4673876393e+00 -4.0750836099e-01 -6.4781996289e-02 -9.1549730039e-01  3.3107743016e-01 -1.6613381300e+00 -1.1686835751e+00  1.8425455886e+00  1.6830634739e+00 -2.1803057010e+00  2.8709942739e+00  1.8364438879e+00 -7.3859563986e-01  1.1114709420e+00  1.9975152147e+00 -6.1203405668e-01  1.7984942183e+00 -2.2875024539e-01  2.3196243248e-01  3.5238314592e+00  3.5428633952e-01 -3.0576367773e+00
ENERGY -3.442275363869e+02

JOB 10
COORDS  4.2649796164e+00 -2.4798498270e+00 -1.8808687551e+00  4.6311435893e+00 -1.4491979724e+00 -2.7162086671e+00  2.9020517472e+00 -8.6112919922e-01 -1.4327830541e+00  4.1584299648e-01 -6.2912279830e-01 -1.2901906512e+00  1.8785814075e+00  1.4455632346e+00 -1.2038470750e+00  1.7744618321e+00 -4.6044688081e-02 -8.5591383673e-01  3.1955086107e+00 -2.1059325985e+00 -1.0915986728e+00  3.7506348257e+00 -4.2047370517e-01 -2.4193357026e+00  4.7110854700e+00 -3.4628970288e+00 -1.8004851334e+00  5.4075754159e+00 -1.3483752218e+00 -3.4609643816e+00  2.8556426707e-01 -5.4338176810e-01 -2.3751796541e+00 -4.0667553784e-01 -9.2486279856e-02 -8.0408796030e-01  3.5133587450e-01 -1.6865095416e+00 -1.0223477396e+00  1.7601824700e+00  1.6166120473e+00 -2.2815640929e+00  2.8358307502e+00  1.8735445859e+00 -8.8625108106e-01  1.0825315516e+00  2.0061660379e+00 -7.0472041526e-01  1.8487768498e+00 -1.5198934570e-01  2.3254997487e-01  3.7420320103e+00  4.9436152630e-01 -2.8486613245e+00
ENERGY -3.442274685295e+02

JOB 11
COORDS  4.1897543771e+00 -2.5093515038e+00 -1.9967727359e+00  4.6998236230e+00 -1.4150253559e+00 -2.6574529708e+00  2.8872735149e+00 -8.6217229375e-01 -1.4773640544e+00  4.1018117819e-01 -6.5716515168e-01 -1.2092203245e+00  1.8401573440e+00  1.4393013484e+00 -1.3061896099e+00  1.7786323746e+00 -3.3855836586e-02 -8.7917485283e-01  3.0699266259e+00 -2.1570736682e+00 -1.2707737874e+00  3.8570914840e+00 -3.6888025540e-01 -2.3163733559e+00  4.5640055793e+00 -3.5251113554e+00 -2.0021500473e+00  5.5473205166e+00 -1.2835243787e+00 -3.3148168326e+00  2.1333656079e-01 -6.0924654991e-01 -2.2862863336e+00 -3.9083548629e-01 -1.1980706092e-01 -6.8957819495e-01  3.8556370403e-01 -1.7062887488e+00 -9.0645563247e-01  1.7079711214e+00  1.5473511938e+00 -2.3899038106e+00  2.7867730270e+00  1.9126752408e+00 -1.0202720103e+00  1.0364156033e+00  2.0044223655e+00 -8.2498577857e-01  1.9079105490e+00 -7.6783776048e-02  2.0983864774e-01  3.9418074372e+00  5.8693699590e-01 -2.6331834722e+00
ENERGY -3.442273730051e+02

JOB 12
COORDS  4.1314647882e+00 -2.5115545134e+00 -2.1106868881e+00  4.7697517055e+00 -1.3858533444e+00 -2.5785773224e+00  2.8830679379e+00 -8.4880827763e-01 -1.5115974692e+00  4.2127751868e-01 -6.7479294423e-01 -1.1155032172e+00  1.7991054416e+00  1.4382496661e+00 -1.4006598302e+00  1.7907154202e+00 -1.1836886952e-02 -8.9372749613e-01  2.9669280296e+00 -2.1688354776e+00 -1.4535396064e+00  3.9610257811e+00 -3.3023004695e-01 -2.1887405675e+00  4.4407761390e+00 -3.5439800332e+00 -2.2119435983e+00  5.6840760585e+00 -1.2383548677e+00 -3.1353711951e+00  1.6649870100e-01 -6.8661806797e-01 -2.1810347966e+00 -3.5930380847e-01 -1.2344285171e-01 -5.8009815397e-01  4.3266802607e-01 -1.7075575571e+00 -7.6153776789e-01  1.6538814806e+00  1.4809090458e+00 -2.4864735041e+00  2.7313904029e+00  1.9599504630e+00 -1.1526532030e+00  9.8518422626e-01  2.0031665420e+00 -9.3634612297e-01  1.9767735086e+00  1.0724858698e-02  1.8895114283e-01  4.1312817356e+00  6.4717245695e-01 -2.3802374916e+00
ENERGY -3.442272752347e+02

JOB 13
COORDS  4.0657394462e+00 -2.5088162705e+00 -2.2533449097e+00  4.8224049595e+00 -1.3879172363e+00 -2.5048551609e+00  2.8788330451e+00 -8.4111173009e-01 -1.5494112772e+00  4.3757832976e-01 -6.9345130578e-01 -1.0301258972e+00  1.7529853554e+00  1.4250825405e+00 -1.4994384432e+00  1.8012993531e+00  3.0507870170e-03 -9.1550480994e-01  2.8668877022e+00 -2.1597979152e+00 -1.6632312845e+00  4.0529142145e+00 -3.2895218878e-01 -2.0502501491e+00  4.3120024769e+00 -3.5413985356e+00 -2.4651477352e+00  5.7931115427e+00 -1.2444698047e+00 -2.9576772101e+00  1.3377421456e-01 -7.7688686490e-01 -2.0789537595e+00 -3.2473086613e-01 -1.1919098272e-01 -4.9288101000e-01  4.8011529731e-01 -1.7024998202e+00 -6.1590371991e-01  1.5579011948e+00  1.4018739161e+00 -2.5773029094e+00  2.6835769916e+00  1.9802124557e+00 -1.3302057112e+00  9.5159897341e-01  1.9993876127e+00 -1.0243967611e+00  2.0417120414e+00  9.0700303587e-02  1.5409690958e-01  4.3058167475e+00  6.4814351313e-01 -2.0978992703e+00
ENERGY -3.442272065192e+02

JOB 14
COORDS  3.9996670669e+00 -2.4625038712e+00 -2.4117784914e+00  4.8557960746e+00 -1.3863210761e+00 -2.4252574820e+00  2.8717650294e+00 -8.1766075166e-01 -1.5698899102e+00  4.5372883306e-01 -6.9947372709e-01 -9.4028516044e-01  1.6917620091e+00  1.4134903194e+00 -1.6050693686e+00  1.8020069950e+00  3.2123123446e-02 -9.3250607347e-01  2.7762189784e+00 -2.0999338255e+00 -1.8816200740e+00  4.1230261732e+00 -3.4088786143e-01 -1.8862407256e+00  4.1903752954e+00 -3.4714862976e+00 -2.7541224213e+00  5.8770879761e+00 -1.2655358843e+00 -2.7574386686e+00  1.1059099235e-01 -8.6733976891e-01 -1.9658484645e+00 -2.9832565783e-01 -1.0213638981e-01 -4.1410212968e-01  5.3319059033e-01 -1.6753227367e+00 -4.5696101095e-01  1.4372388076e+00  1.3101654575e+00 -2.6652246453e+00  2.6219589345e+00  1.9895215754e+00 -1.5351354343e+00  9.0894252391e-01  2.0077120290e+00 -1.1226665464e+00  2.0892105715e+00  1.9581685034e-01  1.1673774911e-01  4.4523044565e+00  6.0583177890e-01 -1.7567852444e+00
ENERGY -3.442272434266e+02

JOB 15
COORDS  3.9642259095e+00 -2.4057844894e+00 -2.5814431506e+00  4.8948767279e+00 -1.4188050585e+00 -2.3555361240e+00  2.8857748391e+00 -8.1294954625e-01 -1.5896414459e+00  4.9571919069e-01 -7.1355795761e-01 -8.5417728580e-01  1.6501608471e+00  1.3743820283e+00 -1.7201370250e+00  1.8236123814e+00  4.6384751285e-02 -9.5533606478e-01  2.7253324409e+00 -2.0205938669e+00 -2.1044552515e+00  4.1931882644e+00 -4.0520829825e-01 -1.7220352844e+00  4.1125725002e+00 -3.3666501782e+00 -3.0571317382e+00  5.9508697447e+00 -1.3431061335e+00 -2.5725598102e+00  1.2221307479e-01 -9.7253193937e-01 -1.8488524773e+00 -2.5199311709e-01 -9.2824716533e-02 -3.4941915054e-01  6.1527673483e-01 -1.6454495202e+00 -2.9643254478e-01  1.3282113248e+00  1.1843221992e+00 -2.7493618574e+00  2.5801017291e+00  1.9526837508e+00 -1.7613359854e+00  8.9332961865e-01  1.9989694481e+00 -1.2337934489e+00  2.1552452398e+00  2.8981998334e-01  6.4745162424e-02  4.5782856395e+00  4.7640325346e-01 -1.4110116390e+00
ENERGY -3.442273901259e+02

JOB 16
COORDS  3.9401888782e+00 -2.3153740851e+00 -2.7208512013e+00  4.9146868175e+00 -1.4572297642e+00 -2.2670778267e+00  2.8904290509e+00 -7.9601776446e-01 -1.5937694493e+00  5.3317658013e-01 -7.0782374389e-01 -7.5379020516e-01  1.5957920139e+00  1.3403315726e+00 -1.8153593352e+00  1.8353570709e+00  7.4580766381e-02 -9.6576607578e-01  2.6919992883e+00 -1.8964312837e+00 -2.2997632962e+00  4.2304199421e+00 -4.8989472536e-01 -1.5474395471e+00  4.0640840425e+00 -3.2086589306e+00 -3.3194302662e+00  5.9901369416e+00 -1.4474680373e+00 -2.3727683766e+00  1.3420241406e-01 -1.0540536020e+00 -1.7107838430e+00 -2.1449453070e-01 -6.9618555321e-02 -2.7122021939e-01  6.9865195400e-01 -1.5889110503e+00 -1.2777166070e-01  1.2222686220e+00  1.0659182858e+00 -2.8072208455e+00  2.5159210645e+00  1.9191740313e+00 -1.9513012073e+00  8.5531594287e-01  1.9901063040e+00 -1.3362402640e+00  2.2085224524e+00  3.9616457173e-01  1.7223930802e-02  4.6450741058e+00  3.0008186999e-01 -1.0712753681e+00
ENERGY -3.442275692319e+02

JOB 17
COORDS  3.9259260873e+00 -2.2148100316e+00 -2.8402082649e+00  4.9151108946e+00 -1.5144705079e+00 -2.1888898218e+00  2.8926465614e+00 -7.5843778077e-01 -1.6202480691e+00  5.7739688174e-01 -6.7867519699e-01 -6.6898936501e-01  1.5321529976e+00  1.3244071172e+00 -1.9052210489e+00  1.8471779732e+00  1.2209000103e-01 -9.9137189585e-01  2.6791423230e+00 -1.7388588555e+00 -2.4817455810e+00  4.2401352135e+00 -5.8426907338e-01 -1.4132434503e+00  4.0387015849e+00 -3.0332797975e+00 -3.5395679384e+00  5.9929501379e+00 -1.5917078574e+00 -2.1935874441e+00  1.6017663117e-01 -1.1106221644e+00 -1.5823106015e+00 -1.7569787375e-01 -2.8474658845e-02 -2.1125628306e-01  7.9277179463e-01 -1.5009355994e+00  1.9897393241e-02  1.1212188231e+00  9.7563010692e-01 -2.8577412222e+00  2.4311775852e+00  1.9118013745e+00 -2.1205294638e+00  7.9729468415e-01  1.9853486211e+00 -1.4324408963e+00  2.2613403314e+00  5.1062966254e-01 -5.0298250129e-02  4.6637908773e+00  9.2431256460e-02 -7.9244237680e-01
ENERGY -3.442277363457e+02

JOB 18
COORDS  3.9381814661e+00 -2.1153529041e+00 -2.9382159915e+00  4.9076437093e+00 -1.5805996172e+00 -2.1207421987e+00  2.9042390004e+00 -7.0943150197e-01 -1.6617232548e+00  6.3625103400e-01 -6.5940926499e-01 -6.0123822882e-01  1.4603328881e+00  1.3106958420e+00 -1.9760068493e+00  1.8618104111e+00  1.6755649699e-01 -1.0233591851e+00  2.7031964576e+00 -1.5696017608e+00 -2.6461549481e+00  4.2316837250e+00 -6.8157741381e-01 -1.3097375702e+00  4.0578714430e+00 -2.8601300092e+00 -3.7146088006e+00  5.9713610390e+00 -1.7506766463e+00 -2.0359340392e+00  1.8976761897e-01 -1.1418115758e+00 -1.4749366208e+00 -1.1642843134e-01 -1.6386163959e-02 -1.3239134565e-01  9.1348363099e-01 -1.4438463110e+00  1.0999798438e-01  1.0304817478e+00  8.9938819856e-01 -2.8941035778e+00  2.3257191944e+00  1.9221257596e+00 -2.2525223337e+00  7.1608244861e-01  1.9618421059e+00 -1.5043279834e+00  2.3078842383e+00  6.1196116534e-01 -1.2283289476e-01  4.6412195049e+00 -1.1183069679e-01 -5.8144248935e-01
ENERGY -3.442278214815e+02

JOB 19
COORDS  3.9653807707e+00 -2.0252686174e+00 -3.0132343957e+00  4.8831246746e+00 -1.6628960992e+00 -2.0536222859e+00  2.9213297713e+00 -6.5696907594e-01 -1.7047647856e+00  7.0318497553e-01 -6.4162620123e-01 -5.4487080514e-01  1.3899196592e+00  1.2947072409e+00 -2.0395827328e+00  1.8766853083e+00  2.1224507103e-01 -1.0595110674e+00  2.7557338009e+00 -1.3975487563e+00 -2.7881384224e+00  4.2006817924e+00 -7.8727881929e-01 -1.2226748943e+00  4.1061131656e+00 -2.6987284741e+00 -3.8489825304e+00  5.9165860449e+00 -1.9315674341e+00 -1.8882619024e+00  2.3605057882e-01 -1.1758479452e+00 -1.3770680614e+00 -5.2841869655e-02 -8.5821594281e-03 -6.7488904908e-02  1.0418309904e+00 -1.3842122775e+00  1.8500449387e-01  9.3884161932e-01  8.2742552669e-01 -2.9194468440e+00  2.2185008572e+00  1.9241061235e+00 -2.3800806107e+00  6.4172569213e-01  1.9369246674e+00 -1.5621917530e+00  2.3443001845e+00  7.1050755938e-01 -1.9912770248e-01  4.5781487344e+00 -3.2315145802e-01 -4.0730673892e-01
ENERGY -3.442278193571e+02

JOB 20
COORDS  4.0264587331e+00 -1.9199516764e+00 -3.0820516893e+00  4.8601074705e+00 -1.7324132559e+00 -2.0032839922e+00  2.9538651307e+00 -5.9885700977e-01 -1.7479991744e+00  7.8924988190e-01 -6.2347994314e-01 -4.9176922010e-01  1.3222501532e+00  1.2675761973e+00 -2.1010544042e+00  1.9004761279e+00  2.5637768978e-01 -1.0982425455e+00  2.8500973078e+00 -1.2154219089e+00 -2.9135166776e+00  4.1609708674e+00 -8.8448419082e-01 -1.1576905603e+00  4.2067036311e+00 -2.5156414235e+00 -3.9677440187e+00  5.8486283378e+00 -2.0996625427e+00 -1.7675167869e+00  2.9252160596e-01 -1.1963884017e+00 -1.2805213711e+00  3.9474494767e-02 -4.0016935335e-03  1.2733614106e-02  1.1944244417e+00 -1.3333817367e+00  2.3706866614e-01  8.6875017369e-01  7.4202592969e-01 -2.9456457613e+00  2.1033720282e+00  1.9247539404e+00 -2.4957890007e+00  5.5709540343e-01  1.8870747157e+00 -1.6209569339e+00  2.3807668442e+00  8.1267127598e-01 -2.8131517470e-01  4.4829250016e+00 -5.3546715458e-01 -2.6477697944e-01
ENERGY -3.442277898502e+02

JOB 21
COORDS  4.0947265483e+00 -1.8175710706e+00 -3.1297811478e+00  4.8129800730e+00 -1.8172209133e+00 -1.9563205208e+00  2.9801489922e+00 -5.5497044824e-01 -1.7728563483e+00  8.6782472372e-01 -5.8264253640e-01 -4.2781395462e-01  1.2668090523e+00  1.2295805166e+00 -2.1598182497e+00  1.9219898899e+00  2.9936821253e-01 -1.1293603933e+00  2.9622143925e+00 -1.0355616979e+00 -3.0047949598e+00  4.0887055270e+00 -1.0057384548e+00 -1.0965162296e+00  4.3282343091e+00 -2.3301194394e+00 -4.0541472926e+00  5.7417952838e+00 -2.2864225488e+00 -1.6649299344e+00  3.5748960082e-01 -1.2146728325e+00 -1.1613355404e+00  1.1819105369e-01  3.9098906257e-02  7.3995905961e-02  1.3246433090e+00 -1.2376827412e+00  3.2185688421e-01  7.9395440665e-01  6.4432172074e-01 -2.9526441812e+00  2.0068006181e+00  1.8855006885e+00 -2.6277655384e+00  5.0429375901e-01  1.8509113694e+00 -1.6782979395e+00  2.4109147631e+00  9.1771606791e-01 -3.6336505072e-01  4.3381110293e+00 -7.7668271337e-01 -1.4355360016e-01
ENERGY -3.442277071243e+02

JOB 22
COORDS  4.1790662716e+00 -1.6878754835e+00 -3.1868900198e+00  4.7506566819e+00 -1.8937445882e+00 -1.9529251163e+00  2.9893614325e+00 -5.2871979016e-01 -1.8003752352e+00  9.3499187417e-01 -5.3589287221e-01 -3.5975452300e-01  1.2010612705e+00  1.1731496868e+00 -2.2156852164e+00  1.9295751551e+00  3.2912792000e-01 -1.1624192090e+00  3.0899698048e+00 -8.4316693017e-01 -3.0809326984e+00  3.9803804781e+00 -1.1475945546e+00 -1.0745259231e+00  4.4880116831e+00 -2.0942926426e+00 -4.1413316957e+00  5.6060817404e+00 -2.4686137773e+00 -1.6278610453e+00  4.1522741412e-01 -1.2327499529e+00 -1.0252931489e+00  1.8583056838e-01  9.5564952657e-02  1.3006447551e-01  1.4382278429e+00 -1.1243465150e+00  4.1537138450e-01  6.9637010032e-01  5.2959907516e-01 -2.9410094089e+00  1.9003825980e+00  1.8060735467e+00 -2.7684746481e+00  4.5430802276e-01  1.8122961832e+00 -1.7329821785e+00  2.4276449460e+00  1.0106047759e+00 -4.5778388636e-01  4.1268066050e+00 -1.0684371305e+00 -7.7047518163e-02
ENERGY -3.442275283566e+02

JOB 23
COORDS  4.2832160909e+00 -1.5512054742e+00 -3.2044153861e+00  4.6817394566e+00 -1.9672652681e+00 -1.9557154415e+00  2.9875574868e+00 -5.1824509673e-01 -1.8119209005e+00  9.9445843493e-01 -4.6994096407e-01 -2.7432793068e-01  1.1343404774e+00  1.1020121007e+00 -2.2594671975e+00  1.9296821277e+00  3.5171006841e-01 -1.1842254864e+00  3.2349866615e+00 -6.5590047334e-01 -3.1039474857e+00  3.8452899192e+00 -1.3011777256e+00 -1.0739407022e+00  4.6867899906e+00 -1.8429101684e+00 -4.1654529235e+00  5.4523064237e+00 -2.6468137649e+00 -1.6204542687e+00  4.7325761818e-01 -1.2391090601e+00 -8.5385639614e-01  2.4308527540e-01  1.8036008450e-01  1.8581007854e-01  1.5365816654e+00 -9.7035381118e-01  5.3617479623e-01  6.0019953330e-01  3.9940787742e-01 -2.9055504357e+00  1.7937752630e+00  1.6959593622e+00 -2.8963930127e+00  4.0445068879e-01  1.7676895720e+00 -1.7869098139e+00  2.4381204433e+00  1.0969218196e+00 -5.5493640144e-01  3.8650147322e+00 -1.3797086222e+00 -6.6219753023e-02
ENERGY -3.442273369422e+02

