JOB 0
COORDS -4.3196441972e-01 -2.7776141493e-02  9.1691080455e-01  3.4870211971e-01 -4.1399877398e-01  2.1357013823e+00  1.2349708272e+00  7.2471248166e-01  2.5474804922e+00  1.2384955041e+00 -1.6004205611e+00  1.7972325009e+00 -5.8971055556e-01 -7.0013017062e-01  3.3168410391e+00 -1.7235561294e+00 -1.6867346340e+00  3.0252881966e+00 -1.2790018592e+00 -2.9017264831e+00  2.4723676426e+00 -5.3435397473e-01 -3.9814143033e+00  3.5888946753e+00  1.4286511090e-01 -4.9490838762e+00  2.4423014064e+00  5.6438698532e-01 -3.1807689271e+00  4.2398059244e+00 -1.6136592310e+00 -4.6995958516e+00  4.3264872874e+00 -1.0187018557e+00 -8.8498172244e-01  5.9214752185e-01 -1.0876087229e+00  8.1067165702e-01  1.1586093212e+00  2.6650260687e-01  2.6013225861e-01  1.2947024590e-01  1.7881738033e+00  4.2676169520e-01  3.4383680518e+00  1.9303931181e+00  9.4947755805e-01  1.7376419304e+00  6.2278798922e-01  1.6008072053e+00  2.7653131889e+00  1.6458015631e+00 -2.0086234243e+00  2.7224835305e+00  6.3014606225e-01 -2.3715652378e+00  1.3339616047e+00  2.0121803072e+00 -1.2387234599e+00  1.1166729469e+00  4.1430429308e-02 -1.1060256734e+00  4.1078270343e+00 -1.0097119365e+00  2.6905946512e-01  3.6046029890e+00 -2.2432660221e+00 -1.8359750971e+00  3.9828567260e+00 -2.4541070102e+00 -1.2542753621e+00  2.3319809724e+00 -4.2429372198e-01 -5.7296558007e+00  2.3287033196e+00
ENERGY -8.961160847649e+02

JOB 1
COORDS -4.9803211834e-01  1.5882364446e+00  2.2112371818e+00 -3.9510065162e-01  9.1446333933e-02  2.2155001068e+00  4.2316327939e-01 -3.3215569332e-01  3.4180042122e+00  3.0074763203e-01 -3.5576934590e-01  9.5114560253e-01 -1.8230559252e+00 -4.5809706363e-01  2.3033230971e+00 -2.0504075291e+00 -1.9172168753e+00  1.9181631642e+00 -1.3970369904e+00 -2.8258488539e+00  2.7693025273e+00 -1.4948174493e-01 -3.7583636563e+00  2.0706587369e+00 -2.9887002777e-01 -5.0863649639e+00  3.0094530602e+00 -5.3601881495e-01 -4.0022138845e+00  6.4950085989e-01  1.1370223507e+00 -3.0518593119e+00  2.4505344263e+00 -1.0036540531e+00  1.9123699124e+00  1.3005085053e+00 -1.0655844494e+00  1.9095221767e+00  3.0858458150e+00  5.0539180682e-01  2.0134107912e+00  2.2478385341e+00  5.7978874005e-01 -1.4138672518e+00  3.3812716393e+00  1.3872182561e+00  1.7614369518e-01  3.3546248002e+00 -1.1017249914e-01 -1.7271399175e-02  4.3161061846e+00  5.7477756428e-01 -1.4071718855e+00  1.0409624868e+00 -3.6659671641e-01 -1.8534623265e-01  1.0546301222e-01  1.2054243380e+00  2.4417064600e-01  8.4118280299e-01 -2.1397300630e+00 -2.7963505874e-01  3.3332658555e+00 -2.4268845587e+00  1.6636631580e-01  1.6378871424e+00 -3.1376696548e+00 -2.0562492983e+00  2.0095341037e+00 -1.7971168829e+00 -2.1049411560e+00  8.6964718833e-01  4.4239626598e-01 -5.0961560705e+00  3.6363761351e+00
ENERGY -8.961164117070e+02

JOB 2
COORDS -5.3332620062e-01  1.6764325553e+00  2.1352180725e+00 -3.8836056387e-01  1.8242959714e-01  2.1252603710e+00  5.0652610642e-01 -2.1082526681e-01  3.2830059978e+00  2.4379739711e-01 -2.3350990407e-01  8.1841118667e-01 -1.7922752157e+00 -4.1087151850e-01  2.2875965859e+00 -2.0099563793e+00 -1.8700983983e+00  1.8885966502e+00 -1.3492487305e+00 -2.7983716703e+00  2.7101824144e+00  2.6428417300e-02 -3.5952309931e+00  2.0985986969e+00 -3.1410806158e-01 -5.1184329101e+00  2.5786337424e+00 -3.4436687284e-02 -3.4403058086e+00  6.0782524646e-01  1.1913803028e+00 -3.0903454195e+00  2.9145152522e+00 -1.1198851364e+00  1.9896978544e+00  1.2705894571e+00 -1.0357771626e+00  1.9794446468e+00  3.0549052392e+00  4.5804244179e-01  2.1286157857e+00  2.0921164993e+00  6.9232393286e-01 -1.2920359560e+00  3.2762951785e+00  1.4518169904e+00  3.2155497623e-01  3.1612132661e+00  1.6919895775e-02  1.0547454605e-01  4.2054184711e+00  3.8634088315e-01 -1.3158165425e+00  7.8214717063e-01 -4.1428774703e-01  7.8493471956e-02  5.2492209238e-03  1.2043677897e+00  2.7722563156e-01  7.3687132273e-01 -2.0552513424e+00 -2.5747825235e-01  3.3364648565e+00 -2.4504191385e+00  2.0520517140e-01  1.6675053811e+00 -3.0936351993e+00 -2.0175231244e+00  2.0016993493e+00 -1.7668856900e+00 -2.0372090589e+00  8.3459665306e-01  2.4904541333e-01 -5.3224697247e+00  3.3430750188e+00
ENERGY -8.961179849062e+02

JOB 3
COORDS  4.2308604478e-01  9.1768130818e-01  9.3972635071e-01 -8.3853923305e-02 -2.0495440327e-01  1.7978023615e+00  6.5670024699e-01 -1.5230950064e-01  3.1198484605e+00  1.9839359442e-01 -1.5146603290e+00  1.1005468459e+00 -1.5877049386e+00  1.6559228087e-02  1.9881070037e+00 -2.4112065582e+00 -1.1490397134e+00  2.5345116356e+00 -2.0564051848e+00 -1.4879512378e+00  3.8504543960e+00 -1.2593540258e+00 -2.9651485741e+00  4.1476803359e+00 -2.3249911660e+00 -3.6876830345e+00  5.1545888779e+00 -1.2162343970e+00 -3.6805757042e+00  2.8272720600e+00 -2.5732394367e-02 -2.5798778032e+00  4.9175838364e+00 -4.8296723982e-02  8.6384770400e-01 -4.2341141532e-02  1.8174289413e-01  1.8688437045e+00  1.4163320141e+00  1.5044057456e+00  8.2298975960e-01  8.3522962601e-01  3.6683569477e-01 -9.7926314559e-01  3.7750625727e+00  1.7235116702e+00 -2.1535462889e-01  2.8972460723e+00  4.3081619149e-01  8.0478009224e-01  3.5923382293e+00 -1.3613869606e-01 -2.3568973231e+00  1.7161729430e+00 -3.3374527006e-01 -1.5146675691e+00  1.4706547458e-01  1.2738298774e+00 -1.5716952947e+00  9.2453902311e-01 -1.6734087151e+00  8.8257536424e-01  2.6483730530e+00 -1.9784687319e+00  2.8566909216e-01  1.0020494211e+00 -3.4482444867e+00 -7.8358461016e-01  2.5251527559e+00 -2.3592257316e+00 -2.0195343907e+00  1.8739013275e+00 -2.0148643614e+00 -3.5634364305e+00  6.0667273025e+00
ENERGY -8.961191491485e+02

JOB 4
COORDS  4.2535654438e-01  9.2072109990e-01  9.1708724275e-01 -8.6915226071e-02 -2.1489779655e-01  1.7547935523e+00  6.6234262905e-01 -1.9256338707e-01  3.0732698025e+00  1.8346065527e-01 -1.5143531805e+00  1.0332568831e+00 -1.5894348389e+00  1.2518320897e-02  1.9480932219e+00 -2.3985590084e+00 -1.1372173536e+00  2.5462762835e+00 -1.9900850439e+00 -1.4115721220e+00  3.8615616034e+00 -1.2624607492e+00 -2.9104948801e+00  4.2230335066e+00 -2.4781209695e+00 -3.6874154981e+00  4.9971251716e+00 -1.0277268231e+00 -3.5781127905e+00  2.8955176772e+00 -1.7097490940e-01 -2.5485984539e+00  5.1851335531e+00 -5.0597681775e-02  8.8881406547e-01 -6.3646724819e-02  1.9360446477e-01  1.8646880723e+00  1.4124063402e+00  1.5053710327e+00  8.1950437155e-01  8.0560284085e-01  3.6230980646e-01 -1.0141645315e+00  3.7232286287e+00  1.7264836268e+00 -2.6674902652e-01  2.8426037362e+00  4.5154428286e-01  7.5776474116e-01  3.5653500067e+00 -1.3114064021e-01 -2.3600135725e+00  1.6586018767e+00 -3.7215471737e-01 -1.5030833578e+00  9.3196684281e-02  1.2544952956e+00 -1.5631489761e+00  8.2879010735e-01 -1.6710358373e+00  8.9717042585e-01  2.5839491038e+00 -1.9855364755e+00  2.5246136007e-01  9.5663182058e-01 -3.4393794731e+00 -7.8242455552e-01  2.5491856393e+00 -2.3483539502e+00 -2.0299641815e+00  1.9161983157e+00 -2.3747344863e+00 -3.5492590238e+00  5.9533145198e+00
ENERGY -8.961192140131e+02

JOB 5
COORDS  7.9456331188e-02  1.1018178195e+00  4.0686386099e-01 -1.2637649791e-02  1.4780048415e-01  1.5613297958e+00  9.3159527718e-01  6.2535206357e-01  2.6495249358e+00  4.1082531024e-01 -1.2294477974e+00  1.1088666165e+00 -1.4733814391e+00  1.4766808104e-01  2.0188538974e+00 -1.8753437071e+00 -8.2883983438e-01  3.1206114779e+00 -1.3176965874e+00 -4.6864668158e-01  4.3595875722e+00 -1.6166605215e-01 -1.5002176819e+00  5.0626728572e+00 -1.1139370468e+00 -2.4952452614e+00  5.9575204052e+00  3.9629911624e-01 -2.3005243260e+00  3.9111186923e+00  6.5366141712e-01 -6.1234414533e-01  5.9434310329e+00 -5.9413263668e-01  7.7636798672e-01 -3.8691508286e-01 -1.9993879218e-01  2.1003387506e+00  7.4621955601e-01  1.1049594629e+00  1.1129053307e+00  3.6879230191e-02  1.1113399785e+00 -1.8263100013e-01  3.3519016639e+00  1.8659344666e+00  9.1694041047e-01  2.1671165463e+00  4.8176804851e-01  1.4727433484e+00  3.1643071715e+00  4.2811625826e-01 -1.8877850400e+00  1.9845386684e+00 -2.9348792333e-01 -1.5736943374e+00  3.4879571430e-01  1.4104781212e+00 -1.1465920947e+00  6.7841749856e-01 -1.6800992298e+00  1.1697312373e+00  2.3448095518e+00 -2.0613100936e+00 -6.2488229518e-02  1.1201361634e+00 -2.9701669797e+00 -7.4744545086e-01  3.1815639985e+00 -1.6327527262e+00 -1.8587477653e+00  2.8447501351e+00 -1.1562133625e+00 -2.1447025453e+00  6.8627477384e+00
ENERGY -8.961188954088e+02

JOB 6
COORDS  6.2717683919e-01  6.3847995998e-01  8.1427357329e-01 -3.4998554233e-02 -3.0216891099e-01  1.7773434991e+00  6.5461964667e-01 -1.7561370889e-01  3.1231551167e+00  1.1656029191e-01 -1.7198929508e+00  1.2790336086e+00 -1.5102723213e+00  9.7474931281e-02  1.8441318351e+00 -2.4442542554e+00 -7.7240523645e-01  2.6793592157e+00 -2.1713032470e+00 -6.4745906742e-01  4.0537080458e+00 -1.6891110585e+00 -2.0504543127e+00  4.8871448871e+00 -3.1229609215e+00 -2.8502834520e+00  5.0127242943e+00 -8.4348898091e-01 -2.8134714285e+00  3.8948059167e+00 -1.2214902330e+00 -1.5683039550e+00  6.2166964586e+00  1.4698088280e-01  5.5523682177e-01 -1.6162538937e-01  5.3281611828e-01  1.6584133826e+00  1.1898407741e+00  1.6815361886e+00  3.7446800949e-01  7.2881916578e-01  3.8101286381e-01 -1.0309207964e+00  3.7365419509e+00  1.7303621393e+00 -1.6938767746e-01  2.9392629470e+00  3.3905892449e-01  7.5327880695e-01  3.5960515193e+00 -2.7889178074e-01 -2.3949146093e+00  2.0455726507e+00 -4.1748159562e-01 -1.8110135184e+00  3.3108020863e-01  1.1807291375e+00 -1.9079529762e+00  1.1255230715e+00 -1.5223490877e+00  1.1192812433e+00  2.2306643415e+00 -1.8586264142e+00  1.0830422320e-01  8.0680479146e-01 -3.4519896868e+00 -3.8419704345e-01  2.4724269421e+00 -2.4188812262e+00 -1.8131901941e+00  2.3440855022e+00 -3.5296657184e+00 -2.6171160878e+00  5.8638689169e+00
ENERGY -8.961191992544e+02

JOB 7
COORDS  6.0146243668e-01  4.8987039662e-01  8.5968918403e-01 -5.3084532983e-02 -3.9981129531e-01  1.8746844074e+00  6.4657550329e-01 -2.0986796775e-01  3.2068611414e+00  9.0852721641e-02 -1.8410480764e+00  1.4457485525e+00 -1.5261239170e+00  6.8920756610e-03  1.9399484689e+00 -2.4573814387e+00 -8.4590374033e-01  2.7946140484e+00 -2.1773900533e+00 -7.0298624714e-01  4.1666529309e+00 -1.7902874938e+00 -2.1290275775e+00  5.0117656096e+00 -3.1725789225e+00 -3.0015595297e+00  4.7741405456e+00 -7.2447192639e-01 -2.7876727079e+00  4.1661651616e+00 -1.6417718476e+00 -1.7258776104e+00  6.4359079105e+00  1.2405669703e-01  3.4475353088e-01 -1.1039672924e-01  4.9600344093e-01  1.5290613776e+00  1.1746881779e+00  1.6586624458e+00  2.3225291786e-01  7.9143151399e-01  3.3496112627e-01 -1.0102006882e+00  3.8769994505e+00  1.7208617445e+00 -2.6514404157e-01  3.0216140239e+00  3.7688259953e-01  7.6694876271e-01  3.6071283577e+00 -2.7569854572e-01 -2.4779038519e+00  2.2582431687e+00 -4.7112642252e-01 -1.9835060621e+00  5.2059092632e-01  1.1509117455e+00 -2.0322739581e+00  1.2695426022e+00 -1.5335053399e+00  1.0361407544e+00  2.3061693972e+00 -1.8802546865e+00 -1.5787605823e-03  9.0456484798e-01 -3.4661390441e+00 -4.6121738277e-01  2.5860835041e+00 -2.4414280000e+00 -1.8907441060e+00  2.4706368383e+00 -3.7568883781e+00 -2.8602395169e+00  5.5376114120e+00
ENERGY -8.961190575914e+02

JOB 8
COORDS  6.3435993786e-01  3.8213182803e-01  8.6223458163e-01 -1.8484349320e-02 -4.6675525976e-01  1.9126048727e+00  7.1656636265e-01 -2.6509708281e-01  3.2238447584e+00  7.9143884486e-02 -1.9207768068e+00  1.5140413227e+00 -1.4780151565e+00 -1.8126372573e-02  2.0060227157e+00 -2.4186774645e+00 -8.6739508687e-01  2.8541069829e+00 -2.0870490749e+00 -7.9974311319e-01  4.2194987552e+00 -1.7786412795e+00 -2.2750139318e+00  5.0154872992e+00 -3.0393978753e+00 -3.1880241012e+00  4.4483371702e+00 -5.4643627937e-01 -2.8097435169e+00  4.3224325326e+00 -1.9192958907e+00 -2.0053975557e+00  6.4704130438e+00  1.4464958125e-01  2.1066777546e-01 -9.7396448824e-02  5.4346116936e-01  1.4322047274e+00  1.1441020340e+00  1.6879736416e+00  1.1094067371e-01  7.9123870800e-01  3.7454017556e-01 -1.0199536642e+00  3.9328332257e+00  1.7819530226e+00 -3.9107725715e-01  3.0219440598e+00  5.1391689320e-01  7.4400023359e-01  3.5825327126e+00 -2.5321721061e-01 -2.5332487058e+00  2.3597982706e+00 -5.3085597968e-01 -2.0765014749e+00  6.2210310877e-01  1.1257405169e+00 -2.1347669366e+00  1.2902121118e+00 -1.4495881696e+00  1.0030239133e+00  2.3930140325e+00 -1.8482168223e+00  5.3354333466e-03  9.7646148030e-01 -3.4167609858e+00 -4.3355081954e-01  2.6951918698e+00 -2.4622905346e+00 -1.8951128742e+00  2.4817241187e+00 -3.7425449006e+00 -3.1847251435e+00  5.1191707612e+00
ENERGY -8.961176440405e+02

JOB 9
COORDS  5.1050564606e-01  7.0341980089e-01  1.0681863109e+00 -4.3225051341e-02 -3.5290670449e-01  1.9778759276e+00  7.2221707835e-01 -3.1365135069e-01  3.2866905814e+00  1.4309617274e-01 -1.7095601787e+00  1.3391741040e+00 -1.5255054376e+00 -3.2777151977e-02  2.1859526518e+00 -2.3905351167e+00 -1.1194999747e+00  2.8175742702e+00 -1.9913619004e+00 -1.4017220833e+00  4.1336488874e+00 -1.5376694879e+00 -2.9922611001e+00  4.5605087651e+00 -2.4810088501e+00 -3.8664811221e+00  3.5081687508e+00 -1.2818291172e-01 -3.1131029484e+00  4.0321053673e+00 -1.9762240800e+00 -3.2080600058e+00  5.9636748907e+00  1.7889989039e-02  6.3832633238e-01  9.6971721634e-02  3.3279889916e-01  1.6848402340e+00  1.5105605373e+00  1.5823584736e+00  5.4308202002e-01  9.4915512822e-01  4.3024762420e-01 -1.1742049675e+00  3.8913221689e+00  1.7848205668e+00 -3.7410660783e-01  3.0437756336e+00  5.0102911938e-01  6.3107521392e-01  3.7841751861e+00 -7.4171771895e-02 -2.4804677801e+00  2.0859828257e+00 -5.1146672831e-01 -1.7764381188e+00  4.6837396471e-01  1.1859603195e+00 -1.7889957510e+00  1.0274917500e+00 -1.5479447977e+00  8.7024876830e-01  2.8000029833e+00 -1.9243344487e+00  2.0536609447e-01  1.1950608931e+00 -3.4095988837e+00 -7.0393642362e-01  2.8199997976e+00 -2.4191860204e+00 -2.0142422134e+00  2.1891011387e+00 -3.2416848286e+00 -4.2134402732e+00  4.0036941579e+00
ENERGY -8.961151287372e+02

JOB 10
COORDS  3.1018564650e-01  1.0183337461e+00  1.4070378267e+00 -1.2928499218e-01 -2.5502903776e-01  2.0673049801e+00  6.5053943055e-01 -4.2382335128e-01  3.3578273848e+00  1.7571188488e-01 -1.4183420247e+00  1.1526083636e+00 -1.6316736299e+00 -1.2467353395e-01  2.3380458231e+00 -2.3895921678e+00 -1.4139150076e+00  2.6481064586e+00 -1.8869458833e+00 -2.0379644212e+00  3.7968486861e+00 -1.2551393888e+00 -3.6265228152e+00  3.7822369644e+00 -1.8337510917e+00 -4.1587177720e+00  2.3112175509e+00  2.2267078103e-01 -3.4042687204e+00  3.5839574648e+00 -1.8999727473e+00 -4.3868298027e+00  4.8845335181e+00 -1.7405546536e-01  1.1056414914e+00  4.3331687221e-01  3.0747831776e-02  1.8630514969e+00  2.0385176806e+00  1.3928926532e+00  9.9728971291e-01  1.2801709725e+00  4.2561658526e-01 -1.4026767672e+00  3.7865326423e+00  1.7112750967e+00 -3.6897219533e-01  3.1059709178e+00  3.7896954869e-01  3.9348815008e-01  4.0271082589e+00  7.7050820241e-02 -2.3493438619e+00  1.7152270688e+00 -5.0273882612e-01 -1.3800469828e+00  2.9913600935e-01  1.2073462654e+00 -1.3116758480e+00  8.1349390934e-01 -1.7171282565e+00  5.7639593407e-01  3.1709822886e+00 -2.0645354504e+00  3.3571248774e-01  1.4446144022e+00 -3.4313718001e+00 -1.0996068344e+00  2.8143066115e+00 -2.3901668296e+00 -2.0837923795e+00  1.7834622061e+00 -2.5461383874e+00 -4.7961557162e+00  2.4865425445e+00
ENERGY -8.961125878368e+02

JOB 11
COORDS -7.3806864621e-01 -1.1961679597e+00  1.1518545068e+00  2.1342591554e-01 -7.6747562069e-01  2.2419113850e+00 -2.5197784192e-01  5.6428137647e-01  2.8060184230e+00  1.5805539181e+00 -5.8160342148e-01  1.6517365343e+00  3.4116204834e-01 -1.8330816565e+00  3.3369609107e+00 -9.6438965708e-01 -2.4590873175e+00  3.8252968275e+00 -1.8256903051e+00 -1.4644400620e+00  4.2966038500e+00 -3.4106924897e+00 -1.2007157551e+00  3.7160560577e+00 -3.4886054356e+00 -2.4089425391e+00  2.5589316077e+00 -4.3828009453e+00 -1.5083102606e+00  4.7988923731e+00 -3.2620025904e+00  9.4679092699e-02  2.9665039561e+00 -4.7603480282e-01 -2.2060912470e+00  8.3324292956e-01 -1.7608785880e+00 -1.1525882249e+00  1.5201133422e+00 -6.2547379615e-01 -5.0061597706e-01  3.1893724845e-01  3.9798515954e-01  8.2205075892e-01  3.6430572628e+00 -1.5043988586e-01  1.3038854986e+00  2.0093766067e+00 -1.2995039851e+00  4.8929472361e-01  3.1107252542e+00  2.2800847878e+00 -3.2355742074e-01  2.4480774761e+00  1.8942450270e+00 -1.5071388141e+00  1.1667546367e+00  1.5447950848e+00  2.2519666147e-01  9.1925913917e-01  9.9073489584e-01 -2.6150084786e+00  2.9319384896e+00  8.5787032996e-01 -1.3382412267e+00  4.1618536221e+00 -1.4255262968e+00 -3.0604389245e+00  3.0361152238e+00 -6.7785570393e-01 -3.1442188499e+00  4.6378566405e+00 -4.1551765836e+00 -3.0517395024e+00  2.8539059788e+00
ENERGY -8.961104868348e+02

JOB 12
COORDS -6.1752053345e-01 -1.1256393755e+00  1.0335013007e+00  2.1887025740e-01 -7.2116432980e-01  2.2250093761e+00 -2.6516750139e-01  6.2363074723e-01  2.7344456239e+00  1.6500926888e+00 -5.8253312324e-01  1.7972221309e+00  1.8187628653e-01 -1.7816365946e+00  3.3302341391e+00 -1.1837341831e+00 -2.3773201355e+00  3.6663863475e+00 -2.0765773187e+00 -1.3911960198e+00  4.1043541140e+00 -3.5585810776e+00 -1.0719571489e+00  3.3132209069e+00 -3.6863747592e+00 -2.4390552518e+00  2.3665996151e+00 -4.6338468552e+00 -1.0647917688e+00  4.3392702735e+00 -3.2060153035e+00  4.8191012011e-02  2.3680293889e+00 -3.7508750956e-01 -2.1559101506e+00  7.6896234626e-01 -1.6740645202e+00 -1.0020547415e+00  1.2813118580e+00 -3.6257175534e-01 -4.5917918978e-01  2.0798744101e-01  3.0824076396e-01  8.7390463112e-01  3.6278693136e+00 -7.6593764918e-02  1.3560900695e+00  1.9473273260e+00 -1.3374398192e+00  5.6629921251e-01  2.9332863484e+00  2.2630060800e+00 -3.5234581319e-01  2.6700043183e+00  1.9836516271e+00 -1.5174666986e+00  1.3445830177e+00  1.7268861230e+00  2.2702856182e-01  1.0709380656e+00  8.4967270071e-01 -2.5853286079e+00  3.0051826744e+00  6.1402104931e-01 -1.2998687195e+00  4.2098564975e+00 -1.5807087689e+00 -2.9445008047e+00  2.8195653635e+00 -9.8973963835e-01 -3.0979632875e+00  4.4755884679e+00 -4.3848693662e+00 -2.9978060088e+00  2.7467187055e+00
ENERGY -8.961125891270e+02

JOB 13
COORDS -4.8676704865e-01 -1.1512166693e+00  1.0528025835e+00  3.7514016537e-01 -7.3531043485e-01  2.2220343485e+00 -2.1941493999e-01  5.0776834646e-01  2.8562654943e+00  1.7539055917e+00 -4.0839647611e-01  1.7298863229e+00  5.2039260373e-01 -1.8692824634e+00  3.2400302530e+00 -7.5455169651e-01 -2.5948175150e+00  3.6599424835e+00 -1.6390142020e+00 -1.7403886506e+00  4.3369888284e+00 -3.2239054480e+00 -1.5154080943e+00  3.7421010284e+00 -3.4872093382e+00 -2.9897541996e+00  3.0221295950e+00 -4.1107428209e+00 -1.3402340889e+00  4.9213747433e+00 -3.0406070674e+00 -5.3943085733e-01  2.6043236414e+00 -1.2933957349e-01 -2.1137543558e+00  6.8258967201e-01 -1.5297968822e+00 -1.1917643605e+00  1.3839931813e+00 -3.8120967845e-01 -3.9173818830e-01  2.7623807211e-01  3.5053107707e-01  7.3838373064e-01  3.7567809039e+00 -1.2657668444e-01  1.3185441412e+00  2.1311981242e+00 -1.2728907442e+00  3.2235118411e-01  3.0739791955e+00  2.3857961802e+00 -1.5209569814e-01  2.5816461303e+00  2.1658114903e+00 -1.2733416568e+00  1.2079855857e+00  1.6954605825e+00  4.4009053302e-01  1.0477049287e+00  1.2070235387e+00 -2.5925165391e+00  2.7893861623e+00  1.0034933739e+00 -1.4217553997e+00  4.1114003256e+00 -1.2243593443e+00 -3.0899964476e+00  2.8052615809e+00 -4.1615874205e-01 -3.3923256768e+00  4.3385595369e+00 -4.0491441440e+00 -3.5172473358e+00  3.6141662221e+00
ENERGY -8.961151286182e+02

JOB 14
COORDS -8.2106049495e-01 -1.0837617138e+00  1.0280777456e+00  1.7253463053e-01 -7.1853417757e-01  2.1059925900e+00 -2.3594109375e-01  6.0474793800e-01  2.7244380799e+00  1.5338140555e+00 -5.6187817337e-01  1.4957010559e+00  2.7836935946e-01 -1.8262994309e+00  3.1557022001e+00 -1.0205063472e+00 -2.3290872973e+00  3.7765846420e+00 -1.6307865414e+00 -1.3409132867e+00  4.5702583360e+00 -3.2378079778e+00 -9.2253057028e-01  4.1860448866e+00 -3.8949393335e+00 -2.4287370662e+00  3.9757195181e+00 -3.7972680540e+00 -2.5286445888e-01  5.3892993488e+00 -3.1356770840e+00 -3.2738114459e-01  2.8004166255e+00 -5.7526361055e-01 -2.0796490556e+00  6.5431538106e-01 -1.8283975605e+00 -1.0351298259e+00  1.4567783847e+00 -7.2452636831e-01 -3.5128326851e-01  2.2470240809e-01  3.8974187997e-01  7.8612600897e-01  3.5982885905e+00 -7.3667836096e-02  1.3789535311e+00  1.9721355929e+00 -1.2923063510e+00  5.5186191931e-01  2.9904519735e+00  2.2513662867e+00 -3.1806921544e-01  2.2805840521e+00  1.8202053400e+00 -1.4937096616e+00  1.0060287385e+00  1.5033415559e+00  2.4463666746e-01  7.6269916243e-01  7.8268879572e-01 -2.6602500526e+00  2.6579213613e+00  9.3462121101e-01 -1.4332983820e+00  3.9355733801e+00 -1.6922196451e+00 -2.7285796736e+00  3.0110898603e+00 -7.2466444247e-01 -3.1790220695e+00  4.4088284896e+00 -4.3503850116e+00 -2.6787272137e+00  4.7970085455e+00
ENERGY -8.961176438753e+02

JOB 15
COORDS -7.2267679254e-01 -1.0934457755e+00  1.0104964269e+00  2.3347663497e-01 -7.5099911814e-01  2.1286396444e+00 -2.0732741941e-01  5.4923198802e-01  2.7732642252e+00  1.6112337265e+00 -5.6278963684e-01  1.5660867852e+00  3.1858912763e-01 -1.8917713690e+00  3.1439560006e+00 -9.8489998402e-01 -2.3883686080e+00  3.7598212683e+00 -1.5484741359e+00 -1.4300123071e+00  4.6231273576e+00 -3.1289844818e+00 -9.1663743651e-01  4.2537639804e+00 -3.9392752768e+00 -2.3529671546e+00  4.3486074087e+00 -3.5225585069e+00  1.6172237895e-03  5.3558415317e+00 -3.0732014250e+00 -5.5947533074e-01  2.7860232218e+00 -4.3690700074e-01 -2.0625357675e+00  5.9669861013e-01 -1.7390742306e+00 -1.0982524320e+00  1.4191382891e+00 -6.3086793639e-01 -3.2101415152e-01  2.4481584387e-01  3.5686955248e-01  6.9142229606e-01  3.6944473896e+00  5.3928284200e-03  1.3524595083e+00  2.0654204582e+00 -1.2769836393e+00  4.9047529501e-01  2.9711186500e+00  2.2972933058e+00 -3.1408049982e-01  2.3770897536e+00  1.9314957780e+00 -1.4837887172e+00  1.0769615155e+00  1.5900297663e+00  2.5069342826e-01  8.4048381650e-01  8.0513128122e-01 -2.7187938696e+00  2.6178155635e+00  9.8456006216e-01 -1.5365378901e+00  3.9337709232e+00 -1.6846492799e+00 -2.7178355799e+00  2.9860762361e+00 -7.0391268779e-01 -3.2802152194e+00  4.3383861316e+00 -4.3126220719e+00 -2.4336218569e+00  5.2421249569e+00
ENERGY -8.961190576445e+02

JOB 16
COORDS -5.6583364807e-01 -1.1237921992e+00  9.5326199767e-01  3.3744243779e-01 -7.6456552706e-01  2.1091749078e+00 -1.6208589800e-01  5.1935273880e-01  2.7454534374e+00  1.7296280518e+00 -5.3220921386e-01  1.6007517144e+00  4.1887730955e-01 -1.9141860375e+00  3.1154674874e+00 -8.8725842693e-01 -2.4301103756e+00  3.7108435656e+00 -1.4650800195e+00 -1.4855063436e+00  4.5784886370e+00 -3.0071858386e+00 -8.9080800648e-01  4.1738226089e+00 -3.9551634486e+00 -2.1760975601e+00  4.5744623236e+00 -3.2334515903e+00  2.5593912426e-01  5.0971559277e+00 -2.9992517680e+00 -8.0153305865e-01  2.6658349886e+00 -2.2288081452e-01 -2.0694614181e+00  5.2874683096e-01 -1.5928320730e+00 -1.1848410985e+00  1.3290251930e+00 -4.8520297444e-01 -3.3084679419e-01  2.0751079428e-01  3.2151741038e-01  6.4571991115e-01  3.7130353643e+00  9.8108666293e-02  1.3391862343e+00  2.0736983708e+00 -1.2414030919e+00  4.5373182721e-01  2.8613182709e+00  2.3727784472e+00 -2.5311613564e-01  2.4366251147e+00  2.1016867683e+00 -1.4449018247e+00  1.1333564365e+00  1.7094127095e+00  2.7434518854e-01  8.6743661318e-01  9.2271248297e-01 -2.7302780070e+00  2.5885500628e+00  1.0688740714e+00 -1.5584948323e+00  3.9183457015e+00 -1.5787741534e+00 -2.7507485392e+00  2.9264438199e+00 -6.0261903069e-01 -3.3239433288e+00  4.2845051967e+00 -4.2670961376e+00 -2.0538081672e+00  5.4865657022e+00
ENERGY -8.961191992943e+02

JOB 17
COORDS  1.2435172780e-02 -7.0981182672e-01  8.3609259319e-01  7.7366429137e-01 -4.6844925379e-01  2.1179392998e+00  4.5772318202e-01  9.2565865813e-01  2.6282923974e+00  2.2470019739e+00 -5.4651521046e-01  1.8447986234e+00  4.5827945436e-01 -1.5511297482e+00  3.1530084091e+00 -1.0032517923e+00 -1.7685330275e+00  3.5346650457e+00 -1.5115766657e+00 -6.8567763532e-01  4.2727707427e+00 -2.7362327429e+00  2.6957437613e-01  3.5780884265e+00 -4.0879916250e+00 -5.1090089839e-01  4.0892453073e+00 -2.6059264496e+00  1.5983827824e+00  4.2460055379e+00 -2.6048149179e+00  4.8546669067e-02  2.0908902045e+00  2.2457307761e-01 -1.7254463213e+00  4.9586485229e-01 -1.0536718975e+00 -5.5527652105e-01  1.0361846078e+00  3.6663896138e-01  1.0992708547e-02  9.6876345438e-02  7.7161317159e-01  1.0036485429e+00  3.6679116669e+00  1.0049589544e+00  1.6342215813e+00  2.0044294643e+00 -6.0977185104e-01  1.1061503051e+00  2.5484901655e+00  2.7920686598e+00 -3.4270020508e-01  2.7676365067e+00  2.4953696746e+00 -1.5433146174e+00  1.4781490889e+00  2.5080046005e+00  1.9747073233e-01  1.0917823662e+00  8.6333393115e-01 -2.4792215799e+00  2.7381586350e+00  1.0313252802e+00 -1.2830566240e+00  4.0437122319e+00 -1.6137704150e+00 -1.9885801924e+00  2.6546023613e+00 -9.9641447720e-01 -2.6656280348e+00  4.1703937881e+00 -4.3985604388e+00 -8.2037678732e-02  4.9039462536e+00
ENERGY -8.961188954679e+02

JOB 18
COORDS -1.0171430416e+00  4.6914039479e-01  2.1843619668e+00  1.8169183462e-01 -4.5344901130e-01  2.2934019358e+00  1.3943378864e+00  3.1720600602e-01  1.8582158630e+00  1.4323134026e-03 -1.6392700908e+00  1.3749061548e+00  4.2869085126e-01 -9.0027587200e-01  3.7377064629e+00 -5.4188397430e-01 -1.9217582300e+00  4.3284063417e+00 -1.8385821229e+00 -1.3908441431e+00  4.4223103040e+00 -3.0943811042e+00 -2.0623100556e+00  3.4847563693e+00 -3.9269234901e+00 -2.9109097276e+00  4.6105550354e+00 -3.8795906137e+00 -8.6510687996e-01  3.0396726565e+00 -2.4266867863e+00 -3.0285117307e+00  2.5446794463e+00 -1.9432508276e+00 -3.6861723397e-02  2.4559900743e+00 -8.5391097025e-01  1.3153136495e+00  2.8529799331e+00 -1.0679333421e+00  8.1367251087e-01  1.1500385809e+00  2.2625371951e+00 -3.4278045636e-01  1.8643787985e+00  1.2287905603e+00  6.9832045445e-01  8.5002350442e-01  1.5553121781e+00  1.1499188230e+00  2.5443652978e+00  8.7516519567e-01 -2.2859735057e+00  1.4793741908e+00 -9.1523433954e-01 -2.1811551063e+00  1.6418394334e+00 -5.7912593012e-02 -1.2607259788e+00  3.5290458065e-01  1.4407807380e+00 -1.3160922681e+00  3.7531297345e+00  4.1477331993e-01  1.5838783735e-02  4.3327857728e+00 -5.3131699191e-01 -2.8564312623e+00  3.7602603149e+00 -1.5546417358e-01 -2.1331141593e+00  5.3359783841e+00 -4.6474032083e+00 -2.3534069461e+00  4.9484571944e+00
ENERGY -8.961192140000e+02

JOB 19
COORDS -2.1306168034e-01 -9.6060205399e-01  7.8177265600e-01  3.6843434141e-01 -5.5209742068e-01  2.1144922101e+00 -3.7660114264e-01  6.5190181808e-01  2.6570077819e+00  1.8024803752e+00 -1.5578447390e-01  1.9143611897e+00  3.5694105651e-01 -1.7149603251e+00  3.1117600072e+00 -9.3185438257e-01 -2.5262457097e+00  3.2378764723e+00 -1.9968850119e+00 -1.7678024859e+00  3.7508563682e+00 -3.3029194863e+00 -1.3647138113e+00  2.7321883595e+00 -4.5407840153e+00 -2.0720440696e+00  3.5315839628e+00 -3.4229533555e+00  1.3048370907e-01  2.8462273282e+00 -3.0433240359e+00 -2.0734302239e+00  1.4331466296e+00  3.5461297487e-01 -1.8161337195e+00  4.1013861471e-01 -1.2692835102e+00 -1.2304569950e+00  8.9065166939e-01 -1.0145380079e-01 -1.1701292555e-01  9.8621863712e-02  6.9131071597e-02  9.1701183266e-01  3.6168648178e+00 -2.3883633568e-01  1.4672309895e+00  1.9443566158e+00 -1.4438541648e+00  4.4258712258e-01  2.7769442934e+00  2.2411873655e+00  9.8193643046e-02  2.8803505993e+00  2.3482239845e+00 -9.8638369908e-01  1.4651125941e+00  1.8413906862e+00  7.1100766870e-01  1.2538375754e+00  1.1610802386e+00 -2.3874341957e+00  2.7977804816e+00  6.2315050255e-01 -1.2748989328e+00  4.0754775237e+00 -1.2025767363e+00 -2.9966742626e+00  2.2880011364e+00 -6.8614703056e-01 -3.3274701162e+00  3.9497297810e+00 -4.9943587421e+00 -1.3908350384e+00  4.0548778862e+00
ENERGY -8.961191495001e+02

JOB 20
COORDS -8.3205908062e-01  7.7394109349e-01  2.2915880072e+00  1.8754786703e-01 -3.4623044097e-01  2.3310221163e+00  1.5246601533e+00  2.2775254961e-01  1.9624577537e+00 -1.7551972269e-01 -1.4117894593e+00  1.3244237957e+00  3.1610539306e-01 -9.2500298290e-01  3.7444577375e+00 -7.3184294548e-01 -1.9361592244e+00  4.2083090067e+00 -2.0195593779e+00 -1.3991275286e+00  4.3718663657e+00 -3.2159600002e+00 -1.7833869760e+00  3.2219522292e+00 -4.4559486260e+00 -2.1160430154e+00  4.2310882762e+00 -3.5238065221e+00 -4.9339685953e-01  2.5016278717e+00 -2.7223044427e+00 -3.0040741058e+00  2.5033909830e+00 -1.8384619642e+00  3.8583966858e-01  2.4917687618e+00 -5.3642103759e-01  1.5202552920e+00  3.0306447015e+00 -8.0207858955e-01  1.2083628323e+00  1.2904780987e+00  2.2635464531e+00 -5.7341476628e-01  1.9182267391e+00  1.4459704319e+00  7.1145406449e-01  9.8830737202e-01  1.8167769245e+00  9.6182510761e-01  2.7147249872e+00  5.8469432784e-01 -2.1941403727e+00  1.3648650978e+00 -1.1558518232e+00 -1.8390456224e+00  1.5465079033e+00 -1.8028628766e-01 -9.4790708351e-01  3.3700239859e-01  1.2921761319e+00 -1.4183787999e+00  3.7775764121e+00  3.3751165242e-01 -6.1833562391e-02  4.4132499844e+00 -7.5418554319e-01 -2.8162362679e+00  3.5580133822e+00 -3.6650195908e-01 -2.2652525197e+00  5.1917297293e+00 -5.0692599176e+00 -1.3634438732e+00  4.2072632155e+00
ENERGY -8.961179847691e+02

JOB 21
COORDS -7.9242093195e-01  9.1313521251e-01  1.6090624401e+00  3.1498569257e-01 -3.0679360967e-02  1.9637207479e+00  1.4123412941e+00  7.0636432120e-01  2.6922002636e+00  9.0909732800e-01 -5.7475438864e-01  6.7861667884e-01 -2.4133278075e-01 -1.1094897206e+00  2.9228264850e+00 -5.5936881024e-01 -2.4800363054e+00  2.3192555881e+00  5.7142011349e-01 -3.1447891401e+00  1.8059957441e+00  1.9026211017e+00 -3.2600148824e+00  2.8706483525e+00  2.5417673831e+00 -4.6607212840e+00  2.3343237944e+00  2.7983192814e+00 -2.1110533416e+00  2.4870735719e+00  1.3329876019e+00 -3.4173660575e+00  4.2514394186e+00 -1.5964538291e+00  3.4928955213e-01  1.1334426951e+00 -1.1624749972e+00  1.3935330646e+00  2.5157298327e+00 -4.1548431322e-01  1.6689615841e+00  9.1878107856e-01  2.2125001285e+00 -1.5287989096e-02  2.8793708468e+00  1.7600666924e+00  1.5265422313e+00  2.0609329877e+00  1.0074576089e+00  1.0987921172e+00  3.6265115883e+00  1.7589484063e+00 -1.2075351377e+00  9.3566596779e-01  1.4988057303e-01 -1.1439134213e+00  1.4650293197e-01  1.2172479527e+00  2.8885718857e-01  8.5488801458e-02  4.9563087321e-01 -1.2514847914e+00  3.7105370436e+00 -1.1431782370e+00 -6.8282509989e-01  3.3675554493e+00 -1.0148456409e+00 -3.0459122214e+00  3.1428408790e+00 -1.2952445549e+00 -2.4060042472e+00  1.5089256362e+00  2.1572606331e+00 -5.3914723811e+00  2.8462293994e+00
ENERGY -8.961183799060e+02

JOB 22
COORDS  2.0190696629e-01  8.6317986686e-01  1.0494965741e+00  7.0738127045e-01 -2.5968159434e-01  1.9015892725e+00  1.8724526118e+00  2.0449128419e-01  2.7386598067e+00  1.2079130426e+00 -1.3642683197e+00  9.9143437041e-01 -4.1377849109e-01 -6.9249363697e-01  2.8700567300e+00 -1.2849019460e+00 -1.8707441707e+00  2.4305915063e+00 -6.0446991326e-01 -3.1025289873e+00  2.3523833981e+00  3.1190905320e-01 -3.5130898386e+00  3.7346725766e+00  5.4095804716e-01 -5.0918502747e+00  3.3944399259e+00  1.6298065260e+00 -2.7954137389e+00  3.5671513362e+00 -5.7833919528e-01 -3.3029847748e+00  4.9205916039e+00 -6.7940694788e-01  5.2235385374e-01  5.0423543774e-01 -5.9921190680e-02  1.7104307515e+00  1.6846246139e+00  9.7914759576e-01  1.1577505185e+00  3.4313130616e-01  2.2236146596e+00 -6.6383656971e-01  3.3011687726e+00  2.6489215900e+00  5.9096287254e-01  2.0755674036e+00  1.5275959205e+00  9.9314769633e-01  3.4096813762e+00  1.6075781657e+00 -2.1607485277e+00  1.6194954283e+00  3.8228179405e-01 -1.7307747897e+00  3.8570791002e-01  1.9784172593e+00 -9.2299152122e-01  3.5562702041e-01  6.5731429176e-02 -9.3996789845e-01  3.8136347368e+00 -1.0392932822e+00  1.9158667095e-01  3.0158240361e+00 -2.0888410425e+00 -1.9171388103e+00  3.1783082282e+00 -1.7470618450e+00 -1.6853623680e+00  1.4527194952e+00 -1.8880578153e-01 -5.6072140600e+00  3.7765444183e+00
ENERGY -8.961191939972e+02

JOB 23
COORDS  3.5229163783e-02  6.6632058299e-01  1.0848147875e+00  6.9967737345e-01 -2.8605574493e-01  2.0300934407e+00  1.8905681488e+00  3.7015536385e-01  2.6803042562e+00  1.2059539460e+00 -1.4743605968e+00  1.2369690414e+00 -2.9401157183e-01 -6.4908203765e-01  3.1530365853e+00 -1.1446029844e+00 -1.9012680246e+00  2.9366012704e+00 -4.3812593039e-01 -3.1190072268e+00  2.9164116007e+00  6.5275062766e-01 -3.4061104598e+00  4.2003918396e+00  1.1626896293e+00 -4.8756971650e+00  3.6982871530e+00  1.7973301749e+00 -2.4406609544e+00  3.9865774919e+00 -1.4320861811e-01 -3.4641944562e+00  5.4632145998e+00 -8.5865378881e-01  1.9237251108e-01  6.7696765214e-01 -2.3930176906e-01  1.5759595464e+00  1.6204847464e+00  7.2371674797e-01  9.0901085337e-01  2.7430167525e-01  2.3519797286e+00 -3.8075893841e-01  3.3247500303e+00  2.5773018799e+00  7.0463297807e-01  1.9003141880e+00  1.5432645959e+00  1.2247284125e+00  3.2636336380e+00  1.7195211889e+00 -2.1413123131e+00  1.9285458263e+00  3.6363539050e-01 -1.9824961682e+00  7.7351421718e-01  1.8809901392e+00 -1.0805166718e+00  4.7421466015e-01  2.9845542733e-01 -7.6993865210e-01  4.0555559770e+00 -9.4909428975e-01  2.1946316252e-01  3.2598243255e+00 -1.8733419905e+00 -1.8888891335e+00  3.7607960319e+00 -1.7125289339e+00 -1.8376690795e+00  1.9993985086e+00  6.0253432204e-01 -5.5624329876e+00  4.0969131830e+00
ENERGY -8.961179892685e+02

