JOB 0
COORDS -1.4490481633e+00  4.3582281013e-01  1.2058920392e+00 -1.1220469688e+00  1.6915013019e-01 -2.4080179348e-01 -1.9576846146e+00 -3.5088457600e-01  1.9785444628e+00 -1.0277989094e+00  1.6733322564e+00  1.5984081771e+00 -1.3027728029e+00  1.0531345649e+00 -8.5667916578e-01 -5.6703042099e-02 -7.3768726687e-02 -3.1095199582e-01 -1.7061318347e+00 -6.7773648430e-01 -6.0032386980e-01 -1.0517519465e+00  1.6742856961e+00  2.5743611662e+00
ENERGY -2.291306954212e+02

JOB 1
COORDS -1.4730054391e+00  5.2914277205e-01  1.1098700191e+00 -1.1074886370e+00  1.9489414641e-01 -3.1359698227e-01 -1.9675935055e+00 -2.3618294428e-01  1.9107332290e+00 -1.0581715646e+00  1.7874588100e+00  1.4584051753e+00 -1.2581208298e+00  1.0497040043e+00 -9.7717028195e-01 -4.1353018822e-02 -5.4254682022e-02 -3.3010463361e-01 -1.6826091509e+00 -6.6558624216e-01 -6.5530996998e-01 -8.7379248161e-01  1.7692116474e+00  2.4157663751e+00
ENERGY -2.291272235955e+02

JOB 2
COORDS -1.5151588490e+00  5.2302486965e-01  1.1107819766e+00 -1.1073738796e+00  1.9700374840e-01 -3.0339442448e-01 -1.9998114863e+00 -2.5845936807e-01  1.8995151960e+00 -1.1341151779e+00  1.7956008735e+00  1.4747466332e+00 -1.2604072934e+00  1.0475587093e+00 -9.7195054673e-01 -3.4311548724e-02 -2.1664197508e-02 -2.8812148644e-01 -1.6481340917e+00 -6.7929666806e-01 -6.6127663883e-01 -7.4420811126e-01  1.7440724966e+00  2.3652596277e+00
ENERGY -2.291220607734e+02

JOB 3
COORDS -1.5471456429e+00  5.1308630249e-01  1.1165130399e+00 -1.1013419262e+00  1.9400308078e-01 -2.8795906079e-01 -2.0808234319e+00 -2.6312535638e-01  1.8743789821e+00 -1.1652444560e+00  1.7873848998e+00  1.5092078544e+00 -1.2999547966e+00  1.0291235299e+00 -9.6479963749e-01 -1.6215349728e-02  4.6497124030e-02 -2.6468321175e-01 -1.5855196745e+00 -7.1540705946e-01 -6.4432154170e-01 -5.9287863749e-01  1.7128614659e+00  2.2914342367e+00
ENERGY -2.291164373296e+02

JOB 4
COORDS -1.5997926634e+00  5.4302936633e-01  1.1143381745e+00 -1.1011830830e+00  2.1164207595e-01 -2.6996311971e-01 -2.2413049091e+00 -1.9526870333e-01  1.8211914706e+00 -1.2024836511e+00  1.8111053583e+00  1.5371372191e+00 -1.3306044867e+00  1.0260426020e+00 -9.6300445143e-01 -1.0141607162e-02  1.1981236172e-01 -2.3439005485e-01 -1.5387072032e+00 -7.2369634000e-01 -6.1948106381e-01 -4.8736285539e-01  1.7291603833e+00  2.1892079630e+00
ENERGY -2.291118953092e+02

JOB 5
COORDS -1.6564940492e+00  5.7298725773e-01  1.1133718122e+00 -1.1035263432e+00  2.3087466184e-01 -2.4906717109e-01 -2.4234397622e+00 -1.0893920411e-01  1.7454274284e+00 -1.2459207233e+00  1.8263177373e+00  1.5742379656e+00 -1.3860715878e+00  1.0135424097e+00 -9.5980916831e-01 -8.9061477114e-03  2.1184388827e-01 -2.1538280320e-01 -1.4825962945e+00 -7.3552193193e-01 -5.8188101211e-01 -4.1894835960e-01  1.7483693626e+00  2.0772241008e+00
ENERGY -2.291098491235e+02

JOB 6
COORDS -1.6722473055e+00  5.7348805516e-01  1.1381087778e+00 -1.0940078211e+00  2.3813019471e-01 -2.1844556448e-01 -2.5279703168e+00 -6.3104308315e-02  1.6992213253e+00 -1.2450113164e+00  1.7987360156e+00  1.6453833280e+00 -1.4397285430e+00  9.9139805265e-01 -9.3362287107e-01  4.6583469876e-05  2.8383176430e-01 -2.0827194739e-01 -1.4231094363e+00 -7.5152814024e-01 -5.3556094019e-01 -3.2992293004e-01  1.7366219725e+00  1.9653017290e+00
ENERGY -2.291106407780e+02

JOB 7
COORDS -1.6945524371e+00  5.5295060294e-01  1.1485187995e+00 -1.0847715779e+00  2.4273309451e-01 -2.0305002138e-01 -2.6056502770e+00 -6.0965384613e-02  1.6452817895e+00 -1.2573723086e+00  1.7396902584e+00  1.7160626388e+00 -1.4527915946e+00  9.8824888203e-01 -9.1528779619e-01  7.7964631001e-03  3.1662164808e-01 -1.9100429702e-01 -1.3847509996e+00 -7.5296309950e-01 -5.2972828018e-01 -2.9488592698e-01  1.7190390330e+00  1.8482004638e+00
ENERGY -2.291133178633e+02

JOB 8
COORDS -1.6972996924e+00  5.6078571185e-01  1.1772527992e+00 -1.0814480963e+00  2.5578669507e-01 -1.7475680507e-01 -2.6250676515e+00 -4.2959854839e-02  1.6564791740e+00 -1.2425469381e+00  1.7192088936e+00  1.7734085677e+00 -1.4356697696e+00  1.0092950217e+00 -8.8553606694e-01  1.2670857268e-02  3.0823932760e-01 -1.5830365369e-01 -1.3942420945e+00 -7.3322946746e-01 -5.0897766479e-01 -2.7483344980e-01  1.7752451936e+00  1.7032254505e+00
ENERGY -2.291165811631e+02

JOB 9
COORDS -1.7025173109e+00  5.5273812241e-01  1.1919462036e+00 -1.0763739324e+00  2.6234644457e-01 -1.6003175596e-01 -2.6396335771e+00 -5.0613551220e-02  1.6546961061e+00 -1.2221270691e+00  1.6709443019e+00  1.8300763137e+00 -1.4048049638e+00  1.0317362683e+00 -8.6645739225e-01  1.8581126409e-02  2.8563050114e-01 -1.2800033129e-01 -1.4066637940e+00 -7.1408894782e-01 -5.1332746971e-01 -2.9490808892e-01  1.8240041110e+00  1.5826517669e+00
ENERGY -2.291194394418e+02

JOB 10
COORDS -1.6717810263e+00  5.4753334175e-01  1.2116887099e+00 -1.0587946020e+00  2.7024560509e-01 -1.4972267479e-01 -2.5732107720e+00 -8.7227899245e-02  1.7030817948e+00 -1.1809760742e+00  1.6521900551e+00  1.8589310505e+00 -1.3109801721e+00  1.0851941047e+00 -8.3651672557e-01  3.3575955358e-02  2.0260770860e-01 -9.4658399262e-02 -1.4558587534e+00 -6.6541879991e-01 -5.4182020170e-01 -3.5362805292e-01  1.9435080577e+00  1.4404106683e+00
ENERGY -2.291213255396e+02

JOB 11
COORDS -1.6379671687e+00  5.4903218328e-01  1.2063371461e+00 -1.0337472211e+00  2.8088878758e-01 -1.6107756888e-01 -2.5043836714e+00 -1.1591653793e-01  1.7205071664e+00 -1.1293738983e+00  1.6367740911e+00  1.8659863533e+00 -1.1862693386e+00  1.1390797968e+00 -8.2481331008e-01  4.4526997274e-02  1.0558724219e-01 -7.7651998397e-02 -1.5060772897e+00 -5.9801129660e-01 -5.9827471043e-01 -4.4460718358e-01  2.0645422525e+00  1.3249097673e+00
ENERGY -2.291219729761e+02

JOB 12
COORDS -1.6439895493e+00  5.2396306909e-01  1.2287484518e+00 -1.0499352494e+00  2.6254657410e-01 -1.4414660222e-01 -2.4751034338e+00 -1.6962210863e-01  1.7627459750e+00 -1.1138066160e+00  1.5956665681e+00  1.8998953675e+00 -1.1012398161e+00  1.1517935439e+00 -7.8249264840e-01  4.1494160968e-03 -1.5415228493e-02 -3.8934869472e-02 -1.5901839112e+00 -5.5331184047e-01 -6.2307766965e-01 -6.0574558138e-01  2.1540378455e+00  1.2878291665e+00
ENERGY -2.291213255185e+02

JOB 13
COORDS -1.6292165303e+00  4.9109805273e-01  1.2365950756e+00 -1.0508459528e+00  2.4071172752e-01 -1.4435439953e-01 -2.4193818726e+00 -2.3518972099e-01  1.7884124562e+00 -1.0829818900e+00  1.5542055707e+00  1.9146803777e+00 -1.0151758845e+00  1.1500701777e+00 -7.5450966752e-01 -2.4538296527e-02 -1.2309376315e-01 -2.9450204067e-02 -1.6445498104e+00 -5.1537060705e-01 -6.5737544389e-01 -7.8383930915e-01  2.2326430084e+00  1.2864944757e+00
ENERGY -2.291194394397e+02

JOB 14
COORDS -1.6139163873e+00  4.9071204442e-01  1.2280144089e+00 -1.0476824203e+00  2.2726202194e-01 -1.5408568268e-01 -2.4137623969e+00 -2.2005316251e-01  1.7847721879e+00 -1.0113481393e+00  1.5254711582e+00  1.9138212585e+00 -9.7929960108e-01  1.1377241876e+00 -7.5947860449e-01 -3.2511203184e-02 -1.6467927069e-01 -3.4652026633e-02 -1.6621850114e+00 -5.0936932472e-01 -6.7124857061e-01 -8.9336640797e-01  2.2922892125e+00  1.3284961441e+00
ENERGY -2.291165811634e+02

JOB 15
COORDS -1.6033145388e+00  4.7630749148e-01  1.2040421945e+00 -1.0417588159e+00  2.0647411015e-01 -1.7677310783e-01 -2.4211380953e+00 -2.1564686792e-01  1.7573317724e+00 -9.6161773726e-01  1.4919545924e+00  1.8956125776e+00 -9.5349889940e-01  1.1204434878e+00 -7.7358100783e-01 -3.2646873637e-02 -1.9992647880e-01 -5.4107729511e-02 -1.6656718553e+00 -5.1824798696e-01 -6.9986741082e-01 -1.0245355424e+00  2.3290267582e+00  1.4061042473e+00
ENERGY -2.291133178631e+02

JOB 16
COORDS -1.5798630717e+00  4.9588621218e-01  1.1943277921e+00 -1.0367536568e+00  1.8995935195e-01 -1.8353519353e-01 -2.4519812208e+00 -1.2701083870e-01  1.7454795523e+00 -8.7197553578e-01  1.4863583899e+00  1.8717867864e+00 -9.7015735038e-01  1.0951068269e+00 -7.9625061558e-01 -1.8919064268e-02 -1.9733303421e-01 -7.2039682484e-02 -1.6623369382e+00 -5.5168794907e-01 -6.8042401661e-01 -1.0801327628e+00  2.3638035437e+00  1.5107420979e+00
ENERGY -2.291106407777e+02

JOB 17
COORDS -1.5652465357e+00  4.9633685420e-01  1.1689016632e+00 -1.0249734788e+00  1.6488914766e-01 -2.0124491853e-01 -2.5127768189e+00 -3.4555912176e-02  1.6914559091e+00 -8.0795363948e-01  1.4596284372e+00  1.8400068585e+00 -1.0245343835e+00  1.0611157055e+00 -8.3090190665e-01  1.6106148718e-02 -1.5960222281e-01 -1.0952079103e-01 -1.6241488171e+00 -6.1738282855e-01 -6.6752904750e-01 -1.1391696828e+00  2.3504623142e+00  1.6408455699e+00
ENERGY -2.291098491239e+02

JOB 18
COORDS -1.5882129695e+00  5.3301927029e-01  1.1215688519e+00 -1.0282045767e+00  1.5032031166e-01 -2.2552107654e-01 -2.6211560371e+00  1.2212035225e-01  1.5910944929e+00 -7.9709035102e-01  1.4716644776e+00  1.7831581233e+00 -1.0879023384e+00  1.0210579273e+00 -8.8757988692e-01  2.9900131698e-02 -1.1224334428e-01 -1.3797975622e-01 -1.5943491180e+00 -6.7741803075e-01 -6.5304619750e-01 -1.2226248978e+00  2.3438303055e+00  1.7437107881e+00
ENERGY -2.291118953092e+02

JOB 19
COORDS -1.6120080525e+00  5.6701849863e-01  1.0774001499e+00 -1.0319289312e+00  1.3566385978e-01 -2.4567892350e-01 -2.7020477219e+00  2.5616582408e-01  1.4979490642e+00 -7.9869269432e-01  1.4804356428e+00  1.7316798754e+00 -1.1296627920e+00  9.7759363430e-01 -9.3951013687e-01  3.4442821715e-02 -8.7324601089e-02 -1.5560216169e-01 -1.5745932869e+00 -7.2481157568e-01 -6.3752903889e-01 -1.2992072015e+00  2.3033264944e+00  1.8634764711e+00
ENERGY -2.291164373294e+02

JOB 20
COORDS -1.5995634397e+00  5.9330384196e-01  1.0598221107e+00 -1.0206429783e+00  1.2417902623e-01 -2.5061533723e-01 -2.7103811464e+00  3.3556636686e-01  1.4689203233e+00 -7.7081815244e-01  1.4913752756e+00  1.6952457969e+00 -1.1716632644e+00  9.2942850666e-01 -9.7744260712e-01  5.4842216896e-02 -5.2872153641e-02 -1.7436077414e-01 -1.5374617952e+00 -7.7213588307e-01 -5.9401252667e-01 -1.3221735718e+00  2.2271621825e+00  2.0151222393e+00
ENERGY -2.291220607736e+02

JOB 21
COORDS -1.5927067001e+00  6.2894670001e-01  1.0375119307e+00 -1.0163695442e+00  1.1839915165e-01 -2.5815766827e-01 -2.6978860924e+00  3.7434023417e-01  1.4681821635e+00 -7.6535224928e-01  1.5421867709e+00  1.6361774120e+00 -1.1736408261e+00  8.9260360431e-01 -1.0163568810e+00  5.9714330309e-02 -5.2889537112e-02 -1.7801293829e-01 -1.5309875131e+00 -7.9267885991e-01 -5.6322008048e-01 -1.3356687390e+00  2.1551935367e+00  2.1360082858e+00
ENERGY -2.291272235956e+02

JOB 22
COORDS -1.4602709642e+00  4.4445188594e-01  1.2011273382e+00 -1.1167089836e+00  1.6628626546e-01 -2.3955594628e-01 -2.3424157989e+00 -9.2339391262e-02  1.8401045129e+00 -7.0191427886e-01  1.4566918106e+00  1.7141509597e+00 -1.5786859541e+00  9.4360838154e-01 -8.5700083144e-01 -3.7588124054e-02  2.0843021900e-01 -4.0420082045e-01 -1.5140993728e+00 -8.0544037581e-01 -5.3189400141e-01 -1.1385725434e+00  1.7338264510e+00  2.5421503293e+00
ENERGY -2.291306953836e+02

JOB 23
COORDS -1.4309859904e+00  4.6333795072e-01  1.1770531195e+00 -1.1081012178e+00  1.6959209899e-01 -2.6542390110e-01 -2.1438802942e+00 -2.0122547656e-01  1.9020098326e+00 -8.1592225451e-01  1.6017274464e+00  1.6068730121e+00 -1.4376096751e+00  1.0009244384e+00 -8.9552262518e-01 -2.6040461292e-02  7.1517400452e-02 -3.9178190445e-01 -1.6059294257e+00 -7.5009205912e-01 -5.7011479386e-01 -1.0768985429e+00  1.7153085083e+00  2.5410112701e+00
ENERGY -2.291318359342e+02

