JOB 0
COORDS  8.3531820171e-01  1.0587852770e+00  1.5989020867e+00  7.5364252915e-01  1.6693810186e+00  2.8656070934e+00 -1.1318654624e-01 -7.4382529230e-01 -3.9242523310e+00 -4.3608947164e-01 -1.8849599731e+00 -4.7148861824e+00 -1.5012228511e+00  3.2742321590e-01  1.7229637271e+00 -2.6440619172e-01  3.9477147660e-01  1.0471782916e+00 -4.6649260350e-01  1.6091544237e+00  3.5112882273e+00 -1.5669012106e+00  9.5845975486e-01  2.9478088539e+00 -8.4772797303e-01 -6.8642046860e-01 -2.7656073600e+00 -1.4116602872e+00 -2.6511215237e+00 -4.1248510004e+00 -2.2315919757e+00  1.9374424308e+00  4.8460880271e+00 -1.5788646141e-01 -2.6717442825e-01 -2.2774502395e-01 -2.0978484373e+00  1.0605385305e+00 -1.2045662512e+00  2.4503486613e-01  1.5683626073e+00 -2.0753671019e+00 -8.0577082445e-01  2.1000157675e+00  4.7533664122e+00 -2.6331979025e+00  1.0170272444e+00  3.8183739326e+00 -1.9620653238e+00 -2.0123133120e+00 -2.6034860639e+00 -7.5613865814e-01  6.1981268334e-01 -1.5761237197e+00 -2.0867316080e+00 -4.1132311939e+00 -4.7488640697e+00  1.7630637741e+00  1.1176246813e+00  1.0365377580e+00  1.6052534102e+00  2.1753364149e+00  3.3082276367e+00  6.1643637487e-01  1.3536869450e-02 -4.1888440981e+00  2.0618973106e-02 -2.1289485510e+00 -5.6671217301e+00 -2.3486928311e+00 -1.8752625020e-01  1.2866668822e+00 -2.4851830405e+00  1.5217721045e+00  5.8231785707e+00 -2.7187496679e+00  2.9070981625e+00  4.6762946274e+00  8.0824545597e-01 -5.2017130121e-01 -4.3927528434e-01
ENERGY -2.036163380347e+03

JOB 1
COORDS  9.0044737132e-01  1.2256955375e+00  1.6503122554e+00  7.0278729805e-01  1.7672776333e+00  2.9356129362e+00 -1.6416916237e-01 -8.2101253186e-01 -3.9337736187e+00 -6.5428338400e-01 -1.9723942227e+00 -4.6175975535e+00 -1.3679971369e+00  2.9958782475e-01  1.6148436617e+00 -1.0908990204e-01  5.0015692708e-01  1.0107995805e+00 -5.3962663831e-01  1.5780144844e+00  3.5094259675e+00 -1.5507285210e+00  8.6664497373e-01  2.8587300555e+00 -8.0532586272e-01 -6.1097953347e-01 -2.7387945106e+00 -1.6549867785e+00 -2.5941144497e+00 -3.9124584754e+00 -2.3932472265e+00  1.6993301165e+00  4.7561452331e+00  1.2394717830e-01 -9.2707401828e-02 -2.7876297838e-01 -1.7604224848e+00  1.3366731865e+00 -1.2281676934e+00  5.6713534638e-01  1.5423796953e+00 -2.2715456301e+00 -9.8328669477e-01  1.9810891787e+00  4.7503267767e+00 -2.6624033362e+00  7.9796229497e-01  3.6695847799e+00 -2.0301794422e+00 -1.8013559445e+00 -2.4095448436e+00 -4.9273823862e-01  7.4520712322e-01 -1.6458351892e+00 -2.5155330545e+00 -4.0154867410e+00 -4.3841494528e+00  1.8484701837e+00  1.3846387664e+00  1.1438250938e+00  1.4851243002e+00  2.3193151445e+00  3.4458781315e+00  6.1842379603e-01 -1.6451559932e-01 -4.2976397185e+00 -2.9292408943e-01 -2.3240511093e+00 -5.5770875630e+00 -2.1466534539e+00 -2.6382952510e-01  1.1144714214e+00 -2.6621110171e+00  1.2193932138e+00  5.6990990692e+00 -2.9503714163e+00  2.6329236626e+00  4.6000354836e+00  1.1132039602e+00 -2.7298157073e-01 -4.4942917278e-01
ENERGY -2.036163111369e+03

JOB 2
COORDS  1.0353655624e+00  1.7042680322e-01  1.9113749802e+00  8.4406204521e-01  5.3392029100e-01  3.2587518216e+00  5.4429007404e-02  2.3541737935e-01 -4.0810883749e+00 -1.0306022293e+00  1.2660548583e-01 -5.0008148451e+00 -1.1592405574e+00  1.0603989904e+00  1.2865060007e+00  5.1699445442e-02  4.1997708824e-01  9.4997212318e-01 -3.3782518207e-01  1.1776461153e+00  3.5710297567e+00 -1.3115175081e+00  1.4390393405e+00  2.6040842743e+00 -3.0751126646e-01  8.7057663940e-01 -2.9207862202e+00 -2.1800667335e+00  6.8484674398e-01 -4.4994402154e+00 -1.9684699431e+00  2.3747893298e+00  4.5269821129e+00  2.3891028369e-01  3.2192823611e-03 -4.1187379902e-01  4.3119515807e-01  2.4910238012e+00 -9.9166681926e-01  2.1127826860e+00  8.1981478890e-01 -1.9873108685e+00 -7.7854801399e-01  1.6160081596e+00  4.8011223658e+00 -2.3969477293e+00  2.0482584215e+00  3.1940964807e+00 -1.9749121973e+00  1.3655013334e+00 -2.9105025449e+00  7.6246919842e-01  1.1819408694e+00 -1.5459975933e+00 -3.7117392814e+00  7.7645460626e-01 -5.2926955909e+00  1.9677975772e+00 -3.0058950625e-01  1.6126101169e+00  1.5961025207e+00  3.3149100757e-01  4.0141877406e+00  1.0616967656e+00 -1.2436587023e-01 -4.2593034878e+00 -9.6831401070e-01 -3.3205287589e-01 -5.9809790910e+00 -1.9241637607e+00  1.2430128368e+00  5.4038437840e-01 -2.7487580968e+00  2.0927540619e+00  5.2365220087e+00 -1.7359301242e+00  3.4468113837e+00  4.5809148829e+00  8.6273261983e-01 -7.9792487451e-01 -4.9964044451e-01
ENERGY -2.036162834739e+03

JOB 3
COORDS  1.1669958393e+00  3.0518406889e-01  1.9624110398e+00  8.5765849342e-01  7.3025105843e-01  3.2688867720e+00 -9.9409560481e-02  1.0576473631e-01 -3.9514928492e+00 -1.2777901976e+00  1.3680962170e-01 -4.7548828354e+00 -1.0770750061e+00  8.8120846197e-01  1.1689345946e+00  2.1801491369e-01  3.7135997059e-01  9.3839840165e-01 -4.0649016535e-01  1.2485840730e+00  3.4754603436e+00 -1.3475187368e+00  1.3269516389e+00  2.4463416027e+00 -2.1960968469e-01  8.7134991599e-01 -2.8208024810e+00 -2.2533547561e+00  9.2531510110e-01 -4.1975646416e+00 -2.2173263591e+00  2.3006012509e+00  4.2628748687e+00  5.3083897227e-01 -9.7549306477e-02 -3.8125076771e-01  8.6540038689e-01  2.3880497112e+00 -9.9055021449e-01  2.2638733058e+00  5.4767574315e-01 -2.1308428646e+00 -9.6445463378e-01  1.7102928929e+00  4.6479355751e+00 -2.5284076968e+00  1.8382032436e+00  2.9373590083e+00 -1.7637766758e+00  1.6643505410e+00 -2.6993483311e+00  1.0110291058e+00  1.0520512088e+00 -1.5613550388e+00 -3.8199956841e+00  1.2428394087e+00 -4.8527275962e+00  2.1637322132e+00 -6.7944863815e-02  1.7439101089e+00  1.5832776990e+00  6.6917095934e-01  4.0732484462e+00  8.0390693339e-01 -4.4357145185e-01 -4.1923326963e+00 -1.3995499288e+00 -3.8697145496e-01 -5.6960851542e+00 -1.8186173463e+00  9.0899637262e-01  3.7821721806e-01 -2.9983516707e+00  1.9737098006e+00  4.9520205713e+00 -2.1150320468e+00  3.3940155008e+00  4.2507712139e+00  1.2279038866e+00 -8.4055592494e-01 -3.9519438405e-01
ENERGY -2.036163188044e+03

JOB 4
COORDS  1.2768294419e+00  5.3250270918e-01  1.8793419587e+00  8.8235273075e-01  1.0310349481e+00  3.1349797006e+00 -3.4735968393e-01  1.3063369158e-01 -3.8097210489e+00 -1.5858161778e+00  3.7690977446e-01 -4.4718536597e+00 -1.0268052692e+00  6.0473327549e-01  1.0498923169e+00  3.4174894231e-01  3.1595938806e-01  8.6330179126e-01 -4.5811052550e-01  1.3287430242e+00  3.2972229761e+00 -1.3885044062e+00  1.1252149213e+00  2.2761583676e+00 -1.6794210135e-01  9.4516757924e-01 -2.7215597420e+00 -2.3043002244e+00  1.3711105691e+00 -3.8542182193e+00 -2.4383994014e+00  2.1076510108e+00  3.9899993016e+00  7.3905715906e-01 -2.0510324024e-01 -4.1446186443e-01  1.3316045572e+00  2.2497362484e+00 -1.0375490211e+00  2.3161860641e+00  2.5152027578e-01 -2.3297538842e+00 -1.1007546844e+00  1.8021393527e+00  4.4197646040e+00 -2.6476302977e+00  1.4612049450e+00  2.7228580659e+00 -1.4931348002e+00  2.0454575354e+00 -2.4706089235e+00  1.2178665899e+00  9.1511560919e-01 -1.6220840283e+00 -3.8460428849e+00  1.9806581918e+00 -4.3414393002e+00  2.3267978011e+00  3.2960191969e-01  1.6894142168e+00  1.5983422627e+00  1.1910959981e+00  3.9343525173e+00  3.8838680590e-01 -6.0321503617e-01 -4.1195255524e+00 -1.9278754494e+00 -1.4351093666e-01 -5.3591321350e+00 -1.7498035340e+00  4.1059265660e-01  2.6554322364e-01 -3.1509345540e+00  1.7152184854e+00  4.7180524490e+00 -2.5397440774e+00  3.1939744804e+00  3.8644689512e+00  1.4771666221e+00 -9.0680333748e-01 -3.6767155320e-01
ENERGY -2.036164076322e+03

JOB 5
COORDS  1.3584301944e+00  6.4111943921e-01  1.7971035480e+00  8.5984219144e-01  1.2173889723e+00  2.9800648602e+00 -5.5077764165e-01 -1.0425960373e-02 -3.5231716814e+00 -1.8070255611e+00  4.0809504925e-01 -4.0479822120e+00 -9.0477001705e-01  3.5321204519e-01  9.0223973667e-01  4.9462753678e-01  2.0992987446e-01  7.8627927860e-01 -5.1173670254e-01  1.3667600996e+00  3.0745250509e+00 -1.3714287045e+00  9.4903469660e-01  2.0568756351e+00 -5.8503063099e-02  8.6803986628e-01 -2.5914882012e+00 -2.2227232903e+00  1.5929795491e+00 -3.4881533020e+00 -2.5965517985e+00  1.9620136020e+00  3.6333701214e+00  9.9148384175e-01 -3.8315448267e-01 -4.2466206796e-01  1.7759087945e+00  2.0126697515e+00 -1.1512292589e+00  2.3898156496e+00 -8.8665632795e-02 -2.4910331627e+00 -1.2471217816e+00  1.8744637172e+00  4.1222692556e+00 -2.6773786513e+00  1.1778482285e+00  2.4306549150e+00 -1.1013645129e+00  2.2352539123e+00 -2.3262646668e+00  1.4477203891e+00  6.8986980186e-01 -1.6839606913e+00 -3.6809707678e+00  2.4445349249e+00 -3.8550048729e+00  2.4312153600e+00  5.5065468786e-01  1.6559124391e+00  1.5204966497e+00  1.5455645104e+00  3.7757217934e+00 -2.3430110837e-02 -9.1124562957e-01 -3.8173246227e+00 -2.3730280767e+00 -1.2689442296e-01 -4.8019945235e+00 -1.5672026446e+00 -4.4405851481e-03  1.2201191936e-01 -3.2790975939e+00  1.5505595823e+00  4.3796977703e+00 -2.8307837245e+00  3.0093081510e+00  3.4006148545e+00  1.7886450103e+00 -1.0052654353e+00 -2.8584569897e-01
ENERGY -2.036165336745e+03

JOB 6
COORDS  3.6913568404e-01  2.2052005933e+00  9.5981569428e-01  1.8894183131e-01  2.7615685028e+00  2.2406894966e+00  3.4816044598e+00  1.1596080766e-01 -1.8965703336e+00  4.7203465577e+00  6.8562535967e-01 -1.4809958378e+00 -8.7781274172e-01  1.8594996764e-01  1.5800103806e+00 -1.6038475945e-01  9.5061582539e-01  6.3437951879e-01 -4.9690035282e-01  1.9949868962e+00  3.1632043921e+00 -1.0098834736e+00  7.3656634863e-01  2.8379838708e+00  2.6831313041e+00 -2.2916554785e-01 -8.3341428707e-01  4.8160809450e+00  7.5394259350e-01 -1.1208587374e-01 -1.3752680203e+00  1.0981844052e+00  5.0164963514e+00  1.0838321536e-02  4.2791465908e-01 -6.8457614995e-01  8.3489522264e-01 -1.8107799557e+00  1.6571352820e-01  8.4996770617e-01 -1.2618321052e+00 -2.3469508039e+00 -8.2512388970e-01  2.3071151936e+00  4.4637862430e+00 -1.6806454190e+00  2.1790831973e-01  3.9228737340e+00  3.4165155180e+00  1.2377405208e-01  7.0607692493e-01  1.0418811668e+00 -8.9208532641e-01 -9.4741738982e-01  6.1510696782e+00  1.3707095362e+00  7.9575635964e-01  9.3508729955e-01  2.7566750990e+00  2.1387411635e-01  5.8230252457e-01  3.7399266455e+00  2.4961308033e+00  3.1865782960e+00 -5.2360399806e-02 -2.9264327549e+00  5.5047275677e+00  1.0181434782e+00 -2.1513133672e+00 -1.2890322505e+00 -7.8211081073e-01  1.3220846317e+00 -6.2789082474e-01  6.2452054754e-01  5.6670000031e+00 -2.2931276489e+00  1.3337649348e+00  5.5587076260e+00  1.2472110005e-01  1.1211651095e+00 -1.4205082646e+00
ENERGY -2.036167715640e+03

JOB 7
COORDS  8.2513509089e-01  1.1146513052e+00  1.6725032247e+00  5.2017021377e-01  1.7960215587e+00  2.8663028537e+00  2.6116831265e+00 -2.7432182189e+00  7.0035836218e-01  3.3112561822e+00 -3.0409318228e+00  1.9055843327e+00 -1.5177749566e+00  4.6375915580e-01  1.3582802925e+00 -1.7190792259e-01  4.7015893194e-01  9.3151434467e-01 -7.9605822247e-01  1.7635315823e+00  3.2855721259e+00 -1.7857591659e+00  1.1075125236e+00  2.5493730921e+00  1.2964933236e+00 -2.4174763153e+00  9.2705768554e-01  2.4984401328e+00 -2.9252975504e+00  3.0079459308e+00 -2.7105879753e+00  1.8667810245e+00  4.4417510386e+00  1.6645428393e-01 -2.0391753151e-01 -2.8498913763e-01 -1.1996720434e+00 -2.2998604455e+00  1.5593385542e-01  6.7749784073e-01 -2.2786394413e+00 -1.6041055922e+00 -1.3589625221e+00  2.3572812347e+00  4.3934066964e+00 -3.0045138001e+00  1.2692375646e+00  3.1682138225e+00  8.6997830474e-01 -2.4636723282e+00  2.6136252767e+00  1.2722872531e-01 -1.9048538880e+00 -3.0374635935e-01  2.9519768131e+00 -3.2035326372e+00  4.6522999768e+00  1.8554220396e+00  1.0789574456e+00  1.3283443387e+00  1.2854148197e+00  2.3096273144e+00  3.4387948028e+00  3.0415338214e+00 -2.7830039358e+00 -2.9468956723e-01  4.3528938812e+00 -3.3361203478e+00  1.9604043879e+00 -2.2852232640e+00 -3.5167847118e-02  7.7931336230e-01 -2.7915389316e+00  1.1045707745e+00  5.2281149007e+00 -3.3921762782e+00  2.7018460372e+00  4.6154661689e+00  1.0363161991e+00  1.1154330416e-01 -7.1043330649e-01
ENERGY -2.036169343473e+03

JOB 8
COORDS  8.9517195340e-01  1.0815264351e+00  1.4340468013e+00  6.8626624320e-01  1.7072298422e+00  2.6780812384e+00  2.5324186202e+00 -2.4996144109e+00  9.0647338365e-01  3.0774596220e+00 -2.7402668802e+00  2.2004357682e+00 -1.4505165978e+00  3.7709259697e-01  1.3126129617e+00 -1.5063061521e-01  4.3748242463e-01  7.6461343186e-01 -5.8382238926e-01  1.6211254521e+00  3.2157089481e+00 -1.6227480220e+00  9.6776638647e-01  2.5482424842e+00  1.1691550496e+00 -2.3318500265e+00  9.3557016817e-01  2.1018131091e+00 -2.7425261388e+00  3.1687145089e+00 -2.3818008094e+00  1.6234615976e+00  4.5499942140e+00  8.2103942568e-02 -2.1543414723e-01 -4.8836641667e-01 -1.1932601100e+00 -2.3990575475e+00 -1.5198751012e-01  8.7453077835e-01 -2.2903927752e+00 -1.6775112304e+00 -1.0539057769e+00  2.1541871712e+00  4.3954582202e+00 -2.7802318635e+00  1.0681819416e+00  3.2851324320e+00  5.0703195309e-01 -2.4660913442e+00  2.5377185165e+00  1.5221274735e-01 -1.9255426216e+00 -4.6026433596e-01  2.3363574629e+00 -3.0008726849e+00  4.8613043968e+00  1.8900331006e+00  1.0852514277e+00  9.9680831230e-01  1.4888577179e+00  2.2190426787e+00  3.1987556347e+00  3.1074978516e+00 -2.4669707978e+00 -1.2700723144e-02  4.1269693322e+00 -2.9134802829e+00  2.4093586968e+00 -2.2536856063e+00 -1.2564329949e-01  7.8653946991e-01 -2.3688311045e+00  8.2844496333e-01  5.3073554568e+00 -3.0647106870e+00  2.4307640563e+00  4.8217828622e+00  9.1735960085e-01  1.1896706160e-01 -9.6733708099e-01
ENERGY -2.036169532799e+03

JOB 9
COORDS  9.0085461090e-01  1.0324541645e+00  1.2531980360e+00  7.8147032395e-01  1.6335015453e+00  2.5208137459e+00  2.4515702433e+00 -2.3151587178e+00  1.0507387266e+00  2.8703146548e+00 -2.5481489414e+00  2.3916762896e+00 -1.4387546363e+00  3.0175198342e-01  1.3029590580e+00 -1.8599281824e-01  3.8540674019e-01  6.5712921131e-01 -4.4245833472e-01  1.5229962568e+00  3.1536201546e+00 -1.5240377645e+00  8.7012730977e-01  2.5578313393e+00  1.0836100057e+00 -2.2928946641e+00  9.2475657885e-01  1.7973451267e+00 -2.6923854173e+00  3.2386244984e+00 -2.1309814225e+00  1.4839030221e+00  4.6248130485e+00 -5.8129020445e-02 -2.6464379230e-01 -6.1354708788e-01 -1.1059336884e+00 -2.5965878782e+00 -4.2604118142e-01  1.0853081044e+00 -2.2336935307e+00 -1.7175084276e+00 -8.2186723264e-01  2.0265575977e+00  4.3773675528e+00 -2.6193627548e+00  9.3873239921e-01  3.3869947499e+00  2.6396122598e-01 -2.5644549097e+00  2.4330846046e+00  2.0296239140e-01 -1.9680372946e+00 -5.8084085272e-01  1.8641424768e+00 -2.9887994905e+00  4.9398255172e+00  1.8587861908e+00  1.0554215591e+00  7.4097563308e-01  1.6160984305e+00  2.1454067427e+00  2.9883256005e+00  3.1198416167e+00 -2.1829235227e+00  2.0659953525e-01  3.9019461174e+00 -2.6152674146e+00  2.7175941809e+00 -2.2732289193e+00 -2.0288178268e-01  8.2870789633e-01 -2.0560414857e+00  6.8130163101e-01  5.3701913048e+00 -2.7971706755e+00  2.2831651124e+00  4.9558354179e+00  6.9949295713e-01  1.2609682902e-01 -1.1736670883e+00
ENERGY -2.036167318820e+03

JOB 10
COORDS  8.1935249697e-01  1.2968842365e+00  9.3319341993e-01  7.6008299144e-01  1.9549392250e+00  2.1774224123e+00  2.1719041426e+00 -1.9688232185e+00  1.3792138379e+00  2.3450472583e+00 -2.3246679046e+00  2.7459677730e+00 -1.2364953828e+00  5.5223726984e-02  1.4155716659e+00 -1.5815819861e-01  3.6876547298e-01  5.5917389177e-01 -2.7707879267e-01  1.6083904248e+00  3.0216052079e+00 -1.2483922252e+00  6.7713433159e-01  2.6470437319e+00  9.4401459866e-01 -2.3451207407e+00  8.9210703522e-01  1.2319113234e+00 -2.9569334232e+00  3.2485224307e+00 -1.6499872882e+00  1.2913538725e+00  4.7636571712e+00 -8.5617776359e-02 -3.0160791891e-01 -6.9871703986e-01 -9.4876350707e-01 -2.7399978387e+00 -8.0869551310e-01  1.3537813409e+00 -2.1094898289e+00 -1.7327295112e+00 -5.6794098465e-01  2.1022417862e+00  4.2748968607e+00 -2.1799601184e+00  5.4998708447e-01  3.6502241388e+00 -3.9328054035e-02 -3.1464337762e+00  2.0814741537e+00  3.0289748997e-01 -1.9915452517e+00 -7.1959972891e-01  1.0359051821e+00 -3.5581944208e+00  4.8566881643e+00  1.6444977817e+00  1.5087364377e+00  2.5802904984e-01  1.5052810908e+00  2.6884725055e+00  2.4671168110e+00  2.9169459073e+00 -1.4599270617e+00  7.7750883779e-01  3.2380571951e+00 -2.1321050781e+00  3.3293988806e+00 -2.0078207844e+00 -6.4292668101e-01  1.1091273695e+00 -1.2677078346e+00  5.8922047411e-01  5.5161044074e+00 -2.4306262063e+00  1.9367946887e+00  5.1716125139e+00  5.8733982900e-01  1.3673719817e-01 -1.3267318270e+00
ENERGY -2.036164003474e+03

JOB 11
COORDS  9.8197267539e-01  7.0097604825e-01  1.3174234881e+00  9.7334862281e-01  1.4984806196e+00  2.4786856417e+00 -3.3400924018e-01  2.8018709447e+00 -1.0426473117e+00 -1.0077138564e+00  3.9441017183e+00 -5.2868354227e-01 -1.4402689134e+00  3.6442119776e-01  1.4432628139e+00 -1.9870366710e-01  1.5070644506e-01  8.0564001886e-01 -2.5709184477e-01  1.7468581831e+00  3.0560578936e+00 -1.4338805131e+00  1.1913515059e+00  2.5472264128e+00 -1.2013438436e+00  1.7897475140e+00 -1.3749573176e+00 -2.3690729046e+00  3.7516050727e+00 -4.8548625111e-01 -1.9798998896e+00  2.5531746231e+00  4.2369222131e+00 -1.9111764877e-01 -6.1379984243e-01 -4.0044900788e-01  4.2031518770e-01  1.8685887658e-01 -2.7494065306e+00 -1.9944179719e+00 -5.0024157515e-01 -2.2786842374e+00 -5.4461580875e-01  2.4823975108e+00  4.1854003013e+00 -2.4982548576e+00  1.5580528243e+00  3.3369134840e+00 -2.8666734776e+00  2.1989420891e+00 -1.0807696548e+00 -7.5368416079e-01  1.5376596232e-01 -1.8711571761e+00 -3.5444122600e+00  4.8943499633e+00  5.9889662910e-02  1.9212379100e+00  5.2789053528e-01  7.9848152031e-01  1.8872754894e+00  1.9161201152e+00  2.8883189145e+00  7.4124236964e-01  2.7193940419e+00 -1.1519080260e+00 -5.2216210112e-01  4.8588857908e+00 -2.0878922658e-01 -2.3471996430e+00 -9.6361793947e-02  1.0686379893e+00 -2.3172176931e+00  2.3333345297e+00  5.2515935258e+00 -2.3076080516e+00  3.5468794081e+00  3.9037400704e+00  7.5038559706e-01 -9.3152704731e-01 -6.3233934593e-01
ENERGY -2.036162004474e+03

JOB 12
COORDS  9.4082129441e-01  8.1960120841e-01  1.3417106311e+00  8.8740390239e-01  1.5651531524e+00  2.5358363045e+00 -3.0596359443e-01  2.7951305377e+00 -1.3475644391e+00 -8.7301853665e-01  4.0296431121e+00 -9.2440611119e-01 -1.4434542209e+00  2.7814525126e-01  1.4933008781e+00 -1.9874588920e-01  1.8824874677e-01  8.3217375549e-01 -3.4492244912e-01  1.6788104703e+00  3.1497443786e+00 -1.4819432969e+00  1.0514708990e+00  2.6351991374e+00 -1.2371550748e+00  1.7877585523e+00 -1.4157176299e+00 -2.2212027204e+00  3.9094145963e+00 -6.8083222898e-01 -2.1005460334e+00  2.2726993315e+00  4.4077374271e+00 -1.3895700387e-01 -5.5631240669e-01 -3.8397089610e-01  9.1903288725e-02 -2.7108491016e-02 -2.8487887082e+00 -2.2330391709e+00 -5.3582008217e-01 -1.9061003648e+00 -6.6690703369e-01  2.3343504931e+00  4.3185352149e+00 -2.5567359052e+00  1.2928318935e+00  3.4580741002e+00 -2.8341572182e+00  2.3109083291e+00 -9.6898762600e-01 -9.1671723408e-01  8.8183859473e-02 -1.7933009260e+00 -3.2831778675e+00  5.1700624003e+00 -1.6205585004e-01  1.8824485312e+00  7.4285985626e-01  8.0408789215e-01  1.7708932478e+00  2.0431981778e+00  2.9460036290e+00  7.4050841585e-01  2.6517710240e+00 -1.5934365959e+00 -3.2463634933e-01  4.9574062176e+00 -8.0833766713e-01 -2.3173831190e+00 -2.3747010614e-01  1.1103466264e+00 -2.3878010767e+00  1.9609869349e+00  5.4139839410e+00 -2.5239157665e+00  3.2518951869e+00  4.1480907061e+00  8.2136212791e-01 -7.4539000957e-01 -6.6933096413e-01
ENERGY -2.036164004369e+03

JOB 13
COORDS  7.5064196425e-01  1.2025542053e+00  1.3129346005e+00  6.0884050499e-01  1.9442134998e+00  2.5012893883e+00 -1.8464470516e-01  2.8215166193e+00 -1.8737542051e+00 -4.9507141987e-01  4.1513845263e+00 -1.4702320575e+00 -1.3643653872e+00  2.8788631602e-02  1.7119329635e+00 -2.1232287456e-01  2.6371672060e-01  9.3018700475e-01 -5.3530790833e-01  1.7233471508e+00  3.2447998831e+00 -1.4983079061e+00  7.8935060277e-01  2.8558811109e+00 -1.0873300244e+00  1.9035534124e+00 -1.3939731721e+00 -1.6275813398e+00  4.1924255680e+00 -6.9233418286e-01 -2.2474899218e+00  1.8451988710e+00  4.6838496647e+00 -9.4354409941e-02 -4.6276949065e-01 -2.9936476062e-01 -1.4544478497e-01 -1.2212694373e-01 -2.8062815249e+00 -2.3513793638e+00 -3.5469713278e-01 -1.5098009159e+00 -9.0536824616e-01  2.3011460957e+00  4.4382249999e+00 -2.5074971900e+00  7.4943999049e-01  3.7896283922e+00 -2.3478442698e+00  2.6315704866e+00 -4.4439235808e-01 -9.8718615086e-01  1.4940227211e-01 -1.6405833469e+00 -2.3477453785e+00  5.6025999295e+00 -1.0645538032e-04  1.6122147799e+00  1.3786224146e+00  6.7479247664e-01  1.3543409142e+00  2.6688376360e+00  2.8117170024e+00  6.5549898958e-01  2.5441404714e+00 -2.5013408600e+00  7.5250639840e-02  5.0322065617e+00 -1.7420313683e+00 -2.1029239428e+00 -7.0268438079e-01  1.4030834875e+00 -2.3280620029e+00  1.4970039173e+00  5.7155873362e+00 -2.9518954888e+00  2.6605047984e+00  4.4730131381e+00  8.7301277213e-01 -5.3601550740e-01 -6.1437547077e-01
ENERGY -2.036167318827e+03

JOB 14
COORDS  1.2405384272e+00 -9.7883855465e-02  1.8159742074e+00  1.2168616848e+00  6.9707986759e-01  2.9778266958e+00  3.0410666018e+00  8.5872259402e-01 -1.5884509877e+00  3.8356353583e+00  1.9657804658e+00 -1.1732186211e+00 -1.0251061070e+00  6.0776580494e-01  1.1981785201e+00  1.4254976111e-01 -1.4625472232e-01  9.5052273003e-01  7.8136746688e-02  1.4487838855e+00  3.1971291740e+00 -1.0119782035e+00  1.4056958375e+00  2.3245112520e+00  1.6981347238e+00  1.0788246368e+00 -1.3998895171e+00  3.0614415935e+00  2.9882025530e+00 -6.7846966268e-01 -1.4381498187e+00  2.9393008565e+00  3.8993741896e+00  1.9089287594e-01 -9.3902156316e-01 -2.4096166985e-01  9.1695315662e-01 -1.1011924674e+00 -2.6471372056e+00 -8.1180000722e-01  6.6952775942e-01 -1.9467723185e+00 -2.0616825856e-01  2.2863793869e+00  4.2527076885e+00 -2.0178845349e+00  2.2139566733e+00  2.8017917272e+00  1.3597905970e+00  2.6402210350e+00 -7.1393168721e-01  4.0776767607e-01 -9.7509232797e-02 -1.7145768941e+00  3.6279275793e+00  4.5055449028e+00 -7.5735570804e-02  2.1342126953e+00 -6.6938255620e-01  1.5801720477e+00  2.0594374172e+00  7.3164483125e-01  3.6605461789e+00  3.4297836631e+00 -5.5423443928e-02 -2.0242569688e+00  4.9162908041e+00  2.0149069962e+00 -1.2432298566e+00 -1.8696135145e+00  5.6463290904e-01  5.2029108208e-01 -2.1198590702e+00  2.9111837755e+00  4.7517333568e+00 -1.2251015728e+00  3.9686702884e+00  3.5819257192e+00  8.8676307570e-01 -1.6827206120e+00 -2.0393998876e-01
ENERGY -2.036169531578e+03

JOB 15
COORDS  1.2064245850e+00  9.6244325698e-02  1.9761693424e+00  1.0746360734e+00  8.4127032013e-01  3.1635582241e+00  3.0902547410e+00  7.9185000977e-01 -1.9048043977e+00  4.0237438584e+00  1.8198430463e+00 -1.5847475274e+00 -1.0898779520e+00  6.2463423017e-01  1.2966915775e+00  1.4720595950e-01 -1.6238928601e-02  1.0682742299e+00 -1.3269579818e-01  1.4823230934e+00  3.3649544604e+00 -1.1829147848e+00  1.3781802676e+00  2.4492334002e+00  1.8191907485e+00  1.0887730994e+00 -1.4763766274e+00  3.4247976043e+00  2.8626454692e+00 -9.1920913141e-01 -1.7992140381e+00  2.8062749241e+00  4.0599275509e+00  3.0876392324e-01 -7.9129355393e-01 -1.2364760038e-01  7.3474975464e-01 -1.0072653662e+00 -2.5896296831e+00 -7.7754555488e-01  8.7652838370e-01 -1.7031151031e+00 -5.2745452231e-01  2.2501813205e+00  4.4379698040e+00 -2.2737046850e+00  2.0748585242e+00  2.9174589226e+00  1.7202583818e+00  2.6291383035e+00 -6.7281770488e-01  4.0506251053e-01  2.7525788868e-02 -1.6127589336e+00  4.1977258184e+00  4.3033192866e+00 -3.5875754158e-01  2.1531816031e+00 -3.9001683626e-01  1.7562307778e+00  1.8867975645e+00  9.2116862668e-01  3.8785574717e+00  3.3283488849e+00 -1.1969954544e-01 -2.4422019167e+00  5.0771621946e+00  1.8012664752e+00 -1.8398847630e+00 -1.9068766949e+00  5.3222257508e-01  5.9152773196e-01 -2.5051800392e+00  2.6873718432e+00  4.8842734719e+00 -1.6664060255e+00  3.8614513968e+00  3.7863526573e+00  1.0573007776e+00 -1.4802698262e+00 -7.6635133867e-02
ENERGY -2.036169343435e+03

JOB 16
COORDS  1.2856156845e+00  3.0377700711e-01  2.0479217064e+00  1.0484142975e+00  9.7443242132e-01  3.2630842123e+00  3.1964463642e+00  7.2369934287e-01 -2.2398817261e+00  4.2711358900e+00  1.6330713861e+00 -2.0167648949e+00 -1.0557911820e+00  5.5980744133e-01  1.3636161808e+00  2.5502617000e-01  9.2947255979e-02  1.1239483289e+00 -2.3322864279e-01  1.4443522994e+00  3.4766523513e+00 -1.2547395654e+00  1.2450844155e+00  2.5442639334e+00  2.0456413033e+00  1.1076929695e+00 -1.5955389911e+00  3.8955584941e+00  2.6770652889e+00 -1.2063556395e+00 -2.0598925284e+00  2.5155745590e+00  4.2017165003e+00  5.2023914687e-01 -6.2073724961e-01 -8.5375592281e-02  6.5661691539e-01 -8.4340099778e-01 -2.5862741659e+00 -5.8303108272e-01  1.1454334939e+00 -1.5266453847e+00 -7.3226049265e-01  2.1069983451e+00  4.5760108963e+00 -2.4304586524e+00  1.7730719981e+00  3.0289015915e+00  2.2333078231e+00  2.5903446925e+00 -7.0170984772e-01  5.2364672644e-01  1.9716533371e-01 -1.5704985245e+00  4.8925640084e+00  3.9936477873e+00 -6.9706484049e-01  2.2878074906e+00 -4.9743788468e-02  1.8210264467e+00  1.8378434683e+00  1.1278462809e+00  3.9913921277e+00  3.2502030801e+00 -1.6645507666e-01 -2.8569090733e+00  5.2650417776e+00  1.5321282216e+00 -2.4376019903e+00 -1.8505702949e+00  3.9052124801e-01  6.4777831203e-01 -2.7522890981e+00  2.2808686751e+00  5.0125275112e+00 -2.0559523687e+00  3.5884075303e+00  3.9669144716e+00  1.2886720746e+00 -1.2862427549e+00 -4.3324843574e-02
ENERGY -2.036167715830e+03

JOB 17
COORDS  9.9148500483e-01  6.4104366708e-01  1.5205189429e+00  6.0176496559e-01  1.0955045173e+00  2.7946291169e+00 -2.2579534440e+00 -2.5080937654e+00 -9.8783613236e-01 -3.4882919171e+00 -2.5082193912e+00 -1.7079007907e+00 -1.3228934197e+00  6.9505648803e-01  7.1835935635e-01  5.1613180220e-02  4.5527858460e-01  5.0323734015e-01 -7.4899921304e-01  1.3080477158e+00  2.9980079543e+00 -1.6880737914e+00  1.1056577213e+00  1.9846901654e+00 -1.2449286749e+00 -1.9008594298e+00 -1.6866773100e+00 -3.3603374354e+00 -1.8951931459e+00 -2.9303570253e+00 -2.7887705315e+00  1.6343229226e+00  3.8608932378e+00  4.4380213252e-01  5.7740042381e-03 -8.0228075513e-01  1.3484827978e+00 -1.8781116669e+00 -2.1930855598e+00  4.9812709689e-01 -2.4411684098e+00  1.5791259332e-01 -1.3834818225e+00  1.7681925629e+00  4.1311148211e+00 -2.9447176404e+00  1.4318147983e+00  2.4454585177e+00 -1.7509332802e+00 -1.3108522263e+00 -3.2421183836e+00  4.0478219981e-01 -1.6846399338e+00 -1.0900677313e+00 -4.6026230473e+00 -1.6926984822e+00 -4.1134175720e+00  2.0363269359e+00  4.1385001311e-01  1.3300176666e+00  1.3254607255e+00  1.2563286183e+00  3.5868573093e+00 -2.1109955205e+00 -2.9285670190e+00  6.9124081605e-04 -4.4165921199e+00 -2.9380929151e+00 -1.3496348306e+00 -2.0432814513e+00  5.7063881222e-01 -8.2455136626e-02 -3.1799290803e+00  7.5967007217e-01  4.3977071331e+00 -3.3028203299e+00  2.5520684979e+00  4.1533561296e+00  1.3713219878e+00  3.2100312869e-01 -1.0881434184e+00
ENERGY -2.036166237057e+03

JOB 18
COORDS  9.8747341470e-01  8.3385743769e-01  1.4503960489e+00  7.1020289080e-01  1.3678803069e+00  2.7238005984e+00 -2.4605888313e+00 -2.5320131180e+00 -1.2258103314e+00 -3.5432146629e+00 -2.5870870118e+00 -2.1524191280e+00 -1.3995624228e+00  5.8256884143e-01  9.6155621668e-01 -4.4531874437e-02  4.5886292420e-01  5.8662855124e-01 -6.1949555862e-01  1.4622897084e+00  3.0877375205e+00 -1.6481695772e+00  1.0718283807e+00  2.2276370160e+00 -1.3198322977e+00 -2.0163433131e+00 -1.7874990362e+00 -3.1794622937e+00 -2.1075849029e+00 -3.3866341838e+00 -2.5606576577e+00  1.6614966986e+00  4.1847801447e+00  2.3630427544e-01 -5.9427949937e-02 -7.2058336284e-01  1.3029743697e+00 -2.0313972139e+00 -1.8656963745e+00  8.0582304298e-02 -2.4341072731e+00  3.6079091122e-01 -1.1571247622e+00  1.9621128293e+00  4.2542941417e+00 -2.8664239346e+00  1.3125204494e+00  2.8231453387e+00 -1.5202036219e+00 -1.5874091760e+00 -3.4603455617e+00  2.0705512342e-01 -1.7631617341e+00 -9.3049084965e-01 -4.1826757895e+00 -2.0119754933e+00 -4.7897440497e+00  2.0201760029e+00  6.9904878411e-01  1.1411088109e+00  1.5044056427e+00  1.6758153765e+00  3.3958482609e+00 -2.5051596402e+00 -2.8579198578e+00 -1.9247449910e-01 -4.5337213201e+00 -2.9652462876e+00 -1.9269352702e+00 -2.1958489045e+00  3.1357931642e-01  2.7596024610e-01 -2.7819013441e+00  8.0570784834e-01  4.8365056532e+00 -3.1348651677e+00  2.5457877347e+00  4.4683369240e+00  1.1296464894e+00  2.5482942456e-01 -1.0989142161e+00
ENERGY -2.036164617093e+03

JOB 19
COORDS  6.2110855378e-01  2.1031749813e+00  1.2832255234e+00  1.0665818734e-01  2.5404412328e+00  2.5190671472e+00  1.4132245779e+00 -2.2547911005e+00 -2.8451631393e+00  6.9130986213e-01 -3.4050424728e+00 -3.2820210232e+00 -7.9741210853e-01  1.0571541619e-01  1.3235630088e+00  1.7148937554e-01  9.1698030002e-01  6.9647717578e-01 -8.2518513056e-01  1.7260984416e+00  3.1339699069e+00 -1.2604919700e+00  5.3408370723e-01  2.5506213384e+00  1.2416416036e+00 -2.0088893743e+00 -1.5075255604e+00 -7.9776259050e-03 -3.9877322342e+00 -2.2546902357e+00 -2.1941723551e+00  7.0099818313e-01  4.5768519394e+00  6.7419018132e-01  4.9504186541e-01 -5.7993115897e-01  2.9885093324e+00 -8.5835444648e-02 -1.4700576412e+00  2.1915039286e+00 -1.1112124882e+00  7.5581103382e-01 -1.4922388452e+00  1.9294411854e+00  4.3225896464e+00 -2.2166523189e+00 -5.0592005398e-02  3.3511323934e+00  2.0626441783e-01 -3.1722098077e+00 -7.3158739872e-01  1.9474811826e+00 -6.5621125119e-01 -6.1002026205e-01 -9.9609156737e-01 -5.4014050279e+00 -2.3526900302e+00  1.3883169321e+00  2.6895815118e+00  7.8521003385e-01  4.3823072097e-01  3.4667919329e+00  2.9763903752e+00  2.0414849556e+00 -1.6367184480e+00 -3.4768444557e+00  6.9078800047e-01 -3.7876845273e+00 -4.2962265646e+00 -1.1604180175e+00 -8.0137022811e-01  8.5303617618e-01 -1.6565851324e+00  1.2762650414e-01  5.3438918584e+00 -3.2181438086e+00  9.2568349981e-01  4.8815428422e+00  9.6406140363e-01  1.2674607870e+00 -1.1780914923e+00
ENERGY -2.036163184892e+03

JOB 20
COORDS  4.6746751747e-01  2.0787936760e+00  1.1598523471e+00  1.0500002686e-02  2.6426767444e+00  2.3670731578e+00  1.6333818688e+00 -2.3261628058e+00 -2.8550009284e+00  9.6833745204e-01 -3.4210846467e+00 -3.4826413358e+00 -8.2549982490e-01  3.4294818723e-02  1.5435836344e+00  5.0965715633e-02  8.0761623386e-01  7.5396434402e-01 -8.3190602237e-01  1.8671557243e+00  3.1401530665e+00 -1.2331618713e+00  5.9097738186e-01  2.7379548082e+00  1.2040494732e+00 -2.1236574619e+00 -1.5683924604e+00  5.4134405735e-02 -4.0089432317e+00 -2.6442558614e+00 -2.0398863685e+00  9.6175886404e-01  4.7913967931e+00  4.8740000967e-01  2.6226322014e-01 -5.0129154508e-01  2.9345859350e+00 -2.3566456016e-01 -1.1519930420e+00  1.8627416276e+00 -1.4079042198e+00  8.7012852045e-01 -1.4314372035e+00  2.1836089564e+00  4.3401463644e+00 -2.0993506335e+00  6.3794978855e-02  3.6702425259e+00 -1.5052988662e-02 -3.2613742892e+00 -1.0737412749e+00  1.7895366298e+00 -8.5718809844e-01 -4.7970164193e-01 -9.5047397550e-01 -5.3669750654e+00 -3.0051493888e+00  1.1644963791e+00  2.6363145634e+00  5.4028506264e-01  3.1739344272e-01  3.6342225734e+00  2.6830995749e+00  2.4014874286e+00 -1.7155138575e+00 -3.3164141088e+00  1.1559300636e+00 -3.7623117508e+00 -4.4942437423e+00 -1.1546239324e+00 -9.4683364345e-01  1.2207664266e+00 -1.4187343024e+00  5.1657974567e-01  5.5801956701e+00 -3.0527308707e+00  1.1699144726e+00  5.1416047406e+00  7.1770901478e-01  9.7989772065e-01 -1.1873190100e+00
ENERGY -2.036162834968e+03

JOB 21
COORDS  3.0509221276e-01  2.0008121916e+00  1.1036047349e+00 -9.0342367200e-02  2.6621764108e+00  2.2828686818e+00  1.8422496237e+00 -2.3519354847e+00 -2.7881845355e+00  1.2591483407e+00 -3.3613442027e+00 -3.6094699716e+00 -8.6348366809e-01 -4.5661865792e-02  1.7745593658e+00 -8.1919368909e-02  6.8113189043e-01  8.5204750551e-01 -8.4131150833e-01  1.9342917369e+00  3.1855187833e+00 -1.2111286288e+00  6.1015584123e-01  2.9369879863e+00  1.1596700231e+00 -2.1781610930e+00 -1.6104472034e+00  1.5172077942e-01 -3.9186960683e+00 -3.0193875270e+00 -1.8844129360e+00  1.1474687367e+00  5.0013018611e+00  2.8346212143e-01  3.6590894172e-02 -3.8067465118e-01  2.8338410979e+00 -3.6934312165e-01 -7.9506618588e-01  1.5529698703e+00 -1.7187770428e+00  9.6243865655e-01 -1.3688567914e+00  2.3430052539e+00  4.3913234081e+00 -1.9842344835e+00  1.4368928269e-01  3.9775333301e+00 -2.0956711603e-01 -3.2400413668e+00 -1.4583578487e+00  1.6179023275e+00 -1.0449554207e+00 -3.3103202740e-01 -8.4236307074e-01 -5.1701705487e+00 -3.6742274401e+00  9.3056802898e-01  2.5215739091e+00  3.8378454602e-01  1.9306347371e-01  3.6908227207e+00  2.4797031112e+00  2.7282312781e+00 -1.7785949419e+00 -3.0374970086e+00  1.6343083772e+00 -3.6639220890e+00 -4.5803331202e+00 -1.1611627024e+00 -1.0681462270e+00  1.5745570114e+00 -1.1863397068e+00  8.0620967860e-01  5.7775871268e+00 -2.8771512749e+00  1.3485282652e+00  5.4085021460e+00  4.5911071566e-01  7.0573728160e-01 -1.1300823700e+00
ENERGY -2.036163111236e+03

JOB 22
COORDS  1.4406136158e-01  1.8908903278e+00  1.0294500281e+00 -1.5591008489e-01  2.6408755447e+00  2.1834080635e+00  1.8512961683e+00 -2.2698775842e+00 -2.7716441779e+00  1.3726882487e+00 -3.1966531250e+00 -3.7430612166e+00 -9.7880508347e-01 -9.0121996513e-02  1.9387551974e+00 -2.6806840467e-01  5.6047917407e-01  9.0815653039e-01 -8.3999243533e-01  1.9892461648e+00  3.1916857529e+00 -1.2347188222e+00  6.5446782327e-01  3.0713755011e+00  1.0476905028e+00 -2.2170089056e+00 -1.6595852380e+00  2.1930447764e-01 -3.8165942642e+00 -3.3281120334e+00 -1.7488873950e+00  1.3512523263e+00  5.1341788444e+00  1.5903210770e-03 -1.8387050046e-01 -2.9540511003e-01  2.6108566598e+00 -4.9571098678e-01 -4.9896260349e-01  1.2088416504e+00 -2.0265033323e+00  9.8344565262e-01 -1.2711765963e+00  2.4918058735e+00  4.4001010849e+00 -1.9289414960e+00  2.7500507337e-01  4.1992755627e+00 -3.1255095952e-01 -3.2970735291e+00 -1.7555443271e+00  1.3689281896e+00 -1.2279003511e+00 -2.2860185607e-01 -6.8302665662e-01 -5.0004823850e+00 -4.2040412164e+00  7.1680094186e-01  2.3498297809e+00  2.2834032845e-01  1.4753540741e-01  3.6778840662e+00  2.2818277062e+00  2.7503752588e+00 -1.6713905657e+00 -2.8687002768e+00  1.8504104457e+00 -3.3993780814e+00 -4.6946562419e+00 -1.2919371853e+00 -1.1222474474e+00  1.8365346664e+00 -9.9864255069e-01  1.0613638812e+00  5.8821130366e+00 -2.7082314119e+00  1.5941271543e+00  5.5952124979e+00  1.3607546829e-01  4.3566081433e-01 -1.0957287985e+00
ENERGY -2.036163380500e+03

JOB 23
COORDS -2.1027796526e-03  1.7602779723e+00  9.1116648643e-01 -2.2729352051e-01  2.6065451634e+00  2.0142775122e+00  1.9080251031e+00 -2.2005410398e+00 -2.6952022179e+00  1.5390358128e+00 -2.9962981372e+00 -3.8180231542e+00 -1.0038351044e+00 -1.4770687994e-01  2.0824462515e+00 -3.9251591912e-01  4.1836262746e-01  9.4284190294e-01 -8.1318980696e-01  2.0389398132e+00  3.1294608491e+00 -1.1846596889e+00  6.9263757950e-01  3.1616316390e+00  9.9494819616e-01 -2.2854501761e+00 -1.6726352613e+00  3.5677814231e-01 -3.6623981897e+00 -3.6021020158e+00 -1.5517180487e+00  1.5667355692e+00  5.1881643297e+00 -2.0130077336e-01 -4.2822617946e-01 -2.0673083595e-01  2.4250671386e+00 -7.3736535005e-01 -1.5146151713e-01  8.7881684535e-01 -2.4053439894e+00  9.8852368469e-01 -1.1591677001e+00  2.6429223713e+00  4.3187661390e+00 -1.7773740596e+00  4.0616490642e-01  4.3715527860e+00 -3.3498934231e-01 -3.3459626845e+00 -2.0382264631e+00  1.1611878301e+00 -1.4801992408e+00 -1.0593553096e-01 -4.4079895891e-01 -4.7219227412e+00 -4.7082723359e+00  4.9555331482e-01  2.1541555213e+00  2.9288388698e-02  5.9020080255e-02  3.6528554870e+00  1.9947430820e+00  2.8061922681e+00 -1.5969624943e+00 -2.6243729024e+00  2.1118231728e+00 -3.0784016813e+00 -4.7345563565e+00 -1.3014344067e+00 -1.1893900207e+00  2.0966152723e+00 -7.3963959678e-01  1.3593270455e+00  5.8979479554e+00 -2.4783308314e+00  1.8348375985e+00  5.6994960210e+00 -7.9459773068e-02  1.3032107448e-01 -1.0530971955e+00
ENERGY -2.036162882724e+03

