JOB 0
COORDS  1.9147782253e+00  2.4424765287e+00 -3.3770947521e-01  1.3247917121e+00  1.7493829434e+00  9.0687780680e-01  1.1176042583e+00  2.7241464714e-01  6.9266379046e-01  1.6996064317e+00 -7.4498488655e-01  1.3462295573e+00  2.6972388175e+00 -6.7111444612e-01  2.4717872713e+00  2.3022423371e+00  3.4363421650e+00 -8.8715481159e-02  1.1722851249e+00  2.5453449301e+00 -1.1360878983e+00  2.7530976612e+00  1.8607758046e+00 -7.3612604520e-01  1.9858012773e+00  1.9199536756e+00  1.7614297269e+00  3.6577834998e-01  2.2196554355e+00  1.1618104507e+00  4.1943268824e-01  1.6715812048e-02 -1.0682241614e-01  1.4309143822e+00 -1.7553575127e+00  1.0353417540e+00  2.3045854048e+00 -1.1624502571e+00  3.3709300995e+00  2.9634489883e+00  3.5365179427e-01  2.7399962948e+00  3.6208598762e+00 -1.1989637377e+00  2.2030675506e+00
ENERGY -1.965723577114e+02

JOB 1
COORDS  1.8637315161e+00  2.4502276794e+00 -4.0692450017e-01  1.3062015078e+00  1.7457877050e+00  8.5262785233e-01  1.1364551794e+00  2.6211646243e-01  6.5241219841e-01  1.7158102260e+00 -7.3447846449e-01  1.3396515417e+00  2.6660851061e+00 -6.2675701700e-01  2.5028023091e+00  2.4587347721e+00  3.3291774471e+00 -1.3828145999e-01  1.0695450999e+00  2.7577786290e+00 -1.0942262817e+00  2.5335517936e+00  1.7782803280e+00 -9.5446427490e-01  1.9739112239e+00  1.9341610077e+00  1.6977713369e+00  3.4092206086e-01  2.1925993233e+00  1.1238847287e+00  4.7444688818e-01 -1.9569761568e-02 -1.6888548914e-01  1.4788447869e+00 -1.7539114956e+00  1.0325702289e+00  2.2434795699e+00 -1.1087183315e+00  3.3934592651e+00  2.9059386922e+00  4.0609588358e-01  2.7647837654e+00  3.6073398887e+00 -1.1453534398e+00  2.2815472133e+00
ENERGY -1.965705873103e+02

JOB 2
COORDS  1.9091423083e+00  2.4671181127e+00 -3.2024737965e-01  1.3322850259e+00  1.7119636919e+00  9.0751074701e-01  1.1964084266e+00  2.3088274927e-01  6.6458267627e-01  1.7818320508e+00 -7.7263515621e-01  1.3363398381e+00  2.7121700632e+00 -6.7717951569e-01  2.5165378602e+00  2.6840364899e+00  3.1797228796e+00 -2.0874136907e-02  1.1367710461e+00  3.0116300715e+00 -8.7177108039e-01  2.3823007568e+00  1.7691347717e+00 -1.0185224657e+00  1.9648222352e+00  1.8908889553e+00  1.7806257210e+00  3.4776372966e-01  2.1249844743e+00  1.1608633840e+00  5.5303202527e-01 -3.9858281380e-02 -1.7482969475e-01  1.5686412378e+00 -1.7879082056e+00  9.9945551746e-01  2.2837799994e+00 -1.1849533960e+00  3.3899185753e+00  2.9323431452e+00  3.5320612795e-01  2.8044463037e+00  3.6644854713e+00 -1.1764192648e+00  2.2982297480e+00
ENERGY -1.965689102088e+02

JOB 3
COORDS  1.9262720568e+00  2.4661908925e+00 -2.9931253688e-01  1.3209413759e+00  1.6937971358e+00  9.0634631578e-01  1.2211541484e+00  2.1086109680e-01  6.5636780804e-01  1.8160396765e+00 -7.8348265584e-01  1.3333623976e+00  2.7285432166e+00 -6.7114593770e-01  2.5258827364e+00  2.8438483894e+00  2.9907085288e+00 -1.5624954434e-02  1.2319967222e+00  3.2141965126e+00 -6.9471508479e-01  2.1815153434e+00  1.7880251186e+00 -1.1192702953e+00  1.9031809253e+00  1.8919911000e+00  1.8093926061e+00  3.1286939705e-01  2.0759460300e+00  1.1108155029e+00  5.9560931096e-01 -6.7612773430e-02 -1.9369628730e-01  1.6262684228e+00 -1.8020321355e+00  9.9236515480e-01  2.2955695010e+00 -1.1809668858e+00  3.3958519404e+00  2.9306770321e+00  3.6363419372e-01  2.8115742461e+00  3.6904980491e+00 -1.1579363887e+00  2.3224802081e+00
ENERGY -1.965683576672e+02

JOB 4
COORDS  1.9452246477e+00  2.4581892570e+00 -2.7939537560e-01  1.3137994199e+00  1.6751010205e+00  9.0144438629e-01  1.2491336206e+00  1.9092508764e-01  6.4689521218e-01  1.8538272988e+00 -7.9313669737e-01  1.3300949241e+00  2.7485689092e+00 -6.6314257003e-01  2.5341829856e+00  2.9656274138e+00  2.7762871927e+00 -4.3946441252e-02  1.3770640648e+00  3.3672389318e+00 -5.0366238701e-01  1.9791774207e+00  1.8560139490e+00 -1.1922882483e+00  1.8486432106e+00  1.8947912945e+00  1.8286337943e+00  2.8673916885e-01  2.0309590793e+00  1.0551487871e+00  6.4075540638e-01 -9.6112674077e-02 -2.1257440704e-01  1.6878043145e+00 -1.8149243483e+00  9.8641948980e-01  2.3164609752e+00 -1.1838884029e+00  3.3980912525e+00  2.9240157759e+00  3.7565015680e-01  2.8231461829e+00  3.7236576964e+00 -1.1278684882e+00  2.3420304905e+00
ENERGY -1.965693112293e+02

JOB 5
COORDS  2.3101350810e+00  2.4434977336e+00  5.2602206767e-02  1.7024068993e+00  1.5370078223e+00  1.1466314065e+00  1.6968331449e+00  8.1852776542e-02  7.5426265385e-01  2.3415222239e+00 -9.3721990275e-01  1.3429691308e+00  3.2331346198e+00 -8.8349042339e-01  2.5551738642e+00  3.3899994703e+00  2.5586873408e+00  1.9094133480e-01  1.8785081030e+00  3.4499128066e+00  9.3777933743e-02  2.1289184898e+00  2.0439988816e+00 -9.5014059148e-01  2.2206544007e+00  1.6960310119e+00  2.0957894010e+00  6.6005895725e-01  1.8401699155e+00  1.3144129283e+00  1.0985928946e+00 -1.4676039271e-01 -1.2949465140e-01  2.2156849802e+00 -1.9284129106e+00  9.0544307988e-01  2.8270693784e+00 -1.5032333781e+00  3.3646390598e+00  3.3631949223e+00  1.2972431167e-01  2.9422906512e+00  4.2273102449e+00 -1.2839737417e+00  2.3207595857e+00
ENERGY -1.965711493277e+02

JOB 6
COORDS  2.2198474737e+00  2.4419740437e+00  9.2145467001e-02  1.6036304723e+00  1.5219939894e+00  1.1633091731e+00  1.6470926463e+00  6.9518747707e-02  7.6446999130e-01  2.3156184369e+00 -9.3132765739e-01  1.3578875728e+00  3.1880142994e+00 -8.5576362922e-01  2.5828920749e+00  3.3126106310e+00  2.3727107144e+00  9.9131469559e-02  1.9561018851e+00  3.4893720731e+00  2.7785252592e-01  1.8660907593e+00  2.1800236217e+00 -9.1077596631e-01  2.0994615688e+00  1.6885022107e+00  2.1236599096e+00  5.5215751755e-01  1.8063078784e+00  1.3070980982e+00  1.0692204134e+00 -1.7447137812e-01 -1.2877772972e-01  2.2289691235e+00 -1.9235303234e+00  9.1321723976e-01  2.7932156573e+00 -1.4962840266e+00  3.3816580958e+00  3.2770465792e+00  1.5807846065e-01  2.9796975139e+00  4.1988324146e+00 -1.2190314237e+00  2.3591643389e+00
ENERGY -1.965727552694e+02

JOB 7
COORDS  2.2086684665e+00  2.4460596294e+00  1.7013710020e-01  1.5987333574e+00  1.4937952333e+00  1.2145221961e+00  1.6812946583e+00  5.1839031895e-02  7.8563143779e-01  2.3620242962e+00 -9.4555096148e-01  1.3710486844e+00  3.2053074267e+00 -8.7956822113e-01  2.6168586780e+00  3.2656766389e+00  2.2140740395e+00  3.0338522249e-03  2.1306196334e+00  3.4898889149e+00  4.9349607117e-01  1.6947993156e+00  2.3543483897e+00 -7.9357146198e-01  2.0938838030e+00  1.6437433333e+00  2.1783172504e+00  5.4387686427e-01  1.7610057997e+00  1.3648480876e+00  1.1285423248e+00 -1.8745288569e-01 -1.2483025884e-01  2.3096381572e+00 -1.9286193700e+00  9.0143532422e-01  2.8100451746e+00 -1.5514722228e+00  3.3891534702e+00  3.2589276241e+00  1.2490600331e-01  3.0425625416e+00  4.2299956068e+00 -1.2106328121e+00  2.4065896548e+00
ENERGY -1.965732504081e+02

JOB 8
COORDS  2.2281463030e+00  2.4620584337e+00  2.2648447924e-01  1.6220118666e+00  1.4764093588e+00  1.2454325500e+00  1.7361292857e+00  4.4924022102e-02  7.8950948697e-01  2.4119653211e+00 -9.5555228199e-01  1.3753849169e+00  3.2165827659e+00 -9.0763669220e-01  2.6473194909e+00  3.1981552539e+00  2.1034750843e+00 -1.3280315896e-01  2.3537129427e+00  3.4600587140e+00  6.5890956433e-01  1.5823958091e+00  2.5592668106e+00 -6.5413961201e-01  2.1148891041e+00  1.6063953417e+00  2.2132948815e+00  5.6468594891e-01  1.7270669906e+00  1.4034889549e+00  1.2141035290e+00 -1.8447731332e-01 -1.4157043438e-01  2.3882330524e+00 -1.9282436929e+00  8.8242075648e-01  2.8097808899e+00 -1.6054283360e+00  3.3900503502e+00  3.2409081533e+00  8.6042548298e-02  3.1000123769e+00  4.2524374876e+00 -1.2169660756e+00  2.4596522414e+00
ENERGY -1.965723700281e+02

JOB 9
COORDS  2.1863872558e+00  2.4673938611e+00  1.5464730993e-01  1.6111391774e+00  1.4739123374e+00  1.1919428713e+00  1.7623543213e+00  3.9778054391e-02  7.5520013864e-01  2.4277413428e+00 -9.4611566370e-01  1.3767921934e+00  3.1751898979e+00 -8.7886039241e-01  2.6822550896e+00  3.0184134170e+00  2.0199630860e+00 -3.9800502850e-01  2.5284902820e+00  3.3932694534e+00  6.2670565204e-01  1.4305212101e+00  2.7371771010e+00 -5.9199573022e-01  2.1080091792e+00  1.6238539952e+00  2.1545230055e+00  5.4992543382e-01  1.6976149999e+00  1.3602447463e+00  1.2834290020e+00 -2.0574122436e-01 -1.9483785430e-01  2.4373516800e+00 -1.9228048823e+00  8.9130716388e-01  2.7408018279e+00 -1.5728002807e+00  3.4129333856e+00  3.1709555836e+00  1.1895197211e-01  3.1264013804e+00  4.2207314529e+00 -1.1816048993e+00  2.5442521627e+00
ENERGY -1.965705691669e+02

JOB 10
COORDS  2.1949104181e+00  2.4764386916e+00  2.0527309264e-01  1.6146234532e+00  1.4469760566e+00  1.2124331120e+00  1.8040509200e+00  2.2684788661e-02  7.5774238398e-01  2.4765451173e+00 -9.5925539673e-01  1.3778540866e+00  3.2014484090e+00 -8.9471058396e-01  2.6961085750e+00  2.8625924066e+00  1.9928432827e+00 -5.1433630393e-01  2.7564484180e+00  3.2660079695e+00  7.1333145979e-01  1.4023702722e+00  2.9593228508e+00 -3.7616500853e-01  2.0752767360e+00  1.5899314105e+00  2.1932301776e+00  5.4348232800e-01  1.6383323988e+00  1.3532480681e+00  1.3455855184e+00 -2.1744161197e-01 -2.0353286847e-01  2.5125282938e+00 -1.9290571335e+00  8.7994090710e-01  2.7651815872e+00 -1.6013108452e+00  3.4134223677e+00  3.1761698985e+00  9.8900604878e-02  3.1490445125e+00  4.2532291217e+00 -1.1814148417e+00  2.5722088946e+00
ENERGY -1.965688733861e+02

JOB 11
COORDS  2.2044650998e+00  2.4766613300e+00  2.3537977044e-01  1.6037556125e+00  1.4257295183e+00  1.2106404028e+00  1.8322598486e+00  8.4567561413e-03  7.5171379044e-01  2.5163362807e+00 -9.6254852361e-01  1.3763129142e+00  3.2226352555e+00 -8.8613674176e-01  2.7039785774e+00  2.6905445202e+00  1.9942271495e+00 -6.1820181051e-01  2.9653928897e+00  3.0877897357e+00  7.3061039897e-01  1.4413971521e+00  3.1557906935e+00 -1.5705607445e-01  2.0061429028e+00  1.5732678292e+00  2.2156762843e+00  5.2186008946e-01  1.5883778180e+00  1.2952035276e+00  1.3921075618e+00 -2.3405982104e-01 -2.1724641973e-01  2.5778799387e+00 -1.9299717551e+00  8.7627045678e-01  2.7868831774e+00 -1.5969803359e+00  3.4174555386e+00  3.1778223560e+00  1.0837892002e-01  3.1536305546e+00  4.2798012119e+00 -1.1583418435e+00  2.5944731159e+00
ENERGY -1.965683692184e+02

JOB 12
COORDS  2.2462548324e+00  2.4812261792e+00  3.0245404112e-01  1.6348901449e+00  1.4040807033e+00  1.2357948221e+00  1.9035331684e+00  7.4446009795e-04  7.5648724449e-01  2.5977556108e+00 -9.6659173239e-01  1.3754618634e+00  3.2817850071e+00 -8.9523667566e-01  2.7149771902e+00  2.5316588168e+00  2.0534731254e+00 -6.6397708578e-01  3.1657500122e+00  2.8909576404e+00  7.3385904653e-01  1.5607904870e+00  3.3156510503e+00  1.2719774700e-01  1.9868370097e+00  1.5476803109e+00  2.2602297981e+00  5.4591576072e-01  1.5402408541e+00  1.2705190526e+00  1.4837239263e+00 -2.3200371476e-01 -2.2366533920e-01  2.6867033788e+00 -1.9246922857e+00  8.6178233289e-01  2.8529288529e+00 -1.6278060290e+00  3.4104250130e+00  3.2058238163e+00  9.0830549165e-02  3.1789547414e+00  4.3468508770e+00 -1.1398389928e+00  2.6175566390e+00
ENERGY -1.965693934578e+02

JOB 13
COORDS  2.5011681846e+00  2.3150399920e+00  1.2167380397e-02  1.9818473344e+00  1.5722956108e+00  1.2634382967e+00  1.3735906109e+00  2.3544372352e-01  9.2651031988e-01  1.7986603747e+00 -9.8281284216e-01  1.2952208159e+00  2.9909320828e+00 -1.3205572689e+00  2.1506011721e+00  1.9141571398e+00  2.0535218728e+00 -8.7474077678e-01  3.5315907386e+00  2.0161600402e+00 -2.0961772877e-01  2.4854239245e+00  3.4016484686e+00  1.4197096876e-01  2.7814168742e+00  1.4768140922e+00  2.0027341011e+00  1.2015109723e+00  2.1833080134e+00  1.7371443834e+00  4.8897890799e-01  2.8675096924e-01  2.8938691238e-01  1.2240230812e+00 -1.8407634876e+00  9.4391494676e-01  2.6795702080e+00 -1.8473615999e+00  3.0615004986e+00  3.5610018945e+00 -4.3875224767e-01  2.4519393196e+00  3.6715919190e+00 -1.9938998978e+00  1.6148575374e+00
ENERGY -1.965712420590e+02

JOB 14
COORDS  2.3311242699e+00  2.3670452460e+00 -4.6370629771e-02  1.8165731169e+00  1.6557373613e+00  1.2194582581e+00  1.2540007674e+00  2.9087706340e-01  9.1747098458e-01  1.7127312791e+00 -9.0140628160e-01  1.3283016718e+00  2.9042320202e+00 -1.1753497858e+00  2.2073312789e+00  1.6159249080e+00  2.2697211005e+00 -8.7077739355e-01  3.2689043447e+00  1.9145609716e+00 -3.8687596934e-01  2.5113029219e+00  3.4319071467e+00  1.3465333930e-01  2.6147849934e+00  1.6033271286e+00  1.9651607447e+00  1.0185995816e+00  2.2647199313e+00  1.6661561123e+00  3.7542029526e-01  2.9373672810e-01  2.6983214407e-01  1.1707969419e+00 -1.7875606326e+00  9.9551334320e-01  2.5984603310e+00 -1.6874999089e+00  3.1284107683e+00  3.4409439995e+00 -2.6729743033e-01  2.4912677045e+00  3.6136930089e+00 -1.8399011063e+00  1.6986546851e+00
ENERGY -1.965728005379e+02

JOB 15
COORDS  2.3003961732e+00  2.3768092254e+00 -6.9305464537e-02  1.7907029157e+00  1.6605034785e+00  1.1944077380e+00  1.2564419185e+00  2.8476862999e-01  8.9133053648e-01  1.7217657648e+00 -8.9621513791e-01  1.3268507147e+00  2.8888572294e+00 -1.1462813494e+00  2.2449372961e+00  1.4982434305e+00  2.4953102401e+00 -8.0652372951e-01  3.1077733838e+00  1.8075589830e+00 -5.4140707926e-01  2.6805023835e+00  3.3758091322e+00  1.7168753680e-01  2.5934688900e+00  1.6133407718e+00  1.9358958349e+00  9.8988907413e-01  2.2629212782e+00  1.6444534717e+00  3.9751930282e-01  2.6549193989e-01  2.1779735230e-01  1.2040876275e+00 -1.7933254929e+00  9.8494810873e-01  2.5618237805e+00 -1.6625119001e+00  3.1563479441e+00  3.3994064317e+00 -2.2851542216e-01  2.5451115460e+00  3.6267124341e+00 -1.7988445839e+00  1.7616376171e+00
ENERGY -1.965732437674e+02

JOB 16
COORDS  2.3075096052e+00  2.3770287552e+00 -1.8012788927e-02  1.8012847167e+00  1.6216965747e+00  1.2273366356e+00  1.2971276442e+00  2.4198714344e-01  8.9203879816e-01  1.7681791495e+00 -9.3673616247e-01  1.3276755612e+00  2.9087250963e+00 -1.1820863912e+00  2.2798175248e+00  1.4747190875e+00  2.7296546319e+00 -6.3655968901e-01  2.9548709403e+00  1.7426361735e+00 -6.3102452210e-01  2.8801724201e+00  3.2641487310e+00  2.7580502573e-01  2.6057166741e+00  1.5624088893e+00  1.9660754559e+00  9.9573180836e-01  2.2024520717e+00  1.6958275436e+00  4.5919555278e-01  2.1578749891e-01  1.9257532445e-01  1.2766244147e+00 -1.8371412681e+00  9.5706934661e-01  2.5596335575e+00 -1.7148488029e+00  3.1733563267e+00  3.3961014212e+00 -2.6163972186e-01  2.6087354661e+00  3.6711032258e+00 -1.8179576501e+00  1.8125714311e+00
ENERGY -1.965723548653e+02

JOB 17
COORDS  2.1964203582e+00  2.4009485351e+00 -2.3237975920e-01  1.6977527409e+00  1.6999937855e+00  1.0536999030e+00  1.2284153550e+00  2.9149201044e-01  7.9538353345e-01  1.7127392878e+00 -8.4722168873e-01  1.3148830348e+00  2.8353477460e+00 -1.0091670547e+00  2.3054165279e+00  1.3858685128e+00  2.9299589133e+00 -7.4475271842e-01  2.6499672367e+00  1.6889209323e+00 -9.2783702740e-01  2.9513091604e+00  3.1572421124e+00  1.0275270596e-02  2.4988822937e+00  1.6941545391e+00  1.7977913948e+00  8.7945454859e-01  2.2854576437e+00  1.4919940544e+00  4.0702965668e-01  2.0296444667e-01  8.1529865400e-02  1.2477151073e+00 -1.7791069714e+00  9.9075828994e-01  2.4750348426e+00 -1.4893271202e+00  3.2239713776e+00  3.2992344740e+00 -6.0577597502e-02  2.5845856914e+00  3.6189657183e+00 -1.6596807444e+00  1.8972092122e+00
ENERGY -1.965705768546e+02

JOB 18
COORDS  2.2132931222e+00  2.4113953580e+00 -1.9588071471e-01  1.7010338313e+00  1.6762607333e+00  1.0721815539e+00  1.2648264561e+00  2.6252442861e-01  7.8516910649e-01  1.7543724973e+00 -8.7380890815e-01  1.3049313148e+00  2.8544087718e+00 -1.0276391489e+00  2.3216837605e+00  1.4843743679e+00  3.1378735849e+00 -5.6888193439e-01  2.4427874981e+00  1.7087694086e+00 -1.0021814295e+00  3.1298459025e+00  2.9702519282e+00  2.0119426398e-02  2.4793398029e+00  1.6781917470e+00  1.8393956576e+00  8.5654047791e-01  2.2315518776e+00  1.4991861838e+00  4.6367149213e-01  1.6934481182e-01  4.9421822002e-02  1.3128795161e+00 -1.8095430691e+00  9.5966530370e-01  2.4785147039e+00 -1.5185482175e+00  3.2282536239e+00  3.2983144080e+00 -7.4630984198e-02  2.6179722573e+00  3.6565229678e+00 -1.6647352285e+00  1.9285921555e+00
ENERGY -1.965688926966e+02

JOB 19
COORDS  2.1235082798e+00  2.4176513894e+00 -3.2245632059e-01  1.5996596694e+00  1.7187238254e+00  9.6337406645e-01  1.2142955030e+00  2.8073723471e-01  7.2848500725e-01  1.7320834005e+00 -8.1780651762e-01  1.2994577367e+00  2.8265567504e+00 -8.9334695174e-01  2.3308635025e+00  1.5114558995e+00  3.2826176184e+00 -5.9615552256e-01  2.1190341361e+00  1.7321160951e+00 -1.1756094820e+00  3.1530586233e+00  2.7661239237e+00 -1.9634571801e-01  2.3441238261e+00  1.7912695978e+00  1.7598174566e+00  7.1566353941e-01  2.2548083989e+00  1.3312410182e+00  4.2487861012e-01  1.3490652028e-01 -1.1122029003e-02  1.3223829234e+00 -1.7803687104e+00  9.9065757579e-01  2.4570324264e+00 -1.3523812707e+00  3.2565748422e+00  3.2403743578e+00  8.5058053670e-02  2.5852559468e+00  3.6500068696e+00 -1.5242965298e+00  1.9737113103e+00
ENERGY -1.965683632741e+02

JOB 20
COORDS  2.0369301342e+00  2.4074932513e+00 -3.9561129708e-01  1.4986479476e+00  1.7455300225e+00  8.9944303511e-01  1.1560869512e+00  2.9016884409e-01  7.0953339102e-01  1.6951372115e+00 -7.7426804718e-01  1.3236989369e+00  2.7805683631e+00 -7.8361583741e-01  2.3672736431e+00  1.5811945553e+00  3.3869241352e+00 -5.7203328879e-01  1.8036782195e+00  1.7928979482e+00 -1.2717447277e+00  3.1240848115e+00  2.5261133545e+00 -3.6762594679e-01  2.2101461775e+00  1.8812341329e+00  1.7177271144e+00  5.8264935740e-01  2.2653652871e+00  1.2092462389e+00  3.7953726179e-01  9.9974777669e-02 -3.3441061498e-02  1.3133917620e+00 -1.7575314587e+00  1.0458647477e+00  2.4151504159e+00 -1.2216837810e+00  3.3047002811e+00  3.1633648633e+00  2.1465190184e-01  2.5914927753e+00  3.6254706081e+00 -1.4019391037e+00  2.0393396502e+00
ENERGY -1.965693598794e+02

JOB 21
COORDS  2.1699971901e+00  2.3509024087e+00 -3.1841340138e-01  1.6057017379e+00  1.6589271667e+00  9.4244517645e-01  1.2951085648e+00  2.0250582387e-01  7.1098820804e-01  1.8497521763e+00 -8.6659043114e-01  1.3026960247e+00  2.9239105796e+00 -8.7946659793e-01  2.3578348856e+00  1.9077409442e+00  3.4137164392e+00 -3.4582896122e-01  1.7455246430e+00  1.9033249482e+00 -1.2244607519e+00  3.2571216730e+00  2.2463066332e+00 -3.8388476247e-01  2.2882997295e+00  1.7955393081e+00  1.7853704697e+00  6.6955207541e-01  2.1586937523e+00  1.2259355891e+00  5.3123236337e-01  1.6866089730e-02 -4.6109205927e-02  1.4917999349e+00 -1.8501089238e+00  9.9563575421e-01  2.5582962039e+00 -1.3495886876e+00  3.2795274325e+00  3.2822116534e+00  1.2084062540e-01  2.6115123928e+00  3.7856738436e+00 -1.4705555805e+00  2.0236339402e+00
ENERGY -1.965712129648e+02

JOB 22
COORDS  1.9287897597e+00  2.4192926990e+00 -4.4070710656e-01  1.3421939084e+00  1.7866718710e+00  8.3563217411e-01  1.0703133949e+00  3.1392186109e-01  6.6967774891e-01  1.6385669864e+00 -7.1081633824e-01  1.3237417521e+00  2.6879740174e+00 -6.4613973222e-01  2.4016802251e+00  1.8745551070e+00  3.5127756433e+00 -4.0325132762e-01  1.3658860191e+00  2.0993122960e+00 -1.3252501438e+00  2.9713486329e+00  2.1203197452e+00 -5.8829810294e-01  2.0055841380e+00  1.9776782464e+00  1.6838280473e+00  3.9258766297e-01  2.2872406867e+00  1.0695253742e+00  3.2902320131e-01  7.1387092231e-02 -9.3905179458e-02  1.3132452139e+00 -1.7168827644e+00  1.0559654204e+00  2.3151332220e+00 -1.0886515185e+00  3.3340574689e+00  3.0103942824e+00  3.7429140097e-01  2.6207389106e+00  3.5745320066e+00 -1.2239202719e+00  2.1119055331e+00
ENERGY -1.965727910582e+02

JOB 23
COORDS  1.8774551735e+00  2.4193736290e+00 -4.8892181818e-01  1.2803483290e+00  1.7995468540e+00  7.8748824791e-01  1.0367568965e+00  3.2004863009e-01  6.4022481354e-01  1.6114567213e+00 -6.8302755494e-01  1.3217587838e+00  2.6358020715e+00 -5.8362697190e-01  2.4210163188e+00  2.0473647064e+00  3.4943619471e+00 -3.6278267488e-01  1.2091910444e+00  2.2811145546e+00 -1.3462991584e+00  2.8356982831e+00  1.9502710121e+00 -7.3566857498e-01  1.9402430013e+00  2.0045017893e+00  1.6354219055e+00  3.2691620023e-01  2.2972781749e+00  1.0109891489e+00  3.1618281421e-01  4.9443033611e-02 -1.3391032653e-01  1.3122234988e+00 -1.6990770706e+00  1.0613801460e+00  2.2536990485e+00 -1.0281969360e+00  3.3486109189e+00  2.9285707757e+00  4.4583578788e-01  2.6390857001e+00  3.5422520907e+00 -1.1417308943e+00  2.1550511642e+00
ENERGY -1.965732452049e+02

