JOB 0
COORDS  1.0035337525e+00  1.4323838383e-01  1.6383674348e-01  2.8492616236e+00  1.0139830504e+00  1.6913844940e+00  1.3534128966e+00  8.6088520401e-01  1.4620208946e+00 -2.4768536034e+00  3.3577618578e+00  1.4811959577e+00 -5.1950525488e-01  2.1987975465e+00  1.6075462788e+00 -1.0087534684e+00  3.3431294172e+00  1.2678371039e+00 -4.1199016609e-01  4.3505867451e+00  8.3396099547e-01  8.3289083802e-01  2.2269867515e+00  1.4295940446e+00 -3.3738443510e+00  3.6278645222e+00 -2.2927749874e-01 -2.9346820033e+00  4.7165334619e+00  2.8005976611e+00 -8.0019785561e-02  9.6658749550e-02  2.4113680018e-02  1.4449181357e+00  6.6430686030e-01 -6.9146020187e-01  1.3910450630e+00 -8.8043416816e-01  1.8648024032e-01  3.0472915785e+00  1.5495974262e+00  2.6236909519e+00  3.3104055464e+00  1.5670974374e+00  8.6750579155e-01  3.3160052671e+00  2.6277388954e-02  1.7493656051e+00  8.8555187026e-01  3.5687830791e-01  2.3148953661e+00 -2.7772786155e+00  2.3927938440e+00  1.8706954252e+00
ENERGY -5.564519443003e+03

JOB 1
COORDS  9.7753217510e-01  2.7578076744e-01  1.2918621648e-01  2.8545661965e+00  9.5756711226e-01  1.7139459256e+00  1.3540312092e+00  8.6096032300e-01  1.4852406156e+00 -2.4635214003e+00  3.3288901181e+00  1.4958487470e+00 -4.8923278065e-01  2.2251091386e+00  1.7760601129e+00 -9.9858289737e-01  3.2899414379e+00  1.2516898745e+00 -4.2687924600e-01  4.2170871478e+00  6.4407662966e-01  8.6402234790e-01  2.2355628631e+00  1.5805756533e+00 -3.3964991171e+00  3.2928683404e+00 -2.1586365629e-01 -2.9098656922e+00  4.8882127092e+00  2.5737918982e+00 -1.0806446840e-01  2.6688454109e-01 -3.8093649619e-03  1.4237221360e+00  8.6489732828e-01 -6.7789124318e-01  1.3400757748e+00 -7.5445323460e-01  5.2287418907e-02  3.0715715615e+00  1.3981966138e+00  2.6907329469e+00  3.3223891416e+00  1.5751561042e+00  9.4123567208e-01  3.2988010386e+00 -4.1419118760e-02  1.6744933221e+00  8.7941494224e-01  2.9037822963e-01  2.2917785133e+00 -2.7420915979e+00  2.4413223651e+00  2.0506042512e+00
ENERGY -5.564518031189e+03

JOB 2
COORDS  9.4190467069e-01  4.2224535718e-01  1.0941137729e-01  2.8551141818e+00  9.0397905746e-01  1.7240289538e+00  1.3500779033e+00  8.6829911529e-01  1.5089605372e+00 -2.4430403144e+00  3.2955038100e+00  1.5003178711e+00 -4.5866844559e-01  2.2555136786e+00  1.9367951871e+00 -9.7712104070e-01  3.2204188790e+00  1.2485867724e+00 -4.2145214919e-01  4.0367294006e+00  4.9072006471e-01  8.9952964041e-01  2.2407313405e+00  1.7393092202e+00 -3.3881374240e+00  2.9590361282e+00 -1.7105882044e-01 -2.8866223944e+00  5.0136840001e+00  2.2977817364e+00 -1.4524057150e-01  4.5141681258e-01 -9.1813661249e-03  1.3920350967e+00  1.0741671114e+00 -6.4509439740e-01  1.2755793680e+00 -6.0542028165e-01 -6.8248201796e-02  3.0955240787e+00  1.2432151037e+00  2.7351945185e+00  3.3294037445e+00  1.5805637997e+00  1.0066391773e+00  3.2720093168e+00 -9.7627846417e-02  1.5827503058e+00  8.6926483828e-01  2.3630504830e-01  2.2652210906e+00 -2.7087711757e+00  2.5141822720e+00  2.2018495068e+00
ENERGY -5.564516000179e+03

JOB 3
COORDS  1.0141628231e+00 -1.4719419840e-01  5.0115825174e-01  2.8819990021e+00  1.2107932076e+00  1.5787460068e+00  1.3876724503e+00  9.3700517014e-01  1.5066774155e+00 -2.6552055517e+00  2.4195205705e+00  4.1106448317e-01 -5.7353320457e-01  2.1835339282e+00  1.3203957749e+00 -1.1791202125e+00  2.3838256227e+00  1.9327132707e-01 -7.0636856417e-01  2.5544775455e+00 -9.4326581805e-01  7.8953883455e-01  2.2153012400e+00  1.1182210785e+00 -3.4646573472e+00  9.3277229259e-01 -5.5449414471e-01 -3.3554883726e+00  4.1533457094e+00 -1.1803948147e-01 -6.9215527138e-02 -2.9372970097e-01  4.6010532179e-01  1.3660864786e+00  1.2112631218e-01 -4.9876769024e-01  1.4707343878e+00 -1.0982101883e+00  7.9510083883e-01  3.0976380157e+00  2.0025306228e+00  2.3012520731e+00  3.2627036530e+00  1.5174066462e+00  5.9976233150e-01  3.4093922124e+00  3.0303963730e-01  1.8868217161e+00  9.9695258493e-01  6.8356596975e-01  2.5001280898e+00 -2.8445855125e+00  2.2800532874e+00  1.4683430105e+00
ENERGY -5.564513942120e+03

JOB 4
COORDS  9.6585973529e-01 -4.5909387728e-02  4.2774929071e-01  2.8698733378e+00  1.1822129063e+00  1.5865771226e+00  1.3680812978e+00  9.5058144822e-01  1.5101885901e+00 -2.6226003592e+00  2.3960348344e+00  4.1892749738e-01 -5.6731041216e-01  2.2870885992e+00  1.4126250166e+00 -1.1382673164e+00  2.3304960976e+00  2.4980213807e-01 -6.3774887243e-01  2.3399173733e+00 -8.8596970281e-01  8.0738067289e-01  2.2828079713e+00  1.2620192670e+00 -3.4058751570e+00  7.8254625337e-01 -3.4210753287e-01 -3.3006577006e+00  4.0330814070e+00 -3.7585865452e-01 -1.1749641885e-01 -1.9120439250e-01  3.9289018649e-01  1.3021825786e+00  2.9248459420e-01 -5.5504493629e-01  1.4226942491e+00 -1.0169967772e+00  6.4745349068e-01  3.1117625750e+00  1.9069933038e+00  2.3684958165e+00  3.2474250547e+00  1.5586382411e+00  6.3101554417e-01  3.3777329812e+00  2.4006826548e-01  1.8135533952e+00  9.8570096424e-01  6.1912893235e-01  2.4843087418e+00 -2.8400310598e+00  2.4111940046e+00  1.4798553139e+00
ENERGY -5.564511808243e+03

JOB 5
COORDS  2.0807713437e+00 -8.2454498006e-03 -2.8836351796e-01  2.0073226985e+00  1.1549730811e+00  1.9808324921e+00  1.2342210534e+00  7.2575912993e-01  7.3889322843e-01 -2.5140585029e+00  2.8017204313e+00  1.1181969788e+00 -2.7024693055e-01  2.5523817758e+00  7.3312636320e-01 -1.4253502674e+00  2.0569011715e+00  4.1521300832e-01 -1.6979723436e+00  1.1031372153e+00 -3.3251407884e-01  7.2171995950e-01  1.9013701259e+00  2.1062848301e-02 -3.3809544114e+00  1.6029150748e+00  2.3857652772e+00 -3.7335160826e+00  3.5530519089e+00 -1.9233920529e-01  1.4754376741e+00 -2.8622032761e-01 -1.1546374205e+00  2.9089285904e+00  6.2375146825e-01 -6.2443589799e-01  2.4977832731e+00 -9.1660524465e-01  1.5718855111e-01  1.3711165994e+00  1.7211963388e+00  2.6665245144e+00  2.8615588248e+00  1.7798600565e+00  1.7022740329e+00  2.3793704309e+00  2.7146822975e-01  2.5104441748e+00  3.7197972208e-01  1.0885495056e-01  1.0154384087e+00 -2.0594054813e+00  3.6128937384e+00  1.6738108272e+00
ENERGY -5.564511119449e+03

JOB 6
COORDS  2.1080031857e+00  4.5152146316e-02 -3.2593621639e-01  1.9001585865e+00  1.0914234234e+00  1.9918985140e+00  1.2061840117e+00  7.3966632967e-01  6.8079072361e-01 -2.4655893946e+00  2.8122382232e+00  1.1313682466e+00 -2.3806338027e-01  2.6496100845e+00  6.3391307543e-01 -1.3725438506e+00  2.0476179434e+00  4.6144105576e-01 -1.6220751421e+00  9.8025387730e-01 -1.2972171799e-01  7.8057154247e-01  1.9750894321e+00 -4.3994542650e-03 -3.1520373613e+00  1.7591160121e+00  2.6211290937e+00 -3.8248032042e+00  3.2768037850e+00 -1.7509699555e-01  1.5578917822e+00 -1.7588458289e-01 -1.2439962351e+00  2.9679355190e+00  6.7617284072e-01 -5.7207608299e-01  2.4774101643e+00 -8.9426234880e-01  9.6615007709e-02  1.2266825987e+00  1.6318550439e+00  2.6632323902e+00  2.7806353845e+00  1.7144017220e+00  1.8064344564e+00  2.2206988727e+00  1.7471124950e-01  2.4982625453e+00  3.1804049776e-01  1.2966030913e-01  8.6333518094e-01 -2.0403936626e+00  3.7255381841e+00  1.5292869976e+00
ENERGY -5.564511502126e+03

JOB 7
COORDS  2.3847531186e+00  1.5369867724e-01 -3.1350136898e-01  1.4444312449e+00  9.4812161031e-01  1.9146100844e+00  1.1532421396e+00  5.9504869024e-01  4.6164116129e-01 -2.2892709210e+00  2.9726111021e+00  1.2177457894e+00 -2.3221857771e-01  2.6098725373e+00  2.9656937169e-01 -1.3435355732e+00  2.0124670465e+00  5.8209637723e-01 -1.6667653026e+00  8.1422654987e-01  4.3521212056e-01  6.9069642439e-01  1.7879331833e+00 -2.9104823923e-01 -2.5503332976e+00  2.4631878005e+00  3.0833063871e+00 -3.9431522562e+00  3.0274290218e+00  2.0015384489e-01  2.1360243717e+00 -2.8665791985e-02 -1.3625110713e+00  3.1699454336e+00  9.1438784878e-01 -2.6605353146e-01  2.7703293387e+00 -7.7648029267e-01  1.1532389315e-01  5.3863793260e-01  1.2342513412e+00  2.4562008976e+00  2.1684843372e+00  1.7663506312e+00  1.9796151928e+00  1.8639797324e+00  7.0300119638e-02  2.4162398854e+00  3.7031295236e-01 -1.6195819604e-01  4.0432905235e-01 -1.8368549474e+00  3.9563817955e+00  1.1965507378e+00
ENERGY -5.564511729805e+03

JOB 8
COORDS  2.4166272967e+00  1.9495895107e-01 -3.1655011765e-01  1.3798954459e+00  8.7044786868e-01  1.9064656526e+00  1.1496823710e+00  5.8691436546e-01  4.2818134763e-01 -2.2800878794e+00  3.0021819995e+00  1.1964763483e+00 -2.6110654405e-01  2.6219923492e+00  2.1629757172e-01 -1.3169936747e+00  2.0117706798e+00  6.4299694932e-01 -1.5917631559e+00  7.8824845591e-01  6.7011391476e-01  7.2419583445e-01  1.8259828692e+00 -2.7984066561e-01 -2.4323041605e+00  2.7294451238e+00  3.1235016955e+00 -3.9819921702e+00  2.8489559243e+00  2.6865274596e-01  2.2155632352e+00  6.8724833026e-02 -1.3838772716e+00  3.1959835283e+00  9.5304183110e-01 -1.9339820266e-01  2.7874253761e+00 -7.5605475817e-01  7.8308476109e-02  4.5117838981e-01  1.1250684036e+00  2.4230904273e+00  2.0984230000e+00  1.6855438697e+00  2.0387877223e+00  1.7840616454e+00 -2.8988548240e-02  2.3819511220e+00  3.7306555236e-01 -1.6439310155e-01  2.9847278123e-01 -1.8831479403e+00  3.9953225584e+00  1.0268500876e+00
ENERGY -5.564511490665e+03

JOB 9
COORDS  2.4089475398e+00  2.1452857252e-01 -3.4646825789e-01  1.4020167225e+00  7.7056631824e-01  1.9228321682e+00  1.1567690685e+00  5.8965456764e-01  4.3122351915e-01 -2.3082752196e+00  3.0443094682e+00  1.1507673705e+00 -2.7774856713e-01  2.6460269681e+00  2.1792247402e-01 -1.3022651078e+00  2.0393770405e+00  7.1508703337e-01 -1.5387178735e+00  8.1407687937e-01  8.7637680542e-01  7.7627560887e-01  1.8960168315e+00 -1.8341854312e-01 -2.4762556575e+00  2.9693670029e+00  3.0944402210e+00 -3.9927602033e+00  2.7272129802e+00  2.2932058519e-01  2.1967432046e+00  1.4519577378e-01 -1.4167834857e+00  3.2034262366e+00  9.5105282179e-01 -1.9283861237e-01  2.7665399797e+00 -7.6074450969e-01 -1.8501473395e-03  4.8471384127e-01  1.0376712695e+00  2.4524469522e+00  2.1590796039e+00  1.5412163324e+00  2.0999041019e+00  1.7639972572e+00 -1.7331417786e-01  2.3435953347e+00  3.5598579735e-01 -1.2285985355e-01  2.5268782883e-01 -1.9497660813e+00  4.0298093892e+00  8.8123523666e-01
ENERGY -5.564510084514e+03

JOB 10
COORDS  2.3840925986e+00  2.4057941326e-01 -3.8596021029e-01  1.4653243225e+00  6.6646910486e-01  1.9481111705e+00  1.1692786801e+00  5.9738631001e-01  4.5705579016e-01 -2.3570896893e+00  3.0761131431e+00  1.0831744939e+00 -2.8875997599e-01  2.6693480759e+00  2.5407811816e-01 -1.2925286525e+00  2.0765647456e+00  8.0375079227e-01 -1.4832258705e+00  8.6903683862e-01  1.1129114320e+00  8.2140189283e-01  1.9629081349e+00 -4.9163989154e-02 -2.6120192635e+00  3.2104338166e+00  3.0132130334e+00 -3.9847243773e+00  2.5789992696e+00  1.3589323112e-01  2.1345124365e+00  2.3700092302e-01 -1.4503400876e+00  3.2001544349e+00  9.5020073971e-01 -2.1901308160e-01  2.7320008738e+00 -7.5925950312e-01 -1.0832839003e-01  5.7060352757e-01  9.2608972674e-01  2.5174583378e+00  2.2522715444e+00  1.4001309604e+00  2.1507650466e+00  1.8100367369e+00 -3.1398204372e-01  2.2937814152e+00  3.3811666656e-01 -7.0441938642e-02  2.5124877342e-01 -2.0307397354e+00  4.0415859579e+00  7.1784470913e-01
ENERGY -5.564508456325e+03

JOB 11
COORDS  1.1403468196e+00  3.3800576527e-01  1.6543917738e+00  3.1309628981e+00  1.0304681680e+00  2.2877727413e-01  2.1706200963e+00  1.4132936530e+00  1.3453360468e+00 -4.8046436087e-02  4.6926474721e+00  3.2209115040e+00  8.2654943543e-01  3.5821591126e+00  1.4530611046e+00  7.4740570282e-01  3.5331304814e+00  2.7378758918e+00  1.2084107022e+00  2.7100956306e+00  3.5759863345e+00  1.4790473681e+00  2.6157307519e+00  7.7521381466e-01  1.0488968045e+00  5.7884411746e+00  4.4009993351e+00 -1.6709218728e+00  4.0391297835e+00  4.0841228183e+00  4.7466367034e-01  6.5540334247e-01  2.4588627971e+00  5.5088192509e-01  1.0480573196e-01  7.6169369628e-01  1.6531961557e+00 -5.7477436153e-01  1.9765556365e+00  3.8278200816e+00  1.8451957638e+00  1.4950726153e-02  2.5876136914e+00  7.8389914673e-01 -6.8854353604e-01  3.7068278214e+00  1.5184523067e-01  5.3601175297e-01  2.7102278539e+00  1.7136472888e+00  2.2383907520e+00 -3.3720598867e-01  5.2946634696e+00  2.3688778180e+00
ENERGY -5.564507374247e+03

JOB 12
COORDS  1.0845757450e+00  4.5399007140e-01  1.6532630198e+00  3.1253070946e+00  9.6488273754e-01  2.2215055881e-01  2.2106424675e+00  1.4299800947e+00  1.3449335321e+00 -9.0201991235e-02  4.6148225575e+00  3.2249608329e+00  8.8679427991e-01  3.5972322540e+00  1.4528431449e+00  8.4297217403e-01  3.5637197850e+00  2.7405015648e+00  1.4297985414e+00  2.8257522069e+00  3.5778786240e+00  1.6377381480e+00  2.6952368678e+00  7.8520729259e-01  8.6458322276e-01  5.8499021437e+00  4.3893744846e+00 -1.6083073536e+00  3.7604562943e+00  4.1049691886e+00  4.5240461303e-01  8.2256396713e-01  2.4636160826e+00  4.7160217834e-01  2.7986420840e-01  7.6302271781e-01  1.5125396672e+00 -5.0300439058e-01  1.9704629939e+00  3.8896265910e+00  1.7155023208e+00  3.9773827070e-03  2.5568794861e+00  7.6657829359e-01 -6.9160775992e-01  3.6251832774e+00  4.0196027961e-02  5.2697229323e-01  2.7774158386e+00  1.6720176402e+00  2.2389692418e+00 -4.6225725118e-01  5.1680945250e+00  2.3719803452e+00
ENERGY -5.564508455336e+03

JOB 13
COORDS  1.0349816038e+00  5.6325455683e-01  1.6514479533e+00  3.1200951710e+00  9.1209250203e-01  2.3602452393e-01  2.2369690333e+00  1.4483953052e+00  1.3522425651e+00 -1.2384633656e-01  4.5304327420e+00  3.2169680667e+00  9.2530454088e-01  3.5942421265e+00  1.4352002908e+00  9.2629760852e-01  3.5990924152e+00  2.7254742251e+00  1.6312244259e+00  2.9658090514e+00  3.5533119554e+00  1.7790971229e+00  2.7572660412e+00  7.9875193742e-01  6.8590929425e-01  5.8956880405e+00  4.3427916405e+00 -1.5017247961e+00  3.4998072087e+00  4.1394435397e+00  4.2258630795e-01  9.7431981297e-01  2.4572262174e+00  4.1679377212e-01  4.3476796629e-01  7.5716883968e-01  1.3869836507e+00 -4.2236290996e-01  1.9733714157e+00  3.9397062773e+00  1.6031920046e+00  2.1474248037e-02  2.5440428237e+00  7.5484835991e-01 -6.8087497098e-01  3.5489262504e+00 -4.5708516771e-02  5.4668967895e-01  2.8145871592e+00  1.6369107141e+00  2.2531449502e+00 -5.8063718023e-01  5.0157401846e+00  2.3636184638e+00
ENERGY -5.564510084509e+03

JOB 14
COORDS  9.7791199559e-01  6.4189178425e-01  1.6154918124e+00  3.1119084650e+00  8.7965623622e-01  2.5078496457e-01  2.2407219195e+00  1.4528819856e+00  1.3579658452e+00 -1.2725290228e-01  4.4640011337e+00  3.2322590305e+00  9.4363799021e-01  3.5715479655e+00  1.4327312449e+00  9.9709339211e-01  3.6330509081e+00  2.7221886521e+00  1.7970864206e+00  3.0994058691e+00  3.5274676687e+00  1.8947907466e+00  2.8038466468e+00  8.3561471849e-01  5.7480007133e-01  5.9352917748e+00  4.2920886708e+00 -1.3575771687e+00  3.3222608292e+00  4.2291107882e+00  3.8296856718e-01  1.0602025649e+00  2.4311550429e+00  3.6036410983e-01  5.8689777044e-01  7.1339279178e-01  1.2616528731e+00 -3.7521898849e-01  1.9042812066e+00  3.9685962078e+00  1.5304007472e+00  5.5422156925e-02  2.5427499582e+00  7.6081542619e-01 -6.7613871759e-01  3.4881189825e+00 -1.0079041449e-01  5.5904050140e-01  2.8101920183e+00  1.5775340891e+00  2.2769796429e+00 -6.6046691774e-01  4.8741112771e+00  2.3836395198e+00
ENERGY -5.564511490655e+03

JOB 15
COORDS  9.2214176064e-01  6.4155462269e-01  1.5309113557e+00  3.1362558595e+00  8.7423010366e-01  2.9666914995e-01  2.2108933607e+00  1.4364934515e+00  1.3642923682e+00 -1.2310902299e-01  4.4410819231e+00  3.2617320691e+00  8.9457251692e-01  3.5021098682e+00  1.4467210185e+00  1.0398845139e+00  3.6837852193e+00  2.7192472136e+00  1.9475792790e+00  3.2914804835e+00  3.4834592572e+00  1.9273000708e+00  2.8092121938e+00  8.7574184848e-01  5.0523256935e-01  6.0501156264e+00  4.1505619479e+00 -1.1525445080e+00  3.2674685632e+00  4.4325765463e+00  2.8858553829e-01  1.0495515432e+00  2.3232480578e+00  3.5193403637e-01  6.2273677185e-01  5.9684149992e-01  1.1727847328e+00 -3.8748377255e-01  1.8074654696e+00  4.0155029731e+00  1.5122610277e+00  1.7263148480e-01  2.6209421894e+00  7.9578540960e-01 -6.6547672400e-01  3.4741533666e+00 -1.2260272999e-01  5.9657368436e-01  2.7310189291e+00  1.5211605768e+00  2.3190819864e+00 -7.5583143645e-01  4.7288467235e+00  2.4311973069e+00
ENERGY -5.564511729808e+03

JOB 16
COORDS  7.8966200068e-01  4.0096654958e-01  1.1324591425e+00  3.2061356612e+00  9.8890572538e-01  5.6217498764e-01  1.9547499053e+00  1.3623065819e+00  1.3391770963e+00  4.0856417853e-02  4.5070501853e+00  3.4434818224e+00  6.2062978907e-01  3.3386022463e+00  1.5634888069e+00  1.1027921708e+00  3.7888711885e+00  2.6788208537e+00  2.2496837816e+00  3.6743965560e+00  3.1505631538e+00  1.5946039885e+00  2.6984913616e+00  8.2750555334e-01  6.1542027724e-01  6.3284273239e+00  3.7936216509e+00 -3.6389542138e-01  3.4986788267e+00  5.0618233885e+00 -1.0084716319e-01  7.3719725105e-01  1.6712244502e+00  5.4286478473e-01  3.1803800302e-01  6.9466928629e-02  1.0586312563e+00 -5.9223307960e-01  1.5075884600e+00  4.0017123390e+00  1.7152994019e+00  7.4581656522e-01  2.9972502009e+00  9.5705054099e-01 -5.1188640752e-01  3.5541421981e+00  2.6506766887e-04  8.7680475062e-01  2.1944881342e+00  1.4588133921e+00  2.4009873699e+00 -8.5158359190e-01  4.5366604830e+00  2.8303569677e+00
ENERGY -5.564511502139e+03

JOB 17
COORDS  7.5954224995e-01  3.7742517419e-01  1.0132691027e+00  3.2136923552e+00  9.5451595041e-01  6.2358329376e-01  1.9229638053e+00  1.3047955640e+00  1.3460722477e+00  5.5462273053e-02  4.5381223800e+00  3.4817569893e+00  6.1265573176e-01  3.2479878286e+00  1.6733667035e+00  1.1277835085e+00  3.8522067554e+00  2.6982559419e+00  2.3107634911e+00  3.9033744463e+00  3.0737873036e+00  1.6232060385e+00  2.6786620545e+00  9.1871074606e-01  4.4439286161e-01  6.4374195553e+00  3.5841812380e+00 -9.5955016903e-02  3.6828216482e+00  5.2255748996e+00 -1.5739272706e-01  6.9755668130e-01  1.5155510601e+00  5.7857842731e-01  3.6344125104e-01 -6.6015587146e-02  9.9121803824e-01 -6.4147543788e-01  1.3413805948e+00  4.0075381352e+00  1.6535110413e+00  8.9807067860e-01  3.0684885038e+00  9.9318020594e-01 -4.6068172147e-01  3.5259507437e+00 -5.8663434540e-02  8.9468544151e-01  2.0998342709e+00  1.3289194117e+00  2.4271095782e+00 -8.8142596111e-01  4.4039865295e+00  2.9548170300e+00
ENERGY -5.564511119368e+03

JOB 18
COORDS  1.0715083722e+00  8.8469576386e-02  1.6503536860e-01  2.6651912002e+00  1.2149111508e+00  1.7980823578e+00  1.2145637448e+00  9.1620248642e-01  1.4335593563e+00  8.3565939132e-01  4.7668842108e+00  3.4896560231e+00  2.8108328506e-01  2.8955874531e+00  2.3007822949e+00  1.0710928693e+00  3.9229198985e+00  2.2780469205e+00  1.9140476011e+00  4.2637708818e+00  1.4330894424e+00  4.5739761243e-01  2.1411287623e+00  1.1554577480e+00  2.7365461732e-01  6.5456497292e+00  2.9504573352e+00  2.4548713023e+00  4.7609573261e+00  4.5737676838e+00  1.7640191133e-02 -8.6041379941e-02 -6.7597417191e-02  1.5368505981e+00  6.0239185866e-01 -6.8151929054e-01  1.5651726951e+00 -8.7887540088e-01  2.9790825083e-01  2.7389602402e+00  1.8139094113e+00  2.7100492163e+00  3.1655723612e+00  1.7519870849e+00  9.8896071732e-01  3.1904451747e+00  2.7082857750e-01  1.9793000942e+00  7.1419201980e-01  4.1425711790e-01  2.2718266431e+00  3.9393452816e-02  4.3128488604e+00  4.0666127959e+00
ENERGY -5.564511808046e+03

JOB 19
COORDS  1.0550717554e+00  1.0259909474e-01  1.3752631579e-01  2.6822466961e+00  1.0829236503e+00  1.8362464894e+00  1.2261572617e+00  9.0004515494e-01  1.4211999204e+00  8.2490571450e-01  4.8047499640e+00  3.5028610964e+00  4.2071296138e-01  2.8965808621e+00  2.3149212846e+00  1.0805132692e+00  4.0100134549e+00  2.2656787048e+00  1.8194078795e+00  4.4565936124e+00  1.3719345953e+00  6.1302544626e-01  2.1995405159e+00  1.1414585806e+00 -4.9733570865e-03  6.4987749498e+00  3.0353356685e+00  2.5033161037e+00  5.0088480698e+00  4.4717848950e+00 -2.4326435384e-03  8.5547041033e-03 -1.2355760896e-01  1.5774938246e+00  5.9233121277e-01 -6.8987617835e-01  1.4739800817e+00 -8.9986611733e-01  2.6669405053e-01  2.7623089444e+00  1.6870204090e+00  2.7448326768e+00  3.2477427080e+00  1.5762046872e+00  1.0408653667e+00  3.1345944610e+00  1.0683932769e-01  2.0410677574e+00  6.5459118099e-01  4.3955319024e-01  2.2367119735e+00  1.3863444127e-01  4.2464808628e+00  4.1277899523e+00
ENERGY -5.564513941965e+03

JOB 20
COORDS  1.0419598452e+00  1.3544278632e-01  1.1126140218e-01  2.7071905606e+00  9.3297924535e-01  1.8691690204e+00  1.2523712388e+00  8.8867241867e-01  1.4154918920e+00  8.0823984963e-01  4.8492767040e+00  3.5122475735e+00  5.7414705641e-01  2.9048429449e+00  2.3394752319e+00  1.0753797829e+00  4.0945236878e+00  2.2563622311e+00  1.6765591350e+00  4.6331832491e+00  1.3088643745e+00  7.7707169590e-01  2.2467062761e+00  1.1520709018e+00 -2.8652915881e-01  6.4093705317e+00  3.1222403156e+00  2.5090958433e+00  5.2967532280e+00  4.3531107486e+00 -1.2470960159e-02  1.4491968454e-01 -1.7755436194e-01  1.6285273807e+00  5.8957015971e-01 -6.9314478069e-01  1.3629684319e+00 -9.0379024949e-01  2.2927904409e-01  2.8131129676e+00  1.5179001635e+00  2.7875609796e+00  3.3346116414e+00  1.3841293655e+00  1.0947579348e+00  3.0682020796e+00 -8.1314420145e-02  2.0688615022e+00  6.1942949660e-01  4.6976748399e-01  2.2069652639e+00  2.5742984250e-01  4.2048543457e+00  4.1864562671e+00
ENERGY -5.564515999989e+03

JOB 21
COORDS  1.0416528888e+00  1.8339812797e-01  8.4468914870e-02  2.7149129154e+00  7.8685800544e-01  1.9108707158e+00  1.2775185404e+00  8.8443226579e-01  1.4134256972e+00  8.0566404438e-01  4.8882889249e+00  3.5137517890e+00  7.3793279888e-01  2.9195626261e+00  2.3673167279e+00  1.0605989903e+00  4.1639256195e+00  2.2419964255e+00  1.4955839979e+00  4.7655811160e+00  1.2397432387e+00  9.3510200283e-01  2.2855859544e+00  1.1720434173e+00 -5.3666420617e-01  6.2698033115e+00  3.2266713672e+00  2.4911057893e+00  5.5928014297e+00  4.1953291349e+00  2.3404897072e-03  2.9604445852e-01 -2.3568632421e-01  1.6922441981e+00  5.9964869657e-01 -6.9066152981e-01  1.2627385510e+00 -8.8324889219e-01  1.8572346191e-01  2.8425614259e+00  1.3407693791e+00  2.8453117519e+00  3.4050965456e+00  1.1944688437e+00  1.1658764810e+00  2.9770849796e+00 -2.6005538703e-01  2.0951850680e+00  5.8437898316e-01  5.0719781467e-01  2.1740668913e+00  4.1744379396e-01  4.1827253107e+00  4.2380423123e+00
ENERGY -5.564518031168e+03

JOB 22
COORDS  1.0524806841e+00  2.3716479795e-01  5.9802298749e-02  2.7063118181e+00  6.5424972699e-01  1.9544101448e+00  1.3014820132e+00  8.8827671473e-01  1.4117775374e+00  8.1292495914e-01  4.9232529810e+00  3.5109863728e+00  9.0810260239e-01  2.9389242838e+00  2.3920928709e+00  1.0359146807e+00  4.2120944876e+00  2.2277782166e+00  1.2883608280e+00  4.8424915027e+00  1.1800244505e+00  1.0875049661e+00  2.3177251951e+00  1.1903028792e+00 -7.3019003643e-01  6.1018688577e+00  3.3480600952e+00  2.4416895594e+00  5.8701014405e+00  4.0142883539e+00  3.9192096193e-02  4.4744213659e-01 -2.9278192148e-01  1.7639128445e+00  6.0950341592e-01 -6.8358150230e-01  1.1757512676e+00 -8.4655271981e-01  1.4439447929e-01  2.8487126778e+00  1.1760010224e+00  2.9048493948e+00  3.4555533307e+00  1.0135210033e+00  1.2420672731e+00  2.8690289736e+00 -4.1530522361e-01  2.1221089525e+00  5.5158209632e-01  5.5801000549e-01  2.1389599795e+00  5.9898136769e-01  4.1890179771e+00  4.2779356651e+00
ENERGY -5.564519442269e+03

JOB 23
COORDS  1.0217476789e+00  2.7561485597e-02  2.1054208327e-01  2.8403890135e+00  1.0696026610e+00  1.6608723368e+00  1.3489690330e+00  8.6983514424e-01  1.4378542521e+00 -2.4833937133e+00  3.3807651664e+00  1.4600640795e+00 -5.4597267864e-01  2.1832661068e+00  1.4310553349e+00 -1.0106027206e+00  3.3777723457e+00  1.2900771372e+00 -3.8851823624e-01  4.4326889233e+00  1.0435309332e+00  8.0857244713e-01  2.2199962906e+00  1.2801353160e+00 -3.3286220992e+00  3.9527714380e+00 -2.0170379071e-01 -2.9616390292e+00  4.5047946698e+00  2.9792439069e+00 -5.9309099951e-02 -5.1150781519e-02  6.7861907857e-02  1.4623121308e+00  4.7345660420e-01 -6.8677789066e-01  1.4271471179e+00 -9.8211050773e-01  3.3202961088e-01  3.0226335959e+00  1.6930069609e+00  2.5402343534e+00  3.2985950872e+00  1.5515842347e+00  7.9186732419e-01  3.3226330537e+00  9.9485526088e-02  1.8129008971e+00  8.8418115512e-01  4.4018289346e-01  2.3316540883e+00 -2.8077334124e+00  2.3694336253e+00  1.6725416531e+00
ENERGY -5.564519778798e+03

