JOB 0
COORDS  2.0915230325e+00 -7.4897916959e-01 -1.0021671037e-01  2.7648004811e+00 -1.9053421749e+00  1.9519564770e+00  1.0083859286e+00 -1.8263619520e-01  5.7435694072e-01  1.6915650391e+00 -1.3300263111e+00  2.6272902088e+00  2.9461384987e+00 -1.5976646931e+00  6.0149610163e-01  8.2789536223e-01 -4.8387657909e-01  1.9249498036e+00 -1.5006210296e+00 -1.2016008290e+00  2.9567954057e+00  4.0768927692e+00 -2.2199451755e+00 -1.2073966321e-01  4.6434154090e+00 -3.1705242808e+00  4.2434895854e-01  4.3672484604e+00 -1.7606459365e+00 -1.2282036046e+00 -1.2033703942e+00  1.2186109295e+00  1.9055294386e+00 -1.3503234256e-01  6.3120553247e-01  4.1537695198e+00 -5.4514753085e-01  2.6994561993e-01  2.8045333926e+00 -2.7534316944e+00 -1.0558515961e+00  4.1894049316e+00  2.2806125753e+00 -5.3737376923e-01 -1.1460528090e+00  3.4531093975e+00 -2.5785331565e+00  2.4495107176e+00  3.2182282036e-01  4.8947536078e-01  6.9922736876e-02  1.5230062081e+00 -1.5316617433e+00  3.6799640142e+00 -2.0055707491e+00 -1.3116193526e+00  2.0701299970e+00
ENERGY -1.500288912003e+03

JOB 1
COORDS  2.0885854347e+00 -7.5007978807e-01 -1.1352783009e-01  2.7586092079e+00 -1.8793958433e+00  1.9547786768e+00  9.9441401952e-01 -1.9007016199e-01  5.4870745354e-01  1.6814641850e+00 -1.3007847829e+00  2.6209665557e+00  2.9481967649e+00 -1.5787634585e+00  6.0431349431e-01  8.1283871939e-01 -4.7221946659e-01  1.9033883881e+00 -1.5074570336e+00 -1.1942013457e+00  2.9529509551e+00  4.0762700852e+00 -2.2102209641e+00 -1.0856498172e-01  4.4631494006e+00 -3.3057853044e+00  3.0654722782e-01  4.5319349347e+00 -1.6134174169e+00 -1.0872983613e+00 -1.2367989930e+00  1.2066559685e+00  1.8493207824e+00 -1.6182297389e-01  6.7769022486e-01  4.1088089285e+00 -5.6819533972e-01  2.8386979799e-01  2.7675558334e+00 -2.7654095834e+00 -1.0318160396e+00  4.1784642415e+00  2.2822905505e+00 -5.4580437010e-01 -1.1604555078e+00  3.4444779646e+00 -2.5488454113e+00  2.4614457479e+00  3.0064716692e-01  4.6493771475e-01  3.1767693913e-02  1.5111617563e+00 -1.4894330297e+00  3.6757840479e+00 -2.0085775928e+00 -1.3318354437e+00  2.0680033367e+00
ENERGY -1.500287734758e+03

JOB 2
COORDS  2.0866801298e+00 -7.5916692003e-01 -1.1939859166e-01  2.7700413749e+00 -1.8662604360e+00  1.9578620371e+00  9.8965645820e-01 -2.0259378878e-01  5.4146286594e-01  1.6927076169e+00 -1.2862061111e+00  2.6223554436e+00  2.9545818435e+00 -1.5713161935e+00  6.0601879785e-01  8.1503771304e-01 -4.7132117032e-01  1.8997428650e+00 -1.4873736406e+00 -1.2075462184e+00  2.9751085096e+00  4.0701261722e+00 -2.2173514393e+00 -1.0999974734e-01  4.2752771287e+00 -3.4091921137e+00  1.3323061443e-01  4.6842598976e+00 -1.5327963864e+00 -9.3175032997e-01 -1.2562173710e+00  1.1792577162e+00  1.8308903854e+00 -1.6207698926e-01  7.0154186686e-01  4.0923645637e+00 -5.6994117462e-01  2.8032567840e-01  2.7598030318e+00 -2.7529111005e+00 -1.0355004084e+00  4.1917814658e+00  2.2751026280e+00 -5.6142165031e-01 -1.1690540477e+00  3.4574310594e+00 -2.5318292821e+00  2.4686743155e+00  2.8723341692e-01  4.3931480700e-01  1.9796874114e-02  1.5263110233e+00 -1.4668359530e+00  3.6792003698e+00 -1.9830255494e+00 -1.3725517398e+00  2.0917148430e+00
ENERGY -1.500285795720e+03

JOB 3
COORDS  2.0810547371e+00 -7.7675632948e-01 -1.2869764769e-01  2.7947213600e+00 -1.8546851088e+00  1.9537555032e+00  9.8999200118e-01 -2.1721516955e-01  5.3967745953e-01  1.7220871848e+00 -1.2724552380e+00  2.6245204215e+00  2.9614224243e+00 -1.5736747174e+00  5.9742025251e-01  8.3245495562e-01 -4.6962507787e-01  1.9032174986e+00 -1.4512638752e+00 -1.2003348705e+00  3.0187059075e+00  4.0728951976e+00 -2.2203071497e+00 -1.2475762647e-01  4.1146474665e+00 -3.4521375512e+00 -9.4050809795e-02  4.8444723351e+00 -1.4835411778e+00 -7.4220587938e-01 -1.2449248048e+00  1.1728117424e+00  1.8395684900e+00 -1.2050512240e-01  7.2890359673e-01  4.0925346597e+00 -5.4311133200e-01  2.8826558689e-01  2.7708125078e+00 -2.7174501564e+00 -1.0080420752e+00  4.2321867553e+00  2.2534178742e+00 -5.8890932809e-01 -1.1833921322e+00  3.4909251348e+00 -2.5098503555e+00  2.4670301642e+00  2.7884197764e-01  4.1580448864e-01  1.8929915691e-02  1.5690144455e+00 -1.4421896304e+00  3.6851983367e+00 -1.9468293460e+00 -1.3870675472e+00  2.1395482229e+00
ENERGY -1.500283469181e+03

JOB 4
COORDS  2.0427845141e+00 -8.1171364982e-01 -1.2614810813e-01  2.7939402089e+00 -1.8463768012e+00  1.9642551963e+00  9.5500446470e-01 -2.4990669563e-01  5.4586142578e-01  1.7183174585e+00 -1.2704965383e+00  2.6365128431e+00  2.9373697330e+00 -1.5906087798e+00  6.0110722093e-01  8.1269836050e-01 -4.8749473545e-01  1.9137942858e+00 -1.4636583975e+00 -1.2322732217e+00  3.0321299995e+00  4.0598187749e+00 -2.2234403850e+00 -1.1968567570e-01  3.9724275285e+00 -3.4346865961e+00 -3.2747037710e-01  4.9779286210e+00 -1.4871767541e+00 -4.8346124674e-01 -1.2726199324e+00  1.1442652642e+00  1.8561425906e+00 -1.4212841835e-01  7.0273718273e-01  4.1064773378e+00 -5.6416006299e-01  2.6195996178e-01  2.7845567621e+00 -2.7420036568e+00 -1.0411153201e+00  4.2335056409e+00  2.1973698334e+00 -6.3900422488e-01 -1.1864767769e+00  3.5076183308e+00 -2.4773650964e+00  2.4844154129e+00  2.3519058417e-01  3.7275039825e-01  2.4414318535e-02  1.5780144309e+00 -1.4272891095e+00  3.7009685669e+00 -1.9507913242e+00 -1.4264423468e+00  2.1498331999e+00
ENERGY -1.500281506321e+03

JOB 5
COORDS  2.0259775467e+00 -8.3521043109e-01 -1.3629002411e-01  2.8029299841e+00 -1.8314647907e+00  1.9630124890e+00  9.4408592503e-01 -2.6434478522e-01  5.3778050525e-01  1.7242355565e+00 -1.2595087121e+00  2.6339776188e+00  2.9254935804e+00 -1.6061278198e+00  5.9270150080e-01  8.1013360499e-01 -4.8893095056e-01  1.9087151026e+00 -1.4506652731e+00 -1.2291170753e+00  3.0595803370e+00  4.0680265467e+00 -2.2153007513e+00 -1.1893648552e-01  3.8936189960e+00 -3.3404593435e+00 -5.8895676032e-01  5.1024547157e+00 -1.5506807404e+00 -1.8462969021e-01 -1.2852023982e+00  1.1298921950e+00  1.8447184084e+00 -1.3283162000e-01  7.3039870137e-01  4.0914828720e+00 -5.6272293721e-01  2.6637775388e-01  2.7800598542e+00 -2.7240456377e+00 -1.0242124678e+00  4.2641026140e+00  2.1666038817e+00 -6.8050775516e-01 -1.2014531189e+00  3.5334896605e+00 -2.4366709861e+00  2.4905565057e+00  2.2189383723e-01  3.5467118630e-01  1.5291449474e-02  1.5930945677e+00 -1.4032713496e+00  3.7014512826e+00 -1.9410631644e+00 -1.4424268751e+00  2.1835183959e+00
ENERGY -1.500280736383e+03

JOB 6
COORDS  2.0073112759e+00 -8.7101215876e-01 -1.4581049123e-01  2.8100196126e+00 -1.8149461263e+00  1.9680091957e+00  9.3028295272e-01 -2.8849432197e-01  5.2604534044e-01  1.7265066860e+00 -1.2461809440e+00  2.6335175872e+00  2.9137146030e+00 -1.6274875298e+00  5.9008686320e-01  8.0344302637e-01 -4.9338111192e-01  1.9007170118e+00 -1.4595014520e+00 -1.2231317546e+00  3.0553790657e+00  4.0717597872e+00 -2.2168603551e+00 -1.1085536304e-01  3.8519185587e+00 -3.1997455567e+00 -8.2087925252e-01  5.1693941101e+00 -1.6963912760e+00  9.1779142382e-02 -1.2899148735e+00  1.1274282127e+00  1.8253506962e+00 -1.3885385499e-01  7.4127977195e-01  4.0752797148e+00 -5.6918645668e-01  2.6924296822e-01  2.7669038053e+00 -2.7279046589e+00 -1.0113662861e+00  4.2638316938e+00  2.1371241127e+00 -7.4153066996e-01 -1.2156092321e+00  3.5587128183e+00 -2.3900758581e+00  2.5034252155e+00  2.0597438582e-01  3.2404582345e-01 -1.0741292479e-03  1.6026184952e+00 -1.3715132124e+00  3.7041744595e+00 -1.9535240823e+00 -1.4386849579e+00  2.1819149146e+00
ENERGY -1.500281524212e+03

JOB 7
COORDS  1.9782557192e+00 -8.9206481246e-01 -1.5015667301e-01  2.8161866212e+00 -1.7989549342e+00  1.9672069512e+00  9.0474184553e-01 -3.0958357128e-01  5.2677412363e-01  1.7309264097e+00 -1.2387521908e+00  2.6365681994e+00  2.8984224634e+00 -1.6345147244e+00  5.8427505749e-01  7.9311623522e-01 -5.0354094311e-01  1.9044379529e+00 -1.4616663769e+00 -1.2439462856e+00  3.0703757186e+00  4.0605924830e+00 -2.2056468820e+00 -1.2134186444e-01  3.8243745908e+00 -2.9959422375e+00 -1.0381123969e+00  5.1773458187e+00 -1.8825111579e+00  2.8716728906e-01 -1.3104980071e+00  1.1048935346e+00  1.8374556659e+00 -1.4469232437e-01  7.2882551423e-01  4.0818948648e+00 -5.8025479635e-01  2.5265599568e-01  2.7768342493e+00 -2.7127304577e+00 -1.0436487332e+00  4.2983684382e+00  2.0958836076e+00 -7.7904638659e-01 -1.2229587809e+00  3.5835140521e+00 -2.3507279860e+00  2.5001045785e+00  1.7149402993e-01  2.9392019557e-01  1.6345879264e-03  1.6185011911e+00 -1.3528861204e+00  3.7097303080e+00 -1.9676905282e+00 -1.4562306556e+00  2.2030142298e+00
ENERGY -1.500283500427e+03

JOB 8
COORDS  1.9756742083e+00 -9.1824162024e-01 -1.5624544335e-01  2.8126234410e+00 -1.7932180054e+00  1.9750117832e+00  8.9884395088e-01 -3.3027971704e-01  5.1022269739e-01  1.7230805968e+00 -1.2297349008e+00  2.6340724447e+00  2.8989855561e+00 -1.6465394055e+00  5.8964118749e-01  7.8491866541e-01 -5.0707140558e-01  1.8899218756e+00 -1.4684955890e+00 -1.2323057581e+00  3.0754216157e+00  4.0649264148e+00 -2.2197883021e+00 -1.0710042329e-01  3.8518471707e+00 -2.7896115206e+00 -1.1806346538e+00  5.1590939141e+00 -2.1213572709e+00  4.5270578438e-01 -1.3273275752e+00  1.0893201594e+00  1.7953491675e+00 -1.5181468096e-01  7.6377940111e-01  4.0438968679e+00 -5.9103933677e-01  2.6010153757e-01  2.7505423309e+00 -2.6736873462e+00 -1.0321651439e+00  4.3474877382e+00  2.0975933313e+00 -8.2139429464e-01 -1.2297148205e+00  3.5819423505e+00 -2.3349387562e+00  2.5144051484e+00  1.6477884075e-01  2.6399988393e-01 -2.4123354031e-02  1.6074357181e+00 -1.3316791957e+00  3.7081023449e+00 -2.0048071164e+00 -1.4429101980e+00  2.2261712555e+00
ENERGY -1.500285817040e+03

JOB 9
COORDS  1.9745346068e+00 -9.3180882127e-01 -1.6488957236e-01  2.8234907124e+00 -1.7737330941e+00  1.9735004242e+00  8.9501589796e-01 -3.4349518209e-01  4.9665449808e-01  1.7346577157e+00 -1.2055869127e+00  2.6296895476e+00  2.9089075850e+00 -1.6421710084e+00  5.8595626809e-01  7.8853787785e-01 -5.0030521101e-01  1.8793344398e+00 -1.4537976512e+00 -1.2281183358e+00  3.0825127184e+00  4.0699869801e+00 -2.2308057988e+00 -1.1011006013e-01  3.9091423764e+00 -2.5718073874e+00 -1.2851740862e+00  5.1098294405e+00 -2.3669864170e+00  5.3909140971e-01 -1.3374999984e+00  1.0782104521e+00  1.7718042742e+00 -1.5081879256e-01  7.9202630093e-01  4.0196722681e+00 -5.9110708963e-01  2.6766197411e-01  2.7349890612e+00 -2.6582676377e+00 -1.0214568977e+00  4.3540793037e+00  2.0939666457e+00 -8.4848123380e-01 -1.2392230334e+00  3.5951868584e+00 -2.3090012930e+00  2.5149606906e+00  1.5345422179e-01  2.3592752072e-01 -4.3635241333e-02  1.6237460615e+00 -1.2937180753e+00  3.7054204859e+00 -1.9895489248e+00 -1.4561164793e+00  2.2373988089e+00
ENERGY -1.500287752318e+03

JOB 10
COORDS  1.9616563948e+00 -9.4172360974e-01 -1.6249074237e-01  2.8222030407e+00 -1.7650736658e+00  1.9782448346e+00  8.7750744992e-01 -3.6116371963e-01  4.9812051001e-01  1.7342429154e+00 -1.1956389058e+00  2.6347430747e+00  2.9075866833e+00 -1.6359417819e+00  5.8992368445e-01  7.7907911059e-01 -5.0490713871e-01  1.8827187468e+00 -1.4483212228e+00 -1.2390380346e+00  3.1117368227e+00  4.0655104622e+00 -2.2349952181e+00 -1.0790264970e-01  3.9968551777e+00 -2.3380863732e+00 -1.3354394061e+00  5.0169242528e+00 -2.6052031749e+00  5.8438118735e-01 -1.3646761979e+00  1.0493879698e+00  1.7692635711e+00 -1.5825371834e-01  8.0633224120e-01  4.0120546019e+00 -6.0291194638e-01  2.6014622922e-01  2.7380285007e+00 -2.6362202106e+00 -1.0308230174e+00  4.3983059565e+00  2.0791766046e+00 -8.6244283485e-01 -1.2368940632e+00  3.5947672576e+00 -2.2990936365e+00  2.5189065176e+00  1.2626352626e-01  2.0305445962e-01 -4.4838714719e-02  1.6287584042e+00 -1.2758214098e+00  3.7116133121e+00 -1.9938363474e+00 -1.4793084675e+00  2.2763600945e+00
ENERGY -1.500288926062e+03

JOB 11
COORDS  1.9530461511e+00 -9.4294817195e-01 -1.5158726371e-01  2.8115291574e+00 -1.7426089527e+00  1.9989093942e+00  8.5972185732e-01 -3.6949133979e-01  5.0012053052e-01  1.7212642894e+00 -1.1690243367e+00  2.6479832388e+00  2.9045732086e+00 -1.6191856517e+00  6.1041456247e-01  7.6138401049e-01 -4.9564814806e-01  1.8864562219e+00 -1.4508245498e+00 -1.2317978776e+00  3.1410691648e+00  4.0629872409e+00 -2.2296698563e+00 -7.9662315851e-02  4.1251806286e+00 -2.1060857645e+00 -1.3054820831e+00  4.8911109221e+00 -2.8227285528e+00  6.1609032947e-01 -1.4040760309e+00  1.0264897664e+00  1.7478697899e+00 -1.8561808699e-01  8.5098010831e-01  3.9899567400e+00 -6.2770318516e-01  2.6962168278e-01  2.7306460509e+00 -2.6388948639e+00 -1.0101376449e+00  4.4253966131e+00  2.0751940083e+00 -8.6937048189e-01 -1.2257209110e+00  3.5809679438e+00 -2.2749519726e+00  2.5453366279e+00  1.0128026528e-01  1.7631551616e-01 -5.1587602542e-02  1.6152659260e+00 -1.2370638207e+00  3.7256198278e+00 -1.9949339804e+00 -1.4983981321e+00  2.3128113062e+00
ENERGY -1.500289286378e+03

JOB 12
COORDS  1.9471970511e+00 -9.5548796691e-01 -1.5101928944e-01  2.8247043641e+00 -1.7283896856e+00  2.0014206909e+00  8.5188986473e-01 -3.8682337144e-01  5.0156726261e-01  1.7387678518e+00 -1.1492345394e+00  2.6528762899e+00  2.9107647423e+00 -1.6128398733e+00  6.1191288764e-01  7.6701833394e-01 -4.9393134383e-01  1.8904012624e+00 -1.4319881705e+00 -1.2380079553e+00  3.1634408370e+00  4.0570836966e+00 -2.2382965375e+00 -8.2188808844e-02  4.2571615643e+00 -1.9121945006e+00 -1.2550422724e+00  4.7446072182e+00 -3.0350670424e+00  5.6141616534e-01 -1.4116270069e+00  1.0083870538e+00  1.7490798725e+00 -1.8105731790e-01  8.6376224070e-01  3.9867182238e+00 -6.2399427573e-01  2.6723240885e-01  2.7348927109e+00 -2.6149405155e+00 -1.0155271571e+00  4.4521125511e+00  2.0633553399e+00 -8.8914048869e-01 -1.2264582201e+00  3.5959678941e+00 -2.2589511672e+00  2.5473194911e+00  8.1819940998e-02  1.4132219568e-01 -5.1213052010e-02  1.6425343742e+00 -1.2033660093e+00  3.7322436777e+00 -1.9780129312e+00 -1.5172531341e+00  2.3406025882e+00
ENERGY -1.500288907912e+03

JOB 13
COORDS  1.9424804733e+00 -9.6293727548e-01 -1.5526952917e-01  2.8268947561e+00 -1.7115150418e+00  2.0037008231e+00  8.4072568319e-01 -4.0134808908e-01  4.9274524089e-01  1.7402445007e+00 -1.1296250812e+00  2.6514224355e+00  2.9131981649e+00 -1.6003998828e+00  6.1443140162e-01  7.6118747093e-01 -4.9165684832e-01  1.8831840473e+00 -1.4255873120e+00 -1.2378978739e+00  3.1770752731e+00  4.0546005031e+00 -2.2331397257e+00 -7.5347199818e-02  4.4174824880e+00 -1.7315821814e+00 -1.1425613836e+00  4.5820527922e+00 -3.2018853644e+00  4.7703365150e-01 -1.4321853848e+00  9.8690302423e-01  1.7282332773e+00 -1.9171258236e-01  8.8689640839e-01  3.9630857775e+00 -6.3359520477e-01  2.6795518011e-01  2.7217963898e+00 -2.6054998945e+00 -1.0059900256e+00  4.4669816203e+00  2.0584481974e+00 -9.0218408206e-01 -1.2315218909e+00  3.5981120682e+00 -2.2390227555e+00  2.5533969456e+00  6.2441669879e-02  1.0987614231e-01 -6.4439938503e-02  1.6466983779e+00 -1.1720492826e+00  3.7315593384e+00 -1.9721262173e+00 -1.5354894618e+00  2.3610823800e+00
ENERGY -1.500287721125e+03

JOB 14
COORDS  1.9564796068e+00 -9.6482308377e-01 -1.6771453992e-01  2.8342934243e+00 -1.6877150567e+00  2.0034244277e+00  8.4770561489e-01 -4.0416700484e-01  4.6946372322e-01  1.7435638460e+00 -1.1013783189e+00  2.6401283867e+00  2.9272704047e+00 -1.5852866330e+00  6.1445457941e-01  7.6384815748e-01 -4.7776448887e-01  1.8606409395e+00 -1.4069996777e+00 -1.2216437052e+00  3.1780719008e+00  4.0658932647e+00 -2.2316031177e+00 -6.3640978390e-02  4.6063327587e+00 -1.6023711025e+00 -9.7669661034e-01  4.4166315544e+00 -3.3364583039e+00  3.5754314190e-01 -1.4472768311e+00  9.6973750414e-01  1.6764502159e+00 -2.0230290685e-01  9.3774856741e-01  3.9100858488e+00 -6.3762940189e-01  2.8381068117e-01  2.6843896161e+00 -2.6154321054e+00 -9.6667893842e-01  4.4374438087e+00  2.0760050300e+00 -9.1284644719e-01 -1.2445739391e+00  3.6016524392e+00 -2.2111123965e+00  2.5632808963e+00  6.6902008966e-02  9.3201320345e-02 -9.6698112135e-02  1.6452032548e+00 -1.1328935472e+00  3.7202216436e+00 -1.9328780415e+00 -1.5586415141e+00  2.3637385894e+00
ENERGY -1.500285760674e+03

JOB 15
COORDS  1.9507070094e+00 -9.8398598633e-01 -1.7173058835e-01  2.8483319362e+00 -1.6678431607e+00  2.0049230799e+00  8.4390185530e-01 -4.1874622554e-01  4.6526381665e-01  1.7581733809e+00 -1.0783203148e+00  2.6399966012e+00  2.9293657665e+00 -1.5849290406e+00  6.1456751703e-01  7.7020451382e-01 -4.7110940102e-01  1.8579450787e+00 -1.3876591703e+00 -1.2051703784e+00  3.1990122637e+00  4.0687260221e+00 -2.2348928174e+00 -5.9511306696e-02  4.7736215294e+00 -1.5229390298e+00 -7.7785743971e-01  4.2523232468e+00 -3.4297868875e+00  1.8152675697e-01 -1.4462224348e+00  9.6690108024e-01  1.6681077635e+00 -1.8823639704e-01  9.6849817126e-01  3.8940911153e+00 -6.2784087190e-01  2.9659411418e-01  2.6796076911e+00 -2.6099223723e+00 -9.3236317811e-01  4.4417440021e+00  2.0594940164e+00 -9.4706916111e-01 -1.2507788647e+00  3.6219270748e+00 -2.1774909031e+00  2.5697700496e+00  5.7057393823e-02  6.6769492811e-02 -1.0288800166e-01  1.6670713544e+00 -1.0946771186e+00  3.7210827029e+00 -1.9037833611e+00 -1.5642194064e+00  2.3878010555e+00
ENERGY -1.500283437014e+03

JOB 16
COORDS  1.9343007700e+00 -9.9718286686e-01 -1.6950105180e-01  2.8594184475e+00 -1.6350745111e+00  2.0079200249e+00  8.2934382110e-01 -4.2936913472e-01  4.6894133594e-01  1.7657911380e+00 -1.0517929679e+00  2.6434504536e+00  2.9233531212e+00 -1.5803469346e+00  6.1596926651e-01  7.6508204907e-01 -4.6465694501e-01  1.8625747010e+00 -1.3781335633e+00 -1.2072529340e+00  3.2196835920e+00  4.0721883970e+00 -2.2187211972e+00 -5.6690760168e-02  4.9225134202e+00 -1.4709295739e+00 -5.4163933531e-01  4.1021032106e+00 -3.4503291778e+00 -5.4414438371e-02 -1.4638559526e+00  9.5379348047e-01  1.6737256718e+00 -1.9565375668e-01  9.8141704586e-01  3.8934163586e+00 -6.3428806979e-01  2.9736378198e-01  2.6853015062e+00 -2.6122051590e+00 -9.3212301599e-01  4.4506373097e+00  2.0287588142e+00 -9.7713686325e-01 -1.2505988231e+00  3.6469681091e+00 -2.1188754662e+00  2.5768601869e+00  3.5991892285e-02  4.4768759503e-02 -9.9811263039e-02  1.6842392356e+00 -1.0543776867e+00  3.7254188312e+00 -1.8847783144e+00 -1.5831758096e+00  2.4101003193e+00
ENERGY -1.500281499468e+03

JOB 17
COORDS  1.9199577798e+00 -1.0370446385e+00 -1.7633010583e-01  2.8705035178e+00 -1.6119877975e+00  2.0058198369e+00  8.2017649635e-01 -4.5497101673e-01  4.5808364640e-01  1.7737496529e+00 -1.0295117988e+00  2.6375431069e+00  2.9157185841e+00 -1.6037214370e+00  6.1254270358e-01  7.6395776087e-01 -4.6440678243e-01  1.8525907002e+00 -1.3796020615e+00 -1.1925662054e+00  3.2164922261e+00  4.0783172383e+00 -2.2229714490e+00 -5.6899600190e-02  5.0443380035e+00 -1.4939826150e+00 -2.8377635986e-01  3.9881457806e+00 -3.4201497478e+00 -3.3264271277e-01 -1.4628337949e+00  9.5585003254e-01  1.6530696108e+00 -1.9372093226e-01  9.9961710066e-01  3.8720378214e+00 -6.3348924300e-01  3.0651711390e-01  2.6694606818e+00 -2.6163334689e+00 -9.0444288186e-01  4.4419934030e+00  2.0011346576e+00 -1.0457141452e+00 -1.2587220013e+00  3.6741052995e+00 -2.0610256747e+00  2.5810144878e+00  2.4513771445e-02  1.0357634280e-02 -1.1474699291e-01  1.7013059936e+00 -1.0084877952e+00  3.7199821186e+00 -1.8850220118e+00 -1.5755353407e+00  2.4094282631e+00
ENERGY -1.500280734334e+03

JOB 18
COORDS  1.9015285862e+00 -1.0810456911e+00 -1.6929451353e-01  2.8788574917e+00 -1.5972189428e+00  2.0174336081e+00  8.0690779197e-01 -4.8763473046e-01  4.6305197755e-01  1.7782833907e+00 -1.0192758044e+00  2.6463915711e+00  2.9045843370e+00 -1.6296864071e+00  6.2371358550e-01  7.5950859302e-01 -4.7538180335e-01  1.8579581063e+00 -1.3845875473e+00 -1.1963712205e+00  3.2254294133e+00  4.0786994511e+00 -2.2239426451e+00 -4.5685633056e-02  5.1242540100e+00 -1.5737223173e+00 -1.6452932504e-02  3.9116937945e+00 -3.3090062503e+00 -6.0527212359e-01 -1.4681598263e+00  9.4206568387e-01  1.6489915350e+00 -1.9994448613e-01  1.0005667349e+00  3.8683050278e+00 -6.3892230774e-01  2.9982691484e-01  2.6699365162e+00 -2.6175988628e+00 -9.0255252095e-01  4.4532346555e+00  1.9720620469e+00 -1.1178550736e+00 -1.2517556086e+00  3.6995211707e+00 -2.0131128238e+00  2.5932869990e+00  7.8215266754e-03 -3.0860996220e-02 -1.1185754789e-01  1.7132278449e+00 -9.7801752525e-01  3.7287252196e+00 -1.8924978473e+00 -1.5822253751e+00  2.4213133397e+00
ENERGY -1.500281528727e+03

JOB 19
COORDS  1.8971972609e+00 -1.1028320154e+00 -1.7898044800e-01  2.8907220735e+00 -1.5817098870e+00  2.0093645113e+00  8.0478167174e-01 -5.0329635019e-01  4.5125913428e-01  1.7883766737e+00 -1.0066801914e+00  2.6368530976e+00  2.9060798274e+00 -1.6398363832e+00  6.1563129994e-01  7.6340143902e-01 -4.7738442763e-01  1.8461456274e+00 -1.3713733638e+00 -1.1924449742e+00  3.2325403316e+00  4.0874890244e+00 -2.2166547175e+00 -5.2482934655e-02  5.1802079850e+00 -1.7116025776e+00  2.1185361004e-01  3.8853324607e+00 -3.1277959468e+00 -8.5824599739e-01 -1.4729433011e+00  9.2648996601e-01  1.6327813412e+00 -1.9197494103e-01  1.0175922600e+00  3.8439539214e+00 -6.3529419357e-01  3.0071032432e-01  2.6568553545e+00 -2.5857465608e+00 -8.9324532066e-01  4.4771203478e+00  1.9632251258e+00 -1.1581116910e+00 -1.2606087245e+00  3.7226441548e+00 -1.9767463177e+00  2.5831244874e+00  2.6528815990e-03 -5.3411623784e-02 -1.2484403571e-01  1.7276465505e+00 -9.5227538723e-01  3.7188232779e+00 -1.8908088783e+00 -1.5834849576e+00  2.4383675706e+00
ENERGY -1.500283520404e+03

JOB 20
COORDS  1.8993600904e+00 -1.1197287768e+00 -1.9524643091e-01  2.8951745924e+00 -1.5600036469e+00  1.9999099648e+00  8.0352482951e-01 -5.1642623848e-01  4.2516222555e-01  1.7891802952e+00 -9.8301323166e-01  2.6185446597e+00  2.9135606439e+00 -1.6374094219e+00  6.0636728618e-01  7.6229094483e-01 -4.6995320302e-01  1.8193945544e+00 -1.3693880063e+00 -1.1633028424e+00  3.2243958242e+00  4.1003317857e+00 -2.2132740611e+00 -5.2554675136e-02  5.2022741984e+00 -1.9009577842e+00  4.0471909282e-01  3.9045517172e+00 -2.9276361391e+00 -1.0390247098e+00 -1.4793696966e+00  9.2344536941e-01  1.5840837833e+00 -1.9209155459e-01  1.0605162198e+00  3.7895610931e+00 -6.3793924807e-01  3.1980256018e-01  2.6182741259e+00 -2.5632087316e+00 -8.4654267549e-01  4.4839126459e+00  1.9685841130e+00 -1.1923610172e+00 -1.2751743502e+00  3.7303268555e+00 -1.9417916594e+00  2.5770997060e+00 -5.2858156308e-04 -7.8717572428e-02 -1.5753144092e-01  1.7269323691e+00 -9.1406042049e-01  3.6995946741e+00 -1.9012678972e+00 -1.5638496402e+00  2.4433643349e+00
ENERGY -1.500285838560e+03

JOB 21
COORDS  1.8936608933e+00 -1.1293674041e+00 -2.0999833275e-01  2.9009312212e+00 -1.5465322489e+00  1.9841828862e+00  7.9647154363e-01 -5.2848429737e-01  4.1003551892e-01  1.7962446061e+00 -9.6719477281e-01  2.6028737777e+00  2.9170767651e+00 -1.6323294621e+00  5.9045812617e-01  7.6255612685e-01 -4.6820605130e-01  1.8039198449e+00 -1.3536960678e+00 -1.1634520804e+00  3.2318901769e+00  4.0976827277e+00 -2.2263997035e+00 -6.7331484477e-02  5.1754392915e+00 -2.1454500680e+00  5.2731024685e-01  3.9289158781e+00 -2.7352616126e+00 -1.1786330494e+00 -1.4942616434e+00  9.0115420347e-01  1.5671034591e+00 -1.9225197839e-01  1.0782404227e+00  3.7613893058e+00 -6.4008766522e-01  3.1881909162e-01  2.6029708626e+00 -2.5267851332e+00 -8.4559805588e-01  4.5100256415e+00  1.9603448253e+00 -1.2107261033e+00 -1.2889851550e+00  3.7382697055e+00 -1.9252124557e+00  2.5592912815e+00 -1.4472912682e-02 -1.0363222316e-01 -1.7260100377e-01  1.7385673027e+00 -8.8943505506e-01  3.6835656112e+00 -1.8964279330e+00 -1.5723784092e+00  2.4627976070e+00
ENERGY -1.500287755321e+03

JOB 22
COORDS  2.0976280489e+00 -7.4040902439e-01 -9.5829216962e-02  2.7429238751e+00 -1.9425111963e+00  1.9386426098e+00  1.0255444477e+00 -1.6226206928e-01  5.8629345520e-01  1.6668921315e+00 -1.3746130891e+00  2.6157182978e+00  2.9305801126e+00 -1.6210586504e+00  5.9228352231e-01  8.2570066944e-01 -4.9559363839e-01  1.9265844554e+00 -1.5274392928e+00 -1.1892942428e+00  2.9195184505e+00  4.0781683788e+00 -2.2171690338e+00 -1.2510702425e-01  4.9539797685e+00 -2.7573175458e+00  5.5508201118e-01  4.0911190339e+00 -2.1217905157e+00 -1.3550514399e+00 -1.1682050677e+00  1.2505399727e+00  1.9348758526e+00 -1.3246049720e-01  5.8046418063e-01  4.1755737765e+00 -5.3878779797e-01  2.6426937300e-01  2.8139195882e+00 -2.7860002704e+00 -1.0490413193e+00  4.1469752993e+00  2.2916955734e+00 -5.1779935150e-01 -1.1384744232e+00  3.4302262396e+00 -2.6193856307e+00  2.4324997546e+00  3.6198765841e-01  5.4246997452e-01  9.5757051996e-02  1.4844400714e+00 -1.5995776113e+00  3.6613355470e+00 -2.0279109840e+00 -1.2642521680e+00  2.0266843756e+00
ENERGY -1.500288922647e+03

JOB 23
COORDS  2.0944482831e+00 -7.4336755083e-01 -9.8881921649e-02  2.7495017814e+00 -1.9218929867e+00  1.9456869815e+00  1.0152293446e+00 -1.7034882539e-01  5.7629527190e-01  1.6735217212e+00 -1.3491972912e+00  2.6190215660e+00  2.9380814736e+00 -1.6070699912e+00  5.9773690991e-01  8.2226286913e-01 -4.8659031816e-01  1.9217018733e+00 -1.5190701592e+00 -1.1889717266e+00  2.9373479980e+00  4.0786785476e+00 -2.2172753394e+00 -1.2117640356e-01  4.8111494216e+00 -2.9781148790e+00  5.1625100141e-01  4.2212261467e+00 -1.9259811970e+00 -1.3114028909e+00 -1.1902394858e+00  1.2384045198e+00  1.9118793856e+00 -1.3706078642e-01  6.1552124734e-01  4.1577535465e+00 -5.4644766466e-01  2.7294185249e-01  2.8033956212e+00 -2.7796611249e+00 -1.0373760611e+00  4.1615437713e+00  2.2879389419e+00 -5.2772327609e-01 -1.1430314891e+00  3.4359602990e+00 -2.5968864868e+00  2.4428637098e+00  3.4126399241e-01  5.1781638623e-01  7.6506717250e-02  1.4957514236e+00 -1.5623523726e+00  3.6678989792e+00 -2.0185459708e+00 -1.2865817688e+00  2.0461227641e+00
ENERGY -1.500289281371e+03

