JOB 0
COORDS -1.3911716790e+00  1.5888397278e-01 -7.4961583314e-01  5.9260796167e+00  5.5169814864e-01 -8.8310828498e-01 -9.5917715124e-01  1.1046131893e+00  1.8475253487e-01 -6.1486984781e-01 -9.8225718312e-01 -9.8508197557e-01  6.0005518272e+00 -2.1518957745e-01  2.8566364596e-01  4.6796350645e+00  9.9384357683e-01 -1.3340149920e+00  2.4096392452e-01  9.0888670790e-01  8.7769596596e-01  5.8246134239e-01 -1.1712078366e+00 -2.9096427118e-01  4.8368104630e+00 -5.3161527127e-01  9.9011429787e-01  3.5156993854e+00  6.7473532388e-01 -6.2479908469e-01  1.0254252032e+00 -2.2935420260e-01  6.5032228401e-01  3.5795243631e+00 -9.1630378248e-02  5.4630350514e-01  2.3404651777e+00 -4.2662532847e-01  1.3693015486e+00 -2.3236171590e+00  3.0732223177e-01 -1.2882068633e+00  6.8291868976e+00  7.9768967840e-01 -1.4358705166e+00 -1.5550372835e+00  1.9937210611e+00  3.7561606387e-01 -9.4354256848e-01 -1.7239215350e+00 -1.7089212769e+00  6.9637906703e+00 -5.6856876486e-01  6.4560221189e-01  4.6093499515e+00  1.5879591560e+00 -2.2420045558e+00  5.7353317932e-01  1.6509146334e+00  1.6006740032e+00  1.1868036144e+00 -2.0549424491e+00 -4.8507931330e-01  4.9036365499e+00 -1.1306287024e+00  1.8967575581e+00  2.5530730336e+00  1.0200380030e+00 -9.8992400854e-01  2.3508179618e+00  1.8965038695e-01  2.2766028983e+00  2.4201905182e+00 -1.4656046798e+00  1.7094736369e+00
ENERGY -5.026995073730e+02

JOB 1
COORDS -1.3905009152e+00  3.6827066728e-02 -7.7990877428e-01  5.9182534767e+00  4.2466946231e-01 -9.4707766538e-01 -1.0755764834e+00  1.0013640575e+00  1.8059166797e-01 -4.9593084584e-01 -1.0138099352e+00 -1.0209390102e+00  5.9415036901e+00 -4.3446743286e-01  1.5634876667e-01  4.7229829401e+00  1.0620983426e+00 -1.2956923722e+00  1.2550177699e-01  9.1458853313e-01  8.9539861001e-01  7.0054540970e-01 -1.0941256483e+00 -3.0641562149e-01  4.7783028200e+00 -6.4987724300e-01  9.0167395114e-01  3.5621260563e+00  8.4350546839e-01 -5.4790221821e-01  1.0260995819e+00 -1.3209884680e-01  6.6311868126e-01  3.5753671080e+00 -1.4292477160e-02  5.6161285967e-01  2.3349114645e+00 -2.2345383436e-01  1.4185494757e+00 -2.3221443986e+00  1.0115015717e-01 -1.3362438094e+00  6.8197893319e+00  5.9148095864e-01 -1.5310878270e+00 -1.7620993095e+00  1.8217170188e+00  3.7479517703e-01 -7.3239579051e-01 -1.7686332707e+00 -1.7668777980e+00  6.8631042018e+00 -9.4005629990e-01  4.3424349754e-01  4.6929025029e+00  1.7287796252e+00 -2.1541517562e+00  3.6530321879e-01  1.6711037934e+00  1.6398015233e+00  1.3979185621e+00 -1.9047647548e+00 -5.0691950984e-01  4.8046296356e+00 -1.3228630238e+00  1.7567761131e+00  2.6360334022e+00  1.3343609973e+00 -8.3444720549e-01  2.3352250314e+00  5.2059712941e-01  2.2245375780e+00  2.4086073401e+00 -1.2009359129e+00  1.9089159733e+00
ENERGY -5.026997677822e+02

JOB 2
COORDS -1.3811539886e+00 -9.9285388760e-02 -7.6191637239e-01  5.9065967451e+00  3.0879934514e-01 -9.9904193401e-01 -1.1707349171e+00  8.6950947582e-01  2.2241588772e-01 -3.7834803759e-01 -1.0405571607e+00 -1.0276312711e+00  5.8528098085e+00 -6.2596714435e-01  3.8609489952e-02  4.7976960668e+00  1.1267033127e+00 -1.2468671238e+00  3.3464814889e-02  8.9424148149e-01  9.3683771542e-01  8.2079053660e-01 -1.0099295044e+00 -3.1392825676e-01  4.6986882215e+00 -7.3832224610e-01  8.2224702289e-01  3.6478440094e+00  1.0092564479e+00 -4.6303652017e-01  1.0411531424e+00 -4.3473666472e-02  6.8061959828e-01  3.5845329247e+00  7.7009569509e-02  5.8433668872e-01  2.3447051446e+00 -2.6200681937e-02  1.4560758735e+00 -2.3142625922e+00 -1.2099259462e-01 -1.3191166990e+00  6.8003950248e+00  3.9672733666e-01 -1.6114427746e+00 -1.9405613277e+00  1.6073386397e+00  4.3464281694e-01 -5.3213553300e-01 -1.7963085018e+00 -1.7940293619e+00  6.7060622644e+00 -1.2700218702e+00  2.3682638691e-01  4.8283422549e+00  1.8538829649e+00 -2.0546530387e+00  1.9081637572e-01  1.6536499904e+00  1.7001411056e+00  1.6022070351e+00 -1.7333411440e+00 -5.3586290604e-01  4.6637132866e+00 -1.4705523905e+00  1.6265710686e+00  2.7846815834e+00  1.6367485851e+00 -6.7163477234e-01  2.3285483958e+00  8.1497156686e-01  2.1593939547e+00  2.4169267147e+00 -9.3299059003e-01  2.0677827496e+00
ENERGY -5.026999471263e+02

JOB 3
COORDS -1.3623392790e+00 -2.2811362199e-01 -7.4850642836e-01  5.8862169334e+00  2.0793047292e-01 -1.0341069360e+00 -1.2315687660e+00  7.5014575233e-01  2.4071531941e-01 -2.8323343809e-01 -1.0768738492e+00 -1.0242526903e+00  5.7263442974e+00 -7.9236474431e-01 -7.1998809092e-02  4.8961446507e+00  1.1878710427e+00 -1.1815158832e+00 -3.1000498633e-02  8.7517513618e-01  9.4971784052e-01  9.1280059055e-01 -9.4670129996e-01 -3.1562896979e-01  4.5844795111e+00 -8.1038016380e-01  7.3848705877e-01  3.7589194151e+00  1.1636877180e+00 -3.7261883228e-01  1.0528827001e+00  2.8617479365e-02  6.8415623169e-01  3.5905995651e+00  1.6631605200e-01  6.0111809824e-01  2.3475761778e+00  1.4936089663e-01  1.4698338159e+00 -2.2923255914e+00 -3.2640098367e-01 -1.3026843572e+00  6.7710410450e+00  2.2449505469e-01 -1.6653181982e+00 -2.0609076028e+00  1.4182710155e+00  4.5967036619e-01 -3.7383487045e-01 -1.8376167607e+00 -1.7958157399e+00  6.4872329583e+00 -1.5595695189e+00  4.8516779306e-02  5.0110613829e+00  1.9680916728e+00 -1.9299960462e+00  6.3488640999e-02  1.6411559655e+00  1.7169184919e+00  1.7526574561e+00 -1.5975219583e+00 -5.4714674908e-01  4.4659059615e+00 -1.5935158978e+00  1.4846356125e+00  2.9851583131e+00  1.9172643041e+00 -5.0254277547e-01  2.3107342526e+00  1.0620790484e+00  2.0753992642e+00  2.4191098030e+00 -6.8487526400e-01  2.1778344544e+00
ENERGY -5.026999346765e+02

JOB 4
COORDS -1.3467604982e+00 -3.7672939897e-01 -6.9420094398e-01  5.9005070477e+00  1.0300505183e-01 -1.0414560878e+00 -1.2944204446e+00  5.7120020827e-01  3.3232362072e-01 -1.8756480252e-01 -1.0800692490e+00 -1.0394574204e+00  5.6030943927e+00 -9.2627328479e-01 -1.4421581633e-01  5.0540213955e+00  1.2159741198e+00 -1.1199027126e+00 -9.2386766932e-02  8.0829239592e-01  1.0069857682e+00  1.0116159976e+00 -8.3921804277e-01 -3.6319940698e-01  4.4668773461e+00 -8.4120942056e-01  6.6923895451e-01  3.9211659678e+00  1.2940207408e+00 -3.0736196464e-01  1.0734549072e+00  1.0511476926e-01  6.7229391053e-01  3.6149294055e+00  2.6858326942e-01  6.0061832228e-01  2.3617633254e+00  3.4763141077e-01  1.4463444794e+00 -2.2782969523e+00 -5.6102342947e-01 -1.2232866913e+00  6.7825155547e+00  4.0609756769e-02 -1.6737127820e+00 -2.1868012100e+00  1.1292031969e+00  6.0525348902e-01 -2.1602475839e-01 -1.8144738677e+00 -1.8408118369e+00  6.2535100731e+00 -1.7947930687e+00 -7.5805337575e-02  5.2776536520e+00  2.0209991482e+00 -1.8156095058e+00 -5.9899098995e-02  1.5503200165e+00  1.8025671770e+00  1.9100321274e+00 -1.3788132289e+00 -6.5056515576e-01  4.2407394884e+00 -1.6463221168e+00  1.3654974217e+00  3.2594819496e+00  2.1545446351e+00 -3.8195285216e-01  2.3025079568e+00  1.3293398441e+00  1.9287830987e+00  2.4296221038e+00 -3.8778874763e-01  2.2575245250e+00
ENERGY -5.026997212608e+02

JOB 5
COORDS -1.3304617746e+00 -4.1832169519e-01  1.0174358540e+00  5.9780774885e+00  5.9386892430e-02  7.6143386337e-01 -1.4298294823e+00 -1.1881829000e-01 -3.4698299205e-01 -7.2690896010e-02 -4.3530968195e-01  1.6244047883e+00  5.3157664164e+00  1.2912533929e+00  7.3605252796e-01  5.4224274247e+00 -1.0353467245e+00  9.0312945166e-02 -2.7938458039e-01  1.5955870342e-01 -1.0871649064e+00  1.0788721621e+00 -1.5527842300e-01  8.7793674068e-01  4.1075771085e+00  1.4234323973e+00  4.4476081226e-02  4.2140238643e+00 -8.9653729410e-01 -5.9892863485e-01  9.9047275692e-01  1.4651261401e-01 -4.8660180584e-01  3.5418141022e+00  3.3364284220e-01 -6.3236343002e-01  2.2136874701e+00  4.6764947029e-01 -1.3401543921e+00 -2.2236798887e+00 -6.3649588517e-01  1.5972846080e+00  6.9183454513e+00 -4.5954623921e-02  1.2965595928e+00 -2.4026172382e+00 -1.0357995622e-01 -8.3251936164e-01  1.7398809807e-02 -6.6792036083e-01  2.6827769192e+00  5.7399085052e+00  2.1484861348e+00  1.2530254605e+00  5.9305119903e+00 -1.9964294634e+00  1.0285931149e-01 -3.6560792322e-01  3.9052951974e-01 -2.1476674647e+00  2.0496946918e+00 -1.7500509057e-01  1.3634643370e+00  3.5942268847e+00  2.3827497500e+00  3.3152265522e-02  3.7834117541e+00 -1.7536206637e+00 -1.1126396186e+00  2.2019404556e+00 -1.8602103059e-01 -2.2201514650e+00  2.1081210767e+00  1.4900367332e+00 -1.7227213239e+00
ENERGY -5.026993713970e+02

JOB 6
COORDS -1.3137641817e+00 -1.9211190338e-01  1.0672922470e+00  5.9598543575e+00  3.3236377944e-01  8.3840826545e-01 -1.3376047047e+00  4.9910556167e-01 -1.4802300248e-01 -1.2250086096e-01 -7.8801123560e-01  1.4951411271e+00  5.1233543346e+00  1.4487391523e+00  7.1534237366e-01  5.5970312066e+00 -8.7065793882e-01  2.2667972789e-01 -1.7927337162e-01  5.8831924040e-01 -9.2661973176e-01  1.0330855727e+00 -6.9568483444e-01  7.1416107198e-01  3.9346740345e+00  1.3574820656e+00 -1.1774242275e-02  4.4051261217e+00 -9.5522815320e-01 -5.0263468582e-01  1.0182155934e+00 -1.0052595096e-02 -5.0943863769e-01  3.5594467152e+00  1.5435643389e-01 -6.2918724589e-01  2.2560159223e+00  6.2530094842e-02 -1.3933046863e+00 -2.2111792811e+00 -2.6039893320e-01  1.6769133745e+00  6.8856072082e+00  4.0189817910e-01  1.4038469049e+00 -2.2554196724e+00  9.7254123939e-01 -4.8814226208e-01 -9.1506399659e-02 -1.3219215816e+00  2.4418786110e+00  5.3992313553e+00  2.3892329666e+00  1.1859214172e+00  6.2406431213e+00 -1.7425325271e+00  3.1407670735e-01 -2.0608106659e-01  1.1312093842e+00 -1.8696041244e+00  1.9571120048e+00 -1.1479898827e+00  1.0639338791e+00  3.2831127409e+00  2.2248856405e+00 -9.5375948538e-02  4.1294188068e+00 -1.8943527716e+00 -9.7820453567e-01  2.2800059038e+00 -8.2498099713e-01 -2.0377375763e+00  2.1595301184e+00  9.2356733873e-01 -2.0634446365e+00
ENERGY -5.026996770249e+02

JOB 7
COORDS -1.3103429712e+00 -2.5013429045e-02  1.0950046776e+00  5.9475168668e+00  4.3908232157e-01  8.1232678480e-01 -1.2584042464e+00  6.9450388876e-01 -1.0180917240e-01 -1.9929800299e-01 -7.7780582783e-01  1.4945890455e+00  4.9625760236e+00  1.4350342441e+00  7.9825685820e-01  5.7314655966e+00 -7.5186233770e-01  1.1462097273e-01 -1.0428737035e-01  6.5780195615e-01 -8.9310741675e-01  9.5036040342e-01 -8.0960300206e-01  7.0274293819e-01  3.7747237435e+00  1.2371862371e+00  9.2515181964e-02  4.5387528040e+00 -9.4385215870e-01 -5.9367293572e-01  1.0109218506e+00 -9.5263190008e-02 -5.0413438159e-01  3.5484909281e+00  4.5832795157e-02 -6.1513303863e-01  2.2530316858e+00 -1.5543264328e-01 -1.3772527630e+00 -2.2040678599e+00  3.2324176328e-03  1.7131487153e+00  6.8720353406e+00  5.9117059601e-01  1.3634642446e+00 -2.1130273517e+00  1.2869083699e+00 -4.1931461080e-01 -2.2859094864e-01 -1.3366488835e+00  2.4268418354e+00  5.1214888946e+00  2.3640975854e+00  1.3402530389e+00  6.4883753945e+00 -1.5323264593e+00  1.2083542866e-01 -7.0956993739e-02  1.2230036185e+00 -1.8224852259e+00  1.8157920230e+00 -1.3821335870e+00  1.0277756074e+00  3.0065087031e+00  2.0074320862e+00  9.7812737986e-02  4.3770385917e+00 -1.8744725678e+00 -1.1339390490e+00  2.2869617328e+00 -1.1249386603e+00 -1.8884183908e+00  2.1695054155e+00  6.0244828427e-01 -2.1644993464e+00
ENERGY -5.026999329015e+02

JOB 8
COORDS -1.3314154082e+00  9.8193095829e-02  1.0582135083e+00  5.9622719095e+00  5.2451158398e-01  7.6459258419e-01 -1.2034179204e+00  7.9552550262e-01 -1.4560910365e-01 -2.8869069651e-01 -7.3295126153e-01  1.4870536790e+00  4.8564354559e+00  1.3707079592e+00  9.1068965706e-01  5.8606087402e+00 -6.0443761627e-01 -5.2888851672e-02 -4.1097588432e-02  6.5996562421e-01 -9.1467247235e-01  8.6849830272e-01 -8.6296922413e-01  7.1736383156e-01  3.6625871801e+00  1.0881150939e+00  2.4370156402e-01  4.6623623494e+00 -8.8271314190e-01 -7.2053834251e-01  1.0060091207e+00 -1.7020369686e-01 -4.9622225136e-01  3.5516910981e+00 -3.9936767635e-02 -5.8441312559e-01  2.2615653616e+00 -3.2903533089e-01 -1.3323170691e+00 -2.2314821466e+00  2.0204339370e-01  1.6588248608e+00  6.8907629510e+00  7.4130369792e-01  1.2866552044e+00 -2.0045968230e+00  1.4466201483e+00 -4.8657499021e-01 -3.7827363840e-01 -1.2771070670e+00  2.4240942614e+00  4.9241992326e+00  2.2487886633e+00  1.5483780636e+00  6.7111424573e+00 -1.2717240766e+00 -1.6875138854e-01  5.2366990484e-02  1.2088905140e+00 -1.8495677159e+00  1.6810863366e+00 -1.4977636984e+00  1.0634668442e+00  2.8026874523e+00  1.7406212491e+00  3.7415662430e-01  4.5904644224e+00 -1.7662304330e+00 -1.3518909824e+00  2.3060315942e+00 -1.3485120459e+00 -1.7331606606e+00  2.1945543483e+00  3.3601084734e-01 -2.2017313588e+00
ENERGY -5.026999454358e+02

JOB 9
COORDS -1.3277062401e+00  2.4279267466e-01  1.0427741174e+00  5.9667828608e+00  6.5888907567e-01  6.7499084139e-01 -1.0719242314e+00  9.6412888196e-01 -1.2620065492e-01 -4.1886785708e-01 -7.3729225561e-01  1.4617124907e+00  4.7780402772e+00  1.3400583172e+00  9.5590081261e-01  5.9459067850e+00 -4.1901486821e-01 -2.1623383930e-01  8.5322583373e-02  7.0550907197e-01 -8.7101645758e-01  7.3378412934e-01 -9.8925758556e-01  7.1561913262e-01  3.5797702382e+00  9.4887254936e-01  3.5065942462e-01  4.7457565706e+00 -8.0665699860e-01 -8.1939385228e-01  1.0000907841e+00 -2.7259915112e-01 -4.6199132529e-01  3.5492764801e+00 -1.2659147474e-01 -5.4878154098e-01  2.2636917725e+00 -5.4330743563e-01 -1.2500671246e+00 -2.2253062198e+00  4.4057213104e-01  1.6231031797e+00  6.8973579039e+00  9.6035523453e-01  1.1491349824e+00 -1.7703690840e+00  1.7276356229e+00 -4.5974391250e-01 -6.0992023111e-01 -1.3031351711e+00  2.3702378194e+00  4.7818919453e+00  2.1756906779e+00  1.6516225022e+00  6.8620123758e+00 -9.6120923997e-01 -4.3753909809e-01  2.7976559084e-01  1.2730416429e+00 -1.7787791568e+00  1.4430449887e+00 -1.7424979254e+00  1.0521881118e+00  2.6599707470e+00  1.4771180994e+00  5.8599050333e-01  4.7379275435e+00 -1.6497395773e+00 -1.5078772709e+00  2.3261936994e+00 -1.6111761787e+00 -1.4888043151e+00  2.2034879175e+00 -2.0960799185e-02 -2.2128196323e+00
ENERGY -5.026997343064e+02

JOB 10
COORDS -1.3295389309e+00  3.5959988042e-01  1.0047626305e+00  5.9739157143e+00  7.5907117549e-01  6.0121134178e-01 -9.5477466495e-01  1.0730067438e+00 -1.3753897204e-01 -5.3839534844e-01 -7.1016068243e-01  1.4404460789e+00  4.7495073532e+00  1.2795734722e+00  1.0278271435e+00  5.9909656222e+00 -2.4140345964e-01 -3.7793987069e-01  2.0367887761e-01  7.1714326976e-01 -8.3745189748e-01  6.1727794662e-01 -1.0593828694e+00  7.3771060430e-01  3.5501076803e+00  8.0734515659e-01  4.8159400258e-01  4.7922230868e+00 -7.0985118830e-01 -9.2007238832e-01  1.0029444799e+00 -3.5158852121e-01 -4.1092475208e-01  3.5565018425e+00 -1.9077626717e-01 -5.0137773993e-01  2.2753131412e+00 -7.1361092500e-01 -1.1421760879e+00 -2.2296462778e+00  6.3215871660e-01  1.5498070951e+00  6.9046270190e+00  1.1242812110e+00  1.0278872451e+00 -1.5627902930e+00  1.9046777309e+00 -4.8487837995e-01 -8.2306146753e-01 -1.2715908062e+00  2.3268956401e+00  4.7239448307e+00  2.0541496334e+00  1.7905460757e+00  6.9368049590e+00 -6.5836398713e-01 -7.1528234789e-01  4.9223869577e-01  1.2789914382e+00 -1.7234298422e+00  1.2336877992e+00 -1.8854693042e+00  1.0863065680e+00  2.6054381018e+00  1.2163587381e+00  8.2715579106e-01  4.8143238695e+00 -1.4904779888e+00 -1.6786571031e+00  2.3511043957e+00 -1.8037162871e+00 -1.2281636073e+00  2.2214000339e+00 -3.3305213092e-01 -2.1695287301e+00
ENERGY -5.026994882016e+02

JOB 11
COORDS -1.3475318617e+00  4.3345685495e-01  9.2722952451e-01  5.9585524158e+00  8.5872696446e-01  5.2113544757e-01 -8.5641582612e-01  1.1287858127e+00 -1.8301165740e-01 -6.6422727185e-01 -6.9587220303e-01  1.3907278894e+00  4.7319157866e+00  1.2159899093e+00  1.0853728925e+00  5.9856414248e+00 -5.4948944860e-02 -5.3986028100e-01  3.0947015775e-01  6.9613918636e-01 -8.2206268637e-01  5.0118512157e-01 -1.1234777111e+00  7.4728772814e-01  3.5396493043e+00  6.6710134373e-01  5.9654018409e-01  4.7951717072e+00 -5.9985978447e-01 -1.0242712927e+00  1.0023534359e+00 -4.3453269577e-01 -3.6631104038e-01  3.5561638096e+00 -2.4730249283e-01 -4.6393348203e-01  2.2857510236e+00 -8.7311849346e-01 -1.0319546968e+00 -2.2547283290e+00  7.6687366198e-01  1.4246008538e+00  6.8834185778e+00  1.2851949532e+00  9.0115585663e-01 -1.3815441172e+00  2.0064439852e+00 -5.5172776359e-01 -1.0390680456e+00 -1.2439943004e+00  2.2515706604e+00  4.6981120087e+00  1.9244064370e+00  1.9096132976e+00  6.9337258762e+00 -3.4173880508e-01 -9.8837328320e-01  6.9032129394e-01  1.2448336496e+00 -1.6810339513e+00  1.0320151370e+00 -1.9986577097e+00  1.1163775183e+00  2.5939499732e+00  9.5464014002e-01  1.0454799521e+00  4.8254116009e+00 -1.3094537171e+00 -1.8495521867e+00  2.3773845743e+00 -1.9635412631e+00 -9.6180754233e-01  2.2368925842e+00 -6.4308847085e-01 -2.1029065802e+00
ENERGY -5.026993656354e+02

JOB 12
COORDS -1.3624963023e+00  5.0947586262e-01  8.4039632053e-01  5.9398511354e+00  9.4264536938e-01  4.4185353733e-01 -7.5012634045e-01  1.1835711372e+00 -2.2297205430e-01 -7.9052303895e-01 -6.6823139815e-01  1.3303741649e+00  4.7465030585e+00  1.1415746560e+00  1.1407304016e+00  5.9428159332e+00  1.2093871383e-01 -6.9163003835e-01  4.2465211151e-01  6.8119989256e-01 -7.8761058535e-01  3.8600723309e-01 -1.1666486539e+00  7.5946927099e-01  3.5643381089e+00  5.2484145697e-01  7.1404272038e-01  4.7613602822e+00 -4.9226231846e-01 -1.1140694673e+00  1.0073527321e+00 -5.0065717134e-01 -3.0505266140e-01  3.5575532122e+00 -3.0234862487e-01 -4.1656883238e-01  2.2986586211e+00 -1.0150358475e+00 -8.9897259456e-01 -2.2772192210e+00  8.9824412144e-01  1.2805027235e+00  6.8567578902e+00  1.4241421740e+00  7.7215637603e-01 -1.1888132822e+00  2.0993542317e+00 -6.1147492844e-01 -1.2589409911e+00 -1.1997167123e+00  2.1550588129e+00  4.7314383268e+00  1.7807878174e+00  2.0202425487e+00  6.8637392228e+00 -3.8370544776e-02 -1.2473153259e+00  9.0187700554e-01  1.2141205024e+00 -1.6074603592e+00  8.2856162937e-01 -2.0815298681e+00  1.1481194024e+00  2.6427691943e+00  6.9365042656e-01  1.2629526689e+00  4.7717876319e+00 -1.1268978978e+00 -1.9986316261e+00  2.3980712855e+00 -2.0839824539e+00 -6.7400050925e-01  2.2550629601e+00 -9.3965108001e-01 -1.9916259322e+00
ENERGY -5.026994881131e+02

JOB 13
COORDS -1.3696519175e+00  5.7495274489e-01  7.4226109134e-01  5.9207078209e+00  1.0321986347e+00  3.4760451367e-01 -6.3244517559e-01  1.2304472442e+00 -2.5219410624e-01 -9.0954797331e-01 -6.4270876856e-01  1.2500264329e+00  4.7986811051e+00  1.0716368618e+00  1.1815907180e+00  5.8646929543e+00  3.0176172895e-01 -8.4398850194e-01  5.5328107761e-01  6.6998001699e-01 -7.3038575140e-01  2.7977895471e-01 -1.2005264365e+00  7.6502622867e-01  3.6319158398e+00  3.8634817950e-01  8.2914904143e-01  4.6963129498e+00 -3.8224333655e-01 -1.1925139012e+00  1.0240556050e+00 -5.5428829743e-01 -2.2955932522e-01  3.5676172023e+00 -3.5363511594e-01 -3.6033590269e-01  2.3215575714e+00 -1.1401736910e+00 -7.4362806386e-01 -2.2927313748e+00  1.0106259738e+00  1.1160281208e+00  6.8260566538e+00  1.5688029190e+00  6.1975285701e-01 -9.8296265641e-01  2.1784662196e+00 -6.5280730511e-01 -1.4735433770e+00 -1.1593955613e+00  2.0226584189e+00  4.8294752235e+00  1.6411480447e+00  2.1073497733e+00  6.7278014678e+00  2.6896440369e-01 -1.5044186800e+00  1.1288976517e+00  1.1895221635e+00 -1.4935684837e+00  6.3373290812e-01 -2.1476323073e+00  1.1670679671e+00  2.7620675679e+00  4.3436608050e-01  1.4783899241e+00  4.6599906363e+00 -9.4413895471e-01 -2.1240806952e+00  2.4241755581e+00 -2.1658357746e+00 -3.6828332797e-01  2.2813065628e+00 -1.2205041868e+00 -1.8359329141e+00
ENERGY -5.026997342382e+02

JOB 14
COORDS -1.3851908270e+00  6.0422492792e-01  5.9821124391e-01  5.8890308951e+00  1.1088637910e+00  2.5549774574e-01 -5.2000398678e-01  1.2501547109e+00 -2.9423348831e-01 -1.0340863056e+00 -6.4698456642e-01  1.1110379734e+00  4.8775028495e+00  9.8757472847e-01  1.2158621414e+00  5.7435913095e+00  4.7051595672e-01 -9.7922382377e-01  6.8236775111e-01  6.4712081531e-01 -6.6690598691e-01  1.7258463458e-01 -1.2483373994e+00  7.3231013693e-01  3.7338931127e+00  2.3439847010e-01  9.4186838361e-01  4.5963087954e+00 -2.8456766298e-01 -1.2484747128e+00  1.0431243250e+00 -6.1204749220e-01 -1.6092374631e-01  3.5804319212e+00 -4.1554023751e-01 -2.9276004791e-01  2.3495166633e+00 -1.2592480094e+00 -5.7830196816e-01 -2.3206171083e+00  1.0740713755e+00  8.9122804688e-01  6.7775174369e+00  1.6985048744e+00  4.6659583711e-01 -7.8332493875e-01  2.2253813363e+00 -6.9644173592e-01 -1.6963578651e+00 -1.1559773590e+00  1.8070056473e+00  4.9789673220e+00  1.4846091201e+00  2.1775866477e+00  6.5197445429e+00  5.6243038741e-01 -1.7350382761e+00  1.3575070236e+00  1.1604146699e+00 -1.3480469918e+00  4.3975696848e-01 -2.2219330292e+00  1.1382790320e+00  2.9451389640e+00  1.5841486281e-01  1.6863675742e+00  4.4895319405e+00 -7.7525340766e-01 -2.2139709441e+00  2.4481176591e+00 -2.2234605341e+00 -6.5319154151e-02  2.3184433741e+00 -1.4869154431e+00 -1.6501626933e+00
ENERGY -5.026999368069e+02

JOB 15
COORDS -1.3918164986e+00  6.3745178069e-01  4.5545750318e-01  5.8591264474e+00  1.1790773767e+00  1.6401406312e-01 -4.2579889453e-01  1.2686551213e+00 -3.3771928430e-01 -1.1289878101e+00 -6.3057822398e-01  9.8049368526e-01  5.0002615762e+00  9.0556801349e-01  1.2363380746e+00  5.5845456412e+00  6.3405052687e-01 -1.0926186470e+00  7.8972763985e-01  6.3437081399e-01 -6.0189359235e-01  9.0531465663e-02 -1.2626089138e+00  7.1074457250e-01  3.8793175642e+00  9.5290160178e-02  1.0494611246e+00  4.4598430261e+00 -1.8029607861e-01 -1.2743964698e+00  1.0621200424e+00 -6.4182940892e-01 -8.4588165386e-02  3.5962150972e+00 -4.6029600810e-01 -2.0853030418e-01  2.3751809417e+00 -1.3394428747e+00 -3.9732136412e-01 -2.3367891197e+00  1.1321278089e+00  6.6500019820e-01  6.7311128486e+00  1.8118344683e+00  3.0841480565e-01 -6.1943653159e-01  2.2575337624e+00 -7.4620604085e-01 -1.8696820789e+00 -1.1275816377e+00  1.6021515026e+00  5.2051305329e+00  1.3272801514e+00  2.2173067968e+00  6.2430854911e+00  8.4154957046e-01 -1.9324327225e+00  1.5425906137e+00  1.1372927253e+00 -1.2040766683e+00  2.8849587641e-01 -2.2490734670e+00  1.1254054408e+00  3.2071663775e+00 -1.0101383541e-01  1.8819960830e+00  4.2520752496e+00 -6.0048847925e-01 -2.2564055224e+00  2.4632683080e+00 -2.2295718373e+00  2.3597428168e-01  2.3529205524e+00 -1.7012666832e+00 -1.4322059377e+00
ENERGY -5.026999337186e+02

JOB 16
COORDS -1.4038003139e+00  6.4777019686e-01  2.8993908197e-01  5.8684027752e+00  1.2084279134e+00  6.0961406200e-02 -3.3522156136e-01  1.2910653492e+00 -3.4356869171e-01 -1.2267637103e+00 -6.4566573251e-01  7.9118619286e-01  5.1809248894e+00  8.4325994733e-01  1.2250829810e+00  5.4364093676e+00  7.2078293599e-01 -1.1754450090e+00  8.9796175049e-01  6.4638773820e-01 -4.7679898203e-01  8.4441277287e-03 -1.2870405626e+00  6.5500753147e-01  4.0705490873e+00 -7.6748823502e-05  1.1485559642e+00  4.3238387675e+00 -1.2594823419e-01 -1.2454287426e+00  1.0842359233e+00 -6.5318269647e-01  1.6839237120e-02  3.6268122619e+00 -4.9461265448e-01 -8.7578701717e-02  2.4066842487e+00 -1.3874608522e+00 -1.5892741639e-01 -2.3613406620e+00  1.1509997849e+00  3.9731080777e-01  6.7330161686e+00  1.8646611732e+00  1.1907348124e-01 -4.6035467546e-01  2.2994319853e+00 -7.3070717516e-01 -2.0475089402e+00 -1.1535476424e+00  1.2918343899e+00  5.5118446330e+00  1.2160462533e+00  2.1913105403e+00  5.9646477090e+00  9.9621534690e-01 -2.0849189555e+00  1.7259740931e+00  1.1616311111e+00 -9.5598654252e-01  1.3847383471e-01 -2.2924257844e+00  1.0512055800e+00  3.5336220961e+00 -2.7216645415e-01  2.0549699511e+00  3.9936481282e+00 -5.0374571363e-01 -2.2110223629e+00  2.4774127638e+00 -2.1711816618e+00  6.0300894349e-01  2.3959389651e+00 -1.9030243706e+00 -1.1272771822e+00
ENERGY -5.026996769557e+02

JOB 17
COORDS -1.4395717136e+00  6.1835869248e-01  4.7902970843e-02  5.8625627534e+00  1.1877031066e+00 -2.1891906712e-01 -2.6345947676e-01  1.3696813563e+00 -5.4759485946e-03 -1.3591779060e+00 -7.7625254995e-01  1.4754186556e-01  5.3499035198e+00  8.9939302715e-01  1.0502930325e+00  5.2610461563e+00  6.2445406125e-01 -1.3496277234e+00  9.8515292807e-01  7.3669594597e-01  4.0540363310e-02 -1.1284468346e-01 -1.4033864237e+00  1.9296654701e-01  4.2439327329e+00  5.4224691524e-02  1.1842991153e+00  4.1553772607e+00 -2.1944426882e-01 -1.2086541573e+00  1.0761862152e+00 -6.5704484834e-01  1.4107208395e-01  3.6335647612e+00 -5.1662346337e-01  5.8525355938e-02  2.4113605443e+00 -1.3929860192e+00  2.0282893248e-01 -2.4082144816e+00  1.1103574946e+00  1.1406661556e-02  6.7233377193e+00  1.8428311594e+00 -3.2580080525e-01 -3.1317723920e-01  2.4530580876e+00 -8.4169695939e-02 -2.2670415220e+00 -1.3732257287e+00  1.8863170654e-01  5.8113137465e+00  1.3310392780e+00  1.9350452280e+00  5.6533434508e+00  8.4133388946e-01 -2.3401150433e+00  1.8905469231e+00  1.3340787804e+00 -4.1609612107e-03 -5.9337507731e-02 -2.4881844952e+00  2.6956072712e-01  3.8458767202e+00 -1.6157648278e-01  2.1737090339e+00  3.6872189540e+00 -6.4867709795e-01 -2.0921119128e+00  2.4630133441e+00 -1.9335173461e+00  1.1556386266e+00  2.4189868040e+00 -2.1606601768e+00 -5.7981527347e-01
ENERGY -5.026993704387e+02

JOB 18
COORDS -1.4114630484e+00  6.0113914749e-01 -1.3625877167e-01  5.8343578847e+00  1.1348557797e+00 -4.5397267282e-01 -3.1717612138e-01  1.3606415461e+00  2.9179046000e-01 -1.2549855913e+00 -7.7306220912e-01 -3.4177683326e-01  5.4984486769e+00  9.4106951100e-01  8.8859693468e-01  5.0664847210e+00  5.2280383342e-01 -1.4525578398e+00  9.2083683770e-01  7.5131631100e-01  5.1426311007e-01 -1.4551771422e-02 -1.3788776367e+00 -1.1708474451e-01  4.4022994295e+00  1.3937987704e-01  1.2287606244e+00  3.9731700518e+00 -2.7399599341e-01 -1.1069863868e+00  1.0867468655e+00 -6.2758808848e-01  3.1700411051e-01  3.6291391388e+00 -4.7940974192e-01  2.3809241445e-01  2.4172196800e+00 -1.3127457983e+00  5.9669735161e-01 -2.3731182038e+00  1.0759620383e+00 -3.1351692138e-01  6.6854857823e+00  1.7558193653e+00 -7.2148971948e-01 -4.2653515798e-01  2.4311349464e+00  4.4804640390e-01 -2.0960476587e+00 -1.3728268693e+00 -6.8103246022e-01  6.0878029424e+00  1.4119848496e+00  1.6715035725e+00  5.3204942585e+00  6.6868360758e-01 -2.4995916088e+00  1.7685960362e+00  1.3532041430e+00  8.3034181859e-01  9.9175651456e-02 -2.4485575947e+00 -2.8286422851e-01  4.1457174130e+00 -6.9754768635e-03  2.2760756955e+00  3.3717278537e+00 -7.3610320038e-01 -1.8871214199e+00  2.4629665888e+00 -1.5725135452e+00  1.6615424581e+00  2.4457984553e+00 -2.2614646899e+00  4.9763710410e-02
ENERGY -5.026997211938e+02

JOB 19
COORDS -1.4096778420e+00  5.6178017064e-01 -2.8547762785e-01  5.8386997051e+00  1.0793513849e+00 -5.5553338987e-01 -4.0133380370e-01  1.3430417801e+00  2.9224999873e-01 -1.1737127109e+00 -7.9364729928e-01 -5.3005687947e-01  5.6478023716e+00  8.2926752109e-01  8.0563481021e-01  4.9136257174e+00  5.8454662227e-01 -1.4837832187e+00  8.2949894921e-01  7.7202700603e-01  6.2180445248e-01  6.1190850424e-02 -1.3619521499e+00 -1.9594119193e-01  4.5399226311e+00  8.7179970264e-02  1.2334447028e+00  3.8098214236e+00 -1.5240029290e-01 -1.0516299078e+00  1.0747891296e+00 -5.8982098846e-01  3.8585157050e-01  3.6111819519e+00 -4.1428794331e-01  3.1333401782e-01  2.4058742196e+00 -1.2133297233e+00  7.7033669961e-01 -2.3664461590e+00  1.0072077193e+00 -5.4592175002e-01  6.6970689147e+00  1.6554184634e+00 -8.9164494275e-01 -5.7422687132e-01  2.3997185865e+00  4.8142822942e-01 -1.9473026301e+00 -1.4087613339e+00 -9.8319112911e-01  6.3577982464e+00  1.2110360982e+00  1.5351919076e+00  5.0530901936e+00  7.7711849793e-01 -2.5447326972e+00  1.6141297934e+00  1.3885436670e+00  1.0539400229e+00  2.3808289368e-01 -2.4177201051e+00 -3.9174245392e-01  4.3966865775e+00 -1.0250094953e-01  2.2953295803e+00  3.0859825290e+00 -5.2006637367e-01 -1.7757328319e+00  2.4480322323e+00 -1.3302221486e+00  1.8597483471e+00  2.4569283696e+00 -2.2250565609e+00  3.5202774615e-01
ENERGY -5.026999334251e+02

JOB 20
COORDS -1.4168291135e+00  5.0471117709e-01 -4.0600990857e-01  5.8665485435e+00  9.8012485846e-01 -6.0713860655e-01 -4.9441098462e-01  1.3210160058e+00  2.6108320117e-01 -1.1031664794e+00 -8.3543526406e-01 -6.4569983246e-01  5.7857527352e+00  6.4291851259e-01  7.4667764380e-01  4.8085468190e+00  6.4972389284e-01 -1.4626230295e+00  7.2896261203e-01  7.9798660734e-01  6.8294636948e-01  1.2489392529e-01 -1.3553597576e+00 -2.1849754566e-01  4.6560145607e+00 -2.1349354452e-02  1.2381935753e+00  3.6830772039e+00 -1.1497820814e-02 -9.6651951968e-01  1.0528582874e+00 -5.4856001676e-01  4.5123670777e-01  3.5930934269e+00 -3.5889328793e-01  3.9055943853e-01  2.3822180422e+00 -1.1075868348e+00  9.2089318197e-01 -2.3686492184e+00  9.1204329973e-01 -7.3725317999e-01  6.7412448562e+00  1.4984002919e+00 -9.9176858454e-01 -7.2954388359e-01  2.3658187298e+00  4.4893609628e-01 -1.8105251800e+00 -1.4767253706e+00 -1.1657656841e+00  6.5987815447e+00  8.9891454337e-01  1.4216429749e+00  4.8600232326e+00  9.1158894726e-01 -2.5166787839e+00  1.4483401665e+00  1.4400062020e+00  1.1864512907e+00  3.6362439267e-01 -2.3994642242e+00 -4.1078559593e-01  4.5998952555e+00 -2.7734101902e-01  2.2944269919e+00  2.8583421603e+00 -2.5024784244e-01 -1.6336536705e+00  2.4140720506e+00 -1.1002282043e+00  2.0166234122e+00  2.4511983133e+00 -2.1602325976e+00  6.2142562546e-01
ENERGY -5.026999459388e+02

JOB 21
COORDS -1.4195542876e+00  4.3998231982e-01 -5.2400079929e-01  5.8859534494e+00  8.8463792695e-01 -6.8810588374e-01 -6.0871200486e-01  1.2905170237e+00  2.3850020905e-01 -1.0025624845e+00 -8.7041785195e-01 -7.7092340537e-01  5.8947726305e+00  4.5338244539e-01  6.4238782048e-01  4.7243177040e+00  7.3207592077e-01 -1.4521926815e+00  6.0724456030e-01  8.3018697548e-01  7.4645517319e-01  2.1772681941e-01 -1.3263097960e+00 -2.5694234876e-01  4.7501345848e+00 -1.2570729197e-01  1.1985392943e+00  3.5818752631e+00  1.5287205424e-01 -8.9191194566e-01  1.0357393267e+00 -4.8541218990e-01  5.0740933413e-01  3.5810452613e+00 -2.8491661998e-01  4.4050922615e-01  2.3644915789e+00 -9.6548229908e-01  1.0516193255e+00 -2.3662682203e+00  7.9738545476e-01 -9.2095770499e-01  6.7727516061e+00  1.3388859881e+00 -1.1227280390e+00 -9.2549919747e-01  2.3118767839e+00  4.3493439494e-01 -1.6237565460e+00 -1.5383503748e+00 -1.3625493085e+00  6.7900124006e+00  5.7150558273e-01  1.2480251848e+00  4.7058590500e+00  1.0678027179e+00 -2.4862485800e+00  1.2397392661e+00  1.4986231896e+00  1.3267942764e+00  5.3784657808e-01 -2.3470924994e+00 -4.5558309956e-01  4.7642437718e+00 -4.5552557061e-01  2.2357634582e+00  2.6808555106e+00  4.9783858533e-02 -1.4904402173e+00  2.3903325356e+00 -8.2009380956e-01  2.1376729464e+00  2.4482394015e+00 -2.0470092318e+00  8.8865853395e-01
ENERGY -5.026997676568e+02

JOB 22
COORDS -1.4087234947e+00  3.6248296775e-01 -6.2518719744e-01  5.9072561897e+00  7.7843882554e-01 -7.6057732510e-01 -7.2421114241e-01  1.2460975415e+00  2.1807781354e-01 -8.7511259122e-01 -9.0549258909e-01 -8.7304463791e-01  5.9735667010e+00  2.4044129523e-01  5.3011692673e-01  4.6781817831e+00  8.1778824040e-01 -1.4240791313e+00  4.8332750429e-01  8.6105026824e-01  8.0506944273e-01  3.3477805116e-01 -1.2855296526e+00 -2.8087078252e-01  4.8192146455e+00 -2.5126577190e-01  1.1435831305e+00  3.5235842761e+00  3.2364044064e-01 -8.0579605689e-01  1.0280137472e+00 -4.0980528966e-01  5.6471749332e-01  3.5794753680e+00 -2.1730190480e-01  4.8539311537e-01  2.3531887390e+00 -8.0232444863e-01  1.1772138296e+00 -2.3490147453e+00  6.5992846003e-01 -1.0822887501e+00  6.8030598358e+00  1.1647326719e+00 -1.2401324962e+00 -1.1323963170e+00  2.2338036716e+00  4.1773591261e-01 -1.3992321511e+00 -1.5993815582e+00 -1.5255838959e+00  6.9231195127e+00  2.0710544221e-01  1.0587888597e+00  4.6140824604e+00  1.2357337474e+00 -2.4258667818e+00  1.0162659682e+00  1.5551719642e+00  1.4516494814e+00  7.4668826934e-01 -2.2724954664e+00 -4.8122407813e-01  4.8794562235e+00 -6.6572276105e-01  2.1485187629e+00  2.5738747014e+00  3.6583137677e-01 -1.3306515350e+00  2.3730530336e+00 -5.0231891984e-01  2.2313118158e+00  2.4421702741e+00 -1.8955740944e+00  1.1728451952e+00
ENERGY -5.026995075499e+02

JOB 23
COORDS -1.3877777179e+00  2.7918626421e-01 -7.1078393163e-01  5.9311689559e+00  6.6657171919e-01 -8.2770991442e-01 -8.3069555222e-01  1.1951357097e+00  1.8802399549e-01 -7.3524932898e-01 -9.3486139372e-01 -9.5068850747e-01  6.0185790835e+00  1.1247533378e-02  4.0688273582e-01  4.6744678101e+00  9.0925081459e-01 -1.3866367455e+00  3.6993341833e-01  8.9665096320e-01  8.3950646918e-01  4.6506746865e-01 -1.2272142308e+00 -2.9594223729e-01  4.8572603671e+00 -3.9308782784e-01  1.0676162069e+00  3.5116643435e+00  5.0194895426e-01 -7.2047700087e-01  1.0325902406e+00 -3.1696678824e-01  6.0709382643e-01  3.5883128765e+00 -1.5400144398e-01  5.1436535318e-01  2.3519383397e+00 -6.1728313712e-01  1.2792051497e+00 -2.3219595562e+00  5.0805803399e-01 -1.2172152106e+00  6.8331722191e+00  9.8298087635e-01 -1.3453325843e+00 -1.3312628319e+00  2.1404303589e+00  3.8257297062e-01 -1.1612965291e+00 -1.6539390840e+00 -1.6459649350e+00  6.9907407155e+00 -1.8386994601e-01  8.5310494989e-01  4.5940436466e+00  1.4172435587e+00 -2.3446824060e+00  8.0175603633e-01  1.6158362265e+00  1.5324957270e+00  9.7137545628e-01 -2.1702465020e+00 -4.9158545653e-01  4.9341431740e+00 -9.0199396475e-01  2.0271102210e+00  2.5418837821e+00  6.9760338814e-01 -1.1674821371e+00  2.3674330805e+00 -1.5406301539e-01  2.2729215684e+00  2.4359691815e+00 -1.6973080625e+00  1.4488810573e+00
ENERGY -5.026993657269e+02

