JOB 0
COORDS -5.4931135952e+00 -3.5648130617e+00  8.0133272775e-01 -4.4486741094e+00 -4.4755983383e+00  9.7027497032e-01 -5.7117995366e+00 -2.5662895903e+00  1.7548370552e+00 -3.6127040301e+00 -4.4135070087e+00  2.0945033872e+00 -4.8977717223e+00 -2.4698744858e+00  2.8900284182e+00 -3.8638142297e+00 -3.4082213281e+00  3.0396659831e+00 -2.6810460445e+00 -3.6654500078e+00  6.5357816840e+00 -2.4782733793e+00 -5.3925153135e+00  2.2824552806e+00 -5.0985172729e+00 -1.3852501867e+00  3.9212636343e+00 -1.1863377659e+00 -1.9630103985e+00  7.5207472825e+00 -3.3941890640e+00 -4.1148406274e+00  5.2643979055e+00 -1.9472503643e+00 -2.5296422985e+00  6.4185408716e+00 -2.8131950564e+00 -4.3207730214e+00  7.5698513786e+00 -3.0304425674e+00 -3.2885339842e+00  4.1507825461e+00 -6.1307474350e+00 -3.6262692775e+00 -7.6671182203e-02 -4.2713485491e+00 -5.2430363797e+00  2.2010746117e-01 -6.5188071119e+00 -1.8505666197e+00  1.6163069057e+00 -1.6235475028e+00 -4.9184182406e+00  2.7717472932e+00 -2.7833738710e+00 -6.2419343320e+00  2.9055479974e+00 -2.1503320518e+00 -5.7961400118e+00  1.3206906293e+00 -5.3060413739e+00 -1.7990691208e+00  4.9137742596e+00 -4.2020570634e+00 -7.6412236381e-01  4.0193871091e+00 -5.9349790414e+00 -7.3807110896e-01  3.6456025542e+00 -1.4762553436e+00 -9.2161510420e-01  7.6967172956e+00 -1.0990213017e-01 -2.0031518403e+00  7.3188444252e+00 -1.4009454638e+00 -2.5494408298e+00  8.4146738555e+00 -3.1270195945e+00 -5.1610486150e+00  5.0809642962e+00 -4.4737055228e+00 -4.0674354657e+00  5.4461713412e+00 -1.9095679131e+00 -2.1072118131e+00  5.4988733981e+00
ENERGY -6.335394631538e+02

JOB 1
COORDS -5.5492785275e+00 -3.4764332710e+00  8.8036741348e-01 -4.5573985852e+00 -4.4565087370e+00  9.5336549009e-01 -5.6365206705e+00 -2.4941854400e+00  1.8707456100e+00 -3.6431518912e+00 -4.4782807174e+00  2.0160183200e+00 -4.7402487254e+00 -2.4805061944e+00  2.9468858014e+00 -3.7598513300e+00 -3.4841080995e+00  2.9985090022e+00 -2.6277593545e+00 -3.7079220484e+00  6.4736192364e+00 -2.5672165454e+00 -5.5337681457e+00  2.1065649578e+00 -4.8019953872e+00 -1.4155505299e+00  4.0155330915e+00 -1.4635514932e+00 -1.7879863716e+00  7.5056236795e+00 -3.1659212293e+00 -4.2868972285e+00  5.1675101536e+00 -2.0447155252e+00 -2.4869268436e+00  6.3706023525e+00 -2.7547548440e+00 -4.3474696748e+00  7.5180427281e+00 -2.8427906185e+00 -3.4497175267e+00  4.0475586745e+00 -6.2498659897e+00 -3.4733935047e+00  4.9477629725e-02 -4.4845869054e+00 -5.2138646211e+00  1.7610204760e-01 -6.4052477405e+00 -1.7274248326e+00  1.8087833445e+00 -1.6337647851e+00 -5.1141162885e+00  2.4911611983e+00 -2.8626221759e+00 -6.3464796761e+00  2.7810323666e+00 -2.3734147609e+00 -5.9770434425e+00  1.1262046584e+00 -4.8947815891e+00 -1.8457412376e+00  5.0177997981e+00 -3.8923529711e+00 -8.0465496782e-01  4.0154820207e+00 -5.6543679877e+00 -7.5121699131e-01  3.8521454381e+00 -1.9142406075e+00 -7.9660643220e-01  7.6227858068e+00 -3.8020696319e-01 -1.6741938817e+00  7.3860869785e+00 -1.6610633233e+00 -2.3779229007e+00  8.4012371636e+00 -2.7360018127e+00 -5.2861423561e+00  5.0404780158e+00 -4.2509183431e+00 -4.3938103427e+00  5.2706917587e+00 -1.9921903534e+00 -2.0898617854e+00  5.4404498302e+00
ENERGY -6.335394789422e+02

JOB 2
COORDS -5.3120219211e+00 -3.9288744878e+00  5.3898040114e-01 -4.0109050294e+00 -4.3277945824e+00  8.5096634301e-01 -6.0745664141e+00 -3.2372540298e+00  1.4834908867e+00 -3.4546100637e+00 -4.0491974192e+00  2.1068821838e+00 -5.5550243789e+00 -2.9412905819e+00  2.7504970538e+00 -4.2470948057e+00 -3.3621587035e+00  3.0397038944e+00 -4.1577857807e+00 -3.6286296512e+00  6.6305098744e+00 -2.0453647401e+00 -4.4670470398e+00  2.4515178449e+00 -6.3676186569e+00 -2.1844522169e+00  3.7731339652e+00 -4.9025925671e+00 -1.6840892116e+00  7.9610258409e+00 -3.6875997109e+00 -4.0949112753e+00  5.2531822502e+00 -4.4435196828e+00 -2.3061899967e+00  6.7298313464e+00 -4.2365051678e+00 -4.4426792065e+00  7.5508615519e+00 -3.7041658901e+00 -3.0363328743e+00  4.2816113756e+00 -5.7293320333e+00 -4.1503956747e+00 -4.3976134357e-01 -3.4129061911e+00 -4.8560853767e+00  1.1189205856e-01 -7.0860613758e+00 -2.9221635999e+00  1.2380154462e+00 -1.5253428016e+00 -3.6793623869e+00  3.0042561355e+00 -2.0360419887e+00 -5.3659427978e+00  3.0793142650e+00 -1.4749190764e+00 -4.6930969866e+00  1.5468960625e+00 -6.4686926970e+00 -2.7435895222e+00  4.7083408655e+00 -5.8973360374e+00 -1.2258703032e+00  4.0206979603e+00 -7.3706303735e+00 -1.9758536085e+00  3.3923238794e+00 -5.8850987196e+00 -1.2201094361e+00  7.8205135126e+00 -4.1947020471e+00 -9.2088410188e-01  8.3027261820e+00 -4.9808437903e+00 -2.4614255098e+00  8.7218712002e+00 -2.6706859876e+00 -4.4860769582e+00  5.3637820140e+00 -4.3379401733e+00 -4.9175919605e+00  4.9424211761e+00 -4.3375111362e+00 -1.7580381779e+00  5.8852161170e+00
ENERGY -6.335389686373e+02

JOB 3
COORDS -5.4180731090e+00 -3.9042408937e+00  5.1365182753e-01 -4.0946028102e+00 -4.2519082094e+00  7.9097011618e-01 -6.1389283880e+00 -3.1293321834e+00  1.4246434562e+00 -3.4781706155e+00 -3.8395655085e+00  1.9794792472e+00 -5.5604230420e+00 -2.7013116178e+00  2.6275007775e+00 -4.2329277445e+00 -3.0775686583e+00  2.8873117418e+00 -4.1773651913e+00 -3.2305839514e+00  6.3947875562e+00 -2.0392967396e+00 -4.1880247471e+00  2.2767342240e+00 -6.3426536044e+00 -1.8567926659e+00  3.6041822948e+00 -5.2588113919e+00 -1.3846306622e+00  7.6320797102e+00 -3.4633768329e+00 -3.6117138074e+00  5.0967931298e+00 -4.5458091868e+00 -1.9273715090e+00  6.4871907206e+00 -4.3312417960e+00 -4.0737287760e+00  7.2783353298e+00 -3.6173654938e+00 -2.6304357739e+00  4.0564211351e+00 -5.8837451353e+00 -4.2280687742e+00 -4.1336845752e-01 -3.5259396030e+00 -4.8411274475e+00  7.5214193491e-02 -7.1668595520e+00 -2.8510946250e+00  1.2043546085e+00 -1.5044300306e+00 -3.3273287111e+00  2.6889000291e+00 -1.9622746914e+00 -4.9988897314e+00  3.0105025773e+00 -1.5249017915e+00 -4.5162407811e+00  1.3698964745e+00 -6.4574622566e+00 -2.3559421572e+00  4.5709554176e+00 -5.8435340433e+00 -8.9903985248e-01  3.7894134244e+00 -7.3407967680e+00 -1.6429155022e+00  3.2137270866e+00 -6.3082385065e+00 -1.1793761396e+00  7.3882632807e+00 -4.7857533693e+00 -4.5820805955e-01  7.9726132895e+00 -5.2217970074e+00 -2.1223739495e+00  8.4343418867e+00 -2.3973100606e+00 -3.7247366033e+00  5.3215436816e+00 -3.8530851782e+00 -4.5822931516e+00  4.7818075666e+00 -4.4098133587e+00 -1.3629092922e+00  5.6578923023e+00
ENERGY -6.335379536753e+02

JOB 4
COORDS -5.5124738997e+00 -3.9835296892e+00  6.7721718592e-01 -4.1863866055e+00 -4.3541322484e+00  9.0593916820e-01 -6.1527498462e+00 -3.1185473543e+00  1.5659985719e+00 -3.4915356651e+00 -3.8821710290e+00  2.0267792934e+00 -5.4963937490e+00 -2.6297088234e+00  2.7044518401e+00 -4.1721746968e+00 -3.0418456831e+00  2.9269135363e+00 -4.1237089367e+00 -3.2656650990e+00  6.3188479306e+00 -2.0407795274e+00 -4.2428404267e+00  2.2456371611e+00 -6.2045559717e+00 -1.6814036722e+00  3.6418311877e+00 -5.4453890741e+00 -1.5902435307e+00  7.5687336217e+00 -3.2347134385e+00 -3.4806917990e+00  5.0911522151e+00 -4.5562153213e+00 -1.9885266246e+00  6.4895051667e+00 -4.3364200565e+00 -4.1920370520e+00  7.1002755209e+00 -3.4697611420e+00 -2.5431755348e+00  4.0260703587e+00 -6.0394073546e+00 -4.3529769235e+00 -1.9850570729e-01 -3.6743953095e+00 -5.0048270443e+00  2.0068253368e-01 -7.1792705574e+00 -2.8127102541e+00  1.3780121687e+00 -1.4760527418e+00 -3.3855224626e+00  2.6226547936e+00 -1.9250876662e+00 -5.0538797393e+00  2.9740397324e+00 -1.5827808811e+00 -4.5767310603e+00  1.3109628460e+00 -6.4171218889e+00 -2.1517785331e+00  4.6064331206e+00 -5.6019233950e+00 -7.8771201487e-01  3.8348729481e+00 -7.1548288063e+00 -1.3570143180e+00  3.2101375420e+00 -6.4661296142e+00 -1.4195717408e+00  7.2045269608e+00 -5.0812153908e+00 -6.7453226909e-01  8.0447109335e+00 -5.4644922422e+00 -2.3942265030e+00  8.3051723895e+00 -2.1906542325e+00 -3.3720933524e+00  5.4032785140e+00 -3.3919681496e+00 -4.5078052494e+00  4.7581318206e+00 -4.3789669771e+00 -1.3502953242e+00  5.7242049954e+00
ENERGY -6.335364756399e+02

JOB 5
COORDS -5.5992350606e+00 -4.0831262080e+00  8.7998143256e-01 -4.2808446232e+00 -4.4892690109e+00  1.0866020867e+00 -6.1456774037e+00 -3.0833939902e+00  1.6854049509e+00 -3.5031897793e+00 -3.9292239710e+00  2.1085583141e+00 -5.4078351495e+00 -2.5040746090e+00  2.7268054795e+00 -4.0987745801e+00 -2.9673616098e+00  2.9475706696e+00 -3.9849423856e+00 -3.2466559419e+00  6.2121131960e+00 -2.0523998080e+00 -4.3291798879e+00  2.2573020101e+00 -6.0216051102e+00 -1.4003587118e+00  3.5555342721e+00 -5.6098860771e+00 -1.8677543888e+00  7.4699268186e+00 -2.9814543901e+00 -3.2372002841e+00  5.0543238740e+00 -4.6084728768e+00 -2.0587505517e+00  6.4331031549e+00 -4.1197031995e+00 -4.2497498892e+00  6.9114150672e+00 -3.3312576972e+00 -2.3793693856e+00  3.9562636455e+00 -6.1883020352e+00 -4.5227017647e+00  7.9512059567e-02 -3.8342142497e+00 -5.2361394994e+00  4.3396618337e-01 -7.1607820091e+00 -2.7373602944e+00  1.5045476089e+00 -1.4535037858e+00 -3.5101522637e+00  2.6632271077e+00 -1.9286261910e+00 -5.1928572441e+00  2.9212178351e+00 -1.6365314778e+00 -4.6082225212e+00  1.2851962482e+00 -6.3984350940e+00 -1.7798844500e+00  4.5105043036e+00 -5.2969681325e+00 -6.0850913499e-01  3.7672074353e+00 -6.8641226816e+00 -9.5026942895e-01  3.0238283892e+00 -6.6172779495e+00 -1.7824448660e+00  7.0441105425e+00 -5.3930085686e+00 -9.6530796529e-01  8.0500710503e+00 -5.5798734487e+00 -2.7345514018e+00  8.1307717941e+00 -2.0201746647e+00 -2.8773453150e+00  5.4347107077e+00 -2.8629961249e+00 -4.2727922016e+00  4.7362679696e+00 -4.4609605066e+00 -1.3352134996e+00  5.7419214003e+00
ENERGY -6.335347908498e+02

JOB 6
COORDS -6.0036044542e+00 -3.8924282880e+00  1.2711534054e+00 -4.7578551482e+00 -4.4717025737e+00  1.5122523098e+00 -6.3024089754e+00 -2.6436835863e+00  1.8220710402e+00 -3.8019716382e+00 -3.8434572199e+00  2.3251237790e+00 -5.3835875726e+00 -1.9838314080e+00  2.6466351924e+00 -4.1541854792e+00 -2.6190516989e+00  2.9236491124e+00 -3.7688239528e+00 -2.6034189271e+00  6.1302589000e+00 -2.4283520515e+00 -4.4574264304e+00  2.4755901024e+00 -5.6718847742e+00 -6.0808201412e-01  3.2004632221e+00 -6.0735688247e+00 -2.9362980636e+00  6.9145701527e+00 -2.7968389476e+00 -2.5140606078e+00  4.9468720336e+00 -5.0895233573e+00 -2.7660571870e+00  5.8530731966e+00 -3.3177736152e+00 -2.5672727126e+00  7.2756160729e+00 -3.2841114623e+00 -1.9127310480e+00  3.7405612953e+00 -6.7267345262e+00 -4.3976408882e+00  6.3665265955e-01 -4.5043002123e+00 -5.4208417620e+00  1.0452198718e+00 -7.2570159567e+00 -2.1687832695e+00  1.6080095253e+00 -1.6575670106e+00 -3.6897434556e+00  2.5835426455e+00 -2.3622471933e+00 -5.1257487399e+00  3.3423396514e+00 -2.1877520995e+00 -5.0546272782e+00  1.5917965609e+00 -5.5440640905e+00 -5.6859038301e-01  4.2857353791e+00 -4.9813530506e+00  1.2999808873e-01  2.7786301716e+00 -6.6922767951e+00 -3.0096465962e-01  2.9562756693e+00 -6.0651319593e+00 -3.9565371927e+00  7.3156970085e+00 -7.0664528522e+00 -2.7153219339e+00  6.5163586419e+00 -5.8484576201e+00 -2.2478047211e+00  7.7311163052e+00 -1.9716596271e+00 -1.8819888120e+00  5.2749276270e+00 -2.4024333699e+00 -3.5185692635e+00  4.7724183428e+00 -5.3788498188e+00 -2.8991103677e+00  4.8922204285e+00
ENERGY -6.335337733452e+02

JOB 7
COORDS -6.0453106163e+00 -3.8904291441e+00  1.3250076912e+00 -4.8326285650e+00 -4.5017659303e+00  1.6432375277e+00 -6.3027593476e+00 -2.5940729583e+00  1.7770726242e+00 -3.8670352319e+00 -3.8565199466e+00  2.4312467358e+00 -5.3743279057e+00 -1.9152145400e+00  2.5743358070e+00 -4.1754357056e+00 -2.5739593505e+00  2.9222502379e+00 -3.7359539425e+00 -2.7684885440e+00  6.0453063825e+00 -2.5352426843e+00 -4.5290890705e+00  2.6745185978e+00 -5.6250058310e+00 -5.0030733477e-01  3.0415255454e+00 -6.0184691013e+00 -3.2226822695e+00  6.8079769999e+00 -2.7731478904e+00 -2.3565637512e+00  4.9252799359e+00 -5.0716181470e+00 -2.7617700729e+00  5.7989310782e+00 -3.2492778339e+00 -3.0771558276e+00  7.1339745369e+00 -3.3096015924e+00 -1.8284201059e+00  3.7070151738e+00 -6.7748634855e+00 -4.4116427736e+00  7.1124579190e-01 -4.6130539748e+00 -5.4955319391e+00  1.2595213840e+00 -7.2328744426e+00 -2.0982212800e+00  1.5095071563e+00 -1.7105005215e+00 -3.8124341840e+00  2.6241953037e+00 -2.4912985048e+00 -5.0250910196e+00  3.6509076655e+00 -2.3595477939e+00 -5.2955258054e+00  1.9151380016e+00 -5.5518391400e+00 -4.0859429250e-01  4.1297650924e+00 -4.8800101334e+00  1.8494529536e-01  2.6239349580e+00 -6.6167394135e+00 -1.6221565387e-01  2.7300214455e+00 -5.9837273742e+00 -4.3115679017e+00  6.9288989740e+00 -7.0252517875e+00 -2.9254175022e+00  6.5069136024e+00 -5.7777615324e+00 -2.7655039127e+00  7.7694776248e+00 -2.1611893913e+00 -1.5489875787e+00  5.3309686905e+00 -2.1121210683e+00 -3.2073459322e+00  4.7506786588e+00 -5.3920925130e+00 -2.6689303620e+00  4.8437178732e+00
ENERGY -6.335340591489e+02

JOB 8
COORDS -5.9565362953e+00 -3.9115118635e+00  1.2337581519e+00 -4.8013662873e+00 -4.5513981317e+00  1.6804012690e+00 -6.1948701713e+00 -2.5863418440e+00  1.6056611944e+00 -3.8727412584e+00 -3.9063401138e+00  2.5135417757e+00 -5.3068507530e+00 -1.9080905123e+00  2.4458436501e+00 -4.1648589997e+00 -2.5894146256e+00  2.9141665533e+00 -3.7707437560e+00 -3.1895266025e+00  5.8125835097e+00 -2.5985578132e+00 -4.6299601065e+00  2.8905553927e+00 -5.5452538043e+00 -4.6698807566e-01  2.8329292629e+00 -6.1186152584e+00 -3.4924875249e+00  6.5005350092e+00 -2.8013560787e+00 -2.3840948425e+00  4.9396273980e+00 -5.0587429456e+00 -2.7508835667e+00  5.8301813023e+00 -3.3499239227e+00 -4.1298149916e+00  6.4862520563e+00 -3.3467399839e+00 -1.8253970304e+00  3.7387834899e+00 -6.6552165093e+00 -4.4341665512e+00  5.8620086957e-01 -4.5953244387e+00 -5.5718536944e+00  1.3657977617e+00 -7.0803327390e+00 -2.0693972790e+00  1.2431130323e+00 -1.7203799270e+00 -3.9939478333e+00  2.7417158348e+00 -2.5985483024e+00 -4.9682187547e+00  3.9316505663e+00 -2.4757025035e+00 -5.5140400899e+00  2.2597851342e+00 -5.6006297285e+00 -3.2670266841e-01  3.9189697739e+00 -4.7280691595e+00  1.7474916737e-01  2.4883150645e+00 -6.4792090550e+00 -1.0152305345e-01  2.3984881069e+00 -6.6290286891e+00 -4.1740508066e+00  5.8095501763e+00 -6.8484252497e+00 -2.7953420441e+00  6.9214731019e+00 -5.6721481700e+00 -4.0767526102e+00  7.3052086067e+00 -2.4571970463e+00 -1.5204315198e+00  5.5165484340e+00 -1.9408077352e+00 -3.0222549807e+00  4.7433891028e+00 -5.3240420001e+00 -2.0689413722e+00  5.1325348305e+00
ENERGY -6.335343108937e+02

JOB 9
COORDS -5.9912803751e+00 -3.9454506425e+00  1.4226846615e+00 -4.8210268067e+00 -4.5819080910e+00  1.8371075752e+00 -6.2021210037e+00 -2.6038943254e+00  1.7516806352e+00 -3.8522459984e+00 -3.9109804187e+00  2.5990013868e+00 -5.2690495493e+00 -1.9003740416e+00  2.5210565425e+00 -4.1165667036e+00 -2.5785163108e+00  2.9609611872e+00 -3.7790189838e+00 -3.1762940373e+00  5.7790241501e+00 -2.5592761836e+00 -4.6043342226e+00  2.9624025377e+00 -5.4719213647e+00 -4.4221127335e-01  2.8608195625e+00 -6.1368783316e+00 -3.5618390909e+00  6.3649144037e+00 -2.7925502891e+00 -2.2961088618e+00  4.9993506921e+00 -5.0664653505e+00 -2.7319112917e+00  5.8246687408e+00 -3.3805733825e+00 -4.1789595862e+00  6.3704637513e+00 -3.2290454525e+00 -1.8201301187e+00  3.7147043383e+00 -6.7252008382e+00 -4.4848100640e+00  8.2996827578e-01 -4.6382268332e+00 -5.6154663452e+00  1.5520557110e+00 -7.1000138287e+00 -2.0942107624e+00  1.4097978661e+00 -1.7021508057e+00 -3.9419567862e+00  2.8060968112e+00 -2.5434266226e+00 -4.9328488688e+00  4.0064817625e+00 -2.4187067579e+00 -5.4883751262e+00  2.3350306564e+00 -5.4395272384e+00 -2.5344559593e-01  3.9404490478e+00 -4.6811868984e+00  1.7685158195e-01  2.4247825733e+00 -6.4350195620e+00 -8.8018580435e-02  2.4844498049e+00 -6.5106023118e+00 -4.2718732390e+00  5.6172605983e+00 -6.9584991000e+00 -2.9220382162e+00  6.6964687071e+00 -5.7490260653e+00 -4.1214209351e+00  7.2162606334e+00 -2.5801115956e+00 -1.3951770386e+00  5.5835351726e+00 -1.8707406021e+00 -2.8722536263e+00  4.9065429953e+00 -5.3267493521e+00 -2.0101055377e+00  5.1661601205e+00
ENERGY -6.335334351294e+02

JOB 10
COORDS -6.0377739621e+00 -3.9591660781e+00  1.5362796296e+00 -4.8652453959e+00 -4.6071950393e+00  1.9286964146e+00 -6.2150643786e+00 -2.6043638636e+00  1.8306119271e+00 -3.8614080902e+00 -3.9303234644e+00  2.6367019378e+00 -5.2421919378e+00 -1.8943148455e+00  2.5440087312e+00 -4.0901303136e+00 -2.5830454615e+00  2.9629409402e+00 -3.7931587487e+00 -3.1316539705e+00  5.7483728270e+00 -2.5666516316e+00 -4.6183242661e+00  2.9995253870e+00 -5.4032872995e+00 -4.2322079875e-01  2.8481925385e+00 -6.1466954459e+00 -3.6253635749e+00  6.2529910216e+00 -2.8216812430e+00 -2.1895585204e+00  5.0215368402e+00 -5.0941958240e+00 -2.7240008627e+00  5.7965379297e+00 -3.3821854883e+00 -4.1506253240e+00  6.3017816636e+00 -3.1423606023e+00 -1.8436418836e+00  3.6578040382e+00 -6.8019228855e+00 -4.5015859649e+00  9.8589922079e-01 -4.7121813675e+00 -5.6524404120e+00  1.6698774351e+00 -7.1160211580e+00 -2.0900178132e+00  1.5039288956e+00 -1.7137759528e+00 -3.9550161754e+00  2.8247453824e+00 -2.5426229424e+00 -4.9186467309e+00  4.0517288577e+00 -2.4303671800e+00 -5.5168225052e+00  2.3918811435e+00 -5.3261314255e+00 -2.0498069665e-01  3.9202302497e+00 -4.6167260748e+00  1.6550255738e-01  2.3652888392e+00 -6.3723912063e+00 -5.8323327795e-02  2.4982851956e+00 -6.4352985436e+00 -4.3338326216e+00  5.4670893602e+00 -7.0195282123e+00 -3.0383165831e+00  6.5485645323e+00 -5.7806645021e+00 -4.1860254504e+00  7.1132579697e+00 -2.7583353188e+00 -1.2416173796e+00  5.5666908485e+00 -1.8455597596e+00 -2.6776513077e+00  5.0500147878e+00 -5.3681012190e+00 -1.9881887884e+00  5.1592709452e+00
ENERGY -6.335317469119e+02

JOB 11
COORDS -5.9011376027e+00 -4.0335946586e+00  1.0032732025e+00 -4.5325621273e+00 -4.3120750666e+00  9.8655456041e-01 -6.4351197714e+00 -3.2165922209e+00  2.0037437394e+00 -3.6703935715e+00 -3.7687993111e+00  1.9494771640e+00 -5.6061145120e+00 -2.6493091735e+00  2.9799815756e+00 -4.2277248989e+00 -2.9174977238e+00  2.9179931715e+00 -2.4923972928e+00 -7.7095551111e-01  2.1278835950e+00 -2.1978203634e+00 -4.1023429000e+00  1.9641729629e+00 -6.1602067926e+00 -1.7774347542e+00  4.0826704314e+00 -3.7854457879e+00  2.3677725422e-02  1.9957961897e-01 -2.5276523706e+00 -1.2742090381e+00  3.5796649986e+00 -3.6660907429e+00 -2.9540083008e-01  1.6185556801e+00 -1.4297657192e+00 -7.3687088246e-01  1.5080572731e+00 -3.4268550644e+00 -2.3587362950e+00  3.9023807271e+00 -6.5531082372e+00 -4.4658701185e+00  2.4883941995e-01 -4.1235618212e+00 -4.9712840195e+00  2.2418843892e-01 -7.5039556372e+00 -3.0169396777e+00  2.0310267488e+00 -1.5905944247e+00 -3.2929509106e+00  1.5469698902e+00 -1.8513721090e+00 -4.2745720810e+00  2.9876822188e+00 -2.0036114650e+00 -5.0038147733e+00  1.3769723950e+00 -5.9796291232e+00 -2.2267671628e+00  5.0643787176e+00 -5.6868043460e+00 -7.8873036813e-01  4.1083751069e+00 -7.2368618324e+00 -1.6334377329e+00  3.9606967033e+00 -4.6599491751e+00  6.6103003323e-01  4.9639361654e-02 -3.8900279324e+00 -8.8323383349e-01 -4.0836317008e-01 -2.8899731815e+00  5.5715767792e-01 -1.1996514961e-01 -1.5124550869e+00 -1.5999110047e+00  3.8112861306e+00 -2.7907618436e+00 -4.3720084001e-01  4.2375675039e+00 -4.5179596089e+00 -5.5944938257e-01  2.0960715980e+00
ENERGY -6.335303262163e+02

JOB 12
COORDS -5.8509623689e+00 -4.1020296101e+00  9.9075015818e-01 -4.4817600062e+00 -4.3725040766e+00  1.0202032234e+00 -6.4108666644e+00 -3.2504502415e+00  1.9472343318e+00 -3.6428510177e+00 -3.7888159262e+00  1.9807565362e+00 -5.6082378969e+00 -2.6388693408e+00  2.9174555929e+00 -4.2262382911e+00 -2.8972088891e+00  2.8963975852e+00 -2.4865178866e+00 -7.9429598821e-01  2.0682270020e+00 -2.1748707064e+00 -4.1382180464e+00  2.0481322941e+00 -6.1987521467e+00 -1.7369410386e+00  3.9759547643e+00 -3.9002480136e+00  1.5363186556e-01  2.9719387458e-01 -2.4417790470e+00 -1.3343775076e+00  3.5055657939e+00 -3.6530177316e+00 -1.9535008233e-01  1.6920933088e+00 -1.4932556428e+00 -8.5282885125e-01  1.3447560736e+00 -3.4640332997e+00 -2.2814199951e+00  3.8802151700e+00 -6.4826751504e+00 -4.5677346509e+00  2.3898028082e-01 -4.0515738213e+00 -5.0619021739e+00  2.9731483688e-01 -7.4812396097e+00 -3.0573706548e+00  1.9437597422e+00 -1.5473455643e+00 -3.3582970400e+00  1.6055335883e+00 -1.8557225146e+00 -4.2707535962e+00  3.0865913632e+00 -1.9807652215e+00 -5.0697970294e+00  1.5099725501e+00 -6.0436720474e+00 -2.1528960230e+00  4.9766456410e+00 -5.7340113527e+00 -7.4359848280e-01  3.9885842731e+00 -7.2724056704e+00 -1.6052648690e+00  3.8188686155e+00 -4.7084913092e+00  8.8714554087e-01  2.4921967201e-01 -4.1754284598e+00 -7.2849996344e-01 -2.9348822174e-01 -2.9932913326e+00  5.8791620128e-01 -1.2405707387e-01 -1.4599578466e+00 -1.7960356567e+00  3.6272923890e+00 -2.5293211932e+00 -5.0044850630e-01  4.2103253659e+00 -4.4641097727e+00 -3.6542147901e-01  2.2714959953e+00
ENERGY -6.335317425825e+02

JOB 13
COORDS -5.8318471451e+00 -4.2045141120e+00  1.0609109299e+00 -4.4622751672e+00 -4.4651245436e+00  1.1107268984e+00 -6.3982946303e+00 -3.3091344857e+00  1.9720006687e+00 -3.6284096592e+00 -3.8315595333e+00  2.0448588578e+00 -5.6024197115e+00 -2.6448372896e+00  2.9114433258e+00 -4.2170578240e+00 -2.8949213568e+00  2.9122224954e+00 -2.3762563570e+00 -8.1996635998e-01  2.0749105871e+00 -2.1641266822e+00 -4.1975333174e+00  2.1259225638e+00 -6.2061140197e+00 -1.6951538819e+00  3.9196121207e+00 -3.7719120157e+00  2.4732947629e-01  3.5407262010e-01 -2.3421149112e+00 -1.4303962868e+00  3.4827828281e+00 -3.5379611687e+00 -2.0147625043e-01  1.7217600288e+00 -1.3738528358e+00 -8.4806818225e-01  1.3619446817e+00 -3.4868228924e+00 -2.2075443515e+00  3.8741149534e+00 -6.4577038870e+00 -4.7107936682e+00  3.3094190795e-01 -4.0249975012e+00 -5.1884896059e+00  4.2630904728e-01 -7.4694200874e+00 -3.1211835969e+00  1.9561031493e+00 -1.5206235237e+00 -3.4390133816e+00  1.6689609508e+00 -1.8486270460e+00 -4.3225504953e+00  3.1664574786e+00 -1.9842443437e+00 -5.1416750811e+00  1.6052354784e+00 -6.0526420316e+00 -2.0566084282e+00  4.9415544465e+00 -5.7517424393e+00 -6.9783662914e-01  3.8830345771e+00 -7.2801140311e+00 -1.5832605473e+00  3.7502695320e+00 -4.5389040992e+00  1.0256541119e+00  3.5632248988e-01 -4.0970082929e+00 -5.7891802688e-01 -2.8963065384e-01 -2.8434196656e+00  6.5692146762e-01 -4.4258345776e-02 -1.4305440639e+00 -2.0271166095e+00  3.5397707691e+00 -2.2752631360e+00 -6.2439245365e-01  4.2203135797e+00 -4.3501465737e+00 -3.8863468986e-01  2.2941460167e+00
ENERGY -6.335334344729e+02

JOB 14
COORDS -5.8766622775e+00 -4.3675130480e+00  1.1399108843e+00 -4.5068428267e+00 -4.6156730133e+00  1.2142849374e+00 -6.4541642689e+00 -3.4359940631e+00  2.0058169486e+00 -3.6797503119e+00 -3.9403461394e+00  2.1265081020e+00 -5.6687242030e+00 -2.7276660405e+00  2.9201528832e+00 -4.2801376461e+00 -2.9698774667e+00  2.9497749198e+00 -2.3052373596e+00 -8.5594899420e-01  2.2114505416e+00 -2.2176394296e+00 -4.3199595713e+00  2.2132364388e+00 -6.2892147009e+00 -1.7372066669e+00  3.8779910847e+00 -3.6033453227e+00  3.7081057887e-01  5.1493263196e-01 -2.3500004277e+00 -1.5886169211e+00  3.5574613955e+00 -3.4591917323e+00 -2.4659849219e-01  1.8268037542e+00 -1.2491241663e+00 -7.9542143701e-01  1.5820241295e+00 -3.5925631508e+00 -2.2167541957e+00  3.8948625129e+00 -6.4920839418e+00 -4.9089705205e+00  4.2666095743e-01 -4.0597392121e+00 -5.3647991516e+00  5.6494374373e-01 -7.5255627053e+00 -3.2521494205e+00  1.9733755700e+00 -1.5605287129e+00 -3.5685802564e+00  1.7637080700e+00 -1.9044949301e+00 -4.4650935166e+00  3.2517791182e+00 -2.0484681255e+00 -5.2610244345e+00  1.6837288362e+00 -6.1373470201e+00 -2.0456785566e+00  4.9174295165e+00 -5.8480824005e+00 -7.3708022975e-01  3.7939020385e+00 -7.3634635609e+00 -1.6482890083e+00  3.6972529660e+00 -4.3110011515e+00  1.2017344300e+00  5.7728927000e-01 -3.9590098071e+00 -3.4965036095e-01 -2.3146798956e-01 -2.6298928820e+00  7.4823736575e-01  2.0121005569e-01 -1.5175049385e+00 -2.2907405928e+00  3.5674673860e+00 -2.1841408566e+00 -8.5598746686e-01  4.3531046846e+00 -4.2995714136e+00 -4.8197341491e-01  2.3369908245e+00
ENERGY -6.335343092429e+02

JOB 15
COORDS -5.9035772247e+00 -4.2965015027e+00  1.1095804087e+00 -4.5535362837e+00 -4.6204287984e+00  1.2439941308e+00 -6.4619800018e+00 -3.3156516517e+00  1.9325791742e+00 -3.7282362676e+00 -3.9667283329e+00  2.1719971341e+00 -5.6757846855e+00 -2.6296257703e+00  2.8651715529e+00 -4.3018724358e+00 -2.9423023784e+00  2.9483181650e+00 -2.4373524050e+00 -4.3192810592e-01  2.4945790623e+00 -2.2942543343e+00 -4.4155348032e+00  2.3377946023e+00 -6.2737950674e+00 -1.5906472460e+00  3.7849302873e+00 -3.6460595152e+00  7.2776457504e-01  7.0824355461e-01 -2.3915792720e+00 -1.5293681627e+00  3.5644951630e+00 -3.5837719352e+00 -2.4890475669e-01  1.7896429014e+00 -1.4250048137e+00  2.5040657140e-01  2.3305707984e+00 -3.5987012092e+00 -2.2223070633e+00  3.9014491293e+00 -6.5208834970e+00 -4.8197062707e+00  3.8445681722e-01 -4.1255455483e+00 -5.4112572928e+00  6.3207658220e-01 -7.5201330735e+00 -3.0770730687e+00  1.8553293903e+00 -1.5917225531e+00 -3.7760479374e+00  1.7911626163e+00 -1.9960343725e+00 -4.4196492121e+00  3.3901040620e+00 -2.1736251887e+00 -5.4310640488e+00  1.9516526204e+00 -6.1917316137e+00 -1.9036954444e+00  4.8309776704e+00 -5.7557336761e+00 -6.2940818347e-01  3.7096363982e+00 -7.3308088107e+00 -1.4349249246e+00  3.5539491354e+00 -4.6912394864e+00  8.7564186236e-01  4.2841549420e-01 -3.0797247803e+00  3.9671271035e-01 -1.6990704603e-01 -3.2241576502e+00  1.6754562756e+00  1.0478992796e+00 -1.5893114922e+00 -2.2123635825e+00  3.2795278872e+00 -2.0860583712e+00 -1.0395702719e+00  4.4907782075e+00 -4.3116514133e+00 -9.4917148916e-01  1.8495212894e+00
ENERGY -6.335340590765e+02

JOB 16
COORDS -5.8956565712e+00 -4.3571412013e+00  1.1412258333e+00 -4.5696670828e+00 -4.7448587128e+00  1.3335974850e+00 -6.4195713697e+00 -3.2967139499e+00  1.8849786087e+00 -3.7329883997e+00 -4.0729265908e+00  2.2378334065e+00 -5.6199439836e+00 -2.5911663663e+00  2.7918102621e+00 -4.2654484913e+00 -2.9648846257e+00  2.9235326765e+00 -2.4955817300e+00 -2.8350380176e-01  2.5941064843e+00 -2.3349938648e+00 -4.5910191707e+00  2.4900638329e+00 -6.1901073689e+00 -1.4811952733e+00  3.6435161113e+00 -3.7647265929e+00  9.4979493354e-01  8.8952534341e-01 -2.3311818629e+00 -1.5654185937e+00  3.4204265139e+00 -3.5704146481e+00 -1.9792190276e-01  1.7665176339e+00 -1.6353134408e+00  5.9371784970e-01  2.6779015430e+00 -3.5273240084e+00 -2.2332252841e+00  3.8417389152e+00 -6.5244977917e+00 -4.8942917703e+00  4.3640226246e-01 -4.1733488958e+00 -5.6006958872e+00  7.9161145184e-01 -7.4627914403e+00 -3.0128676071e+00  1.7677137714e+00 -1.5909026262e+00 -4.1203452240e+00  1.8365547655e+00 -2.0275228873e+00 -4.4224348704e+00  3.5255070033e+00 -2.2953387462e+00 -5.6666660702e+00  2.2976075490e+00 -6.1759033649e+00 -1.7612920010e+00  4.7022331936e+00 -5.6080975039e+00 -5.5941624308e-01  3.5580596666e+00 -7.2244006998e+00 -1.2703491413e+00  3.3590341860e+00 -4.8102597092e+00  9.8244682810e-01  5.7489504661e-01 -3.1230004239e+00  8.9555202936e-01  2.3494705408e-03 -3.5198578515e+00  1.8653766692e+00  1.4310389678e+00 -1.6669488075e+00 -2.2302752034e+00  2.8620446028e+00 -1.8206784207e+00 -1.2749830073e+00  4.3386247845e+00 -4.1785745213e+00 -1.0005325513e+00  1.6635552033e+00
ENERGY -6.335337733114e+02

JOB 17
COORDS -5.0022039781e+00 -4.4983408764e+00  1.2724063792e+00 -3.6396791736e+00 -4.5590689614e+00  1.5666910333e+00 -5.8155342345e+00 -3.5985575732e+00  1.9613773108e+00 -3.0762385434e+00 -3.7599387888e+00  2.5709126531e+00 -5.2923191749e+00 -2.7727554048e+00  2.9649199705e+00 -3.9267823625e+00 -2.8986996545e+00  3.2863656228e+00 -2.9375470941e+00 -3.3303691296e+00  6.3822456748e+00 -1.5909785082e+00 -3.8287088858e+00  2.8373449640e+00 -6.1794977632e+00 -1.7495037244e+00  3.6378017011e+00 -6.3074151723e-01 -4.1799599759e+00  6.6680407002e+00 -3.8058200335e+00 -2.3283584290e+00  5.6143843087e+00 -1.6156868767e+00 -3.2959909125e+00  6.0657965969e+00 -3.4289968392e+00 -4.0313580349e+00  7.2657017020e+00 -3.3815320997e+00 -2.0661727835e+00  4.2671134197e+00 -5.4213044038e+00 -5.1284765158e+00  4.9249528515e-01 -2.9946547109e+00 -5.2324217428e+00  1.0068412666e+00 -6.8695581548e+00 -3.5141791982e+00  1.7061378055e+00 -1.1708842949e+00 -2.8354364521e+00  3.0213027997e+00 -1.3693541074e+00 -4.4572590248e+00  3.7055835889e+00 -1.0706696015e+00 -4.2586187459e+00  1.9773535795e+00 -6.6807946674e+00 -2.1570128779e+00  4.5236260614e+00 -5.6076757417e+00 -8.7345742068e-01  3.9537402017e+00 -6.9616748450e+00 -1.4176689498e+00  2.9494062629e+00  2.3143864293e-01 -3.6076735452e+00  7.0249325724e+00 -2.8325676080e-01 -4.9374938969e+00  5.9548343041e+00 -1.1019280345e+00 -4.6822308945e+00  7.5134137251e+00 -4.8262974664e+00 -2.7091493668e+00  5.6498939790e+00 -3.7731760254e+00 -1.3696537626e+00  6.1417039786e+00 -1.3549681805e+00 -2.7231657724e+00  5.2740405373e+00
ENERGY -6.335347919012e+02

JOB 18
COORDS -5.0304396204e+00 -4.3308536913e+00  1.1061831727e+00 -3.7072772621e+00 -4.5533477395e+00  1.4901927539e+00 -5.8103043814e+00 -3.4115289193e+00  1.8098451231e+00 -3.1476739348e+00 -3.8872176043e+00  2.5899243976e+00 -5.2878763530e+00 -2.7190487507e+00  2.9094249687e+00 -3.9631515459e+00 -2.9900671222e+00  3.2988282560e+00 -2.8605213453e+00 -3.4811453498e+00  6.4774681722e+00 -1.7081545876e+00 -4.1315144136e+00  2.9741987630e+00 -6.1159681157e+00 -1.6864175862e+00  3.6378175816e+00 -4.4439544714e-01 -3.9252231597e+00  6.7652533631e+00 -3.8878372018e+00 -2.6772326007e+00  5.6762308835e+00 -1.5651188319e+00 -3.2335426502e+00  6.1493407661e+00 -3.2277928055e+00 -4.2231177699e+00  7.3878267161e+00 -3.4307697069e+00 -2.2743441402e+00  4.3735997473e+00 -5.4461163291e+00 -4.8586780328e+00  2.5198292654e-01 -3.0921399814e+00 -5.2538643858e+00  9.3028462599e-01 -6.8327417590e+00 -3.2135675383e+00  1.4962488219e+00 -1.1591720939e+00 -3.1901574332e+00  3.0817009091e+00 -1.6300249085e+00 -4.6704798101e+00  3.9230213396e+00 -1.2046170386e+00 -4.7264421395e+00  2.2079512266e+00 -6.5418881366e+00 -2.0827944862e+00  4.5668790852e+00 -5.5105543766e+00 -8.1557882307e-01  3.9047551510e+00 -6.9491318850e+00 -1.3525301050e+00  3.0139799994e+00  3.1807042024e-01 -3.2089914973e+00  7.0873994892e+00  1.2136833893e-02 -4.6420128757e+00  6.0716010807e+00 -8.1849569298e-01 -4.4655862474e+00  7.6353970925e+00 -4.7895871174e+00 -3.2879931459e+00  5.6093450990e+00 -4.1244810051e+00 -1.7688686480e+00  6.2403596329e+00 -1.4128845685e+00 -2.6645912671e+00  5.3262350798e+00
ENERGY -6.335364751709e+02

JOB 19
COORDS -5.0772221407e+00 -4.2108530578e+00  9.4106429586e-01 -3.7825620867e+00 -4.5450122807e+00  1.3438754559e+00 -5.8183218180e+00 -3.2865631967e+00  1.6798037004e+00 -3.2125160989e+00 -3.9770884725e+00  2.4915624745e+00 -5.2827967727e+00 -2.6922355068e+00  2.8298567516e+00 -3.9856209409e+00 -3.0618823006e+00  3.2237744159e+00 -2.7777424443e+00 -3.5067292357e+00  6.4908491889e+00 -1.8092614493e+00 -4.3364887650e+00  2.9166565142e+00 -6.0660955473e+00 -1.6715037198e+00  3.6202678429e+00 -3.2853997105e-01 -3.6573504067e+00  6.7879435723e+00 -3.8948166605e+00 -2.9315069447e+00  5.6184432120e+00 -1.5185372214e+00 -3.1849022619e+00  6.0992417444e+00 -3.0613831668e+00 -4.1629691091e+00  7.4929269113e+00 -3.4287634174e+00 -2.4488361432e+00  4.3461294288e+00 -5.5031354034e+00 -4.6625418896e+00  4.9068933866e-02 -3.2020759542e+00 -5.2580448689e+00  7.6318078222e-01 -6.8203645197e+00 -3.0118990266e+00  1.3583380986e+00 -1.1686557931e+00 -3.4486402030e+00  2.9624431506e+00 -1.7919060717e+00 -4.8014323267e+00  3.9068591834e+00 -1.3600549420e+00 -5.0358522044e+00  2.2070120521e+00 -6.4789587553e+00 -2.1015216219e+00  4.5403135946e+00 -5.4306897538e+00 -8.3056693640e-01  3.9132365387e+00 -6.9040134099e+00 -1.2869383802e+00  3.0331608993e+00  3.5019026976e-01 -2.8240725730e+00  6.9959219077e+00  2.0362946244e-01 -4.4095365474e+00  6.1932392611e+00 -6.4061709828e-01 -4.1091561024e+00  7.7301360022e+00 -4.6456344428e+00 -3.7144129980e+00  5.4901933793e+00 -4.3531077070e+00 -2.1007695846e+00  6.1657925388e+00 -1.4350954281e+00 -2.6856163840e+00  5.2225562878e+00
ENERGY -6.335379564771e+02

JOB 20
COORDS -5.1325419919e+00 -4.0363383509e+00  8.0768690037e-01 -3.8895989345e+00 -4.5012957465e+00  1.2440737111e+00 -5.8255828094e+00 -3.0865802335e+00  1.5611785634e+00 -3.3240278151e+00 -4.0318473525e+00  2.4370986869e+00 -5.2934527337e+00 -2.5926397175e+00  2.7597715094e+00 -4.0466073607e+00 -3.0833466894e+00  3.1778624426e+00 -2.7898485710e+00 -3.4901801369e+00  6.5279153765e+00 -1.9751742200e+00 -4.5181764647e+00  2.9093819490e+00 -6.0300558972e+00 -1.5638794477e+00  3.5832708859e+00 -3.5212668087e-01 -3.3103898213e+00  6.8909239226e+00 -3.9373964825e+00 -3.1716794590e+00  5.5703089669e+00 -1.5608564017e+00 -3.0929335590e+00  6.1129788602e+00 -3.0305926277e+00 -4.0545592734e+00  7.5954078318e+00 -3.4795259172e+00 -2.5749404159e+00  4.3457582485e+00 -5.5570792404e+00 -4.4095847722e+00 -1.2055232383e-01 -3.3484051511e+00 -5.2373275657e+00  6.5413517760e-01 -6.7888024613e+00 -2.7174450140e+00  1.2164169744e+00 -1.2504733156e+00 -3.6969703725e+00  2.9479914483e+00 -2.0246971001e+00 -4.9487684385e+00  3.9141402451e+00 -1.5808313301e+00 -5.2807795132e+00  2.2330190597e+00 -6.5144281288e+00 -2.0215581505e+00  4.4540310831e+00 -5.3465199679e+00 -7.9699601316e-01  3.9586802498e+00 -6.8100803076e+00 -1.0776577635e+00  2.9916727762e+00  1.4958259564e-01 -2.3604139803e+00  7.1044013936e+00  3.4430892877e-01 -3.9685597279e+00  6.3591440721e+00 -6.3781597606e-01 -3.7818458686e+00  7.8318622980e+00 -4.4718294157e+00 -4.1050055344e+00  5.3716637239e+00 -4.6217656790e+00 -2.4889439638e+00  6.0853543475e+00 -1.5143793694e+00 -2.6504405429e+00  5.2034223431e+00
ENERGY -6.335389776515e+02

JOB 21
COORDS -5.1503692614e+00 -3.9746042765e+00  7.6266830196e-01 -3.9390106224e+00 -4.5333216775e+00  1.1794303507e+00 -5.7828320010e+00 -3.0096134487e+00  1.5490886796e+00 -3.3479233185e+00 -4.1399897362e+00  2.3866954846e+00 -5.2233173404e+00 -2.5921770198e+00  2.7649470405e+00 -4.0107791956e+00 -3.1749417458e+00  3.1615647052e+00 -2.7587447931e+00 -3.4918297574e+00  6.5879156848e+00 -2.0284239342e+00 -4.7131429799e+00  2.8450590042e+00 -5.8981931806e+00 -1.5501398818e+00  3.6242421446e+00 -3.8439498704e-01 -3.0055848451e+00  7.0684337907e+00 -3.8591487047e+00 -3.4162645039e+00  5.5324968520e+00 -1.5473353775e+00 -3.0228259410e+00  6.1956713467e+00 -3.0118634678e+00 -3.9661727989e+00  7.6955899168e+00 -3.4039092274e+00 -2.7538978465e+00  4.3436669665e+00 -5.5970652662e+00 -4.2868800817e+00 -1.7761303005e-01 -3.4441562434e+00 -5.2798158976e+00  5.6248338305e-01 -6.7202006709e+00 -2.5684869406e+00  1.2177398269e+00 -1.2570239844e+00 -3.9363097952e+00  2.8918710458e+00 -2.0976693845e+00 -5.1518595985e+00  3.8455131096e+00 -1.6834668035e+00 -5.4899342606e+00  2.1579255643e+00 -6.4719725173e+00 -2.0138384001e+00  4.4356516893e+00 -5.1647393925e+00 -8.8239206035e-01  4.0842154393e+00 -6.5948959145e+00 -9.5001438610e-01  3.0329902187e+00 -4.4311234577e-02 -1.9797869945e+00  7.2489637971e+00  4.3903421090e-01 -3.5814034069e+00  6.6320000677e+00 -6.7032874861e-01 -3.4573905752e+00  8.0188404336e+00 -4.1779127539e+00 -4.4395044266e+00  5.3075520049e+00 -4.7095681819e+00 -2.8835225218e+00  5.9712325054e+00 -1.4920324208e+00 -2.6459100583e+00  5.2573289038e+00
ENERGY -6.335394792254e+02

JOB 22
COORDS -5.3233177380e+00 -3.8172029475e+00  7.4521197138e-01 -4.1240712859e+00 -4.4650322585e+00  1.0552233829e+00 -5.8397028497e+00 -2.8511687528e+00  1.6107203663e+00 -3.4315965340e+00 -4.1631422386e+00  2.2342097774e+00 -5.1769851840e+00 -2.5221381642e+00  2.8020098912e+00 -3.9822216866e+00 -3.1971209900e+00  3.0917843646e+00 -2.6598280244e+00 -3.4350364778e+00  6.5388432984e+00 -2.1217719365e+00 -4.8309087222e+00  2.5787127642e+00 -5.7265309410e+00 -1.4742433515e+00  3.7404221191e+00 -3.9950172302e-01 -2.6170198424e+00  7.1098191421e+00 -3.6973319250e+00 -3.5614594507e+00  5.4276885501e+00 -1.4983774539e+00 -2.8303454306e+00  6.1814887848e+00 -2.9106466019e+00 -3.8839320784e+00  7.6576301937e+00 -3.2719103967e+00 -2.8703370590e+00  4.2459215626e+00 -5.8491564716e+00 -4.0591220134e+00 -1.7468525985e-01 -3.7172645671e+00 -5.2094104218e+00  3.7469244282e-01 -6.7656046198e+00 -2.3379978362e+00  1.3607215194e+00 -1.3168378392e+00 -4.0942794664e+00  2.6722935220e+00 -2.1744282195e+00 -5.3647948792e+00  3.5333925523e+00 -1.8382447069e+00 -5.5502039477e+00  1.8062012283e+00 -6.3269757185e+00 -1.9279040917e+00  4.5381683812e+00 -4.9214817792e+00 -9.0963640563e-01  4.2179171193e+00 -6.3734259287e+00 -7.7434078823e-01  3.2046371798e+00 -2.1414997251e-01 -1.5475991313e+00  7.2605123544e+00  5.1813409392e-01 -3.0882941072e+00  6.7413579056e+00 -6.7311665584e-01 -3.0677191195e+00  8.0643178167e+00 -3.8443932082e+00 -4.6275430579e+00  5.2206916141e+00 -4.6425783235e+00 -3.1551966479e+00  5.8026712814e+00 -1.4380454268e+00 -2.4920148205e+00  5.2288401695e+00
ENERGY -6.335394662972e+02

JOB 23
COORDS -5.4869928929e+00 -3.6677189500e+00  8.2168201672e-01 -4.3607364605e+00 -4.4603875914e+00  1.0516552786e+00 -5.8314768425e+00 -2.6621576960e+00  1.7289207586e+00 -3.5679710584e+00 -4.2708229662e+00  2.1923151593e+00 -5.0651071644e+00 -2.4410249321e+00  2.8803605622e+00 -3.9467704485e+00 -3.2629849345e+00  3.0922025457e+00 -2.5855252785e+00 -3.4904114288e+00  6.5396530534e+00 -2.3458250187e+00 -5.1208828520e+00  2.4473999420e+00 -5.4133587570e+00 -1.3491691074e+00  3.8638615663e+00 -6.8554435820e-01 -2.1109482725e+00  7.3084851983e+00 -3.4993811080e+00 -3.8125364065e+00  5.3621818403e+00 -1.6445471102e+00 -2.5410829088e+00  6.3032585592e+00 -2.7409549367e+00 -4.0836147176e+00  7.6074478295e+00 -3.1544145030e+00 -3.0262018355e+00  4.2149273075e+00 -6.0894109291e+00 -3.8251183649e+00 -6.9154477848e-02 -4.0849869755e+00 -5.2322417623e+00  3.3658271905e-01 -6.7007792543e+00 -2.0361850082e+00  1.5410822631e+00 -1.5515163064e+00 -4.5406428527e+00  2.9237915516e+00 -2.5761059377e+00 -5.9633990316e+00  3.1107822682e+00 -1.9614020084e+00 -5.5382961599e+00  1.5128776621e+00 -5.8076509813e+00 -1.7596654932e+00  4.8006391529e+00 -4.5325933228e+00 -7.5442921816e-01  4.1225021148e+00 -6.1742774563e+00 -6.8265781895e-01  3.4497894974e+00 -7.9382500244e-01 -1.0414372465e+00  7.5200144770e+00  3.4085120672e-01 -2.3058760024e+00  6.9785315612e+00 -8.7902296625e-01 -2.6753416254e+00  8.2211939038e+00 -3.4056092254e+00 -4.8823712025e+00  5.1461374120e+00 -4.5322993412e+00 -3.6189895269e+00  5.6718352200e+00 -1.6288317009e+00 -2.1363260783e+00  5.3751335204e+00
ENERGY -6.335393219580e+02

