JOB 0
COORDS -8.9220953106e-01 -3.0601821729e+00 -1.1291971994e-01  1.1195592083e+00  1.2048420877e+00  1.0269330596e+00 -8.2542230043e-01 -1.6128032406e+00  3.7022715979e-01  7.7204151025e-01  1.5329355096e+00 -1.5371248203e+00 -1.1623991987e-02 -8.1409069512e-01 -5.7133518322e-01 -1.3608086683e+00  1.2164657230e+00  6.3118818201e-02  1.5210377906e-02  8.8692685725e-01 -3.6444926035e-01 -1.5174343395e+00 -3.6530722566e+00  5.6239429025e-01 -1.3189162718e+00 -3.1089785029e+00 -1.1185967659e+00  1.0123812591e-01 -3.5230133717e+00 -1.3931480428e-01  7.4195665516e-01  6.4867944492e-01  1.8861853856e+00  2.1333138501e+00  9.0376663533e-01  7.6262161039e-01  1.0798115713e+00  2.2766824417e+00  1.2244772939e+00 -1.8199902675e+00 -1.1663430800e+00  3.8926487899e-01 -4.2551688473e-01 -1.5745218625e+00  1.3951072780e+00  2.3594934472e-01  1.4498041292e+00 -2.4037867392e+00  9.4919244642e-01 -1.1542282358e+00 -6.2214656157e-01
ENERGY -7.031979776556e+02

JOB 1
COORDS -8.6055844584e-01 -3.0692436529e+00 -1.0373658207e-01  1.2083926927e+00  1.1890079333e+00  9.8969080686e-01 -9.1812068379e-01 -1.5980786182e+00  3.0261749826e-01  6.7453039031e-01  1.5852877463e+00 -1.5298473160e+00  2.3199091509e-03 -8.1829479629e-01 -5.5866952417e-01 -1.3333140875e+00  1.1962765218e+00  2.0936610512e-01  1.1144413628e-02  8.9445866220e-01 -3.2786905416e-01 -1.5623474779e+00 -3.6529103419e+00  5.0057817900e-01 -1.1245234842e+00 -3.1880185388e+00 -1.1584123109e+00  1.3985121597e-01 -3.4917946521e+00  4.7972462464e-02  8.9016548763e-01  6.1616178838e-01  1.8621337276e+00  2.2022721668e+00  8.9651421970e-01  6.5058195619e-01  1.1817888584e+00  2.2570151426e+00  1.2092748044e+00 -1.9196615250e+00 -1.1949326628e+00  1.5450040916e-01 -6.7813125859e-01 -1.4887056541e+00  1.3707704982e+00  1.0531471282e-01  1.4792776502e+00 -2.3725187369e+00  9.5722795011e-01 -1.1591513366e+00 -4.3577700324e-01
ENERGY -7.031953311459e+02

JOB 2
COORDS -8.4429562534e-01 -3.0834161097e+00 -1.1482688414e-01  1.3072457122e+00  1.2076942328e+00  9.4699973711e-01 -9.9429602217e-01 -1.6030403813e+00  2.3021629191e-01  5.5225359669e-01  1.6180248171e+00 -1.5110040830e+00  4.7329699775e-02 -8.3221104934e-01 -4.9288163335e-01 -1.2949601256e+00  1.1625971025e+00  3.7458820966e-01  1.1253155034e-02  8.9407088835e-01 -2.6825894039e-01 -1.6294892579e+00 -3.6642154856e+00  3.7970711793e-01 -9.2160985679e-01 -3.2392477381e+00 -1.1946316583e+00  1.2198901810e-01 -3.4803424103e+00  2.1909814046e-01  1.0476717581e+00  6.6384551629e-01  1.8566091518e+00  2.2704606206e+00  8.9385087807e-01  5.4364046317e-01  1.3094785951e+00  2.2820253422e+00  1.1344929448e+00 -1.9653150892e+00 -1.2304430385e+00 -9.5997056328e-02 -9.4216458149e-01 -1.4534351553e+00  1.3174909939e+00 -6.5359522256e-02  1.4855942327e+00 -2.3147014542e+00  9.6615875976e-01 -1.1684822312e+00 -1.9988542104e-01
ENERGY -7.031919438188e+02

JOB 3
COORDS -8.2850954015e-01 -3.0987863829e+00 -1.2305716536e-01  1.4156899558e+00  1.2294825490e+00  8.9290717735e-01 -1.0604866572e+00 -1.6110371491e+00  1.3385802046e-01  4.1026955732e-01  1.6325342501e+00 -1.4727817897e+00  9.9796161079e-02 -8.4852287042e-01 -3.8510822094e-01 -1.2444022724e+00  1.1359839521e+00  5.5659680791e-01  1.3423224893e-02  8.8933223871e-01 -1.8676920054e-01 -1.6911873591e+00 -3.6771321935e+00  2.2291345139e-01 -6.8269974533e-01 -3.2921249293e+00 -1.1896355952e+00  5.3792436106e-02 -3.4667085239e+00  4.1473547750e-01  1.2267703492e+00  7.4161129575e-01  1.8501872086e+00  2.3326060098e+00  8.7172484753e-01  4.2328492081e-01  1.4554996853e+00  2.3121059384e+00  1.0162081067e+00 -1.9485192663e+00 -1.2711191388e+00 -4.0201505848e-01 -1.2389742931e+00 -1.4209933853e+00  1.1995869055e+00 -2.8897302138e-01  1.5074793729e+00 -2.2076150337e+00  9.5225561020e-01 -1.1809604606e+00  6.7359907522e-02
ENERGY -7.031891925966e+02

JOB 4
COORDS -8.2073209272e-01 -3.1088642051e+00 -1.3597261495e-01  1.5161123896e+00  1.2480428122e+00  8.2370323612e-01 -1.0915967738e+00 -1.6155598511e+00  3.4903618701e-02  2.6908854342e-01  1.5890596019e+00 -1.4385726977e+00  1.5417425604e-01 -8.6471531877e-01 -2.2255837807e-01 -1.1925171941e+00  1.1352582459e+00  7.2079248440e-01  1.6231901773e-02  8.7436248458e-01 -9.8917934091e-02 -1.7420155772e+00 -3.6778635999e+00  2.4405573597e-02 -4.4494391840e-01 -3.3252866508e+00 -1.1399712138e+00 -8.0955777843e-02 -3.4654658847e+00  5.9101565892e-01  1.4188108666e+00  8.1765175398e-01  1.8213092713e+00  2.3767614562e+00  8.4908221876e-01  2.8575312634e-01  1.5772193047e+00  2.3349507397e+00  8.7711238860e-01 -1.8347667928e+00 -1.2878610500e+00 -6.9730750533e-01 -1.5039252750e+00 -1.3992664162e+00  1.0279380161e+00 -5.4747360779e-01  1.5334710517e+00 -2.0502411672e+00  9.0687912588e-01 -1.1841265215e+00  3.8726405701e-01
ENERGY -7.031884059148e+02

JOB 5
COORDS -7.8697330936e-01 -3.1258496015e+00 -1.9487833823e-01  1.5795759009e+00  1.2571205576e+00  7.2797935777e-01 -1.1108661085e+00 -1.6456035121e+00 -1.3434380293e-02 -4.7571545288e-02  1.0759536104e+00 -1.5485064062e+00  1.3724698576e-01 -8.7221309372e-01  8.0898234182e-02 -1.0851227836e+00  1.3486239075e+00  8.3925075473e-01 -1.1482724608e-02  7.9988050428e-01 -2.5983209713e-02 -1.7126510397e+00 -3.7035720217e+00 -2.8028116961e-01 -1.8987731323e-01 -3.2821678487e+00 -1.0973945072e+00 -2.2854672073e-01 -3.5205321765e+00  6.6230895196e-01  1.5962673466e+00  9.6252811532e-01  1.7795584474e+00  2.3851949036e+00  7.9364115087e-01  1.5649588242e-01  1.6380087347e+00  2.3436248585e+00  6.4502389056e-01 -1.6480172473e+00 -1.2683277791e+00 -8.8731011098e-01 -1.7478425922e+00 -1.4862524011e+00  8.6592825727e-01 -5.7952531683e-01  1.9339966243e+00 -1.7068707611e+00  7.8853366453e-01 -1.1579814838e+00  8.0787102696e-01
ENERGY -7.031901225188e+02

JOB 6
COORDS -7.6975037119e-01 -3.1251122339e+00 -1.9032951657e-01  1.6232529575e+00  1.2512429554e+00  6.7636762767e-01 -1.1030650705e+00 -1.6395392601e+00 -8.4066045540e-02 -1.4139687608e-01  1.0597650299e+00 -1.4889071527e+00  1.3438008361e-01 -8.7024876370e-01  1.4301620402e-01 -1.0235831890e+00  1.3788915056e+00  9.6180675303e-01 -1.7275417204e-02  8.0709569166e-01  3.2526260134e-02 -1.6816280303e+00 -3.7002547622e+00 -3.7927667240e-01 -6.5803393279e-02 -3.3046665453e+00 -1.0075630834e+00 -3.2587926251e-01 -3.5037793241e+00  7.3798400431e-01  1.7141497377e+00  9.4439956226e-01  1.7207757940e+00  2.3809673582e+00  7.8641059477e-01  4.4911927545e-02  1.6805765643e+00  2.3384739357e+00  6.0346953545e-01 -1.5243017841e+00 -1.2775763976e+00 -1.0247353502e+00 -1.8385347152e+00 -1.4581861597e+00  7.1006665565e-01 -7.1090259906e-01  1.8953928738e+00 -1.6311508531e+00  6.4514484189e-01 -1.1294392920e+00  9.8575983197e-01
ENERGY -7.031928183605e+02

JOB 7
COORDS -7.5435993260e-01 -3.1256525597e+00 -1.7153510908e-01  1.6609785032e+00  1.2437932858e+00  6.1698181440e-01 -1.0831103893e+00 -1.6351138140e+00 -1.6610492887e-01 -2.4331165353e-01  1.0580620286e+00 -1.4170029908e+00  1.2411561577e-01 -8.6744298393e-01  2.0350532887e-01 -9.4763775762e-01  1.4018124950e+00  1.0971211703e+00 -2.3833056027e-02  8.1590909508e-01  9.4126384921e-02 -1.6365776476e+00 -3.7011382619e+00 -4.6906537587e-01  5.6124400692e-02 -3.3396388905e+00 -8.7389669525e-01 -4.5120960811e-01 -3.4747568319e+00  8.2263023821e-01  1.8339309907e+00  9.0404037191e-01  1.6406731907e+00  2.3628137564e+00  7.9307066134e-01 -8.4429991358e-02  1.7158286402e+00  2.3328427664e+00  5.7390517425e-01 -1.3674561565e+00 -1.3017850284e+00 -1.1658578153e+00 -1.9176651413e+00 -1.4237848039e+00  5.1506372856e-01 -8.3255748753e-01  1.8828915990e+00 -1.5339195812e+00  4.8027775787e-01 -1.1102397184e+00  1.1284613775e+00
ENERGY -7.031947628855e+02

JOB 8
COORDS -7.4401185982e-01 -3.0273770486e+00  7.1282123685e-01 -5.0337642472e-01  1.9943302697e+00  5.9982411924e-02  1.7358012028e-01 -1.9853049846e+00  7.7227708094e-02  1.8016989755e+00  6.9994482863e-01  2.7767048358e-01 -4.9381056897e-01 -6.6895479504e-01  8.1942423121e-02  4.7716581896e-01  5.6421461717e-01 -2.0100811609e+00  4.8755225294e-01  6.1699593765e-01 -5.2653548715e-01 -2.4210685971e-01 -3.9995879736e+00  7.4645096889e-01 -1.0107047580e+00 -2.7353778090e+00  1.7324687620e+00 -1.6682077417e+00 -3.1503663665e+00  1.3650099730e-01 -1.5197333559e+00  1.8816353995e+00 -3.2068824417e-01 -4.8115363536e-01  1.9914305924e+00  1.1485604708e+00 -4.1278797339e-02  2.8963948919e+00 -3.4257060195e-01  1.0857740039e+00 -1.8767758353e+00  6.7014176631e-01  4.6016610475e-01 -2.2964999974e+00 -9.3689289779e-01  2.5533526066e+00  2.3485695104e-01 -2.3309046519e-01 -1.3585550465e+00 -6.8668926728e-01 -4.6325245174e-01
ENERGY -7.031962871053e+02

JOB 9
COORDS -7.5163045025e-01 -3.0091490788e+00  7.2003994726e-01 -4.7239250068e-01  1.9914574257e+00  1.3346142727e-01  1.9549099365e-01 -1.9574925677e+00  1.4582317819e-01  1.8008340027e+00  6.5719517158e-01  1.4480316248e-01 -5.3056884182e-01 -6.8464306116e-01 -3.1460449795e-02  3.2992402220e-01  6.7349836263e-01 -2.0708853481e+00  4.4594150394e-01  6.3248727499e-01 -5.9202916006e-01 -2.1366929882e-01 -3.9478028787e+00  8.8697476536e-01 -1.1708488174e+00 -2.6714666908e+00  1.6721068499e+00 -1.5803350489e+00 -3.2181794429e+00  3.3913183366e-02 -1.5084891083e+00  1.9174992421e+00 -1.9923619385e-01 -3.9650143491e-01  1.9159635394e+00  1.2169030116e+00 -1.2335192438e-02  2.9096247967e+00 -2.3366829623e-01  1.0132774077e+00 -1.7622799345e+00  8.4379063755e-01  6.3294475217e-01 -2.3186122003e+00 -7.9615047321e-01  2.4961531828e+00  1.1362467793e-01 -3.6950982370e-01 -1.3014443368e+00 -7.8885522569e-01 -6.9422049811e-01
ENERGY -7.031974322785e+02

JOB 10
COORDS -7.7365953834e-01 -2.9674721632e+00  7.4746278902e-01 -4.4541595000e-01  1.9457709859e+00  2.2551155037e-01  2.0407670944e-01 -1.9297087865e+00  1.9853199860e-01  1.8083152466e+00  6.2569063682e-01 -1.5031657051e-03 -5.3511411422e-01 -7.1985838502e-01 -2.0550152931e-01  1.9919329193e-01  8.2330328291e-01 -2.1233093684e+00  4.1652807621e-01  6.5098906524e-01 -6.6643853898e-01 -2.2967692477e-01 -3.8593121208e+00  1.0751386133e+00 -1.3281777847e+00 -2.5622658787e+00  1.5987192031e+00 -1.4960866212e+00 -3.2795105594e+00 -1.5232048726e-02 -1.4907705268e+00  1.9199509768e+00 -8.3084595635e-02 -3.4303718448e-01  1.7561077363e+00  1.2928508023e+00  2.2707000096e-02  2.8900229672e+00 -5.5016695185e-02  9.1657540592e-01 -1.6300051346e+00  9.7024682719e-01  7.7925127787e-01 -2.3603146556e+00 -6.3426680391e-01  2.4577917152e+00  5.2122673445e-02 -5.4365275974e-01 -1.1861492440e+00 -9.0264123013e-01 -9.6980035842e-01
ENERGY -7.031982099183e+02

JOB 11
COORDS -8.0676939825e-01 -2.9305949249e+00  7.5077418918e-01 -4.0483742784e-01  1.8758086025e+00  3.1312341553e-01  1.9836590880e-01 -1.8773357083e+00  2.8810009550e-01  1.8297455775e+00  6.2237797338e-01 -1.9288908917e-01 -5.1723166632e-01 -7.5522404844e-01 -3.4334277844e-01  3.8613398974e-02  9.2463191171e-01 -2.1553809619e+00  3.8737853703e-01  6.5927717711e-01 -7.3958768170e-01 -2.8452320882e-01 -3.7602755478e+00  1.2381311437e+00 -1.5198909663e+00 -2.4997738712e+00  1.4594759592e+00 -1.3706928059e+00 -3.3421914419e+00 -9.3964691598e-02 -1.4637725542e+00  1.8863926022e+00  5.5632990577e-02 -2.5353785393e-01  1.5892361901e+00  1.3531567563e+00  6.3755760611e-02  2.8374026662e+00  1.0072391716e-01  7.5403592846e-01 -1.4768299124e+00  1.1386757477e+00  9.3303640419e-01 -2.3317205986e+00 -3.9211250179e-01  2.4322595769e+00  5.4609987392e-02 -7.9294831265e-01 -1.0395843760e+00 -1.0229216464e+00 -1.1769122778e+00
ENERGY -7.031989498701e+02

JOB 12
COORDS -8.2357021511e-01 -2.9279085306e+00  7.1510749608e-01 -3.2664068446e-01  1.8179598249e+00  3.7958092197e-01  1.4898598906e-01 -1.7896936993e+00  4.1260995066e-01  1.8459687720e+00  6.0600959939e-01 -4.0239784056e-01 -5.3071048673e-01 -7.6699595449e-01 -4.0042212394e-01 -1.2530741907e-01  9.7270200014e-01 -2.1675008384e+00  3.5596199058e-01  6.5553945765e-01 -8.0281179129e-01 -3.3576796925e-01 -3.6845686501e+00  1.3377088933e+00 -1.7063919311e+00 -2.5556351152e+00  1.2428148918e+00 -1.1579686002e+00 -3.4195483453e+00 -2.0570008918e-01 -1.3980947031e+00  1.8753008680e+00  1.9041916092e-01 -1.2146430330e-01  1.4587572247e+00  1.3878392495e+00  1.6201296655e-01  2.7769880869e+00  2.0530916643e-01  4.7794582251e-01 -1.3155355688e+00  1.3409301694e+00  1.0498404130e+00 -2.1789008786e+00 -8.1067755123e-02  2.3875717537e+00  5.6339675394e-02 -1.0733202987e+00 -9.2602056033e-01 -1.1279405842e+00 -1.2684432429e+00
ENERGY -7.031995286240e+02

JOB 13
COORDS -8.3105601532e-01 -2.9174040829e+00  7.0621913931e-01 -2.7118199789e-01  1.7538694004e+00  4.3031801452e-01  8.6849485112e-02 -1.7180229014e+00  4.8027553143e-01  1.8525719792e+00  5.8368582271e-01 -5.3758146989e-01 -5.5553956109e-01 -7.7724369243e-01 -4.5713023123e-01 -2.1215504754e-01  1.0300272867e+00 -2.1656907146e+00  3.3994198247e-01  6.5148606377e-01 -8.4508138990e-01 -3.7524814143e-01 -3.6119052722e+00  1.4189113474e+00 -1.8006513237e+00 -2.5981614788e+00  1.0989573124e+00 -1.0045966427e+00 -3.4648548849e+00 -2.2746366428e-01 -1.3502678583e+00  1.8262364477e+00  3.0007098078e-01 -1.5075355782e-02  1.3489119189e+00  1.4092496682e+00  2.1705812243e-01  2.7164498741e+00  2.7686332402e-01  2.5259833280e-01 -1.1908658784e+00  1.4243666606e+00  1.0724972303e+00 -2.0457956785e+00  1.2474766318e-01  2.3534591768e+00  8.4643541625e-02 -1.2764371038e+00 -7.8285353051e-01 -1.2181870760e+00 -1.3499391483e+00
ENERGY -7.031994312821e+02

JOB 14
COORDS -8.3431616290e-01 -2.9179792403e+00  6.8482164302e-01 -1.9858800289e-01  1.7009977332e+00  4.7264726275e-01 -4.7278720539e-04 -1.6457392339e+00  5.4934340538e-01  1.8562984091e+00  5.4396414671e-01 -6.5978949878e-01 -5.8543363031e-01 -7.8419966352e-01 -5.0097975250e-01 -2.8192127422e-01  1.0925119234e+00 -2.1499129155e+00  3.2848716503e-01  6.4538192191e-01 -8.7861822470e-01 -4.2916339515e-01 -3.5513363615e+00  1.4801672481e+00 -1.8749593006e+00 -2.6798473319e+00  9.2262911932e-01 -8.2105864347e-01 -3.5007310986e+00 -2.4363406096e-01 -1.2871122513e+00  1.7363865140e+00  4.4914490951e-01  1.7274284688e-01  1.3038806532e+00  1.4166801976e+00  2.3556032343e-01  2.6823791714e+00  2.8005356526e-01 -2.1911020862e-02 -1.0896879151e+00  1.4914836018e+00  1.0503515739e+00 -1.8866008632e+00  3.4281073040e-01  2.3102686397e+00  1.0421406668e-01 -1.4638361991e+00 -6.4242165440e-01 -1.3007250118e+00 -1.3823551117e+00
ENERGY -7.031981890663e+02

JOB 15
COORDS -8.1610998010e-01 -2.9208150787e+00  6.6169832908e-01 -1.0869874717e-01  1.6425498066e+00  5.1357638506e-01 -1.1936435995e-01 -1.5626427450e+00  6.1715936110e-01  1.8510653310e+00  4.8682451334e-01 -7.9117581810e-01 -6.1994967637e-01 -7.8918018479e-01 -5.4519045449e-01 -3.4727357251e-01  1.1676674873e+00 -2.1238715670e+00  3.1506757201e-01  6.3878806779e-01 -9.1289845407e-01 -4.8731744002e-01 -3.4844541124e+00  1.5402781279e+00 -1.9023373963e+00 -2.8017662653e+00  7.0997445203e-01 -5.7617292494e-01 -3.5186157300e+00 -2.2545225903e-01 -1.1933843594e+00  1.6252324727e+00  6.1733072805e-01  3.9453523898e-01  1.2615999861e+00  1.4008596878e+00  2.4666284864e-01  2.6468857501e+00  2.8102873332e-01 -3.6140813486e-01 -1.0002911171e+00  1.5239743934e+00  9.7142013113e-01 -1.6852886023e+00  5.8332320054e-01  2.2470843327e+00  1.2091724381e-01 -1.6601558942e+00 -5.1746802802e-01 -1.3745420817e+00 -1.3798030313e+00
ENERGY -7.031959312617e+02

JOB 16
COORDS -1.2983432782e+00 -2.5188599453e+00 -4.8616958401e-02  4.9150676586e-01  1.3595397439e+00  1.0146170643e+00 -1.3066621882e-01 -1.8596439995e+00  6.8911465627e-01  1.3161538081e+00  1.2056801524e+00 -1.4864693027e+00  7.8112221588e-01 -1.0494010974e+00 -1.6425627051e-01 -1.1774135782e+00  5.2855072041e-01 -9.5677268833e-01  2.5728568460e-01  5.5261144278e-01 -5.7350554834e-01 -1.8879915304e+00 -3.1270036157e+00  6.4613193149e-01 -1.9476127727e+00 -1.7676309000e+00 -5.0238071075e-01 -9.3017283890e-01 -3.1853434254e+00 -8.3810046706e-01 -1.3526558371e-01  8.8280087051e-01  1.7671482556e+00  1.5479314179e+00  1.2965368561e+00  1.2710410901e+00  1.8495662140e-01  2.3948175814e+00  8.6365863842e-01 -5.0356343677e-01 -1.2260308951e+00  1.4978487470e+00  5.0051049955e-01 -2.6194830869e+00  1.1628684574e+00  1.0396324108e+00  1.1106536683e+00 -2.4651632072e+00  8.6828064846e-01 -1.5249246602e+00 -1.0665077674e+00
ENERGY -7.031936770652e+02

JOB 17
COORDS -1.2803756606e+00 -2.5645887403e+00 -1.4668170207e-01  6.0249208730e-01  1.4210160849e+00  1.0191242861e+00 -2.2392366277e-01 -1.8548997404e+00  7.0251367270e-01  1.2347798770e+00  1.1363140953e+00 -1.5329244806e+00  7.4101745327e-01 -1.0302138811e+00 -6.5731743616e-02 -1.2315286813e+00  5.6120470236e-01 -7.5879496405e-01  2.3195167621e-01  5.5938429768e-01 -5.1140684563e-01 -1.9221825176e+00 -3.1860261979e+00  4.8739191196e-01 -1.9023214370e+00 -1.8388647280e+00 -6.7461541095e-01 -8.0571662587e-01 -3.2247299325e+00 -8.8293397286e-01  8.5750449433e-02  9.2422130575e-01  1.8403864971e+00  1.6819732571e+00  1.4058168326e+00  1.1602500694e+00  2.3308772061e-01  2.4391458201e+00  8.9220195340e-01 -7.0803924985e-01 -1.2118147868e+00  1.4428346570e+00  3.7232306064e-01 -2.5827242748e+00  1.2639821719e+00  8.8537730013e-01  9.9655929502e-01 -2.4826763487e+00  9.8168578798e-01 -1.4969307414e+00 -9.4226383129e-01
ENERGY -7.031964712290e+02

JOB 18
COORDS -1.2648145129e+00 -2.5903452647e+00 -2.2784255250e-01  6.8106338159e-01  1.4912767589e+00  1.0071597677e+00 -2.8687266446e-01 -1.8757384459e+00  7.0698111508e-01  1.1408937247e+00  1.0824799733e+00 -1.5609046180e+00  7.0161693165e-01 -1.0101655433e+00  2.7839655006e-02 -1.2781490770e+00  5.7965951029e-01 -5.7740741166e-01  1.9944304029e-01  5.6570221270e-01 -4.5198586803e-01 -1.9294558805e+00 -3.2452743195e+00  3.4634766232e-01 -1.8725499768e+00 -1.8660160490e+00 -7.7411795957e-01 -7.2528726338e-01 -3.2161372638e+00 -9.4915296523e-01  2.1743402836e-01  1.0218851686e+00  1.8755968733e+00  1.7672615449e+00  1.4707800342e+00  1.0795016800e+00  3.0938677809e-01  2.5075664227e+00  8.7159686777e-01 -8.3535258195e-01 -1.2571863358e+00  1.4228158102e+00  2.8841703468e-01 -2.6015256707e+00  1.2927634589e+00  7.6045490391e-01  8.5089393920e-01 -2.4808037173e+00  1.1028614236e+00 -1.4549857166e+00 -7.9773187793e-01
ENERGY -7.031981167982e+02

JOB 19
COORDS -1.2281876562e+00 -2.6203635864e+00 -3.2457820510e-01  7.6997214352e-01  1.5739838731e+00  9.8491009913e-01 -3.5247710165e-01 -1.9080449925e+00  7.0830635916e-01  1.0050406075e+00  1.0318189461e+00 -1.5750017075e+00  6.5236741441e-01 -9.8966643853e-01  1.3677238620e-01 -1.3284384054e+00  5.9946351270e-01 -3.5001020801e-01  1.5327573958e-01  5.7495834812e-01 -3.7055910377e-01 -1.9106253217e+00 -3.3194576990e+00  1.7144983999e-01 -1.8216708828e+00 -1.8963064843e+00 -8.8747606189e-01 -6.1338757030e-01 -3.1972236812e+00 -1.0261527555e+00  3.4426246989e-01  1.1766239065e+00  1.9069553991e+00  1.8570379020e+00  1.5115487261e+00  9.9243836187e-01  4.3190854298e-01  2.5956207838e+00  8.0756574968e-01 -9.7541386318e-01 -1.3291348178e+00  1.3943329801e+00  2.0116216895e-01 -2.6346732469e+00  1.3137340065e+00  6.0091757440e-01  6.8454205297e-01 -2.4477905829e+00  1.1906070728e+00 -1.4008197923e+00 -6.2424063710e-01
ENERGY -7.031989918976e+02

JOB 20
COORDS -1.1793974116e+00 -2.6281031612e+00 -4.2969283632e-01  8.6537963306e-01  1.6467104553e+00  9.4325632564e-01 -4.2755879299e-01 -1.9406846654e+00  7.1220948675e-01  8.5430743257e-01  9.5283418312e-01 -1.5795071464e+00  5.9944543121e-01 -9.7347844478e-01  2.8124935853e-01 -1.3630300255e+00  6.2668866326e-01 -1.1498759883e-01  1.0802703278e-01  5.7633252412e-01 -2.8049706822e-01 -1.8827861814e+00 -3.3684135034e+00 -3.2490468425e-02 -1.7449285301e+00 -1.8963232083e+00 -1.0121939028e+00 -4.8537077010e-01 -3.1524028640e+00 -1.0976721983e+00  4.9586676338e-01  1.3322615869e+00  1.9194039647e+00  1.9475230504e+00  1.5430022249e+00  8.7734889269e-01  5.5293000646e-01  2.6661931653e+00  7.1404050326e-01 -1.1273484596e+00 -1.4073354055e+00  1.3583944971e+00  8.9563489236e-02 -2.6800838578e+00  1.3342773217e+00  4.1305491006e-01  5.0784650558e-01 -2.3879688956e+00  1.2606732568e+00 -1.3521747874e+00 -3.9451431541e-01
ENERGY -7.031993747246e+02

JOB 21
COORDS -1.1062686921e+00 -2.6099141867e+00 -5.3405170982e-01  9.5292243737e-01  1.6908003927e+00  8.8456837569e-01 -4.9510302752e-01 -1.9693491222e+00  7.1480793532e-01  6.7879846091e-01  8.5456524842e-01 -1.5739018233e+00  5.4042012972e-01 -9.5287173662e-01  4.5219660424e-01 -1.3923596971e+00  6.6365139594e-01  1.1161698706e-01  5.4058544126e-02  5.6959320421e-01 -1.8926964232e-01 -1.8148572533e+00 -3.3962242591e+00 -2.5120253721e-01 -1.6473881501e+00 -1.8654209173e+00 -1.1249202399e+00 -3.3336549494e-01 -3.0655612227e+00 -1.1642824193e+00  6.3860162875e-01  1.4761661676e+00  1.9055780848e+00  2.0221500678e+00  1.5266859779e+00  7.5551418187e-01  6.7724890049e-01  2.7037442529e+00  5.8906573946e-01 -1.2711417919e+00 -1.4915694917e+00  1.3150418330e+00 -1.8140518228e-02 -2.7299714970e+00  1.3429586930e+00  1.7805662064e-01  3.4580388805e-01 -2.3066174510e+00  1.3127186701e+00 -1.2972586839e+00 -1.1644669162e-01
ENERGY -7.031992157445e+02

JOB 22
COORDS -9.6416572321e-01 -3.0342236214e+00 -1.2353442660e-01  9.7018349342e-01  1.2579891711e+00  1.0792832776e+00 -6.4170585803e-01 -1.6633404580e+00  4.6932221390e-01  9.2104586166e-01  1.4356231640e+00 -1.5328370032e+00  2.8485495560e-02 -8.2133396908e-01 -5.2851623696e-01 -1.3802245549e+00  1.2273593494e+00 -1.8123234406e-01  3.3319761643e-02  8.6560212873e-01 -4.0939829222e-01 -1.4756127223e+00 -3.6560043398e+00  6.1839734362e-01 -1.6095688639e+00 -2.9282766942e+00 -9.9967502004e-01 -5.2570135245e-02 -3.5606801945e+00 -4.2866163649e-01  4.9685578716e-01  7.4627621868e-01  1.9184794065e+00  2.0026306163e+00  9.3676128364e-01  9.4271896833e-01  9.1756350760e-01  2.3387891040e+00  1.2154821188e+00 -1.5643942621e+00 -1.1476228067e+00  7.4564423021e-01 -3.3339639165e-02 -1.7788775802e+00  1.3792814681e+00  4.2848270779e-01  1.3986926357e+00 -2.4279935745e+00  8.9936536255e-01 -1.1638639808e+00 -9.2610457306e-01
ENERGY -7.031985137690e+02

JOB 23
COORDS -9.3321130228e-01 -3.0478994714e+00 -1.2113490428e-01  1.0351442476e+00  1.2322286433e+00  1.0576826092e+00 -7.2430246654e-01 -1.6372537660e+00  4.2689770748e-01  8.5553337460e-01  1.4817878496e+00 -1.5361696832e+00  1.2896526194e-03 -8.1743617489e-01 -5.5885832476e-01 -1.3773553403e+00  1.2238807828e+00 -7.2505716563e-02  2.2451301909e-02  8.7664537895e-01 -3.9173476388e-01 -1.4899473226e+00 -3.6540583753e+00  6.0082959300e-01 -1.4948851354e+00 -3.0138212226e+00 -1.0586303593e+00  2.2582045045e-02 -3.5496239514e+00 -3.1126042162e-01  6.0324455808e-01  7.0080248983e-01  1.9068557925e+00  2.0607725872e+00  9.1839107183e-01  8.6399631243e-01  9.8903022870e-01  2.3093167640e+00  1.2226277397e+00 -1.6852642554e+00 -1.1480220713e+00  5.9571689059e-01 -1.9561223440e-01 -1.6819070154e+00  1.3914678531e+00  3.5016496885e-01  1.4134189063e+00 -2.4224062058e+00  9.3671592705e-01 -1.1535804278e+00 -7.8271819871e-01
ENERGY -7.031990969375e+02

