JOB 0
COORDS -1.2531126029e+00 -6.1452713393e-01 -3.3110721984e-01  6.1653969835e-01  9.9580969112e-01 -3.9616017031e-01 -3.5033541029e-01 -1.5901581547e+00 -1.0737206130e-01  1.4590651262e+00 -3.1275766356e-02 -1.6006674419e-01 -8.7169796536e-01  8.3295989978e-01 -3.0512410441e-01 -1.4549074453e+00  3.8190335605e+00  1.1025508862e+00 -1.4133361611e+00  1.4343347563e+00  1.0140720560e+00 -1.4226758679e+00  2.6719156691e+00  1.0221362482e+00  9.9694411863e-01 -1.3159183560e+00  7.5103512502e-02 -2.2963741013e+00 -8.7693864270e-01 -4.6931192611e-01  1.0275717353e+00  1.9810310333e+00 -5.9251895612e-01 -6.2584229313e-01 -2.6394278774e+00 -7.4445746974e-02  2.5378257036e+00  8.9163943698e-02 -1.6162134832e-01 -1.3824382751e+00  1.3874792491e+00 -1.1025356608e+00  1.6560117843e+00 -2.0797067301e+00  9.1148754035e-02
ENERGY -4.131139758552e+02

JOB 1
COORDS -1.2365203702e+00 -5.7286102890e-01 -2.9799514409e-01  6.8157387964e-01  9.7841032930e-01 -3.8957813227e-01 -3.6017586362e-01 -1.5796846729e+00 -1.0690680669e-01  1.4963386911e+00 -7.7993375914e-02 -1.8778788517e-01 -8.0828679607e-01  8.6126600173e-01 -2.6788979345e-01 -1.7827518105e+00  3.8046769680e+00  1.0202302166e+00 -1.2837033236e+00  1.4713148421e+00  1.0738791959e+00 -1.5331193664e+00  2.6816677144e+00  1.0070000451e+00  9.9919821286e-01 -1.3507615275e+00  4.1183644494e-02 -2.2910940738e+00 -7.9999348084e-01 -4.1062140351e-01  1.1174297277e+00  1.9541861770e+00 -5.7878377319e-01 -6.6881137706e-01 -2.6197363150e+00 -7.4923920015e-02  2.5780445637e+00  8.6606516140e-03 -2.1190995742e-01 -1.3186650076e+00  1.4397034290e+00 -1.0481031433e+00  1.6337809578e+00 -2.1350805703e+00  3.6954375626e-02
ENERGY -4.131138528371e+02

JOB 2
COORDS -1.2191806661e+00 -5.2112789113e-01 -2.6979069809e-01  7.4828671280e-01  9.6386055633e-01 -3.9819725171e-01 -3.7407034506e-01 -1.5577235791e+00 -9.5307184195e-02  1.5300256759e+00 -1.2063374132e-01 -2.1571713647e-01 -7.4145924380e-01  8.9783487219e-01 -2.4914796076e-01 -2.1024103558e+00  3.7165718667e+00  9.8483181819e-01 -1.1538977530e+00  1.5299098003e+00  1.1048437225e+00 -1.6408586406e+00  2.6627324988e+00  1.0024410220e+00  9.9513815829e-01 -1.3763602696e+00  2.3013518393e-02 -2.2831482924e+00 -7.1199208138e-01 -3.6033513316e-01  1.2126669805e+00  1.9253191691e+00 -5.9167808462e-01 -7.1798702472e-01 -2.5863051643e+00 -5.3288515130e-02  2.6133077699e+00 -7.0657566828e-02 -2.6162896801e-01 -1.2452665066e+00  1.4943863262e+00 -1.0195661473e+00  1.6020915748e+00 -2.1820396541e+00  4.2745168994e-03
ENERGY -4.131136481102e+02

JOB 3
COORDS -1.2028190887e+00 -4.6200345265e-01 -2.4800264939e-01  8.1188762693e-01  9.5291988172e-01 -4.1935916780e-01 -3.9207721835e-01 -1.5265755673e+00 -7.6086469018e-02  1.5581490016e+00 -1.5689554379e-01 -2.4178162762e-01 -6.7622554929e-01  9.4034644326e-01 -2.4701559569e-01 -2.3905801264e+00  3.5616734168e+00  9.9012155573e-01 -1.0287244354e+00  1.6055687796e+00  1.1086795054e+00 -1.7354481012e+00  2.6158791230e+00  1.0068287195e+00  9.8397337087e-01 -1.3915107179e+00  1.5916627936e-02 -2.2741121054e+00 -6.1737978528e-01 -3.2045290533e-01  1.3055925878e+00  1.8968859811e+00 -6.2496806964e-01 -7.7123397068e-01 -2.5418471287e+00 -1.6663668933e-02  2.6415502248e+00 -1.4503453354e-01 -3.0635172790e-01 -1.1694143317e+00  1.5494024588e+00 -1.0143125154e+00  1.5627201591e+00 -2.2176542133e+00 -1.8044933222e-03
ENERGY -4.131135517218e+02

JOB 4
COORDS -1.1888908418e+00 -3.9731419549e-01 -2.3549274565e-01  8.7026706906e-01  9.4566600921e-01 -4.4814637163e-01 -4.1388701422e-01 -1.4863248241e+00 -5.1325803987e-02  1.5797089306e+00 -1.8605953493e-01 -2.6082116666e-01 -6.1497335413e-01  9.8698607801e-01 -2.6080136809e-01 -2.6347104456e+00  3.3475246006e+00  1.0320828498e+00 -9.1528473392e-01  1.6933276417e+00  1.0859785772e+00 -1.8119292932e+00  2.5433134677e+00  1.0185094251e+00  9.6655718634e-01 -1.3957201448e+00  2.5751504682e-02 -2.2654049624e+00 -5.1830489142e-01 -2.9867268655e-01  1.3931730956e+00  1.8689628891e+00 -6.7358459698e-01 -8.2663120103e-01 -2.4869189097e+00  2.9720941886e-02  2.6619316717e+00 -2.1285586754e-01 -3.3904299619e-01 -1.0933586113e+00  1.6028260853e+00 -1.0321240793e+00  1.5166705484e+00 -2.2413332618e+00  1.2716034885e-02
ENERGY -4.131136371649e+02

JOB 5
COORDS -1.1788695919e+00 -3.3006298731e-01 -2.2977960004e-01  9.2132735366e-01  9.4173286589e-01 -4.8018015149e-01 -4.3805806984e-01 -1.4388185905e+00 -2.4069594857e-02  1.5942482314e+00 -2.0838362349e-01 -2.7385066462e-01 -5.6054171438e-01  1.0347551077e+00 -2.8779768097e-01 -2.8236610616e+00  3.0885239517e+00  1.1038452292e+00 -8.2064705702e-01  1.7922972064e+00  1.0379758302e+00 -1.8671332268e+00  2.4529905834e+00  1.0344408025e+00  9.4489160771e-01 -1.3914344829e+00  4.3574835203e-02 -2.2589673552e+00 -4.1918507334e-01 -2.8806916909e-01  1.4723443416e+00  1.8426130658e+00 -7.2772696244e-01 -8.8215378023e-01 -2.4236113213e+00  8.1401693407e-02  2.6742847541e+00 -2.7231459858e-01 -3.5994762954e-01 -1.0212503397e+00  1.6491402859e+00 -1.0713127371e+00  1.4674239523e+00 -2.2544672475e+00  4.6243318226e-02
ENERGY -4.131138369047e+02

JOB 6
COORDS -1.1742042661e+00 -2.6401218585e-01 -2.4488020486e-01  9.6247419956e-01  9.4016252796e-01 -5.1863961973e-01 -4.6615129879e-01 -1.3857712700e+00  1.7952712749e-03  1.6011141205e+00 -2.2118051055e-01 -2.7312668710e-01 -5.1635304679e-01  1.0811105024e+00 -3.3183445237e-01 -2.9406753238e+00  2.7973605851e+00  1.2231575297e+00 -7.4743624052e-01  1.8917333843e+00  9.6587023170e-01 -1.8942090208e+00  2.3472962746e+00  1.0629822693e+00  9.1686116266e-01 -1.3740208057e+00  8.3081209789e-02 -2.2554177899e+00 -3.2740788220e-01 -3.1648408881e-01  1.5391472298e+00  1.8160785362e+00 -7.9534528209e-01 -9.3804015775e-01 -2.3548955255e+00  1.2960072993e-01  2.6787554992e+00 -3.2006345825e-01 -3.5599928853e-01 -9.5671358408e-01  1.6890955588e+00 -1.1321620275e+00  1.4140865609e+00 -2.2517105896e+00  1.0673192780e-01
ENERGY -4.131139721501e+02

JOB 7
COORDS -1.1742075834e+00 -2.0664505235e-01 -2.6767634120e-01  9.9154035961e-01  9.4058802830e-01 -5.5237985924e-01 -4.9475782113e-01 -1.3355878763e+00  2.3016287548e-02  1.6010884201e+00 -2.2603107641e-01 -2.6359007940e-01 -4.8580831829e-01  1.1204697128e+00 -3.8839371090e-01 -2.9822363807e+00  2.5081983241e+00  1.3703044219e+00 -7.0615318852e-01  1.9967241491e+00  8.6827699227e-01 -1.8967994364e+00  2.2459742218e+00  1.0938515985e+00  8.8680401144e-01 -1.3516212590e+00  1.2126137355e-01 -2.2550662940e+00 -2.5111240624e-01 -3.5518360451e-01  1.5910178405e+00  1.7938623183e+00 -8.5041393032e-01 -9.8948047230e-01 -2.2901310019e+00  1.7271661061e-01  2.6769444141e+00 -3.5185425881e-01 -3.3188053058e-01 -9.0349108089e-01  1.7098030904e+00 -1.2145647307e+00  1.3638435739e+00 -2.2388617721e+00  1.7940302107e-01
ENERGY -4.131139161697e+02

JOB 8
COORDS -1.1819936205e+00 -1.6205861280e-01 -3.1322586108e-01  1.0075900216e+00  9.4343047564e-01 -5.8535269356e-01 -5.2555524061e-01 -1.2887611473e+00  3.4418292544e-02  1.5925855218e+00 -2.1968635119e-01 -2.3893355447e-01 -4.7071292383e-01  1.1501301006e+00 -4.5770697710e-01 -2.9363967485e+00  2.2378096464e+00  1.5553610028e+00 -6.9444041034e-01  2.0870451805e+00  7.5506519333e-01 -1.8686045122e+00  2.1464367438e+00  1.1371369187e+00  8.5197324752e-01 -1.3194798226e+00  1.7188620782e-01 -2.2597315720e+00 -1.9879333678e-01 -4.3452178655e-01  1.6263226522e+00  1.7759654857e+00 -9.0238551660e-01 -1.0372825726e+00 -2.2317285983e+00  1.9949801191e-01  2.6675548981e+00 -3.6396785169e-01 -2.7777576917e-01 -8.6194951349e-01  1.7185140648e+00 -1.3104894110e+00  1.3138788168e+00 -2.2110808351e+00  2.7177346090e-01
ENERGY -4.131137035882e+02

JOB 9
COORDS -1.1933986813e+00 -1.2992071391e-01 -3.7356763756e-01  1.0116442306e+00  9.4820967358e-01 -6.1350757771e-01 -5.5835851143e-01 -1.2482266576e+00  3.6514410050e-02  1.5758741107e+00 -2.0447684705e-01 -2.0371857174e-01 -4.6844183494e-01  1.1719801052e+00 -5.3374172549e-01 -2.8126748361e+00  1.9926553440e+00  1.7518661434e+00 -7.1201752116e-01  2.1605189218e+00  6.3655843812e-01 -1.8130758865e+00  2.0514190219e+00  1.1852274916e+00  8.1238104799e-01 -1.2819246620e+00  2.2571428600e-01 -2.2654650062e+00 -1.6647152162e-01 -5.3666202804e-01  1.6467741961e+00  1.7630221465e+00 -9.4405207452e-01 -1.0827661662e+00 -2.1821125466e+00  2.1278409090e-01  2.6501374028e+00 -3.5866834528e-01 -2.0195627974e-01 -8.3072053421e-01  1.7201731728e+00 -1.4110587682e+00  1.2633460339e+00 -2.1724019498e+00  3.7434732151e-01
ENERGY -4.131135583450e+02

JOB 10
COORDS -1.0475164012e+00 -4.4828423826e-01  6.2463157722e-02  9.0149250064e-01  9.3983105163e-01 -5.3022378861e-01 -2.3962599288e-01 -1.5294516323e+00  2.4375623531e-02  1.6456804718e+00 -1.8327656284e-01 -5.5533236328e-01 -5.0098787722e-01  9.4474375552e-01  1.5810141461e-03 -1.7265312312e+00  6.8016275782e-01  3.1442305171e+00 -4.6181568067e-01  1.6633303293e+00  1.3790073735e+00 -1.1328962062e+00  1.1326081399e+00  2.2684998656e+00  1.1228896377e+00 -1.4151931305e+00 -1.8542538159e-01 -2.1138291350e+00 -5.9622835408e-01  1.9771593442e-01  1.3488887387e+00  1.8803201216e+00 -8.3338990202e-01 -6.1914173168e-01 -2.5410964416e+00  1.2764321699e-01  2.6813930176e+00 -1.8941908155e-01 -8.7944811851e-01 -1.1463839467e+00  1.5990156227e+00 -5.9367354687e-01  1.6664004179e+00 -2.2493863045e+00 -3.4930096648e-01
ENERGY -4.131137218951e+02

JOB 11
COORDS -1.0836053367e+00 -4.3029957424e-01  9.6454984161e-03  8.8686406631e-01  9.4892241744e-01 -5.2578703047e-01 -2.7405235267e-01 -1.5111117482e+00  2.5671330164e-02  1.6332159859e+00 -1.7306421903e-01 -4.9759569222e-01 -5.3817662126e-01  9.6209205213e-01 -5.4439011469e-02 -1.4471010507e+00  5.2680975069e-01  3.1780297742e+00 -5.6867728817e-01  1.7135191644e+00  1.3069649978e+00 -1.0329760496e+00  1.0734604241e+00  2.2542231369e+00  1.0952899822e+00 -1.3993765570e+00 -1.3074588233e-01 -2.1541379345e+00 -5.7682757969e-01  1.0956020198e-01  1.3465222602e+00  1.8850629736e+00 -8.2408014837e-01 -6.5726699530e-01 -2.5206183948e+00  1.3522095098e-01  2.6829803684e+00 -1.8280682492e-01 -7.7264905101e-01 -1.1577998829e+00  1.6074505204e+00 -6.8374112294e-01  1.6469374305e+00 -2.2355363719e+00 -2.5155531596e-01
ENERGY -4.131143352322e+02

JOB 12
COORDS -1.1195173404e+00 -4.2306027378e-01 -4.2781735178e-02  8.6815946413e-01  9.5740383326e-01 -5.0747248090e-01 -3.0830570148e-01 -1.5012635304e+00  1.8274677614e-02  1.6164686185e+00 -1.6193542079e-01 -4.3500158979e-01 -5.7782514110e-01  9.7051993247e-01 -1.0222869641e-01 -1.1401392283e+00  4.3229240037e-01  3.1872472938e+00 -6.8808031422e-01  1.7381914692e+00  1.2450517402e+00 -9.2412554190e-01  1.0341527681e+00  2.2312818618e+00  1.0657693613e+00 -1.3872551237e+00 -8.5089881079e-02 -2.1928676569e+00 -5.7005590272e-01  2.0159830030e-02  1.3384792564e+00  1.8928009289e+00 -7.9098969074e-01 -6.9294284430e-01 -2.5103735698e+00  1.2631360166e-01  2.6783921551e+00 -1.6973676688e-01 -6.5875355401e-01 -1.1715268331e+00  1.6083780652e+00 -7.6160314703e-01  1.6260783279e+00 -2.2223827765e+00 -1.6568559428e-01
ENERGY -4.131154052235e+02

JOB 13
COORDS -1.1543407154e+00 -4.2565462035e-01 -9.8475031322e-02  8.4616183188e-01  9.6326367170e-01 -4.7369904060e-01 -3.4063594975e-01 -1.4995344038e+00 -2.1663885052e-03  1.5967892033e+00 -1.5265513100e-01 -3.6823006005e-01 -6.1781207342e-01  9.7122369246e-01 -1.3785636264e-01 -8.2099043752e-01  4.0471533508e-01  3.1769390746e+00 -8.1500134947e-01  1.7352484001e+00  1.1985759143e+00 -8.1327207514e-01  1.0180786362e+00  2.2049203063e+00  1.0362008583e+00 -1.3816985684e+00 -5.1901789703e-02 -2.2288354996e+00 -5.7556656959e-01 -7.5225882854e-02  1.3251585969e+00  1.9015764381e+00 -7.3170423217e-01 -7.2476904817e-01 -2.5099808769e+00  9.4251341123e-02  2.6684160705e+00 -1.5390791508e-01 -5.3994280892e-01 -1.1842706449e+00  1.6061256111e+00 -8.2259852267e-01  1.6052178142e+00 -2.2135576666e+00 -9.4163881251e-02
ENERGY -4.131167097115e+02

JOB 14
COORDS -1.1856462246e+00 -4.3651255410e-01 -1.5291297961e-01  8.2361929368e-01  9.6886002761e-01 -4.2795576598e-01 -3.7125057487e-01 -1.5075340345e+00 -3.3113106367e-02  1.5740366289e+00 -1.4585663225e-01 -3.0105348512e-01 -6.5413997313e-01  9.6415648694e-01 -1.6162562240e-01 -5.0557843523e-01  4.4364639247e-01  3.1460600037e+00 -9.4245954875e-01  1.7023485125e+00  1.1681894537e+00 -7.0565159368e-01  1.0238371202e+00  2.1752964608e+00  1.0063247192e+00 -1.3819167490e+00 -3.3857180327e-02 -2.2598227380e+00 -5.8869895670e-01 -1.6727272181e-01  1.3092046614e+00  1.9128785716e+00 -6.5053866596e-01 -7.5296583742e-01 -2.5206000612e+00  4.3782858872e-02  2.6526373923e+00 -1.3898800023e-01 -4.2154430971e-01 -1.1939377809e+00  1.6008872323e+00 -8.6547418013e-01  1.5836465929e+00 -2.2088313228e+00 -3.9258124020e-02
ENERGY -4.131179160718e+02

JOB 15
COORDS -1.2121787438e+00 -4.5574303808e-01 -2.0735758124e-01  8.0114973720e-01  9.6767714517e-01 -3.7341293441e-01 -3.9672774136e-01 -1.5246563852e+00 -7.9466335053e-02  1.5513410314e+00 -1.4725691687e-01 -2.4038101580e-01 -6.8493142231e-01  9.4784706171e-01 -1.6867218461e-01 -2.1867008717e-01  5.6953615812e-01  3.1175914424e+00 -1.0611861367e+00  1.6422729024e+00  1.1608366642e+00 -6.1012411816e-01  1.0631782090e+00  2.1578722376e+00  9.8034501855e-01 -1.3913748221e+00 -3.2141643241e-02 -2.2847696796e+00 -6.0957151550e-01 -2.5959214964e-01  1.2906409378e+00  1.9187399765e+00 -5.5408758888e-01 -7.7397218446e-01 -2.5413218010e+00 -3.4159280505e-02  2.6339868201e+00 -1.3200063540e-01 -3.1537919773e-01 -1.2003674981e+00  1.5940972949e+00 -8.8205213291e-01  1.5634806483e+00 -2.2137476008e+00 -1.0875664506e-02
ENERGY -4.131185007732e+02

JOB 16
COORDS -1.2296517560e+00 -4.8197456568e-01 -2.5903166617e-01  7.8095127062e-01  9.5576282691e-01 -3.1340428719e-01 -4.1331894326e-01 -1.5503057462e+00 -1.3831387275e-01  1.5327305274e+00 -1.5960429612e-01 -1.8974646378e-01 -7.0853260123e-01  9.2170011334e-01 -1.5614366347e-01  5.7628747360e-03  7.9133264887e-01  3.1120122694e+00 -1.1624611191e+00  1.5578789109e+00  1.1789672508e+00 -5.3854616514e-01  1.1395420137e+00  2.1627850460e+00  9.6173319937e-01 -1.4104001356e+00 -3.3606110953e-02 -2.2990649244e+00 -6.3643686268e-01 -3.5366379864e-01  1.2713134712e+00  1.9131525978e+00 -4.5463368441e-01 -7.8404847840e-01 -2.5703823315e+00 -1.4028249977e-01  2.6170014098e+00 -1.3747455062e-01 -2.3282616215e-01 -1.2043256064e+00  1.5854997044e+00 -8.6772076056e-01  1.5484734226e+00 -2.2306142946e+00 -3.5668960740e-02
ENERGY -4.131181327471e+02

JOB 17
COORDS -1.2396397978e+00 -5.0979799754e-01 -3.0490407414e-01  7.6489946401e-01  9.3563123955e-01 -2.5328550728e-01 -4.2283301195e-01 -1.5789543387e+00 -2.0395171229e-01  1.5177658173e+00 -1.8131756414e-01 -1.5165101449e-01 -7.2564407766e-01  8.8959622954e-01 -1.2953243060e-01  1.6519464603e-01  1.0716557268e+00  3.1086780239e+00 -1.2386298797e+00  1.4552274362e+00  1.2195610165e+00 -4.8942818064e-01  1.2389091865e+00  2.1792384539e+00  9.4864216031e-01 -1.4378635274e+00 -4.6663098771e-02 -2.3051867245e+00 -6.6247205497e-01 -4.3751996689e-01  1.2557733970e+00  1.8979314317e+00 -3.5487435652e-01 -7.8729315033e-01 -2.5997755029e+00 -2.5900478726e-01  2.6025518884e+00 -1.5426527826e-01 -1.7294167112e-01 -1.2073788367e+00  1.5777867128e+00 -8.2807592653e-01  1.5392228679e+00 -2.2546156664e+00 -8.6350312749e-02
ENERGY -4.131170311727e+02

JOB 18
COORDS -1.2437659953e+00 -5.3581275426e-01 -3.3906473427e-01  7.5453394351e-01  9.0824298320e-01 -1.9319246106e-01 -4.2701219178e-01 -1.6067046037e+00 -2.7014770453e-01  1.5085754801e+00 -2.1040906111e-01 -1.2582899107e-01 -7.3662298825e-01  8.5481961942e-01 -9.1219294360e-02  2.5816664488e-01  1.3829538161e+00  3.0929370531e+00 -1.2867651827e+00  1.3410554489e+00  1.2777390604e+00 -4.6215269269e-01  1.3509341501e+00  2.1971813462e+00  9.4088256862e-01 -1.4707727705e+00 -7.3573306583e-02 -2.3058981700e+00 -6.8385625520e-01 -5.0092389281e-01  1.2464771197e+00  1.8733964447e+00 -2.5511154054e-01 -7.8712370573e-01 -2.6246452657e+00 -3.7969921376e-01  2.5934707276e+00 -1.8055614117e-01 -1.3445591187e-01 -1.2090642526e+00  1.5713760923e+00 -7.6815077166e-01  1.5343152762e+00 -2.2823456702e+00 -1.5776700141e-01
ENERGY -4.131156975453e+02

JOB 19
COORDS -1.2435263293e+00 -5.5779508124e-01 -3.5948407685e-01  7.5263195417e-01  8.7568012342e-01 -1.3433155903e-01 -4.2829329517e-01 -1.6311084977e+00 -3.3401720374e-01  1.5058024446e+00 -2.4517366560e-01 -1.1223279386e-01 -7.3945468130e-01  8.1947685266e-01 -4.3766977354e-02  2.8354540360e-01  1.7037301880e+00  3.0590375294e+00 -1.3047627276e+00  1.2223425874e+00  1.3481447097e+00 -4.5725176765e-01  1.4679505650e+00  2.2109523721e+00  9.3770368237e-01 -1.5062360770e+00 -1.1711669558e-01 -2.3041439723e+00 -6.9809064256e-01 -5.3768315754e-01  1.2473434891e+00  1.8410848910e+00 -1.5676732063e-01 -7.8815435225e-01 -2.6421269577e+00 -4.9582139346e-01  2.5907490462e+00 -2.1528723462e-01 -1.1615429279e-01 -1.2056491177e+00  1.5661256408e+00 -6.9336764712e-01  1.5314768050e+00 -2.3128966590e+00 -2.3866885769e-01
ENERGY -4.131145253093e+02

JOB 20
COORDS -1.2404780052e+00 -5.7599256252e-01 -3.6525951536e-01  7.6037621337e-01  8.3931206582e-01 -7.9154255748e-02 -4.2831315470e-01 -1.6509491684e+00 -3.9170631339e-01  1.5099188707e+00 -2.8337657472e-01 -1.0921082943e-01 -7.3298856477e-01  7.8395730547e-01  1.2040817016e-02  2.4140118314e-01  2.0202706884e+00  3.0074965285e+00 -1.2904984316e+00  1.1049997228e+00  1.4271736025e+00 -4.7361652642e-01  1.5834242493e+00  2.2188332351e+00  9.3784010379e-01 -1.5414198826e+00 -1.6848213208e-01 -2.3014288095e+00 -7.0572820473e-01 -5.4999356973e-01  1.2596639754e+00  1.8024845011e+00 -6.3542418986e-02 -7.9167360050e-01 -2.6514603430e+00 -6.0318081861e-01  2.5949599138e+00 -2.5641738148e-01 -1.1616576710e-01 -1.1959513108e+00  1.5607785283e+00 -6.0539628622e-01  1.5288047251e+00 -2.3422069109e+00 -3.3472964077e-01
ENERGY -4.131137968299e+02

JOB 21
COORDS -1.2875498789e+00 -6.6171222161e-01 -4.2183770351e-01  4.8393118251e-01  1.0504882375e+00 -5.2756265575e-01 -3.5173113788e-01 -1.5496282019e+00 -3.3321020554e-02  1.3641315102e+00  1.0828127920e-01 -1.2792955403e-01 -9.9438412322e-01  8.0639085019e-01 -5.0066089412e-01 -6.8456382040e-01  3.4306942845e+00  1.6018142254e+00 -1.7095904797e+00  1.4746141362e+00  7.0323397876e-01 -1.1563796429e+00  2.4896878092e+00  1.1374503604e+00  9.5888578765e-01 -1.1681228390e+00  2.2163575474e-01 -2.2983931428e+00 -1.0046030322e+00 -6.1464600609e-01  8.5795015703e-01  2.0256758117e+00 -8.2137910139e-01 -5.6537425727e-01 -2.6070881058e+00  8.4771559963e-02  2.4329812699e+00  2.9271259870e-01 -8.6189859551e-02 -1.4849765503e+00  1.2588303172e+00 -1.3699802036e+00  1.6583011702e+00 -1.8824457821e+00  3.5934863796e-01
ENERGY -4.131135588442e+02

JOB 22
COORDS -1.2784036286e+00 -6.5876160948e-01 -3.9811783934e-01  5.1430087005e-01  1.0333233014e+00 -4.7127387468e-01 -3.4631373053e-01 -1.5737436861e+00 -6.7924744149e-02  1.3894225963e+00  6.4645325813e-02 -1.2892153875e-01 -9.6748945129e-01  8.0666917750e-01 -4.2807405253e-01 -8.8674075590e-01  3.6216311457e+00  1.4145832644e+00 -1.6327173681e+00  1.4348925237e+00  8.2219703398e-01 -1.2280470264e+00  2.5708392136e+00  1.0940070398e+00  9.7437460382e-01 -1.2211399066e+00  1.7368554471e-01 -2.2977061377e+00 -9.8095480642e-01 -5.8178478824e-01  8.9475037736e-01  2.0166656651e+00 -7.2787633171e-01 -5.7261236829e-01 -2.6323144294e+00  9.9347751107e-03  2.4610994084e+00  2.3439072435e-01 -9.7865548113e-02 -1.4672608034e+00  1.2974799917e+00 -1.2719867630e+00  1.6665814583e+00 -1.9498474890e+00  2.6416534106e-01
ENERGY -4.131136767140e+02

JOB 23
COORDS -1.2672353195e+00 -6.4350266658e-01 -3.6699159806e-01  5.5879216049e-01  1.0151795393e+00 -4.2615227534e-01 -3.4594836144e-01 -1.5877600136e+00 -9.3033648140e-02  1.4212616855e+00  1.7847114943e-02 -1.3943082386e-01 -9.2624492834e-01  8.1492350888e-01 -3.6059908275e-01 -1.1471152728e+00  3.7544986853e+00  1.2413792229e+00 -1.5309057843e+00  1.4201671632e+00  9.2906523506e-01 -1.3168922984e+00  2.6322673266e+00  1.0540532599e+00  9.8747029679e-01 -1.2706829309e+00  1.2517399014e-01 -2.2977394864e+00 -9.3820296362e-01 -5.3320494432e-01  9.5130883352e-01  2.0019841275e+00 -6.5014863356e-01 -5.9240107911e-01 -2.6436241049e+00 -4.4836717543e-02  2.4964490985e+00  1.6608868197e-01 -1.2340382609e-01 -1.4339088768e+00  1.3403918425e+00 -1.1791937306e+00  1.6663473764e+00 -2.0158001689e+00  1.7207109080e-01
ENERGY -4.131138979777e+02

