JOB 0
COORDS  2.3671613592e-01  4.9626196591e+00  1.6989653918e+00  6.1725049338e-01 -6.6739432976e-01 -7.5422979786e-01 -5.9773382852e-01 -1.0674348042e+00  1.7022386000e+00 -1.5744635192e-02  1.8123979508e+00  3.3806998955e-01 -2.3048563735e+00  1.2643261704e-01 -6.1830306854e-02 -6.3602304587e-01  2.5303021101e+00  1.5445511834e+00 -1.8656852259e-01  3.8616328071e+00  1.6733251873e+00  7.3678346644e-01  2.3021320443e+00 -4.5086621531e-01 -4.8832593724e-01 -1.4221971860e-01  3.3985298583e-01  9.9614334934e-01  7.1797431181e-02 -1.4474530571e+00  5.6362014133e-01 -1.7200287308e+00 -1.0010833299e+00 -1.5163934155e+00 -1.0018802795e+00  2.2730848367e+00  3.4337062760e-01 -1.3275533757e+00  2.1704945326e+00 -2.8560536659e+00  5.1135025271e-01  8.0037203888e-01 -2.3436396322e+00  8.2478321424e-01 -9.0074869803e-01 -2.6972047968e+00 -8.4766747203e-01 -3.6007797025e-01 -1.7261579233e+00  2.5106531540e+00  1.4380128459e+00 -3.9409718004e-01  1.9518099217e+00  2.4430046143e+00
ENERGY -7.620047052253e+02

JOB 1
COORDS -5.2807661831e-03  5.0088744550e+00  1.5985663200e+00  6.6397219565e-01 -6.6190525804e-01 -6.7857078278e-01 -6.9507936538e-01 -1.0154181988e+00  1.7112178178e+00 -7.0952907999e-02  1.8164951178e+00  3.2181494468e-01 -2.3134595090e+00  1.3730105731e-01 -1.7036153735e-01 -4.6116867655e-01  2.4613937857e+00  1.6544028668e+00 -2.2769723566e-01  3.8525483347e+00  1.6724059057e+00  4.6617179225e-01  2.3647056671e+00 -5.9556411631e-01 -5.2075205760e-01 -1.2744438648e-01  3.3475465648e-01  1.0224071471e+00  6.5001363794e-02 -1.3971405441e+00  6.0589866137e-01 -1.7147424558e+00 -9.2833887647e-01 -1.6442577603e+00 -9.4601321630e-01  2.2285028938e+00  2.2003374489e-01 -1.2826209287e+00  2.2240611268e+00 -2.8904030472e+00  5.9729344742e-01  6.3665006870e-01 -2.2982321626e+00  7.7620954614e-01 -1.0555115736e+00 -2.7142355826e+00 -8.4841555087e-01 -4.1414757045e-01 -1.5161229656e+00  2.2472234299e+00  1.8579021802e+00  1.1024375263e-01  1.9612462418e+00  2.4450390512e+00
ENERGY -7.620057202922e+02

JOB 2
COORDS  2.0640569928e-02  4.9978375596e+00  1.6419676291e+00  7.1131469991e-01 -6.0786656060e-01 -5.9061288634e-01 -7.7165770086e-01 -9.7518198024e-01  1.7186006078e+00 -1.8762034829e-01  1.8399742648e+00  2.9969942736e-01 -2.3340402979e+00  8.7130932347e-02 -2.6721597571e-01 -3.3621480036e-01  2.4347046885e+00  1.6988629749e+00 -1.4596789860e-01  3.8323644634e+00  1.7185486837e+00  1.0265086414e-01  2.4321609212e+00 -6.9941343170e-01 -5.6551269200e-01 -1.0905774211e-01  3.3468091630e-01  1.0375328932e+00  1.0879801710e-01 -1.3356708573e+00  7.0864830912e-01 -1.6682995616e+00 -8.1795470754e-01 -1.7462071649e+00 -9.2997716922e-01  2.1892106295e+00  1.2641117559e-01 -1.2092372904e+00  2.2754421352e+00 -2.9366909258e+00  6.1244185769e-01  4.7958970856e-01 -2.2843099575e+00  6.5613064677e-01 -1.1969624890e+00 -2.7242958632e+00 -9.1673989278e-01 -4.4376047596e-01 -1.3281827076e+00  2.1740704636e+00  2.0856295522e+00  3.8458710251e-01  1.9324788336e+00  2.3550413899e+00
ENERGY -7.620068924102e+02

JOB 3
COORDS  1.5788288183e-01  4.9857273453e+00  1.6635986701e+00  7.3524064240e-01 -5.1974594558e-01 -4.9493370904e-01 -8.5315598959e-01 -9.4940246368e-01  1.7284818550e+00 -3.2509522807e-01  1.8666855532e+00  3.0253357602e-01 -2.3578441385e+00  4.5924642081e-03 -3.6360333884e-01 -2.1655295318e-01  2.4249154286e+00  1.7185410589e+00 -6.8830595954e-03  3.8199393145e+00  1.7385011035e+00 -2.7714911530e-01  2.4890662431e+00 -7.2027764018e-01 -6.2694065269e-01 -8.6607494456e-02  3.4522755431e-01  1.0274645297e+00  1.8722911452e-01 -1.2639735985e+00  8.1521511996e-01 -1.5849228518e+00 -6.8647606193e-01 -1.8455200551e+00 -9.2752442189e-01  2.1622900541e+00  3.0006260946e-02 -1.1352564874e+00  2.3258928430e+00 -3.0269360991e+00  5.0007925132e-01  3.4609769577e-01 -2.2857287535e+00  5.7544183784e-01 -1.2902808502e+00 -2.6798377127e+00 -1.0201361365e+00 -5.5496855754e-01 -1.1323435556e+00  2.1633877673e+00  2.2612461922e+00  5.9926313553e-01  1.8982639332e+00  2.2277859844e+00
ENERGY -7.620081315660e+02

JOB 4
COORDS  2.6028413361e-01  4.9812055383e+00  1.6512103422e+00  7.4511065132e-01 -4.3320713668e-01 -3.8968699916e-01 -9.4405740722e-01 -9.4597672361e-01  1.7353156506e+00 -4.5783135695e-01  1.8901370825e+00  3.3007857157e-01 -2.3685666223e+00 -6.7716166213e-02 -4.5127318368e-01 -9.0135287550e-02  2.4169023003e+00  1.7147650190e+00  1.1557378623e-01  3.8128729982e+00  1.7269893709e+00 -6.3733693292e-01  2.5383029945e+00 -6.6249207011e-01 -6.8969576757e-01 -6.7514855967e-02  3.6372275587e-01  1.0157962910e+00  2.6309917645e-01 -1.1775346736e+00  8.9442856718e-01 -1.4964843666e+00 -5.5194319706e-01 -1.9504769331e+00 -9.3217624406e-01  2.1366914841e+00 -8.1745475940e-02 -1.0815362933e+00  2.3757139636e+00 -3.1120718632e+00  3.4958615344e-01  2.3371210350e-01 -2.2851065240e+00  5.4503652976e-01 -1.3493291708e+00 -2.5986008602e+00 -1.1049613869e+00 -6.9757668889e-01 -8.9237747780e-01  2.1391774671e+00  2.4077736618e+00  8.0789433663e-01  1.8849853845e+00  2.0495458910e+00
ENERGY -7.620093878681e+02

JOB 5
COORDS  2.4610765017e-01  4.9907129923e+00  1.6634131043e+00  7.4935495184e-01 -3.8356010407e-01 -2.7743474818e-01 -1.0434068035e+00 -9.4532700154e-01  1.7445289827e+00 -5.6815702410e-01  1.9106284349e+00  3.7102106075e-01 -2.3637543559e+00 -1.1111850252e-01 -5.2458040248e-01  5.3213945069e-02  2.4088616376e+00  1.6744910774e+00  1.7791404379e-01  3.8140920721e+00  1.7134776342e+00 -9.6986188024e-01  2.5829341304e+00 -5.3683651558e-01 -7.4047587287e-01 -5.7208607085e-02  3.8671232591e-01  1.0333172128e+00  3.1568736596e-01 -1.0600496846e+00  9.2733979951e-01 -1.4424962321e+00 -4.4317771295e-01 -2.0671870395e+00 -9.4470879461e-01  2.1000684570e+00 -2.1153823369e-01 -1.0503496763e+00  2.4296583814e+00 -3.1627852848e+00  2.6471442727e-01  1.1994497560e-01 -2.2580999387e+00  5.1634958910e-01 -1.4093447871e+00 -2.5298949167e+00 -1.1548431548e+00 -7.9266438043e-01 -5.7043921237e-01  2.0539607065e+00  2.5024656165e+00  1.0294382166e+00  1.9234031686e+00  1.7839894467e+00
ENERGY -7.620104336253e+02

JOB 6
COORDS  8.7784811739e-02  4.9907279828e+00  1.7793406269e+00  7.4496598015e-01 -3.8211104978e-01 -1.5838570631e-01 -1.1550302001e+00 -9.3528318155e-01  1.7641976438e+00 -6.4476967180e-01  1.9232251343e+00  4.0909550138e-01 -2.3433301216e+00 -1.3597401690e-01 -5.8592136953e-01  2.2097946939e-01  2.4127664342e+00  1.5704372323e+00  1.7607975971e-01  3.8156953419e+00  1.7253107847e+00 -1.2780266917e+00  2.6061103288e+00 -3.4610511051e-01 -7.8020616472e-01 -5.2296154649e-02  4.1804640665e-01  1.0759810944e+00  3.2476315304e-01 -9.1674653268e-01  9.2509723503e-01 -1.4393332904e+00 -3.3283987391e-01 -2.1973277731e+00 -9.3299591011e-01  2.0619361823e+00 -3.6592248824e-01 -1.0142943736e+00  2.5017842997e+00 -3.1860714735e+00  2.3618935958e-01  1.3817422485e-03 -2.1960300637e+00  4.8043207061e-01 -1.4720144364e+00 -2.4736211935e+00 -1.1861613443e+00 -8.4797769656e-01 -1.2436316300e-01  1.9128815931e+00  2.4817885383e+00  1.2448959119e+00  2.0673903748e+00  1.3923545985e+00
ENERGY -7.620114761551e+02

JOB 7
COORDS  1.1326144881e-02  4.9464137011e+00  1.9318795103e+00  7.4332761682e-01 -3.7336774875e-01 -5.0018810121e-02 -1.2523670182e+00 -9.2838884201e-01  1.7704275320e+00 -7.2529549175e-01  1.9224840440e+00  4.7498729064e-01 -2.3142243080e+00 -1.5124678859e-01 -6.4596377866e-01  3.4237187133e-01  2.4215664299e+00  1.4518315220e+00  1.9658864095e-01  3.7966577752e+00  1.7455038887e+00 -1.5519345694e+00  2.5957129801e+00 -7.5290461023e-02 -8.1210003611e-01 -4.5107403138e-02  4.4033480836e-01  1.1059056508e+00  3.1920499352e-01 -8.0757587789e-01  9.3334698860e-01 -1.4324289363e+00 -2.0069921272e-01 -2.3085205261e+00 -9.1331455653e-01  2.0155808524e+00 -5.0851830510e-01 -9.7347895294e-01  2.5568893920e+00 -3.1904078892e+00  2.3312835236e-01 -1.2007188501e-01 -2.1166081132e+00  4.4317691668e-01 -1.5375562247e+00 -2.4245858577e+00 -1.2080341887e+00 -8.9019088502e-01  2.7664757014e-01  1.8231252528e+00  2.3661690827e+00  1.3261328884e+00  2.2156294230e+00  1.0194460871e+00
ENERGY -7.620124653880e+02

JOB 8
COORDS  7.6616888540e-03  4.9142073511e+00  2.0304039979e+00  7.4595736353e-01 -3.6650670629e-01  6.6722601435e-02 -1.3376117769e+00 -9.5708655167e-01  1.7656687753e+00 -8.0092122616e-01  1.9125527137e+00  5.6962651114e-01 -2.2795226452e+00 -1.5507308691e-01 -6.9311557901e-01  4.1369489818e-01  2.4508689752e+00  1.3313961816e+00  2.3077527574e-01  3.7944049258e+00  1.7356400338e+00 -1.7546964233e+00  2.5534644097e+00  2.2309625899e-01 -8.3862982373e-01 -4.8827756603e-02  4.6949696347e-01  1.1364906295e+00  3.1060998130e-01 -6.9105989405e-01  9.4199734457e-01 -1.4265876433e+00 -6.8498485774e-02 -2.4033245094e+00 -9.2825574367e-01  1.9659514880e+00 -6.3618395861e-01 -9.8333159987e-01  2.5915988056e+00 -3.1857527728e+00  2.1577873104e-01 -2.1159542448e-01 -2.0390470563e+00  4.4961696172e-01 -1.5678477033e+00 -2.3650753299e+00 -1.2100972999e+00 -9.5477393924e-01  6.0188313246e-01  1.8065206846e+00  2.1952335350e+00  1.2933904469e+00  2.3594741058e+00  6.8773870446e-01
ENERGY -7.620125508326e+02

JOB 9
COORDS  4.9768385660e-02  4.9187330414e+00  2.0540790340e+00  7.4762230189e-01 -3.7517550853e-01  1.8936619236e-01 -1.4212423908e+00 -1.0303500228e+00  1.7469713856e+00 -8.5725191273e-01  1.8975369203e+00  6.9212814611e-01 -2.2364683106e+00 -1.3786537045e-01 -7.2261222941e-01  4.5172866543e-01  2.5001289535e+00  1.2104202521e+00  2.7396695717e-01  3.8212421333e+00  1.6855516630e+00 -1.8922948165e+00  2.4883540606e+00  5.5227068747e-01 -8.5864182305e-01 -6.9087039926e-02  5.1647886564e-01  1.1762790983e+00  3.1608554355e-01 -5.3379266021e-01  9.4653539368e-01 -1.4314894366e+00  3.1763922720e-02 -2.4962314709e+00 -1.0036754016e+00  1.8916074865e+00 -7.6968650558e-01 -1.0712722943e+00  2.6125587828e+00 -3.1650491198e+00  2.2299845426e-01 -2.7817959637e-01 -1.9458364271e+00  4.9097619763e-01 -1.5651569956e+00 -2.3107222339e+00 -1.1839432390e+00 -1.0213347017e+00  8.5908044771e-01  1.8508847343e+00  1.9905096014e+00  1.1795290184e+00  2.4876507260e+00  3.9305299456e-01
ENERGY -7.620116119979e+02

JOB 10
COORDS  9.3044061041e-02  4.9585502081e+00  1.9840582519e+00  7.5079576188e-01 -3.9867337570e-01  3.0725137993e-01 -1.4965830515e+00 -1.1300408143e+00  1.7105380295e+00 -8.8615425551e-01  1.8722068422e+00  8.3569441425e-01 -2.1886701930e+00 -9.4098818638e-02 -7.3341719359e-01  4.6231323913e-01  2.5510820598e+00  1.0963353011e+00  3.0795141745e-01  3.8692252225e+00  1.5864833720e+00 -1.9577782771e+00  2.4043992520e+00  9.1656522914e-01 -8.6895361620e-01 -1.0159808914e-01  5.7301236482e-01  1.2266061087e+00  3.3101987722e-01 -3.4376086753e-01  9.5452624288e-01 -1.4445180819e+00  9.7189077459e-02 -2.5789116372e+00 -1.1233749767e+00  1.7845974741e+00 -9.0313057303e-01 -1.2111639798e+00  2.6142155792e+00 -3.1208039113e+00  2.9238612911e-01 -3.1872030367e-01 -1.8333005379e+00  5.4423050084e-01 -1.5439436643e+00 -2.2905876194e+00 -1.1274857958e+00 -1.0666335478e+00  1.0392351020e+00  1.9342165369e+00  1.7914046734e+00  1.0214869963e+00  2.5653697551e+00  1.5481326115e-01
ENERGY -7.620102702860e+02

JOB 11
COORDS  1.0456662557e-01  5.0079304418e+00  1.8557731941e+00  7.5502499168e-01 -4.3748004072e-01  4.1117930917e-01 -1.5628928015e+00 -1.2164013034e+00  1.6666350943e+00 -8.8517916786e-01  1.8343017766e+00  9.8797820613e-01 -2.1371876992e+00 -3.0138766128e-02 -7.3211042344e-01  4.4977706907e-01  2.5876831785e+00  9.9484354666e-01  3.1169820554e-01  3.9161333040e+00  1.4604094200e+00 -1.9461307580e+00  2.3073407433e+00  1.2823710270e+00 -8.7068221801e-01 -1.3500261145e-01  6.2610828726e-01  1.2788959111e+00  3.2839439905e-01 -1.5392421091e-01  9.5980446111e-01 -1.4693477251e+00  1.4265678675e-01 -2.6473104602e+00 -1.2182441401e+00  1.6757782686e+00 -1.0202534489e+00 -1.3583470732e+00  2.5942005340e+00 -3.0744350962e+00  3.5788232317e-01 -3.2943239235e-01 -1.7349203023e+00  6.4089176986e-01 -1.4932735021e+00 -2.2542782474e+00 -1.0398985632e+00 -1.1277391921e+00  1.1595266114e+00  2.0274726984e+00  1.6110454534e+00  8.4506158141e-01  2.5885620402e+00 -2.6816575465e-02
ENERGY -7.620089630651e+02

JOB 12
COORDS  5.8554018110e-02  5.0546745661e+00  1.6823772938e+00  7.6017376631e-01 -4.8981903976e-01  4.9715390347e-01 -1.6223075830e+00 -1.2844975311e+00  1.6183972889e+00 -8.5270864811e-01  1.7844765804e+00  1.1433396805e+00 -2.0816948849e+00  5.0795852331e-02 -7.2206254177e-01  4.2063982148e-01  2.6075862916e+00  9.0932794192e-01  2.7338851326e-01  3.9534408366e+00  1.3181584191e+00 -1.8578649498e+00  2.2002729348e+00  1.6442101983e+00 -8.6509437174e-01 -1.6647279922e-01  6.7275348371e-01  1.3302769782e+00  3.0237950131e-01  2.2080189925e-02  9.6019906305e-01 -1.5052377991e+00  1.6956797066e-01 -2.7055138437e+00 -1.2737635493e+00  1.5754824648e+00 -1.1226830022e+00 -1.4978492123e+00  2.5561294586e+00 -3.0227941856e+00  4.3725296610e-01 -3.2546925416e-01 -1.6383856830e+00  7.5668645315e-01 -1.4272612796e+00 -2.2127971084e+00 -9.2772625834e-01 -1.1863980468e+00  1.2388591124e+00  2.1258602210e+00  1.4540303932e+00  6.7083824509e-01  2.5636724374e+00 -1.5613473345e-01
ENERGY -7.620077763918e+02

JOB 13
COORDS -4.0458630911e-02  5.0767662778e+00  1.5262988108e+00  7.6555124605e-01 -5.4818882455e-01  5.7311504472e-01 -1.6776636240e+00 -1.3279950421e+00  1.5722757970e+00 -7.9298144446e-01  1.7297404744e+00  1.2863821642e+00 -2.0195154739e+00  1.3589313852e-01 -7.1105576847e-01  3.7611133727e-01  2.6151843615e+00  8.3064143943e-01  1.9728519772e-01  3.9719720943e+00  1.1875147981e+00 -1.6983632120e+00  2.0915872507e+00  1.9801910034e+00 -8.5523086036e-01 -1.9199133573e-01  7.1130308570e-01  1.3777268176e+00  2.5812391353e-01  1.8265079164e-01  9.5801976896e-01 -1.5468325172e+00  1.9366570784e-01 -2.7577674832e+00 -1.2866201114e+00  1.4905138509e+00 -1.2165572829e+00 -1.6091763828e+00  2.5116303385e+00 -2.9608064579e+00  5.3370493926e-01 -3.2472054643e-01 -1.5322736727e+00  8.6028210827e-01 -1.3669195398e+00 -2.1702851822e+00 -8.1157448821e-01 -1.2307519985e+00  1.2890744904e+00  2.2187821772e+00  1.2874148503e+00  4.8921972382e-01  2.5220744183e+00 -2.5446699824e-01
ENERGY -7.620067300305e+02

JOB 14
COORDS -1.4511009300e-01  5.0741810262e+00  1.4618336420e+00  7.6777945449e-01 -6.1168934662e-01  6.4529748007e-01 -1.7321358716e+00 -1.3397162857e+00  1.5364356314e+00 -7.0938129832e-01  1.6802824724e+00  1.3980245023e+00 -1.9526632544e+00  2.0418592283e-01 -7.0905656300e-01  3.1358668576e-01  2.6255380921e+00  7.4720447432e-01  1.0824398978e-01  3.9778665306e+00  1.1066612420e+00 -1.4754584888e+00  1.9899316726e+00  2.2625947596e+00 -8.4297296445e-01 -2.0969463445e-01  7.3978701613e-01  1.4236564882e+00  1.9485253750e-01  3.3468397879e-01  9.5257585664e-01 -1.5997851593e+00  2.3599836290e-01 -2.8070636153e+00 -1.2615116519e+00  1.4203189914e+00 -1.3093630579e+00 -1.6740347377e+00  2.4761249006e+00 -2.8876202249e+00  6.3416680151e-01 -3.4075316871e-01 -1.4182625017e+00  9.1900277995e-01 -1.3376017296e+00 -2.1315289762e+00 -7.2351480308e-01 -1.2547875291e+00  1.3103488968e+00  2.2992865690e+00  1.0633189148e+00  2.6645423232e-01  2.5123846659e+00 -3.4040207501e-01
ENERGY -7.620056209922e+02

JOB 15
COORDS -1.0303904215e-01  5.0491065030e+00  1.6191292927e+00  7.7719228448e-01 -6.6173068656e-01  7.3320951078e-01 -1.7741939737e+00 -1.3298692515e+00  1.5139306125e+00 -6.3997083725e-01  1.6533144128e+00  1.4528175359e+00 -1.8691445472e+00  2.1741531767e-01 -7.3857262189e-01  1.8870501603e-01  2.6655378945e+00  6.4480601541e-01  6.6578597647e-02  3.9866310288e+00  1.1342743438e+00 -1.2421876838e+00  1.9049902029e+00  2.4542094348e+00 -8.2321417566e-01 -2.2299851558e-01  7.5705039651e-01  1.4717716612e+00  1.3506906522e-01  4.8867138855e-01  9.6671710263e-01 -1.6537551114e+00  3.3656001788e-01 -2.8408831116e+00 -1.2267283319e+00  1.3480604293e+00 -1.4032371873e+00 -1.6713779462e+00  2.4725824589e+00 -2.7546020348e+00  7.7192255450e-01 -4.1515633355e-01 -1.2519586507e+00  8.2200629736e-01 -1.4050151581e+00 -2.1471499592e+00 -7.1802930688e-01 -1.2262379134e+00  1.2361393620e+00  2.3477480650e+00  6.7771857830e-01 -1.2643756338e-01  2.6224802600e+00 -4.0235515737e-01
ENERGY -7.620042126193e+02

JOB 16
COORDS  2.7657080661e-01  4.9635109007e+00  1.7943032847e+00  7.8206023709e-01 -6.6698136753e-01  8.5006900174e-01 -1.8097560574e+00 -1.3338475784e+00  1.4847065309e+00 -6.1772664432e-01  1.6514358200e+00  1.4820170293e+00 -1.7582737815e+00  2.0162081234e-01 -7.7861123249e-01 -3.2393458141e-02  2.7176338878e+00  5.3985335864e-01  1.6040754092e-01  3.9660779664e+00  1.1742994624e+00 -1.0239488754e+00  1.8609294094e+00  2.5857922058e+00 -8.1117370059e-01 -2.2922042006e-01  7.8579623560e-01  1.4998044895e+00  1.3292753058e-01  7.0439276871e-01  1.0049584068e+00 -1.6642591392e+00  4.8757683109e-01 -2.8644754429e+00 -1.2317323571e+00  1.2527001391e+00 -1.4973208648e+00 -1.6752261052e+00  2.4639947163e+00 -2.6522137329e+00  7.7982077962e-01 -5.2596209195e-01 -1.0860748796e+00  7.7652652933e-01 -1.4176099214e+00 -2.0254666836e+00 -7.3798485696e-01 -1.2645046691e+00  9.1216692213e-01  2.3488567586e+00  1.2748262649e-01 -7.2605902459e-01  2.8316438813e+00 -3.0061344473e-01
ENERGY -7.620030462668e+02

JOB 17
COORDS  3.8179285478e-01  5.0096299685e+00  1.5034795736e+00  3.7875685934e-01 -2.3985166476e-01 -9.0866671622e-01 -2.9630105585e-01 -1.6170748242e+00  1.3728310362e+00  9.5080220368e-02  1.5967310956e+00  1.1393727518e+00 -2.3364383855e+00  3.7487998693e-02  6.2452381213e-01 -7.5227567848e-01  2.8144486324e+00  7.2414033933e-01 -1.7619937505e-01  4.0419627019e+00  1.1229829161e+00  1.0380879089e+00  1.6419017184e+00  1.8707311574e+00 -4.7987186221e-01 -2.3250865742e-01  4.9917838628e-01  5.9801413789e-01  7.3269204320e-01 -1.3367641595e+00  2.3610506316e-01 -1.1059486258e+00 -1.5445950642e+00 -1.0243251549e+00 -1.7848881186e+00  2.1597396867e+00  7.3002582474e-01 -1.9382684537e+00  1.5027111473e+00 -2.6161565646e+00  2.8626845032e-01  1.6526717968e+00 -2.6000785676e+00  8.4300082079e-01 -6.2137238690e-02 -2.8114784382e+00 -8.9234948677e-01  3.0872070300e-01 -8.9091291964e-01  2.7944619836e+00 -3.6213192811e-01 -1.7427396098e+00  2.7040368695e+00  1.1788946312e+00
ENERGY -7.620019825882e+02

JOB 18
COORDS  3.1563577576e-01  5.0167173830e+00  1.5948721617e+00  3.9659397482e-01 -3.4572781646e-01 -9.1585549241e-01 -3.3667909132e-01 -1.5832000511e+00  1.4278075836e+00  1.5972332206e-01  1.6301565499e+00  1.0009791417e+00 -2.3103554520e+00  7.5905026538e-02  5.4908397470e-01 -8.1131203359e-01  2.8143728507e+00  8.2534284508e-01 -2.4431103612e-01  4.0440516925e+00  1.2305901912e+00  1.2415472930e+00  1.7136622483e+00  1.4998488518e+00 -4.5956408701e-01 -2.3469560146e-01  4.8326201524e-01  7.1402986496e-01  5.8712690382e-01 -1.3673592875e+00  2.4964091460e-01 -1.2463370391e+00 -1.4994319601e+00 -1.0865228007e+00 -1.6975483359e+00  2.2041739638e+00  6.7809320669e-01 -1.9221194190e+00  1.5990622909e+00 -2.6272814316e+00  3.2485911585e-01  1.5660699267e+00 -2.5376634720e+00  8.8414005408e-01 -1.4674822644e-01 -2.7864294070e+00 -8.4671404442e-01  2.1450222257e-01 -1.1078559100e+00  2.8651112976e+00 -2.2798148715e-01 -1.7162043732e+00  2.6119716369e+00  1.4074641158e+00
ENERGY -7.620011167921e+02

JOB 19
COORDS  2.8700308506e-01  4.9983999416e+00  1.7487494179e+00  2.5337078468e-01 -4.0917896408e-01 -1.0090428759e+00 -3.8169127916e-01 -1.5024945685e+00  1.5146029892e+00  1.7805232671e-01  1.7005225545e+00  7.6789053357e-01 -2.2793247306e+00  9.5489269874e-02  4.3973913194e-01 -8.6600221495e-01  2.8172107904e+00  9.5657218443e-01 -2.8768230936e-01  4.0323986495e+00  1.3900629521e+00  1.3559060973e+00  1.8511568567e+00  9.0527999473e-01 -4.5969448926e-01 -2.2324712372e-01  4.6635728273e-01  9.9414346413e-01  3.3304354182e-01 -1.2717842410e+00  3.1039365021e-01 -1.4286158792e+00 -1.3715884338e+00 -1.1455854838e+00 -1.5761319107e+00  2.2830161135e+00  6.2027836542e-01 -1.8689588389e+00  1.7076459492e+00 -2.6540956668e+00  3.3004468525e-01  1.4397195168e+00 -2.4589900997e+00  9.1012404611e-01 -2.6109999914e-01 -2.7404391202e+00 -8.1895935372e-01  6.4765505240e-02 -1.3742433319e+00  2.9655957223e+00 -2.2086726831e-03 -1.6203137904e+00  2.4853330325e+00  1.6770054823e+00
ENERGY -7.620010004759e+02

JOB 20
COORDS  2.9901087902e-01  4.9677857495e+00  1.8114254556e+00  2.9827003804e-01 -5.0112705063e-01 -1.0048256892e+00 -4.0596055434e-01 -1.4133469689e+00  1.5652629290e+00  1.7125272631e-01  1.7303908378e+00  6.4384782637e-01 -2.2731926354e+00  1.1341930284e-01  3.3647870399e-01 -8.7231280361e-01  2.7752813364e+00  1.0805053162e+00 -2.8297613993e-01  3.9920845972e+00  1.4933163956e+00  1.3463194211e+00  1.9387755091e+00  5.7825501328e-01 -4.5308415123e-01 -2.0834424779e-01  4.2874160409e-01  9.9034837450e-01  2.5335761386e-01 -1.3501503328e+00  3.7927354239e-01 -1.5431387830e+00 -1.2874355911e+00 -1.2034551950e+00 -1.4427551983e+00  2.3013682869e+00  5.8990407515e-01 -1.7527625260e+00  1.8269026003e+00 -2.6804764903e+00  4.1709782235e-01  1.3044089193e+00 -2.4257403352e+00  8.7769602050e-01 -4.2566292387e-01 -2.7256882347e+00 -8.2427824130e-01  1.1077960918e-02 -1.5472497019e+00  2.9543926495e+00  2.3732086101e-01 -1.4731575575e+00  2.3572040287e+00  1.8948454954e+00
ENERGY -7.620015204130e+02

JOB 21
COORDS  3.0671259970e-01  4.9269003038e+00  1.8640885327e+00  3.6799647588e-01 -5.7816795496e-01 -9.7369493721e-01 -4.3125435546e-01 -1.3091616265e+00  1.6116529873e+00  1.4614909366e-01  1.7543366391e+00  5.3437522666e-01 -2.2718296235e+00  1.3175979957e-01  2.3537502313e-01 -8.5975982098e-01  2.7112446891e+00  1.1994722440e+00 -2.6910145613e-01  3.9349547914e+00  1.5880686963e+00  1.2782314145e+00  2.0353254806e+00  2.7438322829e-01 -4.4779326676e-01 -1.8866965581e-01  3.9109702499e-01  9.7431519467e-01  1.8920284187e-01 -1.4314567320e+00  4.3826038883e-01 -1.6309218347e+00 -1.2107940140e+00 -1.2654525722e+00 -1.3020297172e+00  2.3057466277e+00  5.5546762874e-01 -1.6125586632e+00  1.9419282622e+00 -2.7042765219e+00  5.1462744060e-01  1.1634185696e+00 -2.3990510767e+00  8.3368965177e-01 -5.8986215762e-01 -2.7204880803e+00 -8.2853519043e-01 -2.3919021719e-02 -1.6745278256e+00  2.8976480364e+00  4.9262824871e-01 -1.2925129391e+00  2.2120874205e+00  2.0731750221e+00
ENERGY -7.620025542790e+02

JOB 22
COORDS  3.4060751206e-01  4.8635618649e+00  1.9420402144e+00  4.5754224671e-01 -6.3829053917e-01 -9.1205560898e-01 -4.5066924627e-01 -1.1904872501e+00  1.6630097004e+00  9.5771277664e-02  1.7797203138e+00  4.2620029597e-01 -2.2786270883e+00  1.3220192880e-01  1.4464303157e-01 -8.3517222540e-01  2.6495909454e+00  1.2894760219e+00 -2.3406843346e-01  3.8685102697e+00  1.6752712282e+00  1.1450305346e+00  2.1376811270e+00 -1.9691263444e-02 -4.4769512356e-01 -1.6661830155e-01  3.6212006994e-01  9.5385347299e-01  1.2393497156e-01 -1.4940857051e+00  4.8034041740e-01 -1.6959390922e+00 -1.1333662492e+00 -1.3127116804e+00 -1.1532709311e+00  2.3201536090e+00  5.2801557378e-01 -1.4546630627e+00  2.0454118698e+00 -2.7418783860e+00  5.3947571948e-01  1.0471748377e+00 -2.3870785250e+00  8.1043115163e-01 -7.0375022619e-01 -2.7115158977e+00 -8.4001417687e-01 -9.7867054073e-02 -1.7451584999e+00  2.8490039267e+00  7.1405878941e-01 -1.1255006719e+00  2.0769035864e+00  2.1769392698e+00
ENERGY -7.620036399405e+02

JOB 23
COORDS  3.9095498025e-01  4.8385518329e+00  1.9398204813e+00  5.5256760998e-01 -6.6099884864e-01 -8.3649389497e-01 -4.9397194283e-01 -1.1020935909e+00  1.6935931031e+00  2.4845725612e-02  1.8057549555e+00  3.4955576199e-01 -2.2921951501e+00  1.1846967253e-01  5.0595824864e-02 -7.8424832020e-01  2.5969689635e+00  1.3912977617e+00 -1.7807814726e-01  3.8272171639e+00  1.7274860492e+00  9.4813868940e-01  2.2358907609e+00 -2.7537065697e-01 -4.5968362995e-01 -1.5030371561e-01  3.4237892138e-01  9.6402948114e-01  8.7951859755e-02 -1.4982596395e+00  5.3203286820e-01 -1.7180615406e+00 -1.0636665348e+00 -1.3839404002e+00 -1.0551550217e+00  2.3107567573e+00  4.7259933336e-01 -1.3429431534e+00  2.1186683157e+00 -2.7874416246e+00  5.3873816512e-01  9.3008280679e-01 -2.3790145712e+00  7.8322044730e-01 -8.1146745918e-01 -2.7084465755e+00 -8.6245434841e-01 -1.8681505192e-01 -1.7830973412e+00  2.7756954540e+00  9.7839888917e-01 -9.0396572766e-01  1.9752833955e+00  2.2851213959e+00
ENERGY -7.620042923192e+02

