JOB 0
COORDS -1.2217568977e+00  3.0432270753e-01  2.6293944596e+00 -2.8596631073e-01 -8.8359376059e-01  2.5098607258e+00  1.0628776816e+00 -3.8851293600e-01  2.0794100861e+00 -8.2660079960e-01 -1.8333633134e+00  1.4669744927e+00 -9.3107490152e-02 -1.5952645535e+00  3.8497674940e+00 -1.2945946582e+00 -2.3271028157e+00  4.4387734541e+00 -2.2989231373e+00 -1.4300672971e+00  4.8383989629e+00 -3.8360640012e+00 -1.6959664604e+00  4.1268900963e+00 -4.4706787824e+00 -2.4738337868e-01  4.5343750238e+00 -4.9766928145e+00 -9.1898732303e-02  5.8691139072e+00 -3.5722167552e+00 -1.6567729395e+00  2.6387164219e+00 -4.4915930119e+00 -2.8376478421e+00  4.8251674120e+00 -2.2422923146e+00 -6.5416667491e-02  2.7270502803e+00 -9.2850112370e-01  8.9082866935e-01  3.4996668528e+00 -1.1154696485e+00  8.9412234430e-01  1.7169184943e+00  1.7391833013e+00 -1.2363056388e+00  1.9614681790e+00  9.6146694382e-01  1.3592567323e-01  1.1289247432e+00  1.4511720094e+00  2.9456429682e-01  2.8363436568e+00 -1.8693456063e-01 -2.7177821462e+00  1.4414288286e+00 -1.8628425172e+00 -2.0748736942e+00  1.7274983552e+00 -7.9401010663e-01 -1.3232591638e+00  5.0260021794e-01  7.2044054139e-01 -2.3097772903e+00  3.6906373354e+00  2.4556869358e-01 -8.2606395081e-01  4.5478183261e+00 -1.6636028976e+00 -3.0905226152e+00  3.7456513282e+00 -9.0194439264e-01 -2.8615021460e+00  5.3162767958e+00 -5.5205138582e+00  8.5594165406e-01  5.8898297281e+00 -4.1525889224e+00 -5.7086548002e-02  6.5914188692e+00 -5.6468326503e+00 -9.1643714253e-01  6.1259088719e+00
ENERGY -9.354280723864e+02

JOB 1
COORDS -1.4585628838e+00  4.4871580826e-01  2.0113107873e+00 -2.3310024861e-01 -3.6031251340e-01  2.3845292930e+00  8.8049453841e-01  6.1403567813e-01  2.6825816779e+00  1.3677019870e-01 -1.2251582583e+00  1.2193765637e+00 -4.1802383221e-01 -1.2573501328e+00  3.6313877558e+00 -1.8537796635e+00 -1.5868161270e+00  4.0477924636e+00 -2.6040683597e+00 -4.6836873381e-01  4.4590928957e+00 -1.8479320611e+00  5.4879535654e-01  5.6089867882e+00 -3.1719500449e+00  1.0910125971e+00  6.3720896422e+00 -4.0011374876e+00  2.0554637617e+00  5.7109947439e+00 -1.0395049558e+00 -3.2313231469e-01  6.5130223605e+00 -1.2137421322e+00  1.6411528098e+00  4.7702434321e+00 -2.2888850508e+00 -2.2820947834e-01  1.8209723045e+00 -1.6843967830e+00  1.1204435554e+00  2.8404104186e+00 -1.2079688141e+00  1.0011650669e+00  1.1031635714e+00  1.7705327463e+00  4.9037373650e-02  2.9643619991e+00  1.0789815217e+00  1.2019990848e+00  1.7841115058e+00  5.3701410110e-01  1.2486574009e+00  3.5047715952e+00  1.0741888383e+00 -1.7396719056e+00  1.4343885070e+00 -6.5775169652e-01 -1.9550849644e+00  1.0564680488e+00  2.5286600682e-01 -6.0339899884e-01  3.3056665776e-01  1.2372769664e-01 -2.1821239114e+00  3.4206802929e+00  6.8692725447e-02 -7.5610740239e-01  4.4654648365e+00 -2.4076413283e+00 -2.0791056658e+00  3.2385848534e+00 -1.7423028411e+00 -2.3079350754e+00  4.8686811392e+00 -4.7199613617e+00  2.4114426028e+00  6.4526837099e+00 -4.5415025626e+00  1.5902233774e+00  4.8778570637e+00 -3.4022311230e+00  2.8916728091e+00  5.3388081901e+00
ENERGY -9.354279255659e+02

JOB 2
COORDS  1.8830579799e+00 -2.3076746960e-02  2.0974883282e+00  7.4883358702e-01 -4.6783563573e-01  2.9740381526e+00  1.3299349064e+00 -9.6706911328e-01  4.2814368037e+00  8.9675656613e-03 -1.5847281551e+00  2.2774779533e+00 -1.5283286270e-01  7.4971898887e-01  3.2035758559e+00 -1.5825035078e+00  5.0600871164e-01  3.6864438927e+00 -1.6704025905e+00 -3.0872378770e-02  4.9806786850e+00 -2.1372863803e+00 -1.6713909788e+00  5.1488774138e+00 -3.2100020699e+00 -1.5192582525e+00  6.3568282027e+00 -2.7140983312e+00 -1.3038777975e+00  7.6850730530e+00 -2.8232907863e+00 -2.0518475959e+00  3.8724037668e+00 -8.9564703602e-01 -2.3779587314e+00  5.6328483741e+00  1.4929508151e+00  2.7820128441e-01  1.1243764385e+00  2.3906251936e+00  8.1836449586e-01  2.5712471315e+00  2.5815549517e+00 -8.5144873398e-01  1.9747927244e+00  5.3426701202e-01 -1.3700784415e+00  4.9205937898e+00  2.0400515448e+00 -1.7609216832e+00  4.0416912613e+00  1.8491890323e+00 -1.3251792671e-01  4.7553165440e+00 -8.0409411662e-01 -1.9597593766e+00  2.9005800309e+00 -3.9235961691e-01 -1.1973220936e+00  1.3392794148e+00  7.2521874209e-01 -2.3825466648e+00  2.0760867622e+00  3.8769374698e-01  1.3841500281e+00  3.9093875710e+00 -2.0977173556e-01  1.2664866432e+00  2.2406745350e+00 -2.0356572672e+00  1.5082079104e+00  3.6901467198e+00 -2.1471278550e+00 -1.0125514539e-01  2.9715609533e+00 -3.5701098392e+00 -1.4024332264e+00  8.3567936735e+00 -2.2929624862e+00 -2.9589593970e-01  7.7784634194e+00 -1.9498209958e+00 -2.0441722134e+00  7.9368119263e+00
ENERGY -9.354278348718e+02

JOB 3
COORDS  1.8819656980e+00 -1.6769862638e-02  2.0510470732e+00  7.4608716486e-01 -4.8547340049e-01  2.9132487604e+00  1.3325330216e+00 -1.0460147524e+00  4.1939819819e+00 -9.3264582542e-03 -1.5656030384e+00  2.1757537082e+00 -1.4246205380e-01  7.3107748470e-01  3.1899461435e+00 -1.5417380316e+00  4.7660411818e-01  3.7504481518e+00 -1.5189596943e+00 -8.1607101443e-02  5.0383264133e+00 -2.0024877862e+00 -1.7109179900e+00  5.2501105330e+00 -3.2498115190e+00 -1.5182495019e+00  6.2728171213e+00 -2.9582642485e+00 -1.2049037333e+00  7.6421993351e+00 -2.5170341506e+00 -2.1734163755e+00  3.9169548801e+00 -8.2811374215e-01 -2.3503653919e+00  5.9381999608e+00  1.4905549885e+00  3.3256406328e-01  1.0948016893e+00  2.4040879911e+00  7.9572750351e-01  2.5583448762e+00  2.5680387591e+00 -8.4833394281e-01  1.8868976356e+00  5.5288201846e-01 -1.4524138664e+00  4.8467533069e+00  2.0274049550e+00 -1.8396230800e+00  3.9127965553e+00  1.8707271174e+00 -2.4046862866e-01  4.6958976832e+00 -8.2956022793e-01 -1.9498758020e+00  2.7917744532e+00 -4.0504459361e-01 -1.1357280377e+00  1.2532991863e+00  6.9781651820e-01 -2.3624657914e+00  1.9397773094e+00  4.3067423860e-01  1.3613659373e+00  3.8737149693e+00 -2.4381198680e-01  1.2518933768e+00  2.2328194517e+00 -2.0028948952e+00  1.4739293248e+00  3.7989787211e+00 -2.1406280000e+00 -1.3181520584e-01  3.0658903558e+00 -3.9034827125e+00 -1.2748591109e+00  8.1856958574e+00 -2.5635914029e+00 -1.8552570524e-01  7.7270651616e+00 -2.2328701951e+00 -1.9116340781e+00  8.0543023880e+00
ENERGY -9.354292757528e+02

JOB 4
COORDS  1.8804317448e+00  4.9043070817e-02  2.0308706921e+00  7.7939370163e-01 -4.7192055645e-01  2.9084029885e+00  1.4189349881e+00 -1.0879132041e+00  4.1378633592e+00  7.8340212703e-03 -1.5254960155e+00  2.1488165199e+00 -1.1165497879e-01  7.2150469226e-01  3.2656613037e+00 -1.4510075714e+00  4.2118669615e-01  3.9372210418e+00 -1.2676897510e+00 -1.5878560991e-01  5.2028516899e+00 -1.7656437380e+00 -1.7754796223e+00  5.4623725616e+00 -3.1223845625e+00 -1.5502493190e+00  6.3323786700e+00 -2.9794194774e+00 -1.1452368746e+00  7.7014082323e+00 -2.1610999298e+00 -2.3099733537e+00  4.1130635280e+00 -6.5192335732e-01 -2.3490866238e+00  6.2857524581e+00  1.4517754233e+00  4.3877854915e-01  1.1068399330e+00  2.4134989654e+00  8.4219120146e-01  2.5570577780e+00  2.5671468791e+00 -7.6670006917e-01  1.8026643038e+00  6.7569742807e-01 -1.5176650981e+00  4.8099962118e+00  2.1035622801e+00 -1.8643105054e+00  3.7919424218e+00  1.9727691797e+00 -3.0514415126e-01  4.6578231078e+00 -7.6296274461e-01 -1.9620113845e+00  2.7971631758e+00 -4.4568584669e-01 -1.0513264684e+00  1.2758390653e+00  7.1846811197e-01 -2.2889416099e+00  1.8271801904e+00  4.9689533108e-01  1.3560999389e+00  3.9141624768e+00 -2.9402388000e-01  1.2498894476e+00  2.3248236687e+00 -1.9384992480e+00  1.4009885539e+00  4.0469302375e+00 -2.0861077356e+00 -2.0055461972e-01  3.2993205053e+00 -3.9790820473e+00 -1.1743185901e+00  8.1415430073e+00 -2.5835433907e+00 -1.2446475087e-01  7.7617313486e+00 -2.3116042225e+00 -1.8248871920e+00  8.2378984890e+00
ENERGY -9.354296114170e+02

JOB 5
COORDS  1.8663718936e+00 -1.7005448877e-02  1.9984736543e+00  6.3654844271e-01 -5.4512093976e-01  2.6771823472e+00  1.0704519193e+00 -1.3369375855e+00  3.8967475363e+00 -1.0409742104e-01 -1.4591071320e+00  1.7302661385e+00 -2.1906748272e-01  6.6895388879e-01  3.0476111915e+00 -1.5969136885e+00  4.1523325738e-01  3.6540638889e+00 -1.5032777899e+00 -1.1609350866e-01  4.9515007453e+00 -2.0423124566e+00 -1.7155046488e+00  5.2109658965e+00 -3.6097924768e+00 -1.4584820352e+00  5.5890687840e+00 -3.8971430184e+00 -9.5288205701e-01  6.9006667443e+00 -2.0107020066e+00 -2.3713786218e+00  3.8525080129e+00 -1.2430334104e+00 -2.1884732827e+00  6.3792212300e+00  1.5760118482e+00  5.5491009161e-01  1.1162480345e+00  2.4112904716e+00  6.2274565107e-01  2.6941953045e+00  2.4955401301e+00 -8.5641723418e-01  1.7013454073e+00  2.4765510966e-01 -1.9544475403e+00  4.2430003125e+00  1.9096411931e+00 -1.9663205364e+00  3.5959320788e+00  1.3698922976e+00 -6.4389925133e-01  4.6814154632e+00 -9.4651361732e-01 -1.9048077487e+00  2.2711739226e+00 -4.3151566481e-01 -8.7094943628e-01  8.7048440058e-01  5.9007343972e-01 -2.2364286030e+00  1.4055702762e+00  3.8477879042e-01  1.2523341250e+00  3.7466416701e+00 -3.3493499139e-01  1.2381942384e+00  2.1201801982e+00 -2.0656510880e+00  1.4089898341e+00  3.7034995436e+00 -2.2096228906e+00 -2.0942544197e-01  2.9979436292e+00 -4.9849293596e+00 -9.5400984285e-01  7.0052821467e+00 -3.5204180085e+00  7.1139591347e-02  7.0113949465e+00 -3.4437791041e+00 -1.5878216443e+00  7.6667658685e+00
ENERGY -9.354293189001e+02

JOB 6
COORDS  1.7528318885e+00  2.4938858878e-02  1.8829699046e+00  5.8612301766e-01 -5.4395191777e-01  2.6353688834e+00  1.1178525774e+00 -1.3567987274e+00  3.8015265743e+00 -2.0538188092e-01 -1.4505498951e+00  1.7228022784e+00 -2.6400476051e-01  6.4135440102e-01  3.0967976727e+00 -1.5828440669e+00  3.3863947766e-01  3.8017131803e+00 -1.3690695571e+00 -2.2110441139e-01  5.0739963899e+00 -1.9655337494e+00 -1.7975537545e+00  5.3429512349e+00 -3.5675249354e+00 -1.4913021290e+00  5.4887715265e+00 -4.0152137853e+00 -9.2994195682e-01  6.7311417245e+00 -1.7871534784e+00 -2.5139248242e+00  4.0248082141e+00 -1.3395713863e+00 -2.2229231255e+00  6.6255418512e+00  1.3883120792e+00  6.0870063642e-01  1.0366528468e+00  2.3329121323e+00  6.6186081424e-01  2.5523579100e+00  2.3762240901e+00 -7.9401785090e-01  1.5232532181e+00  3.1976818904e-01 -1.9920218041e+00  4.1782504834e+00  1.9416648846e+00 -1.9660220262e+00  3.4256466440e+00  1.4647446889e+00 -6.7592583134e-01  4.5775057403e+00 -9.8702982730e-01 -1.9354215661e+00  2.3176141649e+00 -6.1651552493e-01 -8.4763084918e-01  9.1061843280e-01  4.7915212541e-01 -2.1992517733e+00  1.3199694996e+00  3.7777024155e-01  1.2242157607e+00  3.7616730191e+00 -4.6320944868e-01  1.2278914220e+00  2.1946708311e+00 -2.0731638433e+00  1.3170688651e+00  3.9115784308e+00 -2.2307998594e+00 -2.8449383652e-01  3.1785025706e+00 -5.1057511055e+00 -8.8092042157e-01  6.6786257940e+00 -3.6098603597e+00  7.9808959534e-02  6.8701219213e+00 -3.7059583458e+00 -1.5575930632e+00  7.5713457757e+00
ENERGY -9.354296073234e+02

JOB 7
COORDS  1.2877097073e+00 -2.8597115908e-01  1.5937984385e+00  4.6299747152e-01 -5.5196989774e-01  2.8183461931e+00  1.3793621544e+00 -1.0564495156e+00  3.9167835159e+00 -5.6595480885e-01 -1.6138363627e+00  2.5091067776e+00 -2.1129684986e-01  7.6770963379e-01  3.1964823051e+00 -1.2315619497e+00  7.4285036084e-01  4.3300426068e+00 -6.2080416717e-01  5.0341382328e-01  5.5748959093e+00 -1.1662467559e+00 -8.6768961341e-01  6.4334209165e+00 -2.7537196174e+00 -4.8449619513e-01  6.6111124714e+00 -3.0875024382e+00  4.5003472680e-01  7.6475888298e+00 -1.1315380207e+00 -1.9903578552e+00  5.4217995233e+00 -4.1895997220e-01 -8.4913995420e-01  7.7188944879e+00  6.3822079412e-01  5.6474981730e-02  7.8699797519e-01  2.0313006870e+00  4.7871311902e-01  1.8231351171e+00  1.7884468812e+00 -1.2076941743e+00  1.2964969459e+00  7.6545171024e-01 -1.4689110724e+00  4.7165679991e+00  2.0110992547e+00 -1.8335278987e+00  3.4826073414e+00  1.9860818012e+00 -2.2522843673e-01  4.2746947089e+00 -1.0691131212e+00 -1.8848260539e+00  3.4438188057e+00 -1.2584429360e+00 -1.2162299371e+00  1.7644633802e+00 -4.0177750385e-02 -2.4796009659e+00  2.1024906517e+00  6.0038889685e-01  1.4537726080e+00  3.4494988264e+00 -6.9931201379e-01  1.1206358596e+00  2.2827550078e+00 -1.6771314881e+00  1.7485732724e+00  4.3291954057e+00 -2.0391540289e+00  3.5695746168e-02  4.1185122368e+00 -4.1784062480e+00  5.1143191703e-01  7.6765841025e+00 -2.6709861477e+00  1.4414483391e+00  7.4298019696e+00 -2.7032421605e+00  1.0829679347e-01  8.6123889001e+00
ENERGY -9.354292833698e+02

JOB 8
COORDS  5.9926951773e-01 -9.8232771558e-01  2.0694650454e+00  4.5804692945e-01 -1.2138001666e-01  3.3029252207e+00  1.2280371408e+00  1.1516719345e+00  3.1120620880e+00  1.0377413535e+00 -8.6361913616e-01  4.4919483795e+00 -1.0019765322e+00  2.7060485257e-01  3.5365506558e+00 -2.0359223149e+00 -8.5069506196e-01  3.5464775461e+00 -1.8696752967e+00 -1.7015445662e+00  4.6533010710e+00 -1.6400225971e+00 -3.3647589391e+00  4.3299105430e+00 -2.8085233543e+00 -3.6040149929e+00  3.1930822269e+00 -4.1476200722e+00 -3.8135238753e+00  3.6651351997e+00 -3.3850879026e-01 -3.4166717848e+00  3.5627141383e+00 -1.9239819322e+00 -4.0704732191e+00  5.6062187609e+00  1.7001559570e-01 -1.9674349442e+00  2.2852947746e+00  9.7035523796e-02 -4.8151449278e-01  1.2394594172e+00  1.6645427355e+00 -1.0817678471e+00  1.8536046503e+00  1.1064776661e+00  1.7788147382e+00  3.9965551619e+00  2.2825455459e+00  9.1128574192e-01  2.9745762073e+00  8.5166016589e-01  1.6736485537e+00  2.2311673910e+00  7.9536647542e-01 -3.0833937290e-01  5.3980228392e+00  6.1662556843e-01 -1.8693911028e+00  4.5122800111e+00  2.1192226589e+00 -9.0942433734e-01  4.3507795140e+00 -1.0175481097e+00  7.9790940885e-01  4.4931352703e+00 -1.2505877619e+00  9.7852775212e-01  2.7398578645e+00 -3.0073947834e+00 -3.3889848029e-01  3.6171588069e+00 -2.0357609015e+00 -1.3942746835e+00  2.5968752545e+00 -4.7524001975e+00 -4.0753090990e+00  2.7930741949e+00 -4.5491335228e+00 -2.9026029507e+00  4.1274772807e+00 -4.1743848727e+00 -4.6224289720e+00  4.3998539032e+00
ENERGY -9.354276878998e+02

JOB 9
COORDS  5.0515817316e-01 -1.1038607044e+00  2.1392466405e+00  4.8722742792e-01 -1.4993419679e-01  3.3109445916e+00  1.2268172481e+00  1.1019449027e+00  2.9421711572e+00  1.1911463840e+00 -7.9775429770e-01  4.4879516282e+00 -9.4165764776e-01  2.6327394361e-01  3.6717907908e+00 -1.9825962811e+00 -8.4785855472e-01  3.7802012843e+00 -1.7004943457e+00 -1.7312005877e+00  4.8328728707e+00 -1.4774406346e+00 -3.3997209816e+00  4.5100884685e+00 -2.4559183257e+00 -3.5802539365e+00  3.1904112015e+00 -3.8507858306e+00 -3.8201288184e+00  3.4291345545e+00 -7.5959638217e-02 -3.4798947197e+00  3.9531782213e+00 -1.9885271301e+00 -4.1283300021e+00  5.6992493414e+00  1.4381924843e-01 -2.0808600601e+00  2.4776486057e+00 -1.1048205063e-01 -6.8476454509e-01  1.3412880119e+00  1.5390452060e+00 -1.1953410343e+00  1.8020100783e+00  1.1705822604e+00  1.8079673887e+00  3.7721415932e+00  2.2692347384e+00  8.5241495983e-01  2.7425693699e+00  7.7525735292e-01  1.5391829491e+00  2.0504891921e+00  1.0893084790e+00 -1.3962062928e-01  5.3514113765e+00  7.4926129920e-01 -1.7799928714e+00  4.6652083272e+00  2.2429556496e+00 -9.0765248331e-01  4.2172786547e+00 -8.6253193783e-01  7.9831867749e-01  4.6206977468e+00 -1.2562812311e+00  9.6764102752e-01  2.8954973268e+00 -2.9306713711e+00 -3.2505278950e-01  3.9787975659e+00 -2.1009668667e+00 -1.3664923329e+00  2.8237804752e+00 -4.2947909203e+00 -4.0885981764e+00  2.4669549118e+00 -4.3454559026e+00 -2.9210152786e+00  3.8196989860e+00 -3.9831251738e+00 -4.6331097104e+00  4.1472159888e+00
ENERGY -9.354249935027e+02

JOB 10
COORDS  5.1030726261e-01 -1.0160333037e+00  2.0571194651e+00  5.3141858811e-01 -5.3263232741e-02  3.2214274142e+00  1.1852019467e+00  1.2264255980e+00  2.7909419426e+00  1.3500379282e+00 -6.5725961868e-01  4.3475616274e+00 -8.8395510566e-01  3.0096622221e-01  3.6875222507e+00 -1.8700375873e+00 -8.5771740783e-01  3.8237053288e+00 -1.4227152319e+00 -1.7986639804e+00  4.7576525977e+00 -1.1486852488e+00 -3.4431772383e+00  4.3521397516e+00 -1.9381178863e+00 -3.5266755181e+00  2.8961037903e+00 -3.3232945296e+00 -3.9042021644e+00  2.9078655105e+00  3.1462827180e-01 -3.4717424413e+00  3.9900808820e+00 -1.8169812617e+00 -4.2675549985e+00  5.3913942359e+00  2.4067000902e-01 -2.0103742699e+00  2.4208567128e+00 -1.9396683008e-01 -6.4543955124e-01  1.3106486461e+00  1.5164848992e+00 -1.0486721457e+00  1.6361429875e+00  1.1476740419e+00  1.9411635618e+00  3.6144598960e+00  2.2237344012e+00  1.0234843037e+00  2.5282270171e+00  6.5722022757e-01  1.6284544428e+00  1.9250255472e+00  1.2981783303e+00  1.6492559910e-02  5.2036707596e+00  9.6135680922e-01 -1.6511086270e+00  4.5790259486e+00  2.3791608149e+00 -7.3876313571e-01  3.9927788519e+00 -7.5704599889e-01  8.0610917441e-01  4.6473702933e+00 -1.2748357747e+00  1.0192786661e+00  2.9602875696e+00 -2.8086116139e+00 -3.9659348377e-01  4.1678214898e+00 -2.0676731529e+00 -1.3087474968e+00  2.8463689168e+00 -3.6003505216e+00 -4.1235425049e+00  1.8732445296e+00 -3.9537225395e+00 -3.0892964527e+00  3.2881243912e+00 -3.4752913728e+00 -4.7845716800e+00  3.5363852303e+00
ENERGY -9.354222588751e+02

JOB 11
COORDS -8.8772831931e-01 -1.4257778275e+00  1.6834097971e+00  1.6895554464e-01 -7.6104402226e-01  2.5311404645e+00 -3.4860208180e-01  5.9015923882e-01  2.9956664431e+00  1.3956221807e+00 -5.3723519538e-01  1.6963108996e+00  5.8674432013e-01 -1.6452838049e+00  3.7113575723e+00 -5.4983364951e-01 -2.3009543491e+00  4.4951958121e+00 -1.4217091219e+00 -1.3262004416e+00  4.9839483835e+00 -3.1058769710e+00 -1.2829498684e+00  4.6585352256e+00 -3.2462181008e+00 -2.6347016167e+00  3.6960981741e+00 -3.7047446884e+00 -3.8541788378e+00  4.2992227226e+00 -3.8339316336e+00 -1.4679838914e+00  5.9410830284e+00 -3.2191303592e+00 -1.1880707998e-01  3.7123358269e+00 -5.5023117668e-01 -2.4318549725e+00  1.4290482096e+00 -1.8313309935e+00 -1.4520160710e+00  2.2252587400e+00 -1.0085782029e+00 -8.3186438372e-01  7.7629417744e-01  3.8501556845e-01  1.0150986992e+00  3.6817115991e+00 -4.4344069181e-01  1.2197063349e+00  2.1087578242e+00 -1.3265465380e+00  4.6649581956e-01  3.4693796613e+00  2.1754149482e+00 -9.7647670869e-02  2.3198502239e+00  1.7371482584e+00 -1.4908319422e+00  1.2910509751e+00  1.1507500756e+00  1.4370137394e-01  8.8078916514e-01  1.2407938847e+00 -2.4201179656e+00  3.2997550041e+00  1.1751781288e+00 -9.9777548557e-01  4.3646103410e+00 -1.0623455216e+00 -3.0389090880e+00  3.8703367346e+00 -6.5707937089e-02 -2.8441294027e+00  5.3214449595e+00 -3.9765110869e+00 -4.5284351685e+00  3.4822792317e+00 -4.5694038778e+00 -3.6646223618e+00  4.9386207257e+00 -2.9173318275e+00 -4.3183703012e+00  4.9078716538e+00
ENERGY -9.354196654251e+02

JOB 12
COORDS -8.7116666342e-01 -1.4819049065e+00  1.5985484219e+00  1.4289424527e-01 -8.4525147004e-01  2.5200745835e+00 -4.5373051558e-01  4.1707159354e-01  3.1151984698e+00  1.3604277735e+00 -4.6920720900e-01  1.7284844649e+00  6.0084013368e-01 -1.8159428334e+00  3.6127417137e+00 -4.9101195362e-01 -2.6228285931e+00  4.3129050896e+00 -1.4098328769e+00 -1.7848675625e+00  4.9541459569e+00 -3.0852701858e+00 -1.7977677630e+00  4.5842639489e+00 -3.1929422574e+00 -3.2222782224e+00  3.7419885253e+00 -3.4888992912e+00 -4.4160176521e+00  4.4827561842e+00 -3.8181082323e+00 -1.8615930100e+00  5.8746483171e+00 -3.2161171000e+00 -7.2616527806e-01  3.5317692367e+00 -4.9507368658e-01 -2.4575643205e+00  1.2867275673e+00 -1.8292600898e+00 -1.5560148126e+00  2.1183554602e+00 -9.8389710771e-01 -8.3108520483e-01  7.2997968950e-01  2.5818052120e-01  8.2195388620e-01  3.8354318187e+00 -6.0421462614e-01  1.1221951439e+00  2.2955821651e+00 -1.4146752062e+00  1.7619561785e-01  3.5747675326e+00  2.1140099614e+00 -6.2151762415e-02  2.4044067165e+00  1.7516155642e+00 -1.3543755078e+00  1.2248446756e+00  1.0848777574e+00  2.8389029809e-01  9.8980728067e-01  1.3037483974e+00 -2.5052324824e+00  3.1347899703e+00  1.1445919061e+00 -1.2050912579e+00  4.3364538593e+00 -9.7656246229e-01 -3.3030531181e+00  3.6063578503e+00  3.9615431528e-02 -3.2422438250e+00  5.0523478114e+00 -3.7461676239e+00 -5.1868528573e+00  3.7513639266e+00 -4.3246502256e+00 -4.2462971585e+00  5.1653250826e+00 -2.6199750146e+00 -4.7456707107e+00  5.0679466787e+00
ENERGY -9.354222571168e+02

JOB 13
COORDS -1.0937685211e+00 -1.4684856338e+00  1.8475458955e+00  1.6796679950e-02 -9.2494614567e-01  2.7161103559e+00 -4.7142187222e-01  3.2786339565e-01  3.4180184201e+00  1.1889517927e+00 -5.6290346496e-01  1.8529062181e+00  5.0495428031e-01 -1.9736885215e+00  3.7183203922e+00 -5.5900945688e-01 -2.7362469553e+00  4.5033940342e+00 -1.2896254980e+00 -1.8929587747e+00  5.3537550997e+00 -2.9908671997e+00 -1.7746972604e+00  5.1829741502e+00 -3.3377979707e+00 -3.2872547488e+00  4.6142487388e+00 -3.5145561008e+00 -4.3329930244e+00  5.5813582350e+00 -3.5335456694e+00 -1.5427671693e+00  6.5460264938e+00 -3.1761322482e+00 -8.7134299963e-01  3.9869940171e+00 -7.7958504523e-01 -2.4338105317e+00  1.4465087979e+00 -2.0054442227e+00 -1.5419113881e+00  2.4500894190e+00 -1.2530510184e+00 -7.6112023465e-01  1.0318914405e+00  3.0396274960e-01  6.5535701084e-01  4.1112672058e+00 -6.3848176385e-01  1.0861731255e+00  2.6507493180e+00 -1.4101283891e+00  1.0267775738e-01  3.9275564736e+00  2.0066335883e+00 -2.1700564299e-01  2.4871286870e+00  1.5038932439e+00 -1.4393900507e+00  1.2847862633e+00  8.9333823448e-01  2.3284262692e-01  1.1686942730e+00  1.0979768415e+00 -2.6891788218e+00  3.1402403753e+00  1.1677387792e+00 -1.4402416866e+00  4.4032288655e+00 -1.2055429719e+00 -3.3080910337e+00  3.8305567177e+00  5.0504957038e-03 -3.4678249401e+00  5.1019104741e+00 -3.9075463394e+00 -5.1991245097e+00  5.0424818171e+00 -4.2153039541e+00 -4.0215311795e+00  6.3598458108e+00 -2.5599282277e+00 -4.6007404317e+00  6.0532116079e+00
ENERGY -9.354249935042e+02

JOB 14
COORDS -7.8702848088e-01 -1.3332395792e+00  1.4702507970e+00  1.6817737371e-01 -8.8517234271e-01  2.5516766004e+00 -4.2247030231e-01  3.1581735435e-01  3.2653935051e+00  1.4703563127e+00 -4.7827715529e-01  1.9281379486e+00  4.7538969638e-01 -2.0267312012e+00  3.5224303305e+00 -7.1072695114e-01 -2.7678885681e+00  4.1309470325e+00 -1.4457659898e+00 -1.9457552991e+00  5.0029917695e+00 -3.1107860907e+00 -1.7472182164e+00  4.6685995090e+00 -3.5322621961e+00 -3.3085829423e+00  4.3532063082e+00 -3.7930200220e+00 -4.1566931255e+00  5.4813098444e+00 -3.7182586557e+00 -1.2275943975e+00  5.9210465186e+00 -3.1388815058e+00 -1.0602226603e+00  3.3223242576e+00 -3.9872167593e-01 -2.2515233997e+00  1.0253551247e+00 -1.7768188478e+00 -1.4720988257e+00  1.9200294986e+00 -8.2990446745e-01 -5.4463181676e-01  7.1689179249e-01  1.9261399082e-01  5.3685168209e-01  4.1376735640e+00 -4.0404431569e-01  1.1521922678e+00  2.5641338264e+00 -1.4497065512e+00  8.1718305977e-02  3.5470344836e+00  2.1635604030e+00 -1.7497256639e-01  2.7141961141e+00  1.8840090561e+00 -1.3205693216e+00  1.3717856919e+00  1.2936851645e+00  3.5822963095e-01  1.2515894239e+00  1.0902316809e+00 -2.7368406314e+00  2.9608407881e+00  1.0833653427e+00 -1.5854341631e+00  4.3155119910e+00 -1.3353560734e+00 -3.2167053143e+00  3.3527287126e+00 -2.6445813156e-01 -3.5996396137e+00  4.6963921816e+00 -4.1739732773e+00 -5.1013280341e+00  5.0846751401e+00 -4.5327798790e+00 -3.6994358721e+00  6.1435210142e+00 -2.8751088354e+00 -4.3447142744e+00  6.0530103426e+00
ENERGY -9.354276878730e+02

JOB 15
COORDS -8.3101642751e-01 -1.1881555614e+00  1.5564672309e+00  1.7008009311e-01 -8.0422632739e-01  2.6205440051e+00 -3.9191706337e-01  3.4421505574e-01  3.4366163880e+00  1.4411626038e+00 -3.4823888540e-01  1.9672665526e+00  5.2564243988e-01 -2.0075409710e+00  3.4952371387e+00 -6.2041514949e-01 -2.7620920263e+00  4.1612150463e+00 -1.2299091931e+00 -1.9955730028e+00  5.1717399681e+00 -2.9000990010e+00 -1.6936109109e+00  4.9874370593e+00 -3.4727041551e+00 -3.2332338841e+00  4.9782722558e+00 -3.6039599292e+00 -3.8882692818e+00  6.2481997724e+00 -3.2986824258e+00 -9.3511618724e-01  6.2027673826e+00 -3.0440806990e+00 -1.1996725532e+00  3.5660620759e+00 -4.4612466586e-01 -2.0567846849e+00  1.0184521675e+00 -1.7894182180e+00 -1.3923266672e+00  2.0464507893e+00 -9.3240960381e-01 -3.4304557828e-01  8.7320857168e-01  2.3457730836e-01  4.8673832507e-01  4.3165868854e+00 -3.7264169690e-01  1.2334307946e+00  2.8038655595e+00 -1.4157801908e+00  1.0005451828e-01  3.7172578991e+00  2.1603830457e+00 -7.1493307350e-02  2.7395342335e+00  1.8442777715e+00 -1.1566244844e+00  1.3556682400e+00  1.2264119667e+00  5.1630847065e-01  1.3386613681e+00  1.0750925235e+00 -2.6930348330e+00  2.8426956141e+00  1.2069133571e+00 -1.6273677911e+00  4.2599913185e+00 -1.3396462542e+00 -3.1217415747e+00  3.4193654365e+00 -1.5020316495e-01 -3.6498719259e+00  4.6092319668e+00 -4.0780615195e+00 -4.8542744465e+00  6.0565228880e+00 -4.2214002277e+00 -3.2931073537e+00  6.9263175136e+00 -2.6214355466e+00 -4.0481293885e+00  6.7096212926e+00
ENERGY -9.354292831236e+02

JOB 16
COORDS -1.0776430043e+00 -4.0188018516e-01  1.2918370898e+00 -9.3325433941e-02  8.8412191026e-02  2.3271409952e+00 -5.1644258795e-01  1.4674040633e+00  2.7990007643e+00  1.2688865331e+00  1.9656869884e-01  1.7076919295e+00  2.3291345354e-02 -9.0744468997e-01  3.4827043383e+00 -1.2542505181e+00 -1.2877479551e+00  4.2250714508e+00 -1.7498684707e+00 -2.1014368583e-01  4.9806225371e+00 -3.2991598632e+00  3.7993760993e-01  4.5747184960e+00 -4.2439746207e+00 -8.0027169584e-01  5.2037011319e+00 -4.4329057212e+00 -7.9789610265e-01  6.6261511703e+00 -3.4161868995e+00  1.6683391293e+00  5.3123981985e+00 -3.3893712382e+00  2.4261298355e-01  3.0728780719e+00 -7.8641492001e-01 -1.4100165381e+00  9.9011645759e-01 -2.0798034775e+00 -3.7304876943e-01  1.7331071540e+00 -1.0247825232e+00  2.7222689155e-01  4.3498123335e-01  3.0532457921e-02  1.7127701751e+00  3.7082237521e+00 -2.7650008142e-01  2.1728179506e+00  2.0015569014e+00 -1.5874535531e+00  1.4598080309e+00  2.9867749173e+00  1.9715068831e+00  5.7076521972e-01  2.4537077522e+00  1.5865088728e+00 -7.8633683989e-01  1.3570992868e+00  1.2221736632e+00  8.8920862618e-01  8.6699523401e-01  4.7088625087e-01 -1.8073948528e+00  3.0499341726e+00  7.3289236588e-01 -4.6349597979e-01  4.1848682542e+00 -2.0044633195e+00 -1.6929992956e+00  3.5398761649e+00 -9.5361963663e-01 -2.1003613241e+00  4.9026268728e+00 -5.1536003768e+00 -1.5888503287e+00  6.8484444133e+00 -4.8181366572e+00  1.6865642189e-01  6.9621520725e+00 -3.4888741579e+00 -1.0069214758e+00  7.1441576710e+00
ENERGY -9.354296074465e+02

JOB 17
COORDS -1.2520799553e+00 -1.5071891784e-02  1.7276933648e+00 -1.1588529399e-01  3.6408386668e-01  2.6475056228e+00 -3.5793676264e-01  1.7605977391e+00  3.1892480089e+00  1.1684568559e+00  3.7747930210e-01  1.8714576331e+00  5.3366075570e-02 -6.7003485886e-01  3.7634096841e+00 -1.1552958640e+00 -9.7745471136e-01  4.6438525000e+00 -1.4779323896e+00  1.0572191623e-01  5.4791023775e+00 -2.9568004242e+00  9.1740738397e-01  5.2158667713e+00 -3.9573999865e+00  6.4334771383e-02  6.1841596053e+00 -3.8685765556e+00  3.0196323404e-01  7.5963020611e+00 -2.7132203221e+00  2.2999734496e+00  5.7223702600e+00 -3.3361286028e+00  6.0140468204e-01  3.7900629929e+00 -1.0785057785e+00 -1.0313734298e+00  1.3680470038e+00 -2.1904818630e+00  7.0509171414e-02  2.2871946869e+00 -1.2478135046e+00  6.8174262302e-01  8.8747149691e-01  3.0988919639e-01  1.9348472201e+00  4.0314789203e+00 -1.5258500111e-01  2.4646036489e+00  2.3811312851e+00 -1.3905445180e+00  1.8540691552e+00  3.5103992345e+00  1.9834799915e+00  6.7076678584e-01  2.5347546232e+00  1.3575326267e+00 -6.1763786489e-01  1.4668335486e+00  1.0822692437e+00  1.0954779410e+00  1.0554999510e+00  3.7571215456e-01 -1.5885816045e+00  3.2634178921e+00  8.7229396656e-01 -3.0086053749e-01  4.3852379910e+00 -2.0103060155e+00 -1.3021295396e+00  4.0441963952e+00 -8.3799461102e-01 -1.8290256674e+00  5.2633470272e+00 -4.6746856091e+00 -2.7082478760e-01  8.0614339337e+00 -3.9864374042e+00  1.3664894419e+00  7.8165167031e+00 -2.9032812284e+00 -4.2395819467e-02  7.9866856164e+00
ENERGY -9.354293182123e+02

JOB 18
COORDS -1.0533710349e+00 -1.7921575731e-03  1.5585990787e+00  4.1385390469e-02  3.2311349235e-01  2.5476604347e+00 -2.0148131362e-01  1.6919415261e+00  3.1537617178e+00  1.3535446550e+00  3.7001380019e-01  1.8197938417e+00  1.6267104153e-01 -7.6300379642e-01  3.6207420815e+00 -1.1195130413e+00 -1.1929664697e+00  4.3322090465e+00 -1.6627549257e+00 -1.3903284236e-01  5.0844772147e+00 -3.1732006899e+00  5.2331471028e-01  4.6274671023e+00 -4.1500777232e+00 -1.0786194373e-01  5.7657606050e+00 -4.0685449705e+00  4.3352282296e-01  7.0920227571e+00 -2.9696211198e+00  1.9975333067e+00  4.8079864053e+00 -3.5233229351e+00 -1.1133666443e-01  3.3093867595e+00 -8.5530276572e-01 -9.9330486118e-01  1.1459509351e+00 -2.0285298169e+00  2.0858027391e-02  2.0621656941e+00 -1.0130756717e+00  7.4433182241e-01  7.6300155099e-01  6.0797034030e-01  1.8985215824e+00  3.8551393920e+00 -1.8291098893e-01  2.4154994226e+00  2.3368848918e+00 -1.1579722295e+00  1.7413407804e+00  3.6748534753e+00  2.1543238140e+00  5.5973131575e-01  2.5359485785e+00  1.5220469428e+00 -5.8332616459e-01  1.3175758805e+00  1.3211921196e+00  1.1734094571e+00  1.0831789074e+00  6.0110619258e-01 -1.6309001371e+00  3.1185916542e+00  8.8085985953e-01 -3.7614473577e-01  4.3474768413e+00 -1.8496412056e+00 -1.5998776425e+00  3.6263987713e+00 -8.1059107846e-01 -2.0062645770e+00  5.0051202971e+00 -4.8786400818e+00 -2.2947116946e-02  7.6658438590e+00 -4.1858127036e+00  1.5205541207e+00  7.0737286996e+00 -3.1065906880e+00  1.7981176151e-01  7.5531160510e+00
ENERGY -9.354296114183e+02

JOB 19
COORDS -1.0985466957e+00  2.1217255908e-02  1.5656104287e+00  7.9015253825e-03  3.0998808373e-01  2.5523227244e+00 -2.4501702147e-01  1.6371339706e+00  3.2401571051e+00  1.3051906932e+00  4.1661397031e-01  1.8046835085e+00  1.6415500626e-01 -8.2598878127e-01  3.5678224452e+00 -1.1043124807e+00 -1.3757693798e+00  4.2202139283e+00 -1.7490683735e+00 -4.3301011993e-01  5.0364507026e+00 -3.2478080572e+00  2.2304211856e-01  4.5297618919e+00 -4.2039187368e+00 -2.4149697574e-01  5.7581404367e+00 -4.0819782072e+00  4.5164320394e-01  7.0083751752e+00 -3.0179459776e+00  1.7090532337e+00  4.5507540661e+00 -3.6348649047e+00 -5.2444284750e-01  3.2858061337e+00 -8.7994593440e-01 -9.3061054324e-01  1.0771975889e+00 -2.0653140589e+00 -3.4038011969e-02  2.0777080871e+00 -1.1020382349e+00  8.2454791894e-01  8.2711642724e-01  5.7304861693e-01  1.8119330938e+00  3.9406491649e+00 -2.4511909049e-01  2.4084153870e+00  2.4675931485e+00 -1.2066458427e+00  1.6394796891e+00  3.7639797108e+00  2.1156697743e+00  5.7911962250e-01  2.5166039481e+00  1.4788678747e+00 -5.0482591942e-01  1.2475232598e+00  1.2477621405e+00  1.2592353345e+00  1.1148779569e+00  6.5729529759e-01 -1.6421055063e+00  3.0308118084e+00  8.4712299223e-01 -4.4395312211e-01  4.3299860869e+00 -1.7900584327e+00 -1.7876428332e+00  3.4735045143e+00 -7.5186820773e-01 -2.2102138023e+00  4.8440478589e+00 -4.9045612346e+00  1.0476040396e-01  7.6382558571e+00 -4.1508960918e+00  1.5326101536e+00  6.8591981892e+00 -3.1271254006e+00  2.0970146672e-01  7.4898506547e+00
ENERGY -9.354292757807e+02

JOB 20
COORDS -1.2732437131e+00  4.4575545651e-01  2.4795068200e+00 -2.6347750777e-01 -6.8446735401e-01  2.5336353228e+00  1.0137279262e+00 -1.9768451703e-01  1.9132967068e+00 -7.6686696938e-01 -1.8658673749e+00  1.7392954865e+00  5.4392921255e-02 -1.0724751424e+00  3.9809389896e+00 -9.4800549031e-01 -1.9621787790e+00  4.7160377926e+00 -2.1986388211e+00 -1.3540805441e+00  4.9107371331e+00 -3.5397395280e+00 -1.9281077932e+00  4.0083454961e+00 -4.6420951826e+00 -1.9935801382e+00  5.1974463098e+00 -4.5061543222e+00 -3.0299459322e+00  6.1775092746e+00 -3.9139505409e+00 -8.1498834724e-01  3.0769250222e+00 -3.1333927597e+00 -3.2903681817e+00  3.5106639161e+00 -2.2492842757e+00  1.0364022808e-01  2.8418158254e+00 -8.8562370833e-01  1.2686359007e+00  3.0819379840e+00 -1.3604372226e+00  7.5473229912e-01  1.4361043803e+00  1.7380358739e+00 -1.0128678642e+00  1.8864933063e+00  8.0646082247e-01  1.4530068898e-01  8.9915102116e-01  1.4058088507e+00  6.2894823735e-01  2.5074486976e+00 -1.2035199955e-02 -2.6532743968e+00  1.7812243107e+00 -1.7095570403e+00 -2.2348145974e+00  2.1458210513e+00 -9.0743077797e-01 -1.5375220443e+00  7.0856672100e-01  1.0140176366e+00 -1.5974924924e+00  3.9488061397e+00  1.8959455794e-01 -1.2809350371e-01  4.5125787277e+00 -1.0564274880e+00 -2.9338132841e+00  4.2233907087e+00 -4.8159561897e-01 -2.1401384261e+00  5.6963790205e+00 -5.3913359695e+00 -2.9764225070e+00  6.8154596765e+00 -3.6095915753e+00 -2.8659514897e+00  6.7879424955e+00 -4.4479351904e+00 -4.0120653932e+00  5.6990027383e+00
ENERGY -9.354287520905e+02

JOB 21
COORDS -7.8262708478e-01  5.2102672636e-01  2.3815304608e+00 -1.5900662414e-01 -8.5685617040e-01  2.4913814537e+00  1.2357297517e+00 -7.9244449495e-01  1.9422115094e+00 -9.6360686515e-01 -1.8390871031e+00  1.6724986513e+00 -4.5507065127e-02 -1.2972495548e+00  3.9541644966e+00 -1.3127637820e+00 -1.8019079646e+00  4.6400321724e+00 -2.3117479892e+00 -8.1672981776e-01  4.7156592044e+00 -3.7645873484e+00 -1.1321702711e+00  3.8541988385e+00 -4.7814706773e+00 -3.1732185332e-01  4.8211516882e+00 -5.1197413500e+00 -9.1180169766e-01  6.0819855710e+00 -3.6290962670e+00 -3.7392425735e-01  2.5610391840e+00 -3.9660494701e+00 -2.6171601276e+00  3.8989383374e+00 -1.8310884383e+00  4.6784444777e-01  2.6846684926e+00 -2.0430718428e-01  1.2029610642e+00  3.0064532021e+00 -7.2097240479e-01  8.2445854964e-01  1.3347211932e+00  1.6656620473e+00 -1.7950369453e+00  1.9300503518e+00  1.1997005718e+00 -3.9391689706e-01  9.2793540135e-01  1.8381068094e+00 -1.3716691925e-01  2.5731225688e+00 -6.0135784268e-01 -2.8467517741e+00  1.8806610483e+00 -2.0213580096e+00 -1.7302670080e+00  1.9156229320e+00 -8.1063248688e-01 -1.5962768973e+00  6.1981177152e-01  7.0002691804e-01 -2.0982412152e+00  3.9714128778e+00  3.5732736769e-01 -4.3246872425e-01  4.4860301405e+00 -1.6912066046e+00 -2.7171478454e+00  4.1727242381e+00 -9.8691687846e-01 -2.0761087036e+00  5.6546679022e+00 -5.8952576334e+00 -2.8312698918e-01  6.5257401791e+00 -4.2450051600e+00 -9.3255819337e-01  6.7427975784e+00 -5.4949045001e+00 -1.9294810873e+00  5.9417627556e+00
ENERGY -9.354284695396e+02

JOB 22
COORDS -9.2310016145e-01  5.0308244973e-01  2.4613054593e+00 -1.7347601442e-01 -8.1512276069e-01  2.4771073931e+00  1.2106661434e+00 -5.8399126973e-01  1.9470708003e+00 -8.8704792584e-01 -1.8045697366e+00  1.5854713610e+00 -2.2665159123e-02 -1.3549079464e+00  3.9014282524e+00 -1.2603841072e+00 -1.9494655406e+00  4.5660993548e+00 -2.2671385201e+00 -9.8864827370e-01  4.7657461148e+00 -3.7639978755e+00 -1.3438977751e+00  4.0026228693e+00 -4.6666094202e+00 -2.6780893227e-01  4.8181488765e+00 -5.0547409939e+00 -6.0721835262e-01  6.1579257057e+00 -3.6068015388e+00 -8.4488123418e-01  2.5872800112e+00 -4.0941543279e+00 -2.7652760485e+00  4.3291422308e+00 -1.9692092610e+00  3.1841451363e-01  2.7136350084e+00 -4.4207583650e-01  1.1763490332e+00  3.1716643665e+00 -8.5092085635e-01  9.0606730863e-01  1.4492789084e+00  1.7369306549e+00 -1.5374722244e+00  1.8830902737e+00  1.1406583748e+00 -1.3463482553e-01  9.5613691514e-01  1.7431433902e+00  9.0323489098e-02  2.6195167723e+00 -4.2176540615e-01 -2.7837114489e+00  1.7117561121e+00 -1.9493989736e+00 -1.8117769978e+00  1.8477769721e+00 -7.6986537476e-01 -1.4669126786e+00  5.5433855941e-01  7.5184934147e-01 -2.1263522010e+00  3.8488993467e+00  3.5568733650e-01 -5.1779698592e-01  4.4924902177e+00 -1.6290675960e+00 -2.8246108751e+00  4.0202301094e+00 -9.0490276993e-01 -2.3234628977e+00  5.5377595902e+00 -5.7602257854e+00  1.6139320604e-01  6.4824242042e+00 -4.1822916601e+00 -6.0685710382e-01  6.8216334954e+00 -5.5306290444e+00 -1.5912447698e+00  6.1845635650e+00
ENERGY -9.354285112981e+02

JOB 23
COORDS -1.1146524162e+00  3.8829288596e-01  2.5779371444e+00 -2.5711938870e-01 -8.6131372285e-01  2.5147560053e+00  1.1108687784e+00 -4.7868653995e-01  2.0329139619e+00 -8.7514731244e-01 -1.8358586749e+00  1.5394913329e+00 -8.2416640260e-02 -1.4987028761e+00  3.8943321164e+00 -1.3025172570e+00 -2.1646491025e+00  4.5213364594e+00 -2.3025198524e+00 -1.2263554664e+00  4.8306127445e+00 -3.8269937806e+00 -1.5655990659e+00  4.1209508756e+00 -4.6074722023e+00 -2.7573844004e-01  4.7344649235e+00 -5.0585441889e+00 -3.5477544172e-01  6.0952952604e+00 -3.6211001531e+00 -1.3148209607e+00  2.6451115836e+00 -4.3089105393e+00 -2.8664501167e+00  4.6715974366e+00 -2.1511472207e+00  9.2553835254e-02  2.7470856655e+00 -7.4006088196e-01  1.0221488042e+00  3.3818097904e+00 -1.0183423966e+00  8.9642249787e-01  1.6164637614e+00  1.7241376663e+00 -1.3755834226e+00  1.9350271857e+00  1.0209215727e+00  1.3019198696e-02  1.0639653778e+00  1.5646278079e+00  2.0564137898e-01  2.7513942467e+00 -3.0849758148e-01 -2.7682271089e+00  1.5771027180e+00 -1.9276995226e+00 -1.9752099126e+00  1.8092660325e+00 -8.0472693150e-01 -1.3980795313e+00  5.4218922577e-01  7.1128485854e-01 -2.2434014117e+00  3.7796370810e+00  2.7767781723e-01 -6.9877760364e-01  4.5454467841e+00 -1.6726524880e+00 -2.9811244047e+00  3.8915577323e+00 -9.3065280989e-01 -2.6333224839e+00  5.4442539007e+00 -5.6884666016e+00  5.2157725659e-01  6.2667104059e+00 -4.2062192108e+00 -3.3360643196e-01  6.7843120498e+00 -5.6333075682e+00 -1.2701949920e+00  6.2588273138e+00
ENERGY -9.354285100305e+02

