JOB 0
COORDS  2.0504052485e+00  5.9916777617e-01  1.1598102512e+00 -1.5083064778e+00 -6.3735701573e-01 -1.5875541851e+00  2.6316193798e-01 -1.6113366963e-01 -2.0654469559e-01  6.6384421086e-01  1.8877107794e-01  1.0139975980e+00 -1.0267422862e+00 -2.0366368191e-01 -2.8836497434e-01 -1.8272185829e+00  9.6057981230e-02  6.6021631723e-01 -2.5274350542e+00 -2.3033111224e+00 -1.4169156412e+00 -2.5645935382e+00  7.8461090327e-01 -2.4274198605e+00  2.2319467416e+00  1.6055294148e+00  7.6129838100e-01  2.3029245472e+00  5.8276872490e-01  2.2221135055e+00  2.6909453626e+00 -1.1261318342e-01  6.3535540356e-01 -6.5303169957e-01 -8.3544804535e-01 -2.2220586417e+00 -7.2436904148e-02  5.7168520823e-01  1.6115426957e+00
ENERGY -5.466029833936e+03

JOB 1
COORDS  2.0230486416e+00  6.2645180768e-01  1.1413776099e+00 -1.4970383672e+00 -6.3051791305e-01 -1.5828607389e+00  2.7742724697e-01 -2.9031409296e-01 -1.6498827627e-01  6.9138861852e-01  3.2652941438e-02  1.0697423513e+00 -1.0071947660e+00 -2.0919281205e-01 -2.7689039366e-01 -1.8059941194e+00  1.5530434742e-01  6.4647812567e-01 -2.6278895652e+00 -2.2203886238e+00 -1.4084787375e+00 -2.4353136245e+00  8.5095743771e-01 -2.4514447927e+00  2.0472704882e+00  1.6412229176e+00  7.2474387068e-01  2.3267582961e+00  6.5749971422e-01  2.1898383531e+00  2.7255303785e+00 -2.0183714025e-03  5.9027674873e-01 -6.4514174589e-01 -8.9449963250e-01 -2.1976495319e+00 -4.9387975812e-02  4.5790664790e-01  1.6353315654e+00
ENERGY -5.466029166479e+03

JOB 2
COORDS  1.9811289400e+00  6.6035051508e-01  1.1173632243e+00 -1.4819212841e+00 -6.2514451572e-01 -1.5744776292e+00  2.9432964635e-01 -4.2194745690e-01 -1.3155342171e-01  7.3462302954e-01 -1.1200908569e-01  1.1093725779e+00 -9.7419410578e-01 -2.1637871245e-01 -2.6480682713e-01 -1.7592095963e+00  2.1999971941e-01  6.3457786862e-01 -2.7405740584e+00 -2.1106870343e+00 -1.3856920731e+00 -2.2771331461e+00  9.1482440644e-01 -2.4776582628e+00  1.8455032043e+00  1.6648019382e+00  6.9770607401e-01  2.3232378929e+00  7.3961360990e-01  2.1514147363e+00  2.7381130777e+00  1.2977049301e-01  5.3592974024e-01 -6.4479124826e-01 -9.6958684796e-01 -2.1694389158e+00 -1.5648846174e-02  3.0145733917e-01  1.6727390622e+00
ENERGY -5.466026454739e+03

JOB 3
COORDS  1.9231207893e+00  6.9456399677e-01  1.0901934486e+00 -1.4626583139e+00 -6.1929471747e-01 -1.5631650844e+00  3.1360693873e-01 -5.4967743153e-01 -1.0566756881e-01  7.9137810775e-01 -2.4695798796e-01  1.1380899396e+00 -9.2815978550e-01 -2.2303333199e-01 -2.5264158017e-01 -1.6847962516e+00  2.9415712621e-01  6.2209513322e-01 -2.8475098175e+00 -1.9798334116e+00 -1.3485313398e+00 -2.1043293917e+00  9.6609089902e-01 -2.5040173894e+00  1.6298903758e+00  1.6698388692e+00  6.8259321760e-01  2.2969412354e+00  8.2019675991e-01  2.1087006992e+00  2.7190878113e+00  2.7296266507e-01  4.7245625772e-01 -6.5285821897e-01 -1.0502657448e+00 -2.1392504196e+00  2.9750026748e-02  1.2631667739e-01  1.7146208402e+00
ENERGY -5.466022123029e+03

JOB 4
COORDS  1.8478717458e+00  7.2743593066e-01  1.0616016276e+00 -1.4409429829e+00 -6.1288968902e-01 -1.5495357783e+00  3.3556926590e-01 -6.7124220742e-01 -8.8872924459e-02  8.6097086799e-01 -3.7010580305e-01  1.1538437664e+00 -8.6958572745e-01 -2.3014262610e-01 -2.4183217767e-01 -1.5790022843e+00  3.7623002591e-01  6.0774557625e-01 -2.9467352329e+00 -1.8256441665e+00 -1.2963838904e+00 -1.9206878155e+00  1.0011536627e+00 -2.5324698202e+00  1.4014671354e+00  1.6553585225e+00  6.8335994778e-01  2.2497237762e+00  8.9558802232e-01  2.0633722803e+00  2.6638535888e+00  4.2521353667e-01  4.0134959650e-01 -6.7321503816e-01 -1.1354124007e+00 -2.1071605898e+00  9.4176207010e-02 -6.0478439796e-02  1.7604585401e+00
ENERGY -5.466017031439e+03

JOB 5
COORDS  1.7573418754e+00  7.6140429601e-01  1.0315520365e+00 -1.4210368797e+00 -6.0585247596e-01 -1.5320326889e+00  3.6073624037e-01 -7.8458934430e-01 -8.3991717603e-02  9.4833490049e-01 -4.7690798589e-01  1.1487390640e+00 -8.0280085727e-01 -2.4341749227e-01 -2.3136996908e-01 -1.4458171705e+00  4.4912234474e-01  5.9738251817e-01 -3.0427200004e+00 -1.6400342882e+00 -1.2334060861e+00 -1.7244490321e+00  1.0209472285e+00 -2.5600976599e+00  1.1676269736e+00  1.6188690563e+00  6.8542975393e-01  2.1674913137e+00  9.7687694163e-01  2.0209979915e+00  2.5842815483e+00  5.8535361541e-01  3.3987216109e-01 -7.1389543544e-01 -1.2241307939e+00 -2.0715044117e+00  1.8837002944e-01 -2.6257673388e-01  1.8039051621e+00
ENERGY -5.466012048336e+03

JOB 6
COORDS  1.5213451411e+00  8.7543926874e-01  1.1788701567e+00 -1.4354719987e+00 -6.5335938611e-01 -1.5418578516e+00  2.1253732874e-01 -8.2156311668e-01  4.0070690871e-02  7.5438796861e-01 -3.9134346993e-01  1.2439810867e+00 -8.1989583365e-01 -1.2924079108e-01 -2.9965379132e-01 -1.2858685888e+00  8.9605227214e-01  2.5081810301e-01 -3.2840432176e+00 -1.1556678439e+00 -1.1843954994e+00 -1.2712609333e+00  6.6780148760e-01 -2.9690859444e+00  8.3521860466e-01  1.7097420653e+00  1.0314277292e+00  2.0249314726e+00  9.9556250270e-01  2.1407712026e+00  2.2670729258e+00  8.6353832287e-01  3.7393608417e-01 -8.9310024057e-01 -1.5417333609e+00 -1.8400555215e+00  1.3976108770e+00 -1.1401635826e+00  1.4906497088e+00
ENERGY -5.466015254343e+03

JOB 7
COORDS  1.4597073891e+00  8.9419595690e-01  1.2094504972e+00 -1.4310850243e+00 -6.6876545190e-01 -1.5305603220e+00  1.9174366709e-01 -8.8002598440e-01  6.4183344111e-02  8.1633916083e-01 -4.4008790612e-01  1.2026825014e+00 -7.7694220173e-01 -1.2540741841e-01 -3.2377786253e-01 -1.1731837283e+00  9.6086564369e-01  1.7632699993e-01 -3.3200290964e+00 -9.9207885102e-01 -1.1646629087e+00 -1.1554793446e+00  5.4702027366e-01 -3.0359063294e+00  7.0433496620e-01  1.6756759240e+00  1.2573633092e+00  2.0871058157e+00  9.3275650757e-01  2.1027324845e+00  2.0859842889e+00  1.0459157634e+00  3.2097116430e-01 -9.6709385391e-01 -1.6158358973e+00 -1.7752433949e+00  1.5020614673e+00 -1.1591641919e+00  1.4119166709e+00
ENERGY -5.466018059671e+03

JOB 8
COORDS  1.4179038894e+00  9.0720765923e-01  1.2573466609e+00 -1.4374879876e+00 -6.8841604923e-01 -1.5247252537e+00  1.7235691771e-01 -9.0699731679e-01  7.3774261743e-02  8.7741471743e-01 -4.6554619325e-01  1.1463926898e+00 -7.3636733643e-01 -1.1009140279e-01 -3.6646218755e-01 -1.0662935413e+00  1.0316058011e+00  6.8289998470e-02 -3.3437032342e+00 -8.5742409643e-01 -1.1328919368e+00 -1.0977206540e+00  4.0194188480e-01 -3.1131581135e+00  6.2710858791e-01  1.6161369876e+00  1.4854439626e+00  2.1445244074e+00  8.7977011751e-01  2.0729298563e+00  1.9262299704e+00  1.2184420685e+00  3.3647969142e-01 -1.0430237662e+00 -1.6794062102e+00 -1.7098696546e+00  1.5825215354e+00 -1.1721588818e+00  1.3219261789e+00
ENERGY -5.466018606292e+03

JOB 9
COORDS  1.3943882766e+00  9.1477249321e-01  1.3180514782e+00 -1.4590604367e+00 -7.0951539800e-01 -1.5203416627e+00  1.7146213959e-01 -9.0693998943e-01  5.2692519600e-02  9.4754066935e-01 -4.6982344732e-01  1.0623949522e+00 -6.9568861116e-01 -8.9408514762e-02 -4.2848181485e-01 -9.5819748492e-01  1.1001311177e+00 -6.8989346480e-02 -3.3615823230e+00 -7.5032908043e-01 -1.0707107300e+00 -1.1145592371e+00  2.4861740422e-01 -3.1924461334e+00  5.6521334147e-01  1.5390931528e+00  1.6359359010e+00  2.1357832698e+00  8.4094169475e-01  2.1179328612e+00  1.8652475625e+00  1.3636095360e+00  4.3646679379e-01 -1.1226237386e+00 -1.7305940160e+00 -1.6472248156e+00  1.6555400781e+00 -1.1754905846e+00  1.2201961510e+00
ENERGY -5.466017631920e+03

JOB 10
COORDS  1.3713511693e+00  9.1720347393e-01  1.3763490079e+00 -1.4781672983e+00 -7.2622453604e-01 -1.5176629075e+00  1.8893059903e-01 -8.9794201530e-01  1.5668905054e-02  1.0167816516e+00 -4.5541720142e-01  9.6861369634e-01 -6.4790763260e-01 -7.0988430818e-02 -5.0218501317e-01 -8.3533321677e-01  1.1578015769e+00 -2.2637653424e-01 -3.3623775190e+00 -6.6210663245e-01 -9.8954580310e-01 -1.1745610692e+00  1.1025856153e-01 -3.2622707182e+00  5.0223530819e-01  1.4532374479e+00  1.7456477771e+00  2.1028789931e+00  8.0093508704e-01  2.1806454229e+00  1.8251320864e+00  1.4867912417e+00  5.6019411821e-01 -1.1883828245e+00 -1.7664783948e+00 -1.5935922591e+00  1.7028832585e+00 -1.1720058100e+00  1.1599904619e+00
ENERGY -5.466016275119e+03

JOB 11
COORDS  1.3452134562e+00  9.1624948972e-01  1.4126872177e+00 -1.4836024646e+00 -7.3185800962e-01 -1.5166335736e+00  2.1886089527e-01 -8.9178968554e-01 -2.2780212745e-02  1.0929088327e+00 -4.3106849898e-01  8.7106634832e-01 -5.9896218026e-01 -6.0107092241e-02 -5.6421378508e-01 -7.0747838311e-01  1.1951932628e+00 -3.6901741699e-01 -3.3470506520e+00 -5.6004128283e-01 -9.3541087792e-01 -1.2072230994e+00 -4.6858722396e-03 -3.3148950619e+00  4.7473232704e-01  1.3119646806e+00  1.9348143006e+00  2.1672386186e+00  7.9274240751e-01  2.1230234922e+00  1.6447445090e+00  1.6159997162e+00  6.3323246574e-01 -1.2407189497e+00 -1.7864364933e+00 -1.5440422756e+00  1.6648005963e+00 -1.1910982540e+00  1.2076455333e+00
ENERGY -5.466015536054e+03

JOB 12
COORDS  1.3134243500e+00  9.0232836219e-01  1.4406286139e+00 -1.4852639271e+00 -7.2815702666e-01 -1.5095795201e+00  2.5321666811e-01 -8.8159916507e-01 -5.5955055694e-02  1.1820760707e+00 -4.1215216837e-01  7.8415136632e-01 -5.4314762252e-01 -4.4016429381e-02 -6.1854034311e-01 -5.7851949480e-01  1.2242455761e+00 -5.1131205848e-01 -3.3177453327e+00 -4.4658621131e-01 -8.7850112977e-01 -1.2389100269e+00 -1.1036028634e-01 -3.3510696910e+00  4.5605960380e-01  1.1326399240e+00  2.0796129398e+00  2.2112683335e+00  8.2855117318e-01  2.0602692270e+00  1.4368076216e+00  1.6954182105e+00  7.0925610845e-01 -1.2857520599e+00 -1.7918652395e+00 -1.4853600543e+00  1.6199493223e+00 -1.1933823511e+00  1.2518757509e+00
ENERGY -5.466016275487e+03

JOB 13
COORDS  1.4697892569e+00  2.1631074764e-01  1.5133526728e+00 -1.4819923080e+00 -4.4794703101e-01 -1.5983512747e+00 -3.6359357769e-02  8.5400188490e-01 -4.2060298561e-01  7.5036252683e-01  1.1561537826e+00  6.2946391789e-01 -6.7316563241e-01 -2.6183597888e-01 -3.8567289188e-01 -6.9364325011e-01 -1.1420043942e+00  5.2976927100e-01 -8.3240085614e-01 -2.0050661786e+00 -2.5913482725e+00 -3.3726718209e+00 -6.0887471354e-01 -1.1262751953e+00  2.0817961730e+00 -4.9379966239e-01  9.4630301421e-01  2.1252023051e+00  8.3675590940e-01  2.1301259576e+00  7.7733463502e-01 -3.3350507136e-01  2.1430883439e+00 -1.3677211206e+00  4.2182746615e-01 -2.2326420273e+00  1.2769329550e+00  1.9830476075e+00  3.7826562385e-01
ENERGY -5.466017631923e+03

JOB 14
COORDS  1.4949092151e+00  1.9781099141e-01  1.4557155917e+00 -1.4561230330e+00 -4.6312323925e-01 -1.5928545414e+00 -3.6838372769e-02  8.6467298159e-01 -4.0240582207e-01  6.7764719521e-01  1.1787072344e+00  7.0817439820e-01 -7.2121554474e-01 -2.2269862535e-01 -3.3997380264e-01 -8.2252227486e-01 -1.0402105814e+00  6.2062212811e-01 -7.8777069311e-01 -2.0910941054e+00 -2.4475224482e+00 -3.3745417177e+00 -5.4564147422e-01 -1.2342272202e+00  2.1160585137e+00 -4.0778398063e-01  7.8438367192e-01  2.1449950249e+00  7.8376482285e-01  2.1098964908e+00  8.6389571283e-01 -4.5914180742e-01  2.0474937013e+00 -1.2750994606e+00  3.6527072910e-01 -2.2658596646e+00  1.2000689409e+00  2.0145314225e+00  4.7203367094e-01
ENERGY -5.466018606288e+03

JOB 15
COORDS  1.5358484984e+00  1.9424082644e-01  1.4054949736e+00 -1.4452522459e+00 -4.8112876838e-01 -1.5885161813e+00 -1.1493450007e-02  8.4150356945e-01 -3.9839408738e-01  6.2010194092e-01  1.1717313543e+00  7.7287961139e-01 -7.6677282407e-01 -1.9761417965e-01 -3.0837951206e-01 -9.4885130778e-01 -9.5075159703e-01  6.8496468811e-01 -8.1746439722e-01 -2.1875686934e+00 -2.3055281144e+00 -3.3786754657e+00 -4.4292080304e-01 -1.3297941825e+00  2.2352340367e+00 -2.3530027182e-01  6.7680335162e-01  2.0986659364e+00  7.4134120938e-01  2.1650909557e+00  9.6651880139e-01 -6.0506381896e-01  1.8751435475e+00 -1.1831937216e+00  2.9614618931e-01 -2.2951059135e+00  1.1187977043e+00  2.0304493515e+00  5.6081701723e-01
ENERGY -5.466018059663e+03

JOB 16
COORDS  1.5937631173e+00  2.0841980681e-01  1.3663666749e+00 -1.4454662667e+00 -5.0063505856e-01 -1.5904353255e+00  2.2975522186e-02  7.8497805323e-01 -3.9143491591e-01  5.6770702486e-01  1.1375663056e+00  8.3618089003e-01 -8.1097821561e-01 -1.9188769696e-01 -2.8705328556e-01 -1.0774094299e+00 -8.8414006780e-01  7.2347960435e-01 -9.0828799385e-01 -2.2815063828e+00 -2.1814918635e+00 -3.3778569951e+00 -3.0721158388e-01 -1.4299331178e+00  2.3687079002e+00 -1.5983497752e-02  6.2254272749e-01  2.0493115967e+00  6.9368956828e-01  2.2325486175e+00  1.1157478783e+00 -7.1672520620e-01  1.6891329168e+00 -1.0909252478e+00  2.1801762088e-01 -2.3185397721e+00  1.0161746154e+00  2.0304825072e+00  6.4411300328e-01
ENERGY -5.466015254353e+03

JOB 17
COORDS  1.8082651038e+00  2.8325838383e-01  1.1694177429e+00 -1.4217231508e+00 -5.3255625474e-01 -1.5591462981e+00  1.8323704721e-01  7.2505646801e-01 -4.8863450020e-01  7.4412034212e-01  1.2049902684e+00  7.0075119313e-01 -8.2343027733e-01 -5.8343900130e-02 -2.8538546245e-01 -1.3521771565e+00 -3.7199466846e-01  8.1095468809e-01 -1.2990943981e+00 -2.4756841158e+00 -1.6274856419e+00 -3.2447494172e+00  1.2884727570e-01 -1.7255329259e+00  2.6195221654e+00  2.7073898874e-01  4.3801557493e-01  2.1917285513e+00  6.8145363420e-01  2.1117820355e+00  1.4418023107e+00 -7.3846536729e-01  1.3262475415e+00 -8.3276764526e-01 -1.2420003513e-01 -2.3713797505e+00  8.7300305710e-03  1.1819636908e+00  1.4158719569e+00
ENERGY -5.466012048333e+03

JOB 18
COORDS  1.8871747326e+00  3.4656131517e-01  1.1737474885e+00 -1.4415274604e+00 -5.3966520407e-01 -1.5767354978e+00  1.8361877523e-01  6.2180032829e-01 -4.3531773770e-01  6.8185897779e-01  1.0985217715e+00  7.6283474957e-01 -8.8494166040e-01 -8.9345079325e-02 -2.8427356085e-01 -1.4983842896e+00 -3.3481574950e-01  7.9098187945e-01 -1.4963059376e+00 -2.4884521014e+00 -1.6027751376e+00 -3.1875132222e+00  2.7486380640e-01 -1.8773116520e+00  2.6583804994e+00  4.5327099748e-01  4.0761938843e-01  2.2515221357e+00  7.8883818130e-01  2.1037727173e+00  1.6776360620e+00 -7.1883843873e-01  1.3299563427e+00 -7.7162581070e-01 -2.0751342646e-01 -2.3605011349e+00 -3.6429295815e-02  9.6983796756e-01  1.4834783090e+00
ENERGY -5.466017031432e+03

JOB 19
COORDS  1.9515275853e+00  4.0486943891e-01  1.1781834959e+00 -1.4632009052e+00 -5.4578309565e-01 -1.5905580673e+00  1.8966013913e-01  5.0644539311e-01 -3.8842324291e-01  6.4177563374e-01  9.7188804874e-01  8.1398764640e-01 -9.3976880429e-01 -1.1353713014e-01 -2.8696114870e-01 -1.6201516489e+00 -2.8194912065e-01  7.6843747425e-01 -1.6846114545e+00 -2.4852012403e+00 -1.5856154403e+00 -3.1209868802e+00  4.0053376510e-01 -2.0042978662e+00  2.6746182741e+00  6.2855621056e-01  3.9077382521e-01  2.2783130934e+00  8.8507361064e-01  2.1031146006e+00  1.9033299544e+00 -6.8124045409e-01  1.3242163356e+00 -7.3128034708e-01 -2.9051284875e-01 -2.3472059346e+00 -5.5761134082e-02  7.7592179064e-01  1.5398244760e+00
ENERGY -5.466022123035e+03

JOB 20
COORDS  1.9988882207e+00  4.5980931398e-01  1.1816449933e+00 -1.4825185890e+00 -5.5069106974e-01 -1.6022225458e+00  2.0023843676e-01  3.8199340403e-01 -3.4650971134e-01  6.1759470521e-01  8.3174461590e-01  8.5904218352e-01 -9.8239750510e-01 -1.3524763951e-01 -2.9172668154e-01 -1.7095238011e+00 -2.2972405656e-01  7.4650733544e-01 -1.8657331711e+00 -2.4669898548e+00 -1.5788467962e+00 -3.0428527417e+00  5.1565663816e-01 -2.1071422530e+00  2.6580821794e+00  7.8457777705e-01  3.7381231125e-01  2.2837037453e+00  9.7969994701e-01  2.0988023781e+00  2.1113154790e+00 -6.2221022448e-01  1.3231480075e+00 -7.0400738624e-01 -3.7152784289e-01 -2.3338146735e+00 -5.9326066393e-02  5.9797336003e-01  1.5927816063e+00
ENERGY -5.466026454738e+03

JOB 21
COORDS  2.0308388274e+00  5.0940171555e-01  1.1834055440e+00 -1.4978712890e+00 -5.5363300235e-01 -1.6113449829e+00  2.1445169624e-01  2.5105180455e-01 -3.0932315867e-01  6.0937164235e-01  6.8099388723e-01  8.9874118526e-01 -1.0122152399e+00 -1.5452144311e-01 -2.9686122002e-01 -1.7698859651e+00 -1.7973161770e-01  7.2727175849e-01 -2.0353341409e+00 -2.4350345552e+00 -1.5792869638e+00 -2.9554277533e+00  6.2138823075e-01 -2.1873490621e+00  2.6137742003e+00  9.1946357218e-01  3.5624033229e-01  2.2668861499e+00  1.0686011074e+00  2.0911784534e+00  2.3010179721e+00 -5.4470436088e-01  1.3240999214e+00 -6.8625985349e-01 -4.4869053176e-01 -2.3210304845e+00 -5.5882740868e-02  4.4047956146e-01  1.6397348311e+00
ENERGY -5.466029166479e+03

JOB 22
COORDS  2.0501532074e+00  5.4874102057e-01  1.1842139675e+00 -1.5099572988e+00 -5.5305569093e-01 -1.6182813927e+00  2.3114106375e-01  1.1832622358e-01 -2.8034005108e-01  6.1968849520e-01  5.1549470088e-01  9.2961795483e-01 -1.0290059370e+00 -1.7132262622e-01 -3.0255822799e-01 -1.8036884856e+00 -1.3161321265e-01  7.1164446399e-01 -2.1819609935e+00 -2.3942391522e+00 -1.5855546644e+00 -2.8711939923e+00  7.1262056612e-01 -2.2415362690e+00  2.5521776154e+00  1.0278193661e+00  3.4134908153e-01  2.2249884661e+00  1.1448555095e+00  2.0823461530e+00  2.4717116007e+00 -4.5416451462e-01  1.3291623686e+00 -6.7892429499e-01 -5.1451346570e-01 -2.3119918856e+00 -5.1665940485e-02  3.2611564375e-01  1.6774046553e+00
ENERGY -5.466029833955e+03

JOB 23
COORDS  2.0650296660e+00  5.7862567866e-01  1.1750859678e+00 -1.5157335896e+00 -6.4564362153e-01 -1.5878346471e+00  2.5500066758e-01 -4.3297851864e-02 -2.5626437093e-01  6.5046662548e-01  3.7530390226e-01  9.3405038498e-01 -1.0325978731e+00 -1.7430181860e-01 -3.0783270274e-01 -1.8255878427e+00  9.1739223619e-02  6.6101619605e-01 -2.4300381330e+00 -2.3698076250e+00 -1.3801464759e+00 -2.6788351890e+00  6.9858973290e-01 -2.4203096306e+00  2.3991807163e+00  1.5718437720e+00  8.5045603523e-01  2.2531033662e+00  4.7395252772e-01  2.2458956130e+00  2.6382171661e+00 -1.8231809565e-01  6.4137506318e-01 -6.6617065872e-01 -7.9850677049e-01 -2.2421674792e+00 -8.8571415704e-02  5.9888531413e-01  1.6021522003e+00
ENERGY -5.466029033756e+03

