JOB 0
COORDS  3.5575733862e+00  9.9812083086e-01 -1.8106584014e+00  3.1932621956e+00  1.4888890567e+00 -5.5255222471e-01  3.4697582818e+00 -3.7460287778e-01 -2.0600026400e+00 -9.0871637482e-02 -4.2143520591e+00 -4.6222842759e-01  3.5676975615e-01 -5.3890472839e+00  1.4908732491e-01  2.7394987098e+00  6.1621776691e-01  4.4000324982e-01  3.0103272197e+00 -1.2440903187e+00 -1.0659415725e+00  5.1981955037e-01 -3.0079316845e+00 -1.2568149719e-01  1.4010177480e+00 -5.2914534186e+00  1.0712264258e+00  2.6281461547e+00 -7.6010084172e-01  1.9381161977e-01  1.5605813169e+00 -3.0046270058e+00  8.1735697342e-01  1.2784272743e+00 -1.8082050045e+00  3.5726357749e+00  8.1463162858e-02 -5.7396884443e-01  1.8939242494e+00  2.2089946376e+00 -1.7133449478e+00  1.3113329125e+00  1.9918735795e+00 -4.1350169187e+00  1.4050553065e+00  1.3961587559e+00 -1.0310761881e+00  2.3400395365e+00  3.9104630979e+00  1.6755017294e+00 -2.5842550757e+00  3.2661709069e+00  2.5531685146e+00 -3.4162664471e-01  3.7602760611e+00 -7.7193360920e-01 -3.0294933664e+00 -8.9723511348e-01 -4.2393594723e+00 -1.1911418293e+00 -8.4366537108e-02 -6.3542761776e+00 -8.2934132583e-02  2.4686527309e+00  9.9281767161e-01  1.4213760775e+00  2.9552426769e+00 -2.3081508500e+00 -1.2767662016e+00  2.1307800085e-01 -2.0805273664e+00 -5.9814845233e-01  1.7848997416e+00 -6.1829027439e+00  1.5657122665e+00  2.2706373346e+00 -2.1171058589e+00  3.9130557809e+00  6.6081958228e-01 -2.7153867085e+00  3.4649803218e+00  8.2766372792e-01 -1.1776985089e+00  4.3466666380e+00  1.6897458082e-01 -1.3458762561e-02  9.6020306781e-01 -3.3257837502e-01  9.8877951981e-02  2.6527537192e+00 -6.4124331581e-01 -1.3939791005e+00  1.7411707318e+00  3.1220835786e+00 -2.0313591031e+00  1.8259068636e+00
ENERGY -6.527305168911e+02

JOB 1
COORDS  3.5847061955e+00  9.8309479315e-01 -1.8099357065e+00  3.0427575645e+00  1.4846563749e+00 -6.2316589614e-01  3.6626856325e+00 -4.0169671680e-01 -1.9955880503e+00 -8.1306532801e-02 -4.1654806376e+00 -6.1713809504e-01  2.2501453024e-01 -5.3368158054e+00  8.1372606535e-02  2.5789276428e+00  6.1182454467e-01  3.6688546837e-01  3.1925180926e+00 -1.2704352448e+00 -1.0079019451e+00  5.7184713722e-01 -2.9852960401e+00 -2.6699144088e-01  1.1758394199e+00 -5.2621936597e+00  1.1018072429e+00  2.6394676450e+00 -7.7501552858e-01  1.8355159719e-01  1.5139316565e+00 -3.0051618593e+00  7.7316559369e-01  1.5547619006e+00 -1.6711625812e+00  3.6526667514e+00  2.5250352967e-02 -7.8055151084e-01  1.9956393259e+00  2.1972001074e+00 -1.7389196490e+00  1.2832006788e+00  1.8091977785e+00 -4.1319876921e+00  1.4467236195e+00  1.4153934347e+00 -1.0627576642e+00  2.3333709465e+00  3.9459879758e+00  1.6610103520e+00 -2.5792097172e+00  2.9836163571e+00  2.5587811602e+00 -4.6402592194e-01  4.0899598655e+00 -8.0574389795e-01 -2.9101532133e+00 -8.1309618393e-01 -4.1728683171e+00 -1.4212545005e+00 -2.5356584910e-01 -6.2825004615e+00 -1.5684799267e-01  2.1744921045e+00  9.9625914242e-01  1.2976238731e+00  3.2595201268e+00 -2.3438997573e+00 -1.1658511311e+00  3.6944719817e-01 -2.0594642876e+00 -7.9621809280e-01  1.4471068462e+00 -6.1522594523e+00  1.6681901374e+00  2.6148804398e+00 -1.7614285294e+00  3.9066539648e+00  1.1000289278e+00 -2.6728776805e+00  3.7294958914e+00  1.0798213414e+00 -1.0196344525e+00  4.3944247347e+00 -3.1556866274e-02 -2.9159700711e-01  1.0190959310e+00 -3.8731994769e-01 -9.0588146589e-02  2.7396923156e+00 -6.1786479236e-01 -1.6770749659e+00  1.9689221762e+00  3.1080103408e+00 -2.0898537456e+00  1.7788163701e+00
ENERGY -6.527302790848e+02

JOB 2
COORDS  3.5596127774e+00  9.7473260594e-01 -1.7857305938e+00  2.8235610573e+00  1.4613986908e+00 -7.0247171268e-01  3.8367384431e+00 -3.9564184405e-01 -1.8672795768e+00 -7.2026597223e-02 -4.0916348256e+00 -7.6654166428e-01  4.8350039425e-02 -5.2432165017e+00  1.5350960498e-02  2.3648370208e+00  5.8781366542e-01  2.9114860232e-01  3.3713060533e+00 -1.2642521136e+00 -8.7858414068e-01  6.3180298823e-01 -2.9475008357e+00 -3.9205797206e-01  8.7310989135e-01 -5.1873531471e+00  1.1421586017e+00  2.6275639305e+00 -7.8329405668e-01  2.1141425649e-01  1.4363643392e+00 -2.9859736683e+00  7.5562124824e-01  1.7991435776e+00 -1.4990340322e+00  3.7155459493e+00 -2.8195979581e-02 -1.0082031934e+00  2.1846340273e+00  2.1645010006e+00 -1.7563703947e+00  1.2938797739e+00  1.5533039561e+00 -4.0936949454e+00  1.5109674331e+00  1.4139567124e+00 -1.0883334438e+00  2.3706419817e+00  3.9183129753e+00  1.6531068934e+00 -2.5558201032e+00  2.6083646410e+00  2.5246139665e+00 -6.2577066470e-01  4.4154239423e+00 -7.8589464848e-01 -2.7010130304e+00 -7.0171655469e-01 -4.0852632827e+00 -1.6529069271e+00 -4.7631691783e-01 -6.1601935257e+00 -2.3756541226e-01  1.8134790685e+00  9.6201991330e-01  1.1475607278e+00  3.5873201028e+00 -2.3279381751e+00 -9.5377732477e-01  5.6860285819e-01 -2.0366032955e+00 -9.7888561209e-01  9.9757332461e-01 -6.0636574092e+00  1.7772824981e+00  2.8824444200e+00 -1.4007235246e+00  3.8338345515e+00  1.5168958530e+00 -2.5374468620e+00  3.9577073138e+00  1.3203688899e+00 -8.3288401175e-01  4.4420713742e+00 -2.5671898622e-01 -6.3042089784e-01  1.1837982674e+00 -4.4172441380e-01 -2.9989039998e-01  2.9108984983e+00 -5.4994098485e-01 -1.9726909138e+00  2.3122691534e+00  3.0696561709e+00 -2.1536549179e+00  1.7627872063e+00
ENERGY -6.527284194395e+02

JOB 3
COORDS  3.5876238846e+00  9.2729424931e-01 -1.7787153740e+00  2.6908286029e+00  1.3874536459e+00 -8.1091407039e-01  4.0149201607e+00 -4.0622571296e-01 -1.7414528537e+00 -7.4460435626e-02 -4.0035335064e+00 -9.2423586716e-01 -8.1118342793e-02 -5.1514108825e+00 -1.2863678368e-01  2.2214578722e+00  5.2337330079e-01  1.8633905356e-01  3.5397907066e+00 -1.2657647704e+00 -7.4944085100e-01  6.5892278791e-01 -2.8947949336e+00 -5.0034074324e-01  6.5191140448e-01 -5.1294490174e+00  1.0616922645e+00  2.6362671871e+00 -8.1088342864e-01  2.2408918324e-01  1.3622809769e+00 -2.9663778127e+00  7.0952917888e-01  1.9915386600e+00 -1.2885768411e+00  3.6927856349e+00 -5.0570318144e-02 -1.2211204451e+00  2.3699060377e+00  2.1323799251e+00 -1.7822945351e+00  1.2886494603e+00  1.3577587255e+00 -4.0708018554e+00  1.4783476275e+00  1.4004650488e+00 -1.1036020584e+00  2.3745210366e+00  3.9554669631e+00  1.5988252614e+00 -2.5505078119e+00  2.3585044417e+00  2.4227989878e+00 -8.2748145941e-01  4.7186790235e+00 -7.7344554150e-01 -2.4845194708e+00 -6.2900343704e-01 -3.9720923094e+00 -1.8589388117e+00 -6.3326325939e-01 -6.0410514762e+00 -4.1804849295e-01  1.5440339376e+00  8.7750357547e-01  9.5686482415e-01  3.8701198017e+00 -2.3028035756e+00 -7.3123280710e-01  6.9332936155e-01 -1.9873545293e+00 -1.0945559931e+00  6.7605823252e-01 -6.0049137165e+00  1.7096535831e+00  3.0551131319e+00 -1.0327772736e+00  3.6593927894e+00  1.8910775843e+00 -2.3182688557e+00  4.0782625988e+00  1.5091692286e+00 -6.0820719285e-01  4.4035380651e+00 -4.4584191470e-01 -9.8128578578e-01  1.3788084530e+00 -4.6503682476e-01 -4.9375913529e-01  3.0767047403e+00 -4.2057941318e-01 -2.2220840314e+00  2.6520097470e+00  3.0169442250e+00 -2.2377458100e+00  1.7446402672e+00
ENERGY -6.527263361902e+02

JOB 4
COORDS  3.6518574963e+00  8.7280799366e-01 -1.7824227607e+00  2.6494453594e+00  1.3188024745e+00 -9.1654887125e-01  4.1601296367e+00 -4.2442174311e-01 -1.6373384608e+00 -1.2845949086e-01 -3.8472928102e+00 -1.0462593223e+00 -1.5268808565e-01 -5.0374078098e+00 -3.1547046741e-01  2.1536029285e+00  4.7683442593e-01  8.6492070397e-02  3.6611978860e+00 -1.2624060790e+00 -6.3840397189e-01  6.1494267157e-01 -2.7734064421e+00 -5.5581761475e-01  5.7514793823e-01 -5.0916695438e+00  8.7688138283e-01  2.6506794478e+00 -8.2181261515e-01  2.3012821995e-01  1.3066492887e+00 -2.9196297764e+00  6.5445742769e-01  2.1220652360e+00 -9.7533323829e-01  3.5793278976e+00 -2.4671061282e-02 -1.4759316927e+00  2.5951543888e+00  2.1024328118e+00 -1.7807819986e+00  1.2838047790e+00  1.2893664622e+00 -4.0662624657e+00  1.3578300962e+00  1.3527703973e+00 -1.0605574705e+00  2.3422494963e+00  4.0387989529e+00  1.5284176930e+00 -2.5585793843e+00  2.2541528892e+00  2.3268224535e+00 -1.0181189063e+00  4.9451368976e+00 -7.7919107117e-01 -2.3007867407e+00 -6.7561639699e-01 -3.7573660701e+00 -1.9814982386e+00 -7.1234304954e-01 -5.9033375564e+00 -6.5764597221e-01  1.3875301349e+00  8.1604563779e-01  7.7671062469e-01  4.0545501170e+00 -2.2721369187e+00 -5.3404964899e-01  6.6561833892e-01 -1.8351584375e+00 -1.0984819464e+00  5.8834228786e-01 -6.0035273993e+00  1.4727637569e+00  3.1114245667e+00 -5.5602302623e-01  3.3704502733e+00  2.2538491483e+00 -1.9541775172e+00  4.0743560237e+00  1.6164005027e+00 -3.0181263260e-01  4.2796086532e+00 -6.0345262640e-01 -1.4658755292e+00  1.6685852330e+00 -4.8076461350e-01 -7.5050553685e-01  3.2774429418e+00 -1.1450710219e-01 -2.4783023577e+00  3.0459912249e+00  2.9560494731e+00 -2.2841444614e+00  1.7528440160e+00
ENERGY -6.527256292590e+02

JOB 5
COORDS  3.7263614840e+00  7.3648477893e-01 -1.7378402486e+00  2.6448067625e+00  1.1894684275e+00 -9.7676441959e-01  4.2619158149e+00 -5.3306979774e-01 -1.4874766263e+00 -3.3248937738e-01 -3.7019113945e+00 -1.0471350175e+00 -2.2748400298e-01 -4.9793304409e+00 -4.8912233044e-01  2.0976144810e+00  3.7949798335e-01  2.5116076751e-02  3.7135270292e+00 -1.3380619370e+00 -4.8694836110e-01  4.0475931189e-01 -2.6615953438e+00 -4.8424848195e-01  6.1774775045e-01 -5.1486885551e+00  6.0995846465e-01  2.6230763459e+00 -8.9279023708e-01  2.7464720083e-01  1.2153329388e+00 -2.9256380021e+00  6.2939101947e-01  2.0564518454e+00 -6.4907356288e-01  3.4172725227e+00  2.2729108791e-02 -1.7571354792e+00  2.8229993396e+00  2.0153086711e+00 -1.8249228918e+00  1.3198283761e+00  1.3243845396e+00 -4.1532301750e+00  1.1642369889e+00  1.2036418140e+00 -1.0618343644e+00  2.3014595152e+00  4.1525361487e+00  1.3664005654e+00 -2.5146812011e+00  2.2273786879e+00  2.1768222954e+00 -1.1601195655e+00  5.1070930895e+00 -8.9206491774e-01 -2.0697089587e+00 -9.7239732218e-01 -3.5221126874e+00 -1.9075033998e+00 -7.7665991782e-01 -5.8239330726e+00 -8.9562097088e-01  1.2640258476e+00  7.2198373921e-01  6.3030232359e-01  4.1298438912e+00 -2.3259564124e+00 -2.9843728692e-01  3.6368603874e-01 -1.6586526393e+00 -8.9643696995e-01  7.3617074521e-01 -6.1297655733e+00  1.0681916934e+00  2.9268331372e+00 -1.0541787863e-01  3.0366695065e+00  2.4160252730e+00 -1.5057021431e+00  4.0155964457e+00  1.5010081841e+00  2.4698745007e-02  4.0776208261e+00 -6.7206062409e-01 -1.9983564496e+00  2.0164294893e+00 -4.9148380915e-01 -1.0803588426e+00  3.5128678670e+00  2.6022429383e-01 -2.6884266686e+00  3.3641874961e+00  2.8263427859e+00 -2.3564539222e+00  1.8374508772e+00
ENERGY -6.527277064387e+02

JOB 6
COORDS  3.8618044219e+00  5.9089439934e-01 -1.7081137171e+00  2.6928759881e+00  1.0380721215e+00 -1.0836078532e+00  4.4230203887e+00 -6.3311102837e-01 -1.3266886387e+00 -5.6327025575e-01 -3.5597943701e+00 -9.7574578570e-01 -2.3399376132e-01 -4.8956516645e+00 -7.1888210768e-01  2.0853218545e+00  2.6611243053e-01 -8.8637904719e-02  3.8146722398e+00 -1.4004035798e+00 -3.3002546404e-01  1.4770275354e-01 -2.5577999021e+00 -3.2138425105e-01  7.9444917597e-01 -5.1562728142e+00  1.8727049571e-01  2.6398714256e+00 -9.6135100552e-01  2.9530196719e-01  1.1578569200e+00 -2.9196390676e+00  5.8298877901e-01  1.9815052251e+00 -3.6294921765e-01  3.2052902461e+00  1.8073285608e-01 -1.9124386120e+00  3.0089118142e+00  1.9656423947e+00 -1.8602695689e+00  1.3280520432e+00  1.4784260088e+00 -4.1973820922e+00  8.3233279104e-01  1.1230739276e+00 -1.0771569119e+00  2.2548494028e+00  4.3342933859e+00  1.1919919948e+00 -2.4809015527e+00  2.2550439834e+00  1.9916515939e+00 -1.3693526403e+00  5.3340776388e+00 -9.8710991640e-01 -1.8029136353e+00 -1.3550608940e+00 -3.3080653751e+00 -1.6770263742e+00 -7.5547723247e-01 -5.7130307956e+00 -1.2088817974e+00  1.1841052501e+00  6.1090033912e-01  4.0990201223e-01  4.2495847015e+00 -2.3541548327e+00 -3.8371722590e-02 -6.5552339451e-02 -1.5087129708e+00 -4.9847218660e-01  1.0857900335e+00 -6.1814406093e+00  4.1174264029e-01  2.6937666040e+00  2.6941556085e-01  2.6692641240e+00  2.5523137745e+00 -1.0518133612e+00  3.8545589776e+00  1.3668430435e+00  2.8057308677e-01  3.8421771902e+00 -5.3988909905e-01 -2.3861363262e+00  2.3403847107e+00 -3.7400594010e-01 -1.2726517677e+00  3.7018041501e+00  6.7973011942e-01 -2.7046165931e+00  3.5948927871e+00  2.7395546926e+00 -2.4182972040e+00  1.8790056669e+00
ENERGY -6.527307933209e+02

JOB 7
COORDS  4.0020610798e+00  4.3844802675e-01 -1.5541380520e+00  2.7106283987e+00  8.0626824309e-01 -1.1576501565e+00  4.6139816370e+00 -6.7077571910e-01 -9.6294429867e-01 -8.1294061476e-01 -3.5402502689e+00 -6.8436754577e-01 -2.4451420471e-01 -4.8116061524e+00 -8.2125815466e-01  2.0365385463e+00  6.9177596842e-02 -1.8211900782e-01  3.9387632915e+00 -1.4043695059e+00  1.8173132647e-02 -1.3591631494e-01 -2.5811209348e+00  6.4285186631e-02  9.7641577540e-01 -5.0580466200e+00 -1.9131741644e-01  2.6479899102e+00 -1.0409479045e+00  4.1834956249e-01  1.0862611214e+00 -2.9257054534e+00  6.6023265750e-01  1.8702883839e+00 -1.2976734758e-01  3.0925439129e+00  3.3067128256e-01 -1.9451351547e+00  3.2807791173e+00  1.9051009872e+00 -1.8990456807e+00  1.4376309253e+00  1.6330397149e+00 -4.1432547083e+00  5.3864652297e-01  1.0640364189e+00 -1.0944746329e+00  2.3390575199e+00  4.5259014994e+00  1.0126352691e+00 -2.3141700614e+00  2.2294081568e+00  1.6702606707e+00 -1.6097289335e+00  5.6168481758e+00 -9.6443842380e-01 -1.2629918852e+00 -1.7645794088e+00 -3.3039737136e+00 -1.1543072225e+00 -7.3283232050e-01 -5.5924462264e+00 -1.3973636341e+00  1.0396561111e+00  3.6080068674e-01  1.3626966311e-01  4.4130294948e+00 -2.2718066656e+00  4.7081263329e-01 -5.3715659736e-01 -1.5829378479e+00  2.0700392039e-01  1.4509675024e+00 -6.0352372405e+00 -2.7020907542e-01  2.3932499271e+00  5.4756996901e-01  2.4159734170e+00  2.6230867564e+00 -6.2196472788e-01  3.7361631756e+00  1.2123711729e+00  4.6601343947e-01  3.7324016331e+00 -3.3206978446e-01 -2.6302354040e+00  2.7489407316e+00 -2.8411860051e-01 -1.3142292786e+00  3.9296037564e+00  1.0028964087e+00 -2.5460459957e+00  3.9207944042e+00  2.6520257054e+00 -2.4774819941e+00  2.0072832954e+00
ENERGY -6.527320841759e+02

JOB 8
COORDS  4.1265757069e+00  4.2545316588e-01 -1.4084325232e+00  2.7372163518e+00  5.7635745414e-01 -1.3130182920e+00  4.7765226277e+00 -5.0191507172e-01 -5.9020974896e-01 -1.0597540404e+00 -3.5193109502e+00 -5.1603063473e-01 -4.5001732338e-01 -4.7138507439e+00 -9.1052994973e-01  2.0079439112e+00 -1.9554063193e-01 -4.0787384565e-01  4.0416793949e+00 -1.2692653384e+00  3.2091089258e-01 -3.3292030549e-01 -2.6180996014e+00  2.6054812936e-01  8.6298866355e-01 -4.9507064758e+00 -4.9570633014e-01  2.6553838955e+00 -1.1206797208e+00  4.2523268314e-01  9.8302705566e-01 -2.9426831121e+00  6.1818779781e-01  1.8120267518e+00 -4.8921141282e-02  2.9233839980e+00  5.3415280541e-01 -2.0194072090e+00  3.4189948733e+00  1.8643023724e+00 -1.9769782506e+00  1.4053027596e+00  1.5692282741e+00 -4.0929503945e+00  2.5352171764e-01  1.0713261223e+00 -1.1744901993e+00  2.3527546824e+00  4.6945425438e+00  1.0242788277e+00 -2.1159075691e+00  2.2238929013e+00  1.2944309545e+00 -1.9479347072e+00  5.8539987708e+00 -6.2926197104e-01 -6.5892843229e-01 -2.0833774898e+00 -3.2962948341e+00 -8.0749015465e-01 -9.7513435093e-01 -5.4469341296e+00 -1.5163107492e+00  9.3086968502e-01 -7.3883446795e-02 -3.3534037293e-01  4.5501925713e+00 -1.9921465533e+00  9.5395609222e-01 -7.6208190416e-01 -1.6841720683e+00  6.0878817402e-01  1.3710561064e+00 -5.8733668967e+00 -7.7356916384e-01  2.1286701481e+00  6.4297363978e-01  2.1426965889e+00  2.7096673740e+00 -3.6591522733e-01  3.4869125891e+00  1.1548437459e+00  4.9080205551e-01  3.6121791672e+00 -6.1354864563e-02 -2.8333894584e+00  2.9986336668e+00 -1.1595719739e-01 -1.4225414910e+00  4.0659480142e+00  1.3289977243e+00 -2.4664187870e+00  4.0451712579e+00  2.5941458734e+00 -2.6050145297e+00  1.9446202290e+00
ENERGY -6.527314614472e+02

JOB 9
COORDS  4.2272780643e+00  4.5321111424e-01 -1.3009626404e+00  2.8335527462e+00  4.1120945345e-01 -1.4281888401e+00  4.8541508158e+00 -3.2345955867e-01 -3.2260869234e-01 -1.1774829082e+00 -3.5031935674e+00 -4.1014233295e-01 -5.8493009023e-01 -4.6497821512e+00 -9.4513342232e-01  2.0768714653e+00 -4.0023775080e-01 -5.8096738783e-01  4.0902562603e+00 -1.1310324506e+00  5.2665748190e-01 -3.9846892840e-01 -2.6427975761e+00  3.6450133206e-01  7.6573698616e-01 -4.8822513609e+00 -6.6778972325e-01  2.6967662292e+00 -1.1724027588e+00  4.1281813295e-01  9.4985502473e-01 -2.9580720249e+00  5.7534834855e-01  1.7265072489e+00  1.4632721262e-02  2.7652606889e+00  7.8627831816e-01 -2.0814216980e+00  3.5119821587e+00  1.8774287573e+00 -2.0362782907e+00  1.3603727314e+00  1.5223918523e+00 -4.0646044636e+00  7.4828764179e-02  1.1251279585e+00 -1.2529351368e+00  2.3602271085e+00  4.8182941202e+00  1.0808321275e+00 -1.9631403788e+00  2.3388561317e+00  1.0068962346e+00 -2.1914782144e+00  5.9364057156e+00 -3.0391708826e-01 -2.2149900118e-01 -2.2272210901e+00 -3.2847659570e+00 -5.9173501958e-01 -1.1493449314e+00 -5.3507168757e+00 -1.5537406012e+00  9.9621176578e-01 -4.3354674440e-01 -6.8892658158e-01  4.5822895085e+00 -1.7356477364e+00  1.2847424013e+00 -8.0595262536e-01 -1.7455648705e+00  8.1887005297e-01  1.2623577381e+00 -5.7701192622e+00 -1.0574994625e+00  1.8601753686e+00  6.7221062039e-01  1.9062229237e+00  2.7068489358e+00 -1.0048686478e-01  3.2641518562e+00  1.0485725401e+00  5.0824464315e-01  3.4690751023e+00  2.7251627064e-01 -2.9895701807e+00  3.1836777977e+00  1.1179172494e-01 -1.5331723215e+00  4.1773242984e+00  1.6762912751e+00 -2.3851068153e+00  4.0952569716e+00  2.5983571487e+00 -2.7004632151e+00  1.8659692421e+00
ENERGY -6.527295097248e+02

JOB 10
COORDS  4.2302704688e+00  4.1997237769e-01 -1.2027184972e+00  2.8673668313e+00  2.7352357576e-01 -1.4839864175e+00  4.7873473753e+00 -2.6549686677e-01 -1.1862899780e-01 -1.4205499620e+00 -3.3969827360e+00 -3.5638234343e-01 -8.7487275906e-01 -4.5034228073e+00 -1.0112249664e+00  2.0691010971e+00 -5.4780439415e-01 -6.8424511596e-01  3.9836793270e+00 -1.0849735671e+00  6.7924579942e-01 -5.8518200903e-01 -2.6004131745e+00  4.2913523265e-01  4.8889155545e-01 -4.7637130923e+00 -8.4024995911e-01  2.6168715261e+00 -1.2287835182e+00  4.1215046200e-01  7.7007505521e-01 -2.9367189096e+00  5.2680017771e-01  1.5136783331e+00  3.8861274374e-02  2.6502798062e+00  9.0604909161e-01 -2.1127202901e+00  3.5930727836e+00  1.7545718473e+00 -2.0876346253e+00  1.3252637545e+00  1.2988386486e+00 -4.0062534231e+00 -9.1028162293e-02  1.0615293231e+00 -1.3208923325e+00  2.3818232593e+00  4.8531756930e+00  1.0552171054e+00 -1.8273331460e+00  2.4278090667e+00  7.9553573409e-01 -2.3303922116e+00  5.8472296711e+00 -1.6690007222e-01  1.0235919096e-01 -2.4774078621e+00 -3.1599220479e+00 -4.5415054202e-01 -1.4842141203e+00 -5.1543152080e+00 -1.6319821007e+00  1.0133342058e+00 -6.6263758776e-01 -9.1461130680e-01  4.4227313342e+00 -1.6196047723e+00  1.5184975054e+00 -9.5162360578e-01 -1.7368367762e+00  9.7401790347e-01  9.5016826501e-01 -5.6234394577e+00 -1.3251226716e+00  1.5042136256e+00  6.3632318172e-01  1.7381394917e+00  2.5288338570e+00  9.8647655564e-02  3.0840895805e+00  8.1829342379e-01  4.9697235580e-01  3.3617573079e+00  4.5638484922e-01 -3.0806620017e+00  3.3498644911e+00  2.3811289715e-01 -1.5982409075e+00  4.2917278698e+00  1.8658634091e+00 -2.3023579821e+00  4.1108287128e+00  2.4475416654e+00 -2.8056790812e+00  1.7908230188e+00
ENERGY -6.527270852644e+02

JOB 11
COORDS  4.3004532120e+00  4.1223056903e-01 -1.1211526170e+00  2.9853898092e+00  1.5677108736e-01 -1.5231963958e+00  4.7939967618e+00 -1.8785728474e-01  4.2227052947e-02 -1.4405560630e+00 -3.4203244421e+00 -3.6912622882e-01 -8.9848538824e-01 -4.4658559863e+00 -1.1196074408e+00  2.1692964699e+00 -6.8745732854e-01 -7.6519552352e-01  3.9738814683e+00 -1.0312893941e+00  7.9582140567e-01 -5.9180307326e-01 -2.6613639536e+00  4.3993460240e-01  4.7646695440e-01 -4.7041776787e+00 -1.0175523134e+00  2.6518105286e+00 -1.2850746885e+00  4.0677780167e-01  7.7263622306e-01 -2.9698742409e+00  4.6211657480e-01  1.3282538891e+00  8.1577846775e-03  2.5032182582e+00  1.1811759578e+00 -2.1262299076e+00  3.6501288916e+00  1.7694281206e+00 -2.1602145895e+00  1.2866072581e+00  1.2996327421e+00 -3.9805881182e+00 -2.5010444699e-01  1.0940443012e+00 -1.4245650127e+00  2.3789525171e+00  4.9369892529e+00  1.0654316622e+00 -1.7125968662e+00  2.5961696941e+00  6.1159857811e-01 -2.4308116476e+00  5.8179021842e+00 -4.2862165940e-03  3.5830350600e-01 -2.5049886838e+00 -3.2013021717e+00 -4.1085904017e-01 -1.5176908931e+00 -5.0865552531e+00 -1.7612291964e+00  1.1515251494e+00 -8.8569026644e-01 -1.0902614239e+00  4.3641636322e+00 -1.4997315836e+00  1.6968245166e+00 -9.5580886448e-01 -1.8485909594e+00  1.0590361627e+00  9.3634966496e-01 -5.5178465417e+00 -1.5774631977e+00  1.1636988795e+00  5.0907366981e-01  1.5479661755e+00  2.3434527132e+00  2.7245322985e-01  2.8502024186e+00  6.0986172785e-01  4.1366121119e-01  3.2242564485e+00  8.6150527287e-01 -3.1656468167e+00  3.5243010677e+00  5.1205370351e-01 -1.6576242649e+00  4.3797350515e+00  2.2023061226e+00 -2.1300216752e+00  4.0777976430e+00  2.4474270893e+00 -2.9014988258e+00  1.7301944602e+00
ENERGY -6.527252462567e+02

JOB 12
COORDS  4.3139961952e+00  3.2651494520e-01 -1.0126634214e+00  3.0008595154e+00  1.0120936689e-01 -1.4384004921e+00  4.7734324202e+00 -2.8772218868e-01  1.5707553009e-01 -1.6062627788e+00 -3.2912042276e+00 -2.7067760499e-01 -1.1068771844e+00 -4.2949617657e+00 -1.1032709357e+00  2.1530767106e+00 -7.2705794100e-01 -6.9810469215e-01  3.9207420004e+00 -1.1158534328e+00  8.9173962749e-01 -7.1847413924e-01 -2.5996639886e+00  5.5685533404e-01  2.6611418221e-01 -4.5606057034e+00 -1.0624589183e+00  2.5999981509e+00 -1.3413003052e+00  4.7907115845e-01  6.4100181821e-01 -2.9271486765e+00  5.1201073901e-01  1.0902146694e+00  1.1475597630e-02  2.4012836903e+00  1.4707157682e+00 -1.9352210627e+00  3.7750821765e+00  1.6814602795e+00 -2.1906039868e+00  1.3510810419e+00  1.1264895944e+00 -3.8972745907e+00 -2.8162490038e-01  1.0451162842e+00 -1.4467025431e+00  2.4680583174e+00  4.9748877018e+00  9.6753318012e-01 -1.5905492257e+00  2.6376651920e+00  5.6721237671e-01 -2.3511530409e+00  5.7951349803e+00 -1.2747173142e-01  4.9254963693e-01 -2.6675168076e+00 -3.0537393887e+00 -2.6235825023e-01 -1.7573525239e+00 -4.8637989109e+00 -1.7617736922e+00  1.1376356356e+00 -9.0090224498e-01 -1.0438269577e+00  4.2858892649e+00 -1.5963791543e+00  1.7969208999e+00 -1.0530403846e+00 -1.8292738482e+00  1.2425832688e+00  6.9341649487e-01 -5.3452238959e+00 -1.6860530401e+00  7.0837454975e-01  3.6245041650e-01  1.4399074317e+00  2.0996548253e+00  4.3582166108e-01  2.5363289258e+00  4.4149254441e-01  4.1372165167e-01  3.1869056872e+00  1.3201584086e+00 -3.0173381815e+00  3.8362885613e+00  8.5980943455e-01 -1.4692967543e+00  4.5556829744e+00  2.5314398132e+00 -1.7179274985e+00  4.0026898912e+00  2.3124326677e+00 -2.9724980606e+00  1.7846502449e+00
ENERGY -6.527250512361e+02

JOB 13
COORDS  4.3878025688e+00  2.8055718888e-01 -8.8372998811e-01  3.0666297477e+00  1.2909831166e-01 -1.3194225506e+00  4.8218503453e+00 -4.1358044563e-01  2.4948913953e-01 -1.6519576519e+00 -3.3876073833e+00 -2.1943915508e-01 -1.1361205174e+00 -4.2453831908e+00 -1.1924538783e+00  2.1878479452e+00 -7.0361457405e-01 -6.2359131608e-01  3.9369365204e+00 -1.2466459281e+00  9.4100884188e-01 -7.6726423800e-01 -2.7255582874e+00  6.3583984348e-01  2.5276299264e-01 -4.4020930697e+00 -1.2571575706e+00  2.6086469622e+00 -1.3971309969e+00  5.1944017998e-01  6.0720439775e-01 -2.9326935075e+00  4.7730353103e-01  8.0293510030e-01 -7.0112080607e-02  2.2367752344e+00  1.6843396100e+00 -1.7146833935e+00  3.7452135504e+00  1.6481681997e+00 -2.2389882850e+00  1.3547136771e+00  1.1091679965e+00 -3.7641493022e+00 -4.5220877415e-01  1.0044583282e+00 -1.5002207426e+00  2.4693453571e+00  5.0733624851e+00  9.2560639099e-01 -1.4274226693e+00  2.7226712056e+00  6.5636349501e-01 -2.2059450909e+00  5.8493843509e+00 -3.1316350417e-01  5.9041739033e-01 -2.7249877687e+00 -3.2391683982e+00 -1.2356649510e-01 -1.7836653105e+00 -4.7844710372e+00 -1.8783190836e+00  1.1677563949e+00 -8.2136329451e-01 -9.7951939411e-01  4.2862303429e+00 -1.7933299352e+00  1.8141088655e+00 -1.1178955624e+00 -2.0728628273e+00  1.4268877025e+00  6.9693646226e-01 -5.0734885242e+00 -1.9913793100e+00  2.7287116651e-01  9.2263836686e-02  1.2946690774e+00  1.7402184888e+00  5.0858083689e-01  2.2000930316e+00  1.8052063672e-01  3.2960102369e-01  3.0445307525e+00  1.7625106452e+00 -2.7863623070e+00  3.9518535381e+00  1.0939761396e+00 -1.2614417220e+00  4.5487620183e+00  2.6975802576e+00 -1.2747939948e+00  3.7851871571e+00  2.2351026373e+00 -3.0451904829e+00  1.8033059692e+00
ENERGY -6.527267289679e+02

JOB 14
COORDS  4.5549450487e+00  1.5948671261e-01 -7.9159371974e-01  3.2150534419e+00  1.4731357740e-01 -1.1971408629e+00  4.9530731992e+00 -6.3611354992e-01  2.8588691981e-01 -1.6800706792e+00 -3.5348446653e+00  5.6973569457e-03 -1.2056083147e+00 -4.1981364613e+00 -1.1273767049e+00  2.2842391804e+00 -6.4788647572e-01 -5.2719009952e-01  4.0144954286e+00 -1.4303904713e+00  9.5319280866e-01 -7.6833193119e-01 -2.8823477146e+00  8.3871470383e-01  1.7219575615e-01 -4.1798861471e+00 -1.3674349206e+00  2.6695332081e+00 -1.4435209294e+00  5.6145857504e-01  5.9032779515e-01 -2.9027018367e+00  5.0131973720e-01  6.1291960796e-01 -1.2913671460e-01  2.1378093128e+00  1.8882517725e+00 -1.4536460665e+00  3.6803575752e+00  1.6570857088e+00 -2.2424826429e+00  1.3762633224e+00  1.0523968615e+00 -3.5492749528e+00 -5.8224313079e-01  1.0439344532e+00 -1.4827571735e+00  2.4881325790e+00  5.2807767756e+00  7.7565220932e-01 -1.3162711867e+00  2.8975707997e+00  7.5429956770e-01 -2.0415542260e+00  5.9931097279e+00 -6.4526640440e-01  6.0272924461e-01 -2.7417633445e+00 -3.5283754536e+00  2.4089459617e-01 -1.8758058624e+00 -4.7201137405e+00 -1.8046555174e+00  1.2512876064e+00 -6.6027643791e-01 -8.6416545672e-01  4.3364223901e+00 -2.0584822217e+00  1.7811058397e+00 -1.0835476796e+00 -2.3760879403e+00  1.7437184808e+00  5.8779673180e-01 -4.6968523175e+00 -2.2318302067e+00 -2.4040314465e-02 -1.5183450899e-01  1.2494546178e+00  1.4483153026e+00  5.6101726186e-01  1.9392519029e+00  1.9993703394e-02  2.7486836166e-01  2.9653604048e+00  2.1486806722e+00 -2.4744736076e+00  3.9774856786e+00  1.3293414185e+00 -9.9595274102e-01  4.5034988431e+00  2.8217336142e+00 -8.7933196106e-01  3.5458844879e+00  2.2001692703e+00 -3.0712741720e+00  1.8430275973e+00
ENERGY -6.527286425393e+02

JOB 15
COORDS  4.7110387444e+00  6.6082573132e-02 -6.8709940743e-01  3.3707597076e+00  1.9958538217e-01 -1.0700058755e+00  5.0504973099e+00 -8.3787222853e-01  3.2253513588e-01 -1.6442537731e+00 -3.7828224895e+00  1.6160084816e-01 -1.2516967810e+00 -4.1900975804e+00 -1.1161432338e+00  2.3810061420e+00 -5.6050080745e-01 -4.4584509166e-01  4.0520777799e+00 -1.5943860025e+00  9.4584066225e-01 -7.2077320029e-01 -3.1216092298e+00  9.7132049535e-01  5.9192699013e-02 -3.9158213621e+00 -1.5141351054e+00  2.7080741330e+00 -1.4658770274e+00  5.7521243608e-01  5.6833413160e-01 -2.8781673832e+00  4.7516984244e-01  3.6204375118e-01 -2.1439847542e-01  2.0278501593e+00  1.9495277432e+00 -1.1981274947e+00  3.5518826585e+00  1.6386321539e+00 -2.2252838580e+00  1.3511376674e+00  9.5177371056e-01 -3.2767370068e+00 -7.4695548242e-01  1.0296092485e+00 -1.4452289912e+00  2.4471083294e+00  5.4819247697e+00  6.5559697326e-01 -1.1770540604e+00  3.0990846039e+00  8.9241093657e-01 -1.8628015416e+00  6.0885987645e+00 -9.5822230734e-01  6.2257610434e-01 -2.6511888278e+00 -3.9792623339e+00  5.2211905372e-01 -1.9344286340e+00 -4.7071365396e+00 -1.7846596851e+00  1.3492191040e+00 -4.6521793337e-01 -7.7104895842e-01  4.3254445347e+00 -2.3014259213e+00  1.7268060429e+00 -9.7158816180e-01 -2.7951591933e+00  1.9746038177e+00  4.1194220750e-01 -4.2237236183e+00 -2.4978332219e+00 -3.2292647422e-01 -4.1766297414e-01  1.2006695867e+00  1.0606598141e+00  5.7646452690e-01  1.7085322182e+00 -2.2843585459e-01  1.7014763122e-01  2.8665514143e+00  2.3796585696e+00 -2.1449164065e+00  3.8948512892e+00  1.3944488825e+00 -7.5725070314e-01  4.3867444247e+00  2.7776404341e+00 -5.1624574216e-01  3.2934179708e+00  2.1468445109e+00 -3.0619676230e+00  1.8481937985e+00
ENERGY -6.527290649024e+02

JOB 16
COORDS  4.9058942215e+00 -8.6271579798e-02 -6.0430296714e-01  3.5830860648e+00  2.1865514633e-01 -9.4800777920e-01  5.1573001137e+00 -1.0851033552e+00  3.3944424013e-01 -1.5068771844e+00 -4.0488050376e+00  3.4698883827e-01 -1.3270325610e+00 -4.0958427385e+00 -1.0401375403e+00  2.5239082184e+00 -4.6753047526e-01 -3.5233254776e-01  4.0902795764e+00 -1.7644891221e+00  9.3767177972e-01 -5.5269448412e-01 -3.3982400868e+00  1.1245714519e+00 -1.9154828917e-01 -3.4857820499e+00 -1.5736102383e+00  2.7636357917e+00 -1.4666796692e+00  6.0495977244e-01  5.5633069107e-01 -2.8093994549e+00  4.9342329855e-01  1.3136204440e-01 -2.5575581089e-01  1.9489088765e+00  1.9667842597e+00 -8.5392474058e-01  3.4111622408e+00  1.6315340718e+00 -2.1522095429e+00  1.3565701971e+00  7.3286112922e-01 -2.8557411958e+00 -8.3226257950e-01  1.0161299799e+00 -1.3199251364e+00  2.4116750032e+00  5.7303052323e+00  4.4588951285e-01 -1.0723877841e+00  3.3787053481e+00  9.8652131884e-01 -1.6903356811e+00  6.1797775962e+00 -1.3360958811e+00  6.1088352606e-01 -2.3743381956e+00 -4.5122066421e+00  8.1072451092e-01 -2.0431890356e+00 -4.5907112544e+00 -1.6901234610e+00  1.5058613483e+00 -2.4435956278e-01 -6.5288285269e-01  4.2949869550e+00 -2.5383108728e+00  1.6755138942e+00 -6.4902378425e-01 -3.3232557922e+00  2.2032505527e+00 -9.9815686279e-03 -3.5000591469e+00 -2.6475962466e+00 -5.7807933569e-01 -6.4315757476e-01  1.2141684012e+00  6.6647233189e-01  5.9796673871e-01  1.4978135617e+00 -4.4151971142e-01  1.2330947306e-01  2.8024157492e+00  2.5481907094e+00 -1.7005712752e+00  3.7914587158e+00  1.4162983355e+00 -4.1651942394e-01  4.2510623134e+00  2.6749394404e+00 -9.8289160990e-02  3.0313005963e+00  2.0977411340e+00 -2.9825726436e+00  1.9064100513e+00
ENERGY -6.527272479068e+02

JOB 17
COORDS  5.0597469120e+00 -3.4588610177e-01 -5.5708223319e-01  3.7837402877e+00  1.5832804959e-01 -8.3696753044e-01  5.1946151063e+00 -1.4167505262e+00  3.2994239033e-01 -1.1437132983e+00 -4.4579924401e+00  2.6991862922e-01 -1.3364477284e+00 -4.0094427871e+00 -1.0401837062e+00  2.6539840848e+00 -4.0297019880e-01 -2.3880312555e-01  4.0600001185e+00 -1.9697557374e+00  9.3391009967e-01 -1.8384155975e-01 -3.8247912716e+00  1.0577106058e+00 -5.5579498942e-01 -2.9426170654e+00 -1.4905454563e+00  2.7786591203e+00 -1.4758488188e+00  6.5989173184e-01  5.5559032638e-01 -2.7629189997e+00  5.1486464083e-01 -1.7323221078e-01 -3.1850326008e-01  1.8422285543e+00  1.8411539892e+00 -4.1973967657e-01  3.1998403652e+00  1.5827384352e+00 -2.0663514778e+00  1.3973861132e+00  3.6718820683e-01 -2.3278264043e+00 -7.3807819119e-01  9.1467333578e-01 -1.1466822813e+00  2.3455989829e+00  5.9374486970e+00  9.1506935933e-02 -1.0265034861e+00  3.6693932128e+00  9.8822214079e-01 -1.5303177660e+00  6.1792110573e+00 -1.8187687200e+00  5.5609406688e-01 -1.7283353257e+00 -5.2843346347e+00  6.6660375683e-01 -2.0688284163e+00 -4.4705527702e+00 -1.6967589517e+00  1.6697842962e+00 -2.3296347015e-02 -4.8520885713e-01  4.1751813533e+00 -2.7964858597e+00  1.6328568812e+00 -7.1364802155e-03 -4.1324229807e+00  2.0844604051e+00 -6.7593418937e-01 -2.5611373908e+00 -2.5037963312e+00 -8.9041490614e-01 -9.2264486607e-01  1.2844748144e+00  1.5364057673e-01  5.1318288290e-01  1.1925925527e+00 -6.9868647512e-01  1.1941621586e-01  2.6982053585e+00  2.5747710111e+00 -1.1130393576e+00  3.6245756489e+00  1.2844540878e+00  3.3560470218e-02  4.0274274392e+00  2.3962031296e+00  3.7792141252e-01  2.6773982885e+00  2.0009242598e+00 -2.8569520418e+00  2.0355326701e+00
ENERGY -6.527243729308e+02

JOB 18
COORDS  5.0799414204e+00 -5.8193355161e-01 -5.9533409376e-01  3.8517265855e+00  6.5717665950e-02 -7.7880504646e-01  5.1508353381e+00 -1.6929534504e+00  2.4902638775e-01 -8.8272100339e-01 -4.6017026812e+00  7.2382523025e-02 -1.2320603199e+00 -3.9707814767e+00 -1.1226811573e+00  2.7057257943e+00 -3.9521956677e-01 -1.2867396009e-01  4.0009788508e+00 -2.1457425574e+00  9.0580254058e-01  2.3300209665e-02 -3.9651184962e+00  9.2311866953e-01 -6.5575290890e-01 -2.7275689636e+00 -1.4045034369e+00  2.7680459556e+00 -1.5086454994e+00  7.2453315453e-01  5.5356524895e-01 -2.7222523084e+00  5.5336194943e-01 -3.7662059933e-01 -4.1844161926e-01  1.9171672349e+00  1.7800174937e+00 -1.0945139686e-01  3.0255198292e+00  1.5398321589e+00 -2.0176499555e+00  1.4741759238e+00  2.1326767938e-01 -2.1141630359e+00 -5.9437113416e-01  8.7809542042e-01 -1.0199553850e+00  2.3411752384e+00  5.9710409916e+00 -2.2196215336e-01 -1.1036302230e+00  3.7880409672e+00  9.3088189518e-01 -1.4345154173e+00  6.0987178370e+00 -2.2032276080e+00  4.0187894478e-01 -1.3055111330e+00 -5.5677370064e+00  3.3691067987e-01 -1.9295666515e+00 -4.4235527869e+00 -1.8215716845e+00  1.7540437584e+00  9.8481317342e-02 -2.9006051671e-01  4.0656760171e+00 -3.0048456251e+00  1.5713773126e+00  3.1589814331e-01 -4.4181553610e+00  1.8660743077e+00 -9.0448871444e-01 -2.2021567553e+00 -2.3259273050e+00 -1.0958884207e+00 -1.1866065888e+00  1.6268951239e+00 -2.8688075626e-01  2.9358132010e-01  1.0774653957e+00 -7.9871726186e-01  1.2379736520e-01  2.7705028180e+00  2.6380765841e+00 -6.6287722173e-01  3.4204904456e+00  1.2542317032e+00  3.4572401068e-01  3.8726243300e+00  2.1741269593e+00  7.0151888155e-01  2.3893204199e+00  1.9200148524e+00 -2.7938198713e+00  2.1534417595e+00
ENERGY -6.527214772459e+02

JOB 19
COORDS  5.0885114208e+00 -7.4024649456e-01 -5.9129741549e-01  3.8722093266e+00 -8.5773209544e-02 -8.2470123767e-01  5.1383654052e+00 -1.7965300817e+00  3.2187551128e-01 -7.2622017254e-01 -4.6113293877e+00 -1.0802852517e-01 -1.2059470921e+00 -3.8674426697e+00 -1.1865527705e+00  2.7157099567e+00 -4.8490226607e-01 -1.5324966409e-01  3.9774651275e+00 -2.1885651856e+00  9.9816939832e-01  1.5368275392e-01 -3.9996737576e+00  7.8794341105e-01 -7.7729899013e-01 -2.5412005910e+00 -1.3126015803e+00  2.7566515139e+00 -1.5430958478e+00  7.6907403381e-01  5.3140531344e-01 -2.6675224847e+00  5.7627793934e-01 -4.8521521670e-01 -5.4145441696e-01  2.1227399327e+00  1.7521315921e+00  1.2322841462e-01  2.8284936272e+00  1.5119386529e+00 -1.9950724671e+00  1.5289122461e+00  6.7163501888e-02 -1.9512911667e+00 -4.6181656795e-01  8.8786967561e-01 -9.4997527415e-01  2.3696893001e+00  5.9879290179e+00 -4.2738086147e-01 -1.1157865135e+00  3.8262708630e+00  7.3658680288e-01 -1.5347560874e+00  6.0770251732e+00 -2.3111045725e+00  5.1254607189e-01 -1.0310602852e+00 -5.6449806340e+00  3.5439516365e-02 -1.8917068404e+00 -4.2947327740e+00 -1.9125407534e+00  1.7706578227e+00  9.0212273284e-03 -3.5021176756e-01  4.0237221052e+00 -3.0047685007e+00  1.7167441879e+00  5.4267120905e-01 -4.5433168047e+00  1.6441512929e+00 -1.1304391917e+00 -1.9263162723e+00 -2.1397527774e+00 -1.1338794008e+00 -1.4126665854e+00  2.0056309304e+00 -6.1982733488e-01  9.9195701392e-02  1.2341222628e+00 -8.3841060465e-01  1.4589062852e-02  2.9987358606e+00  2.7268573754e+00 -2.7446554618e-01  3.1244293976e+00  1.2989692946e+00  5.8968124515e-01  3.7111571521e+00  1.9315051933e+00  9.1516215011e-01  2.0803874918e+00  1.8568796242e+00 -2.7872254613e+00  2.2091240117e+00
ENERGY -6.527189953722e+02

JOB 20
COORDS  5.1073071517e+00 -8.2090482121e-01 -5.6154092180e-01  3.8800413969e+00 -2.5906463027e-01 -9.3536384493e-01  5.1482843386e+00 -1.7468966608e+00  4.8363541619e-01 -6.8465517211e-01 -4.4997240725e+00 -2.9554513548e-01 -1.2809475499e+00 -3.6633628059e+00 -1.2408859270e+00  2.7052124857e+00 -6.1730284241e-01 -2.7279767690e-01  3.9692658302e+00 -2.1006502781e+00  1.1492581126e+00  2.0642770728e-01 -3.9431898147e+00  6.2351597747e-01 -9.4878618800e-01 -2.3050885292e+00 -1.2163655946e+00  2.7371535260e+00 -1.5435271972e+00  7.8270720520e-01  4.8384425613e-01 -2.5703471487e+00  5.6723515628e-01 -5.3412947184e-01 -6.9633371409e-01  2.3808475072e+00  1.6279799557e+00  3.6486518476e-01  2.5120695990e+00  1.4822540875e+00 -1.9585236620e+00  1.5460257582e+00 -9.1996345099e-02 -1.7654533489e+00 -3.4315275818e-01  9.0889679811e-01 -8.9874210500e-01  2.4197849701e+00  6.0200472296e+00 -5.3958400761e-01 -1.0808387492e+00  3.8387991247e+00  4.6034936701e-01 -1.7497471237e+00  6.0939959978e+00 -2.1912006705e+00  7.8415247151e-01 -9.1109470423e-01 -5.5627965295e+00 -2.7114183463e-01 -1.9834621496e+00 -4.0446453134e+00 -1.9763497783e+00  1.7546600141e+00 -1.9310886426e-01 -5.7614951428e-01  4.0090578701e+00 -2.8141976038e+00  1.9697024965e+00  6.8357312429e-01 -4.5613927881e+00  1.3787547104e+00 -1.3940894443e+00 -1.6181170842e+00 -1.9352257306e+00 -1.0579622879e+00 -1.6555387055e+00  2.4208254360e+00 -8.8739531450e-01 -1.5412519412e-01  1.4892158367e+00 -8.2556262704e-01 -1.2642382715e-01  3.2706212600e+00  2.6973626001e+00  1.9386640529e-01  2.6498244160e+00  1.2598707694e+00  9.0542438758e-01  3.3916814840e+00  1.5007668819e+00  1.0236446641e+00  1.6350248688e+00  1.7903338948e+00 -2.7813865982e+00  2.2047379021e+00
ENERGY -6.527184257450e+02

JOB 21
COORDS  4.3215480374e+00 -4.3232005142e-01 -1.9567206110e+00  4.8219155500e+00 -2.5535249388e-01 -6.6412938350e-01  3.0366943594e+00 -9.6009401016e-01 -2.1303024113e+00  1.2685871722e+00 -5.2146891912e+00  1.8711369705e+00  1.6978604752e-01 -5.3389363740e+00  1.0178820816e+00  4.0380248164e+00 -6.0424229905e-01  4.4049492418e-01  2.2572538295e+00 -1.3083824157e+00 -1.0253902068e+00  1.8430006459e+00 -3.9558317789e+00  2.0488469476e+00 -2.9605747650e-01 -4.1855005773e+00  3.8111561435e-01  2.7492924456e+00 -1.1321434365e+00  2.7740760846e-01  1.3128509732e+00 -2.8551912172e+00  1.3605439794e+00 -2.0899106578e-01 -8.7182266009e-01  2.6207126548e+00  6.3044873233e-01  5.8396613906e-01  9.1987491756e-01  1.9442173484e+00 -1.4742208112e+00  1.5279491773e+00  2.5340480035e-01 -2.9750011886e+00  5.3983466819e-01  9.9654054427e-01 -3.9844942760e-01  1.9404433724e+00  4.9254015543e+00 -1.6420974916e-01 -2.8200665084e+00  5.8182921725e+00  1.5303861492e-01 -5.1415344669e-01  2.6393950121e+00 -1.1020984403e+00 -3.1324840342e+00  1.6679091088e+00 -6.0815786246e+00  2.3917443600e+00 -3.1616242926e-01 -6.2955967159e+00  8.4916605163e-01  4.4283356055e+00 -4.5611223810e-01  1.4450666999e+00  1.2626374296e+00 -1.7155580252e+00 -1.1678196780e+00  2.6943458450e+00 -3.8215666253e+00  2.7105953646e+00 -1.1530642124e+00 -4.2364549446e+00 -2.8962699702e-01  5.1879083810e-02 -1.6168017300e+00  3.3796324351e+00 -9.5224605042e-01 -1.3177121127e+00  1.9434085781e+00 -6.7246830618e-01 -2.3738440848e-02  3.1372995942e+00  1.5198084131e+00  1.0376647525e+00  4.8026642122e-01  5.7639425717e-02  1.3789517301e+00  1.4099415176e+00  1.0482059571e-02  1.7116151261e-01  1.0640456184e-01  2.6663446777e+00 -1.5756686242e+00  2.3472278745e+00
ENERGY -6.527210438763e+02

JOB 22
COORDS  4.4163257210e+00 -3.9834975525e-01 -1.9070753059e+00  4.7811665109e+00 -3.7957038791e-02 -6.0579401858e-01  3.2426737474e+00 -1.1305390043e+00 -2.1129344771e+00  1.1519880576e+00 -5.2129550525e+00  1.7492672840e+00 -1.3618478170e-03 -5.2603787843e+00  9.6213445266e-01  3.9757855439e+00 -4.1142968471e-01  4.7339764631e-01  2.4383190138e+00 -1.5016095327e+00 -1.0313364778e+00  1.7867884421e+00 -3.9848074968e+00  1.9336781443e+00 -4.5747744320e-01 -4.0670198927e+00  3.9670885491e-01  2.7962435701e+00 -1.1447148667e+00  2.7593555867e-01  1.2627298563e+00 -2.8388238551e+00  1.3184317482e+00  1.1399804822e-02 -7.7845356140e-01  2.8246264568e+00  4.7936532708e-01  4.0683371858e-01  7.9431535396e-01  1.9544556742e+00 -1.4888149660e+00  1.5009517094e+00  1.5154567248e-01 -2.8852256270e+00  5.6141310450e-01  1.0629267052e+00 -3.6920290134e-01  1.8933671453e+00  5.0400557748e+00 -1.1300151830e-01 -2.7505457938e+00  5.6909224412e+00  5.3131884955e-01 -4.3162008514e-01  2.9494458759e+00 -1.4137160074e+00 -3.1209336135e+00  1.5457723272e+00 -6.1140845782e+00  2.2129376556e+00 -5.3615237984e-01 -6.1902071871e+00  7.9108115919e-01  4.2559189902e+00 -1.2126209372e-01  1.4835724175e+00  1.5224786684e+00 -2.0551108403e+00 -1.2053388712e+00  2.6821766713e+00 -3.9084067919e+00  2.5448960467e+00 -1.3557974103e+00 -4.0585929057e+00 -2.1962994720e-01  4.4140831364e-01 -1.3842074274e+00  3.6304653303e+00 -7.9608835341e-01 -1.3573267796e+00  2.3517604134e+00 -4.2596186667e-01  1.1717423093e-01  3.2795914059e+00  1.2639191771e+00  8.1789533761e-01  1.5727028302e-01 -6.8991645128e-02  1.2481253416e+00  1.2320204179e+00 -2.1620148814e-01 -1.7418207456e-01  1.6969928650e-01  2.6504701778e+00 -1.6211948506e+00  2.3388062386e+00
ENERGY -6.527252401361e+02

JOB 23
COORDS  4.4779456984e+00 -3.2743184354e-01 -1.8396081175e+00  4.6131994169e+00  2.4387943386e-01 -5.6811317952e-01  3.5118009976e+00 -1.3145869397e+00 -2.0475652511e+00  1.0146599053e+00 -5.2598094206e+00  1.5985940528e+00 -1.5334925984e-01 -5.2358357813e+00  8.3235621262e-01  3.7894747621e+00 -1.7325663446e-01  4.7843834185e-01  2.6850838993e+00 -1.7304076565e+00 -9.9661236960e-01  1.6997690327e+00 -4.0638292038e+00  1.8127534385e+00 -5.7283024695e-01 -4.0066565141e+00  3.1724913212e-01  2.8151247091e+00 -1.1634819242e+00  2.7621843338e-01  1.2099845777e+00 -2.8780458637e+00  1.2462184220e+00  2.7130048459e-01 -7.7440179455e-01  3.0512211665e+00  3.3541270165e-01  2.5541862200e-01  8.7239018241e-01  1.9491517376e+00 -1.5601855865e+00  1.4684896869e+00  8.5666484684e-02 -2.8558908479e+00  5.0900798780e-01  1.1134252517e+00 -4.2838389842e-01  1.9103888574e+00  5.1189390418e+00 -5.7859320709e-03 -2.6566907480e+00  5.3613223159e+00  1.0134052492e+00 -3.9396134397e-01  3.3958924701e+00 -1.7628581860e+00 -3.0313311027e+00  1.3812728341e+00 -6.1909750838e+00  2.0235562702e+00 -7.2657004615e-01 -6.1381680466e+00  6.3962878843e-01  3.8820369650e+00  2.8065622819e-01  1.4621129901e+00  1.9296481246e+00 -2.4864417651e+00 -1.1792976125e+00  2.6082012101e+00 -4.0429106241e+00  2.4090936219e+00 -1.4810933439e+00 -3.9422387658e+00 -2.8101525102e-01  8.7625583323e-01 -1.2588523504e+00  3.8263616732e+00 -5.6375670694e-01 -1.4475567305e+00  2.7952750142e+00 -1.4955795232e-01  1.4272691932e-01  3.4773993405e+00  9.8253838007e-01  5.2392523470e-01  3.5365411110e-02 -6.2423341797e-02  1.1825971015e+00  1.3006155386e+00 -4.9945847146e-01 -3.4637272353e-01  4.8782520312e-01  2.6376973150e+00 -1.7475368976e+00  2.3035218964e+00
ENERGY -6.527280507852e+02

