JOB 0
COORDS -7.1257441940e-01 -9.4267152031e-01 -1.5833873603e+00 -1.7707896248e+00 -2.0152714188e+00 -1.5630897604e+00 -3.0777591861e-01  1.0179347307e-03  3.7147005507e+00 -2.8247663955e-01  4.0843155064e-01  2.2424452818e+00 -3.5703915503e-01 -3.2422530773e-01 -3.5223602908e-01 -1.7061141861e-01 -5.3516493419e-01 -2.5957124127e+00  8.0741382661e-01 -1.8750545332e+00  1.3918465420e+00 -1.7245610873e+00 -1.6774647956e+00  1.3537498452e+00 -4.0223068358e-01 -1.0702703686e+00  1.1994559104e+00 -2.6412813133e+00 -1.7016555762e+00 -9.8455938612e-01 -2.0439562285e+00 -2.2347934918e+00 -2.5950832012e+00 -1.3829456893e+00 -2.9207852167e+00 -1.0866743319e+00 -2.3995100798e-01  9.0008976942e-01  4.3336485004e+00 -1.2376114157e+00 -5.1672145026e-01  3.9621209472e+00  5.3483040263e-01 -6.5048595083e-01  3.9574684274e+00  6.5365451739e-01  9.0470094031e-01  1.9723142490e+00 -1.1281391695e+00  1.0412423991e+00  1.9654872127e+00  4.9906873998e-01  2.1768410550e-01 -4.8150854077e-01
ENERGY -8.364767307459e+02

JOB 1
COORDS -6.8042815334e-01 -9.8447840736e-01 -1.5787342990e+00 -1.8784950171e+00 -1.8969251372e+00 -1.5237920713e+00 -3.6921913974e-01  9.5733048849e-03  3.7008285351e+00 -3.5143986866e-01  3.8222491236e-01  2.2194608423e+00 -1.9716235261e-01 -4.1775788886e-01 -3.6538540765e-01 -1.2450050674e-01 -6.5305083040e-01 -2.6112006290e+00  1.0684494835e+00 -1.7411140491e+00  1.4638478593e+00 -1.4703389062e+00 -1.8855422684e+00  1.3271754533e+00 -2.3161317309e-01 -1.1169565062e+00  1.2072731112e+00 -2.6627826238e+00 -1.4884864015e+00 -8.8443480032e-01 -2.2375731923e+00 -2.0332165287e+00 -2.5439300748e+00 -1.5980711570e+00 -2.8650788673e+00 -1.1001476136e+00 -4.4581644431e-01  9.2326809741e-01  4.2971072385e+00 -1.2265861216e+00 -6.2593808730e-01  3.9355456864e+00  5.4647509194e-01 -5.1340969139e-01  3.9861560375e+00  5.1414715686e-01  9.9768455592e-01  1.9606262969e+00 -1.2657608580e+00  8.8662665443e-01  1.8999876261e+00  7.0373949768e-01  3.1179274240e-02 -5.3939734681e-01
ENERGY -8.364774788331e+02

JOB 2
COORDS -6.5444363220e-01 -1.0129479321e+00 -1.5676428066e+00 -1.9509152905e+00 -1.7733428665e+00 -1.4523086697e+00 -4.3685713941e-01  8.2242658948e-03  3.6687008314e+00 -4.1523270005e-01  3.4144695585e-01  2.1782926624e+00 -4.6637207464e-02 -5.1005965144e-01 -3.8441468418e-01 -1.1382837810e-01 -7.5157042024e-01 -2.6280729225e+00  1.2672224046e+00 -1.6101590224e+00  1.5229252920e+00 -1.2367944162e+00 -2.0542830378e+00  1.3081663872e+00 -8.8293315640e-02 -1.1545951944e+00  1.2088680436e+00 -2.6372118370e+00 -1.2990599249e+00 -7.4863096936e-01 -2.3918203748e+00 -1.8262845578e+00 -2.4478890793e+00 -1.7618632670e+00 -2.7829572879e+00 -1.0791046067e+00 -6.3634553310e-01  9.2196445928e-01  4.2358598300e+00 -1.2216370740e+00 -7.1656870157e-01  3.8986043708e+00  5.2399605200e-01 -3.9691759748e-01  3.9945322936e+00  3.8022847093e-01  1.0460444022e+00  1.9230196175e+00 -1.3709660613e+00  7.2916993798e-01  1.8185598952e+00  8.8442301480e-01 -1.4950169124e-01 -5.9847904126e-01
ENERGY -8.364784145946e+02

JOB 3
COORDS -6.3514979394e-01 -1.0274711465e+00 -1.5500106316e+00 -1.9971320817e+00 -1.6419907893e+00 -1.3468288481e+00 -5.1740432323e-01 -9.7182199415e-03  3.6171260936e+00 -4.7058246731e-01  2.8775097919e-01  2.1197960847e+00  9.2450767989e-02 -5.9626360077e-01 -4.1067979931e-01 -1.3735010940e-01 -8.2916457162e-01 -2.6445565786e+00  1.4381698024e+00 -1.4744002241e+00  1.5540400632e+00 -9.9824125302e-01 -2.2028910197e+00  1.3031363654e+00  4.7405436920e-02 -1.1858119431e+00  1.2012753788e+00 -2.5873613873e+00 -1.0859817782e+00 -6.1490197936e-01 -2.5017576245e+00 -1.6552181318e+00 -2.3128955602e+00 -1.8959033600e+00 -2.6609862311e+00 -9.6657895605e-01 -8.3070630229e-01  8.9215855865e-01  4.1508885878e+00 -1.2322418105e+00 -8.0594811085e-01  3.8384960951e+00  4.6634774423e-01 -3.0537573017e-01  3.9893132153e+00  2.5753094657e-01  1.0635062667e+00  1.8713264733e+00 -1.4469370656e+00  5.6713326944e-01  1.7164428686e+00  1.0418865961e+00 -3.2072544131e-01 -6.6440242846e-01
ENERGY -8.364795256094e+02

JOB 4
COORDS -6.1886095286e-01 -1.0317646743e+00 -1.5245184375e+00 -2.0193894193e+00 -1.5065872986e+00 -1.2251248980e+00 -5.9484544205e-01 -3.3312807798e-02  3.5514754763e+00 -5.2706349399e-01  2.2570727247e-01  2.0477255234e+00  2.1704557302e-01 -6.8565784961e-01 -4.3670468043e-01 -1.7725496349e-01 -8.8737469998e-01 -2.6512490289e+00  1.5684556637e+00 -1.3507669804e+00  1.5816615161e+00 -7.7773317921e-01 -2.3272398685e+00  1.3100181471e+00  1.6427312564e-01 -1.2147348758e+00  1.1930436972e+00 -2.5086456061e+00 -8.7942513708e-01 -4.7511373205e-01 -2.5850983318e+00 -1.4865960740e+00 -2.1564422456e+00 -1.9925031761e+00 -2.5228740835e+00 -8.2574528680e-01 -1.0136361203e+00  8.4707368805e-01  4.0473619169e+00 -1.2334013505e+00 -8.9119367303e-01  3.7753824871e+00  4.0072728974e-01 -2.1795105553e-01  3.9619561926e+00  1.2960851096e-01  1.0615249381e+00  1.7959412063e+00 -1.5131723334e+00  3.9645771534e-01  1.6086174629e+00  1.1745179218e+00 -4.8668240038e-01 -7.2729887252e-01
ENERGY -8.364805257913e+02

JOB 5
COORDS -6.2432158989e-01 -9.9826927894e-01 -1.4967246464e+00 -2.0244548986e+00 -1.4284834789e+00 -1.1316648999e+00 -6.5707881094e-01 -4.8487582715e-02  3.4910863608e+00 -5.4441780051e-01  1.7588030728e-01  1.9843022066e+00  3.0223477398e-01 -7.9872843825e-01 -4.5258188930e-01 -2.5492335995e-01 -7.8895294392e-01 -2.6396531241e+00  1.6514545812e+00 -1.2922101639e+00  1.5998168766e+00 -6.3358590925e-01 -2.4099426233e+00  1.3491006075e+00  2.4630387215e-01 -1.2519235870e+00  1.1944905553e+00 -2.4814277793e+00 -7.3111700677e-01 -4.2283289863e-01 -2.6153711746e+00 -1.4542967082e+00 -2.0466980209e+00 -2.0127102227e+00 -2.4116715046e+00 -6.5687659173e-01 -1.1315792601e+00  8.2507829489e-01  3.9473410417e+00 -1.2662280893e+00 -9.2781268639e-01  3.7131764067e+00  3.2907960328e-01 -1.7876324328e-01  3.9430802343e+00  8.1453482286e-02  1.0353206364e+00  1.7335940789e+00 -1.5217797722e+00  2.8904099065e-01  1.5094199232e+00  1.2503760701e+00 -5.9605884771e-01 -7.6738977658e-01
ENERGY -8.364808927800e+02

JOB 6
COORDS -1.0320546581e+00  1.1169804902e+00 -8.6535653242e-01 -9.6753756709e-01  1.3183052999e+00 -2.3655276864e+00  1.4199575776e+00  5.6521591135e-01  2.2096378495e+00 -8.2486392037e-02  3.4052916307e-01  2.3232544498e+00 -3.2082907349e-01  5.2633699577e-03 -3.9936059067e-01 -1.6275076223e+00  1.8578584940e+00 -1.0109533376e-01  1.3981823194e-01 -1.9997495294e+00  1.0105674995e+00 -2.1587763848e+00 -9.2575445878e-01  1.2183447161e+00 -7.1197614462e-01 -8.0780726239e-01  1.0768601282e+00 -1.6648947018e+00  6.2595942300e-01 -2.8497497237e+00 -1.2659158162e+00  2.3404764798e+00 -2.5984209596e+00  3.3820002434e-02  1.1249318666e+00 -2.7622255312e+00  1.7428955231e+00  1.2271947360e+00  3.0187738010e+00  1.9670100660e+00 -3.7662421228e-01  2.2928642725e+00  1.6765496351e+00  1.0395595846e+00  1.2592129549e+00 -6.7298940849e-01  1.2493794135e+00  2.1895836501e+00 -3.6667450865e-01 -1.3409423271e-01  3.2674696303e+00  9.3338856411e-02 -6.4088790265e-01 -1.0678794193e+00
ENERGY -8.364818436623e+02

JOB 7
COORDS -9.9748397733e-01  1.0810198586e+00 -8.1521019599e-01 -8.6434913143e-01  1.3578446626e+00 -2.2998528321e+00  1.3627349320e+00  6.5031494533e-01  2.0894783632e+00 -1.1262747054e-01  3.3289119684e-01  2.2970882384e+00 -4.5994524724e-01 -1.3771016103e-01 -4.1015116347e-01 -1.5225292273e+00  1.8501495084e+00 -2.5022482179e-02  1.4998141509e-01 -2.0522999158e+00  1.0619978453e+00 -2.1740997391e+00 -1.0502765557e+00  1.3337930904e+00 -7.4035394624e-01 -8.8895352770e-01  1.1197928171e+00 -1.6314155133e+00  7.9323311998e-01 -2.8405331079e+00 -1.0219623282e+00  2.4223124946e+00 -2.4738480308e+00  1.1433707517e-01  1.0601363741e+00 -2.6882176303e+00  1.6908280055e+00  1.3432353259e+00  2.8700483832e+00  1.9744237981e+00 -2.5296175437e-01  2.1486744805e+00  1.5314590943e+00  1.1288752043e+00  1.1215653758e+00 -7.6593602353e-01  1.1986630976e+00  2.1811973781e+00 -3.0769713291e-01 -1.4162204506e-01  3.2638381220e+00 -2.3616968032e-02 -7.6811519474e-01 -1.0776854764e+00
ENERGY -8.364821463353e+02

JOB 8
COORDS -9.8952504579e-01  1.0574169025e+00 -7.7361180798e-01 -7.6384826864e-01  1.3792762922e+00 -2.2389349112e+00  1.3067378555e+00  7.1722961832e-01  1.9780117289e+00 -1.3379695425e-01  3.2291089755e-01  2.2772374325e+00 -6.2819907177e-01 -2.3618417804e-01 -4.1614682969e-01 -1.4645544947e+00  1.8495821951e+00  2.6484171462e-02  1.7435556767e-01 -2.0714040301e+00  1.0659823116e+00 -2.1746043020e+00 -1.1687493463e+00  1.4590155808e+00 -7.6558500740e-01 -9.4925651765e-01  1.1539589191e+00 -1.5681173001e+00  9.3303029888e-01 -2.8330633818e+00 -7.9074188688e-01  2.4615000860e+00 -2.3667160893e+00  1.8863155651e-01  9.8656015559e-01 -2.6074166283e+00  1.6496976121e+00  1.4200165409e+00  2.7431308638e+00  1.9664093613e+00 -1.5370008485e-01  1.9880412483e+00  1.3889859287e+00  1.2146277785e+00  1.0083610367e+00 -8.3743998676e-01  1.1514408720e+00  2.1993391577e+00 -2.4088090172e-01 -1.5689377015e-01  3.2551600094e+00 -1.1577704681e-01 -8.3066707666e-01 -1.0618796371e+00
ENERGY -8.364812674221e+02

JOB 9
COORDS -9.8367713368e-01  1.0882660072e+00 -7.4035719752e-01 -6.8322377662e-01  1.3891598850e+00 -2.1976355847e+00  1.2993759374e+00  6.9970071766e-01  1.8957840456e+00 -1.3008285867e-01  3.2160878029e-01  2.2611031416e+00 -8.4403388968e-01 -2.5485064547e-01 -4.0670164994e-01 -1.3105571006e+00  1.9442656187e+00  6.8248769609e-02  1.2097076763e-01 -2.0664557107e+00  1.0192186428e+00 -2.1995044205e+00 -1.1995257896e+00  1.6043185089e+00 -8.2429387399e-01 -9.5711976872e-01  1.1826360630e+00 -1.0600733690e+00  6.0994596758e-01 -2.8658985134e+00 -1.1369825297e+00  2.3463459712e+00 -2.4547879777e+00  4.0070614539e-01  1.4668974899e+00 -2.3366653527e+00  1.6840578023e+00  1.3986674451e+00  2.6443378922e+00  1.9484365877e+00 -1.7891656035e-01  1.8767838885e+00  1.3438834147e+00  1.1981286924e+00  9.2454325437e-01 -8.2806441429e-01  1.1563899601e+00  2.2142094066e+00 -1.9665244232e-01 -1.5703590836e-01  3.2433348938e+00 -3.9853723106e-01 -8.7873551806e-01 -1.0755190560e+00
ENERGY -8.364794452494e+02

JOB 10
COORDS -9.2179578065e-01  1.1157753903e+00 -7.4058003337e-01 -6.8231902459e-01  1.3709107390e+00 -2.2183091418e+00  1.2799030835e+00  7.3390083631e-01  1.9372193825e+00 -1.4702995754e-01  3.1390884910e-01  2.2656295147e+00 -9.3893965484e-01 -2.3505818015e-01 -4.0583878414e-01 -1.0894150301e+00  2.0125123377e+00  7.2925586067e-02  2.2516929591e-01 -2.0164452486e+00  9.3874395969e-01 -2.1226638838e+00 -1.3343799967e+00  1.6301040370e+00 -7.8477824790e-01 -9.7776208133e-01  1.1675647930e+00 -1.1943217168e+00  6.4172513007e-01 -2.8523350864e+00 -1.0312564255e+00  2.3755293723e+00 -2.4575763432e+00  3.9174568753e-01  1.3137706098e+00 -2.4266804493e+00  1.6282307766e+00  1.4299463621e+00  2.7061292064e+00  1.9507480531e+00 -1.2806570778e-01  1.9200543523e+00  1.3325621114e+00  1.2501233414e+00  9.7664530709e-01 -8.6509961091e-01  1.1308024913e+00  2.2137187960e+00 -2.2262825928e-01 -1.7979307266e-01  3.2398165819e+00 -6.0636380128e-01 -8.9066453818e-01 -1.1102785034e+00
ENERGY -8.364769318457e+02

JOB 11
COORDS -8.0567557790e-01  1.1447939373e+00 -7.8141912909e-01 -7.5574635120e-01  1.3470643451e+00 -2.2864231001e+00  1.2784625812e+00  7.4815262555e-01  2.0737789874e+00 -1.6753215888e-01  3.1442462200e-01  2.2762801873e+00 -9.5303528022e-01 -1.8775236158e-01 -4.1047003551e-01 -7.3192507859e-01  2.0689726731e+00  1.5606804922e-02  3.8723339877e-01 -1.9311160918e+00  8.6951896845e-01 -2.0051856153e+00 -1.4741156324e+00  1.5683740343e+00 -7.0060081508e-01 -9.8279563623e-01  1.1287502629e+00 -1.4523216307e+00  6.9133060306e-01 -2.8163337530e+00 -9.9394380950e-01  2.3883172105e+00 -2.5037943919e+00  2.5716532822e-01  1.1355214379e+00 -2.6460332531e+00  1.5497096412e+00  1.4411200927e+00  2.8760451047e+00  1.9542694354e+00 -1.0902381526e-01  2.1107026077e+00  1.4069170463e+00  1.2710281303e+00  1.1251271024e+00 -8.8440620261e-01  1.1275503765e+00  2.1696003668e+00 -3.2350115183e-01 -1.8562635773e-01  3.2376654237e+00 -8.5813614433e-01 -8.8110952518e-01 -1.1500230129e+00
ENERGY -8.364745957965e+02

JOB 12
COORDS  6.6892399261e-01  4.0445586593e-01 -8.7344510596e-01  4.8758786802e-01  8.8630541699e-01 -2.3024664097e+00 -2.4938147965e-01 -7.7795023456e-02  3.7188356691e+00  1.4664310732e-01  2.2039046156e-01  2.2719411551e+00 -3.5028398640e-01 -4.3685784443e-01 -4.3717722207e-01  1.6202787571e+00  7.2529502167e-01 -1.7699002453e-01 -2.1244652730e-01 -2.2693388747e+00  1.4040664922e+00 -2.1910496816e+00 -6.8607524773e-01  1.2615689239e+00 -7.4535703491e-01 -9.2626363732e-01  1.1888990644e+00 -1.6132747632e-01  1.7688637782e+00 -2.3044796181e+00  1.4627705687e+00  1.1718837975e+00 -2.6974165599e+00  3.7145766437e-02  1.2572787361e-01 -2.9460312039e+00  2.8970928112e-01  6.1470732762e-01  4.3717627612e+00 -1.3210851204e+00  6.0913528578e-02  3.8790168669e+00  2.2967849696e-02 -1.0973780190e+00  4.0008786297e+00  1.2050040708e+00  6.4250567289e-02  2.0721304277e+00 -1.3285988373e-01  1.2288615345e+00  1.9604014846e+00 -1.1853938695e+00 -5.0229415120e-01 -1.0156530958e+00
ENERGY -8.364755960700e+02

JOB 13
COORDS  6.8964650507e-01  3.1552935211e-01 -8.8955256662e-01  5.1537045456e-01  8.8592873379e-01 -2.2857878534e+00 -2.4547440699e-01 -6.7959253895e-02  3.7134629357e+00  8.3131286107e-02  2.6657724753e-01  2.2581877852e+00 -4.1487923426e-01 -3.9857617876e-01 -4.3378514048e-01  1.7018940139e+00  4.7141020337e-01 -2.2357421577e-01 -7.2345285163e-02 -2.2381133471e+00  1.3775063204e+00 -2.1858598452e+00 -8.2753780068e-01  1.2801635290e+00 -7.2705507687e-01 -9.4796428411e-01  1.1835983260e+00 -1.3633833159e-02  1.8430463981e+00 -2.2209909276e+00  1.5026394317e+00  1.0641432896e+00 -2.7125192101e+00 -5.5077217045e-02  2.2055010735e-01 -2.9395571574e+00  2.4813771817e-01  6.6576696491e-01  4.3573051847e+00 -1.3206744208e+00 -2.4506396777e-02  3.9023697122e+00  1.2218695936e-01 -1.0611786999e+00  3.9811785131e+00  1.1457548981e+00  2.0428988068e-01  2.0293571074e+00 -2.9864166808e-01  1.2459044441e+00  1.9594491352e+00 -1.2832740774e+00 -3.4165828477e-01 -9.6096924257e-01
ENERGY -8.364778540923e+02

JOB 14
COORDS  6.7307572650e-01  2.9857289491e-01 -8.9636637476e-01  5.9187106659e-01  8.0313758043e-01 -2.3250532410e+00 -1.7194860487e-01 -1.4618479029e-01  3.7384192686e+00  2.9842895825e-02  3.1268422270e-01  2.2945089623e+00 -5.3518512338e-01 -1.7405024585e-01 -3.9475479284e-01  1.7082273974e+00  2.7834518509e-01 -2.4778028325e-01 -1.8582423128e-01 -2.1391085636e+00  1.2771913948e+00 -2.2782812326e+00 -6.9116891754e-01  1.3129729202e+00 -8.2452473229e-01 -8.3071805442e-01  1.1785777066e+00 -3.3502346853e-01  1.3487218495e+00 -2.5248287187e+00  1.4491769752e+00  1.4489565700e+00 -2.5159888203e+00  6.3770291992e-01 -5.2129880048e-02 -3.0073632808e+00  3.4595196632e-01  5.5275512999e-01  4.4016231134e+00 -1.2299611535e+00 -1.5904648983e-01  4.0114027529e+00  2.4718850902e-01 -1.1427060129e+00  3.8946802639e+00  1.0740380596e+00  3.0056795833e-01  1.9824189651e+00 -4.0386043588e-01  1.2975738426e+00  2.1044134071e+00 -1.4006203321e+00 -3.0549903583e-02 -9.0823100851e-01
ENERGY -8.364798490154e+02

JOB 15
COORDS  6.7393628084e-01  3.2096962691e-01 -9.0092583969e-01  6.2033767632e-01  7.3103112298e-01 -2.3597655572e+00 -1.4573230946e-01 -2.0026094089e-01  3.7542372625e+00 -3.8778906369e-02  3.6557094927e-01  2.3389529065e+00 -5.6794035462e-01  1.4047218674e-02 -3.4872675374e-01  1.7068510804e+00  2.5801917043e-01 -2.5275205871e-01 -1.1681336651e-01 -2.0434872357e+00  1.1911418855e+00 -2.2849829260e+00 -7.1832056065e-01  1.3059661602e+00 -8.2598506186e-01 -7.6814994836e-01  1.1679154299e+00 -2.5608687409e-01  1.3447578947e+00 -2.5878590864e+00  1.5298149673e+00  1.2805646825e+00 -2.6032884491e+00  5.7707440072e-01 -1.7017372882e-01 -2.9807481017e+00  3.3346043305e-01  4.9709091607e-01  4.4474675810e+00 -1.1880366677e+00 -3.2434420027e-01  4.0584878429e+00  3.6288033826e-01 -1.1640065622e+00  3.8292298005e+00  9.9240264648e-01  4.6353444106e-01  1.9963366700e+00 -5.6374717530e-01  1.3169431611e+00  2.2252654889e+00 -1.4168079795e+00  7.1866368707e-02 -9.0509294644e-01
ENERGY -8.364810835143e+02

JOB 16
COORDS  6.9167159214e-01  3.4815393636e-01 -9.2452603250e-01  6.1230702803e-01  6.6344826323e-01 -2.4043715079e+00 -1.6773525304e-01 -2.4462927873e-01  3.7796474223e+00 -7.4986754068e-02  3.9570654893e-01  2.3958567669e+00 -5.5164152349e-01  1.9881449056e-01 -2.9889707378e-01  1.7360871574e+00  2.4509470719e-01 -3.0340711107e-01  6.8907469977e-03 -1.9459258519e+00  1.0991640345e+00 -2.2348165336e+00 -7.5826079397e-01  1.2763480326e+00 -7.7428049051e-01 -7.1437872456e-01  1.1512324730e+00 -2.0654978508e-01  1.3511071562e+00 -2.6361953971e+00  1.5601265078e+00  1.0958146282e+00 -2.7251880429e+00  4.4328830901e-01 -2.6691677063e-01 -2.9576237918e+00  2.6302987524e-01  4.4102886508e-01  4.5150110865e+00 -1.2059897928e+00 -4.3948559352e-01  4.0597776993e+00  3.9121268218e-01 -1.1825166976e+00  3.8153846345e+00  9.5490874930e-01  5.6982013092e-01  2.0769483287e+00 -6.5164299981e-01  1.3199583229e+00  2.3179926082e+00 -1.4000333138e+00  1.9881903691e-01 -8.6131189460e-01
ENERGY -8.364810583125e+02

JOB 17
COORDS -1.0517574672e+00 -7.8982835973e-01 -1.4796218089e+00 -4.1715165805e-01 -2.1324368169e+00 -1.2086879395e+00  2.0201790302e-02 -3.7120283219e-01  3.4657740099e+00  8.7561033347e-03 -8.0089564220e-02  1.9662572861e+00 -1.4466975530e+00 -7.2972488133e-03 -3.7498617689e-01 -1.2198284896e+00 -3.3168227029e-01 -2.5969443306e+00 -1.9008249122e+00 -1.8472659798e+00  1.3931015594e+00 -2.5689179513e+00  5.8879119203e-01  1.7840802441e+00 -1.6336593804e+00 -4.1420017078e-01  1.2745132623e+00 -1.1242742684e+00 -2.7977561751e+00 -7.0913991267e-01 -1.0689895899e-01 -2.5543038651e+00 -2.1641488482e+00  4.5425613825e-01 -2.0342705685e+00 -5.5401306988e-01  1.0170561836e+00 -1.5885652787e-01  3.8627965555e+00 -7.0058470244e-01  2.5825147288e-01  3.9930627305e+00 -2.1463188041e-01 -1.4195057257e+00  3.6645545603e+00  7.0938858390e-01 -7.1353902401e-01  1.4172474504e+00  2.1570794514e-01  9.6848198540e-01  1.7407008292e+00 -1.9471158069e+00  8.4531261418e-01 -6.2355995690e-01
ENERGY -8.364808927688e+02

JOB 18
COORDS -1.0828535248e+00 -8.0721734961e-01 -1.5059342784e+00 -4.8444346608e-01 -2.1768009890e+00 -1.2991318748e+00 -5.7158027490e-03 -3.1731522426e-01  3.5300755615e+00  3.8531991625e-02 -3.6807756392e-02  2.0293465075e+00 -1.3050418191e+00  4.2883007472e-03 -3.6840848162e-01 -1.3468126530e+00 -3.3983605926e-01 -2.6001364922e+00 -1.7470738429e+00 -1.8974493156e+00  1.3413824623e+00 -2.5588229320e+00  4.8926546654e-01  1.7611873869e+00 -1.5520393429e+00 -4.5001352607e-01  1.2659242825e+00 -1.2306075345e+00 -2.8505688315e+00 -8.7217178580e-01 -1.5805723817e-01 -2.5487758805e+00 -2.2701571149e+00  3.5941750349e-01 -2.1499168597e+00 -6.0455923451e-01  9.6226908136e-01 -6.1240782112e-02  3.9703141890e+00 -7.7544517356e-01  2.8514794792e-01  4.0182536129e+00 -2.0575427361e-01 -1.3730703154e+00  3.7280688471e+00  7.8981385059e-01 -6.4037707025e-01  1.5138815690e+00  2.0817735178e-01  1.0187542287e+00  1.8052831513e+00 -1.8125184599e+00  8.6053615113e-01 -5.9223186346e-01
ENERGY -8.364805258208e+02

JOB 19
COORDS -1.0700272433e+00 -8.1534839807e-01 -1.5327384620e+00 -6.0895677154e-01 -2.2463057257e+00 -1.4156944627e+00 -3.5040723678e-02 -2.4625924781e-01  3.6008236836e+00  5.2341679889e-02  4.4212495605e-02  2.1039389173e+00 -1.1537551881e+00 -2.9826098648e-02 -3.5401686988e-01 -1.3284181657e+00 -2.7091128853e-01 -2.5919700574e+00 -1.5077940548e+00 -1.9786228886e+00  1.3147862590e+00 -2.5660708451e+00  3.1039256764e-01  1.7273159549e+00 -1.4519187912e+00 -5.1829415773e-01  1.2647914952e+00 -1.4085593452e+00 -2.8654192846e+00 -1.0027523650e+00 -3.5021392059e-01 -2.5935875775e+00 -2.4159723834e+00  2.4737159248e-01 -2.3423772357e+00 -7.4434847193e-01  8.8118579421e-01  1.0191299012e-01  4.0863620681e+00 -8.8283207904e-01  2.7416911713e-01  4.0526009551e+00 -1.3790492745e-01 -1.3177158110e+00  3.7889347940e+00  8.8096647874e-01 -4.8035680274e-01  1.6220500680e+00  1.2926983758e-01  1.1129269585e+00  1.8903503558e+00 -1.5966196117e+00  8.7001252309e-01 -5.4347503447e-01
ENERGY -8.364795256587e+02

JOB 20
COORDS -1.0476476756e+00 -8.1938341481e-01 -1.5521591458e+00 -7.4476697147e-01 -2.2955761989e+00 -1.5139109176e+00 -7.1558817318e-02 -1.7627880901e-01  3.6577262740e+00  5.9663617808e-02  1.1902573706e-01  2.1649432199e+00 -9.9539227832e-01 -7.6853306846e-02 -3.4043718296e-01 -1.2852136837e+00 -2.0238120092e-01 -2.5758627785e+00 -1.2384104987e+00 -2.0571084747e+00  1.2983062519e+00 -2.5556551091e+00  9.3983856259e-02  1.6870772363e+00 -1.3379960104e+00 -5.9866206558e-01  1.2614564614e+00 -1.5967171751e+00 -2.8427899654e+00 -1.1026920397e+00 -5.5898863437e-01 -2.6206956413e+00 -2.5377130853e+00  1.1187396032e-01 -2.5167894442e+00 -8.7491704360e-01  7.8022980920e-01  2.6318020097e-01  4.1847159939e+00 -9.8882591072e-01  2.5588372707e-01  4.0644214413e+00 -7.4257125106e-02 -1.2524373222e+00  3.8472942914e+00  9.5823371581e-01 -3.1965597295e-01  1.7252907620e+00  3.8488434339e-02  1.1906253969e+00  1.9513891595e+00 -1.3600359319e+00  8.6451503383e-01 -4.9394245383e-01
ENERGY -8.364784145307e+02

JOB 21
COORDS -1.0095786417e+00 -8.1944483937e-01 -1.5659819579e+00 -8.8992797461e-01 -2.3216123422e+00 -1.5763068838e+00 -1.1341379584e-01 -1.2642286398e-01  3.6947007055e+00  5.0349035337e-02  1.9221168496e-01  2.2096855193e+00 -8.2505715842e-01 -1.2797468072e-01 -3.3519371711e-01 -1.2025628626e+00 -1.4547302111e-01 -2.5626792398e+00 -9.5710850910e-01 -2.1187547315e+00  1.2955741867e+00 -2.5253557189e+00 -1.3817511825e-01  1.6163497883e+00 -1.2151442481e+00 -6.7975273610e-01  1.2481062492e+00 -1.7674076041e+00 -2.7747811319e+00 -1.1071808437e+00 -8.2401844464e-01 -2.6410592612e+00 -2.6164024649e+00 -2.0568321808e-02 -2.6569571528e+00 -1.0084247447e+00  6.5879603418e-01  4.0315198132e-01  4.2599404909e+00 -1.0911741310e+00  1.9512788333e-01  4.0607842941e+00 -1.2319537550e-03 -1.1972543618e+00  3.8811796254e+00  1.0110011100e+00 -1.3941551961e-01  1.8101361919e+00 -8.3865542070e-02  1.2567094921e+00  2.0002669351e+00 -1.1007075573e+00  8.4847885430e-01 -4.5356769027e-01
ENERGY -8.364774788686e+02

JOB 22
COORDS -9.5788906301e-01 -8.1505142483e-01 -1.5739654699e+00 -1.0522213479e+00 -2.3186703024e+00 -1.6047710323e+00 -1.5935740691e-01 -8.6850586113e-02  3.7133693192e+00  2.5759536895e-02  2.6004910457e-01  2.2370213678e+00 -6.4881763704e-01 -1.8500011679e-01 -3.3621680623e-01 -1.0842060535e+00 -1.0131990664e-01 -2.5533865074e+00 -6.3048928371e-01 -2.1704283436e+00  1.2976770876e+00 -2.4565295645e+00 -4.2019906050e-01  1.5292037172e+00 -1.0673180602e+00 -7.7574475914e-01  1.2266007059e+00 -1.9512419804e+00 -2.6524368851e+00 -1.0777783844e+00 -1.1051211413e+00 -2.6288734658e+00 -2.6482242651e+00 -2.0094403600e-01 -2.7791906964e+00 -1.1007386449e+00  5.0752076536e-01  5.3982174413e-01  4.3121863824e+00 -1.1872436192e+00  9.6016588344e-02  4.0349087708e+00  8.9804816138e-02 -1.1334405060e+00  3.9042326043e+00  1.0394159072e+00  6.3702341434e-02  1.8817063752e+00 -2.4508301498e-01  1.2978780130e+00  2.0245541688e+00 -8.2301510153e-01  8.1834039746e-01 -4.1539294457e-01
ENERGY -8.364767307457e+02

JOB 23
COORDS -7.3855036650e-01 -9.0665181758e-01 -1.5825548995e+00 -1.6476138333e+00 -2.1087926016e+00 -1.5720859890e+00 -2.6092985150e-01 -1.6133805054e-02  3.7122021014e+00 -2.1605901562e-01  4.1351068832e-01  2.2465774213e+00 -5.2159832689e-01 -2.3812118295e-01 -3.4776177112e-01 -2.1226269400e-01 -4.4789774324e-01 -2.5809585604e+00  5.3187542942e-01 -1.9746832591e+00  1.3063551883e+00 -1.9488958652e+00 -1.4677942043e+00  1.4045525595e+00 -5.7308520436e-01 -1.0173108789e+00  1.1902214477e+00 -2.5735517984e+00 -1.8979225127e+00 -1.0335171449e+00 -1.8514845424e+00 -2.3900327223e+00 -2.6049988000e+00 -1.1577171506e+00 -2.9426247404e+00 -1.0584813062e+00 -4.8184897844e-02  8.5119399142e-01  4.3432582628e+00 -1.2489044822e+00 -4.0021578598e-01  3.9767685069e+00  4.8533336590e-01 -7.8647817331e-01  3.9195970070e+00  7.7470874127e-01  7.7509415193e-01  1.9579709435e+00 -9.7195385934e-01  1.1648702791e+00  2.0076431530e+00  2.7189806710e-01  3.9859245210e-01 -4.3380167611e-01
ENERGY -8.364759685582e+02

