JOB 0
COORDS  7.0715970946e-01  3.3272956248e-01 -2.0211104390e+00  2.2588526283e+00 -6.1471188878e-01 -7.3456607002e-02  1.2949357169e+00 -1.7019355360e+00 -4.9018149302e-01  9.1362382720e-01 -2.4241553992e-01 -6.4595565690e-01  1.4406651992e+00  5.7195118261e-01 -4.4450480539e+00  1.8540838518e+00  2.1430978979e-01 -3.0175910651e+00 -3.5442178962e-01  8.5708970347e-01 -2.3110649275e+00 -1.1261868256e-02  2.1208989241e-01  2.6601233507e-01  2.3718916753e+00 -4.3018592872e-01  9.8996285144e-01  3.1472204879e+00 -4.3807289378e-01 -6.7027141905e-01  1.5016789251e+00 -2.2846476479e+00 -1.3819654693e+00  7.6031486026e-01 -2.2277453421e+00  2.9426700416e-01  2.2999167471e+00  5.0129496048e-01 -5.1188821111e+00  1.0417136078e+00  1.5877415157e+00 -4.4917097199e+00  6.5971313783e-01 -1.0257290813e-01 -4.8072564684e+00  2.6524319864e+00  8.8359086377e-01 -2.6687897030e+00  2.2812797162e+00 -7.9496578045e-01 -2.9765258023e+00
ENERGY -4.091660150012e+02

JOB 1
COORDS  7.2349369828e-01  3.5830818965e-01 -2.0120835792e+00  2.2364382687e+00 -5.6331347571e-01 -4.1166063938e-02  1.3667372246e+00 -1.7128571332e+00 -4.9758536186e-01  8.8684860363e-01 -2.8671064094e-01 -6.6369408934e-01  1.4170318775e+00  5.7799616930e-01 -4.4488860982e+00  1.8319523594e+00  1.5369110687e-01 -3.0394841028e+00 -2.5888366728e-01  1.0405320629e+00 -2.2479797927e+00 -9.3612248458e-02  9.3051381413e-02  2.2386236937e-01  2.2950564491e+00 -3.7270379594e-01  1.0254932851e+00  3.1293150099e+00 -3.2035498424e-01 -6.0712346054e-01  1.6492147102e+00 -2.2778685589e+00 -1.3793642300e+00  8.4256519709e-01 -2.2776421750e+00  2.6652148778e-01  2.2513938879e+00  4.5004800808e-01 -5.1451538875e+00  1.1049834760e+00  1.6245184511e+00 -4.4638512172e+00  5.7380140445e-01 -2.0312467849e-02 -4.8056269307e+00  2.6940249555e+00  7.4600617495e-01 -2.7038225449e+00  2.1694372124e+00 -8.8884430764e-01 -3.0296225284e+00
ENERGY -4.091663993910e+02

JOB 2
COORDS  6.2914672484e-01  2.0551736474e-01 -2.0668382961e+00  2.1923436299e+00 -3.2540126917e-01 -5.8499356505e-03  1.5894447311e+00 -1.6458050138e+00 -4.2881320683e-01  8.4139566929e-01 -3.5864818286e-01 -6.8914700113e-01  1.5147067280e+00  7.2649154394e-01 -4.3931909565e+00  1.6471603901e+00 -1.4807976845e-01 -3.1458328619e+00 -3.4311314495e-01  9.0348102222e-01 -2.2983922854e+00 -2.2796306640e-01 -1.2854558485e-01  1.4547655005e-01  2.1572916422e+00 -7.4162544191e-02  1.0492599667e+00  3.0446569468e+00  6.9986752576e-02 -5.4803440257e-01  2.0194982244e+00 -2.1768797381e+00 -1.2711757232e+00  1.1638483778e+00 -2.2725891989e+00  3.4808445635e-01  2.2344046253e+00  4.1284320565e-01 -5.1554133098e+00  1.6987576294e+00  1.7781306912e+00 -4.1554811126e+00  5.0818533680e-01  6.5717580690e-01 -4.8114307458e+00  2.6635147011e+00 -9.6182546939e-02 -2.7391594519e+00  1.4865192732e+00 -1.2037885352e+00 -3.4036284287e+00
ENERGY -4.091664118759e+02

JOB 3
COORDS  6.5508618785e-01  2.4011400285e-01 -2.0542469115e+00  2.1484938288e+00 -2.8431694425e-01  2.6793740144e-02  1.6514618754e+00 -1.6386697208e+00 -4.3890170094e-01  8.2889295973e-01 -4.0573853131e-01 -7.0491991719e-01  1.5141714316e+00  7.0866725099e-01 -4.4028616788e+00  1.6048772659e+00 -1.8541830852e-01 -3.1665805742e+00 -2.0522421875e-01  1.0873823101e+00 -2.2192248687e+00 -2.8399444266e-01 -2.5967591325e-01  9.4007052233e-02  2.0624717802e+00 -5.2553229729e-02  1.0833603829e+00  2.9868659882e+00  1.7792072612e-01 -4.8442153735e-01  2.1495250738e+00 -2.1265117779e+00 -1.2699151761e+00  1.2477828191e+00 -2.3057001470e+00  3.1583625358e-01  2.1908210093e+00  3.4831750349e-01 -5.1836598381e+00  1.7826702062e+00  1.7407078131e+00 -4.1604526703e+00  4.9664026828e-01  7.2122998822e-01 -4.8001202952e+00  2.6320827083e+00 -2.1737844883e-01 -2.7824941934e+00  1.3571736776e+00 -1.2248325683e+00 -3.4217648119e+00
ENERGY -4.091658259966e+02

JOB 4
COORDS  7.1806491354e-01  2.8888406094e-01 -2.0431204357e+00  2.0961510519e+00 -2.6003413512e-01  9.5260136746e-02  1.7050325651e+00 -1.6283820162e+00 -4.4041110788e-01  8.3863120704e-01 -4.3503214761e-01 -7.2224251200e-01  1.4917330549e+00  6.8282489673e-01 -4.4351261278e+00  1.5738791754e+00 -2.0858489426e-01 -3.1971917230e+00  2.4066841879e-04  1.2691967935e+00 -2.1318141707e+00 -3.3110260214e-01 -3.7245590692e-01  8.7960969459e-03  1.9343224886e+00 -6.3990338025e-02  1.1501939663e+00  2.9383713361e+00  2.5869323235e-01 -3.5257983857e-01  2.2851872984e+00 -2.0615471536e+00 -1.2483563269e+00  1.2959048358e+00 -2.3415083014e+00  2.6788102712e-01  2.1153330525e+00  2.7867609839e-01 -5.2382869075e+00  1.8296204720e+00  1.6979195737e+00 -4.2096477042e+00  4.6259244595e-01  7.5505061085e-01 -4.7953976658e+00  2.6125215155e+00 -3.0204619127e-01 -2.8521777286e+00  1.2533149399e+00 -1.2341201772e+00 -3.4253457235e+00
ENERGY -4.091640573743e+02

JOB 5
COORDS  8.2243708034e-01  3.4365552785e-01 -2.0329046712e+00  2.0298147150e+00 -2.4269570668e-01  2.0573618842e-01  1.7812416855e+00 -1.6040442959e+00 -4.3665173909e-01  8.7721346360e-01 -4.4750980233e-01 -7.3661757578e-01  1.4461651475e+00  6.5932724375e-01 -4.4806442879e+00  1.5368213584e+00 -2.3024410138e-01 -3.2424368072e+00  2.6105052880e-01  1.4242726117e+00 -2.0484330976e+00 -3.6741062947e-01 -4.9586338033e-01 -1.3082712455e-01  1.7632582683e+00 -1.2130865704e-01  1.2507860244e+00  2.8759015538e+00  3.4919776987e-01 -1.3097561266e-01  2.4651392840e+00 -1.9543830829e+00 -1.2029156673e+00  1.3589991718e+00 -2.3806028301e+00  1.9306457150e-01  1.9748303688e+00  1.9963285936e-01 -5.3211163658e+00  1.8847193922e+00  1.6422494269e+00 -4.2891734967e+00  4.0429129761e-01  8.1877381028e-01 -4.7702298335e+00  2.5856255968e+00 -4.0809557964e-01 -2.9659356217e+00  1.1197001359e+00 -1.2288178086e+00 -3.4302916283e+00
ENERGY -4.091616859470e+02

JOB 6
COORDS  9.7055304887e-01  3.9951435337e-01 -2.0266525795e+00  1.9388735589e+00 -2.3079244928e-01  3.3975335631e-01  1.8829195735e+00 -1.5555681180e+00 -4.2113068249e-01  9.3949198145e-01 -4.4138727270e-01 -7.5196516695e-01  1.3943271352e+00  6.3468957710e-01 -4.5273845006e+00  1.4839401221e+00 -2.5783935557e-01 -3.2915800433e+00  5.7728276838e-01  1.5512073021e+00 -1.9882397704e+00 -3.7493299008e-01 -6.2500920625e-01 -3.4183405009e-01  1.5446311570e+00 -2.1767974755e-01  1.3511074498e+00  2.7675300200e+00  4.4675651364e-01  1.5648395019e-01  2.6840541578e+00 -1.7930600725e+00 -1.1143398516e+00  1.4567476224e+00 -2.4084762146e+00  9.7762008749e-02  1.7791647128e+00  1.1021492949e-01 -5.4071677907e+00  1.9717387117e+00  1.5527514093e+00 -4.3897628326e+00  3.5916696322e-01  9.2717764336e-01 -4.7224245248e+00  2.5202225650e+00 -5.7484897853e-01 -3.1097107848e+00  9.2408731058e-01 -1.1941063085e+00 -3.4224809321e+00
ENERGY -4.091600923413e+02

JOB 7
COORDS  6.4035914053e-01  4.7702542429e-01 -1.9974325210e+00  3.8645542376e-01  4.7820577680e-01  6.3750747907e-01  1.8210762708e+00  3.1775211507e-02  3.5301475313e-01  7.2488265597e-01 -2.1595957197e-01 -6.3662591413e-01  1.7078553033e+00  1.0503149161e+00 -4.2399426046e+00  1.9028413210e+00  4.8765926346e-01 -2.8339089372e+00 -4.2287674843e-01  9.2590162376e-01 -2.3857721483e+00  3.0825531996e-01 -1.5367709502e+00 -7.7023861658e-01 -1.7625359728e-01 -9.5043307282e-02  1.3678024943e+00  1.4160235107e-01  1.5350286806e+00  5.9126674895e-01  2.5677313230e+00  7.8878995886e-01  1.3039118174e-01  2.1897527644e+00 -8.3101541116e-01  8.9940040928e-01  2.6503089675e+00  1.0287457288e+00 -4.7953907832e+00  1.3508836871e+00  2.0830445008e+00 -4.2022517268e+00  9.6549589302e-01  4.6884577504e-01 -4.7932333265e+00  2.6659319566e+00  1.0530004158e+00 -2.2820520669e+00  2.2816905375e+00 -5.4357075351e-01 -2.8554495654e+00
ENERGY -4.091603295051e+02

JOB 8
COORDS  6.9446201529e-01  5.6576073375e-01 -1.9614641817e+00  3.1612803492e-01  3.9733205406e-01  6.5119069581e-01  1.8001894312e+00  1.4520655613e-01  3.9678033337e-01  7.6795956464e-01 -1.9234388703e-01 -6.3873110905e-01  1.7051584806e+00  1.0288958260e+00 -4.2569162243e+00  1.8933106350e+00  4.0786361137e-01 -2.8745198003e+00 -3.0501085315e-01  1.1913756398e+00 -2.2671819043e+00  5.3310947909e-01 -1.5460241214e+00 -8.5808856922e-01 -1.8797900308e-01 -2.6822462705e-01  1.3448981181e+00 -6.0283112057e-02  1.4153505239e+00  6.2850432654e-01  2.4533252475e+00  9.9656452468e-01  2.2461725547e-01  2.2583416773e+00 -6.9038931612e-01  9.1764763307e-01  2.6017069216e+00  8.8327342721e-01 -4.8670527906e+00  1.5075125321e+00  2.1015311349e+00 -4.1814626105e+00  8.5594998207e-01  5.7626021319e-01 -4.7760959863e+00  2.7607416160e+00  8.4019574471e-01 -2.3576320950e+00  2.1113699207e+00 -6.6665075655e-01 -2.9374082354e+00
ENERGY -4.091620770013e+02

JOB 9
COORDS  7.5767432869e-01  5.9858880127e-01 -1.9337961870e+00  2.6077547184e-01  3.2851751430e-01  6.4343721227e-01  1.7684549539e+00  2.6597455988e-01  4.4425812220e-01  8.2190805603e-01 -1.8957908483e-01 -6.3567313390e-01  1.7018530418e+00  1.0348835376e+00 -4.2609783254e+00  1.8668522566e+00  3.1041235695e-01 -2.9265466200e+00 -1.5634360948e-01  1.3747944424e+00 -2.1545202436e+00  7.7540087960e-01 -1.5593700278e+00 -8.6917326882e-01 -1.8241672806e-01 -4.0084437732e-01  1.3139313832e+00 -2.3747163701e-01  1.2919368783e+00  6.0352986624e-01  2.3174182184e+00  1.1922552338e+00  2.9697642906e-01  2.3095174893e+00 -5.1647763168e-01  9.6843713783e-01  2.5298293988e+00  7.8992772183e-01 -4.9330924682e+00  1.6785044658e+00  2.1187944355e+00 -4.1200189336e+00  7.6546933292e-01  7.4887653349e-01 -4.7477796895e+00  2.8164859384e+00  5.7508885695e-01 -2.4418950816e+00  1.9120807122e+00 -7.7780246895e-01 -3.0600113433e+00
ENERGY -4.091646673304e+02

JOB 10
COORDS  8.1597436382e-01  5.9288129286e-01 -1.9146390293e+00  2.2118585172e-01  2.6310340209e-01  6.2639013497e-01  1.7245183691e+00  4.0639166960e-01  4.8970910411e-01  8.9459527821e-01 -1.9237039941e-01 -6.2567424537e-01  1.7216516452e+00  1.0608697734e+00 -4.2477509739e+00  1.8061281604e+00  1.9473634409e-01 -2.9923664197e+00 -1.3220116710e-02  1.4773593456e+00 -2.0581779449e+00  1.0525085673e+00 -1.5566835155e+00 -8.2984231618e-01 -1.4655473812e-01 -5.1564572473e-01  1.2867630531e+00 -4.0023969027e-01  1.1488206874e+00  5.4393839014e-01  2.1467273554e+00  1.3963695009e+00  3.4200303760e-01  2.3480240467e+00 -2.9214729447e-01  1.0400905770e+00  2.4524769383e+00  7.2677215123e-01 -4.9904460068e+00  1.9187192450e+00  2.1112757161e+00 -4.0162259209e+00  7.2517188460e-01  1.0067416934e+00 -4.6939410452e+00  2.8106044762e+00  2.2055552577e-01 -2.5494807356e+00  1.6277209328e+00 -8.6305288667e-01 -3.2232648034e+00
ENERGY -4.091677408565e+02

JOB 11
COORDS  8.9948418307e-01  6.1952985032e-01 -1.8912901791e+00  1.9177297084e-01  1.9645799199e-01  5.9859823559e-01  1.6736806016e+00  4.9801569952e-01  5.5642672918e-01  9.8284774435e-01 -1.7415246583e-01 -6.1605781001e-01  1.7223118246e+00  1.0578206861e+00 -4.2574150837e+00  1.7568657710e+00  1.3199328949e-01 -3.0429408982e+00  1.7188964233e-01  1.5991336780e+00 -1.9618322002e+00  1.2897225272e+00 -1.5137971924e+00 -8.0806486021e-01 -1.3117251473e-01 -6.2823861439e-01  1.2256918327e+00 -5.1005359836e-01  1.0155236371e+00  4.8158182088e-01  1.9950827054e+00  1.5272907126e+00  4.3029452171e-01  2.3341103889e+00 -1.3955618352e-01  1.1364491187e+00  2.3474733315e+00  6.5541483973e-01 -5.0602570575e+00  2.0874038009e+00  2.0565680757e+00 -4.0021352698e+00  7.0274268726e-01  1.1702522804e+00 -4.6350591711e+00  2.7787938829e+00 -8.1275585697e-03 -2.6670575998e+00  1.4130366210e+00 -8.7815144480e-01 -3.2998472734e+00
ENERGY -4.091706509358e+02

JOB 12
COORDS  1.0156186539e+00  6.6890466057e-01 -1.8639713322e+00  1.6642561136e-01  1.4194419419e-01  5.5250353314e-01  1.6192584846e+00  5.4495302548e-01  6.4394215729e-01  1.0865062238e+00 -1.3787446692e-01 -6.0030192920e-01  1.6919756130e+00  1.0365524265e+00 -4.2861378237e+00  1.7303340430e+00  1.0552367122e-01 -3.0759169354e+00  4.0602495203e-01  1.7294470918e+00 -1.8740206647e+00  1.4892377959e+00 -1.4531375786e+00 -7.8768004126e-01 -1.5015458466e-01 -7.2471470684e-01  1.1237436128e+00 -5.7595986315e-01  9.1685232664e-01  3.9284091236e-01  1.8741492420e+00  1.5964733001e+00  5.5966198820e-01  2.2731012981e+00 -6.1331827622e-02  1.2632069054e+00  2.2147218158e+00  5.8120318891e-01 -5.1327466752e+00  2.1675796476e+00  1.9950294983e+00 -4.0605652044e+00  6.6223208895e-01  1.2467194313e+00 -4.5867847336e+00  2.7597836313e+00 -1.3314350394e-01 -2.7784949815e+00  1.2751579163e+00 -8.6742344935e-01 -3.3021939323e+00
ENERGY -4.091726998001e+02

JOB 13
COORDS  1.1509659479e+00  7.2443048993e-01 -1.8339733639e+00  1.4884585296e-01  9.0389642644e-02  4.8602311676e-01  1.5603356152e+00  5.7114202433e-01  7.2562506375e-01  1.1971144732e+00 -9.6588546155e-02 -5.8019401324e-01  1.6446247073e+00  1.0156227861e+00 -4.3091431288e+00  1.7104199118e+00  9.3946227856e-02 -3.0931393818e+00  6.7622829274e-01  1.8518889784e+00 -1.7983907978e+00  1.6743067844e+00 -1.3878723215e+00 -7.6198178153e-01 -1.6732658977e-01 -8.1485429203e-01  9.9433828978e-01 -6.1984820761e-01  8.2754409754e-01  2.7886117338e-01  1.7576489290e+00  1.6373776942e+00  6.8570943280e-01  2.1865005184e+00 -1.4969972548e-02  1.3907923329e+00  2.0575497402e+00  5.1349543384e-01 -5.1893300366e+00  2.2111896846e+00  1.9347311478e+00 -4.1368831456e+00  6.1314334467e-01  1.3050114936e+00 -4.5271192222e+00  2.7396039486e+00 -2.2242718913e-01 -2.8787565339e+00  1.1646896162e+00 -8.4289041316e-01 -3.2653531482e+00
ENERGY -4.091736545279e+02

JOB 14
COORDS  9.1887518893e-01  1.8092812783e-01 -2.0946459678e+00  1.9568420260e-01 -1.9423442773e+00 -7.8643885942e-01 -2.0136879881e-01 -7.5986813794e-01  6.9078567890e-02  9.8356037461e-01 -6.5454750255e-01 -8.5098837488e-01  2.0681935225e+00  1.5131257184e+00 -3.9273446221e+00  2.2289806087e+00  7.2017313898e-01 -2.6319940591e+00 -1.6429604720e-01  3.9046294583e-01 -2.6241684849e+00  2.2373114550e+00 -6.8169866858e-01 -2.5225341161e-01  6.9805003544e-01 -2.7720769827e+00 -2.9939434580e-01 -4.1543347713e-01 -2.1838104627e+00 -1.6500126827e+00 -1.0803358637e+00 -1.9072163616e-01 -2.1494126797e-01  3.0659650382e-02 -8.0472169645e-01  1.1281996675e+00  3.0396897475e+00  1.8820373396e+00 -4.2700671182e+00  1.4033406485e+00  2.3689661629e+00 -3.7837126275e+00  1.6349341890e+00  8.9306020838e-01 -4.7168597709e+00  2.6858058068e+00  1.3279574889e+00 -1.8401812908e+00  2.9137451679e+00 -1.2871441524e-01 -2.7573324478e+00
ENERGY -4.091734863024e+02

JOB 15
COORDS  8.9466852544e-01  3.0163378736e-01 -2.0154241151e+00  2.8602353794e-01 -1.9222506158e+00 -8.3753700169e-01 -2.5112297618e-01 -8.2223254838e-01  5.9531091566e-02  9.5327915643e-01 -5.6572422408e-01 -7.9044406726e-01  2.0674917346e+00  1.4620112648e+00 -3.9486113055e+00  2.2201746716e+00  6.9060138849e-01 -2.6391275586e+00 -1.8845591985e-01  6.5248390475e-01 -2.4620398611e+00  2.1842131857e+00 -5.3082015315e-01 -1.4484407162e-01  8.3987647216e-01 -2.7296033484e+00 -3.6871270488e-01 -2.6691255767e-01 -2.1759791013e+00 -1.7363355669e+00 -1.1630464256e+00 -3.1428926329e-01 -2.3621144527e-01 -6.7459250388e-02 -9.1234782008e-01  1.1250776956e+00  3.0502223071e+00  1.7267663381e+00 -4.3504553534e+00  1.4952733698e+00  2.3810349457e+00 -3.7978090285e+00  1.5367553789e+00  8.6667727044e-01 -4.6968270874e+00  2.7735550084e+00  1.2740465614e+00 -1.8919101644e+00  2.8128601926e+00 -2.2380103532e-01 -2.7713765517e+00
ENERGY -4.091722126366e+02

JOB 16
COORDS  8.7618619379e-01  3.9753346076e-01 -1.9578670899e+00  3.8878413742e-01 -1.9008873047e+00 -8.6186351875e-01 -2.9630838159e-01 -8.7332708097e-01  3.0711149960e-02  9.1924010383e-01 -4.9239177468e-01 -7.4294814300e-01  2.0617944862e+00  1.4332926787e+00 -3.9550976024e+00  2.1993588784e+00  6.3790912958e-01 -2.6582171999e+00 -1.8009493558e-01  8.8646283598e-01 -2.3293353065e+00  2.1113104518e+00 -3.7306874915e-01 -3.3884975464e-02  9.8698838202e-01 -2.6676768337e+00 -3.7932315998e-01 -9.5392693898e-02 -2.1877529915e+00 -1.7904415937e+00 -1.2344961358e+00 -4.4189364427e-01 -3.0228387881e-01 -1.6790157122e-01 -9.7905269726e-01  1.1028407272e+00  3.0438013728e+00  1.5871022894e+00 -4.4125922810e+00  1.6093175962e+00  2.4106583687e+00 -3.7686488370e+00  1.4238360938e+00  9.1012488240e-01 -4.6729587779e+00  2.8573412629e+00  1.1488454072e+00 -1.9439286168e+00  2.6736311699e+00 -3.3767062527e-01 -2.8272179924e+00
ENERGY -4.091699716203e+02

JOB 17
COORDS  8.5738905774e-01  4.6022359594e-01 -1.9289372067e+00  5.0943969976e-01 -1.8833569619e+00 -8.4100005845e-01 -3.3714003268e-01 -9.1484317486e-01 -1.3436198426e-02  8.8609123081e-01 -4.3294755635e-01 -7.0681470109e-01  2.0609776399e+00  1.4408454093e+00 -3.9470081793e+00  2.1561092951e+00  5.5524764929e-01 -2.7060671680e+00 -1.5446424485e-01  1.0703866154e+00 -2.2340162280e+00  2.0111496821e+00 -1.8716259191e-01  7.7829829591e-02  1.1368696886e+00 -2.5861745806e+00 -3.0121394851e-01  1.2047336852e-01 -2.2326805720e+00 -1.7932245831e+00 -1.2880896745e+00 -5.7979105611e-01 -4.1462602251e-01 -2.7985423817e-01 -1.0031046948e+00  1.0664436911e+00  3.0244834888e+00  1.4754165017e+00 -4.4644677759e+00  1.7758388649e+00  2.4613961824e+00 -3.6782151186e+00  1.3069755956e+00  1.0641949861e+00 -4.6436689681e+00  2.9254919586e+00  9.1756271605e-01 -2.0130278474e+00  2.4656550306e+00 -4.6700511640e-01 -2.9616066126e+00
ENERGY -4.091671590211e+02

JOB 18
COORDS  8.2969018191e-01  5.0317498315e-01 -1.9232867695e+00  6.3944721006e-01 -1.8628342661e+00 -7.8719398677e-01 -3.6527317792e-01 -9.5936352307e-01 -6.2227318663e-02  8.5145474948e-01 -3.8204525684e-01 -6.8672281065e-01  2.0787348353e+00  1.4666441953e+00 -3.9252291828e+00  2.0823072779e+00  4.6072649249e-01 -2.7759242674e+00 -1.2555539970e-01  1.2203585662e+00 -2.1662046625e+00  1.8808426838e+00  1.7065669802e-02  1.6600526482e-01  1.2851398444e+00 -2.4830028493e+00 -1.7269989721e-01  3.6015236288e-01 -2.2865663131e+00 -1.7480595026e+00 -1.3154974433e+00 -7.4238560991e-01 -5.3969445783e-01 -3.8274545489e-01 -1.0075543565e+00  1.0216670343e+00  3.0024533055e+00  1.3856670083e+00 -4.5061272029e+00  1.9963101395e+00  2.4898237413e+00 -3.5484146174e+00  1.2315266706e+00  1.2961394175e+00 -4.5948171188e+00  2.9400558166e+00  6.1089053165e-01 -2.1085828282e+00  2.1883528090e+00 -5.6853107969e-01 -3.1455447721e+00
ENERGY -4.091644278133e+02

JOB 19
COORDS  8.3141546570e-01  5.6659755368e-01 -1.8871379049e+00  7.4353166050e-01 -1.8348862862e+00 -7.5535548462e-01 -3.8542459404e-01 -1.0085874899e+00 -1.2294046666e-01  8.2704150848e-01 -3.4431447987e-01 -6.6322493388e-01  2.0839496857e+00  1.4563810824e+00 -3.9225462279e+00  2.0172988146e+00  4.0611405993e-01 -2.8159914879e+00 -3.7321810032e-02  1.4060917702e+00 -2.0422135944e+00  1.7479510051e+00  1.4933153375e-01  2.6205583582e-01  1.3825379247e+00 -2.3995455935e+00 -8.3232873190e-02  5.7107853161e-01 -2.2913443496e+00 -1.7263213815e+00 -1.3135522383e+00 -8.8050923070e-01 -6.7124329681e-01 -4.8269296547e-01 -1.0462399174e+00  9.5730516151e-01  2.9562051148e+00  1.2851252895e+00 -4.5605849727e+00  2.1555935479e+00  2.4629680639e+00 -3.5015234374e+00  1.1865946645e+00  1.4265250927e+00 -4.5463464447e+00  2.9206549044e+00  4.1429718066e-01 -2.1918637492e+00  1.9725351909e+00 -6.0979692839e-01 -3.2318918376e+00
ENERGY -4.091621095431e+02

JOB 20
COORDS  8.7741053937e-01  6.3693577094e-01 -1.8188676861e+00  8.4529726299e-01 -1.7999143957e+00 -7.1848295016e-01 -3.9626739061e-01 -1.0537437408e+00 -2.1403636647e-01  8.2563860648e-01 -3.0829198431e-01 -6.1825424762e-01  2.0608641549e+00  1.4334530869e+00 -3.9314908620e+00  1.9547006722e+00  3.6349343242e-01 -2.8473432330e+00  1.2429551503e-01  1.5920451092e+00 -1.8746510089e+00  1.5968025071e+00  2.3617175794e-01  4.0698968306e-01  1.4396157763e+00 -2.3297549157e+00  1.9557755689e-02  8.0921352038e-01 -2.2620106401e+00 -1.7010011922e+00 -1.2683161886e+00 -9.8759954711e-01 -8.5751130495e-01 -6.0702539719e-01 -1.1015421034e+00  8.4970383004e-01  2.8572691204e+00  1.1841813638e+00 -4.6391715218e+00  2.2788664117e+00  2.4114548733e+00 -3.4940865833e+00  1.1219792611e+00  1.5254463674e+00 -4.4841567083e+00  2.8988214972e+00  2.4378814751e-01 -2.2980612106e+00  1.7582305422e+00 -6.2590523121e-01 -3.2821934896e+00
ENERGY -4.091604009369e+02

JOB 21
COORDS  7.2698203434e-01  4.3236431949e-03 -2.1664681847e+00  2.3064936116e+00 -8.4426722442e-01 -1.6646557989e-01  1.0428069479e+00 -1.6984512165e+00 -1.9333421562e-01  1.0196007383e+00 -2.8882733179e-01 -6.9643335402e-01  1.4812394022e+00  7.5723480346e-01 -4.4800945952e+00  1.8902293301e+00  4.0270479795e-01 -3.0521941486e+00 -4.1766273105e-01 -8.2240758798e-02 -2.5727719408e+00  3.7924374686e-01  6.3787499266e-01  1.1379812527e-01  2.6298598187e+00 -4.6764447904e-01  7.9898207462e-01  3.1088899093e+00 -1.0734406972e+00 -8.6097291206e-01  9.6554710996e-01 -2.5038935454e+00 -9.1770726195e-01  5.3874529897e-01 -1.8765949959e+00  7.5155480357e-01  2.3587246855e+00  1.0346564118e+00 -5.0719213340e+00  7.7826840295e-01  1.5944481273e+00 -4.4875409343e+00  9.8665187316e-01 -8.7614426633e-02 -4.9666842913e+00  2.4065944379e+00  1.2361374231e+00 -2.5562957027e+00  2.6175838021e+00 -4.2086151895e-01 -3.0450172932e+00
ENERGY -4.091601013120e+02

JOB 22
COORDS  6.9618870227e-01  1.7851320710e-01 -2.0827478699e+00  2.2973718937e+00 -7.2326679445e-01 -1.2342421957e-01  1.1598672802e+00 -1.6936526267e+00 -3.6668626027e-01  9.8136286523e-01 -2.1928522354e-01 -6.4708366614e-01  1.4690454170e+00  6.5802427758e-01 -4.4597218549e+00  1.8769486724e+00  3.1561652766e-01 -3.0280742913e+00 -4.5836509763e-01  3.0778126498e-01 -2.4496471424e+00  1.8965647288e-01  4.6368475644e-01  2.5402471519e-01  2.5187753660e+00 -4.6623427797e-01  9.0771206577e-01  3.1576245809e+00 -7.3886016299e-01 -7.8458340398e-01  1.2178401079e+00 -2.3752420934e+00 -1.2103249651e+00  6.2344331311e-01 -2.0720247299e+00  4.9783550783e-01  2.3535813557e+00  7.4819791336e-01 -5.0974744854e+00  9.1820000618e-01  1.6014710200e+00 -4.4929989279e+00  8.1690253021e-01 -1.1430638772e-01 -4.8760416446e+00  2.5510593210e+00  1.0745527958e+00 -2.6087479017e+00  2.4502956320e+00 -6.2142546130e-01 -3.0015824004e+00
ENERGY -4.091620348909e+02

JOB 23
COORDS  6.9448134557e-01  2.7207768630e-01 -2.0436224219e+00  2.2791191965e+00 -6.5848634341e-01 -9.6759040426e-02  1.2350239536e+00 -1.6929830045e+00 -4.5123720026e-01  9.4568223756e-01 -2.1583716761e-01 -6.3824461985e-01  1.4584788458e+00  6.0148762840e-01 -4.4477798732e+00  1.8652090808e+00  2.5810967722e-01 -3.0156147449e+00 -4.2895490040e-01  6.0691500310e-01 -2.3770740524e+00  7.5518966005e-02  3.2838125303e-01  2.7959625819e-01  2.4392499124e+00 -4.5572328903e-01  9.5741005187e-01  3.1600533801e+00 -5.5791939327e-01 -7.2182074361e-01  1.3756273424e+00 -2.3084841742e+00 -1.3344461011e+00  6.9454353078e-01 -2.1653322518e+00  3.6280739343e-01  2.3335582727e+00  5.9308478265e-01 -5.1046688761e+00  9.9598675336e-01  1.5903108408e+00 -4.4949664069e+00  7.2929380556e-01 -1.1760288549e-01 -4.8308166365e+00  2.6120374852e+00  9.6924311096e-01 -2.6372588242e+00  2.3548892109e+00 -7.2369746829e-01 -2.9750709070e+00
ENERGY -4.091644720896e+02

