JOB 0
COORDS  2.8879328836e+00  2.0019344872e-01 -3.4953843941e-01 -9.3276400457e-01 -5.0156169006e-01  2.3282472815e+00  4.5950934973e-01 -1.0734308103e+00  3.1086118789e-02 -2.0435651775e+00 -1.9783698166e+00  3.7390965054e-01  2.1362553383e+00 -1.0463328059e+00  7.5491244809e-01 -7.5015413128e-01 -1.9066680860e+00  1.1642127922e+00  3.9237201086e+00  3.2304148149e-01 -2.4460427962e-02  2.3725208204e+00  1.1609255860e+00 -2.6790896245e-01  2.8805679999e+00 -1.4024360080e-01 -1.3878735619e+00 -1.6138823057e+00 -8.2849469969e-01  3.1163832240e+00 -1.3730302211e+00  3.3549621360e-01  1.7799761902e+00  3.9395267154e-02 -2.3559816887e-01  2.7495871597e+00  9.1571556903e-02 -6.2589622898e-02 -1.7237780129e-01  4.1940541587e-01 -1.6667861482e+00 -8.8638356098e-01
ENERGY -9.906786586983e+02

JOB 1
COORDS  2.8163303072e+00  2.4052470419e-01 -2.4352285899e-01 -8.3825387674e-01 -4.3232500273e-01  2.2629670712e+00  4.4542889629e-01 -1.2041844234e+00 -3.9425949841e-02 -2.0860333879e+00 -1.9732211317e+00  4.4477537732e-01  2.1476644045e+00 -1.2233059181e+00  6.2305153979e-01 -7.6111276119e-01 -1.9122194644e+00  1.1823347781e+00  3.8551336970e+00  3.4635404599e-01  7.8110362488e-02  2.2662521251e+00  1.1455307898e+00  2.8259494363e-02  2.7943282440e+00  1.0072936674e-01 -1.3267305499e+00 -1.4975151095e+00 -6.8140170962e-01  3.0967291226e+00 -1.2686458183e+00  3.8744054000e-01  1.6815276801e+00  1.6079883634e-01 -1.8530491081e-01  2.6288586078e+00  1.2332811446e-01 -1.8803734315e-01 -2.8596433803e-01  3.3977922891e-01 -1.8409982625e+00 -9.2119822595e-01
ENERGY -9.906789210201e+02

JOB 2
COORDS  2.7183402143e+00  2.7485980940e-01 -1.2602391292e-01 -7.1841474509e-01 -3.6937353551e-01  2.1938461650e+00  4.3246876457e-01 -1.3311217875e+00 -1.1059483721e-01 -2.1224489616e+00 -1.9148458259e+00  4.9790667922e-01  2.1550742596e+00 -1.3498859534e+00  4.9492630733e-01 -7.6985719773e-01 -1.9021424144e+00  1.1868445181e+00  3.7540371537e+00  3.9160872741e-01  2.0179926257e-01  2.1206315927e+00  1.0883304342e+00  2.9406470453e-01  2.6864594412e+00  3.1151601641e-01 -1.2171619099e+00 -1.3700698666e+00 -5.3362159506e-01  3.0542361419e+00 -1.1099992402e+00  4.4884419286e-01  1.5834604970e+00  3.0360107267e-01 -1.7382199565e-01  2.5255827659e+00  1.3130775938e-01 -3.3024986329e-01 -4.3200027174e-01  2.8635265340e-01 -2.0305149292e+00 -9.3711399870e-01
ENERGY -9.906794625904e+02

JOB 3
COORDS  2.6016177200e+00  3.0308187091e-01 -4.0159451258e-03 -5.8662000916e-01 -3.1178583321e-01  2.1216761255e+00  4.2274774859e-01 -1.4441774248e+00 -1.7817477967e-01 -2.1406461984e+00 -1.8362788186e+00  5.4268213281e-01  2.1645947844e+00 -1.4347695111e+00  3.6021269145e-01 -7.6544789083e-01 -1.8797319319e+00  1.1849767468e+00  3.6424496985e+00  4.3294650312e-01  3.0177116354e-01  1.9787011291e+00  1.0001815947e+00  5.6261724495e-01  2.5183739382e+00  5.1074191968e-01 -1.0730983481e+00 -1.2567506062e+00 -3.8396611126e-01  2.9806123913e+00 -9.0228576332e-01  5.1157404060e-01  1.4753261585e+00  4.4485544559e-01 -1.9073467122e-01  2.4593733879e+00  1.1926051860e-01 -4.7925853187e-01 -5.9313742514e-01  2.5663238509e-01 -2.2182418146e+00 -9.3104943371e-01
ENERGY -9.906804856706e+02

JOB 4
COORDS  1.2035500871e+00  1.5837419360e+00  2.0914529700e+00  1.0984598242e+00 -2.6102408083e+00 -1.7794445486e-01  5.6094205239e-02 -5.8420550593e-02  1.5132553566e-01 -1.8331036241e-01 -1.9624840379e+00  2.0928250053e+00  1.6901957207e+00  5.2689719539e-01  6.8257557608e-01 -3.6443321237e-01 -1.8252594628e+00  5.9279770299e-01  2.1271502278e+00  1.9848775682e+00  2.5154570276e+00  6.8850176169e-01  9.9097506864e-01  2.8495730588e+00  5.7690111882e-01  2.4139548866e+00  1.7569191972e+00  9.9969863732e-01 -3.6826593427e+00  1.5224108279e-03  1.9963832857e+00 -2.2288670026e+00  3.1339292315e-01  1.1144152225e+00 -2.4088322563e+00 -1.2530192998e+00 -7.3112439381e-01  5.3831815638e-01  6.1747335408e-01 -3.9745358162e-02  2.2770980469e-02 -9.3619189712e-01
ENERGY -9.906819595863e+02

JOB 5
COORDS  1.1951615854e+00  1.4535372409e+00  2.1152180110e+00  1.0939906964e+00 -2.5710413733e+00 -1.1377304077e-01  4.8257564324e-02 -4.4423749882e-03  4.4570814728e-02 -1.0169127963e-01 -1.7371253287e+00  2.1428042943e+00  1.6612253376e+00  6.5634329926e-01  5.3626884583e-01 -3.4449237996e-01 -1.7318872639e+00  6.4317206477e-01  2.1115107833e+00  1.8736071983e+00  2.5365045626e+00  7.8317174645e-01  7.1084263377e-01  2.7992426378e+00  4.8056946170e-01  2.2619736196e+00  1.9406671368e+00  1.0269231045e+00 -3.6194067185e+00  1.8348226559e-01  2.0068642092e+00 -2.1224559442e+00  2.8448130748e-01  1.0497637163e+00 -2.4857071824e+00 -1.2034435380e+00 -7.5886668858e-01  6.1955978282e-01  4.3673584261e-01 -1.9651092777e-02 -1.9025258187e-02 -1.0477720949e+00
ENERGY -9.906845523322e+02

JOB 6
COORDS  1.2227313119e+00  1.3188931703e+00  2.1286146940e+00  1.0971213590e+00 -2.5146161058e+00 -3.2111252160e-02  2.5285333949e-02  4.4378424456e-02 -5.6441571455e-02 -1.4125817279e-01 -1.5689628398e+00  2.1537451178e+00  1.6009167145e+00  8.0368735628e-01  4.1138081641e-01 -3.5857541169e-01 -1.6443004283e+00  6.5161333905e-01  2.1236504107e+00  1.8098134039e+00  2.5041806477e+00  9.7970217502e-01  4.5006510156e-01  2.7380684944e+00  3.9760515181e-01  2.0362503062e+00  2.1369242942e+00  1.0556750479e+00 -3.5318700399e+00  3.6188967012e-01  2.0020274023e+00 -2.0083827118e+00  3.1153181516e-01  1.0438503081e+00 -2.5318177300e+00 -1.1245379340e+00 -8.1378216228e-01  6.7112623752e-01  2.6000618491e-01 -2.2127040874e-03 -4.9491814116e-02 -1.1467052062e+00
ENERGY -9.906856234464e+02

JOB 7
COORDS  1.3156935439e+00  1.1357164205e+00  2.0969881228e+00  1.1272423981e+00 -2.4116339821e+00  1.0990600815e-01 -4.3984504237e-02  9.7359538342e-02 -1.6422850961e-01 -4.0060329752e-01 -1.4192992147e+00  2.0946967860e+00  1.4968042440e+00  9.4384535979e-01  2.8308669764e-01 -4.2697175843e-01 -1.5719206501e+00  5.8372499049e-01  2.1306907714e+00  1.7960127891e+00  2.4032651776e+00  1.3824515037e+00  1.7712303559e-01  2.6065729317e+00  3.6008997258e-01  1.6066587653e+00  2.3389527710e+00  1.0892143941e+00 -3.4023953537e+00  5.6668747193e-01  1.9779708660e+00 -1.8435480949e+00  4.9200868096e-01  1.1793734559e+00 -2.5003565030e+00 -9.7909511288e-01 -9.1163018385e-01  7.0251706507e-01  1.1755979632e-01 -4.3604641378e-02 -2.5306844816e-02 -1.2519667021e+00
ENERGY -9.906843818246e+02

JOB 8
COORDS  1.3837998683e+00  9.8734621040e-01  2.0612215180e+00  1.1446257942e+00 -2.3129538447e+00  2.2295044751e-01 -1.0455643220e-01  1.3304083323e-01 -2.3951291088e-01 -5.6891893018e-01 -1.3013030335e+00  2.0546092356e+00  1.3748093730e+00  1.0844023832e+00  2.3102088393e-01 -4.6922196232e-01 -1.5133253803e+00  5.5550688855e-01  2.1330465576e+00  1.7179050590e+00  2.3763874089e+00  1.6546252047e+00 -5.0977980473e-03  2.4162131588e+00  4.1071757309e-01  1.2554733917e+00  2.4749083701e+00  1.1159937917e+00 -3.2781001702e+00  7.3227754901e-01  1.9579257624e+00 -1.6974504970e+00  6.1090663013e-01  1.2582717679e+00 -2.4593487901e+00 -8.5497467775e-01 -1.0117741197e+00  7.0607130162e-01 -2.3376285180e-02 -4.6607484090e-02 -3.1887334694e-02 -1.3199791068e+00
ENERGY -9.906819437743e+02

JOB 9
COORDS  1.4182006338e+00  9.1468182026e-01  2.0613064576e+00  1.1404884145e+00 -2.2614650909e+00  2.7586765521e-01 -1.3200766355e-01  1.4637151449e-01 -2.8614331465e-01 -6.4305227504e-01 -1.2242332285e+00  2.0402644144e+00  1.2412739746e+00  1.2248945286e+00  2.6302148826e-01 -4.9283309962e-01 -1.4712388317e+00  5.5225977391e-01  2.1348952099e+00  1.6718475665e+00  2.3899705593e+00  1.8125807254e+00 -7.7450213442e-02  2.2744750592e+00  4.7291615869e-01  1.0399477368e+00  2.5880164051e+00  1.1307460538e+00 -3.1884031327e+00  8.5247702720e-01  1.9492283045e+00 -1.6109210597e+00  6.1064018552e-01  1.2480845971e+00 -2.4839337029e+00 -7.8955412445e-01 -1.0834897492e+00  6.7784951814e-01 -1.8927779083e-01  3.5705479512e-02 -7.3175094568e-02 -1.3451646860e+00
ENERGY -9.906786381540e+02

JOB 10
COORDS  1.4605654103e+00  8.7827703614e-01  2.0563761036e+00  1.1155935375e+00 -2.2391127041e+00  3.1390228282e-01 -1.4595172005e-01  1.5647170548e-01 -3.1199918238e-01 -7.0472481698e-01 -1.1767250877e+00  2.0330443039e+00  1.0994120300e+00  1.3523344596e+00  3.2164779836e-01 -5.2132883591e-01 -1.4384350524e+00  5.5202254468e-01  2.0912215445e+00  1.6947323441e+00  2.4179601661e+00  2.0162783421e+00 -5.6363382394e-02  2.1274357470e+00  5.5464728933e-01  8.0432365020e-01  2.6545081961e+00  1.0958298138e+00 -3.1527578546e+00  9.1122774963e-01  1.9256255215e+00 -1.5884342913e+00  6.4281070278e-01  1.2319351087e+00 -2.4876239052e+00 -7.4477256365e-01 -1.1216950819e+00  6.4937978582e-01 -3.4066389889e-01  1.3532862140e-01 -1.1129437323e-01 -1.3353408401e+00
ENERGY -9.906753869580e+02

JOB 11
COORDS  2.6995757502e+00 -3.7506023034e-01  2.0067062659e-01 -3.1714968799e-01 -1.0736436086e+00  2.1070040660e+00 -1.0027270452e-01  2.4785215717e-01 -2.9088519692e-01 -1.6959717588e+00 -1.8966475413e+00 -4.1859223580e-02  1.5934606856e+00  9.6247357496e-01 -3.8593489812e-01 -2.7883940556e-01 -1.4971524071e+00  3.1943475983e-01  3.7038135918e+00  4.5468205816e-02  1.0976884716e-01  2.6373709513e+00 -1.2686279681e+00 -4.2247722234e-01  2.5336692476e+00 -6.3570239558e-01  1.2480879882e+00 -3.3458298435e-01 -2.0116429361e+00  2.6655887278e+00 -1.2395071048e+00 -5.1554378540e-01  2.2876684811e+00  5.5676494941e-01 -4.8024919857e-01  2.3851284848e+00 -7.3825238504e-01  8.8741987441e-01  3.2424140137e-01 -5.2259624470e-01  1.9063753903e-01 -1.2966647309e+00
ENERGY -9.906740041528e+02

JOB 12
COORDS  2.7038050421e+00 -3.8597871789e-01  1.5764237688e-01 -3.4055444171e-01 -1.0373052916e+00  2.1432961075e+00 -8.5951250494e-02  2.2802324601e-01 -2.8012999703e-01 -1.6710256918e+00 -1.9188211844e+00 -2.1907166826e-02  1.5703919593e+00  1.0135110538e+00 -1.7887054846e-01 -2.6648557622e-01 -1.5014526691e+00  3.6759874111e-01  3.7011248496e+00  5.9777322324e-02  1.4962236270e-01  2.6566154487e+00 -1.1527649413e+00 -6.1802641587e-01  2.5368847048e+00 -8.3723918493e-01  1.1378079000e+00 -3.5573098950e-01 -1.9612579624e+00  2.7246824591e+00 -1.2705075278e+00 -4.8400155844e-01  2.2976751058e+00  5.2361993907e-01 -4.2666633083e-01  2.4160688711e+00 -8.1062293788e-01  8.6122355587e-01  2.3795624280e-01 -3.9408062801e-01  1.2253394337e-01 -1.3236439278e+00
ENERGY -9.906760346757e+02

JOB 13
COORDS  2.7231662119e+00 -3.7601995499e-01  9.2066051816e-02 -3.9588516370e-01 -1.0090174144e+00  2.1924190624e+00 -5.2167279156e-02  1.9728150829e-01 -2.5484804359e-01 -1.6444640553e+00 -1.9465903891e+00 -4.4666648602e-03  1.5507933308e+00  1.0294538560e+00  2.4932851483e-02 -2.5782953916e-01 -1.5154911532e+00  4.3405402028e-01  3.7160165192e+00  7.8616527183e-02  1.1507470678e-01  2.6480960892e+00 -1.0102441976e+00 -7.9423432313e-01  2.5949333889e+00 -9.8139033994e-01  9.9138053054e-01 -4.6419128496e-01 -1.9208056410e+00  2.7889705146e+00 -1.3128425822e+00 -4.2374927526e-01  2.2996061088e+00  4.7749036693e-01 -4.2150635317e-01  2.4865069271e+00 -8.4372387009e-01  8.2638669015e-01  1.6062758673e-01 -2.4190923214e-01  5.2657417510e-02 -1.3223172178e+00
ENERGY -9.906787498243e+02

JOB 14
COORDS  2.7790245815e+00 -3.5596403894e-01 -1.7283055568e-02 -5.1810811609e-01 -9.7875224899e-01  2.2590209764e+00  1.0725184447e-02  1.5418871705e-01 -1.9388874889e-01 -1.5927841718e+00 -1.9930988268e+00  1.9428057507e-03  1.5684331474e+00  9.9737691084e-01  2.1783045300e-01 -2.4585984241e-01 -1.5391558860e+00  5.3450214652e-01  3.7646606231e+00  1.1303037811e-01  1.7820524739e-02  2.6518971161e+00 -8.3375241453e-01 -9.9214176491e-01  2.7132663068e+00 -1.1065561489e+00  7.7189759200e-01 -6.3353284798e-01 -1.8719220036e+00  2.8760699857e+00 -1.4386676469e+00 -3.8945631507e-01  2.2794203094e+00  3.3548870522e-01 -3.8597907818e-01  2.5972082173e+00 -8.1760277521e-01  7.9143829890e-01  1.2761809862e-01 -7.9457363903e-02 -2.1816063392e-02 -1.2702454290e+00
ENERGY -9.906813590085e+02

JOB 15
COORDS  2.8449385527e+00 -3.2388186627e-01 -1.6214025852e-01 -6.6687182942e-01 -9.3622534341e-01  2.3295687508e+00  8.4505318487e-02  9.1237368067e-02 -1.1040659612e-01 -1.5123579244e+00 -2.0751063778e+00  3.6663378084e-02  1.6181426609e+00  9.1678422199e-01  3.8945906094e-01 -2.2583649869e-01 -1.5736875230e+00  6.6855118124e-01  3.8275888187e+00  1.3795333129e-01 -4.5494613445e-02  2.6951967198e+00 -5.7171802340e-01 -1.2164823045e+00  2.8004063620e+00 -1.2322401985e+00  4.4054666518e-01 -8.4808258639e-01 -1.8025938067e+00  2.9687287349e+00 -1.5826320388e+00 -3.4665435883e-01  2.2335933272e+00  1.5429821464e-01 -3.3443215257e-01  2.7261092689e+00 -7.5703771010e-01  7.4469817173e-01  1.3609657103e-01  6.5224840652e-02 -1.1455216218e-01 -1.1850210547e+00
ENERGY -9.906832566091e+02

JOB 16
COORDS  2.8998521545e+00 -2.7072800910e-01 -2.8476151555e-01 -7.8054993294e-01 -8.9057140523e-01  2.3837436278e+00  1.4533465651e-01 -2.9661811538e-03 -5.0130097794e-02 -1.4984717037e+00 -2.1414476968e+00  1.1183344218e-01  1.6611026926e+00  7.9766750230e-01  5.3242205242e-01 -2.4348895773e-01 -1.6211351241e+00  7.9068421146e-01  3.8827475147e+00  1.1369607077e-01 -3.9715720093e-03  2.7958014112e+00 -2.2006269066e-01 -1.3716870361e+00  2.8125375294e+00 -1.3061941841e+00  5.0611012993e-02 -1.0431585376e+00 -1.7227438771e+00  3.0399252983e+00 -1.6639825341e+00 -2.7472238740e-01  2.1944766152e+00  3.1255094739e-02 -3.0467675356e-01  2.8203565738e+00 -7.0013926354e-01  6.7188307456e-01  1.1087065258e-01  1.9864277610e-01 -2.4841705800e-01 -1.1146011542e+00
ENERGY -9.906839360444e+02

JOB 17
COORDS  2.9510295352e+00 -2.0236020213e-01 -3.6531677653e-01 -8.5151881849e-01 -8.5585431023e-01  2.4230577926e+00  1.9113362828e-01 -1.2382764839e-01 -1.5657536254e-02 -1.6009532932e+00 -2.1344206022e+00  1.8135292963e-01  1.6907884893e+00  6.4570392517e-01  6.5145827140e-01 -3.2646845778e-01 -1.6791665660e+00  8.7119001952e-01  3.9255393628e+00  1.5253413472e-01 -2.2629033487e-02  2.8304907284e+00  5.1972071475e-02 -1.4211519016e+00  2.9016871036e+00 -1.2854874066e+00 -2.3175361142e-01 -1.2342866228e+00 -1.6431398127e+00  3.0756014609e+00 -1.6528613063e+00 -1.5132993873e-01  2.1842959982e+00 -2.5760744571e-03 -3.5483789845e-01  2.8930176080e+00 -6.4549685269e-01  5.7807314789e-01  4.6388853697e-02  3.2097547830e-01 -4.1827761347e-01 -1.0600819637e+00
ENERGY -9.906832463739e+02

JOB 18
COORDS  2.9951945330e+00 -1.3097130179e-01 -4.2347795857e-01 -9.0847555101e-01 -8.2871858511e-01  2.4496933946e+00  2.3484789396e-01 -2.5279206954e-01  1.5610981342e-02 -1.7312757849e+00 -2.0831248655e+00  2.2333718397e-01  1.7320179087e+00  4.6276690502e-01  7.5705834018e-01 -4.3140431732e-01 -1.7334973497e+00  9.2719984144e-01  3.9608421815e+00  2.1975611970e-01 -5.2121630056e-02  2.8235816369e+00  2.8749274289e-01 -1.4178698806e+00  3.0100425238e+00 -1.2224229140e+00 -4.7048273371e-01 -1.3908894306e+00 -1.5600507303e+00  3.1013172139e+00 -1.6239418102e+00 -4.8380583531e-02  2.1765504842e+00 -2.6400977262e-02 -4.1156387139e-01  2.9403973094e+00 -5.7371344896e-01  4.8346469531e-01 -1.6313585541e-02  4.2705754269e-01 -6.0237691164e-01 -1.0011268495e+00
ENERGY -9.906818511559e+02

JOB 19
COORDS  3.0170161777e+00 -5.8719027054e-02 -4.6442495783e-01 -9.4792396586e-01 -7.9569169269e-01  2.4663409040e+00  2.7718231556e-01 -3.8720510904e-01  3.8175705508e-02 -1.8409079919e+00 -2.0303403254e+00  2.5643051934e-01  1.7790009435e+00  2.5843318582e-01  8.4279564593e-01 -5.2701117098e-01 -1.7785518905e+00  9.7489282474e-01  3.9770922629e+00  2.8666237851e-01 -7.3691186348e-02  2.7803447200e+00  5.0340056053e-01 -1.3705085261e+00  3.0897013720e+00 -1.1256038972e+00 -6.8896440887e-01 -1.5381365908e+00 -1.4546501520e+00  3.1064531331e+00 -1.5534094412e+00  6.1305272940e-02  2.1597122660e+00 -4.1545377124e-02 -4.7963673180e-01  2.9879730329e+00 -4.8812466224e-01  3.8526581077e-01 -8.2883402127e-02  5.1420430864e-01 -8.0508710247e-01 -9.4252943929e-01
ENERGY -9.906804819623e+02

JOB 20
COORDS  3.0192838178e+00  7.8152643251e-03 -4.8991877286e-01 -9.7729454863e-01 -7.5776893199e-01  2.4710751664e+00  3.2524017182e-01 -5.2324751252e-01  6.0256310164e-02 -1.9235898102e+00 -1.9738191417e+00  2.7212534121e-01  1.8432268819e+00  2.8191830067e-02  9.0939684967e-01 -6.0962407761e-01 -1.8133775418e+00  1.0150515792e+00  3.9833306654e+00  3.3115337384e-01 -9.0086660914e-02  2.7091541585e+00  7.0390299825e-01 -1.2724244887e+00  3.1254059233e+00 -9.9934347096e-01 -9.0068050736e-01 -1.6429117165e+00 -1.3430568657e+00  3.1088075104e+00 -1.4900947750e+00  1.4475398617e-01  2.1288594114e+00 -5.9852134597e-02 -5.1350709495e-01  3.0122866710e+00 -3.7821067447e-01  2.9382664876e-01 -1.2704258830e-01  5.7341901847e-01 -1.0059422615e+00 -8.8793371030e-01
ENERGY -9.906794973985e+02

JOB 21
COORDS  3.0012583684e+00  7.0321060914e-02 -4.9564993588e-01 -9.9090296241e-01 -7.1373559367e-01  2.4638803304e+00  3.7665451101e-01 -6.6541338581e-01  7.6341797755e-02 -1.9839768915e+00 -1.9145893848e+00  2.7657048834e-01  1.9167317776e+00 -2.1636334006e-01  9.4701951385e-01 -6.7971999171e-01 -1.8403908495e+00  1.0488952905e+00  3.9767702126e+00  3.6203136774e-01 -9.9427465825e-02  2.6162142448e+00  8.7912204520e-01 -1.1210281998e+00  3.1160740331e+00 -8.4094684280e-01 -1.0882501655e+00 -1.7181760845e+00 -1.2216841209e+00  3.1006773639e+00 -1.4163192268e+00  2.1824977624e-01  2.0834077977e+00 -6.8894993141e-02 -5.2913573026e-01  3.0209374893e+00 -2.5337078830e-01  1.9856923198e-01 -1.5775713683e-01  6.0514069096e-01 -1.2064529539e+00 -8.4584505689e-01
ENERGY -9.906789292503e+02

JOB 22
COORDS  2.9698660579e+00  1.2451058605e-01 -4.8046688554e-01 -9.9536728863e-01 -6.5593093378e-01  2.4391359305e+00  4.2602755335e-01 -8.0953847866e-01  8.7720958324e-02 -2.0111405067e+00 -1.8919768644e+00  2.8071519643e-01  2.0054678562e+00 -4.8776646783e-01  9.4536000277e-01 -7.2510499768e-01 -1.8645534489e+00  1.0858468729e+00  3.9653869089e+00  3.6992886812e-01 -1.0329410343e-01  2.5173554067e+00  1.0254245988e+00 -9.0215358784e-01  3.0610950249e+00 -6.4466073307e-01 -1.2518080089e+00 -1.7644838143e+00 -1.0877510790e+00  3.0828672487e+00 -1.3546235938e+00  2.8093503685e-01  2.0060221948e+00 -7.3367967078e-02 -4.9929049907e-01  3.0043549739e+00 -1.1827953591e-01  1.0791693381e-01 -1.5905183113e-01  5.9465179634e-01 -1.3876662386e+00 -8.2547685053e-01
ENERGY -9.906786054059e+02

JOB 23
COORDS  2.9360378290e+00  1.6476223394e-01 -4.3635770934e-01 -9.8673284566e-01 -5.8018261658e-01  2.3916972305e+00  4.5815520165e-01 -9.4264137426e-01  8.0668744357e-02 -2.0155574726e+00 -1.9389921841e+00  3.1344920483e-01  2.0967374440e+00 -7.9363793991e-01  8.7312339602e-01 -7.3900611441e-01 -1.8899850331e+00  1.1322943082e+00  3.9612338713e+00  3.2905702696e-01 -9.6471424248e-02  2.4513388834e+00  1.1327059367e+00 -5.8800976194e-01  2.9586846225e+00 -3.9288659737e-01 -1.3761186601e+00 -1.7178354815e+00 -9.6739061248e-01  3.1042630117e+00 -1.3882312972e+00  3.0459508822e-01  1.8908940280e+00 -4.4201187351e-02 -3.5493079912e-01  2.8960973568e+00  1.0120074387e-02  3.3613519413e-02 -1.3206922213e-01  5.1673937273e-01 -1.5245053679e+00 -8.4368839151e-01
ENERGY -9.906785104769e+02

