JOB 0
COORDS  1.7747427081e+00 -7.1935002236e-01  1.1251761154e+00  2.9647800954e-01 -8.5654277036e-01  1.5665052737e+00  1.7511652439e+00  6.1772284607e-02 -2.1192730776e-01 -4.2777708868e-01  3.3367908280e-01  9.3241727838e-01  4.7821683694e-01  9.0819513348e-01 -1.6717222453e-01 -8.2995904516e-01  2.2330726368e-01 -5.1043532046e-01 -1.9895306050e+00  1.0536331821e+00 -1.0151674600e+00 -7.9169196028e-01 -1.0871234690e+00 -1.0488503885e+00  2.3199268576e+00 -1.3145915525e-01  1.8731393898e+00  2.2800121901e+00 -1.6870598435e+00  1.0386300133e+00 -1.3107731685e-01 -1.7998523096e+00  1.2148751399e+00  1.9626118577e-01 -8.3497003584e-01  2.6559005427e+00  2.6367970179e+00  6.9339280064e-01 -3.3009352618e-01  1.7256333643e+00 -6.3039533850e-01 -1.0604922184e+00 -1.0180314782e+00  9.9075246704e-01  1.5662693876e+00  5.4923231281e-01  1.9818297113e+00 -3.2531325677e-01 -1.9229101734e+00  1.2059095232e+00 -2.1009339863e+00 -2.0001392110e+00  2.0420844268e+00 -5.4611365454e-01 -2.9405687986e+00  5.5622289723e-01 -7.9575721604e-01 -8.3192896553e-01 -1.0080374585e+00 -2.0154429419e+00
ENERGY -3.492249650112e+02

JOB 1
COORDS  1.7718497968e+00 -7.3188661678e-01  1.1161446902e+00  2.9636407768e-01 -8.5793785611e-01  1.5698235111e+00  1.7436679406e+00  4.8947447355e-02 -2.2119056013e-01 -4.2536860740e-01  3.3419972438e-01  9.3728217911e-01  4.7261109341e-01  8.9827179605e-01 -1.7111400207e-01 -8.4374843488e-01  2.2099348395e-01 -5.0206885942e-01 -1.9992691008e+00  1.0604614467e+00 -1.0022771476e+00 -8.1880318520e-01 -1.0883576002e+00 -1.0410802943e+00  2.3278157309e+00 -1.4730229760e-01  1.8586424955e+00  2.2696289500e+00 -1.7031140376e+00  1.0261411295e+00 -1.3984310560e-01 -1.7994037526e+00  1.2244775790e+00  2.0557103748e-01 -8.3136469858e-01  2.6598989264e+00  2.6296018112e+00  6.7940710205e-01 -3.4321249601e-01  1.7194317037e+00 -6.4399693381e-01 -1.0697986198e+00 -1.0053678177e+00  9.9806887645e-01  1.5733630187e+00  5.4619547063e-01  1.9706693851e+00 -3.3551676179e-01 -1.9342814773e+00  1.2124911278e+00 -2.0875892801e+00 -2.0042030486e+00  2.0475728517e+00 -5.2966423915e-01 -2.9515800292e+00  5.6610024916e-01 -7.8272914828e-01 -6.2847218680e-01 -1.0118943666e+00 -1.9900219619e+00
ENERGY -3.492254388372e+02

JOB 2
COORDS  1.7693732210e+00 -7.4277793576e-01  1.1035257347e+00  2.9603536338e-01 -8.5966654048e-01  1.5662626618e+00  1.7387181122e+00  4.1327623608e-02 -2.3210548041e-01 -4.2221146737e-01  3.3635945004e-01  9.3852695208e-01  4.6810761013e-01  8.9150676283e-01 -1.7789187312e-01 -8.5436086159e-01  2.2139959571e-01 -4.9901153279e-01 -2.0062660565e+00  1.0692718874e+00 -9.9394925832e-01 -8.4220013644e-01 -1.0843162156e+00 -1.0471351770e+00  2.3341144161e+00 -1.6271483259e-01  1.8427777997e+00  2.2606896017e+00 -1.7168321312e+00  1.0089067062e+00 -1.4838123702e-01 -1.7974208356e+00  1.2212811528e+00  2.1245058994e-01 -8.3385281574e-01  2.6568542365e+00  2.6239669894e+00  6.7266362752e-01 -3.5390654301e-01  1.7215818301e+00 -6.4955479739e-01 -1.0836275973e+00 -9.9153762844e-01  1.0060612092e+00  1.5780278376e+00  5.4356107301e-01  1.9626416874e+00 -3.4885431884e-01 -1.9404443809e+00  1.2249780377e+00 -2.0779965514e+00 -2.0086961494e+00  2.0528393133e+00 -5.1349598619e-01 -2.9596007099e+00  5.7574254588e-01 -7.7760107185e-01 -4.3278307864e-01 -1.0339472078e+00 -1.9255439043e+00
ENERGY -3.492253102910e+02

JOB 3
COORDS  1.7647996694e+00 -7.5065680234e-01  1.0904419975e+00  2.9297258094e-01 -8.6059720444e-01  1.5596052262e+00  1.7335302123e+00  4.0605630096e-02 -2.4127709516e-01 -4.2171240563e-01  3.4075044082e-01  9.3972600413e-01  4.6206460218e-01  8.8943972785e-01 -1.8387595190e-01 -8.6432610986e-01  2.2530330954e-01 -4.9743757984e-01 -2.0139106035e+00  1.0799112387e+00 -9.8557202323e-01 -8.6762111114e-01 -1.0744556703e+00 -1.0608772054e+00  2.3364678101e+00 -1.7653180832e-01  1.8287868464e+00  2.2507550616e+00 -1.7267909818e+00  9.8968921244e-01 -1.5923827590e-01 -1.7934555679e+00  1.2107299255e+00  2.1487453907e-01 -8.4044802012e-01  2.6506060665e+00  2.6171793762e+00  6.7473756826e-01 -3.5881588404e-01  1.7285834214e+00 -6.4471084149e-01 -1.0990201135e+00 -9.8065997811e-01  1.0146898141e+00  1.5838583544e+00  5.3879165702e-01  1.9594389535e+00 -3.6070295643e-01 -1.9462570433e+00  1.2426641985e+00 -2.0677974332e+00 -2.0163398973e+00  2.0580781677e+00 -4.9403742576e-01 -2.9675792100e+00  5.8484663762e-01 -7.7439604127e-01 -2.6518064362e-01 -1.0760166955e+00 -1.8208077854e+00
ENERGY -3.492247731106e+02

JOB 4
COORDS  1.7586875350e+00 -7.5525091779e-01  1.0731444486e+00  2.8735278775e-01 -8.6121308733e-01  1.5452893528e+00  1.7289510514e+00  4.6536351937e-02 -2.5272856409e-01 -4.2397824191e-01  3.4630389635e-01  9.3506347665e-01  4.5606102322e-01  8.9287676559e-01 -1.9326112141e-01 -8.7180520422e-01  2.3311873835e-01 -5.0325124769e-01 -2.0202338848e+00  1.0921116257e+00 -9.8440851072e-01 -8.9303464032e-01 -1.0578359287e+00 -1.0869521902e+00  2.3345724507e+00 -1.8818048572e-01  1.8134022520e+00  2.2409248540e+00 -1.7325379415e+00  9.6533014294e-01 -1.7137238343e-01 -1.7890126754e+00  1.1899113108e+00  2.1222804976e-01 -8.5051554776e-01  2.6364884970e+00  2.6107885453e+00  6.8427282300e-01 -3.6261786884e-01  1.7382996442e+00 -6.2958879305e-01 -1.1196070332e+00 -9.7455038379e-01  1.0218372731e+00  1.5846905544e+00  5.3409248401e-01  1.9622256536e+00 -3.7307814652e-01 -1.9494118550e+00  1.2644018246e+00 -2.0643732333e+00 -2.0249883410e+00  2.0636304379e+00 -4.8004306454e-01 -2.9735983520e+00  5.9342944218e-01 -7.8035486242e-01 -1.3659009982e-01 -1.1366510215e+00 -1.6878696539e+00
ENERGY -3.492240957505e+02

JOB 5
COORDS  1.7549346473e+00 -7.5410691604e-01  1.0541475053e+00  2.8348873047e-01 -8.6142715010e-01  1.5263751093e+00  1.7257736597e+00  5.9242330696e-02 -2.6497295744e-01 -4.2754613987e-01  3.5134001237e-01  9.2707825604e-01  4.5113451039e-01  9.0252701583e-01 -2.0253204156e-01 -8.7622089171e-01  2.4552373699e-01 -5.1316673213e-01 -2.0249997183e+00  1.1068393842e+00 -9.8657214170e-01 -9.1395322714e-01 -1.0328129852e+00 -1.1229789927e+00  2.3311926647e+00 -1.9279297950e-01  1.7982087805e+00  2.2372491891e+00 -1.7307022469e+00  9.3947015224e-01 -1.7847402627e-01 -1.7858340190e+00  1.1643036794e+00  2.0967189628e-01 -8.6216871787e-01  2.6175321733e+00  2.6060088739e+00  7.0030116151e-01 -3.6662110502e-01  1.7460329923e+00 -6.0570020972e-01 -1.1418720956e+00 -9.7320659118e-01  1.0242564860e+00  1.5835461610e+00  5.3026026203e-01  1.9722056659e+00 -3.7960702382e-01 -1.9497904178e+00  1.2926111505e+00 -2.0635544745e+00 -2.0344512572e+00  2.0701185156e+00 -4.6713600373e-01 -2.9773147371e+00  6.0217715423e-01 -7.9236608972e-01 -5.4758051260e-02 -1.2080613800e+00 -1.5357790328e+00
ENERGY -3.492235372056e+02

JOB 6
COORDS  1.7539639987e+00 -7.5124222050e-01  1.0357267408e+00  2.8220378236e-01 -8.6551703905e-01  1.5059977649e+00  1.7228513633e+00  7.1408818581e-02 -2.7780570060e-01 -4.3136029575e-01  3.5111946718e-01  9.1744345776e-01  4.4811705726e-01  9.1415237769e-01 -2.0892935482e-01 -8.7772001370e-01  2.5863513428e-01 -5.2517536116e-01 -2.0270203709e+00  1.1218678582e+00 -9.9031716057e-01 -9.2769265724e-01 -1.0032918820e+00 -1.1663550613e+00  2.3266766928e+00 -1.9275059769e-01  1.7843963663e+00  2.2406160844e+00 -1.7252714600e+00  9.1605936831e-01 -1.7942981556e-01 -1.7896892391e+00  1.1403974957e+00  2.0837812150e-01 -8.7675012184e-01  2.5969438249e+00  2.6032452195e+00  7.1265060712e-01 -3.7568994298e-01  1.7429524348e+00 -5.8397915741e-01 -1.1624812778e+00 -9.7600720336e-01  1.0172197256e+00  1.5817800585e+00  5.2897433494e-01  1.9855145733e+00 -3.7471157898e-01 -1.9480150811e+00  1.3204900369e+00 -2.0643892357e+00 -2.0389208943e+00  2.0775899581e+00 -4.5776367206e-01 -2.9787334030e+00  6.1285946937e-01 -8.0462682935e-01 -2.5393224645e-02 -1.2881081170e+00 -1.3766036338e+00
ENERGY -3.492231644017e+02

JOB 7
COORDS  1.7597046824e+00 -7.4204024156e-01  1.0249161054e+00  2.8683517836e-01 -8.7347634056e-01  1.4880861059e+00  1.7237853610e+00  8.5655332744e-02 -2.8518547898e-01 -4.3452092835e-01  3.4365004089e-01  9.0883179188e-01  4.4872211319e-01  9.2746142267e-01 -2.0729709184e-01 -8.7359334694e-01  2.7232852068e-01 -5.3696308517e-01 -2.0238638606e+00  1.1383819549e+00 -9.9176366648e-01 -9.2851131026e-01 -9.6963909538e-01 -1.2142722430e+00  2.3208394713e+00 -1.7962077974e-01  1.7792631198e+00  2.2589865560e+00 -1.7098311802e+00  9.0487620810e-01 -1.6651861659e-01 -1.8018983363e+00  1.1199580312e+00  2.0922002657e-01 -8.9514564992e-01  2.5785077777e+00  2.6051424573e+00  7.2524710440e-01 -3.8430776848e-01  1.7341719825e+00 -5.6424410718e-01 -1.1734105441e+00 -9.8535639939e-01  9.9700645266e-01  1.5808260790e+00  5.3042412175e-01  2.0017437610e+00 -3.5266507211e-01 -1.9489880952e+00  1.3403989165e+00 -2.0653128563e+00 -2.0284961244e+00  2.0919900077e+00 -4.5591921431e-01 -2.9760814367e+00  6.3175302730e-01 -8.0231592306e-01 -4.6087048734e-02 -1.3703637719e+00 -1.2223130748e+00
ENERGY -3.492229329433e+02

JOB 8
COORDS  1.7596024983e+00 -7.2625686448e-01  1.0156361840e+00  2.8596140095e-01 -8.7180696109e-01  1.4736389224e+00  1.7218794605e+00  1.1069286564e-01 -2.8863910113e-01 -4.4551310321e-01  3.4064724068e-01  8.9595059196e-01  4.4389673142e-01  9.4729531792e-01 -2.0526546410e-01 -8.7024874588e-01  2.8628854888e-01 -5.5418857069e-01 -2.0228069296e+00  1.1495543675e+00 -1.0072726070e+00 -9.1490636525e-01 -9.3973814875e-01 -1.2602039835e+00  2.3129920749e+00 -1.6610247163e-01  1.7772410278e+00  2.2664063666e+00 -1.6896673642e+00  8.9096438794e-01 -1.5769770874e-01 -1.8086058003e+00  1.1116063765e+00  2.0498859330e-01 -8.9551607926e-01  2.5637430456e+00  2.6024240264e+00  7.5226160631e-01 -3.8122541177e-01  1.7259147807e+00 -5.3132724204e-01 -1.1811227727e+00 -1.0103464915e+00  9.7913344473e-01  1.5706860382e+00  5.2113510374e-01  2.0243937098e+00 -3.3114192678e-01 -1.9505083155e+00  1.3474474459e+00 -2.0817401944e+00 -2.0233901147e+00  2.1056321009e+00 -4.7622795085e-01 -2.9746728623e+00  6.4438482600e-01 -8.1267900146e-01 -1.1159532445e-01 -1.4493292252e+00 -1.0756972365e+00
ENERGY -3.492228001599e+02

JOB 9
COORDS  1.7657821663e+00 -7.1824343343e-01  1.0049617589e+00  2.9191758150e-01 -8.7649402123e-01  1.4589974198e+00  1.7259415518e+00  1.2953483937e-01 -2.9208144652e-01 -4.4912739415e-01  3.3153375076e-01  8.8327142661e-01  4.4580196518e-01  9.6127956127e-01 -2.0086016437e-01 -8.5971582275e-01  2.9455094722e-01 -5.7099767312e-01 -2.0141720699e+00  1.1555975924e+00 -1.0235053031e+00 -8.8484935897e-01 -9.1836767105e-01 -1.3002767322e+00  2.3132184887e+00 -1.6251964028e-01  1.7740632869e+00  2.2780229653e+00 -1.6778674426e+00  8.7344962770e-01 -1.4173400394e-01 -1.8217354701e+00  1.1028689940e+00  2.0730355838e-01 -9.0237990986e-01  2.5488118925e+00  2.6058232597e+00  7.7278901475e-01 -3.7855752253e-01  1.7208800247e+00 -5.0514060612e-01 -1.1881692859e+00 -1.0292544801e+00  9.5412893250e-01  1.5598756939e+00  5.1727700499e-01  2.0409190463e+00 -3.0675955232e-01 -1.9405957891e+00  1.3540713369e+00 -2.0978616945e+00 -2.0152612754e+00  2.1123761258e+00 -4.9375723701e-01 -2.9655760890e+00  6.4914013413e-01 -8.3048077684e-01 -2.1302796990e-01 -1.5218850248e+00 -9.4892233146e-01
ENERGY -3.492227910837e+02

JOB 10
COORDS  1.7718926284e+00 -7.1446933098e-01  9.9519113140e-01  2.9867095694e-01 -8.8343072483e-01  1.4475206774e+00  1.7291610501e+00  1.4503739268e-01 -2.9353801737e-01 -4.5173102011e-01  3.1958355347e-01  8.7319583431e-01  4.4620853203e-01  9.7051076667e-01 -1.9467701970e-01 -8.4990553873e-01  2.9619121666e-01 -5.8469284813e-01 -2.0078030465e+00  1.1532268256e+00 -1.0377152088e+00 -8.4548742232e-01 -9.0778148624e-01 -1.3294438211e+00  2.3160152379e+00 -1.6525090908e-01  1.7713412364e+00  2.2872294317e+00 -1.6709792381e+00  8.5432824311e-01 -1.2509674123e-01 -1.8367985365e+00  1.0974918709e+00  2.1160077367e-01 -9.0961432855e-01  2.5372133758e+00  2.6075971464e+00  7.9101967239e-01 -3.7466914426e-01  1.7160042017e+00 -4.8307175739e-01 -1.1928171552e+00 -1.0477541662e+00  9.2703497992e-01  1.5496714639e+00  5.0985361183e-01  2.0520938667e+00 -2.8377904238e-01 -1.9335945471e+00  1.3499665675e+00 -2.1124186399e+00 -2.0114855166e+00  2.1119298283e+00 -5.1113956007e-01 -2.9582004753e+00  6.4457578489e-01 -8.4546503813e-01 -3.4554404021e-01 -1.5830609108e+00 -8.4632166490e-01
ENERGY -3.492229070885e+02

JOB 11
COORDS  1.7817939468e+00 -7.0678527571e-01  9.8841308043e-01  3.0932713602e-01 -8.8508495396e-01  1.4390507728e+00  1.7368581602e+00  1.6299959872e-01 -2.9297511570e-01 -4.4836066399e-01  3.1358200126e-01  8.6555425608e-01  4.4991289951e-01  9.8079241529e-01 -1.8911660020e-01 -8.3705031083e-01  2.9827179328e-01 -5.9530198336e-01 -1.9998606416e+00  1.1493777599e+00 -1.0494530949e+00 -7.9695765983e-01 -9.0088591030e-01 -1.3475564034e+00  2.3235389260e+00 -1.6364557063e-01  1.7706226666e+00  2.2992591272e+00 -1.6606406712e+00  8.3890024557e-01 -1.0424490482e-01 -1.8445117706e+00  1.0912093785e+00  2.1941421807e-01 -9.1203321346e-01  2.5285754257e+00  2.6125313587e+00  8.1361549167e-01 -3.6795979107e-01  1.7198347939e+00 -4.5997491312e-01 -1.1946050968e+00 -1.0580131025e+00  9.0910972633e-01  1.5404303471e+00  5.0418549947e-01  2.0636528221e+00 -2.6737405670e-01 -1.9224499321e+00  1.3494312889e+00 -2.1233631147e+00 -2.0127407831e+00  2.1074884546e+00 -5.2136391468e-01 -2.9481787744e+00  6.3421357962e-01 -8.6363809482e-01 -4.9781665594e-01 -1.6246456034e+00 -7.7637979434e-01
ENERGY -3.492231150040e+02

JOB 12
COORDS  1.7967581682e+00 -6.9798735532e-01  9.8712859800e-01  3.2454965934e-01 -8.8627892591e-01  1.4340615260e+00  1.7505181131e+00  1.7761091707e-01 -2.8989536254e-01 -4.3878300628e-01  3.0897249204e-01  8.6106330372e-01  4.5812495193e-01  9.8638086531e-01 -1.8541150775e-01 -8.2098591419e-01  2.9685177269e-01 -6.0208274902e-01 -1.9896858497e+00  1.1414036309e+00 -1.0565737722e+00 -7.4505561502e-01 -9.0082278475e-01 -1.3549696787e+00  2.3345936390e+00 -1.5738113377e-01  1.7739958221e+00  2.3179518412e+00 -1.6488240912e+00  8.3259002958e-01 -7.8106879128e-02 -1.8484664177e+00  1.0818471647e+00  2.3121538317e-01 -9.1523473559e-01  2.5233042809e+00  2.6220367256e+00  8.3463463803e-01 -3.5905860175e-01  1.7350211003e+00 -4.4318580830e-01 -1.1920441754e+00 -1.0583455210e+00  8.9697026882e-01  1.5335136940e+00  5.0264457776e-01  2.0698970179e+00 -2.5956870343e-01 -1.9088770447e+00  1.3484247727e+00 -2.1289245397e+00 -2.0150550497e+00  2.0966820792e+00 -5.2322795199e-01 -2.9353126613e+00  6.1771740084e-01 -8.7947156381e-01 -6.6460287215e-01 -1.6501007418e+00 -7.4545555128e-01
ENERGY -3.492234326573e+02

JOB 13
COORDS  1.8120009431e+00 -6.9082836554e-01  9.9024873267e-01  3.3983209611e-01 -8.9006134703e-01  1.4310414799e+00  1.7646112400e+00  1.8529887767e-01 -2.8608706466e-01 -4.2718954852e-01  3.0370204048e-01  8.5967209684e-01  4.6644626886e-01  9.8562602577e-01 -1.8484282746e-01 -8.0730921805e-01  2.9194039962e-01 -6.0504657532e-01 -1.9804980369e+00  1.1322312435e+00 -1.0595852774e+00 -7.0117415573e-01 -9.0603890569e-01 -1.3541710392e+00  2.3439436076e+00 -1.4810383174e-01  1.7799126107e+00  2.3389942820e+00 -1.6382892577e+00  8.3548616354e-01 -5.2880424681e-02 -1.8507209507e+00  1.0669297015e+00  2.4243654889e-01 -9.2461184043e-01  2.5199199757e+00  2.6312160663e+00  8.4945811411e-01 -3.5132539650e-01  1.7548858624e+00 -4.3620257944e-01 -1.1870221990e+00 -1.0504561133e+00  8.8943937330e-01  1.5306595079e+00  5.0293599565e-01  2.0692984285e+00 -2.6052107424e-01 -1.8955517963e+00  1.3476506975e+00 -2.1299057612e+00 -2.0177854824e+00  2.0833187935e+00 -5.1903653509e-01 -2.9244583001e+00  6.0162143878e-01 -8.9194178883e-01 -8.4465867260e-01 -1.6571068946e+00 -7.5858661809e-01
ENERGY -3.492239247991e+02

JOB 14
COORDS  1.8272320232e+00 -6.8140639706e-01  9.9763144269e-01  3.5472292586e-01 -8.9152219893e-01  1.4308674176e+00  1.7789139581e+00  1.9082430269e-01 -2.8120086984e-01 -4.1501545107e-01  3.0180916302e-01  8.6195202510e-01  4.7438460437e-01  9.8253474184e-01 -1.8588220030e-01 -7.9558699560e-01  2.8571848215e-01 -6.0398856487e-01 -1.9730001990e+00  1.1201604203e+00 -1.0607273741e+00 -6.6322403213e-01 -9.1485339461e-01 -1.3443138172e+00  2.3522901716e+00 -1.3287182028e-01  1.7881419990e+00  2.3613015462e+00 -1.6254346119e+00  8.4663532411e-01 -2.9644967739e-02 -1.8473000423e+00  1.0497476032e+00  2.5273019396e-01 -9.3423809249e-01  2.5192016970e+00  2.6397572881e+00  8.6298247601e-01 -3.4328561242e-01  1.7787616397e+00 -4.3328000250e-01 -1.1797157858e+00 -1.0370364967e+00  8.8974581983e-01  1.5322311854e+00  5.0391115813e-01  2.0659417040e+00 -2.6829877271e-01 -1.8837599076e+00  1.3435905325e+00 -2.1290208394e+00 -2.0233302753e+00  2.0668075067e+00 -5.1326649262e-01 -2.9152819227e+00  5.8272242504e-01 -9.0215028399e-01 -1.0216463512e+00 -1.6414397566e+00 -8.1169001688e-01
ENERGY -3.492245582459e+02

JOB 15
COORDS  1.8375148625e+00 -6.7121270827e-01  1.0048407731e+00  3.6504565451e-01 -8.8923855055e-01  1.4336096880e+00  1.7874879942e+00  1.9517247245e-01 -2.7788294989e-01 -4.0722636999e-01  3.0345008334e-01  8.6672882311e-01  4.7745648866e-01  9.7962636801e-01 -1.8776247276e-01 -7.8968708775e-01  2.7898389779e-01 -5.9990030578e-01 -1.9705970148e+00  1.1059051218e+00 -1.0617870727e+00 -6.3400069692e-01 -9.2422164632e-01 -1.3304503426e+00  2.3579370058e+00 -1.1630645157e-01  1.7941755505e+00  2.3773059500e+00 -1.6126363499e+00  8.5814195447e-01 -1.4876049833e-02 -1.8394749243e+00  1.0382406024e+00  2.6068872287e-01 -9.3779179793e-01  2.5216219631e+00  2.6432462117e+00  8.7403094474e-01 -3.3959440029e-01  1.7959936553e+00 -4.3237217783e-01 -1.1735595656e+00 -1.0260615571e+00  8.9535620424e-01  1.5366266636e+00  5.0159491243e-01  2.0624656394e+00 -2.7933193235e-01 -1.8774489561e+00  1.3341971925e+00 -2.1287334485e+00 -2.0332355466e+00  2.0493818282e+00 -5.1021315070e-01 -2.9113802356e+00  5.6273728036e-01 -9.0974730020e-01 -1.1837002097e+00 -1.6031412862e+00 -9.0832845968e-01
ENERGY -3.492251520552e+02

JOB 16
COORDS  1.8430723715e+00 -6.6020457872e-01  1.0113322376e+00  3.7125582425e-01 -8.8132458894e-01  1.4399204120e+00  1.7905180311e+00  1.9845331824e-01 -2.7648883253e-01 -4.0270489998e-01  3.1016812032e-01  8.7340730410e-01  4.7680760099e-01  9.7842239460e-01 -1.9089946702e-01 -7.8908059246e-01  2.7390772306e-01 -5.9323118064e-01 -1.9724132039e+00  1.0930965779e+00 -1.0618706880e+00 -6.1537969701e-01 -9.3274883436e-01 -1.3135820623e+00  2.3622265321e+00 -9.8774530112e-02  1.7970388808e+00  2.3858912946e+00 -1.6005888740e+00  8.6938326067e-01 -8.3605871741e-03 -1.8267618598e+00  1.0355142973e+00  2.6722689781e-01 -9.3208396024e-01  2.5279460064e+00  2.6426642596e+00  8.8182451853e-01 -3.4040367629e-01  1.8051730754e+00 -4.3332062743e-01 -1.1689601531e+00 -1.0161549576e+00  9.0816888629e-01  1.5429733134e+00  4.9790120787e-01  2.0603687959e+00 -2.9372772211e-01 -1.8764215268e+00  1.3239949363e+00 -2.1280894081e+00 -2.0455074043e+00  2.0345926745e+00 -5.0850124655e-01 -2.9119938695e+00  5.4551603884e-01 -9.1353038808e-01 -1.3206545740e+00 -1.5421265082e+00 -1.0422103575e+00
ENERGY -3.492254610127e+02

JOB 17
COORDS  1.8459804067e+00 -6.4834335729e-01  1.0176310762e+00  3.7554555697e-01 -8.7011884345e-01  1.4507247607e+00  1.7880090273e+00  2.0066721577e-01 -2.7659876910e-01 -3.9997828265e-01  3.1944167577e-01  8.8263297431e-01  4.7272280272e-01  9.7907510824e-01 -1.9129882118e-01 -7.9306143915e-01  2.6817766522e-01 -5.8246417069e-01 -1.9771257492e+00  1.0784470953e+00 -1.0615252305e+00 -6.0597252961e-01 -9.4359238451e-01 -1.2919105092e+00  2.3662080350e+00 -7.9750948053e-02  1.7975698731e+00  2.3907688480e+00 -1.5883667908e+00  8.8073112199e-01 -6.4336095276e-03 -1.8131109399e+00  1.0445718479e+00  2.7445115630e-01 -9.1864231403e-01  2.5391834602e+00  2.6385997447e+00  8.8516684413e-01 -3.4924715883e-01  1.8014881816e+00 -4.3755139924e-01 -1.1645741631e+00 -1.0092231330e+00  9.2246117958e-01  1.5518877798e+00  4.9196144769e-01  2.0601382704e+00 -3.0471661078e-01 -1.8773089305e+00  1.3069106723e+00 -2.1281354306e+00 -2.0578953687e+00  2.0210198029e+00 -5.1163562138e-01 -2.9166229054e+00  5.2916066882e-01 -9.1416967120e-01 -1.4194260878e+00 -1.4656042873e+00 -1.2007457432e+00
ENERGY -3.492252111211e+02

JOB 18
COORDS  1.7710873636e+00 -6.9510794336e-01  1.1154153517e+00  2.8266335690e-01 -8.7747739654e-01  1.5021291938e+00  1.7722228033e+00  1.3069092224e-01 -1.9488712952e-01 -4.4248542109e-01  3.2720009632e-01  9.0025060660e-01  4.7784383051e-01  9.4754020525e-01 -1.5742714572e-01 -7.9502636410e-01  2.6341613926e-01 -5.7420016364e-01 -1.9399617978e+00  1.0963403707e+00 -1.1039957816e+00 -6.1527468179e-01 -9.6725838532e-01 -1.2563293639e+00  2.2773075495e+00 -1.2199136531e-01  1.9013657605e+00  2.3003408607e+00 -1.6484505979e+00  1.0136250830e+00 -1.1125076129e-01 -1.8106008354e+00  1.0857263459e+00  1.4486697645e-01 -9.1595560195e-01  2.5869198167e+00  2.6443226587e+00  7.8846556683e-01 -2.5879698842e-01  1.7891495524e+00 -5.2449368037e-01 -1.0706413663e+00 -1.0519303798e+00  9.5581787036e-01  1.5456158763e+00  5.3139200804e-01  2.0260623855e+00 -2.8484735591e-01 -1.7990293121e+00  1.3109949890e+00 -2.1691982698e+00 -2.0145410758e+00  2.0471225431e+00 -5.6811121782e-01 -2.8988818478e+00  5.7467488852e-01 -9.8022686773e-01 -1.4922657010e+00 -1.3601808730e+00 -1.3899659404e+00
ENERGY -3.492243851299e+02

JOB 19
COORDS  1.7786064849e+00 -6.9657210791e-01  1.1240015907e+00  2.9176965530e-01 -8.7433417386e-01  1.5191319539e+00  1.7741853945e+00  1.1967508786e-01 -1.9235526528e-01 -4.3441757475e-01  3.2736245847e-01  9.1246218568e-01  4.8207800492e-01  9.3963892273e-01 -1.5410020331e-01 -7.9424644685e-01  2.5018183526e-01 -5.5742532014e-01 -1.9403179181e+00  1.0778525700e+00 -1.0911805754e+00 -6.2464075858e-01 -9.9672327935e-01 -1.2180293218e+00  2.2897617722e+00 -1.1834237622e-01  1.9029878791e+00  2.3059715973e+00 -1.6513920294e+00  1.0262809646e+00 -1.0737313061e-01 -1.8078862939e+00  1.1093857055e+00  1.5930881522e-01 -9.0527106955e-01  2.6048014820e+00  2.6479668746e+00  7.7406715235e-01 -2.6703465832e-01  1.7831127252e+00 -5.4234149946e-01 -1.0634335652e+00 -1.0407714506e+00  9.6045095443e-01  1.5565691831e+00  5.3716308769e-01  2.0172880188e+00 -2.8929307950e-01 -1.8065150794e+00  1.2813011676e+00 -2.1600982369e+00 -2.0074089682e+00  2.0360641576e+00 -5.6825477830e-01 -2.9000331575e+00  5.6142635495e-01 -9.5227619312e-01 -1.4899941125e+00 -1.2738630422e+00 -1.5548701114e+00
ENERGY -3.492231972317e+02

JOB 20
COORDS  1.7765337295e+00 -6.9305024307e-01  1.1278875241e+00  2.9097443954e-01 -8.6423319164e-01  1.5313028604e+00  1.7683674245e+00  1.1342942620e-01 -1.9455819296e-01 -4.3584216743e-01  3.3367654804e-01  9.1750140796e-01  4.7969494531e-01  9.3772112631e-01 -1.5695189696e-01 -8.0023084843e-01  2.4312380192e-01 -5.4671976883e-01 -1.9508089516e+00  1.0647770456e+00 -1.0793730707e+00 -6.5285075648e-01 -1.0251313112e+00 -1.1765829244e+00  2.2932693122e+00 -1.1053876923e-01  1.8999554926e+00  2.3006579649e+00 -1.6500865651e+00  1.0345318428e+00 -1.1346121917e-01 -1.7996911911e+00  1.1316769410e+00  1.6352679681e-01 -8.8495940137e-01  2.6177783095e+00  2.6444754321e+00  7.6347104546e-01 -2.7899771990e-01  1.7689103815e+00 -5.5596696067e-01 -1.0603745981e+00 -1.0407416315e+00  9.7124775177e-01  1.5585761776e+00  5.3668659008e-01  2.0144510786e+00 -2.9970956247e-01 -1.8271303683e+00  1.2619083998e+00 -2.1514793107e+00 -2.0120889215e+00  2.0286845221e+00 -5.6659232576e-01 -2.9081993885e+00  5.4904436494e-01 -9.2614112553e-01 -1.4450472555e+00 -1.1889480971e+00 -1.7081751096e+00
ENERGY -3.492222068865e+02

JOB 21
COORDS  1.7793687435e+00 -6.9642609733e-01  1.1320466771e+00  2.9478338831e-01 -8.6197694935e-01  1.5412928742e+00  1.7686663779e+00  1.0068724643e-01 -1.9594808749e-01 -4.3202742417e-01  3.3246772737e-01  9.1986103560e-01  4.8482292120e-01  9.3167440883e-01 -1.5947707240e-01 -7.9978110071e-01  2.3575008791e-01 -5.3890571588e-01 -1.9571498969e+00  1.0546540761e+00 -1.0618707409e+00 -6.8550519206e-01 -1.0514809972e+00 -1.1369396560e+00  2.2994852394e+00 -1.0939022185e-01  1.8983994153e+00  2.3014625629e+00 -1.6550991645e+00  1.0439282149e+00 -1.1377749252e-01 -1.8004286895e+00  1.1534595154e+00  1.7128432834e-01 -8.7191127250e-01  2.6284167188e+00  2.6483070297e+00  7.4441760722e-01 -2.9096509956e-01  1.7593144036e+00 -5.7674588174e-01 -1.0557652688e+00 -1.0368274505e+00  9.7360423081e-01  1.5571965861e+00  5.4598666789e-01  2.0078946788e+00 -3.0517529630e-01 -1.8545489499e+00  1.2380300613e+00 -2.1394953837e+00 -2.0024968437e+00  2.0276569817e+00 -5.6496387815e-01 -2.9114833987e+00  5.4342764627e-01 -8.8249125007e-01 -1.3458575065e+00 -1.1140526411e+00 -1.8416171024e+00
ENERGY -3.492220278012e+02

JOB 22
COORDS  1.7670584623e+00 -6.7923518825e-01  1.1342043337e+00  2.8345831336e-01 -8.4400640877e-01  1.5470682560e+00  1.7515213590e+00  1.0299604660e-01 -2.0212750674e-01 -4.4598617176e-01  3.4448441577e-01  9.1623334061e-01  4.7061571961e-01  9.3820636065e-01 -1.6801669081e-01 -8.1879352772e-01  2.4025489413e-01 -5.3702163863e-01 -1.9818736171e+00  1.0566412159e+00 -1.0529018539e+00 -7.3459127326e-01 -1.0609295992e+00 -1.1046438173e+00  2.2860367033e+00 -8.1746819281e-02  1.8932533839e+00  2.2921569393e+00 -1.6371780544e+00  1.0562520007e+00 -1.2458041773e-01 -1.7872749421e+00  1.1712078968e+00  1.6227207530e-01 -8.4257161355e-01  2.6345285886e+00  2.6333470894e+00  7.4143175127e-01 -3.1122102422e-01  1.7334944082e+00 -5.8635823761e-01 -1.0525706948e+00 -1.0518328472e+00  9.8917342341e-01  1.5486639211e+00  5.3439791981e-01  2.0137419811e+00 -3.1740337512e-01 -1.8982704336e+00  1.2230294591e+00 -2.1355531193e+00 -2.0133022190e+00  2.0391417200e+00 -5.7365664573e-01 -2.9328990682e+00  5.4971029212e-01 -8.5042870449e-01 -1.2143778932e+00 -1.0497007393e+00 -1.9459489034e+00
ENERGY -3.492227719424e+02

JOB 23
COORDS  1.7778024160e+00 -7.0761844935e-01  1.1308675486e+00  2.9671815016e-01 -8.5616504366e-01  1.5588770836e+00  1.7596009637e+00  7.6311200931e-02 -2.0465913815e-01 -4.2896660497e-01  3.3397665502e-01  9.2625616336e-01  4.8385423056e-01  9.1867672113e-01 -1.6491370677e-01 -8.1537984257e-01  2.2775917864e-01 -5.2148059296e-01 -1.9779813124e+00  1.0507004820e+00 -1.0296520986e+00 -7.5944023914e-01 -1.0801847228e+00 -1.0700847036e+00  2.3119779121e+00 -1.1766844259e-01  1.8851853523e+00  2.2905151141e+00 -1.6716479170e+00  1.0465174949e+00 -1.2279751387e-01 -1.7993670330e+00  1.1965636081e+00  1.8661068681e-01 -8.4367305359e-01  2.6474646166e+00  2.6441770767e+00  7.1049047928e-01 -3.1663416312e-01  1.7367292367e+00 -6.1301921210e-01 -1.0552261113e+00 -1.0274397198e+00  9.8452869744e-01  1.5593510359e+00  5.5210542756e-01  1.9933915243e+00 -3.1773662976e-01 -1.9061451832e+00  1.2092273162e+00 -2.1144938507e+00 -1.9972540311e+00  2.0370536184e+00 -5.5719122802e-01 -2.9281970164e+00  5.4845191401e-01 -8.1560260501e-01 -1.0279981446e+00 -1.0209651573e+00 -2.0000395194e+00
ENERGY -3.492239572030e+02

