JOB 0
COORDS  5.5974568375e+00 -5.7673787705e+00  7.0562916806e-01  4.9386063890e+00 -5.2369823128e+00 -3.4114767479e-01  3.4871057089e+00 -5.3372141897e+00 -5.9535921334e-01  2.4484769751e+00 -6.2065093345e+00  4.2328970629e-01  3.1443062224e+00 -4.7102527567e+00 -1.7514096743e+00  1.9480672981e+00 -4.4727584636e+00 -2.4473165966e+00  2.0811019502e+00 -3.8389855891e+00 -3.7102956527e+00  9.8655850326e-01 -3.5236146529e+00 -4.4881465794e+00 -3.7408499696e-01 -3.8131974955e+00 -4.0619458278e+00 -4.6091120291e-01 -4.4575521062e+00 -2.7628420064e+00  6.4152003521e-01 -4.7763513740e+00 -1.9906991587e+00 -1.3875687773e+00 -3.5260509360e+00 -4.7653977615e+00  6.6712495724e+00 -5.6344784488e+00  8.1173013585e-01  5.0604011316e+00 -6.3352696212e+00  1.4606242367e+00  5.5164936817e+00 -4.6639541501e+00 -1.0725028351e+00  3.9467000906e+00 -4.4610739160e+00 -2.3208971199e+00  3.0836988757e+00 -3.5924266613e+00 -4.0711415255e+00  1.1148119549e+00 -3.0387701370e+00 -5.4538601657e+00 -1.4591222457e+00 -4.6980950466e+00 -2.4020639952e+00  5.2341845122e-01 -5.2658707809e+00 -1.0323079322e+00
ENERGY -8.760315660609e+02

JOB 1
COORDS  1.4413692431e+00 -2.4351529458e+00  1.7133663722e+00  2.3629194122e+00 -3.3865660335e+00  1.4466391474e+00  2.4204973256e+00 -4.2359436256e+00  2.4471356050e-01  3.2570098675e+00 -5.7101785104e+00  3.1809979523e-01  1.8446617003e+00 -3.6709278394e+00 -8.4784965427e-01  1.5732777838e+00 -4.1311959333e+00 -2.1486295772e+00  1.2702235926e+00 -3.1437918778e+00 -3.1189990283e+00  9.2402224321e-01 -3.4756479722e+00 -4.4136562335e+00  8.3906316576e-01 -4.8570318991e+00 -4.8603838180e+00  1.1510936780e+00 -5.8329467858e+00 -3.8298510848e+00  1.5036879060e+00 -5.4907605998e+00 -2.5368630964e+00  5.1644462161e-01 -5.1760896775e+00 -6.0436059447e+00  1.4907712174e+00 -1.8555788066e+00  2.6320843342e+00  6.0011394510e-01 -2.2379062720e+00  1.0526498769e+00  3.1321190611e+00 -3.6067669049e+00  2.1829668461e+00  1.8395757671e+00 -2.6563184165e+00 -8.0450107602e-01  1.3065755862e+00 -2.0909918827e+00 -2.8259735365e+00  6.9390643746e-01 -2.7001740315e+00 -5.1415706833e+00  1.1065411253e+00 -6.8813053151e+00 -4.1186308267e+00  1.7442479238e+00 -6.2584737436e+00 -1.8112744712e+00
ENERGY -8.760288355899e+02

JOB 2
COORDS  1.3834020804e+00 -2.5148273205e+00  1.7414691191e+00  2.3544154834e+00 -3.4093827745e+00  1.4512361108e+00  2.4600904398e+00 -4.2005036289e+00  2.1603708927e-01  3.4588594735e+00 -5.5698450137e+00  1.9362228659e-01  1.8282755030e+00 -3.6223042476e+00 -8.4878073174e-01  1.5697253853e+00 -4.0978751981e+00 -2.1490215205e+00  1.3210913097e+00 -3.1283366254e+00 -3.1505333881e+00  9.7386416499e-01 -3.4841401816e+00 -4.4395436806e+00  8.2938642383e-01 -4.8726469374e+00 -4.8447064380e+00  1.0849958076e+00 -5.8306762644e+00 -3.7815867940e+00  1.4408412523e+00 -5.4632193429e+00 -2.4968998062e+00  5.0313277702e-01 -5.2144653880e+00 -6.0209233932e+00  1.3966366489e+00 -1.9633025627e+00  2.6786913186e+00  5.4209359208e-01 -2.3401664449e+00  1.0752571069e+00  3.1309509172e+00 -3.6152048730e+00  2.1841283192e+00  1.9194720254e+00 -2.6105601076e+00 -8.5187799775e-01  1.3992244707e+00 -2.0697112007e+00 -2.8881010692e+00  7.8650981473e-01 -2.7218772310e+00 -5.1931856659e+00  9.9526086150e-01 -6.8842112131e+00 -4.0393125331e+00  1.6398931720e+00 -6.2204925174e+00 -1.7472374306e+00
ENERGY -8.760242717300e+02

JOB 3
COORDS  1.3276619334e+00 -2.6101117957e+00  1.7705421118e+00  2.3464603230e+00 -3.4413733799e+00  1.4536770987e+00  2.5045407923e+00 -4.1550083217e+00  1.8069568105e-01  3.6377672968e+00 -5.4066751938e+00  6.0707904030e-02  1.8200862665e+00 -3.5553009210e+00 -8.5438649846e-01  1.5650143580e+00 -4.0535808177e+00 -2.1501976068e+00  1.3708104729e+00 -3.1119136166e+00 -3.1876666701e+00  1.0217641907e+00 -3.4994223529e+00 -4.4682666706e+00  8.2005726206e-01 -4.8931304156e+00 -4.8249861904e+00  1.0208261770e+00 -5.8224934866e+00 -3.7245234061e+00  1.3781412270e+00 -5.4224222003e+00 -2.4503029568e+00  4.8995323297e-01 -5.2649445479e+00 -5.9915874800e+00  1.3009235725e+00 -2.1020681217e+00  2.7319451414e+00  4.9273053949e-01 -2.4464237135e+00  1.0943377314e+00  3.1240374822e+00 -3.6426442450e+00  2.1869468717e+00  2.0117407963e+00 -2.5586915757e+00 -9.0878143376e-01  1.4921826466e+00 -2.0488157286e+00 -2.9623349602e+00  8.7594710317e-01 -2.7576740546e+00 -5.2509771617e+00  8.8504004680e-01 -6.8795700363e+00 -3.9448595796e+00  1.5324358834e+00 -6.1614845479e+00 -1.6712510239e+00
ENERGY -8.760180661170e+02

JOB 4
COORDS  1.2686104299e+00 -2.7540521652e+00  1.8086610651e+00  2.3486515626e+00 -3.4855379047e+00  1.4477470186e+00  2.5680078651e+00 -4.0728574630e+00  1.2454340138e-01  3.8348099428e+00 -5.1635032810e+00 -1.1513729463e-01  1.8037639014e+00 -3.4538873228e+00 -8.6551203924e-01  1.5499045851e+00 -3.9856249873e+00 -2.1528715038e+00  1.4310788221e+00 -3.0927920166e+00 -3.2409369945e+00  1.0875939565e+00 -3.5298396427e+00 -4.5088062191e+00  8.1909502717e-01 -4.9272846393e+00 -4.7962024654e+00  9.4279144942e-01 -5.8068604445e+00 -3.6441227340e+00  1.2912871847e+00 -5.3544877660e+00 -2.3851050526e+00  4.9315818482e-01 -5.3448862881e+00 -5.9493770528e+00  1.1941722876e+00 -2.3232919977e+00  2.8048565140e+00  4.3823771253e-01 -2.5972590291e+00  1.1260158160e+00  3.1306444613e+00 -3.6874687214e+00  2.1764049496e+00  2.0780103806e+00 -2.4796012324e+00 -9.6671964155e-01  1.6103851469e+00 -2.0279621702e+00 -3.0695335483e+00  9.9976751272e-01 -2.8247059161e+00 -5.3329586479e+00  7.4818087495e-01 -6.8646405583e+00 -3.8105979096e+00  1.3799703148e+00 -6.0572055267e+00 -1.5616167599e+00
ENERGY -8.760108090288e+02

JOB 5
COORDS  1.6613841969e+00 -5.4452724441e+00  1.5473901161e+00  1.9957370815e+00 -4.6622771135e+00  5.0085618098e-01  3.3573599011e+00 -4.4391550725e+00 -2.4471782797e-03  4.7315061917e+00 -5.1037090020e+00  6.9813001659e-01  3.4505814167e+00 -3.7719819193e+00 -1.2511791258e+00  2.3903174881e+00 -3.9837912470e+00 -2.1696199141e+00  1.7057005730e+00 -2.9036980365e+00 -2.7710342662e+00  6.8475231498e-01 -3.1148686197e+00 -3.6812369538e+00  2.4319401131e-01 -4.4490131301e+00 -4.0615631712e+00  9.8345153679e-01 -5.5259742578e+00 -3.4271937593e+00  2.0138480192e+00 -5.2982349594e+00 -2.5330253147e+00 -6.9889727781e-01 -4.6451401177e+00 -4.8872443847e+00  6.3886125455e-01 -5.4729086641e+00  1.9164870141e+00  2.4063280866e+00 -6.0650076795e+00  2.0399924940e+00  1.2171588645e+00 -4.0942438271e+00 -6.4514184665e-03  3.6409394156e+00 -2.7783052621e+00 -1.1545576994e+00  1.9908106748e+00 -1.8832741799e+00 -2.5033344328e+00  1.7044905896e-01 -2.2738012579e+00 -4.1423988261e+00  7.0690818389e-01 -6.5426222023e+00 -3.6992928555e+00  2.5539763673e+00 -6.1325214253e+00 -2.0896010978e+00
ENERGY -8.760089428491e+02

JOB 6
COORDS  1.7253974999e+00 -5.5339513776e+00  1.5709600460e+00  1.9928503713e+00 -4.7266188316e+00  5.2556615939e-01  3.3356838452e+00 -4.3746447862e+00  4.1696282386e-02  4.7592044638e+00 -4.8416036180e+00  8.1594942632e-01  3.3890977768e+00 -3.7788054316e+00 -1.2241932372e+00  2.3473882528e+00 -3.9824610610e+00 -2.1609841220e+00  1.7359788622e+00 -2.8939894737e+00 -2.8225572437e+00  7.3241435169e-01 -3.0911740662e+00 -3.7547536488e+00  2.3770839470e-01 -4.4153614218e+00 -4.1026948111e+00  9.0944321528e-01 -5.5024436569e+00 -3.4109814847e+00  1.9231352992e+00 -5.2900726018e+00 -2.4941318719e+00 -6.8839767006e-01 -4.5972478845e+00 -4.9490303000e+00  7.0587651333e-01 -5.6637043420e+00  1.9263563604e+00  2.5234013622e+00 -6.0699563315e+00  2.0785479936e+00  1.1705377987e+00 -4.2403563793e+00  2.7807115883e-03  3.7015626348e+00 -2.8128465308e+00 -1.2088362134e+00  2.0613820468e+00 -1.8790890750e+00 -2.5817651245e+00  2.7173000827e-01 -2.2439458964e+00 -4.2591219850e+00  5.9670593389e-01 -6.5146251528e+00 -3.6595538221e+00  2.4132663987e+00 -6.1329024990e+00 -2.0105776916e+00
ENERGY -8.760158681459e+02

JOB 7
COORDS  1.7957261333e+00 -5.6051973729e+00  1.6108528624e+00  1.9934436049e+00 -4.7908071592e+00  5.5705417866e-01  3.3042978662e+00 -4.3280569243e+00  7.5941702485e-02  4.7566834144e+00 -4.6165224146e+00  8.9462401648e-01  3.3192502869e+00 -3.7790649469e+00 -1.1936970850e+00  2.3006668804e+00 -3.9785932281e+00 -2.1535548531e+00  1.7583415755e+00 -2.8868130120e+00 -2.8678716764e+00  7.7751444647e-01 -3.0703832607e+00 -3.8263293281e+00  2.3987254063e-01 -4.3834425489e+00 -4.1517182405e+00  8.4504199264e-01 -5.4757110496e+00 -3.4081992264e+00  1.8365709117e+00 -5.2778270487e+00 -2.4641888147e+00 -6.6576709907e-01 -4.5541367866e+00 -5.0217122987e+00  7.9054234250e-01 -5.8280235109e+00  1.9609243152e+00  2.6378237396e+00 -6.0525748195e+00  2.1327823183e+00  1.1347069862e+00 -4.3877302183e+00  2.2625512447e-02  3.7533185314e+00 -2.8631071852e+00 -1.2453333268e+00  2.1177273888e+00 -1.8795629613e+00 -2.6451258532e+00  3.6826051609e-01 -2.2203268666e+00 -4.3688283869e+00  5.0153869222e-01 -6.4817998727e+00 -3.6403415416e+00  2.2788066088e+00 -6.1261192310e+00 -1.9452288510e+00
ENERGY -8.760228812267e+02

JOB 8
COORDS  1.8634419511e+00 -5.6631022285e+00  1.6508168019e+00  1.9976964925e+00 -4.8479242339e+00  5.8906952802e-01  3.2717848262e+00 -4.2941399585e+00  1.0265731070e-01  4.7332929969e+00 -4.4188060121e+00  9.5424935117e-01  3.2513686043e+00 -3.7724796820e+00 -1.1631848406e+00  2.2552375979e+00 -3.9736267253e+00 -2.1460125308e+00  1.7754237274e+00 -2.8818142406e+00 -2.9036491440e+00  8.1846563362e-01 -3.0544826702e+00 -3.8877137634e+00  2.4515094607e-01 -4.3557444415e+00 -4.1987923845e+00  7.9034002022e-01 -5.4494450407e+00 -3.4119483214e+00  1.7580666886e+00 -5.2639342026e+00 -2.4408494174e+00 -6.3930150848e-01 -4.5176768076e+00 -5.0916355162e+00  8.7857508875e-01 -5.9665049595e+00  1.9980868847e+00  2.7372693249e+00 -6.0296112336e+00  2.1833853880e+00  1.1116872676e+00 -4.5199576630e+00  4.8180708401e-02  3.7979159689e+00 -2.9250966303e+00 -1.2785561802e+00  2.1628702311e+00 -1.8827770584e+00 -2.6925531626e+00  4.5613347700e-01 -2.2038707936e+00 -4.4617859099e+00  4.2161864652e-01 -6.4489869895e+00 -3.6334500628e+00  2.1573293784e+00 -6.1158188465e+00 -1.8936393153e+00
ENERGY -8.760291944089e+02

JOB 9
COORDS  1.9185683253e+00 -5.7054719781e+00  1.6813614112e+00  2.0016516310e+00 -4.8898598123e+00  6.1590986499e-01  3.2449402060e+00 -4.2747279681e+00  1.2110027721e-01  4.7022673606e+00 -4.2597975502e+00  9.9387531748e-01  3.1938734005e+00 -3.7607030843e+00 -1.1363348051e+00  2.2168437350e+00 -3.9653385339e+00 -2.1390481430e+00  1.7846830195e+00 -2.8764694968e+00 -2.9286407849e+00  8.4876940220e-01 -3.0443113227e+00 -3.9335495182e+00  2.5042592148e-01 -4.3360124531e+00 -4.2367345192e+00  7.4890927932e-01 -5.4283637931e+00 -3.4175035206e+00  1.6955685858e+00 -5.2478528319e+00 -2.4245145234e+00 -6.1516651913e-01 -4.4931356517e+00 -5.1485765013e+00  9.5372517816e-01 -6.0681546555e+00  2.0279004599e+00  2.8127227328e+00 -6.0128210845e+00  2.2175598771e+00  1.0976701881e+00 -4.6163745897e+00  7.4723278412e-02  3.8498387673e+00 -3.0030941742e+00 -1.3006178976e+00  2.1911831068e+00 -1.8840016122e+00 -2.7243061596e+00  5.2236498706e-01 -2.1952573183e+00 -4.5309963418e+00  3.6321221893e-01 -6.4230747064e+00 -3.6319437574e+00  2.0623158329e+00 -6.1009778007e+00 -1.8569885904e+00
ENERGY -8.760340248478e+02

JOB 10
COORDS  1.9453576008e+00 -5.7197262406e+00  1.7017613654e+00  2.0030669668e+00 -4.9100712210e+00  6.3095453027e-01  3.2317828054e+00 -4.2714548358e+00  1.2692058866e-01  4.6762212285e+00 -4.1680870069e+00  1.0164288977e+00  3.1578778731e+00 -3.7454524920e+00 -1.1181991668e+00  2.1920145370e+00 -3.9561567467e+00 -2.1346194161e+00  1.7792654529e+00 -2.8687882798e+00 -2.9358364509e+00  8.5716333010e-01 -3.0362808139e+00 -3.9538046714e+00  2.5449850528e-01 -4.3253177492e+00 -4.2592778890e+00  7.3142273533e-01 -5.4163533861e+00 -3.4253995684e+00  1.6640510121e+00 -5.2357576273e+00 -2.4188142632e+00 -5.9777226339e-01 -4.4823180178e+00 -5.1836311394e+00  9.9450340926e-01 -6.1152029105e+00  2.0511105504e+00  2.8490655858e+00 -5.9913063793e+00  2.2410650766e+00  1.0920806823e+00 -4.6681158503e+00  8.7000708562e-02  3.9218895888e+00 -3.1103184616e+00 -1.3329334753e+00  2.1888912292e+00 -1.8786064142e+00 -2.7288441028e+00  5.4458646073e-01 -2.1878892293e+00 -4.5595861597e+00  3.4194102919e-01 -6.4097240629e+00 -3.6395389385e+00  2.0164595902e+00 -6.0888726926e+00 -1.8420810524e+00
ENERGY -8.760367169814e+02

JOB 11
COORDS  1.9525397614e+00 -5.7270944677e+00  1.6988262187e+00  2.0021015144e+00 -4.9070583471e+00  6.3639272407e-01  3.2304288886e+00 -4.2687192266e+00  1.2763533422e-01  4.6535019363e+00 -4.1087298091e+00  1.0410948049e+00  3.1428250721e+00 -3.7196713948e+00 -1.1045403636e+00  2.1774846907e+00 -3.9448714960e+00 -2.1265700072e+00  1.7665597944e+00 -2.8603046530e+00 -2.9313272008e+00  8.5267153670e-01 -3.0323965402e+00 -3.9565816065e+00  2.5781950117e-01 -4.3238545106e+00 -4.2659202227e+00  7.3168406835e-01 -5.4112997972e+00 -3.4255654392e+00  1.6551781439e+00 -5.2262612160e+00 -2.4108442015e+00 -5.8631383565e-01 -4.4861949380e+00 -5.1970794730e+00  1.0046751656e+00 -6.1336681050e+00  2.0433665974e+00  2.8582577691e+00 -5.9971155735e+00  2.2355800085e+00  1.0893900177e+00 -4.6661485273e+00  9.5169990033e-02  3.9924471029e+00 -3.2335349806e+00 -1.3810509645e+00  2.1706618527e+00 -1.8689947100e+00 -2.7205883172e+00  5.4073738626e-01 -2.1852827114e+00 -4.5645617678e+00  3.4708336201e-01 -6.4064507816e+00 -3.6405663385e+00  2.0046336310e+00 -6.0781486320e+00 -1.8301943516e+00
ENERGY -8.760367777753e+02

JOB 12
COORDS  4.4228283171e+00 -6.8418622509e+00 -1.0315827211e-01  3.9520122164e+00 -5.7811370886e+00 -7.8036808196e-01  3.6897547599e+00 -4.4570525815e+00 -1.8920152574e-01  4.2835966863e+00 -3.9643099911e+00  1.3252056065e+00  2.9344674266e+00 -3.6155946693e+00 -9.3300434212e-01  2.1078833920e+00 -3.8880773986e+00 -2.0521406588e+00  2.0585753089e+00 -2.9619479423e+00 -3.1174346704e+00  1.2472582424e+00 -3.1753164942e+00 -4.2177082874e+00  4.0613598070e-01 -4.3553558169e+00 -4.3520375991e+00  4.7082405885e-01 -5.2628606706e+00 -3.2183137400e+00  1.2778700919e+00 -5.0299041308e+00 -2.1182999072e+00 -3.3060786636e-01 -4.5612263489e+00 -5.3621063001e+00  4.6436292601e+00 -7.7754054179e+00 -6.1528172352e-01  4.5955991659e+00 -6.7844961131e+00  9.6837497389e-01  3.7612109981e+00 -5.8634403459e+00 -1.8487101015e+00  2.9787938661e+00 -2.6492504665e+00 -6.2114230597e-01  2.6890965102e+00 -2.0723677795e+00 -3.0696237693e+00  1.2235395856e+00 -2.4550081872e+00 -5.0332006738e+00 -1.7124295375e-01 -6.1409630668e+00 -3.2501010856e+00  1.2670614081e+00 -5.7212099827e+00 -1.2778080077e+00
ENERGY -8.760367173461e+02

JOB 13
COORDS  4.4264762551e+00 -6.8339128768e+00 -1.4781890749e-01  3.9486061163e+00 -5.7583152463e+00 -7.9749116125e-01  3.6758874836e+00 -4.4511684970e+00 -1.7613685324e-01  4.2047071325e+00 -4.0182817973e+00  1.3790421047e+00  2.8984490136e+00 -3.6007625826e+00 -8.9754794259e-01  2.0914822128e+00 -3.8787944952e+00 -2.0260305057e+00  2.0642570927e+00 -2.9713039655e+00 -3.1084185717e+00  1.2688753068e+00 -3.1992569793e+00 -4.2171872999e+00  4.2237375734e-01 -4.3764778464e+00 -4.3437822195e+00  4.6342828104e-01 -5.2633262824e+00 -3.1928414817e+00  1.2537756217e+00 -5.0158588680e+00 -2.0842902569e+00 -2.9948433088e-01 -4.5953898201e+00 -5.3618270834e+00  4.6670552841e+00 -7.7471205873e+00 -6.8703420917e-01  4.5851883782e+00 -6.8083799533e+00  9.2716644437e-01  3.7691711762e+00 -5.8121761160e+00 -1.8697498286e+00  3.0630406937e+00 -2.6188382493e+00 -6.9758434844e-01  2.6983120751e+00 -2.0834652837e+00 -3.0671159746e+00  1.2614114724e+00 -2.4932119482e+00 -5.0453205001e+00 -1.8313712263e-01 -6.1382011915e+00 -3.2197890430e+00  1.2284105551e+00 -5.6925441575e+00 -1.2323028340e+00
ENERGY -8.760340251175e+02

JOB 14
COORDS  4.4339578093e+00 -6.8170203753e+00 -2.2491189938e-01  3.9487704726e+00 -5.7170134874e+00 -8.2863002555e-01  3.6440243588e+00 -4.4461178288e+00 -1.5160136128e-01  4.0771126483e+00 -4.1069472013e+00  1.4526623650e+00  2.8585195636e+00 -3.5700399495e+00 -8.5317361466e-01  2.0743053387e+00 -3.8616585170e+00 -1.9924196326e+00  2.0853561020e+00 -2.9911764426e+00 -3.1052046635e+00  1.3089247012e+00 -3.2430132190e+00 -4.2222439339e+00  4.4532080676e-01 -4.4101634394e+00 -4.3263729193e+00  4.4849852934e-01 -5.2596314894e+00 -3.1469947749e+00  1.2192953742e+00 -4.9870316233e+00 -2.0309609916e+00 -2.5960740983e-01 -4.6501303008e+00 -5.3516326687e+00  4.7113102974e+00 -7.6936374375e+00 -8.0562025643e-01  4.5612991560e+00 -6.8476116541e+00  8.5416820837e-01  3.7956559313e+00 -5.7184918291e+00 -1.9064234273e+00  3.1325004726e+00 -2.5977071846e+00 -7.5396622336e-01  2.7327124298e+00 -2.1119967654e+00 -3.0805101806e+00  1.3294042237e+00 -2.5653644735e+00 -5.0735665406e+00 -2.1007582969e-01 -6.1257953385e+00 -3.1598881889e+00  1.1710014788e+00 -5.6362381870e+00 -1.1587697430e+00
ENERGY -8.760291955962e+02

JOB 15
COORDS  4.4371379553e+00 -6.7947140603e+00 -3.1468370620e-01  3.9521417717e+00 -5.6650652729e+00 -8.6376732891e-01  3.6017961534e+00 -4.4431740338e+00 -1.2339288056e-01  3.9268925800e+00 -4.2212290339e+00  1.5221630046e+00  2.8230644896e+00 -3.5274372499e+00 -8.0794154765e-01  2.0604556878e+00 -3.8399812703e+00 -1.9565692536e+00  2.1133070425e+00 -3.0161416410e+00 -3.1032318416e+00  1.3551086485e+00 -3.2967997486e+00 -4.2260451255e+00  4.7058368385e-01 -4.4504627783e+00 -4.3018885363e+00  4.3274218350e-01 -5.2532771298e+00 -3.0910290826e+00  1.1848518025e+00 -4.9504129990e+00 -1.9703005922e+00 -2.1761391000e-01 -4.7164528451e+00 -5.3323344050e+00  4.7590276912e+00 -7.6233972369e+00 -9.4098867488e-01  4.5184461188e+00 -6.8976679045e+00  7.6443676330e-01  3.8396746209e+00 -5.6001610086e+00 -1.9447998869e+00  3.1978441741e+00 -2.5842618073e+00 -8.1245181424e-01  2.7770889914e+00 -2.1485555333e+00 -3.0996120043e+00  1.4057441817e+00 -2.6539483980e+00 -5.1027361039e+00 -2.4062036593e-01 -6.1080658468e+00 -3.0853222162e+00  1.1106129541e+00 -5.5655809453e+00 -1.0755652394e+00
ENERGY -8.760228811848e+02

JOB 16
COORDS  4.4506364430e+00 -6.7616679776e+00 -4.1689380833e-01  3.9591431349e+00 -5.6041727738e+00 -9.0145912520e-01  3.5441547917e+00 -4.4491065059e+00 -9.2268897055e-02  3.7425166598e+00 -4.3609516997e+00  1.5800970868e+00  2.7875561993e+00 -3.4789562294e+00 -7.6061118019e-01  2.0457194350e+00 -3.8154283219e+00 -1.9184777657e+00  2.1507928145e+00 -3.0506934721e+00 -3.1018715282e+00  1.4107368945e+00 -3.3640135768e+00 -4.2284386664e+00  4.9535228925e-01 -4.4951048011e+00 -4.2727504580e+00  4.0757528890e-01 -5.2389706940e+00 -3.0275984090e+00  1.1412638864e+00 -4.9028912848e+00 -1.9041952382e+00 -1.7591471643e-01 -4.7896428052e+00 -5.3070054898e+00  4.8279224025e+00 -7.5296710590e+00 -1.0880071680e+00  4.4795726619e+00 -6.9490548792e+00  6.5352582295e-01  3.8948000430e+00 -5.4612316497e+00 -1.9791383519e+00  3.2624120731e+00 -2.5870681454e+00 -8.6057609162e-01  2.8384658080e+00 -2.2018420612e+00 -3.1229859998e+00  1.4992022561e+00 -2.7648979816e+00 -5.1326781632e+00 -2.8702116915e-01 -6.0761495124e+00 -2.9998612337e+00  1.0333992586e+00 -5.4752713126e+00 -9.8486580765e-01
ENERGY -8.760158682504e+02

JOB 17
COORDS  4.4870104699e+00 -6.7185606053e+00 -5.1343167818e-01  3.9720371198e+00 -5.5442533181e+00 -9.3285166209e-01  3.4700384700e+00 -4.4698962439e+00 -6.6324296934e-02  3.5098003261e+00 -4.5293576628e+00  1.6116516826e+00  2.7595982367e+00 -3.4313479057e+00 -7.2194382171e-01  2.0315296498e+00 -3.7906937901e+00 -1.8852762246e+00  2.1933148773e+00 -3.0937736877e+00 -3.1039360616e+00  1.4668040909e+00 -3.4353216367e+00 -4.2312897911e+00  5.1122032700e-01 -4.5336646577e+00 -4.2395616009e+00  3.7065749739e-01 -5.2119172412e+00 -2.9626635375e+00  1.0910588967e+00 -4.8466337065e+00 -1.8398495609e+00 -1.4791520886e-01 -4.8552899591e+00 -5.2738967567e+00  4.9300246462e+00 -7.4154878271e+00 -1.2209491739e+00  4.4669446257e+00 -6.9917570383e+00  5.3853388073e-01  3.9574905565e+00 -5.3222559104e+00 -1.9990186715e+00  3.3348346417e+00 -2.6134490442e+00 -9.0390567781e-01  2.9123589804e+00 -2.2721898059e+00 -3.1507518211e+00  1.5960702140e+00 -2.8855876504e+00 -5.1616964215e+00 -3.5133273527e-01 -6.0244618820e+00 -2.9117736516e+00  9.4674077297e-01 -5.3708871702e+00 -8.9712562561e-01
ENERGY -8.760089428612e+02

JOB 18
COORDS  5.4361354138e+00 -5.9611713152e+00  7.5394604532e-01  4.8785999021e+00 -5.5670042842e+00 -4.0989709957e-01  3.5273176466e+00 -5.0151400481e+00 -5.9047883530e-01  2.5513065465e+00 -4.5546233863e+00  7.0281810770e-01  3.3107926072e+00 -4.7099840610e+00 -1.9392230444e+00  2.0578763266e+00 -4.4300240626e+00 -2.5361328494e+00  2.0349642134e+00 -3.5712041263e+00 -3.6594134313e+00  8.7203590611e-01 -3.3187184689e+00 -4.3649178842e+00 -3.9395166258e-01 -3.9324742427e+00 -4.0067656062e+00 -3.1920946951e-01 -4.8196398903e+00 -2.8564220673e+00  8.4832580366e-01 -5.0525770173e+00 -2.1538482534e+00 -1.4692784304e+00 -3.7220488314e+00 -4.6459989923e+00  6.4425732072e+00 -6.3722395206e+00  7.7834645928e-01  4.8839911393e+00 -5.8810850690e+00  1.6865228211e+00  5.4475404692e+00 -5.6953041584e+00 -1.3333041672e+00  3.9554355636e+00 -3.9817270458e+00 -2.2421302144e+00  2.9689267643e+00 -3.1012820982e+00 -3.9798294731e+00  8.7915544450e-01 -2.6530481184e+00 -5.2256812412e+00 -1.2443047588e+00 -5.3049961472e+00 -2.5513984090e+00  8.4005382223e-01 -5.7124948517e+00 -1.2922523373e+00
ENERGY -8.760080798423e+02

JOB 19
COORDS  5.5178266938e+00 -5.9071498664e+00  7.1700899938e-01  4.9107191621e+00 -5.5076776832e+00 -4.1845492254e-01  3.4982963105e+00 -5.1136352947e+00 -5.6287206458e-01  2.4716411141e+00 -4.9185433148e+00  7.6336670918e-01  3.2411217262e+00 -4.7255021261e+00 -1.8655999954e+00  2.0087130239e+00 -4.4395107310e+00 -2.4909053868e+00  2.0498262528e+00 -3.6283668249e+00 -3.6510931829e+00  9.1803362500e-01 -3.3588633007e+00 -4.3966382431e+00 -3.8185571067e-01 -3.9071270690e+00 -4.0491178028e+00 -3.7370211265e-01 -4.7447787328e+00 -2.8605493673e+00  7.6298954549e-01 -4.9940523812e+00 -2.1140361336e+00 -1.4288613752e+00 -3.6789168993e+00 -4.7264723878e+00  6.5664815246e+00 -6.1946783237e+00  7.1560927498e-01  4.9646901064e+00 -5.9540102600e+00  1.6511790621e+00  5.4907609708e+00 -5.5032044135e+00 -1.3445816393e+00  3.9278414437e+00 -4.0544476453e+00 -2.2018307014e+00  3.0108784968e+00 -3.2131050341e+00 -3.9672137779e+00  9.7494094702e-01 -2.7305033885e+00 -5.2832213388e+00 -1.3268039048e+00 -5.1739622256e+00 -2.5575447112e+00  7.0474861527e-01 -5.6087512287e+00 -1.2230928625e+00
ENERGY -8.760159851820e+02

JOB 20
COORDS  5.5641863311e+00 -5.8625634491e+00  6.9457581703e-01  4.9316236783e+00 -5.4474443084e+00 -4.2002527486e-01  3.4860415005e+00 -5.1862486942e+00 -5.5478128635e-01  2.4271275300e+00 -5.2390435738e+00  7.6295151645e-01  3.1940816562e+00 -4.7353208907e+00 -1.8175582564e+00  1.9772178351e+00 -4.4501109730e+00 -2.4645518795e+00  2.0609356661e+00 -3.6820805228e+00 -3.6534610883e+00  9.4929570195e-01 -3.3981718350e+00 -4.4212522366e+00 -3.7506706197e-01 -3.8844668868e+00 -4.0698079112e+00 -4.1098181392e-01 -4.6759731003e+00 -2.8512885760e+00  7.0621115874e-01 -4.9423433522e+00 -2.0810761220e+00 -1.4038227224e+00 -3.6398155720e+00 -4.7680231147e+00  6.6361047819e+00 -6.0448825208e+00  6.9473747812e-01  5.0065160182e+00 -6.0266123965e+00  1.6125977488e+00  5.5211370776e+00 -5.3182487307e+00 -1.3317027666e+00  3.9238220127e+00 -4.1313960564e+00 -2.1857944861e+00  3.0400511071e+00 -3.3132102807e+00 -3.9716541763e+00  1.0392555067e+00 -2.8037365724e+00 -5.3282784618e+00 -1.3832119090e+00 -5.0556257198e+00 -2.5429601156e+00  6.1776240022e-01 -5.5194913080e+00 -1.1687072799e+00
ENERGY -8.760228654817e+02

JOB 21
COORDS  5.5874104089e+00 -5.8282905841e+00  6.8824755144e-01  4.9426636586e+00 -5.3947879916e+00 -4.1128654211e-01  3.4821853152e+00 -5.2337432794e+00 -5.5592401842e-01  2.4105682021e+00 -5.4964350665e+00  7.2865521130e-01  3.1653577098e+00 -4.7412000782e+00 -1.7875126042e+00  1.9589617470e+00 -4.4591387120e+00 -2.4512896526e+00  2.0680077025e+00 -3.7218446624e+00 -3.6583228877e+00  9.6741901368e-01 -3.4260496968e+00 -4.4362692186e+00 -3.7248685866e-01 -3.8630416708e+00 -4.0766655431e+00 -4.3404513733e-01 -4.6212059845e+00 -2.8386198543e+00  6.7260691529e-01 -4.9038607283e+00 -2.0587927152e+00 -1.3909371817e+00 -3.6039895709e+00 -4.7841864155e+00  6.6701795971e+00 -5.9263079343e+00  7.0009139021e-01  5.0284083305e+00 -6.0904207994e+00  1.5823920092e+00  5.5387613117e+00 -5.1590958525e+00 -1.2976176170e+00  3.9280511360e+00 -4.2236543875e+00 -2.2137400559e+00  3.0574973068e+00 -3.3848492650e+00 -3.9801337992e+00  1.0767684472e+00 -2.8559608565e+00 -5.3566790321e+00 -1.4176173840e+00 -4.9648290940e+00 -2.5240841010e+00  5.6852621417e-01 -5.4580805288e+00 -1.1343225775e+00
ENERGY -8.760281972818e+02

JOB 22
COORDS  5.6000939796e+00 -5.8002973871e+00  6.8808788291e-01  4.9474905679e+00 -5.3394368085e+00 -3.9488399309e-01  3.4814940958e+00 -5.2762434883e+00 -5.6361983392e-01  2.4079174505e+00 -5.7560069433e+00  6.5667439620e-01  3.1472246091e+00 -4.7383636686e+00 -1.7659311892e+00  1.9476958811e+00 -4.4674079752e+00 -2.4441903439e+00  2.0742433691e+00 -3.7649192300e+00 -3.6708583694e+00  9.8079607367e-01 -3.4589235247e+00 -4.4540515613e+00 -3.7084528129e-01 -3.8433373538e+00 -4.0771141550e+00 -4.5092432336e-01 -4.5635924841e+00 -2.8180204453e+00  6.4965609019e-01 -4.8614340491e+00 -2.0349731875e+00 -1.3830515765e+00 -3.5714842492e+00 -4.7884335210e+00  6.6867527598e+00 -5.8131520138e+00  7.1931500393e-01  5.0449770775e+00 -6.1681064668e+00  1.5468407157e+00  5.5448229126e+00 -4.9880308527e+00 -1.2416152612e+00  3.9323136400e+00 -4.3050332497e+00 -2.2413763123e+00  3.0716180995e+00 -3.4617391424e+00 -4.0018685582e+00  1.1037421999e+00 -2.9174704058e+00 -5.3899294919e+00 -1.4431162609e+00 -4.8694433046e+00 -2.4917151611e+00  5.3538509091e-01 -5.3923641459e+00 -1.0983970867e+00
ENERGY -8.760315676673e+02

JOB 23
COORDS  5.6032806385e+00 -5.7836483096e+00  6.9106115385e-01  4.9462530575e+00 -5.2828281757e+00 -3.7111239653e-01  3.4838476642e+00 -5.3106033433e+00 -5.7728147565e-01  2.4219498312e+00 -6.0047595567e+00  5.4707823793e-01  3.1398925927e+00 -4.7219974774e+00 -1.7508635216e+00  1.9441220605e+00 -4.4709231902e+00 -2.4422350417e+00  2.0789316382e+00 -3.8067067264e+00 -3.6894247261e+00  9.8746029833e-01 -3.4959769410e+00 -4.4732119928e+00 -3.7132686427e-01 -3.8282978463e+00 -4.0726089611e+00 -4.5961315279e-01 -4.5060340536e+00 -2.7907696653e+00  6.3930961180e-01 -4.8148336811e+00 -2.0095649388e+00 -1.3818928656e+00 -3.5484766040e+00 -4.7830731565e+00  6.6863732028e+00 -5.7192260532e+00  7.5995791201e-01  5.0536283515e+00 -6.2615500328e+00  1.4974661954e+00  5.5369127498e+00 -4.8095160333e+00 -1.1614744959e+00  3.9379039596e+00 -4.3720897086e+00 -2.2711373557e+00  3.0807635216e+00 -3.5357345632e+00 -4.0346241230e+00  1.1168620531e+00 -2.9864960624e+00 -5.4260068847e+00 -1.4567604258e+00 -4.7753692870e+00 -2.4478406606e+00  5.2038853197e-01 -5.3217190979e+00 -1.0603945754e+00
ENERGY -8.760327170850e+02

