JOB 0
COORDS  8.6192818873e-01  7.2332982529e-01  2.6039016281e+00  6.1470686954e-01 -1.9311965640e-01  1.3998961023e+00  2.2266481267e-01  5.6295955567e-01  1.1217578719e-01  1.0545964696e+00  1.2348971542e+00 -1.3419035303e-01  5.2969665109e-02 -4.1838584851e-01 -1.0623893038e+00 -1.0091865491e+00  1.4335588841e+00  3.0223030867e-01 -2.2996326497e+00  7.4802352062e-01  6.8608477094e-01 -9.4974899512e-01  2.7625958814e+00  1.3779913701e-01  1.3844787945e+00  1.9066958940e-01  3.4056361453e+00 -7.0418608556e-02  1.1314489152e+00  3.0059493881e+00  1.4897453581e+00  1.5753496473e+00  2.3178465591e+00  1.5274752376e+00 -7.6266639151e-01  1.1835522836e+00 -1.5251040305e-01 -9.3848820338e-01  1.6441336160e+00 -2.2471720549e-01  1.0977399078e-01 -1.9803732356e+00  9.8872298954e-01 -9.5715915636e-01 -1.2486761774e+00 -7.1996529451e-01 -1.1662824534e+00 -8.5495300492e-01 -2.1972674440e+00  2.0833045370e-01  1.6350567480e+00 -2.6006480096e+00  9.6873213211e-03 -6.5975783664e-02 -3.1136911534e+00  1.4695496837e+00  7.9509312638e-01 -1.8250997899e+00  3.3957774416e+00  2.6771638753e-01 -2.1317606647e-02  3.2608787496e+00 -1.3369016839e-01
ENERGY -2.752200994870e+02

JOB 1
COORDS  7.1546253386e-01  7.2401772160e-01  2.6593485385e+00  4.9631126428e-01 -1.6115114034e-01  1.4214534188e+00  1.3911261617e-01  6.2981825819e-01  1.4411379512e-01  9.7909495297e-01  1.3050782160e+00 -6.1879094354e-02 -3.3283454877e-03 -3.1919366631e-01 -1.0599449289e+00 -1.0949555781e+00  1.4983385355e+00  3.2822654513e-01 -2.3963313041e+00  8.0575000355e-01  6.5877464498e-01 -1.0279251338e+00  2.8316500517e+00  2.0645689099e-01  1.4351676598e+00  2.7319491072e-01  3.3503906155e+00 -2.1549894876e-01  9.2223177755e-01  3.1988187413e+00  1.1276351326e+00  1.6967425090e+00  2.3676906900e+00  1.4146741704e+00 -7.2196718571e-01  1.2073952888e+00 -2.7269886272e-01 -9.1676692183e-01  1.6226075874e+00 -2.5570252575e-01  2.3428681744e-01 -1.9702907859e+00  9.3522736781e-01 -8.5639810439e-01 -1.2365619575e+00 -7.8368765235e-01 -1.0693598130e+00 -8.9241474584e-01 -2.3169879160e+00  2.3146264559e-01  1.5894096564e+00 -2.6839076292e+00  9.6858874901e-02 -1.2620778576e-01 -3.2095940799e+00  1.5268469677e+00  7.7616219428e-01 -1.9042647661e+00  3.4637159891e+00  3.3508713951e-01 -9.2133635911e-02  3.3348340071e+00 -2.8330847501e-02
ENERGY -2.752186562580e+02

JOB 2
COORDS  7.0780666996e-01  6.9037035277e-01  2.6810245344e+00  4.8342403241e-01 -1.8709003188e-01  1.4319968752e+00  1.5476107995e-01  6.1225742256e-01  1.5179622272e-01  1.0047686251e+00  1.2788313128e+00 -4.1259893805e-02  1.9610462126e-02 -3.3306087565e-01 -1.0562995335e+00 -1.0735193656e+00  1.4930565556e+00  3.1555265473e-01 -2.3785307766e+00  8.1854281815e-01  6.6824851894e-01 -9.9860568374e-01  2.8220123217e+00  1.5569081437e-01  1.5887880812e+00  3.6999142483e-01  3.2459225466e+00 -1.5418941329e-01  6.8378069723e-01  3.3548560429e+00  8.7867035539e-01  1.7343705548e+00  2.3975808141e+00  1.3884107628e+00 -7.7016575227e-01  1.2233297594e+00 -3.0501830500e-01 -9.2580817484e-01  1.6175533053e+00 -2.1116844437e-01  2.2520034187e-01 -1.9693329589e+00  9.5380869327e-01 -8.8222938769e-01 -1.2187977731e+00 -7.7305765576e-01 -1.0732872483e+00 -9.0258397694e-01 -2.3099506427e+00  3.0081157282e-01  1.6322992245e+00 -2.6556664914e+00  6.4108249747e-02 -7.6962461704e-02 -3.1937758293e+00  1.5439759946e+00  7.3337662370e-01 -1.8715236089e+00  3.4625476489e+00  2.6400544835e-01 -5.9597551707e-02  3.3127965653e+00 -9.2350097790e-02
ENERGY -2.752169675845e+02

JOB 3
COORDS  6.2287085748e-01  6.9608724036e-01  2.8043201353e+00  4.2410144796e-01 -1.4419817640e-01  1.5221530465e+00  1.6120825715e-01  6.9275980923e-01  2.5071155374e-01  1.0276231171e+00  1.3506190907e+00  1.0534388039e-01  5.9795720376e-02 -2.2193878303e-01 -9.8449418294e-01 -1.0603372718e+00  1.5887959694e+00  3.8071010435e-01 -2.3792830619e+00  9.3432228736e-01  7.1859635968e-01 -9.6781282619e-01  2.9142072691e+00  2.0125218415e-01  1.6063005974e+00  5.2389049973e-01  3.2525360060e+00 -1.2772145405e-01  4.6476254022e-01  3.5665787988e+00  5.4239056289e-01  1.7671569408e+00  2.5941047788e+00  1.3131164952e+00 -7.5722598957e-01  1.3345544763e+00 -3.9831355148e-01 -8.5636120725e-01  1.6557938198e+00 -1.1903269125e-01  3.6180701396e-01 -1.8930704198e+00  9.8834194450e-01 -7.8803931407e-01 -1.1189280117e+00 -7.5456476877e-01 -9.4758334821e-01 -8.8268528855e-01 -2.3458050988e+00  4.6646797167e-01  1.7096324479e+00 -2.6323473433e+00  1.4343014514e-01  3.2781244514e-03 -3.1939382319e+00  1.6633278074e+00  7.1894117487e-01 -1.8365760732e+00  3.5649676447e+00  2.7704148408e-01 -1.7888750253e-02  3.3913715086e+00 -3.1450265978e-02
ENERGY -2.752161195245e+02

JOB 4
COORDS  6.2653515820e-01  6.8247660002e-01  2.7991198326e+00  4.1770050472e-01 -1.5559266983e-01  1.5193425092e+00  1.6696465225e-01  6.8222035545e-01  2.4612783372e-01  1.0370728274e+00  1.3355352905e+00  1.0076814225e-01  6.4874468116e-02 -2.3447449608e-01 -9.8799526268e-01 -1.0506585941e+00  1.5852810482e+00  3.6624062377e-01 -2.3712819475e+00  9.4260782412e-01  7.1980511582e-01 -9.5354202333e-01  2.9069025931e+00  1.6274776968e-01  1.6792057960e+00  7.0501331359e-01  3.0989271150e+00  7.1297144837e-02  2.6508068405e-01  3.6457292660e+00  2.8802197434e-01  1.7143056207e+00  2.6661471110e+00  1.2902380304e+00 -7.9424200663e-01  1.3407538185e+00 -4.2581777507e-01 -8.4310420844e-01  1.6528260312e+00 -1.0890803769e-01  3.4814352947e-01 -1.8982115215e+00  9.9117845783e-01 -8.0507696874e-01 -1.1186187123e+00 -7.5312677549e-01 -9.5620905322e-01 -8.8683264941e-01 -2.3441305079e+00  5.1545590874e-01  1.7293244165e+00 -2.6180669972e+00  1.2291141728e-01  3.5477827510e-02 -3.1867954563e+00  1.6698488665e+00  6.8528936652e-01 -1.8202539660e+00  3.5617192335e+00  2.2609694131e-01 -1.8163750798e-03  3.3765091598e+00 -7.7767868456e-02
ENERGY -2.752166823128e+02

JOB 5
COORDS  5.6974243044e-01  7.3056492547e-01  2.9587416333e+00  3.5798532399e-01 -8.7355787048e-02  1.6726008769e+00  1.6064957403e-01  7.6962396439e-01  4.0312457310e-01  1.0499312809e+00  1.4026725189e+00  2.8615026156e-01  6.7419742814e-02 -1.3128420342e-01 -8.4344680839e-01 -1.0366216629e+00  1.7022384492e+00  5.0200193900e-01 -2.3848555792e+00  1.0888722933e+00  7.9959658019e-01 -8.9877614351e-01  3.0243489861e+00  3.2743824008e-01  1.6318322868e+00  9.3591772787e-01  3.1311731555e+00  2.1644491261e-01  1.7899586785e-01  3.8369766508e+00  3.3736904563e-02  1.6837105821e+00  2.9272781458e+00  1.2099609410e+00 -7.5818415333e-01  1.5114837254e+00 -5.1523700935e-01 -7.4117533768e-01  1.7872783366e+00 -7.1570972708e-02  4.6473675998e-01 -1.7510044778e+00  9.8369591458e-01 -7.2102473483e-01 -9.5855829101e-01 -7.6846207389e-01 -8.3563724046e-01 -7.6975770945e-01 -2.4035408616e+00  6.4346863995e-01  1.8014355621e+00 -2.6297347705e+00  2.8813491965e-01  9.2606606306e-02 -3.1793325774e+00  1.8382723692e+00  7.5116436892e-01 -1.7500590487e+00  3.7003992888e+00  3.7523456979e-01  7.2239757328e-02  3.4731453264e+00  1.2794312639e-01
ENERGY -2.752182021710e+02

JOB 6
COORDS  6.0552450052e-01  7.4904978067e-01  2.9472752296e+00  3.8316621821e-01 -8.6807189137e-02  1.6803705033e+00  1.8354648843e-01  7.5261444798e-01  3.9988947486e-01  1.0771787927e+00  1.3770772254e+00  2.7084942644e-01  7.8169856166e-02 -1.6490619440e-01 -8.3343818985e-01 -1.0056079879e+00  1.6959635839e+00  4.9326277416e-01 -2.3622658114e+00  1.0931520560e+00  7.7409239719e-01 -8.5398164842e-01  3.0177186781e+00  3.2825978199e-01  1.6165320693e+00  1.1716531415e+00  2.9691564303e+00  5.0081373739e-01  1.3061517804e-01  3.8457136307e+00 -1.0981947405e-01  1.5737768287e+00  3.0196898469e+00  1.2367227969e+00 -7.5821144697e-01  1.5265850821e+00 -4.8897867485e-01 -7.3888255475e-01  1.8153121350e+00 -6.7822181924e-02  4.1893441144e-01 -1.7478923402e+00  9.9271718194e-01 -7.5725014525e-01 -9.4861949271e-01 -7.5779200933e-01 -8.6714909188e-01 -7.4305187369e-01 -2.3879506166e+00  6.1806948886e-01  1.7620307705e+00 -2.6180937466e+00  3.1735273690e-01  4.3518308813e-02 -3.1461713284e+00  1.8546830252e+00  7.4762362462e-01 -1.6990922938e+00  3.7015137021e+00  3.7552357605e-01  1.2258185456e-01  3.4585419709e+00  1.3845375547e-01
ENERGY -2.752197578121e+02

JOB 7
COORDS  5.7197876818e-01  7.4594625914e-01  2.9343355211e+00  3.5993694793e-01 -9.7735292928e-02  1.6734869831e+00  1.6705468851e-01  7.3586792957e-01  3.8860425428e-01  1.0684389275e+00  1.3484304759e+00  2.5788804512e-01  4.9983641887e-02 -1.8573579599e-01 -8.4019919324e-01 -1.0094441032e+00  1.6946954769e+00  4.8274158344e-01 -2.3785908513e+00  1.1049142765e+00  7.2822689071e-01 -8.3620591398e-01  3.0173354519e+00  3.4991766424e-01  1.4632135668e+00  1.3769439972e+00  2.8385697381e+00  7.0769601932e-01  1.0914409171e-01  3.8152791033e+00 -2.7866950299e-01  1.4084890741e+00  3.1226706609e+00  1.2247050339e+00 -7.5664242194e-01  1.5247615223e+00 -5.0280365045e-01 -7.6184584478e-01  1.8111047101e+00 -8.9375750722e-02  3.9580789040e-01 -1.7572526955e+00  9.5745756114e-01 -7.8924940071e-01 -9.5332102828e-01 -7.9407761263e-01 -8.7763436709e-01 -7.4639568714e-01 -2.4156456477e+00  5.6915945360e-01  1.6841965196e+00 -2.6500590841e+00  3.8204973967e-01 -4.9606128628e-02 -3.1462602823e+00  1.8829969076e+00  7.4892760162e-01 -1.6711878915e+00  3.7129266662e+00  4.0462661475e-01  1.4893093199e-01  3.4474267675e+00  1.8105491332e-01
ENERGY -2.752205141657e+02

JOB 8
COORDS  8.3337405666e-01  6.9225717968e-01  2.8638849158e+00  5.5926567625e-01 -2.2525219037e-01  1.6665506691e+00  3.2932918731e-01  5.3316633159e-01  3.4161846156e-01  1.2430694096e+00  1.1040575388e+00  1.3310501569e-01  1.2289239053e-01 -4.5609565017e-01 -8.2037679853e-01 -8.0874192595e-01  1.5368580553e+00  4.3635199682e-01 -2.1870082430e+00  1.0059106068e+00  7.5416264755e-01 -5.9440747150e-01  2.8464658458e+00  2.4686594773e-01  1.5520281043e+00  1.4764966960e+00  2.6003109046e+00  1.2280038300e+00  1.3053814631e-01  3.7167993977e+00 -7.7964001846e-02  1.2043241080e+00  3.1902627354e+00  1.4145508123e+00 -8.9677885870e-01  1.5180190256e+00 -2.9843630366e-01 -8.7551334866e-01  1.8792886854e+00 -4.0197018897e-02  7.3520745418e-02 -1.7646542385e+00  1.0032083583e+00 -1.0979997011e+00 -9.3696460158e-01 -7.3844908961e-01 -1.1098146862e+00 -6.4558641818e-01 -2.2006005986e+00  4.8414258016e-01  1.7184482745e+00 -2.5224863802e+00  2.8452627425e-01  2.3058887507e-04 -2.9218753622e+00  1.8141206225e+00  7.9814553812e-01 -1.4012376747e+00  3.5739672997e+00  3.0848832298e-01  3.9743229030e-01  3.2335776959e+00  2.2386562935e-02
ENERGY -2.752201012873e+02

JOB 9
COORDS  7.8622274371e-01  6.8178969857e-01  2.8781400114e+00  5.1936989713e-01 -2.3676473922e-01  1.6744856248e+00  3.1492158894e-01  5.2202814121e-01  3.4512570374e-01  1.2374885985e+00  1.0828432366e+00  1.4939419609e-01  1.1323562262e-01 -4.6609114209e-01 -8.1830794029e-01 -8.1393498892e-01  1.5371067451e+00  4.2624490100e-01 -2.2016797284e+00  1.0195014621e+00  7.2410141138e-01 -5.8342558042e-01  2.8451579864e+00  2.4468619088e-01  1.2962645805e+00  1.6000404526e+00  2.5680007546e+00  1.3862651466e+00  1.8380564681e-01  3.6458241367e+00 -1.5001452802e-01  1.0055224060e+00  3.3459065945e+00  1.3728921071e+00 -9.1148215342e-01  1.5319707198e+00 -3.4197318793e-01 -8.8566618318e-01  1.8735255309e+00 -3.1033090437e-02  6.4240556060e-02 -1.7652513358e+00  9.8776795998e-01 -1.1180252332e+00 -9.2226886692e-01 -7.5773428750e-01 -1.1098284525e+00 -6.5462276708e-01 -2.2319803244e+00  4.8964999082e-01  1.6835325338e+00 -2.5369678307e+00  3.0871557792e-01 -3.9952124161e-02 -2.9276788529e+00  1.8357378619e+00  7.6690160226e-01 -1.3830998338e+00  3.5810627420e+00  2.9931291741e-01  4.1493782466e-01  3.2225453861e+00  3.2793067193e-02
ENERGY -2.752186756505e+02

JOB 10
COORDS  6.9741439659e-01  6.8581896390e-01  2.9175894562e+00  4.4688755744e-01 -2.0521463909e-01  1.6833000517e+00  2.7758560646e-01  5.8079709884e-01  3.6440706621e-01  1.2047872706e+00  1.1446824043e+00  2.0202998620e-01  1.0479503950e-01 -3.8495524087e-01 -8.2251177378e-01 -8.5363733121e-01  1.5942100230e+00  4.3295647066e-01 -2.2425686345e+00  1.0764658016e+00  7.2487456871e-01 -6.2417109509e-01  2.9015673649e+00  2.4446427758e-01  9.7531036981e-01  1.7029115002e+00  2.6234744121e+00  1.4835695798e+00  2.8175856589e-01  3.5621317458e+00 -2.0602782697e-01  7.8849348995e-01  3.5282935874e+00  1.2929260613e+00 -8.8876607727e-01  1.5428020724e+00 -4.2628843491e-01 -8.4798823884e-01  1.8444642580e+00 -1.4644240286e-02  1.6351421304e-01 -1.7624499991e+00  9.8086931855e-01 -1.0364047359e+00 -9.1629168213e-01 -7.7093995282e-01 -1.0301672566e+00 -6.9337097332e-01 -2.2847093357e+00  5.8217652475e-01  1.7026436356e+00 -2.5599378362e+00  3.3571513692e-01 -1.8010042612e-02 -2.9750177415e+00  1.8880268946e+00  7.2642752764e-01 -1.4259927296e+00  3.6360243822e+00  2.8520654982e-01  3.7544501277e-01  3.2796130335e+00  3.9567463793e-02
ENERGY -2.752169927865e+02

JOB 11
COORDS  6.5850826174e-01  6.6252782811e-01  2.9725449215e+00  4.1460699966e-01 -2.0051782732e-01  1.7134835258e+00  2.9755073198e-01  6.0947735703e-01  4.0342521223e-01  1.2384859890e+00  1.1588276483e+00  2.7140297388e-01  1.3854522789e-01 -3.3618472038e-01 -8.0204323359e-01 -8.1743351012e-01  1.6422382460e+00  4.5037693419e-01 -2.2134602597e+00  1.1554926564e+00  7.6078374036e-01 -5.6786242381e-01  2.9399716283e+00  2.2439258553e-01  7.0894901227e-01  1.7267543241e+00  2.7222684704e+00  1.5949562893e+00  3.9561758185e-01  3.4719041592e+00 -1.4463572675e-01  5.4875856434e-01  3.7075496980e+00  1.2347326024e+00 -9.1632094817e-01  1.5854986738e+00 -4.8796807767e-01 -8.1001540746e-01  1.8370362137e+00  6.3986102513e-02  2.2750067989e-01 -1.7374169849e+00  9.9960733846e-01 -1.0098364596e+00 -8.7636080949e-01 -7.5787117312e-01 -9.5913587058e-01 -7.0998765229e-01 -2.2697214860e+00  7.3690594121e-01  1.7726329459e+00 -2.5272310109e+00  3.6274902509e-01  7.2105216350e-02 -2.9402597999e+00  1.9693388888e+00  6.9343149295e-01 -1.3587824074e+00  3.6870862333e+00  2.4022387815e-01  4.3803326147e-01  3.2967692903e+00  1.2111091056e-02
ENERGY -2.752161212137e+02

JOB 12
COORDS  9.6792052062e-01  9.1888433680e-01  2.7514741617e+00  7.5855484587e-01  5.2402830390e-02  1.4909700759e+00  2.6185475916e-01  8.3777784218e-01  2.5742929728e-01  1.0068655963e+00  1.6124103463e+00  3.3745596621e-02  1.7529054752e-01 -8.9456014143e-02 -9.7003627504e-01 -1.0584780136e+00  1.5506383996e+00  5.0505073942e-01 -2.2251777436e+00  7.2240212863e-01  9.8953955256e-01 -1.1814201694e+00  2.8692867707e+00  2.9637604944e-01  4.8483084827e-01  1.8955715728e+00  2.6483164794e+00  2.0314134765e+00  1.1135803258e+00  2.9267061256e+00  5.7303680664e-01  4.3936365244e-01  3.6522180013e+00  1.6929915795e+00 -4.5252679743e-01  1.2208667627e+00  4.2587824516e-02 -7.5109035516e-01  1.7007824455e+00 -1.7012014723e-01  4.5741417969e-01 -1.8530381336e+00  1.1579428683e+00 -5.1853084681e-01 -1.1958405041e+00 -5.1440946004e-01 -9.2290614369e-01 -7.9695158284e-01 -2.0327946091e+00  3.1815961845e-01  1.9904743953e+00 -2.4132572610e+00 -1.3439730653e-01  3.3251132053e-01 -3.1400844953e+00  1.3187579523e+00  1.0389253014e+00 -2.1254651337e+00  3.3882115564e+00  4.4957886880e-01 -3.4001756578e-01  3.4726064611e+00 -3.8630984582e-02
ENERGY -2.752166876649e+02

JOB 13
COORDS  8.8686303209e-01  9.6261782924e-01  2.9354414149e+00  6.8529914802e-01  1.2584332825e-01  1.6600405164e+00  2.4288589966e-01  9.4705831391e-01  4.2948633598e-01  1.0110902898e+00  1.7088397189e+00  2.4262008718e-01  1.7238749434e-01  4.6325870812e-02 -8.1878534351e-01 -1.0678051181e+00  1.6855746725e+00  6.5240010236e-01 -2.2725633656e+00  8.7317271339e-01  1.0656686562e+00 -1.1502729405e+00  3.0129289319e+00  4.8270035074e-01  2.2534773803e-01  1.8346210976e+00  2.9485273395e+00  1.9094024106e+00  1.3544611582e+00  2.9864483651e+00  7.1492158727e-01  3.7577635508e-01  3.8428553870e+00  1.6110411514e+00 -4.0563992752e-01  1.4101978759e+00 -6.3230604316e-02 -6.5537142680e-01  1.8413639012e+00 -1.4030970478e-01  6.1675013608e-01 -1.6991367446e+00  1.1531833502e+00 -3.9515070732e-01 -1.0278909924e+00 -5.3551691208e-01 -7.7831841751e-01 -6.8071846280e-01 -2.1272965196e+00  4.2808765694e-01  2.0571968256e+00 -2.4595905660e+00  4.5986948892e-02  3.7152422099e-01 -3.1724600650e+00  1.4926776227e+00  1.1048326164e+00 -2.0863862010e+00  3.5507932350e+00  6.1826679666e-01 -2.8219865192e-01  3.6047494429e+00  1.9930776399e-01
ENERGY -2.752182338270e+02

JOB 14
COORDS  9.7949175417e-01  9.0465246579e-01  2.7025170157e+00  7.5137238236e-01  1.6234885768e-02  1.4730871155e+00  2.6565253156e-01  7.8473787715e-01  2.2527600122e-01  1.0219384877e+00  1.5447552768e+00 -1.0622090681e-02  1.6896262873e-01 -1.6306432332e-01 -9.8564433287e-01 -1.0440141039e+00  1.5216278423e+00  4.5905774589e-01 -2.2383516920e+00  7.1061363481e-01  9.0454103244e-01 -1.1348403706e+00  2.8459974902e+00  2.7176916975e-01  1.5436189326e-01  1.6099075533e+00  2.8440082976e+00  1.8870369166e+00  1.5081488553e+00  2.5816110864e+00  1.0950607142e+00  3.0982432202e-01  3.6142439689e+00  1.6803202987e+00 -5.0849753978e-01  1.2184985157e+00  2.1916401088e-02 -7.6800520437e-01  1.7120514157e+00 -1.7758010472e-01  3.7005091962e-01 -1.8767548429e+00  1.1486840901e+00 -6.0017906751e-01 -1.2083516394e+00 -5.2339502220e-01 -9.9046615169e-01 -7.9547248708e-01 -2.0671193649e+00  2.6211569872e-01  1.8903840476e+00 -2.4461962262e+00 -1.1431197106e-01  2.1363600585e-01 -3.1356345108e+00  1.3317108150e+00  9.6979531636e-01 -2.0700925674e+00  3.3824797866e+00  4.1839826357e-01 -2.7467828927e-01  3.4367456915e+00 -3.6742149664e-02
ENERGY -2.752197947337e+02

JOB 15
COORDS  9.4808288402e-01  9.0251449183e-01  2.6945439938e+00  7.3293751633e-01  5.6322918047e-03  1.4715192726e+00  2.5326222318e-01  7.6534846225e-01  2.1625021714e-01  1.0183835828e+00  1.5145793935e+00 -2.4670531238e-02  1.4627532429e-01 -1.9180499462e-01 -9.8599548405e-01 -1.0466643846e+00  1.5194445772e+00  4.4835445387e-01 -2.2595871003e+00  7.1835537835e-01  8.6035764920e-01 -1.1127515237e+00  2.8490184556e+00  2.9058338805e-01  2.4901269425e-02  1.4143814266e+00  2.9842646282e+00  1.6949941823e+00  1.6771156127e+00  2.4850497458e+00  1.2996542788e+00  3.2114579229e-01  3.5536699031e+00  1.6722648438e+00 -5.0383436581e-01  1.2220228479e+00  1.6120117490e-02 -7.8909942190e-01  1.7141945771e+00 -1.9432286133e-01  3.3725479229e-01 -1.8819212155e+00  1.1213203981e+00 -6.4115135863e-01 -1.2048904071e+00 -5.5475746828e-01 -1.0101244088e+00 -7.8888425139e-01 -2.0936970884e+00  2.0869603885e-01  1.8169351730e+00 -2.4963927491e+00 -5.9237159418e-02  1.2517375780e-01 -3.1384791945e+00  1.3593783377e+00  9.6897012795e-01 -2.0393015306e+00  3.3987402514e+00  4.4337213111e-01 -2.3999499506e-01  3.4312676382e+00  2.0126019968e-03
ENERGY -2.752205204289e+02

JOB 16
COORDS  7.9336534771e-01  8.5485959941e-01  2.7276336044e+00  6.0821341436e-01 -1.9463230901e-02  1.4817114072e+00  1.5764633789e-01  7.6543622077e-01  2.3084666807e-01  9.3880063316e-01  1.5053553663e+00  1.4915476506e-02  5.2591589546e-02 -1.7014086142e-01 -9.8778888091e-01 -1.1318211693e+00  1.5367757511e+00  4.6271902580e-01 -2.3686525825e+00  7.4444767975e-01  8.1624945388e-01 -1.1674479485e+00  2.8728206294e+00  3.5981485864e-01 -1.6765131371e-01  1.1482921642e+00  3.1620003084e+00  1.3477118797e+00  1.7698580879e+00  2.4922353948e+00  1.3484407546e+00  3.1510018391e-01  3.5029492761e+00  1.5584164932e+00 -5.1128080411e-01  1.2375177957e+00 -1.0239833330e-01 -8.2830375492e-01  1.6924734949e+00 -2.6552167246e-01  3.7885593350e-01 -1.8800688775e+00  1.0231861990e+00 -6.3236136696e-01 -1.1997339141e+00 -6.6483238577e-01 -9.7951674313e-01 -8.1446255692e-01 -2.2237690845e+00  1.6994697510e-01  1.7388856112e+00 -2.6203805865e+00  2.2302210700e-02  3.1076737935e-02 -3.2311681024e+00  1.4006143477e+00  9.6007494415e-01 -2.0847900948e+00  3.4356423709e+00  5.2027511613e-01 -2.7795933189e-01  3.4477122627e+00  1.1021202582e-01
ENERGY -2.752200606554e+02

JOB 17
COORDS  8.2873690784e-01  8.4590016008e-01  2.7106279837e+00  6.3174046990e-01 -4.4019472766e-02  1.4720759726e+00  1.8906730175e-01  7.2996044936e-01  2.1112692791e-01  9.7915329796e-01  1.4573672619e+00 -1.3967884348e-02  7.0981264080e-02 -2.1936744509e-01 -9.9529371304e-01 -1.0905898621e+00  1.5191178064e+00  4.3668766352e-01 -2.3354157177e+00  7.4568118128e-01  8.0360510046e-01 -1.1106756407e+00  2.8543157301e+00  3.1887236335e-01 -9.2579955377e-02  9.4128019521e-01  3.2941732117e+00  1.1614702018e+00  1.8515607174e+00  2.4352189911e+00  1.5799719944e+00  4.1661272915e-01  3.3827762972e+00  1.5769038172e+00 -5.4444893034e-01  1.2271804149e+00 -8.2279439901e-02 -8.4714617062e-01  1.6902545804e+00 -2.3974790481e-01  3.2259940740e-01 -1.8944445132e+00  1.0350704743e+00 -6.9762857764e-01 -1.2014109712e+00 -6.5753503243e-01 -1.0164678874e+00 -8.1169733377e-01 -2.1927564636e+00  1.7779703996e-01  1.7306069317e+00 -2.6004417879e+00  1.9934668134e-02  2.6126077627e-02 -3.1888377001e+00  1.4139311122e+00  9.4597231740e-01 -2.0204267011e+00  3.4300315258e+00  4.7674132015e-01 -2.1569368325e-01  3.4156413371e+00  5.8143044400e-02
ENERGY -2.752185974195e+02

JOB 18
COORDS  6.4604482454e-01  8.1474177469e-01  2.8021318087e+00  4.7949674053e-01 -2.0972903072e-02  1.5156558103e+00  8.7128417861e-02  8.0839591317e-01  2.7301511857e-01  8.8640196365e-01  1.5417443426e+00  1.0716043009e-01  1.2177825261e-02 -8.9885781336e-02 -9.7553442157e-01 -1.1995585116e+00  1.5914950716e+00  4.7921097311e-01 -2.4503937828e+00  8.1130351247e-01  8.0946203840e-01 -1.2207514825e+00  2.9278913790e+00  3.7480049705e-01 -1.9788171918e-01  6.8442491640e-01  3.4870387816e+00  7.3330411101e-01  1.8827707553e+00  2.5815271832e+00  1.5429889012e+00  5.1548897759e-01  3.3545049963e+00  1.4228760818e+00 -5.2735031481e-01  1.2789136972e+00 -2.5325034288e-01 -8.2140051769e-01  1.6703819132e+00 -2.6252339786e-01  4.9034458049e-01 -1.8623299142e+00  9.8183493995e-01 -5.6397735346e-01 -1.1645676455e+00 -7.2548309776e-01 -8.9033062345e-01 -8.5281919710e-01 -2.3387069646e+00  2.6328920079e-01  1.7525083999e+00 -2.6768837399e+00  6.8067921006e-02  3.6407411525e-02 -3.3154265887e+00  1.4728358048e+00  9.0545132800e-01 -2.1362876564e+00  3.4993260311e+00  5.1356636555e-01 -3.2093351425e-01  3.4944317054e+00  1.4347062095e-01
ENERGY -2.752169282063e+02

JOB 19
COORDS  6.1389848654e-01  7.8856070627e-01  2.8055705154e+00  4.4216187800e-01 -1.7584908754e-02  1.4978011879e+00  6.3284174679e-02  8.4004526582e-01  2.7016633431e-01  8.6459441376e-01  1.5754553586e+00  1.2296183351e-01 -4.1520806887e-03 -3.3558375039e-02 -9.9671246180e-01 -1.2248102443e+00  1.6214250261e+00  4.7569260727e-01 -2.4697757000e+00  8.4321693537e-01  8.3144802275e-01 -1.2525065803e+00  2.9554696890e+00  3.4515651382e-01 -8.1733608528e-02  4.5899574660e-01  3.5837402899e+00  4.2976173889e-01  1.8551222565e+00  2.6437960408e+00  1.6247880303e+00  6.8756760946e-01  3.2126234322e+00  1.3730028539e+00 -5.4383155036e-01  1.2571446779e+00 -3.1123384188e-01 -8.0276212151e-01  1.6292828835e+00 -2.6424786304e-01  5.6588038609e-01 -1.8749300395e+00  9.6370533312e-01 -5.1212528041e-01 -1.1837158876e+00 -7.4981307370e-01 -8.2998178710e-01 -8.9765930055e-01 -2.3605482629e+00  3.4534243223e-01  1.8021959235e+00 -2.6798112826e+00  5.9081036594e-02  9.5073640172e-02 -3.3433483741e+00  1.4981571107e+00  8.8656565337e-01 -2.1703663698e+00  3.5252463638e+00  4.7504415277e-01 -3.5593264522e-01  3.5213320647e+00  9.9905547691e-02
ENERGY -2.752161175844e+02

JOB 20
COORDS  5.5333110810e-01  7.9519966293e-01  2.9021105959e+00  3.8978921753e-01  1.8973779471e-02  1.5777180676e+00  5.8684632172e-02  9.0691388817e-01  3.5798986477e-01  8.7371600041e-01  1.6334000040e+00  2.4400467729e-01  1.2353172347e-02  5.7646420369e-02 -9.2673029420e-01 -1.2236891680e+00  1.7037524331e+00  5.4000710244e-01 -2.4858957234e+00  9.4081918629e-01  8.6688563660e-01 -1.2321067216e+00  3.0382754496e+00  4.1160562299e-01  2.9345741876e-02  3.0463874990e-01  3.7285186451e+00  1.3053317226e-01  1.8020094315e+00  2.8210500983e+00  1.6048029290e+00  9.0469321470e-01  3.1848991988e+00  1.3048925351e+00 -5.4091316682e-01  1.3532191967e+00 -3.9738700621e-01 -7.3734442680e-01  1.6795780703e+00 -2.1805128887e-01  6.7632663888e-01 -1.7998111111e+00  9.7849810477e-01 -4.3001981091e-01 -1.0982462642e+00 -7.4558913409e-01 -7.3068893789e-01 -8.6106533797e-01 -2.4132144030e+00  4.6109771512e-01  1.8502043691e+00 -2.6766668593e+00  1.4400632595e-01  1.3901017367e-01 -3.3558244813e+00  1.6027655457e+00  8.8030384724e-01 -2.1462001089e+00  3.6186330501e+00  5.1931753003e-01 -3.2282284336e-01  3.5937479654e+00  1.9068215765e-01
ENERGY -2.752166929788e+02

JOB 21
COORDS  5.7869933056e-01  7.8493480663e-01  2.8878934200e+00  3.8611180351e-01 -4.9081076235e-03  1.5815320494e+00  5.7158240560e-02  8.7254203262e-01  3.5403807679e-01  8.7840127539e-01  1.5899351126e+00  2.2677837130e-01 -4.0292379883e-03  9.2184031408e-03 -9.2088383504e-01 -1.2162975792e+00  1.6846151015e+00  5.3257026568e-01 -2.4884270971e+00  9.3763449330e-01  8.5837041863e-01 -1.2092456378e+00  3.0187007082e+00  3.9992238003e-01  2.8841000568e-01  1.9339265646e-01  3.7622647240e+00 -4.9805142856e-02  1.6819508941e+00  2.8960247827e+00  1.6152451288e+00  1.1126574532e+00  3.0172917864e+00  1.2865987774e+00 -5.8981028562e-01  1.3597923829e+00 -4.1842084264e-01 -7.3968564964e-01  1.7076309449e+00 -2.3817494178e-01  6.1923810442e-01 -1.7990940682e+00  9.5819549529e-01 -4.8528014733e-01 -1.0945609380e+00 -7.6535393776e-01 -7.7445834297e-01 -8.4032081878e-01 -2.4232253598e+00  4.5624144835e-01  1.8414121670e+00 -2.6888128241e+00  1.4381097062e-01  1.2985900930e-01 -3.3496945158e+00  1.6108217463e+00  8.7134995646e-01 -2.1169292370e+00  3.6096664105e+00  5.0416523221e-01 -2.9317348544e-01  3.5631480527e+00  1.7974326234e-01
ENERGY -2.752182054621e+02

JOB 22
COORDS  6.6141139978e-01  7.4614467936e-01  2.7165078144e+00  4.4665730718e-01 -8.4380092375e-02  1.4448182329e+00  7.7341756721e-02  7.5336386840e-01  2.0154489229e-01  8.8929680800e-01  1.4729903277e+00  3.3989583751e-02 -8.2695660146e-03 -1.4628388650e-01 -1.0464102879e+00 -1.1972281551e+00  1.5610132630e+00  3.9156426172e-01 -2.4610023366e+00  8.1032181259e-01  7.4095701778e-01 -1.1984989290e+00  2.8940412553e+00  2.4922046859e-01  6.5759044749e-01  1.1263122337e-01  3.6098669786e+00 -1.3711690210e-01  1.4850270065e+00  2.8418057809e+00  1.6095928469e+00  1.2938293329e+00  2.6829071464e+00  1.3534570965e+00 -6.5901933942e-01  1.2195182560e+00 -3.4168962736e-01 -8.2764899855e-01  1.6180209760e+00 -2.7381245907e-01  4.3590929409e-01 -1.9346242898e+00  9.5492093343e-01 -6.3411458331e-01 -1.2329636270e+00 -7.5716228062e-01 -9.3627591460e-01 -9.2306367501e-01 -2.3729849713e+00  3.1904188576e-01  1.7173180839e+00 -2.6781797359e+00  2.3557496767e-02  9.6025625223e-03 -3.3219854291e+00  1.4828508672e+00  7.8031346062e-01 -2.1069761878e+00  3.4816597318e+00  3.6493519806e-01 -2.8871464924e-01  3.4410149050e+00  1.0170230130e-02
ENERGY -2.752197531206e+02

JOB 23
COORDS  6.2489286110e-01  7.4297254667e-01  2.7061946721e+00  4.2374171540e-01 -9.5937866478e-02  1.4404090288e+00  6.2277975345e-02  7.3504302543e-01  1.9068780997e-01  8.8300040499e-01  1.4437668786e+00  2.0566842266e-02 -3.2909816833e-02 -1.7151980741e-01 -1.0511534558e+00 -1.2016588169e+00  1.5590947310e+00  3.7977496707e-01 -2.4815550129e+00  8.2019618550e-01  6.9370268912e-01 -1.1795951944e+00  2.8948887973e+00  2.6933615316e-01  8.7893752920e-01  1.0933982764e-01  3.5628050666e+00 -2.7846788476e-01  1.3066282748e+00  2.9604072866e+00  1.4342449911e+00  1.4698053020e+00  2.5716070638e+00  1.3419889642e+00 -6.5589893598e-01  1.2226655160e+00 -3.5352444010e-01 -8.5083274543e-01  1.6144080849e+00 -2.9383180404e-01  4.0753089022e-01 -1.9429003574e+00  9.2573964944e-01 -6.6898837728e-01 -1.2356656106e+00 -7.8862715573e-01 -9.5397677273e-01 -9.2225425656e-01 -2.4016942009e+00  2.6977846484e-01  1.6386826436e+00 -2.7207915624e+00  8.3413101083e-02 -8.1632343733e-02 -3.3259002835e+00  1.5096551204e+00  7.7661917359e-01 -2.0791105653e+00  3.4948291137e+00  3.9170479162e-01 -2.5873772407e-01  3.4321330514e+00  5.1666365549e-02
ENERGY -2.752205132600e+02

