JOB 0
COORDS -1.1164334320e+01 -3.6866698872e+00 -1.7276691096e+00 -1.0860378677e+01 -2.4275724055e+00 -2.2816916579e+00 -1.0195061769e+01 -4.4244622272e+00 -1.0533163463e+00 -9.5806446267e+00 -1.8835131790e+00 -2.1716472752e+00 -1.6888228757e+00 -9.5239472490e-01 -5.4178621706e-01 -2.9405370394e+00 -1.6733780236e-01  1.8912365980e+00 -2.7692459364e+00 -1.6475933918e+00 -2.4594605956e-02 -3.3833126673e+00 -1.2628532319e+00  1.1686905150e+00 -8.9013690867e+00 -3.8946452211e+00 -9.3305552635e-01 -8.6072733421e+00 -2.6271734075e+00 -1.4958826893e+00 -1.2257828098e+00  1.6045766283e-01  1.7678592167e-01 -1.8467423133e+00  5.5016132353e-01  1.3829863641e+00 -6.7720852670e+00 -3.7763048959e+00 -3.4276361289e-01 -3.4745268207e+00 -2.8528817427e+00 -5.5287740220e-01 -4.5040210795e+00 -2.2089315180e+00  1.4495343380e+00 -5.4490645267e+00 -4.2092528711e+00  2.4031856138e-01 -7.8347674016e+00 -4.5095618047e+00 -2.8613957419e-01 -4.5009290792e+00 -3.1193561785e+00  3.7419093057e-01 -3.2478859415e+00 -3.4989951731e+00 -1.5572323125e+00 -5.2735405016e+00 -2.2368840480e+00  2.3890871184e+00 -6.9294579055e+00 -2.2278155438e+00 -1.1897306703e+00  1.3212493817e-01  1.0445962945e+00 -4.5619415621e-01 -1.2764393657e+00  1.9295561396e+00  2.2763223477e+00 -1.2169889739e+01 -4.0854654125e+00 -1.8287818411e+00 -1.1633140974e+01 -1.8696389255e+00 -2.8032627049e+00 -1.0415868758e+01 -5.3956345370e+00 -6.2059015509e-01 -9.3518473156e+00 -9.1221859471e-01 -2.6004234564e+00 -1.2105469269e+00 -1.2511070341e+00 -1.4688915712e+00 -3.4168315791e+00  1.3286819910e-01  2.8189316275e+00 -5.6308720983e+00 -4.6529419582e+00  1.2215813490e+00 -4.9939961255e+00 -4.9608090709e+00 -4.1058600532e-01
ENERGY -2.193171027179e+03

JOB 1
COORDS -1.1204911470e+01 -3.5417549117e+00 -1.4973590714e+00 -1.0854198238e+01 -2.4120358198e+00 -2.2623623057e+00 -1.0239169648e+01 -4.2579709960e+00 -7.9511246405e-01 -9.5306009342e+00 -1.9782013622e+00 -2.3392930163e+00 -1.6672319370e+00 -9.3606426833e-01 -4.7920048840e-01 -3.0858186356e+00 -1.8324997640e-01  1.8714348752e+00 -2.7542118820e+00 -1.6636323641e+00 -2.3724800621e-02 -3.4500166116e+00 -1.2941986846e+00  1.1289620042e+00 -8.9020137919e+00 -3.8381771694e+00 -8.6116067767e-01 -8.5614495160e+00 -2.7005801431e+00 -1.6351838724e+00 -1.2842637085e+00  1.9439168949e-01  2.5887065512e-01 -1.9876743472e+00  5.6749562867e-01  1.4242732564e+00 -6.7250150252e+00 -3.8304088296e+00 -4.6106516661e-01 -3.3943589804e+00 -2.8876044177e+00 -5.9124496810e-01 -4.5596523140e+00 -2.2705483335e+00  1.3435212856e+00 -5.3900320178e+00 -4.2835790634e+00  7.4309293064e-02 -7.8337910884e+00 -4.4445490672e+00 -2.0818710319e-01 -4.4617598533e+00 -3.1851312640e+00  2.7685367140e-01 -3.0956443754e+00 -3.5227326004e+00 -1.5842215898e+00 -5.3893932491e+00 -2.3144342695e+00  2.2295480014e+00 -6.8361505423e+00 -2.4167697415e+00 -1.5262704283e+00  7.5997893347e-02  1.1239839690e+00 -2.9988268399e-01 -1.5176140768e+00  1.9695102845e+00  2.3405539795e+00 -1.2244022098e+01 -3.8561526503e+00 -1.4554134418e+00 -1.1624919883e+01 -1.8682048420e+00 -2.8015775397e+00 -1.0495424768e+01 -5.1292319993e+00 -1.9981197476e-01 -9.2657978670e+00 -1.1062469496e+00 -2.9301993490e+00 -1.1262041654e+00 -1.2214460782e+00 -1.3755186277e+00 -3.6263576971e+00  1.0521553295e-01  2.7670972812e+00 -5.5622450031e+00 -4.8014780342e+00  1.0199159800e+00 -4.9184955868e+00 -4.9733630417e+00 -6.3158624911e-01
ENERGY -2.193170972484e+03

JOB 2
COORDS -1.1183385433e+01 -3.1170467790e+00 -1.7932305224e+00 -1.0458907662e+01 -3.0766250602e+00 -3.0008466021e+00 -1.0528741037e+01 -3.2357519071e+00 -5.7025058321e-01 -9.0661121112e+00 -3.1543897451e+00 -3.0078267748e+00 -3.0595809246e+00  4.6162542245e-01  9.9163697392e-01 -1.5727712969e+00 -1.6870894010e+00 -1.3962161105e-01 -3.5743180225e+00 -8.2254473905e-01  9.2925913757e-01 -2.8449309350e+00 -1.8756709198e+00  3.7437451724e-01 -9.1280169537e+00 -3.3165829099e+00 -5.5616768597e-01 -8.4104906192e+00 -3.2755293819e+00 -1.7778941903e+00 -1.7721977118e+00  6.7318971159e-01  4.7429538437e-01 -1.0350391402e+00 -3.9205390669e-01 -8.5922726925e-02 -7.0843481260e+00 -3.4816997991e+00  2.8007109313e-01 -4.8940487862e+00 -1.3519935793e+00  1.3883018261e+00 -3.6730432581e+00 -3.1153562142e+00  4.5312502090e-01 -5.9913551293e+00 -3.6246575846e+00  1.3082450912e+00 -8.3400528264e+00 -3.4266176716e+00  5.8459892145e-01 -4.8726805181e+00 -2.7248198640e+00  1.0746182445e+00 -5.8136999240e+00 -7.6799572765e-01  1.9253803412e+00 -3.4125305623e+00 -4.2405216213e+00  7.0789625927e-02 -6.6940180115e+00 -3.3989752003e+00 -1.4492309840e+00 -1.1096757699e+00  2.2804196407e+00  5.3967864230e-01  5.6132281895e-01 -1.3393108753e-01 -7.2772373472e-01 -1.2267651444e+01 -3.0535418443e+00 -1.8190719475e+00 -1.0991345379e+01 -2.9830871384e+00 -3.9433502218e+00 -1.1073541882e+01 -3.2655499301e+00  3.6859568614e-01 -8.5128932002e+00 -3.1227549796e+00 -3.9419268429e+00 -3.6254882928e+00  1.2815427528e+00  1.4218651426e+00 -1.0054295246e+00 -2.5051197265e+00 -5.7148586611e-01 -6.4269746083e+00 -3.4157872978e+00  2.2868190049e+00 -5.5895460253e+00 -4.6417826660e+00  1.2974840650e+00
ENERGY -2.193170649097e+03

JOB 3
COORDS -1.1078718658e+01 -2.9193606330e+00 -1.8469841366e+00 -1.0389560123e+01 -3.2556578225e+00 -3.0294048540e+00 -1.0420786871e+01 -2.8886332817e+00 -6.2072293475e-01 -9.0303192905e+00 -3.5673411424e+00 -3.0067323443e+00 -2.9419322421e+00  4.1547557646e-01  1.2453269972e+00 -1.6775060593e+00 -1.5806794090e+00 -3.4231715161e-01 -3.5089986381e+00 -8.3503617290e-01  1.0659330278e+00 -2.8884577805e+00 -1.8141660608e+00  2.8792020502e-01 -9.0528229645e+00 -3.2001327467e+00 -5.7829812829e-01 -8.3696623455e+00 -3.5373271972e+00 -1.7733001558e+00 -1.7146842992e+00  6.7117011223e-01  6.1408204867e-01 -1.0879307781e+00 -3.1834195474e-01 -1.7316693470e-01 -7.0420341958e+00 -3.5304651715e+00  2.9323660349e-01 -4.7862197827e+00 -1.3961982409e+00  1.6027866549e+00 -3.7491352349e+00 -3.0338767965e+00  2.9475717301e-01 -5.9642439841e+00 -3.6207881623e+00  1.3436578835e+00 -8.2654149466e+00 -3.2048065281e+00  5.6726972774e-01 -4.8534438556e+00 -2.7101892512e+00  1.0984887039e+00 -5.6083303165e+00 -8.7567570111e-01  2.3293896246e+00 -3.5777753833e+00 -4.1024607043e+00 -2.6313287225e-01 -6.6912176143e+00 -3.8817566464e+00 -1.4109103017e+00 -9.8743893576e-01  2.2372205089e+00  8.2694116129e-01  4.3289735179e-01 -5.2632494964e-03 -9.5827087490e-01 -1.2137433129e+01 -2.6805032684e+00 -1.8959658033e+00 -1.0923996457e+01 -3.2731435993e+00 -3.9752965677e+00 -1.0937221564e+01 -2.6291860840e+00  2.9861106898e-01 -8.5050094945e+00 -3.8262224429e+00 -3.9214453087e+00 -3.4229854482e+00  1.1772702077e+00  1.8501709222e+00 -1.1944436794e+00 -2.3406778054e+00 -9.4780693884e-01 -6.4151531990e+00 -3.3614139395e+00  2.3023989666e+00 -5.5553012193e+00 -4.6337183986e+00  1.3888206241e+00
ENERGY -2.193170575601e+03

JOB 4
COORDS -1.1050839434e+01 -2.2959498287e+00 -1.5524620061e+00 -1.0560080208e+01 -2.7513911860e+00 -2.7929224168e+00 -1.0270687978e+01 -2.3754872692e+00 -4.0276954259e-01 -9.2805091794e+00 -3.2940611285e+00 -2.9058192558e+00 -1.7436563780e+00 -1.4727943479e+00 -6.9287155734e-01 -2.7749665825e+00  1.7642821037e-01  1.3859969394e+00 -2.8696276893e+00 -1.8332759351e+00  2.8384374728e-02 -3.3755597522e+00 -1.0246324977e+00  1.0479634489e+00 -8.9796887542e+00 -2.9191917512e+00 -4.9652420343e-01 -8.4961828825e+00 -3.3740113239e+00 -1.7490303179e+00 -1.1221135692e+00 -2.5771440750e-01 -3.6598390037e-01 -1.6338394036e+00  5.5978846026e-01  6.6419062756e-01 -6.9766644901e+00 -3.5961869723e+00  1.6809831393e-01 -3.7368094185e+00 -3.0432668397e+00 -8.4478691026e-02 -4.5815317626e+00 -1.6914155349e+00  1.6278897236e+00 -5.8130908047e+00 -3.8409949228e+00  1.0952611981e+00 -8.0894500991e+00 -3.0599284315e+00  5.6077092231e-01 -4.7302909966e+00 -2.8850446970e+00  8.9350270692e-01 -3.6441159001e+00 -3.9920620001e+00 -8.4232172852e-01 -5.2932171562e+00 -1.3292511062e+00  2.5426074438e+00 -6.8700997597e+00 -3.9937939082e+00 -1.5571661973e+00  2.9302720728e-01  2.1332976335e-01 -1.2622580353e+00 -8.6766200443e-01  2.0677744001e+00  1.0714603225e+00 -1.2051770465e+01 -1.8772642467e+00 -1.4959490867e+00 -1.1187627187e+01 -2.6792783986e+00 -3.6770315445e+00 -1.0633724218e+01 -2.0277006944e+00  5.5976088881e-01 -8.9081815055e+00 -3.6429931250e+00 -3.8646417318e+00 -1.3492365741e+00 -2.1008200082e+00 -1.4850541584e+00 -3.1667173483e+00  8.0573821159e-01  2.1785476538e+00 -6.1733767842e+00 -3.7259858135e+00  2.1183628255e+00 -5.4036815541e+00 -4.8443025613e+00  9.5501245559e-01
ENERGY -2.193170327231e+03

JOB 5
COORDS -1.0792717156e+01 -2.4877333453e+00 -1.9655005536e+00 -1.0331743480e+01 -3.3403530653e+00 -2.9893346570e+00 -1.0064947962e+01 -2.3230516928e+00 -7.9105803837e-01 -9.1345132083e+00 -4.0424509671e+00 -2.8571653317e+00 -3.0460744445e+00  3.5867125188e-01  1.4026837571e+00 -1.8637441516e+00 -1.4065794391e+00 -4.9149377430e-01 -3.5765608911e+00 -8.9540190447e-01  1.1510107443e+00 -2.9960941833e+00 -1.7614755985e+00  2.2257266914e-01 -8.8562982486e+00 -3.0217438219e+00 -6.3907321025e-01 -8.4015563413e+00 -3.8758900019e+00 -1.6759291110e+00 -1.8998889982e+00  7.3746765552e-01  6.8665444031e-01 -1.3139952854e+00 -1.3750980858e-01 -2.5277654792e-01 -6.9866624601e+00 -3.7174218533e+00  3.2444914641e-01 -4.7689007899e+00 -1.5705359412e+00  1.7492072874e+00 -3.7984711980e+00 -3.0204950524e+00  1.9058066345e-01 -5.8866134357e+00 -3.8106434068e+00  1.3522987519e+00 -8.0275586145e+00 -2.9590194112e+00  4.7316247094e-01 -4.8353751729e+00 -2.8280382069e+00  1.1163155611e+00 -5.5257631012e+00 -1.1688238460e+00  2.6093263228e+00 -3.6283011078e+00 -4.0279194685e+00 -4.7178695473e-01 -6.8770933642e+00 -4.5966189771e+00 -1.2094239811e+00 -1.2211263812e+00  2.3112109380e+00  9.8723255856e-01  1.0610731901e-01  3.2844215734e-01 -1.1440561639e+00 -1.1729301421e+01 -1.9532572000e+00 -2.0978593782e+00 -1.0917725973e+01 -3.4533859156e+00 -3.8973590410e+00 -1.0406489433e+01 -1.6700252588e+00  6.5241378548e-03 -8.7845317856e+00 -4.6971115446e+00 -3.6500152346e+00 -3.4954525778e+00  1.0319834440e+00  2.1253807506e+00 -1.4113354268e+00 -2.0790520733e+00 -1.2130659099e+00 -6.3162370217e+00 -3.5997700333e+00  2.3329316271e+00 -5.4305150673e+00 -4.8028839545e+00  1.3521198291e+00
ENERGY -2.193169754405e+03

JOB 6
COORDS -1.0720070576e+01 -1.9439976464e+00 -1.7495596457e+00 -1.0552616339e+01 -2.9137132999e+00 -2.7593308858e+00 -9.8292904565e+00 -1.8608187085e+00 -6.8406037111e-01 -9.4913159654e+00 -3.8167638542e+00 -2.7221277121e+00 -1.9612650078e+00 -1.2507606217e+00 -7.7919363401e-01 -2.8002288973e+00  4.2662933114e-02  1.6142709496e+00 -2.9881799253e+00 -1.7591821576e+00 -1.4340777973e-03 -3.3995823867e+00 -1.1247549058e+00  1.1721390669e+00 -8.7532519912e+00 -2.7617664504e+00 -6.2852298566e-01 -8.5939949003e+00 -3.7327588445e+00 -1.6506723661e+00 -1.3434745061e+00 -6.6507195363e-02 -3.4849032863e-01 -1.7591960361e+00  5.7469341095e-01  8.3784954694e-01 -6.9279670831e+00 -3.7443907717e+00  1.5085425107e-01 -3.8242004049e+00 -2.9822507616e+00 -1.9196239995e-01 -4.5113082516e+00 -1.9205622411e+00  1.7765049835e+00 -5.7527545169e+00 -4.0060110696e+00  1.0615368695e+00 -7.7928583848e+00 -2.8042001393e+00  3.7230693272e-01 -4.7064281181e+00 -3.0057328371e+00  8.9903358278e-01 -3.7826688953e+00 -3.8150359572e+00 -1.0788304153e+00 -5.1217585651e+00 -1.7239929972e+00  2.8077448442e+00 -7.1717695820e+00 -4.6948466453e+00 -1.3198811972e+00 -5.2835975535e-02  5.8960672815e-01 -1.3139819880e+00 -9.9529037560e-01  2.0427463499e+00  1.3758635084e+00 -1.1557302878e+01 -1.2539287403e+00 -1.8063567996e+00 -1.1261614917e+01 -2.9594296561e+00 -3.5814175300e+00 -9.9455367875e+00 -1.1207409857e+00  1.0210162990e-01 -9.3675688665e+00 -4.5605377357e+00 -3.5038505251e+00 -1.6396666240e+00 -1.7433666419e+00 -1.6910621503e+00 -3.1185420871e+00  5.3579844877e-01  2.5269994980e+00 -6.0916170930e+00 -3.9459563072e+00  2.0977013870e+00 -5.3245227019e+00 -4.9928183305e+00  8.7345013573e-01
ENERGY -2.193169279777e+03

JOB 7
COORDS -1.0526064489e+01 -1.8129875813e+00 -1.8998353092e+00 -1.0579798237e+01 -2.9701114293e+00 -2.7031726222e+00 -9.5520976615e+00 -1.6693139126e+00 -9.1641501401e-01 -9.6598974034e+00 -4.0044722965e+00 -2.5370256725e+00 -2.0897559354e+00 -1.1158043160e+00 -8.0089958553e-01 -2.8096927604e+00 -2.0741733184e-02  1.7254440753e+00 -3.0560262727e+00 -1.7060004187e+00 -3.4315021136e-03 -3.4095440392e+00 -1.1686349117e+00  1.2355817146e+00 -8.6158357028e+00 -2.6996164421e+00 -7.3313290376e-01 -8.6802653471e+00 -3.8591956838e+00 -1.5478267472e+00 -1.4724817411e+00  5.0152404054e-02 -3.2218360901e-01 -1.8293728130e+00  5.9300702469e-01  9.3049091366e-01 -6.8926013133e+00 -3.7877341846e+00  1.3272894512e-01 -3.8789228907e+00 -2.9308384332e+00 -2.3558381915e-01 -4.4683252730e+00 -2.0317447338e+00  1.8417753667e+00 -5.7194702102e+00 -4.0733019431e+00  1.0402212115e+00 -7.5959064067e+00 -2.7021912079e+00  2.0874718973e-01 -4.6827151735e+00 -3.0629851484e+00  9.0705670501e-01 -3.8851792840e+00 -3.6882313376e+00 -1.1880858204e+00 -5.0293873053e+00 -1.9188456003e+00  2.9132905255e+00 -7.3899694169e+00 -4.9518480146e+00 -1.0989818015e+00 -2.5824922551e-01  8.0814189172e-01 -1.3121375646e+00 -1.0672343662e+00  2.0386362308e+00  1.5288243406e+00 -1.1257086840e+01 -1.0238411446e+00 -2.0522681313e+00 -1.1349438130e+01 -3.0592853252e+00 -3.4649132497e+00 -9.4999532315e+00 -7.8465075045e-01 -2.8880548040e-01 -9.7053938502e+00 -4.8932766427e+00 -3.1595611746e+00 -1.8143266505e+00 -1.5322602160e+00 -1.7643667665e+00 -3.0835623989e+00  3.9777457826e-01  2.6884434460e+00 -6.0516850265e+00 -4.0516825563e+00  2.0808019246e+00 -5.2910355205e+00 -5.0537132833e+00  8.1988497379e-01
ENERGY -2.193169515616e+03

JOB 8
COORDS -1.0319331455e+01 -1.6872671434e+00 -2.0309923516e+00 -1.0602935898e+01 -2.9416895326e+00 -2.6070485237e+00 -9.2552331945e+00 -1.5295374397e+00 -1.1475950505e+00 -9.8271378911e+00 -4.0617013366e+00 -2.3093279521e+00 -2.1839502580e+00 -9.9364680996e-01 -7.8075218876e-01 -2.8613745747e+00 -4.5018536471e-02  1.8164521516e+00 -3.1049129401e+00 -1.6540105166e+00  1.5298082611e-02 -3.4369648014e+00 -1.1886833228e+00  1.2890314969e+00 -8.4623667847e+00 -2.6448935914e+00 -8.3513625544e-01 -8.7579303564e+00 -3.9019599515e+00 -1.4209904295e+00 -1.5906102066e+00  1.6815869167e-01 -2.6352635502e-01 -1.9266786201e+00  6.3855804681e-01  1.0237007880e+00 -6.8434166288e+00 -3.8213020460e+00  1.1220345688e-01 -3.8952800276e+00 -2.8923736514e+00 -2.5314341809e-01 -4.4487424876e+00 -2.1141879151e+00  1.8821181211e+00 -5.6702359430e+00 -4.1366023875e+00  1.0099077875e+00 -7.3756275393e+00 -2.6439570398e+00  3.0722538490e-02 -4.6450146847e+00 -3.1154619742e+00  9.1282207825e-01 -3.9178916191e+00 -3.5953667724e+00 -1.2456501691e+00 -4.9933707109e+00 -2.0627391043e+00  2.9672315769e+00 -7.6009829450e+00 -5.0888413472e+00 -8.5648398607e-01 -4.3153787601e-01  1.0127448415e+00 -1.2496195413e+00 -1.1947847899e+00  2.0799044303e+00  1.6685248068e+00 -1.0941932077e+01 -8.3272419394e-01 -2.2809655865e+00 -1.1438434194e+01 -3.0401842805e+00 -3.2946177998e+00 -9.0267465271e+00 -5.6943466114e-01 -6.9457528477e-01 -1.0049614368e+01 -5.0259133550e+00 -2.7569503666e+00 -1.9255905534e+00 -1.3534477281e+00 -1.7713936519e+00 -3.1196672248e+00  3.1812707989e-01  2.8058692431e+00 -5.9991840127e+00 -4.1608226097e+00  2.0523852463e+00 -5.2397204853e+00 -5.1074894912e+00  7.5249724307e-01
ENERGY -2.193170199527e+03

JOB 9
COORDS -1.0229422096e+01 -1.3686631987e+00 -1.6982313540e+00 -1.0755583311e+01 -2.5876144069e+00 -2.1693574649e+00 -9.0184554625e+00 -1.3296973872e+00 -1.0122354085e+00 -1.0080216888e+01 -3.7905151003e+00 -1.9619380408e+00 -2.1654527154e+00 -8.7296361394e-01 -9.2401666214e-01 -2.7971940620e+00 -2.2991308136e-01  1.7759156251e+00 -3.0272844513e+00 -1.6562734615e+00 -1.7451838732e-01 -3.3377585111e+00 -1.3402947599e+00  1.1493866952e+00 -8.3242888180e+00 -2.5293275566e+00 -7.9360232007e-01 -8.8641814478e+00 -3.7492833527e+00 -1.2718294837e+00 -1.6104484849e+00  2.5865264709e-01 -3.0704478686e-01 -1.9232785334e+00  5.7715275294e-01  1.0315684417e+00 -6.7188881955e+00 -3.8800303509e+00 -8.4668908182e-02 -3.7686849888e+00 -2.8979035987e+00 -5.4749750719e-01 -4.2869281942e+00 -2.3689933757e+00  1.6707915565e+00 -5.4602467220e+00 -4.3272003064e+00  6.2223531971e-01 -7.1115873361e+00 -2.6480522555e+00 -1.2393851755e-01 -4.4611970872e+00 -3.2805775223e+00  6.1304832821e-01 -3.7963544787e+00 -3.4928069874e+00 -1.6079604373e+00 -4.8056097370e+00 -2.4516184182e+00  2.7667144164e+00 -7.7791048485e+00 -5.0631140396e+00 -8.6023346562e-01 -5.2934309316e-01  1.2588280187e+00 -1.2346957024e+00 -1.2373325795e+00  1.9798668400e+00  1.8006793118e+00 -1.0778167357e+01 -4.4750550414e-01 -1.8733944312e+00 -1.1702048838e+01 -2.5935196255e+00 -2.7028857136e+00 -8.6022340331e+00 -3.9770112632e-01 -6.4160685054e-01 -1.0490269447e+01 -4.7273129418e+00 -2.3277202359e+00 -1.9247545116e+00 -1.1160388014e+00 -1.9538368972e+00 -3.0384488439e+00  1.6994851545e-02  2.8046823880e+00 -5.6838701548e+00 -4.5581585878e+00  1.6678056775e+00 -5.0501405673e+00 -5.2205525894e+00  1.4464519059e-01
ENERGY -2.193170875580e+03

JOB 10
COORDS -9.4511621200e+00 -2.1555880668e+00 -3.1955831082e+00 -1.0301424178e+01 -3.2449872773e+00 -2.9235243704e+00 -8.3460474697e+00 -1.8915123834e+00 -2.3903704681e+00 -1.0062208655e+01 -4.0909777065e+00 -1.8400122010e+00 -3.0528521261e+00  3.7250701842e-01  1.0948406418e+00 -1.9241245977e+00 -1.7055413186e+00 -4.8972522229e-01 -3.6142181022e+00 -8.9274907446e-01  1.0518320152e+00 -3.0602961658e+00 -1.9117239138e+00  2.7496355409e-01 -8.0895254466e+00 -2.7308104091e+00 -1.2961546078e+00 -8.9520152842e+00 -3.8232359565e+00 -1.0328010202e+00 -1.9025084955e+00  6.0142089915e-01  3.2462708728e-01 -1.3429835009e+00 -4.2865112549e-01 -4.6097261783e-01 -7.0545612479e+00 -3.5175595457e+00  4.9749794420e-01 -4.8249345599e+00 -1.4297749796e+00  1.7418490010e+00 -3.8982798895e+00 -3.1367016058e+00  4.3948474736e-01 -6.0506744162e+00 -3.6137599131e+00  1.6238223616e+00 -7.0299142230e+00 -2.5922266670e+00 -4.0519468049e-01 -4.8985481301e+00 -2.7822310101e+00  1.3610180962e+00 -5.5983506943e+00 -8.6556709099e-01  2.4907384571e+00 -3.7790086263e+00 -4.2293315551e+00 -8.0471487959e-02 -8.3779159838e+00 -4.6867449578e+00  3.8212468712e-01 -1.1860221718e+00  2.1873848630e+00  3.6112239397e-01  8.2266345307e-02 -1.4768466410e-01 -1.4199703916e+00 -9.6624108271e+00 -1.5133609649e+00 -4.0459963887e+00 -1.1157517082e+01 -3.4318092988e+00 -3.5659253823e+00 -7.6829629854e+00 -1.0545358300e+00 -2.5879000900e+00 -1.0720663360e+01 -4.9299823903e+00 -1.6349251009e+00 -3.4833002607e+00  1.1661303384e+00  1.6968333262e+00 -1.4941163622e+00 -2.4963204743e+00 -1.0957881615e+00 -6.5047201574e+00 -3.2735314414e+00  2.5590326449e+00 -5.7206040308e+00 -4.6481759608e+00  1.7502330514e+00
ENERGY -2.193171353065e+03

JOB 11
COORDS -9.3741205011e+00 -2.1990080892e+00 -3.2516489665e+00 -1.0362772002e+01 -3.1160640899e+00 -2.8454691446e+00 -8.2061548475e+00 -2.0322012402e+00 -2.5116349609e+00 -1.0202211881e+01 -3.8838785941e+00 -1.6913665815e+00 -3.1667548417e+00  3.8949368518e-01  1.0764710055e+00 -1.8928588406e+00 -1.6525908180e+00 -4.4300385305e-01 -3.6660214005e+00 -9.0163724437e-01  1.0345845922e+00 -3.0413245991e+00 -1.9030623621e+00  2.8933588631e-01 -8.0271240583e+00 -2.7952396654e+00 -1.3485677931e+00 -9.0285901061e+00 -3.7142113513e+00 -9.5033038799e-01 -2.0051367178e+00  6.6306453062e-01  3.3841136641e-01 -1.3735682718e+00 -3.4934921616e-01 -4.1491904096e-01 -7.0385435091e+00 -3.5575033786e+00  4.8143074216e-01 -4.8725870526e+00 -1.4866791348e+00  1.6917260888e+00 -3.8262231634e+00 -3.1641080190e+00  4.4323075516e-01 -5.9951095650e+00 -3.7207885603e+00  1.5634616898e+00 -6.9176696183e+00 -2.7376203797e+00 -5.1055034107e-01 -4.8697588458e+00 -2.8460573810e+00  1.3306682598e+00 -5.6997016347e+00 -9.5045636335e-01  2.4031512859e+00 -3.6375050594e+00 -4.2557699680e+00 -5.7391584688e-02 -8.5271463481e+00 -4.5146767187e+00  5.2847077414e-01 -1.3661453936e+00  2.2818977612e+00  3.7319589354e-01  6.5627995268e-02 -1.3316061152e-02 -1.3346630693e+00 -9.5265973777e+00 -1.6147678791e+00 -4.1547963876e+00 -1.1266088229e+01 -3.2294377109e+00 -3.4384366155e+00 -7.4353298608e+00 -1.3290256940e+00 -2.8126559337e+00 -1.0968036439e+01 -4.5895817749e+00 -1.3830974858e+00 -3.6527733207e+00  1.1694980766e+00  1.6534503117e+00 -1.4076971110e+00 -2.4296371425e+00 -1.0246726108e+00 -6.4249901064e+00 -3.4791684713e+00  2.5394686291e+00 -5.6337112874e+00 -4.7526275254e+00  1.5855018033e+00
ENERGY -2.193171526636e+03

JOB 12
COORDS -9.3621916476e+00 -2.2990786351e+00 -3.3038379483e+00 -1.0440606741e+01 -3.0206942930e+00 -2.7560713567e+00 -8.1411473079e+00 -2.2218509757e+00 -2.6386603436e+00 -1.0317639966e+01 -3.6792224892e+00 -1.5320828256e+00 -3.2347024847e+00  4.0449071402e-01  1.0879569379e+00 -1.8338925843e+00 -1.5921015905e+00 -3.7937278599e-01 -3.6867648903e+00 -9.0328054525e-01  1.0283385462e+00 -3.0001980678e+00 -1.8826230617e+00  3.0850921567e-01 -7.9983974930e+00 -2.8777783220e+00 -1.4070214435e+00 -9.0902711368e+00 -3.6003810779e+00 -8.6639464712e-01 -2.0558506300e+00  7.1827774537e-01  3.9451367638e-01 -1.3614050844e+00 -2.7167673129e-01 -3.3282046969e-01 -7.0173263073e+00 -3.5774712336e+00  4.5184430385e-01 -4.8953500110e+00 -1.5308519600e+00  1.6409200085e+00 -3.7439653864e+00 -3.1713950439e+00  4.3604151480e-01 -5.9336484756e+00 -3.8021749913e+00  1.4818216599e+00 -6.8439480485e+00 -2.8919371717e+00 -6.3061553648e-01 -4.8327954279e+00 -2.8880348353e+00  1.2808167882e+00 -5.7686305456e+00 -1.0246553971e+00  2.3188171116e+00 -3.4932092271e+00 -4.2567035615e+00 -5.0378357297e-02 -8.6177705775e+00 -4.2999236209e+00  6.7134169382e-01 -1.4745717549e+00  2.3580277782e+00  4.5226559486e-01  9.9955377370e-02  1.1374858882e-01 -1.1964419154e+00 -9.4867946979e+00 -1.7965546581e+00 -4.2589442262e+00 -1.1384117546e+01 -3.0666678974e+00 -3.2928669306e+00 -7.3011490248e+00 -1.6700146679e+00 -3.0498898377e+00 -1.1152542985e+01 -4.2338114855e+00 -1.1138536015e+00 -3.7690303553e+00  1.1669913136e+00  1.6453024468e+00 -1.3000000084e+00 -2.3518217317e+00 -9.4088586672e-01 -6.3332321168e+00 -3.6608471863e+00  2.4894368524e+00 -5.5442475861e+00 -4.8209658995e+00  1.3984388704e+00
ENERGY -2.193171352663e+03

JOB 13
COORDS -9.5725619284e+00 -2.1378536036e+00 -3.1102088623e+00 -1.0640121228e+01 -2.7050211021e+00 -2.3868022321e+00 -8.2643529707e+00 -2.2263613877e+00 -2.6419957555e+00 -1.0418887784e+01 -3.3723829022e+00 -1.1819060626e+00 -1.6930186164e+00 -1.5940363256e+00 -6.4309979065e-01 -3.0551027162e+00  1.7675844205e-01  1.1203192223e+00 -2.8254947913e+00 -1.9892180642e+00  4.9022821126e-02 -3.4931499680e+00 -1.1208819302e+00  9.1451164574e-01 -8.0217975629e+00 -2.8939424522e+00 -1.4318855885e+00 -9.1038206868e+00 -3.4613577724e+00 -7.1357570430e-01 -1.2352515475e+00 -2.8181071320e-01 -4.4897814795e-01 -1.9106814629e+00  5.9634483508e-01  4.2500970570e-01 -6.8691473144e+00 -3.7192420756e+00  2.6934354192e-01 -3.5448810222e+00 -3.2982461963e+00  4.4557643936e-02 -4.6648095645e+00 -1.8435777657e+00  1.4934201381e+00 -5.6732840819e+00 -4.1034014816e+00  1.1095062197e+00 -6.7739696759e+00 -3.0661816809e+00 -8.4328238615e-01 -4.6032843847e+00 -3.1409607607e+00  9.5856642316e-01 -3.2959423221e+00 -4.3104279724e+00 -5.8019740816e-01 -5.5133087726e+00 -1.4448405361e+00  2.2681978374e+00 -8.4971939871e+00 -4.2139304008e+00  7.4884541043e-01  1.8406742376e-01  2.3437206530e-01 -1.3142625731e+00 -1.3479878634e+00  2.2257000125e+00  6.6642919770e-01 -9.7751959875e+00 -1.6251045526e+00 -4.0463525359e+00 -1.1652907003e+01 -2.6227134385e+00 -2.7714720200e+00 -7.4315399964e+00 -1.7956286788e+00 -3.1898419670e+00 -1.1245985552e+01 -3.8070626139e+00 -6.2828815892e-01 -1.1738121986e+00 -2.2677865060e+00 -1.3168995673e+00 -3.5743954804e+00  8.5349837088e-01  1.7910656061e+00 -5.9515886751e+00 -4.1705988239e+00  2.1641424816e+00 -5.2887476024e+00 -5.0743846768e+00  7.8402634360e-01
ENERGY -2.193170875066e+03

JOB 14
COORDS -9.7112876225e+00 -2.3186837287e+00 -3.1571242855e+00 -1.0758008069e+01 -2.6492996366e+00 -2.2734202000e+00 -8.3809543576e+00 -2.5012963711e+00 -2.7905404699e+00 -1.0492867111e+01 -3.1691592620e+00 -1.0067937056e+00 -1.6217464351e+00 -1.5244718462e+00 -5.0898858039e-01 -3.1376633024e+00  2.0265959367e-01  1.1703130765e+00 -2.7923682927e+00 -1.9473065280e+00  9.7895855089e-02 -3.5359772707e+00 -1.1001903675e+00  9.2156157710e-01 -8.0932339809e+00 -3.0232675629e+00 -1.5196784819e+00 -9.1552045818e+00 -3.3523367488e+00 -6.3937760558e-01 -1.2028370275e+00 -2.0657782814e-01 -2.7004974328e-01 -1.9541972945e+00  6.4959879626e-01  5.6279489618e-01 -6.8773123453e+00 -3.7439556999e+00  1.8407689734e-01 -3.4818254297e+00 -3.2712250363e+00  3.4763900790e-02 -4.7300132748e+00 -1.8513534144e+00  1.4117755570e+00 -5.6515051824e+00 -4.1428592148e+00  9.7130340494e-01 -6.8205878392e+00 -3.2657993483e+00 -1.0175789099e+00 -4.6099883662e+00 -3.1392506006e+00  8.6577513024e-01 -3.1624386948e+00 -4.2750934132e+00 -5.7095732915e-01 -5.6358291397e+00 -1.4780101286e+00  2.1328370006e+00 -8.4933426917e+00 -3.9645520079e+00  8.6157827644e-01  2.6467593752e-01  3.4324593968e-01 -1.0270948087e+00 -1.4382894084e+00  2.2845874191e+00  8.6253337109e-01 -9.9485347006e+00 -1.9163377505e+00 -4.1380400462e+00 -1.1788791354e+01 -2.4972656207e+00 -2.5814438700e+00 -7.5644832776e+00 -2.2530974807e+00 -3.4621065275e+00 -1.1303578414e+01 -3.4212809877e+00 -3.2948749076e-01 -1.0434679697e+00 -2.1817644472e+00 -1.1501411395e+00 -3.7151297863e+00  8.6248591327e-01  1.8096291437e+00 -5.9039375858e+00 -4.2934530584e+00  2.0237624058e+00 -5.2406244778e+00 -5.0731175731e+00  5.6940887807e-01
ENERGY -2.193170201408e+03

JOB 15
COORDS -9.7904079105e+00 -2.5279415897e+00 -3.2257860186e+00 -1.0777749388e+01 -2.5398185957e+00 -2.2196564277e+00 -8.4658839744e+00 -2.8370026684e+00 -2.9317657935e+00 -1.0458002264e+01 -2.8611727461e+00 -9.0121145276e-01 -1.5691423935e+00 -1.4666888488e+00 -5.1044539710e-01 -3.0633620141e+00  1.7408928867e-01  1.2720914676e+00 -2.7404948709e+00 -1.9139953190e+00  7.7198522452e-02 -3.4734378749e+00 -1.1091924447e+00  9.5126191867e-01 -8.1230626512e+00 -3.1628429031e+00 -1.6095766023e+00 -9.1254262166e+00 -3.1714517191e+00 -6.0564970815e-01 -1.1386140261e+00 -1.6770287341e-01 -1.9917378372e-01 -1.8791634675e+00  6.4558346447e-01  6.8480300335e-01 -6.8476649939e+00 -3.7459049126e+00  1.0432310814e-01 -3.4393430042e+00 -3.2282616215e+00 -5.5307971052e-02 -4.6700119479e+00 -1.8787005864e+00  1.4061676029e+00 -5.6040259328e+00 -4.1488166371e+00  8.6059159652e-01 -6.8504580358e+00 -3.4988259934e+00 -1.1676812109e+00 -4.5718959967e+00 -3.1285631802e+00  7.7559142418e-01 -3.1222911090e+00 -4.2031764261e+00 -7.0705826458e-01 -5.5616677020e+00 -1.5433577286e+00  2.1632829693e+00 -8.4025970822e+00 -3.5989990236e+00  9.2869432492e-01  3.2985395511e-01  4.1273880552e-01 -9.3077355894e-01 -1.3485686196e+00  2.2565966043e+00  1.0745730176e+00 -1.0070284133e+01 -2.2742232466e+00 -4.2444496233e+00 -1.1805314539e+01 -2.2944738129e+00 -2.4735577039e+00 -7.6950716950e+00 -2.8341292009e+00 -3.6966780604e+00 -1.1222864419e+01 -2.8676041707e+00 -1.3014544077e-01 -9.9866658686e-01 -2.0913763560e+00 -1.1900488722e+00 -3.6320546880e+00  8.0059615455e-01  1.9515447247e+00 -5.8349759837e+00 -4.3368082867e+00  1.9116757369e+00 -5.1876288822e+00 -5.0563024163e+00  4.1685443338e-01
ENERGY -2.193169502650e+03

JOB 16
COORDS -9.9290059458e+00 -2.8210482184e+00 -3.2685968812e+00 -1.0823476149e+01 -2.4990904957e+00 -2.2273130375e+00 -8.6337375392e+00 -3.2471452851e+00 -2.9920445405e+00 -1.0437822538e+01 -2.5969557272e+00 -8.9128862918e-01 -1.6853403509e+00 -1.3049140452e+00 -4.9293941670e-01 -3.1048299778e+00  1.5242473724e-01  1.4979635192e+00 -2.8288600946e+00 -1.8128854114e+00  1.0023781026e-01 -3.5248752312e+00 -1.0982802797e+00  1.0768833159e+00 -8.2258366512e+00 -3.3521562273e+00 -1.6522034395e+00 -9.1340573914e+00 -3.0246392758e+00 -6.1265326987e-01 -1.2455110418e+00 -3.7386447025e-02 -8.1132489267e-02 -1.9493147654e+00  6.8513105331e-01  9.0577177766e-01 -6.8955453923e+00 -3.7641199446e+00  6.9875073215e-02 -3.5274784619e+00 -3.1154907022e+00 -1.2252766171e-01 -4.6958480195e+00 -1.9169842147e+00  1.5124085892e+00 -5.6396264387e+00 -4.1446701587e+00  8.1605589644e-01 -6.9729771873e+00 -3.7682994955e+00 -1.2243587416e+00 -4.6316576296e+00 -3.0950646557e+00  7.5268302316e-01 -3.2282021484e+00 -4.0283854567e+00 -8.6536191294e-01 -5.5449065750e+00 -1.6662940787e+00  2.3478945946e+00 -8.3459815205e+00 -3.2385992822e+00  9.3363871173e-01  1.8832448972e-01  6.1841724947e-01 -8.1750167063e-01 -1.4076290223e+00  2.2570986400e+00  1.4195787115e+00 -1.0258519580e+01 -2.7349089809e+00 -4.3002848598e+00 -1.1830252205e+01 -2.1688559447e+00 -2.4680629553e+00 -7.9339849910e+00 -3.5001225982e+00 -3.7829970729e+00 -1.1131180725e+01 -2.3464043917e+00 -9.3743196243e-02 -1.1428362999e+00 -1.8601593521e+00 -1.2511970540e+00 -3.6443517144e+00  7.0851470556e-01  2.2577396739e+00 -5.8569441443e+00 -4.3571491170e+00  1.8649463379e+00 -5.2067882383e+00 -5.0298369650e+00  3.4573195137e-01
ENERGY -2.193169280554e+03

JOB 17
COORDS -1.0023153811e+01 -3.0641582021e+00 -3.2902678129e+00 -1.0784852396e+01 -2.4190118344e+00 -2.2946346661e+00 -8.7771881985e+00 -3.6087832121e+00 -2.9951954403e+00 -1.0313964683e+01 -2.3062357959e+00 -9.8721344840e-01 -1.7703760509e+00 -1.1501454495e+00 -5.2176125627e-01 -3.0696907618e+00  1.0199324738e-01  1.6807599773e+00 -2.8751175883e+00 -1.7200825235e+00  8.8305596451e-02 -3.5117616716e+00 -1.1065060147e+00  1.1687898639e+00 -8.2850236844e+00 -3.5055327129e+00 -1.6840200614e+00 -9.0596725245e+00 -2.8533570381e+00 -6.9107873220e-01 -1.3090520886e+00  7.6117250357e-02 -1.8478905096e-02 -1.9533412927e+00  6.9686417155e-01  1.0728269006e+00 -6.8896457731e+00 -3.7578417706e+00  1.8114882507e-02 -3.5844230781e+00 -3.0006606043e+00 -2.1561329332e-01 -4.6537874255e+00 -1.9704533025e+00  1.5922860196e+00 -5.6310039143e+00 -4.1347732111e+00  7.5904850885e-01 -7.0650836208e+00 -4.0008430161e+00 -1.2432093739e+00 -4.6359282335e+00 -3.0696694892e+00  7.2021648796e-01 -3.3296041725e+00 -3.8364160322e+00 -1.0585842919e+00 -5.4527227593e+00 -1.8058783994e+00  2.4962941388e+00 -8.1921987306e+00 -2.8718248001e+00  8.2820734788e-01  7.6168318960e-02  8.0976699605e-01 -7.7385188706e-01 -1.3853089512e+00  2.2180236182e+00  1.6985057229e+00 -1.0416605456e+01 -3.1356839721e+00 -4.3004499173e+00 -1.1755474028e+01 -2.0017984862e+00 -2.5485529006e+00 -8.1783291616e+00 -4.1085242169e+00 -3.7507336962e+00 -1.0905498589e+01 -1.8072029609e+00 -2.2514629417e-01 -1.2738585589e+00 -1.6270839356e+00 -1.3605740965e+00 -3.5632536023e+00  5.7981133981e-01  2.5207995303e+00 -5.8433716215e+00 -4.3636189084e+00  1.8054860299e+00 -5.1944579702e+00 -5.0068627400e+00  2.6950621742e-01
ENERGY -2.193169754281e+03

JOB 18
COORDS -1.0179249214e+01 -3.2778996435e+00 -3.2510223841e+00 -1.0795737046e+01 -2.3905653708e+00 -2.3457058163e+00 -8.9719624603e+00 -3.8945780927e+00 -2.9365293651e+00 -1.0216102247e+01 -2.1037675297e+00 -1.1102688207e+00 -1.7736173793e+00 -1.0440603474e+00 -4.9820201474e-01 -3.0196932223e+00  5.5138289956e-02  1.8132348553e+00 -2.8684731267e+00 -1.6515115720e+00  9.3282970320e-02 -3.4794773546e+00 -1.1122483444e+00  1.2269443716e+00 -8.3729974776e+00 -3.6185930652e+00 -1.6971141233e+00 -9.0017091155e+00 -2.7244657436e+00 -7.9451380788e-01 -1.2944758525e+00  1.4161527472e-01  8.0374198215e-02 -1.9119630028e+00  6.8622225705e-01  1.2264841260e+00 -6.8762974833e+00 -3.7169120132e+00 -6.5461217784e-02 -3.5919878351e+00 -2.9039866977e+00 -2.8494393404e-01 -4.6190454035e+00 -1.9968919806e+00  1.6111951019e+00 -5.6128695117e+00 -4.1057451634e+00  6.5985691033e-01 -7.1727625209e+00 -4.1556069246e+00 -1.2485429107e+00 -4.6233841082e+00 -3.0343662305e+00  6.6663458362e-01 -3.3632359326e+00 -3.6781250558e+00 -1.1919911162e+00 -5.4036167016e+00 -1.8879830702e+00  2.5362332890e+00 -8.0296779581e+00 -2.5776745204e+00  6.5416166324e-01  7.7857170958e-02  9.2170669721e-01 -6.5123117557e-01 -1.3208962654e+00  2.1551617023e+00  1.9479814623e+00 -1.0654804047e+01 -3.4811047502e+00 -4.2064871505e+00 -1.1738464809e+01 -1.9210706178e+00 -2.6130893741e+00 -8.4837374962e+00 -4.5793818116e+00 -3.6234720821e+00 -1.0696264760e+01 -1.4189238059e+00 -4.1733190438e-01 -1.2974535311e+00 -1.4624387832e+00 -1.3790220449e+00 -3.4933516867e+00  4.7494115477e-01  2.6946844559e+00 -5.8227318212e+00 -4.3734946217e+00  1.6981983975e+00 -5.1781346801e+00 -4.9583351429e+00  1.3651686595e-01
ENERGY -2.193170327500e+03

JOB 19
COORDS -1.0368123072e+01 -3.4617093275e+00 -3.1617805671e+00 -1.0828350297e+01 -2.3744222081e+00 -2.3922654850e+00 -9.1976614620e+00 -4.1332913242e+00 -2.8204746700e+00 -1.0126605240e+01 -1.9394729523e+00 -1.2682011960e+00 -1.7631275732e+00 -9.8070115387e-01 -4.9040438658e-01 -2.9541722186e+00 -1.9355925267e-02  1.9093767262e+00 -2.8539324225e+00 -1.6136998071e+00  8.1468196065e-02 -3.4375096322e+00 -1.1424691554e+00  1.2589079781e+00 -8.4783751128e+00 -3.7102573772e+00 -1.6918158183e+00 -8.9503305488e+00 -2.6157852296e+00 -9.2501489547e-01 -1.2591769907e+00  1.5984516922e-01  1.5398264936e-01 -1.8498937241e+00  6.3663728222e-01  1.3436993271e+00 -6.8658795903e+00 -3.6730676677e+00 -1.7270826152e-01 -3.5995971017e+00 -2.8308809654e+00 -3.6225000314e-01 -4.5803625964e+00 -2.0375985035e+00  1.6068476809e+00 -5.6042674039e+00 -4.0809399656e+00  5.4475482691e-01 -7.2947918664e+00 -4.2778724563e+00 -1.2348387274e+00 -4.6116744671e+00 -3.0156082605e+00  6.0068716098e-01 -3.4017126644e+00 -3.5442113227e+00 -1.3249616582e+00 -5.3511611486e+00 -1.9750546592e+00  2.5473051687e+00 -7.8604255348e+00 -2.3254308085e+00  4.1458462972e-01  1.1030329599e-01  9.6893732234e-01 -5.5076811936e-01 -1.2293671398e+00  2.0506160301e+00  2.1455357279e+00 -1.0935669442e+01 -3.7774183247e+00 -4.0327307892e+00 -1.1744847343e+01 -1.8652333637e+00 -2.6775674814e+00 -8.8288330352e+00 -4.9713294251e+00 -3.4042962277e+00 -1.0487092365e+01 -1.1012148256e+00 -6.7911040204e-01 -1.3080845313e+00 -1.3462623383e+00 -1.4052140640e+00 -3.4072275345e+00  3.4804050881e-01  2.8244284053e+00 -5.8262108298e+00 -4.3787364704e+00  1.5730477736e+00 -5.1730191686e+00 -4.9225494324e+00  1.2505749610e-03
ENERGY -2.193170575316e+03

JOB 20
COORDS -1.0750812377e+01 -3.8088697997e+00 -2.6220422978e+00 -1.0924213623e+01 -2.4566267742e+00 -2.2666811749e+00 -9.6746899116e+00 -4.5440374070e+00 -2.1323378458e+00 -1.0024717884e+01 -1.8149866274e+00 -1.4151394275e+00 -1.9372959139e+00 -1.2238945831e+00 -9.0437863031e-01 -2.6434984604e+00 -1.8363308319e-01  1.6499479469e+00 -2.9533852134e+00 -1.7844963172e+00 -1.4872669046e-01 -3.2991713133e+00 -1.2746319517e+00  1.1040463415e+00 -8.7597260469e+00 -3.9165766100e+00 -1.2731300526e+00 -8.9449219750e+00 -2.5558202518e+00 -9.2255342265e-01 -1.2608125004e+00 -1.1745507567e-01 -3.6780822325e-01 -1.6111382880e+00  3.9840003885e-01  8.9837006814e-01 -6.9855248459e+00 -3.6880662243e+00  3.2454523959e-02 -3.8404202101e+00 -2.9494839931e+00 -4.4580336406e-01 -4.4222651601e+00 -2.0915737484e+00  1.6520275398e+00 -5.7378919577e+00 -4.0651092046e+00  7.8982521679e-01 -7.6360932367e+00 -4.5180874120e+00 -7.1658015891e-01 -4.6817911725e+00 -3.0712148772e+00  6.7713473827e-01 -3.8635454110e+00 -3.6703406429e+00 -1.4230966321e+00 -5.0183815326e+00 -1.9720273543e+00  2.7058922532e+00 -7.6593560294e+00 -2.0510034959e+00  1.5504047276e-01  1.8864943082e-02  6.0043839398e-01 -1.3024556552e+00 -7.7584927958e-01  1.7705119419e+00  1.5667346753e+00 -1.1467142669e+01 -4.2818188351e+00 -3.2880308466e+00 -1.1771465564e+01 -1.9024217958e+00 -2.6611422899e+00 -9.5264396468e+00 -5.5860679791e+00 -2.3994111118e+00 -1.0163806368e+01 -7.7234576941e-01 -1.1447270099e+00 -1.6675781043e+00 -1.6191275545e+00 -1.8783648751e+00 -2.9120274965e+00  2.1395757339e-01  2.6232714265e+00 -5.9595380963e+00 -4.1762346865e+00  1.8550063780e+00 -5.3826520331e+00 -5.0166642922e+00  3.9078460495e-01
ENERGY -2.193170651860e+03

JOB 21
COORDS -1.0838706382e+01 -3.8433997571e+00 -2.4414899771e+00 -1.0841837213e+01 -2.4384071861e+00 -2.3391115854e+00 -9.8188139007e+00 -4.5997583537e+00 -1.8700838749e+00 -9.8248027280e+00 -1.7643734287e+00 -1.6627919029e+00 -1.9860825136e+00 -1.0501360094e+00 -8.7158241220e-01 -2.5935396906e+00 -2.1979670203e-01  1.7828858287e+00 -2.9592839534e+00 -1.6849367118e+00 -1.1796669218e-01 -3.2569917410e+00 -1.2778055830e+00  1.1838673530e+00 -8.7879823729e+00 -3.9397451772e+00 -1.1842075538e+00 -8.8023610603e+00 -2.5257049732e+00 -1.0867949299e+00 -1.3043136299e+00  2.5685610923e-02 -2.8225773224e-01 -1.6054213641e+00  4.3739376768e-01  1.0338118786e+00 -6.9200142075e+00 -3.6882546849e+00 -2.3539322299e-02 -3.8434277583e+00 -2.8373316875e+00 -4.6575967472e-01 -4.3446659590e+00 -2.1520277894e+00  1.7155825183e+00 -5.6805252169e+00 -4.0642334148e+00  7.4855863482e-01 -7.7021930942e+00 -4.5582438664e+00 -5.7295247058e-01 -4.6418636384e+00 -3.0517248022e+00  6.7456615023e-01 -3.8986822820e+00 -3.4864657754e+00 -1.4909390370e+00 -4.8880806012e+00 -2.1290633832e+00  2.8031241377e+00 -7.3994156085e+00 -1.9885149650e+00 -1.8553139033e-01 -8.1759960776e-02  8.3911678661e-01 -1.2149232993e+00 -7.6382567778e-01  1.7718596027e+00  1.7670143639e+00 -1.1643584427e+01 -4.3414323269e+00 -2.9748642881e+00 -1.1647730435e+01 -1.8686006206e+00 -2.7934011256e+00 -9.8023078945e+00 -5.6830836253e+00 -1.9428480760e+00 -9.8320212055e+00 -6.8093455832e-01 -1.5874286154e+00 -1.7541042251e+00 -1.3652989326e+00 -1.8837309687e+00 -2.8245729640e+00  9.7992573057e-02  2.7944138945e+00 -5.9242757338e+00 -4.1934577540e+00  1.8070141276e+00 -5.3061152400e+00 -5.0090144720e+00  3.4947964709e-01
ENERGY -2.193170973723e+03

JOB 22
COORDS -1.0975877247e+01 -3.8383373585e+00 -2.2320747068e+00 -1.0856050228e+01 -2.4386277184e+00 -2.3373517068e+00 -9.9792093859e+00 -4.5981683660e+00 -1.6255157485e+00 -9.7369115229e+00 -1.7730334491e+00 -1.8370087878e+00 -1.8828849596e+00 -9.8486796410e-01 -7.0979454173e-01 -2.7057376345e+00 -1.9111622607e-01  1.8969276236e+00 -2.9022868884e+00 -1.6410440628e+00 -4.0101544104e-02 -3.3057672227e+00 -1.2515336224e+00  1.2384046135e+00 -8.8460703399e+00 -3.9467756038e+00 -1.1150432538e+00 -8.7374615366e+00 -2.5376158527e+00 -1.2257653836e+00 -1.2637057549e+00  9.3254973615e-02 -5.8809803579e-02 -1.6712036030e+00  4.8675662146e-01  1.2340403857e+00 -6.8799698918e+00 -3.7056920937e+00 -1.2843413915e-01 -3.7355373196e+00 -2.8054124928e+00 -4.6409216962e-01 -4.4131827529e+00 -2.1504595854e+00  1.6799202539e+00 -5.6206024427e+00 -4.0900195384e+00  6.0921103678e-01 -7.7711084961e+00 -4.5692875359e+00 -4.8949139917e-01 -4.6181326611e+00 -3.0414740167e+00  6.0852373809e-01 -3.6948262776e+00 -3.4500447980e+00 -1.4929009324e+00 -5.0310726739e+00 -2.1542342643e+00  2.7266969300e+00 -7.2291645424e+00 -2.0104075073e+00 -5.0780704534e-01  1.7598049165e-02  9.3102005450e-01 -8.8482410331e-01 -9.0493481329e-01  1.8208211019e+00  2.0461476907e+00 -1.1858971812e+01 -4.3297914520e+00 -2.6308465417e+00 -1.1646377664e+01 -1.8664082606e+00 -2.8153003480e+00 -1.0058142691e+01 -5.6777021698e+00 -1.5385234205e+00 -9.6495555786e+00 -6.9372477887e-01 -1.9211117109e+00 -1.5680003782e+00 -1.2866654499e+00 -1.7034613024e+00 -3.0181921284e+00  1.1181414094e-01  2.8909587005e+00 -5.8637916838e+00 -4.3107753098e+00  1.6522169861e+00 -5.2053718948e+00 -4.9867392062e+00  1.4424271486e-01
ENERGY -2.193171029571e+03

JOB 23
COORDS -1.1082684853e+01 -3.7758270574e+00 -1.9761437613e+00 -1.0848903563e+01 -2.4269687686e+00 -2.3088651837e+00 -1.0108553649e+01 -4.5332627511e+00 -1.3312032148e+00 -9.6356580948e+00 -1.8109427915e+00 -2.0019560012e+00 -1.7925610822e+00 -9.5351968430e-01 -6.3428669484e-01 -2.8128662416e+00 -1.7485053590e-01  1.9066254546e+00 -2.8359741336e+00 -1.6363394572e+00 -3.1530997891e-02 -3.3367021110e+00 -1.2539838533e+00  1.2143810978e+00 -8.8812860735e+00 -3.9312371863e+00 -1.0142061925e+00 -8.6577123551e+00 -2.5730844857e+00 -1.3538122082e+00 -1.2502606192e+00  1.4454199202e-01  5.0921476303e-02 -1.7557926081e+00  5.3025845369e-01  1.3111187243e+00 -6.8234332923e+00 -3.7442475532e+00 -2.2201876134e-01 -3.6058764600e+00 -2.8242741798e+00 -5.0643804490e-01 -4.4466259407e+00 -2.1820604713e+00  1.5834049042e+00 -5.5291888848e+00 -4.1523030180e+00  4.4102290270e-01 -7.8167524171e+00 -4.5567939379e+00 -3.7433356533e-01 -4.5575056443e+00 -3.0775064956e+00  5.0134899409e-01 -3.4747327088e+00 -3.4709279504e+00 -1.5267574652e+00 -5.1298924069e+00 -2.2062285956e+00  2.5879153530e+00 -7.0519658631e+00 -2.0995837951e+00 -8.3910791819e-01  5.8472845325e-02  1.0172706056e+00 -6.9178397361e-01 -1.0855103776e+00  1.8895297745e+00  2.1649917806e+00 -1.2037340751e+01 -4.2295488810e+00 -2.2275106419e+00 -1.1623944968e+01 -1.8557779509e+00 -2.8123831640e+00 -1.0275627425e+01 -5.5737596247e+00 -1.0691857731e+00 -9.4603572358e+00 -7.7081148110e-01 -2.2608540483e+00 -1.4024614284e+00 -1.2497031681e+00 -1.6026183487e+00 -3.2006741627e+00  1.2259349943e-01  2.8754800471e+00 -5.7406588131e+00 -4.4826146752e+00  1.4608799103e+00 -5.0904617211e+00 -4.9831375807e+00 -1.1682708514e-01
ENERGY -2.193171008374e+03

