JOB 0
COORDS  1.7180604575e+00 -1.0167979515e-01 -2.3477223834e+00  1.5149638849e+00 -3.6839942872e-01 -9.1945750601e-02  7.7023780560e-01 -1.6428853474e+00 -5.5586680549e-01  2.1633227130e+00  4.7780086907e-01 -3.6786979258e+00  2.1900382670e+00  2.6717211356e-01 -1.2240790094e+00  3.4103012122e+00  1.2347662604e+00 -3.6533868053e+00  4.4115942718e-01 -1.3727602030e+00 -2.3438203560e+00  8.0899568106e-01  3.6154233350e-01  3.2552638027e-01  2.2426414693e+00 -6.0299728980e-01  6.9072306042e-01  1.3888900187e+00 -2.5375631492e+00 -4.4899164092e-01 -1.7051178415e-01 -1.7941228225e+00 -2.3894244485e-02  1.3566220475e+00  1.1228819400e+00 -4.0493748416e+00  2.2540998142e+00 -3.3694064733e-01 -4.4050826573e+00  3.3413740854e+00  1.9490695686e+00 -2.9291587876e+00  4.1599115361e+00  6.1851821504e-01 -3.3416656343e+00
ENERGY -6.649483791094e+02

JOB 1
COORDS  1.6927562333e+00 -7.1491958033e-02 -2.3452022563e+00  1.4381426991e+00 -3.2364924259e-01 -9.2166179039e-02  8.4070125792e-01 -1.6747661203e+00 -5.5689372336e-01  2.1292890122e+00  5.4261792521e-01 -3.6658756075e+00  2.0812114126e+00  3.6219232704e-01 -1.2126589760e+00  3.4592101496e+00  1.1478018312e+00 -3.6619659821e+00  5.6915492473e-01 -1.4770198633e+00 -2.3638424572e+00  6.4861099979e-01  3.3583027556e-01  2.9148500486e-01  2.1596937118e+00 -4.7258587027e-01  7.1679314734e-01  1.5363409016e+00 -2.5032348608e+00 -4.0124173613e-01 -1.0400274631e-01 -1.9051461045e+00 -6.1726479509e-02  1.3904374682e+00  1.3059359757e+00 -3.9389403900e+00  2.0882097664e+00 -2.1960123296e-01 -4.4501559140e+00  3.5124880628e+00  1.8017097505e+00 -2.8813235214e+00  4.1478627816e+00  4.2580978446e-01 -3.4537223310e+00
ENERGY -6.649474520857e+02

JOB 2
COORDS  1.6641397529e+00 -3.2844058177e-02 -2.3386528141e+00  1.3580327291e+00 -2.8400054919e-01 -9.1556867845e-02  9.2165369515e-01 -1.6961224587e+00 -5.5629135198e-01  2.1000768086e+00  6.0633149484e-01 -3.6489076728e+00  1.9631074735e+00  4.5323809735e-01 -1.2000450648e+00  3.4966280442e+00  1.0443677612e+00 -3.6805298128e+00  6.9715627858e-01 -1.5484384376e+00 -2.3741678355e+00  4.9095412313e-01  2.9260339613e-01  2.5667064453e-01  2.0628139465e+00 -3.4783586694e-01  7.4302639539e-01  1.6937054367e+00 -2.4454971589e+00 -3.6405976564e-01 -1.1037268644e-02 -2.0183319679e+00 -9.0523539261e-02  1.4555960684e+00  1.4740186131e+00 -3.8293451272e+00  1.9301999199e+00 -9.0883745401e-02 -4.4743200703e+00  3.6652273362e+00  1.6350699152e+00 -2.8665496745e+00  4.1018522911e+00  2.3272758197e-01 -3.5621848446e+00
ENERGY -6.649465578212e+02

JOB 3
COORDS  1.6388058001e+00  1.1484202529e-02 -2.3287902304e+00  1.2732953154e+00 -2.5379053010e-01 -9.2148197428e-02  1.0066506824e+00 -1.7076131017e+00 -5.5772155828e-01  2.0812164754e+00  6.7048867864e-01 -3.6259721623e+00  1.8374648510e+00  5.3666060020e-01 -1.1854159494e+00  3.5222883925e+00  9.3163088399e-01 -3.7048078331e+00  8.3184652714e-01 -1.5943388165e+00 -2.3832001437e+00  3.3793357378e-01  2.2981670741e-01  2.1902157943e-01  1.9495184444e+00 -2.3749501182e-01  7.6800969265e-01  1.8468063208e+00 -2.3690401489e+00 -3.3112860262e-01  9.7588511949e-02 -2.1249122288e+00 -1.2164265474e-01  1.5516411725e+00  1.6241272594e+00 -3.7170099299e+00  1.7880361363e+00  5.3244306558e-02 -4.4795260941e+00  3.7993002203e+00  1.4568176679e+00 -2.8759193815e+00  4.0277142114e+00  4.7322148191e-02 -3.6611859361e+00
ENERGY -6.649461420082e+02

JOB 4
COORDS  1.6200026973e+00  6.1014107593e-02 -2.3137636975e+00  1.1831490068e+00 -2.3443662002e-01 -9.4816687004e-02  1.0972847336e+00 -1.7091010781e+00 -5.6059371809e-01  2.0733607053e+00  7.3697227987e-01 -3.5949588651e+00  1.7136063760e+00  6.0780124028e-01 -1.1668677017e+00  3.5334152821e+00  8.1058189745e-01 -3.7371958050e+00  9.6869985819e-01 -1.6148514606e+00 -2.3906357623e+00  1.8702801205e-01  1.4765395540e-01  1.6499886192e-01  1.8100463047e+00 -1.4258812540e-01  7.9731065834e-01  1.9992724252e+00 -2.2708061698e+00 -3.0398530044e-01  2.2737331638e-01 -2.2260307818e+00 -1.5214715498e-01  1.6756461193e+00  1.7556257024e+00 -3.5977560843e+00  1.6615349789e+00  2.1717291980e-01 -4.4644454304e+00  3.9171205211e+00  1.2671092104e+00 -2.9104607072e+00  3.9225662984e+00 -1.3171446057e-01 -3.7521200076e+00
ENERGY -6.649463928325e+02

JOB 5
COORDS  1.6131976278e+00  1.0677039756e-01 -2.2947361217e+00  1.0931234687e+00 -2.2421892633e-01 -9.9398662671e-02  1.1836292715e+00 -1.7011346906e+00 -5.5554168760e-01  2.0786276920e+00  8.0095245051e-01 -3.5580738035e+00  1.5925025433e+00  6.6429885645e-01 -1.1494429859e+00  3.5276665357e+00  7.0078759432e-01 -3.7828897726e+00  1.1288133441e+00 -1.6264456007e+00 -2.3898452385e+00  5.0913898542e-02  5.5460540461e-02  1.0362267995e-01  1.6591095986e+00 -6.5027204166e-02  8.2340054567e-01  2.1263163364e+00 -2.1641777161e+00 -2.5222274207e-01  3.5425610012e-01 -2.3048869279e+00 -1.8337397221e-01  1.8123067543e+00  1.8579822974e+00 -3.4790573795e+00  1.5602115949e+00  3.8764748781e-01 -4.4283499335e+00  4.0135242985e+00  1.0655880815e+00 -2.9645513770e+00  3.7959075709e+00 -2.7919402333e-01 -3.8669769505e+00
ENERGY -6.649470237451e+02

JOB 6
COORDS  1.6264037004e+00  1.4049897879e-01 -2.2683701894e+00  9.9956450431e-01 -2.2075400433e-01 -1.0654945964e-01  1.2648540112e+00 -1.6844765159e+00 -5.3208397077e-01  2.0995361468e+00  8.5663837323e-01 -3.5148796018e+00  1.4855525481e+00  7.0199005039e-01 -1.1336917533e+00  3.5054995601e+00  6.0241931536e-01 -3.8575401041e+00  1.3064543243e+00 -1.6337789248e+00 -2.3674312024e+00 -7.6621467584e-02 -4.2001646396e-02  1.7817478480e-02  1.4806545613e+00  2.2034647302e-03  8.5052013396e-01  2.2307573313e+00 -2.0454362134e+00 -1.6895545277e-01  4.8057718052e-01 -2.3658434660e+00 -1.9813818325e-01  1.9642714811e+00  1.9286831654e+00 -3.3534230790e+00  1.4770329816e+00  5.6458107357e-01 -4.3671930439e+00  4.0945613926e+00  8.6449493609e-01 -3.0682230778e+00  3.6510083794e+00 -3.9481596975e-01 -4.0092958959e+00
ENERGY -6.649474396470e+02

JOB 7
COORDS  1.6722255279e+00  1.5960803469e-01 -2.2300091277e+00  9.0311568683e-01 -2.2910469104e-01 -1.1881246971e-01  1.3293571205e+00 -1.6686220426e+00 -4.9108924358e-01  2.1403449524e+00  9.0628824648e-01 -3.4616708712e+00  1.3924062622e+00  7.1917085322e-01 -1.1206026556e+00  3.4719833424e+00  5.4022546623e-01 -3.9571404664e+00  1.5238988772e+00 -1.6394739070e+00 -2.3168254821e+00 -1.9120103807e-01 -1.4471513987e-01 -8.8403891843e-02  1.2803433864e+00  4.8504677579e-02  8.6998234478e-01  2.2878746424e+00 -1.9391584922e+00 -4.0519741037e-02  5.8080224699e-01 -2.4117694762e+00 -2.1142340977e-01  2.1275660444e+00  1.9714414837e+00 -3.2187255045e+00  1.4182478727e+00  7.4417646878e-01 -4.2701371625e+00  4.1573283858e+00  6.6443218391e-01 -3.2132797908e+00  3.4958133253e+00 -4.4660104877e-01 -4.2087799295e+00
ENERGY -6.649472953501e+02

JOB 8
COORDS  1.7358019400e+00  1.7495312715e-01 -2.1831754728e+00  8.1034315331e-01 -2.4534177477e-01 -1.4216716491e-01  1.3843182306e+00 -1.6502317398e+00 -4.4243549511e-01  2.1956945342e+00  9.4913013316e-01 -3.4037479254e+00  1.3097613334e+00  7.2482570039e-01 -1.1168405107e+00  3.4290866936e+00  4.9791165208e-01 -4.0503815448e+00  1.7637235543e+00 -1.6305365543e+00 -2.2393625471e+00 -2.8541272928e-01 -2.5221029120e-01 -2.1229294623e-01  1.0710791698e+00  7.7117868242e-02  8.7035558924e-01  2.3111520887e+00 -1.8372077623e+00  1.0597754180e-01  6.7296013552e-01 -2.4481815257e+00 -2.2343797334e-01  2.3040937131e+00  1.9924314737e+00 -3.0965337759e+00  1.3911852440e+00  9.1733760751e-01 -4.1481274655e+00  4.1821086317e+00  4.4478154463e-01 -3.3665591302e+00  3.3142109423e+00 -4.4037684193e-01 -4.4287085804e+00
ENERGY -6.649469087015e+02

JOB 9
COORDS  1.7850276177e+00  1.9298534233e-01 -2.1450302268e+00  7.3334520692e-01 -2.6591581470e-01 -1.7507106724e-01  1.4379223717e+00 -1.6265234664e+00 -3.9784461322e-01  2.2502979030e+00  9.8356931714e-01 -3.3563913862e+00  1.2263668245e+00  7.2342280514e-01 -1.1325113135e+00  3.3728332660e+00  4.4875337629e-01 -4.1239162115e+00  1.9837292223e+00 -1.6016013890e+00 -2.1516857861e+00 -3.5002573201e-01 -3.6303224387e-01 -3.2525116572e-01  8.8990426462e-01  9.4137031311e-02  8.4626734868e-01  2.3212388598e+00 -1.7365009109e+00  2.3630805602e-01  7.7158515576e-01 -2.4742394675e+00 -2.3025188310e-01  2.4907509164e+00  1.9911380657e+00 -3.0059758803e+00  1.3937824564e+00  1.0859371557e+00 -4.0326429558e+00  4.1621342177e+00  2.5238682239e-01 -3.5116524322e+00  3.1212140846e+00 -4.3011400676e-01 -4.5717878844e+00
ENERGY -6.649466153398e+02

JOB 10
COORDS  1.8140835403e+00  2.0889344430e-01 -2.1190834673e+00  6.6435714799e-01 -2.9620798938e-01 -2.1697480723e-01  1.4902410659e+00 -1.5984655352e+00 -3.5833006652e-01  2.3074971353e+00  1.0148125447e+00 -3.3125988652e+00  1.1428655114e+00  7.1078719878e-01 -1.1628946831e+00  3.3041678342e+00  4.0051150800e-01 -4.1839382192e+00  2.1537360906e+00 -1.5638742287e+00 -2.0709068327e+00 -3.9480615407e-01 -4.8440552761e-01 -4.3763676635e-01  7.2001905608e-01  9.3822959071e-02  8.0385787423e-01  2.3337934401e+00 -1.6224535913e+00  3.3622620453e-01  8.8513898602e-01 -2.4950919773e+00 -2.1435829324e-01  2.6969258746e+00  1.9603111081e+00 -2.9236752841e+00  1.4317320312e+00  1.2714957392e+00 -3.9182734433e+00  4.1147691224e+00  9.5838896202e-02 -3.6492443120e+00  2.9255859533e+00 -4.2157193214e-01 -4.6496064402e+00
ENERGY -6.649464067712e+02

JOB 11
COORDS  1.8329561824e+00  2.1844812484e-01 -2.1038070441e+00  6.0328774248e-01 -3.3154327782e-01 -2.6539979894e-01  1.5378904275e+00 -1.5650104279e+00 -3.1725768412e-01  2.3658537409e+00  1.0385330943e+00 -3.2719125962e+00  1.0584868576e+00  6.8643919947e-01 -1.2111561794e+00  3.2255582818e+00  3.6332466013e-01 -4.2381159798e+00  2.2954924467e+00 -1.5238227757e+00 -1.9899398231e+00 -4.2212227874e-01 -6.0993406586e-01 -5.4293734971e-01  5.6475398426e-01  8.7282072351e-02  7.4475798749e-01  2.3379051534e+00 -1.4999293258e+00  4.2461757531e-01  9.9967068637e-01 -2.5042334759e+00 -1.7898743720e-01  2.9073405534e+00  1.8912492323e+00 -2.8497429878e+00  1.5030775905e+00  1.4568208451e+00 -3.7991985299e+00  4.0464772711e+00 -3.1218303281e-02 -3.7842127936e+00  2.7334779957e+00 -4.0200295924e-01 -4.6941447604e+00
ENERGY -6.649464113923e+02

JOB 12
COORDS  1.8531722265e+00  2.2324060203e-01 -2.0928549739e+00  5.5002047840e-01 -3.7172163532e-01 -3.2018584885e-01  1.5794746680e+00 -1.5265219548e+00 -2.7249789565e-01  2.4269126937e+00  1.0546587836e+00 -3.2310578901e+00  9.8470618232e-01  6.5249820863e-01 -1.2697672164e+00  3.1367035704e+00  3.4314486347e-01 -4.2899316722e+00  2.4235611743e+00 -1.4807296366e+00 -1.9030308440e+00 -4.3088442990e-01 -7.3804263507e-01 -6.5122190154e-01  4.1451631135e-01  7.1739463851e-02  6.7086937243e-01  2.3278356372e+00 -1.3710918942e+00  5.0887793993e-01  1.1098845851e+00 -2.5009511662e+00 -1.2758758243e-01  3.1110110258e+00  1.7872078513e+00 -2.7888645191e+00  1.6037960193e+00  1.6268500235e+00 -3.6680974959e+00  3.9582083131e+00 -1.3334684228e-01 -3.9239416863e+00  2.5411881798e+00 -3.6253141502e-01 -4.7181451874e+00
ENERGY -6.649466866846e+02

JOB 13
COORDS  1.6029177097e+00  3.1545206436e-01 -2.1563810620e+00  1.4645819213e+00 -3.1596821739e-01  2.9067961109e-02  9.4529925239e-01 -1.6110140721e+00 -6.3877696647e-01  1.9652881841e+00  1.1166161290e+00 -3.3940170652e+00  2.0092281479e+00  5.9031237720e-01 -9.8295657085e-01  9.7748436759e-01  1.1472820754e+00 -4.4713062494e+00  5.2038904479e-01 -1.1180499108e+00 -2.3563070812e+00  6.4965235597e-01  2.1114150130e-01  5.4286609874e-01  2.2301175811e+00 -5.4153154632e-01  7.7744333623e-01  1.7167054102e+00 -2.3843737967e+00 -6.7944140684e-01  6.1470720079e-02 -2.0138645858e+00 -1.4114775374e-01  2.8958517399e+00  7.0240491460e-01 -3.7985325302e+00  2.1884660939e+00  2.1369646377e+00 -3.0711061080e+00  8.5105837378e-01  2.2234774603e-01 -4.8773648913e+00  7.0813004027e-02  1.4505938313e+00 -4.1216128626e+00
ENERGY -6.649470457242e+02

JOB 14
COORDS  1.6302764961e+00  2.7208852860e-01 -2.1850339342e+00  1.3830879939e+00 -2.8022791717e-01  1.3126583946e-02  1.0142203708e+00 -1.6389886533e+00 -6.2700219354e-01  2.0062306635e+00  1.0523631458e+00 -3.4282527647e+00  1.9291759682e+00  6.2489812390e-01 -9.9934000986e-01  9.4091064443e-01  1.2365935870e+00 -4.4168518179e+00  6.7683305311e-01 -1.2504689909e+00 -2.3898576364e+00  4.9518839285e-01  2.0149812980e-01  4.4380895349e-01  2.1074001947e+00 -4.1263211421e-01  8.2227991520e-01  1.8438694365e+00 -2.3489439787e+00 -5.7857371107e-01  1.3055514548e-01 -2.0902365148e+00 -1.7249760303e-01  2.8404481042e+00  5.3963319509e-01 -3.9202267150e+00  2.3722795337e+00  2.0287169109e+00 -3.1007518066e+00  6.6714556528e-01  3.4502755036e-01 -4.8257811552e+00  1.1170234388e-01  1.6289921456e+00 -3.9746192568e+00
ENERGY -6.649471852757e+02

JOB 15
COORDS  1.6706378348e+00  2.1668796168e-01 -2.2206154509e+00  1.2964686364e+00 -2.5182979969e-01 -2.0086695280e-02  1.0829387978e+00 -1.6656493448e+00 -6.1133736558e-01  2.0394162684e+00  9.9079764019e-01 -3.4680678233e+00  1.8467369202e+00  6.4734105081e-01 -1.0351438570e+00  9.1124080102e-01  1.3276248936e+00 -4.3447326782e+00  8.7381369754e-01 -1.3937744385e+00 -2.4154626418e+00  3.4328713193e-01  1.7558145368e-01  3.1851938614e-01  1.9642921921e+00 -2.8633472649e-01  8.4575001270e-01  1.9538585006e+00 -2.3071942993e+00 -4.5511254153e-01  1.9819719448e-01 -2.1592628759e+00 -2.0574542655e-01  2.7638833225e+00  4.1223730080e-01 -4.0509207591e+00  2.5300759950e+00  1.9124655383e+00 -3.1457257079e+00  4.8520657497e-01  4.8273886295e-01 -4.7219801734e+00  1.8927003901e-01  1.8068839304e+00 -3.8089114300e+00
ENERGY -6.649471366251e+02

JOB 16
COORDS  1.7109550590e+00  1.6253682535e-01 -2.2560647810e+00  1.2081189686e+00 -2.2989039335e-01 -6.5596840226e-02  1.1501705833e+00 -1.6849313592e+00 -5.9261231314e-01  2.0603873233e+00  9.2877482906e-01 -3.5136049618e+00  1.7582480066e+00  6.6276690797e-01 -1.0854818810e+00  8.9073686785e-01  1.4112665648e+00 -4.2623473722e+00  1.0876803888e+00 -1.5240027442e+00 -2.4209574363e+00  2.0146163017e-01  1.3203179959e-01  1.8271458402e-01  1.8102057003e+00 -1.6776066011e-01  8.4575563665e-01  2.0466881374e+00 -2.2501596324e+00 -3.2602389097e-01  2.7037583884e-01 -2.2229236608e+00 -2.3569825840e-01  2.6626289308e+00  3.0253969922e-01 -4.1787769083e+00  2.6664365602e+00  1.7883788835e+00 -3.2173964641e+00  3.1863824629e-01  6.2517569528e-01 -4.5677459040e+00  3.0659166528e-01  1.9745103931e+00 -3.6457363610e+00
ENERGY -6.649470208930e+02

JOB 17
COORDS  1.7209184074e+00  1.1529430324e-01 -2.2853038904e+00  1.1216043459e+00 -2.1969070467e-01 -1.0998952415e-01  1.2212120416e+00 -1.6969867286e+00 -5.6561249292e-01  2.0596565803e+00  8.6734300708e-01 -3.5561644404e+00  1.6558629795e+00  6.7021881452e-01 -1.1401519366e+00  8.9590610493e-01  1.5067477961e+00 -4.1871412199e+00  1.2653123140e+00 -1.6244200169e+00 -2.4001941821e+00  7.3715545549e-02  6.1786887398e-02  6.0495248242e-02  1.6575689030e+00 -6.3774298791e-02  8.3095900694e-01  2.1433510192e+00 -2.1689227794e+00 -2.1731302939e-01  3.6919638079e-01 -2.2934379861e+00 -2.3522506137e-01  2.5272201820e+00  1.9675819077e-01 -4.2825202459e+00  2.7849933892e+00  1.6438104555e+00 -3.2997542005e+00  2.0931847595e-01  7.9943468535e-01 -4.4466385494e+00  4.4348723725e-01  2.1141515222e+00 -3.5050186339e+00
ENERGY -6.649467272821e+02

JOB 18
COORDS  1.6989897138e+00  7.3885953733e-02 -2.3104763349e+00  1.0381165281e+00 -2.2229148464e-01 -1.4752561951e-01  1.2960284450e+00 -1.7012401325e+00 -5.2962403696e-01  2.0383969623e+00  8.0747746230e-01 -3.5953288700e+00  1.5337825659e+00  6.6857772029e-01 -1.1957387582e+00  9.2962769951e-01  1.6051901305e+00 -4.1348367824e+00  1.4103159931e+00 -1.7012713068e+00 -2.3630963493e+00 -3.8178039543e-02 -3.5262651440e-02 -3.2850313293e-02  1.5145105298e+00  2.3430742802e-02  8.0622321146e-01  2.2432082133e+00 -2.0672096588e+00 -1.2548647099e-01  4.9081677439e-01 -2.3625475761e+00 -2.0543656667e-01  2.3692259098e+00  1.0067334723e-01 -4.3611104224e+00  2.8755199660e+00  1.4788742291e+00 -3.3836989891e+00  1.4199196696e-01  9.9503575039e-01 -4.3508106187e+00  6.0697067826e-01  2.2449906217e+00 -3.4097762307e+00
ENERGY -6.649463823843e+02

JOB 19
COORDS  1.6617595445e+00  3.8091827947e-02 -2.3327018961e+00  9.5538783236e-01 -2.3505163324e-01 -1.8113123537e-01  1.3726651089e+00 -1.6934731389e+00 -4.9124280604e-01  2.0043418112e+00  7.5136601935e-01 -3.6307923198e+00  1.4009123636e+00  6.5774844365e-01 -1.2503715705e+00  9.8733357823e-01  1.7028832330e+00 -4.0889833074e+00  1.5332646860e+00 -1.7552755065e+00 -2.3201652556e+00 -1.3765326169e-01 -1.5229058739e-01 -1.1096366256e-01  1.3692842662e+00  9.4445720269e-02  7.7650379765e-01  2.3413300794e+00 -1.9427530497e+00 -5.0694628075e-02  6.3071921086e-01 -2.4207079285e+00 -1.5725845605e-01  2.1859480694e+00  1.9651385922e-02 -4.4228299225e+00  2.9428997581e+00  1.2933116424e+00 -3.4751656811e+00  1.1895636273e-01  1.2035547606e+00 -4.2781900021e+00  7.8217449675e-01  2.3468119588e+00 -3.3255862061e+00
ENERGY -6.649463854101e+02

JOB 20
COORDS  1.6173710235e+00  7.4089579063e-03 -2.3545228561e+00  8.7331958970e-01 -2.5876421843e-01 -2.1517205325e-01  1.4475935949e+00 -1.6755028226e+00 -4.5673810257e-01  1.9616895231e+00  7.0173412855e-01 -3.6625857833e+00  1.2587687294e+00  6.3609236529e-01 -1.3064392855e+00  1.0579556884e+00  1.7866101960e+00 -4.0468398378e+00  1.6590477168e+00 -1.7886331032e+00 -2.2782320994e+00 -2.2402019156e-01 -2.8640354802e-01 -1.7803610341e-01  1.2217790301e+00  1.4639897750e-01  7.3948890559e-01  2.4252179347e+00 -1.8044477419e+00  1.4724593260e-02  7.7712730225e-01 -2.4638378723e+00 -1.1038825101e-01  1.9936506739e+00 -3.5248044730e-02 -4.4706981242e+00  2.9771921810e+00  1.1031795537e+00 -3.5691122083e+00  1.2188040395e-01  1.4068272163e+00 -4.1831154130e+00  9.8075070667e-01  2.4328991037e+00 -3.2619065327e+00
ENERGY -6.649469912688e+02

JOB 21
COORDS  1.5723488562e+00 -1.8598337654e-02 -2.3757551455e+00  7.9510633104e-01 -2.9105158494e-01 -2.4947945754e-01  1.5187236635e+00 -1.6473429339e+00 -4.2529930438e-01  1.9116916478e+00  6.5839593990e-01 -3.6924536298e+00  1.1180751099e+00  6.0349565035e-01 -1.3617259389e+00  1.1359606081e+00  1.8560065835e+00 -4.0046423951e+00  1.7913439642e+00 -1.7990427606e+00 -2.2360983081e+00 -2.9407716758e-01 -4.3046682318e-01 -2.3912134277e-01  1.0727584423e+00  1.7993638276e-01  6.9817583159e-01  2.4900914348e+00 -1.6587307370e+00  7.5652963133e-02  9.2288164031e-01 -2.4893119861e+00 -6.8789278891e-02  1.7940121961e+00 -6.4526535833e-02 -4.5066707196e+00  2.9774075681e+00  9.1632830933e-01 -3.6694549406e+00  1.5147057605e-01  1.6013849122e+00 -4.0744826896e+00  1.1915290358e+00  2.4918370689e+00 -3.2094287956e+00
ENERGY -6.649479518109e+02

JOB 22
COORDS  1.7752996552e+00 -1.5532079943e-01 -2.3468806723e+00  1.6581164143e+00 -4.9029550123e-01 -9.5026299996e-02  6.3532322177e-01 -1.5541546149e+00 -5.5685861499e-01  2.2612021077e+00  3.5598530913e-01 -3.6902274972e+00  2.3833140646e+00  4.8852943788e-02 -1.2468626566e+00  3.2973914920e+00  1.3815764812e+00 -3.6443558692e+00  2.4159096252e-01 -1.0986194866e+00 -2.2931733934e+00  1.1493617300e+00  3.4762429304e-01  3.9970169913e-01  2.3658299927e+00 -9.1343010762e-01  6.2402789052e-01  1.0621063935e+00 -2.5603839966e+00 -5.4811932931e-01 -2.7625162147e-01 -1.5471008420e+00  4.3198706445e-02  1.4001403688e+00  7.4019792939e-01 -4.2494121670e+00  2.6283227329e+00 -5.0387458169e-01 -4.2637746343e+00  2.9384776800e+00  2.1874547843e+00 -3.1337665370e+00  4.0698814410e+00  1.0358908062e+00 -3.0759080262e+00
ENERGY -6.649487377673e+02

JOB 23
COORDS  1.7441632689e+00 -1.2645704521e-01 -2.3476109873e+00  1.5880019309e+00 -4.2606848087e-01 -9.2954430662e-02  7.0003040451e-01 -1.6034312778e+00 -5.5878036648e-01  2.2096499037e+00  4.1489524810e-01 -3.6860899901e+00  2.2902184712e+00  1.6290630905e-01 -1.2344116818e+00  3.3596562185e+00  1.3103466322e+00 -3.6467182422e+00  3.2665103081e-01 -1.2401069927e+00 -2.3211506121e+00  9.7646674238e-01  3.6311677667e-01  3.6393161082e-01  2.3120066488e+00 -7.5469531281e-01  6.5859669412e-01  1.2287830145e+00 -2.5585011373e+00 -5.0443283589e-01 -2.2914963396e-01 -1.6767953152e+00  8.9185971279e-03  1.3644256258e+00  9.3225003608e-01 -4.1568041848e+00  2.4373907123e+00 -4.3573059348e-01 -4.3390460298e+00  3.1467941519e+00  2.0882517461e+00 -3.0232820142e+00  4.1350181452e+00  8.2442202410e-01 -3.1976029282e+00
ENERGY -6.649488812238e+02

