JOB 0
COORDS -2.3316143525e+00  1.1826743139e+00  1.2249455405e+00  1.3032774433e-01 -9.5340761108e-01 -2.0504273869e+00  1.0319814974e+00  1.3151393773e+00 -1.5563836842e+00 -1.3215859246e+00  7.9576966232e-01  5.4364744784e-01 -7.1929538720e-01 -3.8683985706e-01  8.9180356921e-01  9.3590712583e-01 -9.9768030150e-02 -1.1688682321e+00  1.2210598600e+00 -1.9217379005e+00  5.7102195951e-01  1.7365835247e+00  5.0525009886e-01  1.1435138389e+00  9.4965031095e-01 -4.9669034976e-01  4.3204161843e-01 -2.8343496830e+00  2.0915161102e+00  9.0543957101e-01 -2.7176708382e+00  6.4589078866e-01  2.0989696472e+00  1.9788405634e-01 -1.9899174328e+00 -1.7209293757e+00 -9.2008372792e-01 -6.3712618917e-01 -2.0667090468e+00  5.4688666195e-01 -8.8121549125e-01 -3.0589911243e+00  1.6203435637e+00  1.8551942882e+00 -8.1644279206e-01  1.5496079963e+00  1.3599124699e+00 -2.5192989108e+00  4.1519540917e-02  1.7739731322e+00 -1.6426788665e+00 -8.6863380392e-01 -7.3928408296e-01  1.8447796205e+00
ENERGY -8.325658662892e+02

JOB 1
COORDS -2.3421086391e+00  1.1396683647e+00  1.1272819398e+00  8.9006449394e-02 -9.2187884991e-01 -2.0530596920e+00  1.0134180033e+00  1.3276932221e+00 -1.5045499036e+00 -1.3542289008e+00  6.7195162942e-01  4.6251010998e-01 -6.6000264877e-01 -3.8375370870e-01  9.8946382452e-01  9.0477624063e-01 -9.5043996680e-02 -1.1552560301e+00  1.2189155197e+00 -1.9826441106e+00  4.9352028383e-01  1.8267732952e+00  4.0186565643e-01  1.1420264564e+00  9.7968375571e-01 -5.4778162366e-01  4.2536443942e-01 -2.9189147876e+00  1.9389507154e+00  6.7009843564e-01 -2.6406397314e+00  7.7173481028e-01  2.1152962059e+00  1.3543557922e-01 -1.9634472486e+00 -1.7365861933e+00 -9.5378678013e-01 -5.8300740449e-01 -2.0679871577e+00  5.1268512533e-01 -8.4489647731e-01 -3.0585239851e+00  1.6060602278e+00  1.8435934193e+00 -7.5059947593e-01  1.5330261948e+00  1.3955090822e+00 -2.4652272882e+00  2.5737031554e-02  1.7939385240e+00 -1.5797365784e+00 -7.2731776952e-01 -5.4311870694e-01  2.0013980025e+00
ENERGY -8.325636043969e+02

JOB 2
COORDS -2.3541354340e+00  1.1075743836e+00  1.0583644304e+00  8.2180170780e-02 -9.0518795054e-01 -2.0800855055e+00  9.8124923752e-01  1.3313381191e+00 -1.4432836746e+00 -1.4014185130e+00  5.4398062493e-01  4.1570241670e-01 -6.1376476998e-01 -3.5444436485e-01  1.0822488096e+00  8.8447871277e-01 -1.0340269771e-01 -1.1468590772e+00  1.1657651825e+00 -2.0521592373e+00  4.2573097339e-01  1.8963986265e+00  2.7335917676e-01  1.1427900953e+00  9.8539010716e-01 -6.0823833630e-01  4.1551834781e-01 -3.0043496162e+00  1.7775760489e+00  5.0266557687e-01 -2.5538208995e+00  9.4059602229e-01  2.1226040884e+00  1.2375884360e-01 -1.9546947066e+00 -1.7910771272e+00 -9.5921586446e-01 -5.6424804220e-01 -2.0999337688e+00  5.2264012216e-01 -8.0075311973e-01 -3.0760000115e+00  1.5806051933e+00  1.8227421292e+00 -6.7792778917e-01  1.4901607066e+00  1.4392651513e+00 -2.4060223773e+00 -1.0036839909e-02  1.7937118938e+00 -1.4926478089e+00 -5.6736680076e-01 -2.6768179774e-01  2.1036457954e+00
ENERGY -8.325614688223e+02

JOB 3
COORDS -2.3671873364e+00  1.0779292521e+00  1.0131334216e+00  9.4550599320e-02 -8.9506349164e-01 -2.1153633515e+00  9.4815941080e-01  1.3289034039e+00 -1.3783884521e+00 -1.4555222422e+00  4.1269762630e-01  4.0919062061e-01 -5.6934648961e-01 -3.0440679883e-01  1.1677363732e+00  8.7367159203e-01 -1.1765028700e-01 -1.1421383429e+00  1.0709757702e+00 -2.1196851743e+00  3.7134848831e-01  1.9428236930e+00  1.3645086397e-01  1.1441301081e+00  9.7061668783e-01 -6.6906566786e-01  4.0669250372e-01 -3.0923031888e+00  1.6041624975e+00  3.9845821533e-01 -2.4609552813e+00  1.1316459968e+00  2.1033861250e+00  1.4048231196e-01 -1.9523346533e+00 -1.8577872123e+00 -9.4900120698e-01 -5.6305920761e-01 -2.1428263854e+00  5.5434105772e-01 -7.5544012189e-01 -3.0982393669e+00  1.5543550207e+00  1.7960486206e+00 -6.0279271416e-01  1.4409860981e+00  1.4855328140e+00 -2.3426439866e+00 -4.8951039413e-02  1.7821863868e+00 -1.3970463764e+00 -3.9917729174e-01  4.0481237388e-02  2.1185837262e+00
ENERGY -8.325607781717e+02

JOB 4
COORDS -2.3960066445e+00  1.0170095275e+00  9.8138127932e-01  9.1738695993e-02 -8.7327201439e-01 -2.1331993575e+00  9.4999608721e-01  1.3246970643e+00 -1.3280788418e+00 -1.4988135086e+00  2.8837152588e-01  4.3232193314e-01 -5.0942447809e-01 -2.2516869824e-01  1.2290172750e+00  8.7745514212e-01 -1.2820501215e-01 -1.1394734044e+00  9.5822210761e-01 -2.1592009344e+00  3.4546477462e-01  1.9926431583e+00  2.2331984453e-02  1.1376005042e+00  9.5817619109e-01 -7.0663113301e-01  4.0511309739e-01 -3.1952956129e+00  1.3884693697e+00  3.4599445132e-01 -2.4054647531e+00  1.2717801679e+00  2.0469603732e+00  1.2001602880e-01 -1.9357332868e+00 -1.8959808191e+00 -9.4702207561e-01 -5.2741680115e-01 -2.1601761592e+00  5.6091387343e-01 -7.2039403486e-01 -3.1097886251e+00  1.5885098794e+00  1.7627089468e+00 -5.6101424506e-01  1.4069037621e+00  1.5142704908e+00 -2.3037502627e+00 -4.4330971929e-02  1.7855731807e+00 -1.2971481636e+00 -2.5969871601e-01  3.2014295390e-01  2.0601895840e+00
ENERGY -8.325616714572e+02

JOB 5
COORDS -2.4314141152e+00  9.4038681806e-01  9.6194204159e-01  8.1959872051e-02 -8.4359605220e-01 -2.1377811068e+00  9.8008210189e-01  1.3198003984e+00 -1.2909083107e+00 -1.5357383757e+00  1.6625773594e-01  4.7756018110e-01 -4.5217528184e-01 -1.3524379909e-01  1.2603209896e+00  8.9553728463e-01 -1.3620646563e-01 -1.1379976604e+00  8.3708057205e-01 -2.1753378108e+00  3.3593436421e-01  2.0332201924e+00 -7.3402968323e-02  1.1329247538e+00  9.4527230732e-01 -7.2824407895e-01  4.0986972207e-01 -3.3015371409e+00  1.1463076493e+00  3.4456666014e-01 -2.3719264797e+00  1.3906549433e+00  1.9591926173e+00  8.1468544301e-02 -1.9093980331e+00 -1.9151964561e+00 -9.4792197726e-01 -4.7161798020e-01 -2.1545911015e+00  5.5031598446e-01 -6.8898318586e-01 -3.1145527862e+00  1.6673941755e+00  1.7278169504e+00 -5.4951384141e-01  1.3847819841e+00  1.5307597645e+00 -2.2847088425e+00 -3.2181159710e-03  1.7983368155e+00 -1.1964549418e+00 -1.6466336693e-01  5.6104259571e-01  1.9548271112e+00
ENERGY -8.325633182142e+02

JOB 6
COORDS  3.5613907166e+00 -1.4865382763e+00  6.6061982652e-01  5.5175364430e-01 -1.1340931852e+00 -1.7119462151e+00  1.1492680957e+00  1.2128001282e+00 -1.1956981167e+00  2.6261729258e+00 -2.3419675207e+00  8.4185108209e-01  1.3721724332e+00 -1.9193434278e+00  1.2334239910e+00  1.1368823796e+00 -1.9112987630e-01 -7.4901973382e-01  1.2299806891e+00  6.4181097130e-01  1.6276789110e+00 -7.9617733103e-01 -7.3799213530e-01  9.3851260903e-01  6.3202705568e-01 -4.2939625575e-01  8.3995758133e-01  4.5295900702e+00 -1.8965955112e+00  3.8439074265e-01  3.4592391298e+00 -4.0818318928e-01  7.8076367008e-01  7.2495180372e-01 -2.1601772990e+00 -1.3809584431e+00 -5.2383201442e-01 -9.7357554959e-01 -1.8561735788e+00  1.0714844625e+00 -9.9961572018e-01 -2.6635968707e+00  1.6031996778e+00  1.8358342743e+00 -4.2630170561e-01  1.7614124122e+00  1.2638897687e+00 -2.1002273188e+00  1.4182056482e-01  1.5867027977e+00 -1.4217751121e+00  6.8924155576e-01 -2.6701331120e+00  1.1770863048e+00
ENERGY -8.325649890299e+02

JOB 7
COORDS  3.6086198929e+00 -1.5052623973e+00  7.6195318839e-01  5.0727941876e-01 -1.1081703085e+00 -1.7487862124e+00  1.1132602627e+00  1.2253488700e+00 -1.2128261844e+00  2.6705596582e+00 -2.3581843972e+00  9.4295356224e-01  1.3749103767e+00 -1.9521140056e+00  1.1295877225e+00  1.1369833333e+00 -1.8736110113e-01 -7.9150043300e-01  1.3368969054e+00  5.9262494478e-01  1.5911196946e+00 -7.6154773489e-01 -7.0787830447e-01  9.4963588225e-01  6.7194948217e-01 -4.4516666732e-01  8.1189046457e-01  4.6045930358e+00 -1.9234859775e+00  6.4069984661e-01  3.4828086995e+00 -4.2371726423e-01  7.4050930744e-01  6.7268006612e-01 -2.1404030372e+00 -1.4344199458e+00 -5.6938377506e-01 -9.2771789637e-01 -1.8594502399e+00  1.0002380145e+00 -9.6884128961e-01 -2.7139883038e+00  1.6005988273e+00  1.8393942670e+00 -4.5669076183e-01  1.6781782711e+00  1.2982687556e+00 -2.1459697238e+00  9.2470849591e-02  1.5935668481e+00 -1.3821340680e+00  6.9948268740e-01 -2.7086041574e+00  1.1560038281e+00
ENERGY -8.325654392988e+02

JOB 8
COORDS  3.6059329230e+00 -1.5282759499e+00  7.2135454890e-01  5.1877700119e-01 -1.0790468382e+00 -1.7960408044e+00  1.1112090948e+00  1.2404007757e+00 -1.1819614480e+00  2.6886493992e+00 -2.3543459651e+00  1.0603403659e+00  1.3609138348e+00 -2.0183724502e+00  9.9901236755e-01  1.1412956663e+00 -1.8529240064e-01 -8.0503197218e-01  1.2871285822e+00  5.3940933637e-01  1.6113323352e+00 -7.7538126792e-01 -7.5959068301e-01  9.0488091880e-01  6.5778804935e-01 -4.8382787464e-01  7.8035923718e-01  4.6226599504e+00 -1.9093863206e+00  7.7543291334e-01  3.4445910664e+00 -5.0179759213e-01  3.9694987472e-01  6.3732730503e-01 -2.1155088066e+00 -1.4781582612e+00 -5.4631323304e-01 -8.6016779350e-01 -1.9416908540e+00  1.0511156206e+00 -9.4355820326e-01 -2.7408299799e+00  1.6009252308e+00  1.8334228060e+00 -4.1040503669e-01  1.6697598885e+00  1.3417957226e+00 -2.1159118385e+00  8.8678119559e-02  1.6102524841e+00 -1.3353963595e+00  7.5552104006e-01 -2.6338133656e+00  1.5343516166e+00
ENERGY -8.325663533381e+02

JOB 9
COORDS  3.6405633998e+00 -1.5428220951e+00  8.3356418494e-01  4.6541662027e-01 -1.0549683716e+00 -1.8303063668e+00  1.0798076807e+00  1.2505828506e+00 -1.2015135814e+00  2.7117673878e+00 -2.3562204726e+00  1.1687822779e+00  1.3876938441e+00 -2.0706440437e+00  9.0179583156e-01  1.1403249924e+00 -1.8248516544e-01 -8.5381757919e-01  1.4127038435e+00  4.8316822523e-01  1.5639522954e+00 -7.2444433079e-01 -7.4043978102e-01  9.1959443445e-01  7.1091041448e-01 -5.0363309755e-01  7.4734856094e-01  4.6542616159e+00 -1.8750825787e+00  1.0438492569e+00  3.4912795378e+00 -5.7022314497e-01  3.6705938273e-01  5.9293064712e-01 -2.0970658917e+00 -1.5355964342e+00 -6.0402147115e-01 -8.2715642959e-01 -1.9215333578e+00  9.5297150607e-01 -9.0474363466e-01 -2.7967841542e+00  1.6055841921e+00  1.8332876806e+00 -4.4589979553e-01  1.5885757342e+00  1.3732072320e+00 -2.1609022710e+00  4.8206098968e-02  1.6153508677e+00 -1.2957402177e+00  7.6604655797e-01 -2.6378152679e+00  1.4747351567e+00
ENERGY -8.325672603015e+02

JOB 10
COORDS  3.6928221376e+00 -1.5896899624e+00  9.9096222541e-01  4.0918037723e-01 -1.0344660076e+00 -1.8583752423e+00  1.0153110381e+00  1.2719994392e+00 -1.2408759172e+00  2.7225544153e+00 -2.3742547997e+00  1.2718924236e+00  1.4452225883e+00 -2.0899790864e+00  8.0637237919e-01  1.1301745580e+00 -1.6325798320e-01 -9.1452720803e-01  1.5671673032e+00  4.6181340431e-01  1.4821227435e+00 -6.4267069730e-01 -7.0455067398e-01  9.5519749080e-01  7.8728867808e-01 -5.0034682267e-01  7.0871313611e-01  4.6706189856e+00 -1.9007652767e+00  1.3507284230e+00  3.6085121281e+00 -6.5678567613e-01  4.3463488552e-01  5.7851879676e-01 -2.0779888033e+00 -1.5908618629e+00 -6.6858372177e-01 -8.2813056057e-01 -1.8769486953e+00  8.2872515610e-01 -8.5895376936e-01 -2.8522002911e+00  1.5771121038e+00  1.8584621278e+00 -5.1462596444e-01  1.4586287204e+00  1.4156614636e+00 -2.2293759922e+00 -2.7864947691e-02  1.6151072801e+00 -1.2650360340e+00  7.6786065153e-01 -2.6515774114e+00  1.3207911242e+00
ENERGY -8.325662558951e+02

JOB 11
COORDS  3.7495494025e+00 -1.6521579891e+00  1.1809496758e+00  3.3857864181e-01 -1.0132025844e+00 -1.8830350870e+00  9.3801390954e-01  1.2981579432e+00 -1.2882135548e+00  2.7290413096e+00 -2.4040672284e+00  1.3513463344e+00  1.5346165049e+00 -2.0918191500e+00  6.9939683909e-01  1.1113199138e+00 -1.3680807922e-01 -9.8705153663e-01  1.7304757117e+00  4.5555242022e-01  1.3755590140e+00 -5.3656928808e-01 -6.6728345317e-01  9.8838240772e-01  8.8002504368e-01 -4.8764281324e-01  6.5603485942e-01  4.6613529263e+00 -1.9730902412e+00  1.6791965965e+00  3.7652842290e+00 -7.3516869051e-01  5.9290222950e-01  5.5589638967e-01 -2.0556472108e+00 -1.6469803344e+00 -7.4240905168e-01 -8.3474521379e-01 -1.8150191276e+00  6.7400906716e-01 -8.1519446991e-01 -2.9041991997e+00  1.5395341523e+00  1.8911392708e+00 -5.9994576642e-01  1.3036117179e+00  1.4612900424e+00 -2.3051019961e+00 -1.1179651949e-01  1.6169134529e+00 -1.2312643252e+00  8.0004421070e-01 -2.6639291243e+00  1.1156305950e+00
ENERGY -8.325636973678e+02

JOB 12
COORDS  3.6544111548e+00 -7.8157000959e-01  1.7232680860e+00 -7.2663674661e-01 -3.4549772406e-01 -1.5834760387e+00  1.5003515573e+00  6.7250348317e-01 -1.2767567529e+00  3.5678710770e+00 -1.7731200116e+00  9.1793877503e-01  2.5439264308e+00 -1.8877045311e+00 -5.0096826673e-03  6.9155672856e-01 -5.5487058910e-01 -1.2330608172e+00  8.0835336883e-01 -5.5798738728e-01  1.3814644568e+00  6.2793854236e-02 -2.6185548843e+00  8.4231129179e-02  8.9369103772e-01 -1.4233528508e+00  2.0336242600e-01  4.5392368137e+00 -7.8056415166e-01  2.3559195552e+00  2.9265153441e+00  1.9829584936e-02  1.8270926464e+00 -1.2551956691e+00 -1.2974232030e+00 -1.5403222576e+00 -1.2196662950e+00  3.8284520423e-01 -9.2526885395e-01 -7.5520510803e-01  2.6263863545e-02 -2.6107503896e+00  2.5420491997e+00  4.3005414924e-01 -1.0571809585e+00  1.4509013563e+00  1.0647078931e+00 -2.2956598275e+00  1.1422068153e+00  1.4375738774e+00 -5.7541714658e-01  2.5534173516e+00 -2.8208358315e+00 -4.1178672564e-01
ENERGY -8.325621109861e+02

JOB 13
COORDS  3.7039716921e+00 -1.0298404739e+00  1.9148958667e+00 -7.4506868836e-01 -4.4174097303e-01 -1.6182457730e+00  1.4118374740e+00  7.4988880890e-01 -1.4083322539e+00  3.6142643919e+00 -1.7989043099e+00  8.9499568346e-01  2.5820081566e+00 -1.7209920258e+00 -2.2589376361e-02  6.7669734557e-01 -5.1246641212e-01 -1.2323813645e+00  9.6875512069e-01 -2.8476685445e-01  1.3684792694e+00  7.9701585632e-02 -2.4156202471e+00  3.1371153611e-01  9.4996605309e-01 -1.2429951259e+00  2.6145340945e-01  4.6014830574e+00 -1.1723399729e+00  2.5131590199e+00  2.9728248776e+00 -2.8404179663e-01  2.2159980049e+00 -1.2090369121e+00 -1.4174486845e+00 -1.4800639884e+00 -1.2978579457e+00  3.1464708050e-01 -1.0451014244e+00 -7.7995114228e-01 -1.8002860578e-01 -2.6788547283e+00  2.4619435874e+00  5.9839973467e-01 -1.1531756320e+00  1.3508951466e+00  1.0247437071e+00 -2.4644214552e+00  9.9877123801e-01  1.5611899931e+00 -7.9564131676e-01  2.5793732332e+00 -2.5553869607e+00 -6.0529785333e-01
ENERGY -8.325622207769e+02

JOB 14
COORDS  3.6824194603e+00 -1.2479544638e+00  2.0313356796e+00 -7.4093855539e-01 -5.2107777601e-01 -1.6102399614e+00  1.3422399117e+00  8.1091870417e-01 -1.5136114941e+00  3.6373806731e+00 -1.8233499254e+00  8.8850129500e-01  2.6478831261e+00 -1.5619297630e+00 -4.5482474764e-02  6.8490632744e-01 -4.7744792110e-01 -1.2354038733e+00  1.0991481418e+00 -5.6663526114e-02  1.3296639850e+00  1.5535321889e-01 -2.2516958430e+00  4.8774554195e-01  1.0234694710e+00 -1.0910272723e+00  2.9555086120e-01  4.5461824660e+00 -1.5090356666e+00  2.6391229626e+00  2.9474521382e+00 -5.4632344573e-01  2.4196100750e+00 -1.1466812654e+00 -1.5076847911e+00 -1.3913328199e+00 -1.3327966970e+00  2.4391074381e-01 -1.0903890557e+00 -7.9801262246e-01 -3.4404106366e-01 -2.6872642860e+00  2.3995457117e+00  7.4536449397e-01 -1.2540964548e+00  1.2593634859e+00  9.9998092853e-01 -2.5869665211e+00  8.8153284871e-01  1.6383712383e+00 -9.5992205988e-01  2.6321304310e+00 -2.3080177692e+00 -7.3823377555e-01
ENERGY -8.325628149907e+02

JOB 15
COORDS  3.6227324916e+00 -1.4495143034e+00  2.0957932504e+00 -7.1910943040e-01 -5.9622026962e-01 -1.5826409932e+00  1.2794855246e+00  8.6434356566e-01 -1.6010173873e+00  3.6417843339e+00 -1.8608875848e+00  8.8395128025e-01  2.7273298655e+00 -1.4105356399e+00 -5.8428770566e-02  7.0579901849e-01 -4.4313417202e-01 -1.2340214018e+00  1.2109438986e+00  1.6488826721e-01  1.2760994231e+00  2.6724839940e-01 -2.0969122335e+00  6.4444597771e-01  1.1063663197e+00 -9.4285428919e-01  3.2384781269e-01  4.4205295087e+00 -1.8345853239e+00  2.7269468514e+00  2.8924420596e+00 -7.6287562503e-01  2.5220038111e+00 -1.0651225660e+00 -1.5854709909e+00 -1.2867294958e+00 -1.3479565601e+00  1.6937108346e-01 -1.1094558752e+00 -7.9865542072e-01 -5.0104712959e-01 -2.6685826660e+00  2.3400241738e+00  8.8402789608e-01 -1.3483859806e+00  1.1764529357e+00  9.7826729799e-01 -2.6832315843e+00  7.7099501253e-01  1.6942012425e+00 -1.0952694645e+00  2.6892887062e+00 -2.0787649095e+00 -8.2673716377e-01
ENERGY -8.325630831359e+02

JOB 16
COORDS  3.5457663858e+00 -1.6387118086e+00  2.1224166566e+00 -6.8112637397e-01 -6.7095544919e-01 -1.5428104702e+00  1.2226747281e+00  9.0620606026e-01 -1.6783002851e+00  3.6255885165e+00 -1.9122236646e+00  8.7515903357e-01  2.8059305974e+00 -1.2732717454e+00 -4.7350893116e-02  7.3534671045e-01 -4.1020790808e-01 -1.2252193212e+00  1.3018591724e+00  3.9562992174e-01  1.2083846104e+00  3.7894292441e-01 -1.9268761457e+00  7.9625373472e-01  1.1859358658e+00 -7.8914048810e-01  3.5604976411e-01  4.2592966660e+00 -2.1509474375e+00  2.7634086400e+00  2.8369025531e+00 -9.4336491104e-01  2.5740446622e+00 -9.6260622778e-01 -1.6599729535e+00 -1.1840990887e+00 -1.3508843258e+00  8.1279425153e-02 -1.1058942822e+00 -7.7853985392e-01 -6.4558582730e-01 -2.6311907143e+00  2.2797835456e+00  1.0133431706e+00 -1.4335289601e+00  1.1101256799e+00  9.4284404656e-01 -2.7650056580e+00  6.6256073617e-01  1.7320606050e+00 -1.2233428150e+00  2.7430209713e+00 -1.8578080089e+00 -8.8038698998e-01
ENERGY -8.325623334719e+02

JOB 17
COORDS  3.4571959247e+00 -1.8266628653e+00  2.1263139420e+00 -6.2996998533e-01 -7.4527458624e-01 -1.4945483883e+00  1.1666229406e+00  9.3737933255e-01 -1.7511292639e+00  3.6018977647e+00 -1.9522585302e+00  8.6184362461e-01  2.8846948889e+00 -1.1418740366e+00 -7.5505292681e-03  7.7153118721e-01 -3.7965231913e-01 -1.2158124481e+00  1.3674008474e+00  6.3439668420e-01  1.1189695452e+00  4.8448153720e-01 -1.7366229109e+00  9.4264801207e-01  1.2589880141e+00 -6.2745733404e-01  3.8682312457e-01  4.0866537156e+00 -2.4614751034e+00  2.7449244709e+00  2.7654529771e+00 -1.1401191317e+00  2.6182275240e+00 -8.4572966467e-01 -1.7267172097e+00 -1.0746255915e+00 -1.3398582869e+00 -1.1373352842e-02 -1.0909139267e+00 -7.4253160690e-01 -7.9001946283e-01 -2.5808655821e+00  2.2159968035e+00  1.1311730971e+00 -1.5264792721e+00  1.0426088386e+00  9.0111516427e-01 -2.8366194540e+00  5.5792232473e-01  1.7509656550e+00 -1.3385773372e+00  2.8172200508e+00 -1.6232262088e+00 -9.0404082620e-01
ENERGY -8.325604707551e+02

JOB 18
COORDS -2.3786690460e+00  1.1172101362e+00  1.9890683676e+00  4.3727539156e-01 -1.2060879302e+00 -2.0354841364e+00  1.0943768482e+00  1.1726232993e+00 -1.8652069902e+00 -1.1937088560e+00  1.1813040799e+00  1.5170522340e+00 -8.9226322028e-01  3.4733804682e-01  4.5667211913e-01  1.1049755570e+00 -1.6181902472e-01 -1.2460568675e+00  8.0020024852e-01 -1.5584966871e+00  8.3915743047e-01  1.5771514644e+00  8.7240523670e-01  1.0133947051e+00  7.8090057240e-01 -1.6785108678e-01  3.9225121131e-01 -2.6325896425e+00  1.8055376226e+00  2.7910903670e+00 -3.1466317471e+00  4.2007148049e-01  1.6309718234e+00  5.1413323327e-01 -2.1621335682e+00 -1.5185677358e+00 -6.1842156741e-01 -9.6831818014e-01 -2.2329805776e+00  9.6052631187e-01 -1.2848551714e+00 -2.9919256423e+00  1.6685665829e+00  1.8643480569e+00 -1.2500095321e+00  1.5775181133e+00  1.0873531163e+00 -2.8419001471e+00  7.3223916182e-02  1.5554608025e+00 -1.9954900098e+00 -1.4780459952e+00 -4.9475693216e-01  4.0339677450e-01
ENERGY -8.325601174994e+02

JOB 19
COORDS -2.3616504291e+00  1.1991242085e+00  1.9059874895e+00  4.4830969402e-01 -1.1834247224e+00 -2.0662439534e+00  1.0635511617e+00  1.1936768717e+00 -1.8110943646e+00 -1.2103832666e+00  1.2220506816e+00  1.3531465447e+00 -9.0905051016e-01  1.9586963930e-01  4.8140848278e-01  1.1220830982e+00 -1.6493957459e-01 -1.2472740575e+00  8.3292348081e-01 -1.6377854039e+00  7.9500452280e-01  1.5549775646e+00  8.0402581380e-01  1.0461680072e+00  7.8604522085e-01 -2.3539160994e-01  3.8893207303e-01 -2.6170613597e+00  2.0308093626e+00  2.5575162115e+00 -3.0987747580e+00  4.0010040896e-01  1.7580515456e+00  5.5820619801e-01 -2.1614785514e+00 -1.5988255534e+00 -6.1691495912e-01 -9.5551397990e-01 -2.2164299751e+00  9.4399551925e-01 -1.2048479111e+00 -3.0400711125e+00  1.6314919459e+00  1.8760675588e+00 -1.1799946764e+00  1.5272361925e+00  1.1601286059e+00 -2.8001008927e+00  2.9532771583e-02  1.5524407199e+00 -1.9070133393e+00 -1.4359993996e+00 -6.7157882084e-01  6.3626644150e-01
ENERGY -8.325615867792e+02

JOB 20
COORDS -2.3392850752e+00  1.2633918740e+00  1.8039170027e+00  4.4487833580e-01 -1.1576298745e+00 -2.0899487699e+00  1.0296275498e+00  1.2166173345e+00 -1.7550655207e+00 -1.2300860692e+00  1.2237507757e+00  1.1719499695e+00 -9.1420850266e-01  4.9990230406e-02  5.2175318097e-01  1.1194397628e+00 -1.6189142099e-01 -1.2435075319e+00  8.6877970251e-01 -1.7142051955e+00  7.5091896453e-01  1.5463145202e+00  7.3015528383e-01  1.0799219881e+00  7.9327736664e-01 -3.0110704883e-01  3.8972928306e-01 -2.6086196369e+00  2.2027193570e+00  2.2798021702e+00 -3.0268348378e+00  4.1292607607e-01  1.8892421525e+00  5.9047605437e-01 -2.1529549021e+00 -1.6712640315e+00 -6.2907803581e-01 -9.4870677313e-01 -2.1956368927e+00  9.1322196994e-01 -1.1215945732e+00 -3.0767174432e+00  1.5843689195e+00  1.8867421492e+00 -1.0997648337e+00  1.4897970552e+00  1.2299997592e+00 -2.7461436776e+00 -1.1916802667e-02  1.5568696034e+00 -1.8355938211e+00 -1.3716341113e+00 -7.9573935800e-01  8.8184120459e-01
ENERGY -8.325635662710e+02

JOB 21
COORDS -2.3182251532e+00  1.3015401697e+00  1.6827855071e+00  4.1452118109e-01 -1.1241793132e+00 -2.1046842144e+00  1.0018684746e+00  1.2430483468e+00 -1.7000557610e+00 -1.2517361721e+00  1.1753542906e+00  9.9180960902e-01 -9.0221355579e-01 -9.4597844514e-02  5.8710017618e-01  1.0914260581e+00 -1.5203613791e-01 -1.2335469994e+00  9.3068893113e-01 -1.7847147676e+00  7.0746595718e-01  1.5519304946e+00  6.6167297017e-01  1.1091172387e+00  8.0898646554e-01 -3.6356879401e-01  3.9608967338e-01 -2.6155773284e+00  2.3087679999e+00  1.9627380948e+00 -2.9426491617e+00  4.5870885883e-01  2.0029343061e+00  5.8229141709e-01 -2.1322959654e+00 -1.7268414200e+00 -6.6399099944e-01 -9.2836391205e-01 -2.1786405495e+00  8.6345776432e-01 -1.0435387111e+00 -3.0978402651e+00  1.5424679862e+00  1.8929328988e+00 -1.0136061328e+00  1.4778036511e+00  1.2910197039e+00 -2.6827634297e+00 -3.8917658025e-02  1.5823092097e+00 -1.7846416237e+00 -1.2836142300e+00 -8.7272570567e-01  1.1380132268e+00
ENERGY -8.325654950198e+02

JOB 22
COORDS -2.3130009013e+00  1.2895850290e+00  1.5356671029e+00  3.2760210342e-01 -1.0716541049e+00 -2.0989892305e+00  1.0083974173e+00  1.2709110131e+00 -1.6538811487e+00 -1.2816109914e+00  1.0690486274e+00  8.1590568031e-01 -8.6124919541e-01 -2.3521701013e-01  6.7990491339e-01  1.0400371343e+00 -1.3610417762e-01 -1.2175134601e+00  1.0397549653e+00 -1.8325337542e+00  6.7605989913e-01  1.5804267485e+00  6.2061135434e-01  1.1249712265e+00  8.4467091354e-01 -4.1132937305e-01  4.0928664174e-01 -2.6684651056e+00  2.3144801243e+00  1.6018023781e+00 -2.8531765611e+00  5.0721830609e-01  2.0819587340e+00  4.7180407804e-01 -2.0915547726e+00 -1.7433095246e+00 -7.4561470146e-01 -8.4611609909e-01 -2.1528827350e+00  7.6629409693e-01 -9.8439758241e-01 -3.0963626802e+00  1.5466654042e+00  1.8864878803e+00 -9.3515390618e-01  1.5178916643e+00  1.3255705855e+00 -2.6197302602e+00 -1.7468663150e-02  1.6441043691e+00 -1.7586610412e+00 -1.1544402412e+00 -8.9977711840e-01  1.4063608045e+00
ENERGY -8.325667987466e+02

JOB 23
COORDS -2.3162320137e+00  1.2437399470e+00  1.3743015941e+00  2.2230110283e-01 -1.0104621586e+00 -2.0766023516e+00  1.0200936751e+00  1.2975295192e+00 -1.6055505934e+00 -1.3016087584e+00  9.3129931733e-01  6.6400760698e-01 -7.9459910706e-01 -3.4132784721e-01  7.8581590251e-01  9.8091928181e-01 -1.1504572435e-01 -1.1937274359e+00  1.1533599443e+00 -1.8758474655e+00  6.2950667615e-01  1.6434980960e+00  5.7263685457e-01  1.1380007758e+00  8.9684391256e-01 -4.5518626482e-01  4.2333229424e-01 -2.7421003442e+00  2.2336833526e+00  1.2338808408e+00 -2.7775671136e+00  5.6993455032e-01  2.1056521109e+00  3.2878775815e-01 -2.0396444765e+00 -1.7345092134e+00 -8.4090698539e-01 -7.4080688673e-01 -2.1124027876e+00  6.5081976466e-01 -9.3067648551e-01 -3.0792706195e+00  1.5759533636e+00  1.8749314439e+00 -8.6885008307e-01  1.5455259723e+00  1.3463277587e+00 -2.5636627834e+00  1.3079024525e-02  1.7155379481e+00 -1.7123420300e+00 -1.0096494083e+00 -8.5729008548e-01  1.6478534900e+00
ENERGY -8.325670191916e+02

