JOB 0
COORDS -9.5815443318e-02  5.8826248464e-01  1.3565218527e+00 -4.2546280597e-01  1.3727214110e+00  9.7377842312e-02  1.0691654353e-01 -4.1306132923e-02 -1.8811165742e-03 -8.1418054807e-01 -1.1579578279e+00 -4.4594376141e-01  1.4863500259e+00 -2.5505247260e-01 -3.9598897734e-01  1.6540439713e+00  1.8805725173e-01 -1.7715700562e+00  7.7964981598e-01  8.8589826693e-01  1.9291020157e+00 -9.1265159167e-01  2.1181406382e-01  1.9655536554e+00 -1.4705453162e+00  1.5452602782e+00 -1.4393882097e-01  2.4292244070e-01  2.1792739158e+00 -1.8912496295e-01 -8.2700251455e-01 -1.2276564267e+00 -1.5389013338e+00 -1.8401839617e+00 -9.7974607921e-01 -1.1003590167e-01 -4.7495739862e-01 -2.1165241240e+00 -3.9745718441e-02  2.0839147227e+00  3.8045094863e-01  1.3285192507e-01  2.0003929981e+00 -6.0703174754e-01 -2.2076055161e+00
ENERGY -2.877816404553e+02

JOB 1
COORDS -9.1547421980e-02  6.0430524821e-01  1.3298664351e+00 -4.1622459627e-01  1.3585774642e+00  5.4758151235e-02  9.8396198753e-02 -6.1743481224e-02 -1.7755089922e-02 -8.4183063827e-01 -1.1849892974e+00 -4.0740023825e-01  1.4695511922e+00 -2.9771684620e-01 -4.3148653785e-01  1.7250828549e+00  3.5412682927e-01 -1.7011377020e+00  7.9061272453e-01  9.0708472234e-01  1.8891971041e+00 -9.1029964641e-01  2.5278610996e-01  1.9513223187e+00 -1.4601810223e+00  1.5330067251e+00 -1.9002984056e-01  2.6050963690e-01  2.1467618845e+00 -2.5945202581e-01 -8.7046640864e-01 -1.2999759302e+00 -1.4968946680e+00 -1.8622851026e+00 -9.8470133560e-01 -6.5858379991e-02 -5.0568408484e-01 -2.1307492025e+00  2.9433469553e-02  2.1086551468e+00  1.5397248877e-01  2.2052400807e-01  1.9991021053e+00 -3.8428156946e-01 -2.2684158787e+00
ENERGY -2.877803070084e+02

JOB 2
COORDS -8.5090752333e-02  6.2657103923e-01  1.3005444482e+00 -4.1340805430e-01  1.3403010972e+00  6.0362038173e-03  8.9574627888e-02 -8.3586167183e-02 -3.0373361198e-02 -8.6749538045e-01 -1.2109931803e+00 -3.6873506262e-01  1.4522723024e+00 -3.4290605176e-01 -4.7462959515e-01  1.8196906937e+00  5.0803823210e-01 -1.5852263852e+00  8.0724518692e-01  9.4079400998e-01  1.8367308217e+00 -9.0092868587e-01  3.0381725136e-01  1.9415808937e+00 -1.4581564823e+00  1.5089319604e+00 -2.3949204835e-01  2.6643400344e-01  2.1107845350e+00 -3.4096025582e-01 -9.2503113969e-01 -1.3541582439e+00 -1.4538521111e+00 -1.8772965564e+00 -9.9798247063e-01 -2.9917563563e-03 -5.2581581517e-01 -2.1491927072e+00  8.0242529353e-02  2.1126362313e+00 -1.0351619830e-01  2.6159400596e-01  1.9987607590e+00 -1.3043929603e-01 -2.2937972012e+00
ENERGY -2.877783720935e+02

JOB 3
COORDS -6.7617532379e-02  6.5492364809e-01  1.2652117002e+00 -4.1897036409e-01  1.3177274572e+00 -4.9792810531e-02  7.9558676101e-02 -1.0572891520e-01 -4.2775728594e-02 -8.9462501479e-01 -1.2335640261e+00 -3.2949889160e-01  1.4267949932e+00 -4.0026909032e-01 -5.3661277089e-01  1.9348641055e+00  6.3161414188e-01 -1.4134245615e+00  8.4073790804e-01  9.8768194242e-01  1.7618400071e+00 -8.7044458681e-01  3.6527753930e-01  1.9382006900e+00 -1.4682031898e+00  1.4729287620e+00 -2.8504253894e-01  2.5538682529e-01  2.0737311580e+00 -4.3482230592e-01 -9.8548694784e-01 -1.3968001180e+00 -1.4090976393e+00 -1.8893583063e+00 -1.0067317839e+00  6.8174465244e-02 -5.4880565568e-01 -2.1681684607e+00  1.2502336975e-01  2.0830381174e+00 -3.9450015320e-01  2.4127997500e-01  2.0165219101e+00  1.6834170833e-01 -2.2619918342e+00
ENERGY -2.877768542011e+02

JOB 4
COORDS -3.2743739071e-02  6.9156644177e-01  1.2172631494e+00 -4.4138876605e-01  1.2901429141e+00 -1.1700976908e-01  6.6625168746e-02 -1.2579717723e-01 -5.6436591051e-02 -9.1830571406e-01 -1.2557850354e+00 -2.9062700537e-01  1.3833880068e+00 -4.5883578266e-01 -6.2573442928e-01  2.0504727207e+00  7.0418408393e-01 -1.1781917120e+00  8.9563173035e-01  1.0578870709e+00  1.6489920011e+00 -8.0396480316e-01  4.3823115237e-01  1.9402110269e+00 -1.5002976142e+00  1.4243767933e+00 -3.1998629154e-01  2.1376661499e-01  2.0387713994e+00 -5.4580263699e-01 -1.0553588996e+00 -1.4228812967e+00 -1.3639373076e+00 -1.8912378349e+00 -1.0245151902e+00  1.5486054565e-01 -5.5899182615e-01 -2.1913469862e+00  1.5343048250e-01  2.0060097486e+00 -6.9785369658e-01  1.4542950313e-01  2.0797861451e+00  4.9831911910e-01 -2.1257898400e+00
ENERGY -2.877768054691e+02

JOB 5
COORDS  5.5648132047e-03  7.2500508642e-01  1.1660896380e+00 -4.7384313004e-01  1.2748113955e+00 -1.7151287276e-01  5.1546168856e-02 -1.3078444819e-01 -8.0463193157e-02 -9.3015835834e-01 -1.2727788346e+00 -2.5640378996e-01  1.3306249283e+00 -4.7466788112e-01 -7.2204906428e-01  2.1279482316e+00  7.1714743822e-01 -9.5547646214e-01  9.4920863503e-01  1.1194104010e+00  1.5336835567e+00 -7.2787786860e-01  4.9247375053e-01  1.9337999276e+00 -1.5422791731e+00  1.3941932260e+00 -3.2927955592e-01  1.5318368377e-01  2.0235482113e+00 -6.4080924833e-01 -1.1206656015e+00 -1.4474436357e+00 -1.3198302046e+00 -1.8791036552e+00 -1.0466054374e+00  2.3935152794e-01 -5.4330294406e-01 -2.2034886549e+00  1.7663994441e-01  1.8998364514e+00 -9.4143448714e-01 -1.3806495510e-02  2.1927087568e+00  7.3707768003e-01 -1.9232625823e+00
ENERGY -2.877784461683e+02

JOB 6
COORDS  2.6041992455e-02  7.4963455670e-01  1.1262707236e+00 -5.0653882552e-01  1.2773867007e+00 -2.0401847100e-01  3.6033046644e-02 -1.1912818485e-01 -1.1090166551e-01 -9.2528971422e-01 -1.2846164409e+00 -2.2678982897e-01  1.2860762325e+00 -4.5042741823e-01 -8.0431679643e-01  2.1828810678e+00  6.8961263153e-01 -7.8918676984e-01  9.7568486167e-01  1.1603185246e+00  1.4554676254e+00 -6.8057391745e-01  5.1768567618e-01  1.9188140002e+00 -1.5802059093e+00  1.3916795659e+00 -3.2624305942e-01  9.8166974008e-02  2.0282407055e+00 -7.0038359080e-01 -1.1526014081e+00 -1.4906032321e+00 -1.2774370732e+00 -1.8595975723e+00 -1.0649887457e+00  2.9767624396e-01 -5.0427342281e-01 -2.1957751854e+00  2.1706122079e-01  1.7880711566e+00 -1.1092126139e+00 -2.0471918169e-01  2.3095163761e+00  8.6665726985e-01 -1.7346222512e+00
ENERGY -2.877800606158e+02

JOB 7
COORDS  3.5451748183e-02  7.6916910563e-01  1.0968934836e+00 -5.4012051041e-01  1.2888732924e+00 -2.1996299101e-01  2.1594910802e-02 -9.9616081104e-02 -1.4128852527e-01 -9.1068437890e-01 -1.2919405481e+00 -1.9803623246e-01  1.2506783698e+00 -4.0748667251e-01 -8.7537460870e-01  2.2339767502e+00  6.3180144961e-01 -6.6586436600e-01  9.8668486314e-01  1.1905390553e+00  1.4037705151e+00 -6.4976982390e-01  5.2518381496e-01  1.9045173324e+00 -1.6170937599e+00  1.3993478149e+00 -3.1345141761e-01  4.5118304816e-02  2.0429997346e+00 -7.3657284706e-01 -1.1439217443e+00 -1.5553544783e+00 -1.2351197628e+00 -1.8468157715e+00 -1.0699314342e+00  3.2120671787e-01 -4.6329459194e-01 -2.1685392988e+00  2.8790685521e-01  1.6744542173e+00 -1.2199418084e+00 -4.2162452210e-01  2.4171323547e+00  9.3135986381e-01 -1.5703285054e+00
ENERGY -2.877803186059e+02

JOB 8
COORDS  3.9601572346e-02  7.9114053647e-01  1.0714556295e+00 -5.7929253844e-01  1.3017347937e+00 -2.2843582275e-01  8.3859051000e-03 -7.7547751814e-02 -1.6703047768e-01 -8.9050753725e-01 -1.2964507570e+00 -1.7089235797e-01  1.2231275235e+00 -3.5474277948e-01 -9.3655315674e-01  2.2892929111e+00  5.3972820753e-01 -5.5887315905e-01  9.9080717536e-01  1.2231489366e+00  1.3602656384e+00 -6.2333399359e-01  5.3013348121e-01  1.8924147806e+00 -1.6593751237e+00  1.4029643504e+00 -2.9245441097e-01 -1.7511116470e-02  2.0592685958e+00 -7.6747714547e-01 -1.1158712163e+00 -1.6179559770e+00 -1.1941675360e+00 -1.8360999237e+00 -1.0758219016e+00  3.3108581149e-01 -4.1911695698e-01 -2.1333581639e+00  3.5975122400e-01  1.5575717243e+00 -1.2792839302e+00 -6.5832564559e-01  2.5257125329e+00  9.5350616891e-01 -1.4040922459e+00
ENERGY -2.877789489272e+02

JOB 9
COORDS  5.6963105070e-02  3.2264802486e-01  1.2162756766e+00 -1.8357284784e-01  1.1650646004e+00 -3.2078567608e-02 -5.0011947584e-02 -3.2858339594e-01 -1.4412814067e-01 -1.2650774575e+00 -1.1870789273e+00 -4.2987410918e-01  1.1365642810e+00 -8.6957121861e-01 -8.1813563323e-01  2.3285280064e+00 -6.9297457467e-01 -2.6260961488e-02  1.0395395405e+00  3.7788467302e-01  1.6693463510e+00 -7.6801978816e-01  1.7939210718e-01  1.9094883901e+00 -1.1608659880e+00  1.6160571945e+00 -1.8274012777e-01  6.5164878177e-01  1.7616313534e+00 -3.8925409922e-01 -1.4157069505e+00 -1.3172033526e+00 -1.5085502666e+00 -2.1675605430e+00 -7.2395510350e-01 -2.2318372425e-02 -1.1589871513e+00 -2.1780733630e+00  2.8535189127e-02  1.0190934717e+00 -1.8812771360e+00 -8.8340343116e-01  2.9144059053e+00 -2.1249474618e-01 -6.3253687279e-01
ENERGY -2.877766360965e+02

JOB 10
COORDS  8.5116596849e-02  3.7334993941e-01  1.1887930033e+00 -2.4397305198e-01  1.1898443329e+00 -5.0609668466e-02 -4.4329392618e-02 -3.0475889639e-01 -1.5168980835e-01 -1.2414084195e+00 -1.1999040019e+00 -4.0300322090e-01  1.1634378926e+00 -7.7447586812e-01 -8.5218807809e-01  2.2870836650e+00 -9.1676073065e-01  5.2112537387e-02  1.0809718681e+00  4.6298335662e-01  1.6060237105e+00 -7.0294784564e-01  1.9568729395e-01  1.9160484970e+00 -1.2472308966e+00  1.5928003756e+00 -1.6253916497e-01  5.4675498846e-01  1.8122797927e+00 -4.6009539564e-01 -1.4225486445e+00 -1.3266029071e+00 -1.4778235188e+00 -2.1472210878e+00 -7.6860358420e-01  3.2395985867e-02 -1.0904484929e+00 -2.1906897624e+00  4.2864440758e-02  9.8349004885e-01 -1.7342348163e+00 -1.1462851917e+00  2.9701931895e+00 -3.7944838852e-01 -3.7963910315e-01
ENERGY -2.877748512427e+02

JOB 11
COORDS  1.1519969047e-01  4.3989095349e-01  1.1613594466e+00 -3.0710211129e-01  1.2075723398e+00 -7.4704908827e-02 -3.0406496850e-02 -2.8555059485e-01 -1.4758759697e-01 -1.2049896784e+00 -1.2170706906e+00 -3.7747727175e-01  1.2011639601e+00 -6.6042882737e-01 -8.5822613592e-01  2.1938336433e+00 -1.1734797260e+00  8.6833150708e-02  1.1216820893e+00  5.8281944299e-01  1.5376729629e+00 -6.2858404629e-01  2.3698752321e-01  1.9270044369e+00 -1.3370001886e+00  1.5464060824e+00 -1.5155147771e-01  4.2923906972e-01  1.8564860874e+00 -5.3854973821e-01 -1.4314383181e+00 -1.3016076136e+00 -1.4476907687e+00 -2.1059121374e+00 -8.4380464678e-01  1.1860738117e-01 -9.9673166007e-01 -2.2208418855e+00  1.2853980058e-02  9.8919823034e-01 -1.5108266238e+00 -1.3801289782e+00  2.9687883718e+00 -6.2508568529e-01 -1.1404945737e-01
ENERGY -2.877754784747e+02

JOB 12
COORDS  1.2973207372e-01  4.9735161439e-01  1.1461972944e+00 -3.4748079689e-01  1.2212915873e+00 -9.4210134682e-02 -1.3240031915e-02 -2.6395246090e-01 -1.4110773847e-01 -1.1572159737e+00 -1.2380090523e+00 -3.5095624555e-01  1.2339287997e+00 -5.6869315913e-01 -8.4051279994e-01  2.0781027244e+00 -1.3907728493e+00  3.9955761838e-02  1.1372391699e+00  6.9300038258e-01  1.4973438342e+00 -5.8756257346e-01  2.8345906452e-01  1.9332589045e+00 -1.3936139296e+00  1.5088234064e+00 -1.5746061132e-01  3.5011775467e-01  1.8923806524e+00 -5.8442014490e-01 -1.4113148433e+00 -1.3100911208e+00 -1.4157529083e+00 -2.0573288256e+00 -9.1426155776e-01  1.8071860339e-01 -8.9397841351e-01 -2.2390614031e+00  1.0753248157e-02  1.0128893891e+00 -1.2684732224e+00 -1.5499442063e+00  2.8966658944e+00 -8.7152574624e-01  8.0502167523e-02
ENERGY -2.877783242804e+02

JOB 13
COORDS  1.2532264951e-01  5.4327849794e-01  1.1423354717e+00 -3.6895396661e-01  1.2321805894e+00 -1.1272932275e-01  3.1829768578e-03 -2.4210338972e-01 -1.3425563381e-01 -1.1064371881e+00 -1.2598748529e+00 -3.1964340354e-01  1.2623283470e+00 -5.0866467397e-01 -8.1289470062e-01  1.9725939866e+00 -1.5504001541e+00 -5.7089981583e-02  1.1262977191e+00  7.8098070307e-01  1.4876710141e+00 -5.8790856766e-01  3.2756057938e-01  1.9323130998e+00 -1.4231821899e+00  1.4855464099e+00 -1.8378998233e-01  3.0930013658e-01  1.9195989396e+00 -6.0732271951e-01 -1.3766563898e+00 -1.3461612020e+00 -1.3794917606e+00 -2.0081335384e+00 -9.7131294326e-01  2.2953909120e-01 -7.9195328766e-01 -2.2462130378e+00  3.8872656436e-02  1.0470224349e+00 -1.0341322211e+00 -1.6618673510e+00  2.7941172955e+00 -1.0988171087e+00  1.9271854721e-01
ENERGY -2.877815217032e+02

JOB 14
COORDS  1.0499229154e-01  5.8163583118e-01  1.1463052691e+00 -3.7977178383e-01  1.2394934835e+00 -1.3100876689e-01  1.4323751154e-02 -2.2459757398e-01 -1.2342507433e-01 -1.0621078974e+00 -1.2813239711e+00 -2.8410914973e-01  1.2881595243e+00 -4.7212787053e-01 -7.7404106061e-01  1.8855695130e+00 -1.6626962591e+00 -1.6980221418e-01  1.0970177224e+00  8.4636551082e-01  1.4981559309e+00 -6.1889488982e-01  3.7254617494e-01  1.9283151952e+00 -1.4366760995e+00  1.4727210499e+00 -2.2519210393e-01  2.9408237069e-01  1.9347739428e+00 -6.2115008216e-01 -1.3328477817e+00 -1.4011334798e+00 -1.3407651026e+00 -1.9699785575e+00 -1.0105314895e+00  2.6395525225e-01 -7.0888532300e-01 -2.2460818037e+00  9.3126787658e-02  1.0978790992e+00 -8.0654286983e-01 -1.7206263343e+00  2.7040784785e+00 -1.3110345398e+00  2.1462647828e-01
ENERGY -2.877836168418e+02

JOB 15
COORDS  7.7638614177e-02  6.1043274101e-01  1.1532051332e+00 -3.8451467342e-01  1.2414263459e+00 -1.4808863526e-01  2.2469550303e-02 -2.1415913343e-01 -1.1070878765e-01 -1.0285135623e+00 -1.3005586766e+00 -2.4300973321e-01  1.3122675880e+00 -4.5075983084e-01 -7.3232267729e-01  1.8190802063e+00 -1.7428524987e+00 -3.0241072429e-01  1.0594478769e+00  8.9315644677e-01  1.5193544806e+00 -6.6367127982e-01  4.1158775957e-01  1.9216494694e+00 -1.4409729294e+00  1.4622480284e+00 -2.7147066195e-01  2.9210839044e-01  1.9404171044e+00 -6.3003171847e-01 -1.2700496499e+00 -1.4856365259e+00 -1.2973822861e+00 -1.9534456822e+00 -1.0155796573e+00  2.6787918440e-01 -6.6520711767e-01 -2.2347534140e+00  1.9374231305e-01  1.1681419901e+00 -5.8159357144e-01 -1.7353184083e+00  2.6321610965e+00 -1.5019089822e+00  1.6927807656e-01
ENERGY -2.877837975764e+02

JOB 16
COORDS  4.7045320192e-02  6.3724463189e-01  1.1588228133e+00 -3.8858000694e-01  1.2389320758e+00 -1.6702711781e-01  2.8986645234e-02 -2.0839085048e-01 -9.6708661087e-02 -1.0004051394e+00 -1.3184118119e+00 -2.0143925255e-01  1.3369019844e+00 -4.4128289313e-01 -6.8713545056e-01  1.7639944032e+00 -1.7998414682e+00 -4.4851182167e-01  1.0185283634e+00  9.3555369054e-01  1.5397630767e+00 -7.1253714950e-01  4.5066929333e-01  1.9127245557e+00 -1.4428008806e+00  1.4501034207e+00 -3.2209437114e-01  2.9283551184e-01  1.9390997567e+00 -6.4195883531e-01 -1.2165259333e+00 -1.5618320382e+00 -1.2492413279e+00 -1.9385095952e+00 -1.0201187879e+00  2.7655205496e-01 -6.3284283553e-01 -2.2235184348e+00  2.8772857028e-01  1.2620280160e+00 -3.6656721428e-01 -1.7025624444e+00  2.5588217141e+00 -1.6801732344e+00  9.5453236151e-02
ENERGY -2.877820728422e+02

JOB 17
COORDS  1.5665246767e-02  6.6543212861e-01  1.1633189047e+00 -3.9686931858e-01  1.2339067402e+00 -1.8618247859e-01  3.7532626075e-02 -2.0346755768e-01 -7.9218208104e-02 -9.7009613332e-01 -1.3349039834e+00 -1.5955583804e-01  1.3664900247e+00 -4.3877143798e-01 -6.3567321594e-01  1.7074990962e+00 -1.8350757746e+00 -6.1500182591e-01  9.7581823185e-01  9.8375059765e-01  1.5568677327e+00 -7.5847484438e-01  4.8854078186e-01  1.9050846869e+00 -1.4486560823e+00  1.4318199136e+00 -3.7239416261e-01  2.8697723366e-01  1.9363023120e+00 -6.5617019582e-01 -1.1471774086e+00 -1.6429172272e+00 -1.1969244289e+00 -1.9256809048e+00 -1.0193256444e+00  2.7013953445e-01 -6.1120144725e-01 -2.2060534530e+00  3.9283342556e-01  1.3754953278e+00 -1.6612385774e-01 -1.6182923828e+00  2.4696187702e+00 -1.8616474024e+00 -1.4466522931e-02
ENERGY -2.877788553909e+02

JOB 18
COORDS -1.6160552805e-02  7.0400989776e-01  1.1650648670e+00 -4.1092757884e-01  1.2234768920e+00 -2.1098190266e-01  5.1154953089e-02 -1.9960550602e-01 -5.0646840970e-02 -9.3491077430e-01 -1.3492077996e+00 -1.1615037414e-01  1.4085069172e+00 -4.4827237651e-01 -5.5862336178e-01  1.6433519827e+00 -1.8438672000e+00 -8.0274827378e-01  9.2987572592e-01  1.0516123366e+00  1.5685008924e+00 -8.0216639491e-01  5.3574847114e-01  1.8967361614e+00 -1.4611163323e+00  1.4004121497e+00 -4.2637948842e-01  2.6899552643e-01  1.9282592360e+00 -6.8515023894e-01 -1.0743840689e+00 -1.7063179048e+00 -1.1420700325e+00 -1.9053728776e+00 -1.0232037736e+00  2.7015137210e-01 -5.8873865836e-01 -2.1914947812e+00  4.8752418709e-01  1.5150825006e+00  5.7768731941e-03 -1.4645207891e+00  2.3537500499e+00 -2.0558603791e+00 -1.7634115296e-01
ENERGY -2.877751019236e+02

JOB 19
COORDS -4.8532453696e-02  7.5906595776e-01  1.1599458141e+00 -4.2538196782e-01  1.1978450473e+00 -2.5030870160e-01  7.2378684304e-02 -2.0394140482e-01  1.6078414073e-03 -8.9846393405e-01 -1.3633841657e+00 -6.8526681357e-02  1.4652348127e+00 -4.8288255409e-01 -4.2413744254e-01  1.5748868963e+00 -1.7977374427e+00 -1.0118701802e+00  8.7776878625e-01  1.1519418177e+00  1.5690151551e+00 -8.4451359453e-01  6.0666559031e-01  1.8843400477e+00 -1.4745997705e+00  1.3411177129e+00 -4.9506016351e-01  2.4668106665e-01  1.8972258337e+00 -7.4449879645e-01 -1.0194419945e+00 -1.7280998783e+00 -1.0920549364e+00 -1.8746155927e+00 -1.0388981295e+00  3.0424199215e-01 -5.5891705805e-01 -2.1994696744e+00  5.4984606174e-01  1.6805912429e+00  1.3252882929e-01 -1.2075750585e+00  2.2038652947e+00 -2.2405114040e+00 -4.2059992707e-01
ENERGY -2.877726227160e+02

JOB 20
COORDS -6.8159039684e-02  8.0979425108e-01  1.1444015851e+00 -4.2428832869e-01  1.1581516072e+00 -2.9639625115e-01  8.7435647134e-02 -2.2264960318e-01  6.0235143279e-02 -8.7893345402e-01 -1.3833908231e+00 -1.9577065492e-02  1.4951926298e+00 -5.4442217231e-01 -2.7498978845e-01  1.5316750628e+00 -1.6701577184e+00 -1.1982471041e+00  8.4256155795e-01  1.2411318083e+00  1.5516266324e+00 -8.7247388300e-01  6.8813412772e-01  1.8651085564e+00 -1.4719506331e+00  1.2735988928e+00 -5.6188580640e-01  2.4598448774e-01  1.8345611670e+00 -8.2343195594e-01 -9.8210996263e-01 -1.7415215640e+00 -1.0456962005e+00 -1.8605752017e+00 -1.0643080954e+00  3.4303034969e-01 -5.4568387034e-01 -2.2203123179e+00  6.0411033010e-01  1.8293211664e+00  1.9771027347e-01 -8.9037801679e-01  2.0489442392e+00 -2.3248536978e+00 -7.0354538347e-01
ENERGY -2.877734015151e+02

JOB 21
COORDS -7.6106504325e-02  8.4004175794e-01  1.1229876168e+00 -4.0698916719e-01  1.1196008359e+00 -3.3825867662e-01  8.9539680534e-02 -2.4682930762e-01  9.7219720745e-02 -8.7973266440e-01 -1.4056517753e+00  3.2167738226e-02  1.4882628655e+00 -6.1272243069e-01 -1.7576761821e-01  1.5149715446e+00 -1.5085966867e+00 -1.3325166992e+00  8.2608614633e-01  1.2895301672e+00  1.5306830968e+00 -8.9197970819e-01  7.5168145357e-01  1.8350075210e+00 -1.4503171017e+00  1.2291047394e+00 -6.2204924237e-01  2.7522764331e-01  1.7611501343e+00 -8.9193165317e-01 -9.5878857829e-01 -1.7850205652e+00 -9.8828896540e-01 -1.8704343810e+00 -1.0821636815e+00  3.6451973868e-01 -5.5622468491e-01 -2.2251314428e+00  6.8492991058e-01  1.9309556538e+00  2.0624504377e-01 -5.9591919726e-01  1.9424696739e+00 -2.2997721066e+00 -9.6841826593e-01
ENERGY -2.877765238975e+02

JOB 22
COORDS -1.0055282913e-01  5.5975430386e-01  1.4017623674e+00 -4.5767517818e-01  1.3961373673e+00  1.7943510042e-01  1.2178719740e-01  3.5499970020e-03  2.0967761526e-02 -7.6884178641e-01 -1.0900306288e+00 -5.2480712717e-01  1.5249700667e+00 -1.4768022997e-01 -3.5502276778e-01  1.5991955777e+00 -1.6624632606e-01 -1.8163061748e+00  7.7148974771e-01  8.5393906441e-01  1.9810068758e+00 -9.0453098915e-01  1.3424986153e-01  1.9954027220e+00 -1.5080100182e+00  1.5512244181e+00 -5.1901401675e-02  1.8107574315e-01  2.2442687313e+00 -5.4898542654e-02 -8.1016514146e-01 -1.0376077498e+00 -1.6154573770e+00 -1.7855283448e+00 -9.8493083780e-01 -1.3533275134e-01 -3.9215881193e-01 -2.0775412831e+00 -2.3395067451e-01  1.9873794789e+00  7.4331349449e-01 -1.6506465109e-01  2.0349562258e+00 -1.0159363725e+00 -1.9891622333e+00
ENERGY -2.877797550982e+02

JOB 23
COORDS -9.8866880644e-02  5.7574225465e-01  1.3807730891e+00 -4.3858504720e-01  1.3842430252e+00  1.3680498245e-01  1.1529067351e-01 -2.1589403188e-02  1.3698285860e-02 -7.8994676312e-01 -1.1263891510e+00 -4.8493684887e-01  1.5053085571e+00 -2.0907325892e-01 -3.6758839171e-01  1.6118673489e+00  1.3631399842e-02 -1.8067343526e+00  7.7310713282e-01  8.7139817132e-01  1.9595869059e+00 -9.1129796074e-01  1.7646166123e-01  1.9810298951e+00 -1.4857008959e+00  1.5497647841e+00 -1.0085585051e-01  2.1730812638e-01  2.2099983859e+00 -1.2529114026e-01 -8.1261352034e-01 -1.1313778408e+00 -1.5787339045e+00 -1.8129848947e+00 -9.8322293067e-01 -1.2506989936e-01 -4.3401439687e-01 -2.1021104351e+00 -1.3629377815e-01  2.0434732097e+00  5.7441154492e-01  5.9746412232e-03  2.0110462492e+00 -8.1542439759e-01 -2.1156925079e+00
ENERGY -2.877815832760e+02

