JOB 0
COORDS  1.0441051612e+00  1.3498022897e+00 -1.4364559312e-01  1.5109438361e+00  2.4975562482e+00 -7.7678096359e-01  1.9630828360e+00  4.3840319992e-01  3.6827456155e-01  2.8819871192e+00  2.7351613880e+00 -9.1881324885e-01  3.3494049204e+00  6.4776308273e-01  2.8711413412e-01  3.8112285194e+00  1.7951343297e+00 -4.0566858341e-01  6.2774740347e+00  1.2225729167e+00 -3.4086854788e-01  5.5295173379e+00  3.3658606436e+00  3.0876564196e-01  7.5599319731e+00  1.7808874133e+00 -9.5227311331e-01  6.7700081527e+00  4.0628281897e+00 -2.3217749085e-01  3.3083868866e+00  3.9414165592e+00 -1.7331018010e+00  4.2160175150e+00 -3.6403027457e-01  1.0197117852e+00  5.2062232520e+00  2.1940463679e+00 -5.1717746676e-01  7.9249879413e+00  3.0755378381e+00 -2.4599461474e-01 -2.1955625982e-02  1.1660003591e+00 -4.8023921995e-02  8.0672904403e-01  3.2139607485e+00 -1.1920853348e+00  1.6017860740e+00 -4.4908228708e-01  8.8040493716e-01  6.0453459743e+00  3.0576851453e-01 -8.8372804833e-01  6.4677554174e+00  9.5214511064e-01  7.0892551706e-01  4.7156944141e+00  4.0861514901e+00  2.9522246252e-01  5.6838149561e+00  3.0874639420e+00  1.3677781115e+00  7.4177896719e+00  2.0288860381e+00 -2.0050875789e+00  8.4052932872e+00  1.0988767382e+00 -8.3708198209e-01  7.0741788854e+00  4.9132668745e+00  3.8179853186e-01  6.6205678839e+00  4.3819271703e+00 -1.2646812090e+00  4.2727743374e+00  3.7767283084e+00 -2.2205228500e+00  2.5700704810e+00  4.1455153622e+00 -2.5121924538e+00  3.3809451839e+00  4.8562815481e+00 -1.1309390774e+00  4.8546208207e+00  1.0482432212e-01  1.7742044449e+00  3.5745849951e+00 -1.0672323644e+00  1.5534367556e+00  4.8497983124e+00 -9.6280050654e-01  3.5957221586e-01  8.1847674531e+00  2.8592235349e+00  7.2405974187e-01  8.7519291206e+00  3.4989033616e+00 -6.8171717225e-01
ENERGY -5.780879139535e+02

JOB 1
COORDS  1.0265266827e+00  1.2489004090e+00 -2.3463804317e-01  1.4829520392e+00  2.3845426495e+00 -9.0070478882e-01  1.9428316210e+00  4.0679174087e-01  3.9166628452e-01  2.8500018018e+00  2.6741348940e+00 -9.7245133359e-01  3.3201413465e+00  6.7399791610e-01  3.7469913803e-01  3.7725512693e+00  1.7959425897e+00 -3.5645819319e-01  6.2254401771e+00  1.2174466289e+00 -4.5955990590e-01  5.5205833872e+00  3.3017551902e+00  4.6546041701e-01  7.4615722862e+00  1.8449181522e+00 -1.0994275165e+00  6.7262586120e+00  4.0471445096e+00 -9.3576755751e-02  3.3037753612e+00  3.8809790501e+00 -1.7645191579e+00  4.2161019505e+00 -2.2957845814e-01  1.2002641073e+00  5.1602984067e+00  2.2054936087e+00 -4.3059686237e-01  7.8692059480e+00  3.0620496825e+00 -2.8330369307e-01 -3.5670973228e-02  1.0256099044e+00 -1.9516621758e-01  7.7432743345e-01  3.0486841267e+00 -1.3885766545e+00  1.5848563667e+00 -4.6224967662e-01  9.3720205638e-01  5.9284069919e+00  3.6949262695e-01 -1.0798409745e+00  6.5009219113e+00  8.2341811849e-01  5.3187173893e-01  4.6967827794e+00  4.0096482137e+00  5.4752431398e-01  5.7385739916e+00  2.9486644162e+00  1.4909710160e+00  7.2481189002e+00  2.2023212707e+00 -2.1076924736e+00  8.3164305267e+00  1.1649163661e+00 -1.1131421387e+00  7.0835983985e+00  4.8351066437e+00  5.7304167831e-01  6.5059517037e+00  4.4603220806e+00 -1.0788467299e+00  4.2223510624e+00  3.6685434200e+00 -2.3189444718e+00  2.5340692906e+00  4.1810477757e+00 -2.4788909509e+00  3.4945454338e+00  4.7540153216e+00 -1.1268324877e+00  4.8582228030e+00  3.3972426038e-01  1.8801451087e+00  3.6043273579e+00 -8.8581750455e-01  1.8221208434e+00  4.8554939578e+00 -8.7798740695e-01  5.9287109143e-01  8.1868101882e+00  2.7449748365e+00  6.4103846807e-01  8.6705626845e+00  3.5300137057e+00 -7.2096608723e-01
ENERGY -5.780936863087e+02

JOB 2
COORDS  1.0673972930e+00  1.2187569775e+00 -2.7948972241e-01  1.5281757565e+00  2.3163840585e+00 -1.0069689598e+00  1.9687381846e+00  4.3825998340e-01  4.4296182875e-01  2.8913674785e+00  2.6308703178e+00 -1.0406854752e+00  3.3397710482e+00  7.3285411148e-01  4.5490844880e-01  3.7949961407e+00  1.8189971315e+00 -3.2097767084e-01  6.2173107504e+00  1.2237927866e+00 -6.0329716838e-01  5.6027290685e+00  3.2346115664e+00  5.7245585268e-01  7.4218186790e+00  1.9003789138e+00 -1.2530288433e+00  6.7890361322e+00  4.0064831784e+00  4.1367687614e-03  3.3729540683e+00  3.8077561485e+00 -1.8580488168e+00  4.2533641385e+00 -1.0605047863e-01  1.3239187983e+00  5.1841074812e+00  2.2156931290e+00 -3.7660554126e-01  7.8963894903e+00  3.0218864181e+00 -3.4055329056e-01  8.2508940300e-03  9.7787709336e-01 -2.6767191997e-01  8.2582006973e-01  2.9296769610e+00 -1.5652172193e+00  1.6041539938e+00 -4.0124718610e-01  1.0291755745e+00  5.8485177063e+00  4.5806845168e-01 -1.2892844568e+00  6.5538627734e+00  7.0861353005e-01  3.1304195475e-01  4.7888033679e+00  3.9414833096e+00  7.4053450485e-01  5.8706131992e+00  2.8149795786e+00  1.5609417373e+00  7.1533545596e+00  2.3651176230e+00 -2.2026761845e+00  8.2639723537e+00  1.2183116379e+00 -1.3909065106e+00  7.2045131316e+00  4.7276359699e+00  7.1156482544e-01  6.5194482785e+00  4.5056884800e+00 -9.2759488645e-01  4.2296727372e+00  3.5344144757e+00 -2.4814552960e+00  2.5782383788e+00  4.1771420774e+00 -2.5096594836e+00  3.6839183410e+00  4.6496376673e+00 -1.2263037060e+00  4.9459707723e+00  5.0887750213e-01  1.9075081532e+00  3.6650034625e+00 -6.8832670674e-01  2.0360306025e+00  4.8458660177e+00 -8.2075293864e-01  7.4200962866e-01  8.2517077405e+00  2.6075431915e+00  5.3030245333e-01  8.6859186398e+00  3.5165337101e+00 -7.7006985882e-01
ENERGY -5.780967287685e+02

JOB 3
COORDS  1.1294079984e+00  1.2543672171e+00 -2.9722046104e-01  1.6127451276e+00  2.3045408979e+00 -1.0797987726e+00  2.0010370131e+00  5.3434053054e-01  5.1934721503e-01  2.9715099859e+00  2.6398414485e+00 -1.0639346537e+00  3.3669057421e+00  8.4663307511e-01  5.6995859663e-01  3.8409038090e+00  1.9000017374e+00 -2.3637789317e-01  6.2306633044e+00  1.3168248285e+00 -6.6536003478e-01  5.6982698761e+00  3.1972529306e+00  7.6896821241e-01  7.4268664952e+00  2.0472901811e+00 -1.2697376984e+00  6.8805996015e+00  4.0047045979e+00  2.4041424526e-01  3.4873698861e+00  3.7745253596e+00 -1.9186107673e+00  4.2746733427e+00  4.2300346573e-02  1.4753036452e+00  5.2337373554e+00  2.2838478517e+00 -2.5586171123e-01  7.9536428132e+00  3.0419409803e+00 -2.4582396568e-01  7.3303685754e-02  1.0007984360e+00 -3.2018596352e-01  9.3092483460e-01  2.8653065169e+00 -1.7135712672e+00  1.6187115266e+00 -2.7594149925e-01  1.1348152423e+00  5.8107881809e+00  6.5950939862e-01 -1.4299842103e+00  6.5878255784e+00  6.7063382015e-01  1.5785189510e-01  4.8992298087e+00  3.8958942008e+00  1.0256168207e+00  5.9940429581e+00  2.6892192756e+00  1.7070264458e+00  7.1365157756e+00  2.6303866710e+00 -2.1447816894e+00  8.2496378797e+00  1.3739154876e+00 -1.5207413247e+00  7.3354806495e+00  4.6386902238e+00  1.0048646125e+00  6.5924732149e+00  4.6046894768e+00 -6.2389789432e-01  4.3069857711e+00  3.4472582165e+00 -2.5664479984e+00  2.6932018422e+00  4.1745195863e+00 -2.5526918516e+00  3.8665908804e+00  4.6034148159e+00 -1.3089497032e+00  5.0040776792e+00  6.6754978066e-01  1.9984208668e+00  3.6909243457e+00 -4.7948419519e-01  2.2367703314e+00  4.8289133177e+00 -7.2241258784e-01  9.1858379761e-01  8.3203396964e+00  2.5208973025e+00  5.6084011656e-01  8.7440371780e+00  3.5656101285e+00 -6.3752532936e-01
ENERGY -5.780975299324e+02

JOB 4
COORDS  9.7113281977e-01  1.2037298582e+00 -2.8656441954e-01  1.4732685619e+00  2.1679844326e+00 -1.1618207164e+00  1.8263435188e+00  5.6052645735e-01  6.0804070761e-01  2.8334476410e+00  2.4988624428e+00 -1.1540283598e+00  3.1945148725e+00  8.6450422562e-01  6.4604757488e-01  3.6866129960e+00  1.8345289377e+00 -2.4974081368e-01  6.0243870695e+00  1.3183425246e+00 -9.0585639247e-01  5.6261435567e+00  2.9064716249e+00  8.7704348710e-01  7.2261255227e+00  2.1083776946e+00 -1.4163575002e+00  6.8081000905e+00  3.7704326236e+00  4.4614248542e-01  3.3694683568e+00  3.5441377418e+00 -2.1052667623e+00  4.0720954903e+00  1.6786958484e-01  1.6641183550e+00  5.0803083076e+00  2.2246264500e+00 -2.8055190807e-01  7.8276746282e+00  2.8847834027e+00 -2.5448887208e-01 -8.5944797970e-02  9.5356354369e-01 -3.0140594056e-01  8.0452108387e-01  2.6699903199e+00 -1.8558636166e+00  1.4302807453e+00 -1.8841463605e-01  1.2889746500e+00  5.5504893134e+00  8.3108632491e-01 -1.7607806690e+00  6.3812697316e+00  5.1554411367e-01 -2.3359855391e-01  4.8652783915e+00  3.5618292631e+00  1.3068512034e+00  5.9559984240e+00  2.2209812286e+00  1.6797658659e+00  6.9250728555e+00  2.8494842929e+00 -2.1580820135e+00  8.0128281674e+00  1.4675401710e+00 -1.8208714296e+00  7.3150125565e+00  4.2440688920e+00  1.2899124366e+00  6.5034754613e+00  4.5238171440e+00 -2.8162106829e-01  4.1134010843e+00  3.1235866368e+00 -2.7911684086e+00  2.5640819677e+00  3.9666506021e+00 -2.7099582650e+00  3.8538754453e+00  4.3663653809e+00 -1.5680442057e+00  4.2813960100e+00  8.1617055504e-01  2.5230183770e+00  3.5742231385e+00 -7.2300548328e-01  2.0530451262e+00  5.0310940332e+00 -1.5447609905e-01  1.2499887043e+00  8.2070624880e+00  2.2160075343e+00  4.2768342961e-01  8.6200452794e+00  3.4490513811e+00 -5.8035327221e-01
ENERGY -5.780972250508e+02

JOB 5
COORDS  1.1803492797e+00  1.2882592447e+00 -3.1691332527e-01  1.7109829344e+00  2.1772885163e+00 -1.2532572626e+00  2.0091736472e+00  7.1367404114e-01  6.4634420517e-01  3.0691956069e+00  2.5143036116e+00 -1.2287640096e+00  3.3776425519e+00  1.0145176145e+00  6.9393061932e-01  3.8926849156e+00  1.9319430379e+00 -2.4297647898e-01  6.1942283421e+00  1.5017421694e+00 -1.0557937386e+00  5.8987229973e+00  2.8767990235e+00  9.1938969217e-01  7.3480309814e+00  2.3680807561e+00 -1.5534378616e+00  7.0274013821e+00  3.8155324499e+00  4.9970862322e-01  3.6305663083e+00  3.4871421335e+00 -2.2398957208e+00  4.2464788286e+00  3.4397136259e-01  1.7358778064e+00  5.2871493175e+00  2.3041388238e+00 -2.6040486692e-01  8.0119064253e+00  3.0330330810e+00 -3.5684138628e-01  1.2340189245e-01  1.0385630354e+00 -3.4238946140e-01  1.0638499854e+00  2.6210032266e+00 -2.0051808199e+00  1.5953451671e+00  9.8798390712e-03  1.3639173775e+00  5.6674053666e+00  1.1060840948e+00 -1.9262482233e+00  6.6009207035e+00  6.3154528820e-01 -5.0486681513e-01  5.1575705987e+00  3.4600938595e+00  1.4701266040e+00  6.3061116660e+00  2.1242913392e+00  1.6195500079e+00  6.9863568419e+00  3.1753093064e+00 -2.1918200453e+00  8.1172990626e+00  1.7920686844e+00 -2.0727739851e+00  7.5841469424e+00  4.2132737841e+00  1.3513724432e+00  6.6565838224e+00  4.6310994572e+00 -1.2262273722e-01  4.3225318969e+00  2.9986290850e+00 -2.9370173792e+00  2.8310543154e+00  3.9298507510e+00 -2.8377946678e+00  4.1799615019e+00  4.2982160506e+00 -1.7513262196e+00  4.4505337151e+00  1.0049372844e+00  2.5862669655e+00  3.7491997638e+00 -5.4281279527e-01  2.1346990537e+00  5.2083445012e+00  2.0142172722e-02  1.3265508728e+00  8.4476268132e+00  2.3059919918e+00  2.2484764563e-01  8.7710982899e+00  3.6468326125e+00 -6.7189410331e-01
ENERGY -5.780975032192e+02

JOB 6
COORDS  1.1457587752e+00  1.3329755710e+00 -3.3856160513e-01  1.7383474765e+00  2.1439185802e+00 -1.3073602189e+00  1.9230356572e+00  7.9412696393e-01  6.8634978535e-01  3.1043439012e+00  2.4452319306e+00 -1.2538011192e+00  3.2989676275e+00  1.0495070921e+00  7.5974372757e-01  3.8755843318e+00  1.9031397847e+00 -2.0320429241e-01  6.1721345321e+00  1.5466664094e+00 -1.1108682696e+00  5.9286863657e+00  2.7247303950e+00  9.9853046715e-01  7.2449862504e+00  2.5186340751e+00 -1.5958463561e+00  6.9807970997e+00  3.7585153729e+00  5.9717820233e-01  3.7131709715e+00  3.3629393525e+00 -2.2888368286e+00  4.1224153852e+00  3.7978086382e-01  1.8379301078e+00  5.2808833354e+00  2.2039311971e+00 -1.8127724200e-01  7.9474403377e+00  3.1105398467e+00 -3.8291532861e-01  8.2599387269e-02  1.1154936964e+00 -3.8696278814e-01  1.1320285263e+00  2.5616104826e+00 -2.1068322590e+00  1.4643451577e+00  1.4353507446e-01  1.4264847614e+00  5.6130020439e+00  1.1930458444e+00 -1.9777592908e+00  6.6626958986e+00  6.5785343379e-01 -6.6759105648e-01  5.1936561241e+00  3.2225435478e+00  1.6339114699e+00  6.4154570559e+00  1.9453452816e+00  1.6135772905e+00  6.8047853138e+00  3.3571945148e+00 -2.1366257932e+00  8.0091229215e+00  2.0344288360e+00 -2.2083544306e+00  7.5704365800e+00  4.1106143418e+00  1.4470353901e+00  6.5309027161e+00  4.6040585970e+00  7.4960544893e-02  4.3244987215e+00  2.8194325043e+00 -3.0204449130e+00  2.9347369112e+00  3.8816128562e+00 -2.8523255988e+00  4.3528144226e+00  4.1184224680e+00 -1.8203944715e+00  4.3519311306e+00  1.0562166835e+00  2.6694151466e+00  3.5802025605e+00 -4.6912502740e-01  2.2596653898e+00  5.0710766789e+00 -3.2063376386e-04  1.4453896861e+00  8.4549091436e+00  2.3601661542e+00  1.0348474176e-01  8.6536894775e+00  3.7912017391e+00 -6.8326144894e-01
ENERGY -5.780964487323e+02

JOB 7
COORDS  1.1515417190e+00  1.4073234663e+00 -3.5827949414e-01  1.8031773894e+00  2.1499977045e+00 -1.3423915545e+00  1.8820542213e+00  8.7697183121e-01  7.0469636983e-01  3.1810058250e+00  2.3925898950e+00 -1.2723783403e+00  3.2667581136e+00  1.0661781322e+00  7.9370161658e-01  3.9076420883e+00  1.8564080182e+00 -1.8639179266e-01  6.2161101744e+00  1.5430948019e+00 -1.1469515459e+00  5.9784337332e+00  2.6004579055e+00  1.0349243811e+00  7.1897534373e+00  2.6207205295e+00 -1.6255725790e+00  6.9207734389e+00  3.7362654186e+00  6.2909282700e-01  3.8240898381e+00  3.2795081146e+00 -2.3144013797e+00  4.0403997333e+00  3.8481164044e-01  1.9004159244e+00  5.3289855068e+00  2.0354372890e+00 -1.2155232814e-01  7.8951305142e+00  3.2074551127e+00 -4.1228773834e-01  8.0675944526e-02  1.2376548482e+00 -4.2313088631e-01  1.2334422378e+00  2.5667163335e+00 -2.1688830072e+00  1.3796847945e+00  2.7707381677e-01  1.4591352917e+00  5.6432328479e+00  1.1867567743e+00 -2.0025005109e+00  6.8051696129e+00  6.7761188953e-01 -7.8644494069e-01  5.2322966176e+00  3.0152384495e+00  1.7138675800e+00  6.5552969812e+00  1.8506290115e+00  1.6068709907e+00  6.6744577776e+00  3.4491129773e+00 -2.1110763131e+00  7.9619333638e+00  2.2208404463e+00 -2.2871252102e+00  7.5144096729e+00  4.1092599339e+00  1.4673878208e+00  6.3792964721e+00  4.5580189996e+00  1.5799068241e-01  4.4111130239e+00  2.7188329002e+00 -3.0522227400e+00  3.0628531746e+00  3.8279213616e+00 -2.8729774168e+00  4.4863122807e+00  4.0178695638e+00 -1.8488273060e+00  4.2864467419e+00  1.0655099719e+00  2.7239279719e+00  3.4547641507e+00 -4.3112338311e-01  2.3290045804e+00  4.9787857708e+00 -3.9192737527e-02  1.5287899407e+00  8.4749367653e+00  2.4765561311e+00  2.0520238089e-02  8.5373111160e+00  3.9516632822e+00 -7.0530814631e-01
ENERGY -5.780940029075e+02

JOB 8
COORDS  1.1415648659e+00  1.5392270722e+00 -3.2130735353e-01  1.8340204884e+00  2.2112507604e+00 -1.3261653566e+00  1.8476414833e+00  9.9095984101e-01  7.4818919608e-01  3.2264497276e+00  2.3695112597e+00 -1.2764952437e+00  3.2418575106e+00  1.0898291997e+00  8.1891192054e-01  3.9305544032e+00  1.8181223910e+00 -1.8185782348e-01  6.2478521073e+00  1.5218386371e+00 -1.1897835092e+00  6.0148596783e+00  2.4716358943e+00  1.0352796019e+00  7.1199169788e+00  2.6907689499e+00 -1.6608612481e+00  6.8241521414e+00  3.7062499262e+00  6.2800538371e-01  3.8790101087e+00  3.2206871201e+00 -2.3440713828e+00  3.9735184650e+00  3.6911541356e-01  1.9293864770e+00  5.3645344730e+00  1.8475089033e+00 -9.5572235387e-02  7.8128665618e+00  3.2969831971e+00 -4.5147424216e-01  6.1713646481e-02  1.4368488400e+00 -3.7617185408e-01  1.2854881394e+00  2.6429575402e+00 -2.1591332928e+00  1.3170397433e+00  4.4003766428e-01  1.5204231304e+00  5.6783670555e+00  1.1421365149e+00 -2.0369828198e+00  6.9261315116e+00  7.0253551703e-01 -8.8800367320e-01  5.2700936978e+00  2.7925978909e+00  1.7629001825e+00  6.6871278728e+00  1.7652956460e+00  1.5531457875e+00  6.5397390706e+00  3.4939821617e+00 -2.1110913418e+00  7.8998433982e+00  2.3641028357e+00 -2.3529596284e+00  7.4022419692e+00  4.1195550766e+00  1.4582993663e+00  6.1902440664e+00  4.4807296781e+00  1.9294214397e-01  4.4968435528e+00  2.6503511195e+00 -3.0467394216e+00  3.1169362339e+00  3.7249180335e+00 -2.9412392185e+00  4.5025188619e+00  4.0045432094e+00 -1.8987085818e+00  4.2302028563e+00  1.0298140639e+00  2.7663037632e+00  3.3506794172e+00 -4.2872591930e-01  2.3392541874e+00  4.9021965772e+00 -8.1335140578e-02  1.5660198065e+00  8.4651769066e+00  2.6068351471e+00 -5.6606663054e-02  8.3800235461e+00  4.1018658995e+00 -7.3864247936e-01
ENERGY -5.780907418413e+02

JOB 9
COORDS  1.1834036958e+00  1.6553633933e+00 -2.2783380850e-01  1.8847058701e+00  2.2374184041e+00 -1.2790871431e+00  1.8929575473e+00  1.1064758235e+00  8.3774032087e-01  3.2866662259e+00  2.3162905688e+00 -1.2841243386e+00  3.2913276580e+00  1.1215416681e+00  8.5908270455e-01  3.9972972441e+00  1.7811097313e+00 -1.8269482308e-01  6.3062609416e+00  1.4985373505e+00 -1.2547808961e+00  6.1065714072e+00  2.3199648419e+00  1.0055675027e+00  7.0862792579e+00  2.7410313921e+00 -1.7065312417e+00  6.7836146058e+00  3.6380011211e+00  6.2056877699e-01  3.9115439236e+00  3.1050254286e+00 -2.4179147764e+00  3.9981109916e+00  3.6269306492e-01  1.9618468368e+00  5.4353620645e+00  1.6774957909e+00 -1.1245964017e-01  7.7702512807e+00  3.3576166341e+00 -4.9938197800e-01  9.8291433653e-02  1.6163765480e+00 -2.4722712668e-01  1.3362498603e+00  2.6617040239e+00 -2.1156427473e+00  1.3594071683e+00  6.1121314086e-01  1.6448362699e+00  5.7460889165e+00  1.1050034356e+00 -2.1012999123e+00  7.0498198582e+00  7.2308407668e-01 -1.0023736537e+00  5.3926306448e+00  2.5414023214e+00  1.7962377912e+00  6.8637344698e+00  1.6451894322e+00  1.4377712064e+00  6.4496865769e+00  3.5193025081e+00 -2.1203996853e+00  7.8657315557e+00  2.4828066665e+00 -2.4275040442e+00  7.3454565713e+00  4.0760586995e+00  1.4491927292e+00  6.0662913904e+00  4.3639505601e+00  2.3321565186e-01  4.5602116453e+00  2.5179042391e+00 -3.0750323416e+00  3.1282945518e+00  3.5206112586e+00 -3.0541211156e+00  4.4843550500e+00  3.9598320585e+00 -2.0391399472e+00  4.2727786714e+00  9.9934815707e-01  2.8118524271e+00  3.3448504350e+00 -4.1784065940e-01  2.3575379638e+00  4.9106960417e+00 -1.1522845409e-01  1.5945238258e+00  8.4899357642e+00  2.7116054984e+00 -1.5020325237e-01  8.2585395241e+00  4.2171862241e+00 -7.7272581512e-01
ENERGY -5.780864723293e+02

JOB 10
COORDS  1.1956179261e+00  1.8262002123e+00 -1.6299034341e-01  1.9028184895e+00  2.2924710854e+00 -1.2644549487e+00  1.9023741394e+00  1.2697112871e+00  8.9898327481e-01  3.3076702008e+00  2.2711732426e+00 -1.3233709570e+00  3.2971988950e+00  1.1833807084e+00  8.7392836903e-01  4.0223273420e+00  1.7680638038e+00 -2.0498647129e-01  6.3431870544e+00  1.5174946637e+00 -1.2876301694e+00  6.1311914298e+00  2.1740261917e+00  9.9751933650e-01  7.0150670710e+00  2.8400859310e+00 -1.6844430622e+00  6.6861301674e+00  3.5663575595e+00  6.8904003762e-01  3.9021326339e+00  2.9475658919e+00 -2.5475597693e+00  3.9594771446e+00  3.6951079889e-01  1.9683708086e+00  5.4551082592e+00  1.5507764495e+00 -1.3990076475e-01  7.6713294329e+00  3.4472507815e+00 -4.5926267764e-01  1.1059424817e-01  1.8667847018e+00 -1.4776765075e-01  1.3566717137e+00  2.7007578842e+00 -2.1101335945e+00  1.3653120399e+00  8.3719883500e-01  1.7392061565e+00  5.8325101275e+00  1.1040167212e+00 -2.1545943494e+00  7.1481835140e+00  8.0251655001e-01 -1.0535403856e+00  5.4493208967e+00  2.2836142200e+00  1.8359798252e+00  6.9525874669e+00  1.5253902629e+00  1.3388577514e+00  6.3127949837e+00  3.5856724219e+00 -2.0481395529e+00  7.7964366995e+00  2.6795810377e+00 -2.4312983189e+00  7.2216086777e+00  3.9985628349e+00  1.5377719407e+00  5.8999623727e+00  4.2494236997e+00  3.6080744247e-01  4.6111429304e+00  2.3416608747e+00 -3.1151551822e+00  3.1020085311e+00  3.2035866579e+00 -3.2437378994e+00  4.3853876877e+00  3.8970262961e+00 -2.2864574785e+00  4.2246062199e+00  9.6540521731e-01  2.8506317343e+00  3.2711591164e+00 -4.0367611479e-01  2.3166719785e+00  4.8648773863e+00 -1.2682335121e-01  1.6101219697e+00  8.4549663318e+00  2.8524220255e+00 -1.6175350281e-01  8.0717489224e+00  4.3630149695e+00 -6.8998715899e-01
ENERGY -5.780813622538e+02

JOB 11
COORDS  1.2227130640e+00  1.0950103790e+00 -5.2515006120e-01  1.9238830551e+00  1.4027179312e+00 -1.6849776158e+00  1.8562291246e+00  1.2580316317e+00  7.0283031636e-01  3.2641232661e+00  1.8255734866e+00 -1.6678856576e+00  3.1770798804e+00  1.7095210030e+00  7.7953185428e-01  3.9256270807e+00  1.9062017946e+00 -4.1597414554e-01  6.0322761597e+00  3.0096395482e+00 -1.3099922564e+00  6.1421043286e+00  1.5099940001e+00  4.9099268297e-01  7.1684412167e+00  3.8634595801e+00 -7.5327218662e-01  7.2901175681e+00  2.2439060215e+00  1.1668801851e+00  3.8890607767e+00  2.0349930447e+00 -3.0413145086e+00  3.6986478564e+00  2.0689350743e+00  2.1581791599e+00  5.2556217542e+00  2.4673942902e+00 -1.9958835573e-01  8.0734912383e+00  3.0034328499e+00  1.1069346361e-01  1.9087374901e-01  7.6065355782e-01 -5.7757720327e-01  1.4274319410e+00  1.3047676739e+00 -2.6462340150e+00  1.3048244970e+00  1.0880471319e+00  1.6240106754e+00  5.4190417948e+00  3.6775301243e+00 -1.9118236886e+00  6.4488212557e+00  2.2395445429e+00 -1.9783318235e+00  5.6053984130e+00  9.6098026922e-01  1.2581797801e+00  6.5406281413e+00  7.5340322148e-01 -2.0948065164e-01  6.7825002539e+00  4.6554364759e+00 -1.0982723226e-01  7.7864237512e+00  4.2915312300e+00 -1.5455783047e+00  7.9852242150e+00  1.5651899720e+00  1.6655840436e+00  6.9199120230e+00  2.9859997364e+00  1.8757740944e+00  4.8515585145e+00  1.5333659107e+00 -3.1573593720e+00  3.2296375070e+00  1.6129527132e+00 -3.8014222995e+00  4.0170414120e+00  3.0913920297e+00 -3.3002911315e+00  4.4067542759e+00  2.9011922514e+00  2.1160059481e+00  2.8662309418e+00  2.3781189250e+00  2.7941905820e+00  4.1821760609e+00  1.2294192633e+00  2.6735955937e+00  8.5568886302e+00  2.3257311907e+00 -4.9106372501e-01  8.8028480864e+00  3.5781637359e+00  5.4746625266e-01
ENERGY -5.780824921991e+02

JOB 12
COORDS  1.1868709919e+00  1.2248388324e+00 -5.2766044085e-01  1.9273813610e+00  1.4186385239e+00 -1.6893678975e+00  1.8051927290e+00  1.4014840487e+00  7.0780133299e-01  3.2874945364e+00  1.7666085559e+00 -1.6577611693e+00  3.1475445741e+00  1.7840116544e+00  7.9309399414e-01  3.9110081475e+00  1.9186337442e+00 -3.9659960787e-01  5.9529149295e+00  3.1405402998e+00 -1.2609901821e+00  6.1728607061e+00  1.4474423115e+00  3.8411589941e-01  7.0798082144e+00  3.9682578773e+00 -6.4838701441e-01  7.3273613883e+00  2.1520251834e+00  1.0830286798e+00  4.0011015996e+00  1.8058021083e+00 -3.0003299347e+00  3.7105839246e+00  2.1052243117e+00  2.1613858626e+00  5.2547861357e+00  2.4356988508e+00 -1.9600573076e-01  8.0401816496e+00  3.0415169347e+00  7.8131136611e-02  1.3825708212e-01  9.4820643936e-01 -5.8546954799e-01  1.4500798366e+00  1.2789028148e+00 -2.6554396505e+00  1.2299948388e+00  1.2864984128e+00  1.6228275833e+00  5.2757535656e+00  3.8423400383e+00 -1.7489325712e+00  6.3713545540e+00  2.4821734742e+00 -2.0383347353e+00  5.6594261521e+00  8.3743670015e-01  1.1243296382e+00  6.5644846565e+00  7.5105242051e-01 -3.8041407727e-01  6.6950679388e+00  4.6655045697e+00  9.7213293295e-02  7.6567570567e+00  4.5059881266e+00 -1.4040469809e+00  8.0657757023e+00  1.4539379248e+00  1.4831519041e+00  6.9643900397e+00  2.8072762243e+00  1.8761881014e+00  4.9266855809e+00  1.2235075601e+00 -2.9936463206e+00  3.3600776363e+00  1.3607371759e+00 -3.7633655255e+00  4.2364571277e+00  2.8174504446e+00 -3.3453655044e+00  4.4074286223e+00  2.9474259775e+00  2.1160379369e+00  2.9036726637e+00  2.3726946892e+00  2.8469286792e+00  4.2349630276e+00  1.2555990358e+00  2.6171135624e+00  8.5094796227e+00  2.4453825080e+00 -6.1460970183e-01  8.7769875771e+00  3.5845359715e+00  5.4196141793e-01
ENERGY -5.780890741028e+02

JOB 13
COORDS  1.1490759014e+00  1.2880544955e+00 -5.6402650951e-01  1.9137299648e+00  1.4005412189e+00 -1.7225038685e+00  1.7454757899e+00  1.5082241087e+00  6.7686882947e-01  3.2789764926e+00  1.7223708227e+00 -1.6763109049e+00  3.0954411773e+00  1.8621770288e+00  7.7076526118e-01  3.8684601143e+00  1.9445573685e+00 -4.1273387177e-01  5.8695336935e+00  3.2502838639e+00 -1.2183175223e+00  6.1628713644e+00  1.3800467941e+00  2.4314962047e-01  6.9941275287e+00  4.0316915614e+00 -5.4302602193e-01  7.3198539829e+00  2.0403532183e+00  9.8305102300e-01  4.0481124647e+00  1.7005326212e+00 -2.9842056881e+00  3.6797322847e+00  2.1842068045e+00  2.1278205120e+00  5.2310113361e+00  2.4010547724e+00 -2.2843210155e-01  7.9850407069e+00  3.0452131370e+00  5.5603126099e-02  9.5797585503e-02  1.0307751026e+00 -6.2815532607e-01  1.4525378542e+00  1.2153211199e+00 -2.6889667734e+00  1.1507789312e+00  1.4383776382e+00  1.5838709171e+00  5.1500991298e+00  3.9756312050e+00 -1.6030110769e+00  6.2849643370e+00  2.7042823579e+00 -2.0809815024e+00  5.6615107981e+00  7.0539733913e-01  9.3670119015e-01  6.5532095623e+00  7.5468662438e-01 -5.8182533208e-01  6.6167685344e+00  4.6352980497e+00  2.8351869777e-01  7.5475259585e+00  4.6586019452e+00 -1.2459514896e+00  8.0865565020e+00  1.3272239439e+00  1.2936676051e+00  6.9607202486e+00  2.6044011965e+00  1.8449797114e+00  4.9813495180e+00  1.1348498928e+00 -2.9015346661e+00  3.4497762322e+00  1.2111440860e+00 -3.7551523247e+00  4.2890249039e+00  2.6997420491e+00 -3.3617513021e+00  4.3222153960e+00  3.0688750525e+00  2.0806646523e+00  2.8849500406e+00  2.3771142185e+00  2.8514153240e+00  4.2798730433e+00  1.3596158441e+00  2.5334288856e+00  8.4417625719e+00  2.5342147085e+00 -7.1004282712e-01  8.7282130014e+00  3.5478773684e+00  5.5332545620e-01
ENERGY -5.780939217709e+02

JOB 14
COORDS  1.1532043356e+00  1.3046847360e+00 -5.6348732027e-01  1.9376407948e+00  1.3264704326e+00 -1.7152900665e+00  1.7259135054e+00  1.6113026805e+00  6.7154168716e-01  3.3013862108e+00  1.6501068538e+00 -1.6615881683e+00  3.0768422070e+00  1.9627707908e+00  7.6572339301e-01  3.8608097570e+00  1.9752417090e+00 -4.0924458308e-01  5.8178322810e+00  3.3619508548e+00 -1.1505437860e+00  6.1858223092e+00  1.3497610668e+00  1.2160131408e-01  6.9486558549e+00  4.0934243641e+00 -4.3148782746e-01  7.3502623788e+00  1.9689945763e+00  8.8749706539e-01  4.1121196658e+00  1.5822230910e+00 -2.9392900895e+00  3.6672645256e+00  2.3346441066e+00  2.1064582312e+00  5.2368049005e+00  2.3880268263e+00 -2.4714908362e-01  7.9699516050e+00  3.0664677460e+00  3.5373321631e-02  1.0040710531e-01  1.0448504438e+00 -6.2713866023e-01  1.4937408989e+00  1.0704940010e+00 -2.6738365810e+00  1.1147465511e+00  1.5976383036e+00  1.5700720286e+00  5.0632228371e+00  4.0996965058e+00 -1.4318252919e+00  6.2158622231e+00  2.9274104051e+00 -2.0838284758e+00  5.7024204511e+00  6.2007084769e-01  7.7310300734e-01  6.5708391064e+00  7.9136312956e-01 -7.5308071972e-01  6.5882041518e+00  4.6018237387e+00  4.6377784515e-01  7.4730277716e+00  4.7983471106e+00 -1.0807630658e+00  8.1398287083e+00  1.2492908783e+00  1.1149084423e+00  7.0035258430e+00  2.4492160529e+00  1.8035752830e+00  5.0797045429e+00  1.0936474831e+00 -2.7877364775e+00  3.5760558538e+00  1.0033612201e+00 -3.6942822767e+00  4.2978775094e+00  2.5719183890e+00 -3.3714859825e+00  4.2236693169e+00  3.2753258789e+00  2.0473239427e+00  2.8822059499e+00  2.4474998307e+00  2.8570955969e+00  4.3588328714e+00  1.5690593898e+00  2.4803383035e+00  8.4044825190e+00  2.6367288334e+00 -7.9094183571e-01  8.7249852480e+00  3.5296706296e+00  5.5294455974e-01
ENERGY -5.780966627277e+02

JOB 15
COORDS  1.2112897897e+00  1.2759836087e+00 -5.3439304608e-01  2.0148634452e+00  1.2004302478e+00 -1.6717686964e+00  1.7604376087e+00  1.6834243749e+00  6.8263709391e-01  3.3765539233e+00  1.5296480386e+00 -1.6172807902e+00  3.1132870967e+00  2.0303170444e+00  7.7477725525e-01  3.9114487087e+00  1.9540230364e+00 -3.8505419411e-01  5.8359685493e+00  3.4116848500e+00 -1.0254571733e+00  6.2577694386e+00  1.2592170733e+00  6.0031291583e-03  6.9938721478e+00  4.0604549940e+00 -2.7152868520e-01  7.4445784321e+00  1.8078008794e+00  7.9334086060e-01  4.2122241558e+00  1.4244312734e+00 -2.8747611621e+00  3.6981576372e+00  2.4762020639e+00  2.0950929177e+00  5.3013306793e+00  2.3205980025e+00 -2.3778561567e-01  8.0304808735e+00  2.9897855337e+00  3.5523957215e-02  1.5909263045e-01  1.0125693110e+00 -5.9498259317e-01  1.5856538421e+00  8.7196688374e-01 -2.6148523670e+00  1.1327144934e+00  1.7388954236e+00  1.5680149369e+00  5.0619400216e+00  4.1672347582e+00 -1.1771239128e+00  6.1915179441e+00  3.1051285493e+00 -2.0266068877e+00  5.7888897378e+00  4.7433874058e-01  6.0303168547e-01  6.6258204545e+00  7.8020446497e-01 -9.2173309524e-01  6.6686339231e+00  4.4597828861e+00  6.9010009599e-01  7.4937858643e+00  4.8379654178e+00 -8.5374525386e-01  8.2443070173e+00  1.0745022221e+00  9.1960416240e-01  7.1287813162e+00  2.1918665599e+00  1.7643049575e+00  5.2001467260e+00  9.9456559631e-01 -2.6851277674e+00  3.7177868361e+00  7.8637397803e-01 -3.6104579606e+00  4.3589131952e+00  2.4023955116e+00 -3.3479659447e+00  4.1886129143e+00  3.4509883178e+00  2.0067752203e+00  2.9196651558e+00  2.5561618094e+00  2.8568722735e+00  4.4478435052e+00  1.7681920393e+00  2.4683129366e+00  8.4254070326e+00  2.6506755845e+00 -8.5089602088e-01  8.8100566442e+00  3.3953129696e+00  5.6486428699e-01
ENERGY -5.780975357871e+02

JOB 16
COORDS  1.0426193745e+00  1.2418994898e+00 -5.7952468124e-01  1.8799301516e+00  1.0469645015e+00 -1.6779041622e+00  1.5609411764e+00  1.7524541715e+00  6.1146373802e-01  3.2457584674e+00  1.3561712074e+00 -1.6096938495e+00  2.9194725194e+00  2.0729523654e+00  7.1862043516e-01  3.7542116593e+00  1.8653345604e+00 -3.9799423853e-01  5.5886936749e+00  3.4737598293e+00 -8.4695818571e-01  6.1434201066e+00  1.1864851053e+00 -2.8187425842e-01  6.7965294720e+00  4.0130493468e+00 -8.6076372592e-02  7.3739899282e+00  1.6223235791e+00  5.0814894153e-01  4.1180439052e+00  1.0896084693e+00 -2.8180779959e+00  3.4710434198e+00  2.6337994777e+00  2.0094024740e+00  5.1438532565e+00  2.2364871528e+00 -2.3507166156e-01  7.8756732608e+00  2.9408690908e+00 -6.1405194376e-02 -1.3585180236e-02  9.9844571413e-01 -6.5285608529e-01  1.4710847851e+00  6.5177324055e-01 -2.6042433323e+00  9.0632166095e-01  1.9056149265e+00  1.4652357735e+00  4.7909884200e+00  4.2175043866e+00 -7.8759828242e-01  5.8539766297e+00  3.3706656838e+00 -1.9159523027e+00  5.7444074083e+00  2.8213429610e-01  1.8304779486e-01  6.4525491028e+00  9.1488265282e-01 -1.3083449278e+00  6.5468905567e+00  4.2216066847e+00  9.5515938870e-01  7.2295366413e+00  4.8994322613e+00 -5.5517606299e-01  8.1955147670e+00  9.0556373101e-01  4.4063041155e-01  7.1258677035e+00  1.8135487494e+00  1.5531274780e+00  4.6974008267e+00  1.6677065840e-01 -2.6977444105e+00  3.5045049617e+00  9.6499389845e-01 -3.7128994665e+00  4.8234147167e+00  1.8995793905e+00 -3.0219810033e+00  3.8746812909e+00  3.6433030429e+00  1.8718302160e+00  2.6904735209e+00  2.6915797500e+00  2.7710997069e+00  4.2819831057e+00  2.0128530640e+00  2.4042287085e+00  8.2041229086e+00  2.7813718515e+00 -1.0222382888e+00  8.6872507641e+00  3.2698221290e+00  4.7295810136e-01
ENERGY -5.780972309647e+02

JOB 17
COORDS  1.1199324984e+00  1.2257756665e+00 -5.7119342107e-01  1.9616905020e+00  9.4769365077e-01 -1.6477352879e+00  1.6297530948e+00  1.8454944421e+00  5.7110533423e-01  3.3226843023e+00  1.2815045463e+00 -1.6055256582e+00  2.9859863376e+00  2.1800651885e+00  6.5738193689e-01  3.8252375494e+00  1.8895697813e+00 -4.3838599637e-01  5.6287349587e+00  3.5652019900e+00 -7.3182012038e-01  6.2423989415e+00  1.2354466023e+00 -4.5825902427e-01  6.8172793360e+00  4.0335690980e+00  1.0334398591e-01  7.4477021440e+00  1.5995022615e+00  4.0556888113e-01  4.1935077400e+00  9.9031512853e-01 -2.8084644070e+00  3.5305487039e+00  2.8355309217e+00  1.9054427163e+00  5.2173748045e+00  2.2443922666e+00 -3.0115272398e-01  7.9211345205e+00  2.9906478809e+00  1.0874925066e-02  6.6703448906e-02  9.6492532767e-01 -6.2405364705e-01  1.5581638162e+00  4.7768244204e-01 -2.5409061384e+00  9.7154850435e-01  2.0625591768e+00  1.4081918672e+00  4.8100000003e+00  4.2717205339e+00 -5.8262353769e-01  5.8963485316e+00  3.6074961240e+00 -1.8055272537e+00  5.8609438827e+00  2.6927049553e-01 -1.2088411491e-01  6.5819431387e+00  1.1045760033e+00 -1.5023075265e+00  6.5514867677e+00  4.1067722348e+00  1.1587819004e+00  7.2349710373e+00  4.9801377233e+00 -2.4712193154e-01  8.2899435246e+00  9.1840313122e-01  2.6328027830e-01  7.1795705067e+00  1.6523361292e+00  1.4616243243e+00  4.7908197924e+00  8.1331827929e-02 -2.6720028443e+00  3.5779328771e+00  8.3552215288e-01 -3.6972031444e+00  4.8816910238e+00  1.8120827327e+00 -3.0292684667e+00  3.8490603454e+00  3.8686898883e+00  1.7195457255e+00  2.7706930501e+00  2.8694739885e+00  2.6891115934e+00  4.3979273407e+00  2.2929147793e+00  2.2949623406e+00  8.2639322844e+00  2.9582634685e+00 -9.5776481915e-01  8.7188278266e+00  3.2701374868e+00  5.9221198004e-01
ENERGY -5.780974837205e+02

JOB 18
COORDS  1.1010908474e+00  1.1894200333e+00 -5.0275529222e-01  1.9187963974e+00  8.4049091522e-01 -1.5768488254e+00  1.6336673763e+00  1.8985856274e+00  5.7504134903e-01  3.2738972751e+00  1.1979209741e+00 -1.5993704858e+00  2.9878525657e+00  2.2509961124e+00  6.0343305580e-01  3.8002393608e+00  1.9022127139e+00 -4.9767663565e-01  5.6171185981e+00  3.6027169182e+00 -6.7272591697e-01  6.2277866124e+00  1.2518044806e+00 -6.3128059905e-01  6.7654136668e+00  3.9767939185e+00  2.6145919960e-01  7.3944549149e+00  1.5235494988e+00  3.1841436289e-01  4.1095765830e+00  8.6282545325e-01 -2.8155916938e+00  3.5543888728e+00  2.9669083879e+00  1.8076237374e+00  5.1960093540e+00  2.2407673074e+00 -4.3122552490e-01  7.8763322770e+00  2.9499113482e+00  9.8619639942e-02  5.0857120906e-02  9.1203808189e-01 -5.0602201956e-01  1.4990192934e+00  3.0081787651e-01 -2.4218399959e+00  9.9685843121e-01  2.1630738956e+00  1.4151233743e+00  4.7883603725e+00  4.2874270903e+00 -4.8907215599e-01  5.9357156595e+00  3.7664201533e+00 -1.7209970205e+00  5.8352379619e+00  2.5850142179e-01 -4.0571488641e-01  6.6146193499e+00  1.2217710757e+00 -1.6666412550e+00  6.4564620825e+00  3.9329695945e+00  1.3064532833e+00  7.1938110411e+00  4.9560395382e+00  3.5560682114e-02  8.2464030459e+00  8.6366164321e-01  1.3774327751e-01  7.0831917946e+00  1.4592712690e+00  1.3619656819e+00  4.7326864425e+00 -2.5998444621e-02 -2.6626361325e+00  3.4670800253e+00  6.5519127553e-01 -3.6739087900e+00  4.7702912197e+00  1.6901244992e+00 -3.0935960422e+00  3.7825195815e+00  4.0196324224e+00  1.5985418737e+00  2.8420211585e+00  2.9565988517e+00  2.6351763650e+00  4.4791760349e+00  2.4909478356e+00  2.1512834357e+00  8.2583243289e+00  3.0248899909e+00 -8.5303700309e-01  8.6487392311e+00  3.1632714244e+00  7.3905005165e-01
ENERGY -5.780964500121e+02

JOB 19
COORDS  1.1307197652e+00  1.1558992605e+00 -4.1940159459e-01  1.9159890594e+00  7.6411091596e-01 -1.5022934186e+00  1.6904688666e+00  1.9340511159e+00  5.9432761995e-01  3.2576010353e+00  1.1553550547e+00 -1.6019267663e+00  3.0366673854e+00  2.3166696607e+00  5.5178991623e-01  3.8119134493e+00  1.9421647360e+00 -5.6943209705e-01  5.6586121770e+00  3.6523088135e+00 -6.5943458883e-01  6.2341579325e+00  1.2867127719e+00 -7.6892320060e-01  6.7463076918e+00  3.9264572328e+00  3.7948300056e-01  7.3248910727e+00  1.4663100033e+00  2.8956634661e-01  4.0471240093e+00  7.8548519844e-01 -2.8387173941e+00  3.6258785761e+00  3.0630490813e+00  1.7265360136e+00  5.2041426860e+00  2.2834072376e+00 -6.1512259626e-01  7.8482065611e+00  2.8919899391e+00  2.0936683620e-01  8.8393708392e-02  8.5559438954e-01 -3.6355861363e-01  1.4791993578e+00  1.6586617813e-01 -2.2977728378e+00  1.0837144406e+00  2.2239059170e+00  1.4482246895e+00  4.8259746379e+00  4.3314631223e+00 -4.7783468633e-01  6.0582574537e+00  3.9128432865e+00 -1.6586799532e+00  5.8088101746e+00  2.9085569747e-01 -6.3943532571e-01  6.7050493216e+00  1.3104496931e+00 -1.7688093774e+00  6.3748727781e+00  3.8141793491e+00  1.3978054362e+00  7.2037021887e+00  4.9107673060e+00  2.5425484346e-01  8.1762216592e+00  7.9966510507e-01  1.3129040064e-01  6.9300931121e+00  1.3373469981e+00  1.2984520656e+00  4.6703225483e+00 -1.0446640782e-01 -2.6906979291e+00  3.3727153035e+00  5.6325991694e-01 -3.6684537509e+00  4.7033689137e+00  1.6025051729e+00 -3.1540363084e+00  3.8295476025e+00  4.1181728551e+00  1.5074246913e+00  2.9386939132e+00  3.0464283448e+00  2.5747991821e+00  4.5642177867e+00  2.6012917459e+00  2.0547193741e+00  8.2934753168e+00  3.0284576402e+00 -7.0760366943e-01  8.5803228885e+00  3.0397718035e+00  9.1242402141e-01
ENERGY -5.780940030920e+02

JOB 20
COORDS  1.1902684155e+00  1.0853817192e+00 -3.0555022893e-01  1.9399855314e+00  6.8689518713e-01 -1.4099409620e+00  1.7653292012e+00  1.9287252542e+00  6.4343276211e-01  3.2522270820e+00  1.1387542628e+00 -1.5944646850e+00  3.0894963635e+00  2.3724560409e+00  5.2194116764e-01  3.8255895898e+00  1.9978536841e+00 -6.2714032185e-01  5.6967943766e+00  3.7198304074e+00 -6.6984306536e-01  6.2270160457e+00  1.3567954195e+00 -8.9615590214e-01  6.7130688647e+00  3.8979877528e+00  4.6342974709e-01  7.2086521970e+00  1.4353750126e+00  2.7635481840e-01  3.9822060043e+00  7.6284497061e-01 -2.8660948375e+00  3.6755947486e+00  3.1613257509e+00  1.6717415549e+00  5.1998544456e+00  2.3717828269e+00 -8.1836558740e-01  7.7919797626e+00  2.8376981829e+00  3.2085020263e-01  1.6727484257e-01  7.4180487412e-01 -1.8315357209e-01  1.4955403342e+00  3.7394937329e-02 -2.1596785147e+00  1.1896965919e+00  2.2243375298e+00  1.5165706356e+00  4.8704469500e+00  4.4118606667e+00 -5.1219193479e-01  6.1866931179e+00  4.0418645752e+00 -1.6071170158e+00  5.7746927599e+00  3.6616702335e-01 -8.7741569447e-01  6.7975085398e+00  1.4321638013e+00 -1.8384012131e+00  6.2756747898e+00  3.7534553011e+00  1.4493614679e+00  7.2057593704e+00  4.8721425290e+00  4.1661534428e-01  8.0436049499e+00  7.3863356801e-01  1.6809014061e-01  6.7101248719e+00  1.2741895551e+00  1.2336260211e+00  4.6027968692e+00 -1.3391223030e-01 -2.7485989066e+00  3.2673670536e+00  5.4572816482e-01 -3.6628343916e+00  4.6314073801e+00  1.5738919366e+00 -3.2080748268e+00  3.9198180326e+00  4.1984820692e+00  1.4180841102e+00  2.9655700564e+00  3.2032358346e+00  2.4997206730e+00  4.5824358393e+00  2.6810294857e+00  2.0584698911e+00  8.3155923577e+00  3.0047613599e+00 -5.4846561441e-01  8.4680908262e+00  2.9190021179e+00  1.0878169240e+00
ENERGY -5.780905149865e+02

JOB 21
COORDS  1.2888142193e+00  9.6655730489e-01 -1.8845130803e-01  2.0198067541e+00  5.7458706627e-01 -1.3061524989e+00  1.8393184677e+00  1.9002418357e+00  6.8425884214e-01  3.2840312462e+00  1.1121380038e+00 -1.5697686725e+00  3.1231613106e+00  2.4352347041e+00  4.9074085812e-01  3.8454970248e+00  2.0541511701e+00 -6.6832127870e-01  5.7422790153e+00  3.7779137553e+00 -6.5796153411e-01  6.2187170548e+00  1.4479547138e+00 -1.0426360489e+00  6.6881472639e+00  3.8404822135e+00  5.4952296339e-01  7.0898442665e+00  1.3881033372e+00  2.1463232937e-01  3.9475430131e+00  7.4892975842e-01 -2.8835329887e+00  3.6468861864e+00  3.3189811784e+00  1.6050662741e+00  5.1914654786e+00  2.4764058712e+00 -9.7840609595e-01  7.7330346390e+00  2.7485442479e+00  4.1476766384e-01  2.9984859849e-01  5.5806875730e-01 -3.0495318475e-03  1.5940374220e+00 -1.3537194447e-01 -2.0106198038e+00  1.2759059678e+00  2.2043996724e+00  1.5621843565e+00  4.9436199713e+00  4.5044428656e+00 -5.1775680997e-01  6.3141757181e+00  4.1321286340e+00 -1.5325849351e+00  5.7664771778e+00  4.6710577713e-01 -1.1662719541e+00  6.8688212386e+00  1.6123630087e+00 -1.9174799527e+00  6.1882154179e+00  3.6607115179e+00  1.4978597021e+00  7.2159301352e+00  4.7964336905e+00  5.8958181055e-01  7.8948784406e+00  6.5439385310e-01  1.2718410719e-01  6.4976647621e+00  1.1849167193e+00  1.1089125258e+00  4.5539349210e+00 -1.6299807998e-01 -2.8179070663e+00  3.1864916464e+00  5.5918281291e-01 -3.6439299856e+00  4.5906033192e+00  1.5547416378e+00 -3.2459976290e+00  3.9518203155e+00  4.3194067720e+00  1.2874135190e+00  2.8696543003e+00  3.4608716336e+00  2.3577992133e+00  4.4895346471e+00  2.8473496979e+00  2.1257067136e+00  8.3347370525e+00  2.9508016677e+00 -3.9403981894e-01  8.3441991908e+00  2.7419884196e+00  1.2384625261e+00
ENERGY -5.780855482785e+02

JOB 22
COORDS  1.5344785269e+00  8.2327662709e-01 -3.3570420165e-03  2.2321765969e+00  4.7020846483e-01 -1.1543781935e+00  2.0170489630e+00  1.8707751689e+00  7.7055285474e-01  3.4095273575e+00  1.1278982241e+00 -1.5181018046e+00  3.2184934741e+00  2.5424556646e+00  4.7721972949e-01  3.9426794777e+00  2.1494167367e+00 -6.8030394630e-01  5.8680830124e+00  3.8568033563e+00 -6.0793763447e-01  6.2805952489e+00  1.5950594325e+00 -1.1978611136e+00  6.6977693778e+00  3.7564591120e+00  6.8062739528e-01  7.0366531037e+00  1.3466615489e+00  1.0865903123e-01  3.9749558267e+00  8.1085278445e-01 -2.8921153911e+00  3.5944602138e+00  3.6061350538e+00  1.4977933485e+00  5.2503480164e+00  2.6319936234e+00 -1.0880727547e+00  7.7110797327e+00  2.6391682292e+00  5.2955494289e-01  6.1272150229e-01  3.1678896333e-01  2.6667462731e-01  1.8402047020e+00 -3.0181722768e-01 -1.8118338342e+00  1.4583940255e+00  2.1785097938e+00  1.6503271555e+00  5.1270731000e+00  4.6446041760e+00 -4.9295273419e-01  6.5439822728e+00  4.2092793217e+00 -1.4027260646e+00  5.8493378834e+00  6.4526700145e-01 -1.4954470138e+00  6.9961604106e+00  1.8770512318e+00 -1.9846610951e+00  6.1031496309e+00  3.5033498314e+00  1.5542079996e+00  7.2490412560e+00  4.6806899766e+00  8.7001900359e-01  7.8165266213e+00  5.8937448950e-01 -1.0885386899e-03  6.3587848649e+00  1.0651315097e+00  9.1727710032e-01  4.5721534657e+00 -1.0938572913e-01 -2.9109344885e+00  3.1514084779e+00  6.5432160454e-01 -3.5932716554e+00  4.5893675422e+00  1.6258166567e+00 -3.2803279106e+00  3.9931362655e+00  4.5304399608e+00  1.0812045002e+00  2.7031563270e+00  3.8922391315e+00  2.0588968048e+00  4.3018641453e+00  3.2244158085e+00  2.2448647636e+00  8.4031519769e+00  2.8988809535e+00 -1.8436351991e-01  8.2296530843e+00  2.5100280820e+00  1.4051632485e+00
ENERGY -5.780795972526e+02

JOB 23
COORDS  1.0646691358e+00  1.4355254048e+00  6.4629428788e-02  1.5275579950e+00  2.5742607495e+00 -5.8407584338e-01  1.9835026363e+00  4.5920875977e-01  4.3407440333e-01  2.8901659552e+00  2.7594533049e+00 -8.3589767820e-01  3.3675934079e+00  6.0394810927e-01  2.3612623236e-01  3.8299015956e+00  1.7854162072e+00 -4.0477397758e-01  6.2989635667e+00  1.2657092310e+00 -1.4719936205e-01  5.5140597382e+00  3.4445300857e+00  1.5027343714e-01  7.6262526152e+00  1.7472539893e+00 -7.2670761234e-01  6.7788368077e+00  4.0865691009e+00 -3.9770195808e-01  3.2620609355e+00  3.9266484086e+00 -1.7376927097e+00  4.2053961558e+00 -5.6817223724e-01  7.3169899171e-01  5.2309121842e+00  2.1760058965e+00 -5.5276766109e-01  7.9423411543e+00  3.1328740302e+00 -1.9577361247e-01  4.9742287401e-03  1.2954039520e+00  2.5572200315e-01  8.2433554773e-01  3.3260752540e+00 -9.3378305830e-01  1.6250283202e+00 -4.4606235741e-01  9.1554334115e-01  6.1369453059e+00  2.7422310738e-01 -5.6380726081e-01  6.3913162562e+00  1.1620611534e+00  9.4554042870e-01  4.7102337709e+00  4.1606110153e+00  2.6144100648e-02  5.6144011038e+00  3.2806523915e+00  1.2389135121e+00  7.5681754587e+00  1.8342968459e+00 -1.8126756864e+00  8.4559367370e+00  1.0943920037e+00 -4.4698049045e-01  7.0266750388e+00  5.0193662756e+00  1.1324248906e-01  6.6977893490e+00  4.2595368689e+00 -1.4719477832e+00  4.2283336754e+00  3.7767415855e+00 -2.2251906428e+00  2.5121095846e+00  4.0241836322e+00 -2.5268606428e+00  3.2810756698e+00  4.8904347723e+00 -1.2132215511e+00  4.9511310915e+00 -2.9143705684e-01  1.4797534963e+00  3.5479977086e+00 -1.2952511044e+00  1.2105783691e+00  4.7106663680e+00 -1.1019062672e+00 -7.9538023019e-02  8.1405302544e+00  3.0641968455e+00  8.0963540699e-01  8.7926112485e+00  3.5011517986e+00 -6.3685451258e-01
ENERGY -5.780802929389e+02

