JOB 0
COORDS -8.0149383125e-01  5.3858435770e-01 -1.6242519029e+00  1.2031859730e+00 -6.4889999959e-01  1.6684792015e+00  2.0635210047e-01 -5.5321800018e-01  6.5690751289e-01  8.1459527800e-01  1.9964819160e-01 -8.6186876332e-01 -6.0896815041e-01  1.1063569200e+00 -2.5389866583e+00 -1.4180610757e+00  1.1337171902e+00 -9.4670546464e-01 -1.3195098127e+00 -3.8747121769e-01 -1.8873446238e+00  1.3044610432e+00  2.7670014129e-01  2.0810621945e+00  2.1152276916e+00 -9.2339568996e-01  1.2921286966e+00 -3.4644569939e-02 -1.5176913520e+00  4.2777544640e-01
ENERGY -5.493568089554e+02

JOB 1
COORDS -7.9732192741e-01  5.6570615281e-01 -1.6019452635e+00  1.1720433328e+00 -6.0913696380e-01  1.6640678290e+00  2.3507116988e-01 -6.7952018364e-01  5.9274895586e-01  8.1350755623e-01  2.9978102158e-02 -9.4394214917e-01 -5.9449032388e-01  1.1213556832e+00 -2.5223408413e+00 -1.2998533219e+00  1.2168877164e+00 -8.8336929921e-01 -1.4315297229e+00 -2.9194041366e-01 -1.8380578631e+00  1.1530748989e+00  3.4630636383e-01  2.0166151414e+00  2.1283082292e+00 -8.0170171128e-01  1.3541963912e+00  8.2334755367e-02 -1.6736042047e+00  4.2922273771e-01
ENERGY -5.493585127817e+02

JOB 2
COORDS  1.0885250553e+00  2.2702063734e+00  6.3874490019e-02  1.2163470441e+00 -1.2763013966e+00  1.7170387745e+00  5.3605126398e-01 -2.1813752701e-01  1.0444075222e+00  1.3978162100e+00  5.1595915589e-01 -3.2209546741e-01  1.6207138041e+00  2.8575704166e+00 -6.9074649674e-01  1.4716456496e+00  2.5182069154e+00  1.0561714412e+00  2.1920121292e-02  2.4969261174e+00  6.9790912626e-03  1.9064140671e+00 -8.4581747288e-01  2.3302150267e+00  1.7255905062e+00 -1.8765283711e+00  1.0638011059e+00 -3.2824673818e-01 -6.1928340067e-01  6.8682463717e-01
ENERGY -5.493602033221e+02

JOB 3
COORDS  1.1209560570e+00  2.2357066180e+00  9.7102520606e-02  1.2198692424e+00 -1.2062106523e+00  1.7138010043e+00  4.5625488264e-01 -2.7357639406e-01  9.4874581840e-01  1.2574275132e+00  4.9201858815e-01 -4.2052739477e-01  1.6043770355e+00  2.8342947203e+00 -6.8127997178e-01  1.6323334157e+00  2.4008348564e+00  1.0482254113e+00  7.2486573849e-02  2.5281973445e+00  1.7975846671e-01  1.8016020776e+00 -6.6534457607e-01  2.3511686862e+00  1.8495359661e+00 -1.7501432700e+00  1.1193210047e+00 -3.5806578051e-01 -7.7297642446e-01  6.0015457914e-01
ENERGY -5.493615607186e+02

JOB 4
COORDS  1.1552756362e+00  2.1819670190e+00  1.3052103587e-01  1.2233142741e+00 -1.1160705802e+00  1.7046940599e+00  3.7721183048e-01 -3.2305438755e-01  8.7092213298e-01  1.1114939820e+00  4.7559456265e-01 -5.1057121652e-01  1.5990747111e+00  2.8035600378e+00 -6.5322195593e-01  1.7750500345e+00  2.2472074690e+00  1.0282112642e+00  1.4415725958e-01  2.5324937515e+00  3.4646851177e-01  1.6834042503e+00 -4.8124946946e-01  2.3543446086e+00  1.9558626194e+00 -1.5742388674e+00  1.1574009378e+00 -3.6806761412e-01 -9.2340872483e-01  5.2770074610e-01
ENERGY -5.493621252331e+02

JOB 5
COORDS  1.1902264465e+00  2.1146652559e+00  1.6766695162e-01  1.2205466806e+00 -1.0058212185e+00  1.6916013083e+00  3.0271733855e-01 -3.6874434766e-01  8.0410453790e-01  9.7439548179e-01  4.7292749637e-01 -5.8938873254e-01  1.5783139327e+00  2.7764950070e+00 -6.1216129829e-01  1.9133038148e+00  2.0781539662e+00  9.8685756205e-01  2.3180258125e-01  2.4943847538e+00  5.2823940501e-01  1.5538542270e+00 -2.9565638253e-01  2.3399950616e+00  2.0325280790e+00 -1.3694754093e+00  1.1858476369e+00 -3.4091159870e-01 -1.0741283108e+00  4.5370769226e-01
ENERGY -5.493615338769e+02

JOB 6
COORDS  1.2276918737e+00  2.0412835299e+00  2.0277248480e-01  1.2055434208e+00 -8.8592476389e-01  1.6794933277e+00  2.3288636447e-01 -4.1403310756e-01  7.5254431934e-01  8.3950876448e-01  4.8587989088e-01 -6.5307144352e-01  1.5445886141e+00  2.7546047311e+00 -5.6297704623e-01  2.0472832538e+00  1.9093676651e+00  9.1443374568e-01  3.4063591605e-01  2.4241484862e+00  7.1378974445e-01  1.4136477837e+00 -1.2044349087e-01  2.3161439006e+00  2.0755166353e+00 -1.1536666090e+00  1.2096165871e+00 -2.7052564286e-01 -1.2184155214e+00  3.8372450492e-01
ENERGY -5.493597002174e+02

JOB 7
COORDS  1.2684421461e+00  1.9762093670e+00  2.2454537353e-01  1.1755300064e+00 -7.8014260265e-01  1.6753482874e+00  1.7446463647e-01 -4.6510085278e-01  7.2000073393e-01  6.9686669654e-01  5.1837400016e-01 -6.9162947291e-01  1.5153547585e+00  2.7339650214e+00 -5.2366373964e-01  2.1666642733e+00  1.7605943554e+00  8.0869343486e-01  4.7519135748e-01  2.3591876407e+00  8.7342674184e-01  1.2629685293e+00  1.3634593369e-02  2.3040675961e+00  2.0878438265e+00 -9.5407078611e-01  1.2412984159e+00 -1.6654924706e-01 -1.3398499261e+00  3.2438275380e-01
ENERGY -5.493566337164e+02

JOB 8
COORDS  1.2982092811e+00  1.9351063343e+00  2.3569497120e-01  1.1453267984e+00 -7.1375459266e-01  1.6763690608e+00  1.3820506233e-01 -5.3017174222e-01  7.0179546389e-01  5.3861761008e-01  5.7649165860e-01 -6.9371787269e-01  1.4957523032e+00  2.7195374005e+00 -4.9976390778e-01  2.2466252295e+00  1.6451797614e+00  6.9362520372e-01  6.1442955039e-01  2.3315972714e+00  9.9296541793e-01  1.1165152331e+00  7.6649303283e-02  2.3138207495e+00  2.0868992029e+00 -7.8421990027e-01  1.2768381872e+00 -2.3803287476e-02 -1.4336146838e+00  2.5884285105e-01
ENERGY -5.493527568208e+02

JOB 9
COORDS  1.3266190053e+00  1.9118234721e+00  2.2821226336e-01  1.1086596283e+00 -6.8354599694e-01  1.6912558928e+00  1.2121835329e-01 -5.9821276449e-01  6.8915427130e-01  3.8243776802e-01  6.4174452592e-01 -6.5842414751e-01  1.4633885984e+00  2.7169657937e+00 -4.9917709161e-01  2.3136868265e+00  1.5670712578e+00  5.4422872986e-01  7.7208348398e-01  2.3133555421e+00  1.0818946547e+00  9.5927968355e-01  6.8745525244e-02  2.3572906848e+00  2.0679592744e+00 -6.3082510661e-01  1.3359679806e+00  1.4144436182e-01 -1.4843214383e+00  1.8606688651e-01
ENERGY -5.493492823707e+02

JOB 10
COORDS  1.3673897521e+00  1.8887953810e+00  2.0104578568e-01  1.0594522077e+00 -6.6887178693e-01  1.7198445700e+00  1.2190251231e-01 -6.5150999345e-01  6.6787834422e-01  2.5739783991e-01  6.9525127694e-01 -6.0187342879e-01  1.3895141086e+00  2.7409662592e+00 -4.8456769828e-01  2.3912098683e+00  1.5246976810e+00  3.1915690588e-01  9.7409491805e-01  2.2368600715e+00  1.1600561830e+00  7.7002042295e-01  3.6767252654e-03  2.4246965821e+00  2.0180758332e+00 -4.5792160818e-01  1.4319182290e+00  3.0771952045e-01 -1.4891431959e+00  1.1831465203e-01
ENERGY -5.493477641044e+02

JOB 11
COORDS  1.4062437038e+00  1.8639448135e+00  1.6604196465e-01  1.0146942131e+00 -6.5790086650e-01  1.7509021254e+00  1.4285878386e-01 -6.8481793876e-01  6.4132179473e-01  1.5386700293e-01  7.3845060135e-01 -5.2574699823e-01  1.3228727686e+00  2.7669842028e+00 -4.4583748154e-01  2.4321595586e+00  1.4924520666e+00  8.1890456537e-02  1.1839338311e+00  2.1367547834e+00  1.2008126672e+00  5.9088570416e-01 -8.9448258182e-02  2.4805388160e+00  1.9427505830e+00 -2.8387166017e-01  1.5416353367e+00  4.6651083437e-01 -1.4597469336e+00  6.4911443393e-02
ENERGY -5.493490190024e+02

JOB 12
COORDS  1.4278243119e+00  1.8484057251e+00  1.3407336561e-01  9.8532395313e-01 -6.6035720409e-01  1.7795098553e+00  1.8472310210e-01 -7.0173913198e-01  6.1364460828e-01  5.9986188599e-02  7.7845950797e-01 -4.2351057600e-01  1.2947138181e+00  2.7758775452e+00 -4.3064804117e-01  2.4218377617e+00  1.4500349162e+00 -9.4665176567e-02  1.3494027178e+00  2.0885950474e+00  1.1976217220e+00  4.5407683627e-01 -1.9576199469e-01  2.5137937300e+00  1.8645499225e+00 -1.5497897030e-01  1.6502599905e+00  6.1433837133e-01 -1.4057346303e+00  1.6390646785e-02
ENERGY -5.493522765087e+02

JOB 13
COORDS  1.4437681806e+00  1.8430192330e+00  9.7773298378e-02  9.5973755276e-01 -6.7768928507e-01  1.8098864622e+00  2.3664184179e-01 -7.0116754824e-01  5.8963865806e-01 -1.5653957608e-02  8.1838541004e-01 -3.0387625674e-01  1.2839913036e+00  2.7836569383e+00 -4.3757584619e-01  2.3861773288e+00  1.4057328090e+00 -2.4854641667e-01  1.5008484480e+00  2.0713942037e+00  1.1657026849e+00  3.3497443975e-01 -3.3059463724e-01  2.5360937747e+00  1.7755777729e+00 -6.2521157124e-02  1.7742218046e+00  7.5071407295e-01 -1.3274151559e+00 -2.6848038532e-02
ENERGY -5.493561943432e+02

JOB 14
COORDS -3.7760120136e-01  2.3324027673e-01 -1.5160389234e+00  9.7003595010e-01 -8.7039916632e-01  1.1317887179e+00  2.0125935936e-01  3.1836006776e-01  1.2597258971e+00  5.5020553152e-03  1.3700872157e+00 -1.3215739761e-01 -5.1882702839e-01  8.7162650281e-01 -2.3933041266e+00 -1.2979862020e+00 -3.3444460525e-01 -1.3458166931e+00  4.5145627768e-01 -4.4811613286e-01 -1.7293688020e+00  1.9527704505e+00 -6.0256036324e-01  1.1487878592e+00  7.9288922528e-01 -1.3533842797e+00  2.4814330297e-01 -7.1835424017e-01  3.9921025713e-02  1.5954358045e+00
ENERGY -5.493595405585e+02

JOB 15
COORDS -4.4115234587e-01  2.5363657145e-01 -1.5359323326e+00  1.0323213351e+00 -8.7148208905e-01  1.1810264300e+00  1.7279875593e-01  2.6304868786e-01  1.2140881649e+00  1.1256982085e-01  1.3286296127e+00 -1.5632166465e-01 -4.8570088732e-01  8.9062534376e-01 -2.4246024558e+00 -1.4365751565e+00 -1.6013416790e-01 -1.3490042681e+00  2.6806793889e-01 -5.5521458569e-01 -1.7376479997e+00  1.9800933904e+00 -5.3526948059e-01  1.3412410462e+00  1.0184028093e+00 -1.3334393835e+00  2.6860366519e-01 -7.5968101441e-01 -5.6069967628e-02  1.4657450534e+00
ENERGY -5.493613195349e+02

JOB 16
COORDS -5.0551496849e-01  2.8015991947e-01 -1.5685633661e+00  1.0926540989e+00 -8.7508817549e-01  1.2499869172e+00  1.6116142752e-01  1.9873641372e-01  1.1582515107e+00  2.1832708095e-01  1.2667943433e+00 -1.9880260186e-01 -4.8338239136e-01  9.1404331579e-01 -2.4605446200e+00 -1.5442202390e+00  1.4887323644e-02 -1.3519545596e+00  7.4805325617e-02 -6.2411205168e-01 -1.7765378868e+00  1.9815144771e+00 -4.7372562170e-01  1.5414812788e+00  1.2414044317e+00 -1.3220304083e+00  3.4177825777e-01 -7.7560459668e-01 -1.5533451739e-01  1.3321007087e+00
ENERGY -5.493610342122e+02

JOB 17
COORDS -5.6906174858e-01  3.0808790884e-01 -1.6051224579e+00  1.1470273923e+00 -8.7444414357e-01  1.3298338644e+00  1.6712838811e-01  1.2958980820e-01  1.0970925854e+00  3.2633097721e-01  1.1855509214e+00 -2.6365521393e-01 -5.1182261634e-01  9.4661976000e-01 -2.4923784266e+00 -1.6216823611e+00  1.7489061851e-01 -1.3403541534e+00 -1.1741959742e-01 -6.5989855737e-01 -1.8421154461e+00  1.9581026832e+00 -4.1222654087e-01  1.7345620246e+00  1.4483714830e+00 -1.3136144435e+00  4.5610484417e-01 -7.6582995406e-01 -2.6022479023e-01  1.1932280184e+00
ENERGY -5.493588072391e+02

JOB 18
COORDS -6.2884571365e-01  3.3716202570e-01 -1.6222136300e+00  1.1890682464e+00 -8.6503423728e-01  1.4035514959e+00  1.7377753801e-01  6.4495184591e-02  1.0480545220e+00  4.5085214087e-01  1.0897281608e+00 -3.4981719271e-01 -5.3703207306e-01  9.5886510403e-01 -2.5181515600e+00 -1.6734119673e+00  3.5505209319e-01 -1.2986284170e+00 -3.2941273446e-01 -6.8542489269e-01 -1.8706993934e+00  1.9012134608e+00 -3.4831737792e-01  1.9141310805e+00  1.6362072914e+00 -1.2690159920e+00  5.7574134122e-01 -7.2127154281e-01 -4.1317952706e-01  9.8522739236e-01
ENERGY -5.493554190885e+02

JOB 19
COORDS -6.8388272678e-01  3.6989355915e-01 -1.6256483683e+00  1.2199585146e+00 -8.4281671752e-01  1.4688029177e+00  1.6808696579e-01 -8.0443909720e-03  1.0030366103e+00  5.6638482242e-01  9.7534479798e-01 -4.4402894887e-01 -5.6762725468e-01  9.6492525956e-01 -2.5361009795e+00 -1.6941228360e+00  5.3326827901e-01 -1.2392453174e+00 -5.3966242602e-01 -6.8629965059e-01 -1.8731584877e+00  1.8223195999e+00 -2.6983199123e-01  2.0550731726e+00  1.7886814774e+00 -1.2042351618e+00  6.9712362133e-01 -6.1899149037e-01 -6.0787344220e-01  7.6134141891e-01
ENERGY -5.493527249734e+02

JOB 20
COORDS -7.2538558996e-01  4.0444087622e-01 -1.6331903991e+00  1.2354658275e+00 -8.1244970373e-01  1.5319156105e+00  1.6351591432e-01 -9.2595466062e-02  9.3984229860e-01  6.5974660180e-01  8.3945387475e-01 -5.3634505253e-01 -5.9446572491e-01  9.8480465293e-01 -2.5505575516e+00 -1.6808782058e+00  6.8653089240e-01 -1.1816217374e+00 -7.2581176030e-01 -6.6060892609e-01 -1.8860005083e+00  1.7365751572e+00 -1.6902366666e-01  2.1403185381e+00  1.8952482983e+00 -1.1638886355e+00  8.3096452996e-01 -5.0286587179e-01 -7.9233335686e-01  6.1186991075e-01
ENERGY -5.493518075258e+02

JOB 21
COORDS -7.5663417632e-01  4.4002757588e-01 -1.6379644639e+00  1.2409923873e+00 -7.7607895169e-01  1.5846070649e+00  1.6335949640e-01 -1.9188118632e-01  8.6630017707e-01  7.2876441142e-01  6.9066721640e-01 -6.2120181299e-01 -6.1192570278e-01  1.0108161074e+00 -2.5588559492e+00 -1.6427882807e+00  8.2258500109e-01 -1.1239206017e+00 -8.9572564531e-01 -6.1495757279e-01 -1.8954437169e+00  1.6430698696e+00 -5.3717769861e-02  2.1780749334e+00  1.9768584350e+00 -1.1248840642e+00  9.6241358910e-01 -3.8482614828e-01 -9.7824581446e-01  5.1318641904e-01
ENERGY -5.493523435481e+02

JOB 22
COORDS -7.7939407217e-01  4.7517616389e-01 -1.6392632494e+00  1.2376524203e+00 -7.3530920939e-01  1.6262141996e+00  1.6961391356e-01 -3.0520179477e-01  7.9277585906e-01  7.7499384964e-01  5.3276320325e-01 -7.0050565717e-01 -6.1844124610e-01  1.0419099817e+00 -2.5599270081e+00 -1.5855981147e+00  9.4262077483e-01 -1.0678046340e+00 -1.0512844739e+00 -5.5200032068e-01 -1.9022035092e+00  1.5423036576e+00  6.6926077875e-02  2.1737455051e+00  2.0391994585e+00 -1.0770502491e+00  1.0867959965e+00 -2.6790074641e-01 -1.1655040862e+00  4.5736813642e-01
ENERGY -5.493536226324e+02

JOB 23
COORDS -7.9486943484e-01  5.0872964553e-01 -1.6354461046e+00  1.2256135283e+00 -6.9257792638e-01  1.6546050717e+00  1.8435887527e-01 -4.2776817166e-01  7.2261307473e-01  8.0234429324e-01  3.6883017053e-01 -7.7975175376e-01 -6.1719003067e-01  1.0746304622e+00 -2.5538424130e+00 -1.5110074075e+00  1.0470231747e+00 -1.0097320947e+00 -1.1934162669e+00 -4.7482527433e-01 -1.9012397614e+00  1.4305613090e+00  1.7962464634e-01  2.1382909279e+00  2.0860441689e+00 -1.0116917115e+00  1.1990551567e+00 -1.5129438858e-01 -1.3476444741e+00  4.3264353527e-01
ENERGY -5.493551699221e+02

