JOB 0
COORDS  3.7417196110e-01 -1.9118531585e+00  7.5981142521e-02 -1.9585504332e+00  1.4504644690e+00 -6.6715289775e-01 -5.3675139312e-01  1.6998084845e-01  7.6686257396e-01 -1.6981092436e-01  1.3440096673e+00  1.4217556264e+00  5.9819559844e-01 -6.3359478625e-01  6.7913808423e-01 -1.0135575971e+00  3.8673672363e-01 -5.4803518695e-01  1.3080876365e+00 -2.4664746808e+00  1.8181127705e-01  1.1656717189e-01 -1.8107476557e+00 -9.8214550025e-01 -4.2778138560e-01 -2.4532838699e+00  5.9616159470e-01 -2.3106834441e+00  1.4299834377e+00 -1.7003300151e+00 -1.5018253137e+00  2.4204675907e+00 -4.4957162783e-01 -2.8140377173e+00  1.3050855031e+00  7.5151577866e-03 -1.3300310702e+00 -2.9099032015e-01  1.3767136127e+00  6.8796613068e-01  1.6116159428e+00  1.0461765725e+00
ENERGY -3.448553317931e+02

JOB 1
COORDS  4.0747682956e-01 -1.8920193532e+00  5.4686855758e-02 -1.9493927041e+00  1.4779461656e+00 -6.9433701154e-01 -6.1581204008e-01  1.2292300825e-01  7.9461463248e-01 -2.9182881202e-01  1.3205520988e+00  1.4263977964e+00  5.6779975999e-01 -6.0436518029e-01  6.5805829416e-01 -1.1809418206e+00  2.9118268665e-01 -4.9624802652e-01  1.3825632593e+00 -2.3787826349e+00  1.1154579346e-01  9.3396655579e-02 -1.8028085846e+00 -9.8913446538e-01 -3.2836143921e-01 -2.4922267299e+00  6.0695077189e-01 -2.3870594533e+00  1.3856580569e+00 -1.6905346168e+00 -1.3284992028e+00  2.3778693809e+00 -6.4960348169e-01 -2.7544809019e+00  1.5700997416e+00  4.6346319109e-02 -1.3430938203e+00 -3.9072958265e-01  1.4416087202e+00  5.6962934257e-01  1.5975463696e+00  1.0668448638e+00
ENERGY -3.448528871157e+02

JOB 2
COORDS  4.3780414485e-01 -1.8551423957e+00  4.6785663196e-02 -1.9203529192e+00  1.4795300565e+00 -7.1911227891e-01 -6.7921705864e-01  8.8534580657e-02  8.4502457218e-01 -4.0326602891e-01  1.3007871659e+00  1.4683354449e+00  5.4401532402e-01 -5.6416872589e-01  6.5372343849e-01 -1.3332069114e+00  2.1562555266e-01 -4.1023901818e-01  1.4442940723e+00 -2.2769532071e+00  4.8380894358e-02  6.4220702894e-02 -1.7796704963e+00 -9.7840630233e-01 -2.2758306846e-01 -2.5061649031e+00  6.3009127327e-01 -2.4407838628e+00  1.3353913232e+00 -1.6684313345e+00 -1.1669451521e+00  2.2656779806e+00 -8.3912592906e-01 -2.6397585793e+00  1.7948811290e+00  4.5369219848e-02 -1.3365458291e+00 -4.8230234431e-01  1.5163969121e+00  4.6068693694e-01  1.5956944505e+00  1.1305311400e+00
ENERGY -3.448510711951e+02

JOB 3
COORDS  4.4388647067e-01 -1.8193401812e+00  1.6936777019e-02 -1.8666153968e+00  1.4688155727e+00 -7.3485828021e-01 -7.2492544404e-01  5.9458060370e-02  8.9603466234e-01 -4.7713157915e-01  1.2729858992e+00  1.5264409389e+00  5.2155815976e-01 -5.3237109700e-01  6.3463069827e-01 -1.4712562968e+00  1.6528436366e-01 -3.0693603821e-01  1.4686580208e+00 -2.1882915128e+00 -5.1576611409e-02  1.7625199528e-03 -1.7522750344e+00 -9.8138828999e-01 -1.4888474914e-01 -2.5110418797e+00  6.3109600088e-01 -2.4715383775e+00  1.3089478723e+00 -1.6299837050e+00 -1.0067102927e+00  2.0974316269e+00 -9.9666351407e-01 -2.4643523097e+00  1.9827878501e+00  2.4521526901e-02 -1.3141369417e+00 -5.6401390980e-01  1.5817804660e+00  3.9142086272e-01  1.5780118934e+00  1.2112762374e+00
ENERGY -3.448508137526e+02

JOB 4
COORDS  4.3417624877e-01 -1.7564205928e+00 -3.6787500101e-03 -1.8254822405e+00  1.4344750939e+00 -7.5415449966e-01 -7.8622206712e-01  5.1736010169e-02  9.5347776936e-01 -5.6871582395e-01  1.2640499218e+00  1.5981766991e+00  4.7849214138e-01 -4.7275981866e-01  6.2253522596e-01 -1.6126197973e+00  1.3840638418e-01 -1.9199448813e-01  1.4713989841e+00 -2.0682288026e+00 -1.3780005822e-01 -7.0573485894e-02 -1.7067458866e+00 -9.7312115552e-01 -8.2299777716e-02 -2.4847968332e+00  6.3646632934e-01 -2.4865504206e+00  1.2760750611e+00 -1.6086515185e+00 -8.9182445966e-01  1.8888706112e+00 -1.1103561160e+00 -2.3030639273e+00  2.1090725042e+00 -3.7820940860e-02 -1.3092485402e+00 -6.2058007492e-01  1.6452787732e+00  2.9880981304e-01  1.5873081982e+00  1.2998655085e+00
ENERGY -3.448521380989e+02

JOB 5
COORDS  3.8352216258e-01 -1.6233409170e+00 -1.2218299625e-02 -1.8249949742e+00  1.4183954093e+00 -7.7813082586e-01 -8.8784584080e-01  1.0912597721e-01  1.0175858051e+00 -6.9942280142e-01  1.3207146250e+00  1.6758370796e+00  3.8935655829e-01 -3.4137878584e-01  6.1794133805e-01 -1.7812167256e+00  1.7658572618e-01 -6.9098415002e-02  1.4273569672e+00 -1.8743687743e+00 -2.0829848033e-01 -1.7873987960e-01 -1.6017407076e+00 -9.5086077109e-01 -5.2595087037e-02 -2.3824368629e+00  6.5152035735e-01 -2.5280037291e+00  1.2640956374e+00 -1.5988220466e+00 -8.4508034217e-01  1.6843977434e+00 -1.1956871266e+00 -2.1792557061e+00  2.2278041909e+00 -1.3400761978e-01 -1.3456157042e+00 -6.0619918150e-01  1.7117616081e+00  1.6986070935e-01  1.6577014093e+00  1.3998653062e+00
ENERGY -3.448543287457e+02

JOB 6
COORDS  4.1663434174e-01 -1.4928888389e+00 -9.5900722141e-03 -1.7367498270e+00  1.3759261917e+00 -7.4117147546e-01 -8.3634281678e-01  1.8370165151e-01  1.1285345703e+00 -6.3182192617e-01  1.3998637398e+00  1.7824940694e+00  4.2115116557e-01 -2.0948695943e-01  6.1787886868e-01 -1.8221497365e+00  2.4512859507e-01  1.3316642381e-01  1.4474485505e+00 -1.6945514899e+00 -3.0569764183e-01 -2.3332741409e-01 -1.5022671820e+00 -8.9041395897e-01  8.2360379090e-02 -2.2693317588e+00  6.9167275245e-01 -2.5061025925e+00  1.2250703633e+00 -1.5003804642e+00 -7.5592996857e-01  1.4338438860e+00 -1.2293885499e+00 -1.9315185954e+00  2.3049601967e+00 -1.9751562681e-01 -1.2152431191e+00 -5.5676258919e-01  1.8431921084e+00  2.4771391150e-01  1.7165774224e+00  1.5168189520e+00
ENERGY -3.448561961008e+02

JOB 7
COORDS  4.1933956973e-01 -1.4799007822e+00 -6.6876727984e-02 -1.6904503506e+00  1.2717752317e+00 -7.9981690484e-01 -8.5848825862e-01  1.3449060511e-01  1.1228084760e+00 -6.6127070146e-01  1.3355239297e+00  1.8191096822e+00  3.9025347133e-01 -1.8766807284e-01  5.4184894661e-01 -1.8899620604e+00  2.5742111180e-01  1.9575995970e-01  1.4353031398e+00 -1.6255980748e+00 -4.3750605933e-01 -2.9071429603e-01 -1.5417893006e+00 -8.9874601291e-01  1.8333878941e-01 -2.2646076562e+00  6.6450890086e-01 -2.5525344002e+00  1.2063326639e+00 -1.4654400571e+00 -7.7168418799e-01  1.0939109710e+00 -1.3689700461e+00 -1.6499146302e+00  2.2639542758e+00 -3.4151462034e-01 -1.1863746925e+00 -6.6769400791e-01  1.7981021619e+00  2.9872297506e-01  1.4610845635e+00  1.8933592987e+00
ENERGY -3.448565716534e+02

JOB 8
COORDS  4.5104758774e-01 -1.4208152996e+00 -1.5912941356e-01 -1.6284150173e+00  1.2079958626e+00 -8.8993810166e-01 -8.3719089734e-01  1.3747068774e-01  1.0879105142e+00 -6.2516276015e-01  1.2967173592e+00  1.8539048407e+00  3.9143380639e-01 -1.2522016123e-01  4.4197753268e-01 -1.9053950904e+00  3.4394981449e-01  2.2106818790e-01  1.4406813953e+00 -1.5094170964e+00 -6.1024694265e-01 -3.1685373462e-01 -1.5376291157e+00 -9.3241406627e-01  3.2289667907e-01 -2.2103377339e+00  5.9344332779e-01 -2.5871077434e+00  1.3652461573e+00 -1.3867874693e+00 -9.2366591500e-01  7.4597712422e-01 -1.5887431681e+00 -1.2278469402e+00  2.1685152449e+00 -5.5178234370e-01 -1.1353890927e+00 -7.1309400470e-01  1.7170116387e+00  3.2405649793e-01  1.3288255411e+00  2.0565941484e+00
ENERGY -3.448550593535e+02

JOB 9
COORDS -9.5410439455e-03 -1.8522896807e+00  5.1390638429e-01 -1.8067990782e+00  1.4013460498e+00 -1.0452198783e+00 -7.3550168561e-01  3.7697282200e-01  8.6564160207e-01  5.6314757262e-01  8.9488447980e-01  1.0626373176e+00 -7.2100273804e-01 -7.2693908504e-01 -4.1704561827e-03 -1.6244542529e+00  1.3326022841e+00  3.7381120512e-01 -1.1691864081e-01 -2.6506655513e+00 -2.2245408185e-01 -4.4028267862e-01 -2.1812636320e+00  1.4693492321e+00  1.0504398940e+00 -1.6206681593e+00  6.6067155644e-01 -2.4427201275e+00  2.2726325175e+00 -1.2118469127e+00 -2.2955894738e+00  5.0238902221e-01 -1.4291961596e+00 -8.5956044574e-01  1.5469372106e+00 -1.5808706675e+00 -1.0791590239e+00  9.7713947854e-02  1.8672436254e+00  8.8739774941e-01  1.2139205624e+00  2.0285998326e-01
ENERGY -3.448522294195e+02

JOB 10
COORDS -1.4782702973e-02 -1.8415733024e+00  4.7691986593e-01 -1.8406856976e+00  1.3643916314e+00 -1.0583701119e+00 -6.9509810066e-01  3.9410365359e-01  8.5766214420e-01  5.9665659235e-01  8.6574963360e-01  1.1652494937e+00 -6.6316242003e-01 -6.8101969022e-01 -4.5825598150e-02 -1.4959949292e+00  1.4126662934e+00  3.3229752810e-01 -9.6609967773e-02 -2.6125437521e+00 -2.9121441612e-01 -5.1243853667e-01 -2.1886499563e+00  1.3927888892e+00  1.0393049312e+00 -1.6426048249e+00  6.9512654923e-01 -2.4057876857e+00  2.2803347659e+00 -1.2410469165e+00 -2.4597599141e+00  4.9335187668e-01 -1.2892158225e+00 -9.5597114654e-01  1.3512053079e+00 -1.7055290224e+00 -1.1150663911e+00  8.4565291191e-02  1.8222029029e+00  9.3334486253e-01  1.3225007039e+00  3.7509824348e-01
ENERGY -3.448514692038e+02

JOB 11
COORDS  6.1391488686e-03 -1.8211271015e+00  4.7034230962e-01 -1.8711138423e+00  1.3392370815e+00 -1.0536778976e+00 -6.4607090630e-01  4.2148469009e-01  8.4787066714e-01  6.1789714117e-01  8.6595101728e-01  1.2662172676e+00 -5.7249598019e-01 -6.3520479733e-01 -7.5836745935e-02 -1.3625814802e+00  1.4826548109e+00  2.7909862341e-01 -3.6211294911e-02 -2.5758037774e+00 -3.1691720943e-01 -5.6678335873e-01 -2.1719599240e+00  1.3398126199e+00  1.0456012404e+00 -1.6530397126e+00  7.6988764723e-01 -2.3752634213e+00  2.2843754996e+00 -1.2646899246e+00 -2.5875223908e+00  5.1545270360e-01 -1.1271447975e+00 -1.0716589847e+00  1.1798350359e+00 -1.7840572007e+00 -1.1467409651e+00  8.8748897427e-02  1.7672608567e+00  9.9033021538e-01  1.3866167091e+00  5.3332101243e-01
ENERGY -3.448515707141e+02

JOB 12
COORDS  2.7000536922e-02 -1.8145909586e+00  4.5913817812e-01 -1.9018284889e+00  1.3139767333e+00 -1.0489250184e+00 -6.0821177472e-01  4.3505469353e-01  8.1839713694e-01  6.1232667259e-01  8.5869037786e-01  1.3530016740e+00 -4.7323279196e-01 -6.0760989386e-01 -1.1650860785e-01 -1.2377502748e+00  1.5257356251e+00  2.0350282244e-01  3.8192015795e-02 -2.5571310239e+00 -3.4062684090e-01 -6.2852594592e-01 -2.1642393872e+00  1.2688793676e+00  1.0394980545e+00 -1.6762104512e+00  8.5230299196e-01 -2.3433098333e+00  2.2801159617e+00 -1.3015104083e+00 -2.6938990808e+00  5.6184203423e-01 -9.6516652664e-01 -1.2037905601e+00  1.0095766975e+00 -1.8331895902e+00 -1.1943553463e+00  8.4929158733e-02  1.6811518075e+00  1.0449642381e+00  1.3941116311e+00  6.6460541749e-01
ENERGY -3.448526815808e+02

JOB 13
COORDS  4.9617401579e-02 -1.8089711443e+00  4.3676661885e-01 -1.9326890084e+00  1.2976172092e+00 -1.0414504961e+00 -5.7366751503e-01  4.4928700458e-01  7.6910812158e-01  5.9220632843e-01  8.5523630591e-01  1.4167256118e+00 -3.6449153717e-01 -5.8330732461e-01 -1.6625156731e-01 -1.1176212270e+00  1.5561900858e+00  1.0799031528e-01  1.2726661650e-01 -2.5404630742e+00 -3.6948106443e-01 -6.9151956623e-01 -2.1565865375e+00  1.1702106835e+00  1.0198023380e+00 -1.6993995311e+00  9.3287139180e-01 -2.3290357860e+00  2.2705857130e+00 -1.3386287129e+00 -2.7657615894e+00  6.2600605166e-01 -8.0032804770e-01 -1.3508436787e+00  8.6551650458e-01 -1.8589014801e+00 -1.2441926210e+00  8.9998390658e-02  1.5659728261e+00  1.1001940244e+00  1.3748927827e+00  7.6849588471e-01
ENERGY -3.448545114475e+02

JOB 14
COORDS  8.3579312336e-02 -1.8073746219e+00  4.2924485693e-01 -1.9560123670e+00  1.2921118876e+00 -1.0161265143e+00 -5.3535272483e-01  4.6054256152e-01  7.2036750843e-01  5.6569667746e-01  8.5453959648e-01  1.4751231428e+00 -2.4094629590e-01 -5.6794046291e-01 -1.9939786781e-01 -9.9628157513e-01  1.5697815579e+00  9.2141711823e-03  2.3937459196e-01 -2.5311844016e+00 -3.7268004121e-01 -7.3971634926e-01 -2.1518666208e+00  1.0710478432e+00  9.9435864569e-01 -1.7213121931e+00  1.0317430736e+00 -2.3029190597e+00  2.2652802034e+00 -1.3687321916e+00 -2.8098463427e+00  7.2842078123e-01 -6.1689034978e-01 -1.5094616637e+00  7.3083969259e-01 -1.8402825334e+00 -1.2851488681e+00  1.0131091882e-01  1.4443005388e+00  1.1552356247e+00  1.3391606630e+00  8.7014296335e-01
ENERGY -3.448563502139e+02

JOB 15
COORDS  1.1547197086e-01 -1.8191304789e+00  4.2373903793e-01 -1.9994678492e+00  1.3016601866e+00 -9.8394485623e-01 -5.2036018193e-01  4.5256014025e-01  6.6426942171e-01  5.0634216648e-01  8.4562371191e-01  1.5187749656e+00 -1.2940908040e-01 -5.7156780336e-01 -2.2506768280e-01 -9.0716969388e-01  1.5538682679e+00 -9.6063608178e-02  3.6213985248e-01 -2.5353615995e+00 -3.6206737637e-01 -7.7798911749e-01 -2.1679716371e+00  9.6103135070e-01  9.5001959099e-01 -1.7439381279e+00  1.1295572687e+00 -2.2719644524e+00  2.2674070354e+00 -1.4131737161e+00 -2.8616858176e+00  8.9497923956e-01 -4.3710480013e-01 -1.7138845930e+00  6.0588215143e-01 -1.7779243649e+00 -1.3366929033e+00  9.3974183712e-02  1.3124800084e+00  1.1708889935e+00  1.2932075649e+00  9.6528523167e-01
ENERGY -3.448572655224e+02

JOB 16
COORDS  1.7597285959e-01 -1.8405802802e+00  4.3071359357e-01 -2.0422437515e+00  1.3297968511e+00 -9.6881962743e-01 -5.1215215125e-01  4.2406831316e-01  5.8932719694e-01  4.3182734226e-01  8.3459033002e-01  1.5301227053e+00 -2.1952604380e-02 -6.0074151762e-01 -2.4879463425e-01 -8.3571843000e-01  1.5056992508e+00 -2.2490144707e-01  5.1079781743e-01 -2.5574109693e+00 -3.2125240377e-01 -7.6110247472e-01 -2.2013320850e+00  8.7876991717e-01  9.3453878686e-01 -1.7486724753e+00  1.2159508566e+00 -2.2170523259e+00  2.2667594389e+00 -1.5001391223e+00 -2.8894084750e+00  1.1335340355e+00 -2.9707754615e-01 -1.9487239087e+00  5.0953546519e-01 -1.6887763250e+00 -1.3796355969e+00  6.5263541840e-02  1.1655889768e+00  1.1527587790e+00  1.2601956860e+00  1.0328838738e+00
ENERGY -3.448566702402e+02

JOB 17
COORDS  2.5021927455e-01 -1.8663676837e+00  4.5897894869e-01 -2.0799059921e+00  1.3891119648e+00 -9.5216623010e-01 -5.1872156882e-01  3.7579834493e-01  5.1322972010e-01  3.3466263802e-01  8.1304055121e-01  1.5302320544e+00  6.3151844304e-02 -6.4829674207e-01 -2.6211526292e-01 -7.8646448320e-01  1.4344152439e+00 -3.5115968465e-01  6.5620028947e-01 -2.5885902387e+00 -2.5165589013e-01 -7.0461592431e-01 -2.2460517610e+00  8.5079796435e-01  9.4966161319e-01 -1.7347096901e+00  1.2918876911e+00 -2.1669687933e+00  2.2852786463e+00 -1.5686924583e+00 -2.8685922470e+00  1.4003188322e+00 -1.8787436728e-01 -2.1940014619e+00  5.0124902633e-01 -1.5858630840e+00 -1.4253914813e+00  1.1241893586e-02  1.0193561939e+00  1.0852677980e+00  1.2532652955e+00  1.0934332034e+00
ENERGY -3.448549945101e+02

JOB 18
COORDS  3.2014739708e-01 -1.8942121048e+00  4.8357900020e-01 -2.1057048946e+00  1.4704400250e+00 -9.3441855780e-01 -5.4100879312e-01  3.1161764783e-01  4.2848632902e-01  2.1723065827e-01  7.7679437823e-01  1.5113530648e+00  1.1995780608e-01 -7.0661081656e-01 -2.8359755576e-01 -7.5987286268e-01  1.3474463769e+00 -4.7858264127e-01  7.8339467329e-01 -2.6207391777e+00 -1.8643863013e-01 -6.3661534035e-01 -2.2982647133e+00  8.4549638658e-01  9.7571560554e-01 -1.7113579200e+00  1.3418475603e+00 -2.1239491891e+00  2.3202904870e+00 -1.6188298136e+00 -2.7913596691e+00  1.6671194566e+00 -9.9687101504e-02 -2.4288020313e+00  5.7039797247e-01 -1.4726769471e+00 -1.4769974938e+00 -6.5028719452e-02  8.6597427991e-01  9.7721018191e-01  1.2534022095e+00  1.1330000904e+00
ENERGY -3.448533662006e+02

JOB 19
COORDS  3.9259629231e-01 -1.9152898734e+00  5.1782203635e-01 -2.1091069008e+00  1.5433325983e+00 -9.0531963215e-01 -5.6264451031e-01  2.4234025980e-01  3.4957355534e-01  9.6940587111e-02  7.4659318703e-01  1.4822671939e+00  1.7386602520e-01 -7.6302969050e-01 -2.9675628796e-01 -7.4784599291e-01  1.2473358384e+00 -6.0039857904e-01  9.1931494060e-01 -2.6384573855e+00 -1.0730303051e-01 -5.6079968213e-01 -2.3524817179e+00  8.4877004085e-01  9.9766955933e-01 -1.6762784928e+00  1.3988643622e+00 -2.0917832846e+00  2.3430929447e+00 -1.6477831996e+00 -2.6533240424e+00  1.8904864908e+00 -1.7321017884e-02 -2.6201423876e+00  6.7094897693e-01 -1.3325267070e+00 -1.5159398141e+00 -1.5610314963e-01  7.2576931235e-01  8.6797644835e-01  1.2425169020e+00  1.1543329383e+00
ENERGY -3.448527259575e+02

JOB 20
COORDS  6.7972585194e-02 -1.7857745818e+00  5.0328134199e-02 -1.9821652202e+00  1.1177930190e+00 -6.9131385918e-01 -2.6901356412e-01  4.2478189804e-01  8.2810526330e-01  3.4011669290e-01  1.4287903442e+00  1.5658594076e+00  6.1027721159e-01 -6.6067857862e-01  7.3992421006e-01 -5.9698309469e-01  8.5652502175e-01 -4.7889771867e-01  8.0975530267e-01 -2.5824203023e+00  1.2904961561e-01 -1.1841523863e-01 -1.5550371304e+00 -1.0034373422e+00 -8.6798715889e-01 -2.1217521088e+00  5.2068055639e-01 -2.0852649538e+00  1.4181673815e+00 -1.7358250475e+00 -2.3435560435e+00  1.9308121703e+00 -4.8430801060e-02 -2.5912702937e+00  2.2040547811e-01 -5.1665142228e-01 -1.1824354920e+00  1.4749905628e-01  1.3755883438e+00  1.1634135081e+00  1.6611576509e+00  1.1015635879e+00
ENERGY -3.448541060372e+02

JOB 21
COORDS  1.5076228576e-01 -1.8502607888e+00  6.1164842087e-02 -1.9910481953e+00  1.2209851999e+00 -6.7846988688e-01 -3.2287078114e-01  3.5418537707e-01  7.8220485537e-01  2.0949865954e-01  1.4084253561e+00  1.5140208958e+00  6.2120091092e-01 -6.7204009801e-01  7.1661669506e-01 -6.5840382571e-01  7.3288073968e-01 -5.3726617142e-01  9.3943373427e-01 -2.5968358939e+00  1.6945115264e-01 -4.4482805685e-02 -1.6646958408e+00 -9.9938376540e-01 -7.6555535278e-01 -2.2253753839e+00  5.3970113802e-01 -2.1269222443e+00  1.4552344936e+00 -1.7359653641e+00 -2.1521392476e+00  2.1291172819e+00 -8.4220929121e-02 -2.7262752750e+00  4.5994266506e-01 -3.8261269746e-01 -1.2260492617e+00  3.0442062080e-02  1.3229934949e+00  1.0345190525e+00  1.6706068879e+00  1.0686857496e+00
ENERGY -3.448558394359e+02

JOB 22
COORDS  2.2619259184e-01 -1.9028331265e+00  8.0308314534e-02 -1.9932304216e+00  1.3072556747e+00 -6.6552701665e-01 -3.9407360691e-01  2.8153263220e-01  7.5464151203e-01  7.1893857120e-02  1.3841598822e+00  1.4637932100e+00  6.1618434800e-01 -6.7667088545e-01  7.0259100126e-01 -7.5538077259e-01  6.0304406821e-01 -5.7205638209e-01  1.0623132071e+00 -2.5917174855e+00  2.1231887244e-01  2.3060907839e-02 -1.7608188174e+00 -9.8517136729e-01 -6.6527551989e-01 -2.3221772207e+00  5.6791412576e-01 -2.1774121955e+00  1.4741436358e+00 -1.7283308187e+00 -1.9440005894e+00  2.2715032269e+00 -1.4649245538e-01 -2.8183850139e+00  7.1436888786e-01 -2.4622052579e-01 -1.2751516151e+00 -8.6030477053e-02  1.3053669089e+00  9.0889217100e-01  1.6514762004e+00  1.0441581213e+00
ENERGY -3.448571107777e+02

JOB 23
COORDS  3.0584386937e-01 -1.9206306791e+00  7.7253670835e-02 -1.9811352932e+00  1.3905312816e+00 -6.5434102534e-01 -4.6524139056e-01  2.1938559487e-01  7.4920269215e-01 -5.1427182349e-02  1.3600265438e+00  1.4334079921e+00  6.1054729834e-01 -6.6269490255e-01  6.8613955912e-01 -8.7552445216e-01  4.9093859047e-01 -5.7488524704e-01  1.1919388321e+00 -2.5444755657e+00  2.0658860822e-01  8.3050479091e-02 -1.8029098850e+00 -9.8709688970e-01 -5.4766978480e-01 -2.3994394272e+00  5.7695976988e-01 -2.2439641622e+00  1.4653365765e+00 -1.7111077250e+00 -1.7187287500e+00  2.3800829662e+00 -2.6612253143e-01 -2.8464419896e+00  1.0067972206e+00 -9.4805140102e-02 -1.3091542831e+00 -1.9467814685e-01  1.3248340738e+00  7.9792150320e-01  1.6260625283e+00  1.0381263425e+00
ENERGY -3.448570184286e+02

