JOB 0
COORDS  4.0717154272e+00 -2.2230090320e+00 -9.0806644361e-02  4.9861882372e+00 -2.7311906932e+00 -7.0781550726e-01  1.9186782083e+00 -1.0221735932e+00 -9.6874185140e-02  2.9543929616e+00 -1.5935544267e+00  2.0184336979e+00  8.6042378548e-01 -4.2629660339e-01  5.8026923319e-01  1.8942138306e+00 -1.0036519718e+00  2.7014915017e+00  2.9846782931e+00 -1.6147414370e+00  6.1047218923e-01  8.4055531457e-01 -4.1757791326e-01  1.9823638858e+00  6.0927231333e+00 -3.3657261943e+00 -1.4269597224e+00 -2.5409838237e-01  7.9004978257e-01  4.9042914759e+00 -2.8097578075e-01  2.0693560945e-01  2.5934738714e+00 -1.9747304283e-01  4.8489489181e-01  3.8025010562e+00  6.1975058548e+00 -2.8020184340e+00 -2.7399831946e+00  1.9345514219e+00 -1.0295735616e+00 -1.1823506924e+00  3.7701353756e+00 -2.0460441417e+00  2.5743427764e+00  4.0353222147e-02  3.6107939576e-02  3.9367008712e-02  1.8866997861e+00 -1.0023745833e+00  3.7885581905e+00  7.0211338794e+00 -3.2121460533e+00 -8.5680333373e-01  5.9087490071e+00 -4.4495684228e+00 -1.4786352210e+00  6.9271737186e+00 -3.2535476611e+00 -3.1935846995e+00
ENERGY -5.866049229792e+02

JOB 1
COORDS  4.0651169480e+00 -2.2355736111e+00 -8.8487624432e-02  4.9868409927e+00 -2.7259496127e+00 -7.0897760353e-01  1.9108108951e+00 -1.0362255007e+00 -8.3250855300e-02  2.9265290036e+00 -1.6650682927e+00  2.0256871863e+00  8.4568695214e-01 -4.5796106759e-01  6.0007155622e-01  1.8584354390e+00 -1.0953548910e+00  2.7137270986e+00  2.9700566124e+00 -1.6473977372e+00  6.1787194130e-01  8.1180680092e-01 -4.9134133382e-01  2.0006378577e+00  6.1019565025e+00 -3.3392758606e+00 -1.4332731541e+00 -1.2340274612e-01  1.0914301839e+00  4.7959658810e+00 -3.1520120733e-01  1.1125188476e-01  2.6320631442e+00 -1.4155826040e-01  6.0487366000e-01  3.7600566951e+00  6.2177039385e+00 -2.7420437381e+00 -2.7303444963e+00  1.9389186204e+00 -1.0113322328e+00 -1.1682273353e+00  3.7373017297e+00 -2.1324105114e+00  2.5765194668e+00  3.2025420391e-02  2.1378746122e-02  6.4282185272e-02  1.8355606095e+00 -1.1246288572e+00  3.8002742795e+00  7.0244006188e+00 -3.1979268002e+00 -8.5043364779e-01  5.9212971004e+00 -4.4218798367e+00 -1.5141115346e+00  6.9530382811e+00 -3.1797710904e+00 -3.1882993542e+00
ENERGY -5.866035158736e+02

JOB 2
COORDS  4.0609341047e+00 -2.2461146462e+00 -8.4640427507e-02  4.9865700479e+00 -2.7205773253e+00 -7.1148681039e-01  1.9089060473e+00 -1.0423710793e+00 -5.9667780127e-02  2.9086475988e+00 -1.7356956284e+00  2.0369382181e+00  8.3926712585e-01 -4.8164483240e-01  6.3323607750e-01  1.8356175335e+00 -1.1853343917e+00  2.7334842090e+00  2.9616346414e+00 -1.6759478654e+00  6.3051881822e-01  7.9645554189e-01 -5.5915505411e-01  2.0304640331e+00  6.1058485649e+00 -3.3165003511e+00 -1.4439136596e+00 -4.6075508709e-02  1.3746611211e+00  4.6284457163e+00 -3.3450883235e-01  1.8102580209e-02  2.6905760977e+00 -1.0744429911e-01  7.1667255385e-01  3.6939996198e+00  6.2333794256e+00 -2.6837671394e+00 -2.7228061133e+00  1.9455028009e+00 -9.8496588033e-01 -1.1431550915e+00  3.7148536884e+00 -2.2210357017e+00  2.5787774285e+00  3.0434919113e-02  1.5070570841e-02  1.0598083080e-01  1.7996585835e+00 -1.2458070995e+00  3.8183184719e+00  7.0239352462e+00 -3.1941639583e+00 -8.5001867633e-01  5.9227190669e+00 -4.3958722904e+00 -1.5561108640e+00  6.9709879545e+00 -3.1107600821e+00 -3.1871884116e+00
ENERGY -5.866015720678e+02

JOB 3
COORDS  4.0602586444e+00 -2.2582550407e+00 -7.6820025770e-02  4.9854139661e+00 -2.7186084869e+00 -7.1460690031e-01  1.9176357277e+00 -1.0426097134e+00 -2.5621188371e-02  2.9015797070e+00 -1.8076525754e+00  2.0552313808e+00  8.4764126789e-01 -4.9662780017e-01  6.8014958806e-01  1.8273602162e+00 -1.2710421195e+00  2.7615543185e+00  2.9615805814e+00 -1.7033561841e+00  6.5166972661e-01  7.9891368162e-01 -6.1422102990e-01  2.0734218568e+00  6.1038727484e+00 -3.2977075853e+00 -1.4616541801e+00 -4.0493771203e-02  1.6367196431e+00  4.4055366852e+00 -3.3554409956e-01 -6.6208466639e-02  2.7653137406e+00 -1.0500123026e-01  8.2055283404e-01  3.6060299163e+00  6.2386027329e+00 -2.6264923778e+00 -2.7199606715e+00  1.9599989039e+00 -9.5391133605e-01 -1.1068316677e+00  3.7013621736e+00 -2.3157560967e+00  2.5856291775e+00  4.3080646083e-02  1.7583346615e-02  1.6314578108e-01  1.7793631955e+00 -1.3644664550e+00  3.8432897597e+00  7.0206505365e+00 -3.1987769135e+00 -8.6143233241e-01  5.9151294873e+00 -4.3720685583e+00 -1.6074474162e+00  6.9759191355e+00 -3.0423015838e+00 -3.1948458624e+00
ENERGY -5.865996339949e+02

JOB 4
COORDS  4.0639840008e+00 -2.2687271175e+00 -6.7404384681e-02  4.9837880514e+00 -2.7191160498e+00 -7.1971388520e-01  1.9360409764e+00 -1.0327986223e+00  1.8020585273e-02  2.9068651695e+00 -1.8740295826e+00  2.0768202756e+00  8.6952469715e-01 -4.9937732638e-01  7.3924481862e-01  1.8368614958e+00 -1.3467559438e+00  2.7974180118e+00  2.9708718366e+00 -1.7246962357e+00  6.7769975230e-01  8.2101027894e-01 -6.5393633713e-01  2.1286938092e+00  6.0959366169e+00 -3.2856396431e+00 -1.4855118113e+00 -1.1836884834e-01  1.8552282277e+00  4.1415093963e+00 -3.1460432491e-01 -1.3891193155e-01  2.8527348880e+00 -1.3716598900e-01  9.0646253606e-01  3.5021958671e+00  6.2352557197e+00 -2.5771165349e+00 -2.7225386424e+00  1.9800377640e+00 -9.1468582778e-01 -1.0603390023e+00  3.6992395227e+00 -2.4086025028e+00  2.5921069289e+00  6.8125755261e-02  3.2287906334e-02  2.3480208234e-01  1.7809016572e+00 -1.4730661001e+00  3.8750600278e+00  7.0142270243e+00 -3.2138855986e+00 -8.8375792547e-01  5.8967177088e+00 -4.3531418756e+00 -1.6639648575e+00  6.9680751379e+00 -2.9846979398e+00 -3.2113242478e+00
ENERGY -5.865982700914e+02

JOB 5
COORDS  4.0686794943e+00 -2.2758539289e+00 -6.0786309848e-02  4.9804154830e+00 -2.7208190777e+00 -7.2798559273e-01  1.9609787900e+00 -1.0094423938e+00  6.7012814922e-02  2.9193465407e+00 -1.9327203404e+00  2.0964664227e+00  9.0232611035e-01 -4.8448141737e-01  8.0574171522e-01  1.8592749783e+00 -1.4099664107e+00  2.8352873167e+00  2.9854014695e+00 -1.7380571576e+00  7.0311201519e-01  8.5841901909e-01 -6.7469884020e-01  2.1914387848e+00  6.0826874161e+00 -3.2825055543e+00 -1.5114977675e+00 -2.6426014993e-01  2.0092442465e+00  3.8581344161e+00 -2.7193520805e-01 -1.9259506947e-01  2.9482582573e+00 -1.9602160265e-01  9.6663516240e-01  3.3918806817e+00  6.2346692624e+00 -2.5391390743e+00 -2.7264635174e+00  2.0034542714e+00 -8.6202582300e-01 -1.0077991744e+00  3.7024312654e+00 -2.4978235860e+00  2.5929980881e+00  1.0550625554e-01  6.8091791582e-02  3.1616158510e-01  1.7990059883e+00 -1.5686852759e+00  3.9080778659e+00  7.0019364353e+00 -3.2451792140e+00 -9.0808349427e-01  5.8649714256e+00 -4.3404391907e+00 -1.7223607140e+00  6.9600370063e+00 -2.9447453455e+00 -3.2278417069e+00
ENERGY -5.865978711354e+02

JOB 6
COORDS  4.0721172007e+00 -2.2832700434e+00 -5.6396057985e-02  4.9750385570e+00 -2.7261690466e+00 -7.3691280378e-01  1.9891415845e+00 -9.7738407071e-01  1.1634646830e-01  2.9333079069e+00 -1.9815348135e+00  2.1118007793e+00  9.4322493160e-01 -4.5521928042e-01  8.7435417163e-01  1.8884280634e+00 -1.4586580719e+00  2.8715946436e+00  3.0012112610e+00 -1.7458722915e+00  7.2496962413e-01  9.0359099618e-01 -6.7893716550e-01  2.2562445972e+00  6.0660540674e+00 -3.2871692072e+00 -1.5364872757e+00 -4.5163646694e-01  2.0903456324e+00  3.5748435043e+00 -2.1148194684e-01 -2.2028338654e-01  3.0449830765e+00 -2.6889851427e-01  9.9942850583e-01  3.2821713381e+00  6.2366251361e+00 -2.5098713871e+00 -2.7275439809e+00  2.0283398284e+00 -8.0135845437e-01 -9.5426780527e-01  3.7053280846e+00 -2.5784723008e+00  2.5878776991e+00  1.5458993983e-01  1.2300933750e-01  4.0068989728e-01  1.8275555872e+00 -1.6467328841e+00  3.9393902365e+00  6.9848179603e+00 -3.2887764801e+00 -9.3117449575e-01  5.8257534423e+00 -4.3330000912e+00 -1.7805943124e+00  6.9542166318e+00 -2.9152810003e+00 -3.2401376178e+00
ENERGY -5.865985548227e+02

JOB 7
COORDS  4.0771491097e+00 -2.2881036626e+00 -4.8337119259e-02  4.9676381045e+00 -2.7327233953e+00 -7.4407488794e-01  2.0241877162e+00 -9.4219493220e-01  1.6582416935e-01  2.9518248740e+00 -2.0171104388e+00  2.1317050776e+00  9.9197152370e-01 -4.1726507658e-01  9.3948592399e-01  1.9222263820e+00 -1.4898524133e+00  2.9081365041e+00  3.0213692093e+00 -1.7478237884e+00  7.5093699838e-01  9.5394824543e-01 -6.7036177718e-01  2.3176970184e+00  6.0429603151e+00 -3.2961704490e+00 -1.5629044260e+00 -6.6365914395e-01  2.0952450110e+00  3.2999066121e+00 -1.3917281472e-01 -2.2361846918e-01  3.1343062593e+00 -3.5034056681e-01  1.0019234446e+00  3.1739633206e+00  6.2317402833e+00 -2.4868224069e+00 -2.7297474461e+00  2.0623151176e+00 -7.4205240936e-01 -9.0060689209e-01  3.7115445861e+00 -2.6429671010e+00  2.5900869777e+00  2.1502594080e-01  1.8760912015e-01  4.7917706324e-01  1.8604346872e+00 -1.7010864329e+00  3.9714172922e+00  6.9622383063e+00 -3.3397728904e+00 -9.5993541419e-01  5.7760877544e+00 -4.3275160872e+00 -1.8389955017e+00  6.9378346209e+00 -2.8945423448e+00 -3.2562898434e+00
ENERGY -5.866000927977e+02

JOB 8
COORDS  4.0812781758e+00 -2.2901885777e+00 -4.2148943872e-02  4.9594973801e+00 -2.7398104003e+00 -7.5030341425e-01  2.0604212059e+00 -9.0183129002e-01  2.0846924884e-01  2.9672742318e+00 -2.0406519420e+00  2.1467803408e+00  1.0434887406e+00 -3.7032012499e-01  9.9703671801e-01  1.9534379758e+00 -1.5075853481e+00  2.9383491789e+00  3.0403407662e+00 -1.7434650235e+00  7.7161835937e-01  1.0013040214e+00 -6.5241775629e-01  2.3706500051e+00  6.0193278986e+00 -3.3092473747e+00 -1.5849761343e+00 -8.7501060477e-01  2.0329959958e+00  3.0624306139e+00 -6.2241302332e-02 -2.0250014302e-01  3.2139881233e+00 -4.3075427408e-01  9.7851515928e-01  3.0812830936e+00  6.2260335623e+00 -2.4763354327e+00 -2.7321675983e+00  2.0996520697e+00 -6.7859354189e-01 -8.5334966615e-01  3.7136529455e+00 -2.6934451857e+00  2.5891782464e+00  2.8240947626e-01  2.6354057211e-01  5.4890764810e-01  1.8907871951e+00 -1.7388576427e+00  3.9973518422e+00  6.9383142236e+00 -3.3900308262e+00 -9.8539126518e-01  5.7270811656e+00 -4.3266977065e+00 -1.8858821228e+00  6.9210293979e+00 -2.8882799103e+00 -3.2700725872e+00
ENERGY -5.866020166669e+02

JOB 9
COORDS  4.0839623837e+00 -2.2908439438e+00 -3.6447236493e-02  4.9500243400e+00 -2.7471382783e+00 -7.5535366511e-01  2.0977013150e+00 -8.6107451642e-01  2.4410807919e-01  2.9802642567e+00 -2.0550217208e+00  2.1604601106e+00  1.0948104360e+00 -3.1723840297e-01  1.0417207019e+00  1.9810691174e+00 -1.5126303242e+00  2.9624504648e+00  3.0578996477e+00 -1.7359429174e+00  7.9001885973e-01  1.0459823284e+00 -6.2723297588e-01  2.4098997730e+00  5.9945203022e+00 -3.3247584064e+00 -1.6035824130e+00 -1.0773488980e+00  1.9176752599e+00  2.8723888710e+00  1.7802243230e-02 -1.6012063643e-01  3.2782073859e+00 -5.0662645502e-01  9.3473607564e-01  3.0067041889e+00  6.2212790068e+00 -2.4724495127e+00 -2.7327133831e+00  2.1421345571e+00 -6.1874903647e-01 -8.1331769965e-01  3.7119223012e+00 -2.7323535286e+00  2.5903698416e+00  3.5333122696e-01  3.4591113055e-01  6.0298634926e-01  1.9151796347e+00 -1.7583873480e+00  4.0180130724e+00  6.9117194838e+00 -3.4415732201e+00 -1.0071884841e+00  5.6767938768e+00 -4.3277683950e+00 -1.9263856663e+00  6.9049031465e+00 -2.8902458019e+00 -3.2805874642e+00
ENERGY -5.866038073135e+02

JOB 10
COORDS  4.0889724839e+00 -2.2872265659e+00 -3.3123901452e-02  4.9426944650e+00 -2.7541110919e+00 -7.6003714479e-01  2.1383583402e+00 -8.1313349075e-01  2.7173757853e-01  2.9908355067e+00 -2.0588803089e+00  2.1675313082e+00  1.1487079198e+00 -2.5680299846e-01  1.0771782177e+00  2.0036959216e+00 -1.5065866396e+00  2.9766104641e+00  3.0764113388e+00 -1.7209373753e+00  8.0194958799e-01  1.0841898124e+00 -5.9499017604e-01  2.4384993681e+00  5.9717939745e+00 -3.3450437607e+00 -1.6178688178e+00 -1.2777643552e+00  1.7563663204e+00  2.7382219323e+00  9.0224279987e-02 -1.0424014866e-01  3.3280924449e+00 -5.8511963967e-01  8.7158816391e-01  2.9561524937e+00  6.2162232943e+00 -2.4841128651e+00 -2.7367718214e+00  2.1919209810e+00 -5.5089653272e-01 -7.8050658255e-01  3.7066442165e+00 -2.7588931309e+00  2.5876971826e+00  4.3044556918e-01  4.3673336358e-01  6.4713372289e-01  1.9330393589e+00 -1.7660711561e+00  4.0285397843e+00  6.8872554214e+00 -3.4906645974e+00 -1.0251410089e+00  5.6302398715e+00 -4.3362525106e+00 -1.9526213978e+00  6.8885554902e+00 -2.9110509982e+00 -3.2915217240e+00
ENERGY -5.866050265144e+02

JOB 11
COORDS  4.0872693014e+00 -2.2859619678e+00 -3.4971833079e-02  4.9311036274e+00 -2.7637783037e+00 -7.6634432800e-01  2.1723518552e+00 -7.7018520763e-01  2.8855995734e-01  2.9984631443e+00 -2.0546873431e+00  2.1702229662e+00  1.1977305255e+00 -1.9775410575e-01  1.1010179781e+00  2.0250573845e+00 -1.4892093100e+00  2.9862694038e+00  3.0886670190e+00 -1.7061124569e+00  8.0744658399e-01  1.1205780026e+00 -5.5751343721e-01  2.4562784717e+00  5.9475059597e+00 -3.3683142181e+00 -1.6298120491e+00 -1.4583638989e+00  1.5653408470e+00  2.6525753129e+00  1.6283519362e-01 -3.0841065281e-02  3.3630344186e+00 -6.5363715037e-01  7.9814583352e-01  2.9245558801e+00  6.2294514773e+00 -2.4904925971e+00 -2.7265344033e+00  2.2339954416e+00 -4.9441701540e-01 -7.5977959543e-01  3.6999151799e+00 -2.7736884855e+00  2.5824424710e+00  5.0181646832e-01  5.2370269333e-01  6.8038591288e-01  1.9515233045e+00 -1.7554750262e+00  4.0363232119e+00  6.8526703824e+00 -3.5573597339e+00 -1.0335577308e+00  5.5767351808e+00 -4.3398504678e+00 -1.9901748418e+00  6.8916558523e+00 -2.9267551320e+00 -3.2861861005e+00
ENERGY -5.866054590030e+02

JOB 12
COORDS  4.0900401651e+00 -2.2815847284e+00 -3.5452942133e-02  4.9239011516e+00 -2.7724733822e+00 -7.6957432450e-01  2.2121284214e+00 -7.2033558797e-01  2.9966267779e-01  3.0001334139e+00 -2.0459994023e+00  2.1680222922e+00  1.2504139416e+00 -1.3323256426e-01  1.1170466882e+00  2.0373584875e+00 -1.4673311717e+00  2.9879888616e+00  3.1026651727e+00 -1.6859104234e+00  8.0933310960e-01  1.1516284889e+00 -5.1449538527e-01  2.4648858054e+00  5.9272169944e+00 -3.3928342290e+00 -1.6371208409e+00 -1.6264475689e+00  1.3451653995e+00  2.6144616440e+00  2.2304840688e-01  5.1284070031e-02  3.3801541735e+00 -7.1979638984e-01  7.1226559023e-01  2.9103167409e+00  6.2323524222e+00 -2.5112638865e+00 -2.7245585713e+00  2.2873702576e+00 -4.2966455931e-01 -7.4373454917e-01  3.6836231418e+00 -2.7853381066e+00  2.5743632379e+00  5.7961006181e-01  6.1727081676e-01  7.0644126999e-01  1.9559993048e+00 -1.7423985168e+00  4.0351778926e+00  6.8263364994e+00 -3.6096628549e+00 -1.0411817289e+00  5.5337571355e+00 -4.3514738250e+00 -2.0078155663e+00  6.8859847427e+00 -2.9571937523e+00 -3.2866641840e+00
ENERGY -5.866050277454e+02

JOB 13
COORDS  4.0935617083e+00 -2.2740262939e+00 -3.4752507150e-02  4.9169352853e+00 -2.7791826839e+00 -7.7093021551e-01  2.2568693186e+00 -6.6769848702e-01  3.0514234665e-01  2.9969751650e+00 -2.0346012560e+00  2.1652446056e+00  1.3057674169e+00 -6.4786021550e-02  1.1234608410e+00  2.0417271582e+00 -1.4411183969e+00  2.9845217333e+00  3.1167871800e+00 -1.6626110325e+00  8.1133302870e-01  1.1809184889e+00 -4.6631283688e-01  2.4627038130e+00  5.9063367803e+00 -3.4171581786e+00 -1.6416889768e+00 -1.7746731829e+00  1.0954621923e+00  2.6172655476e+00  2.7302594940e-01  1.4110686404e-01  3.3773015262e+00 -7.7798133693e-01  6.1502707153e-01  2.9101362301e+00  6.2361290872e+00 -2.5341219673e+00 -2.7206575580e+00  2.3507942198e+00 -3.6449820334e-01 -7.3317271383e-01  3.6598482691e+00 -2.7943375098e+00  2.5681613126e+00  6.6111902321e-01  7.1336239211e-01  7.2231930797e-01  1.9470261129e+00 -1.7234667342e+00  4.0286490331e+00  6.7982188736e+00 -3.6621388464e+00 -1.0457934555e+00  5.4892764837e+00 -4.3621430041e+00 -2.0215160917e+00  6.8786622508e+00 -2.9919635668e+00 -3.2859761208e+00
ENERGY -5.866038051092e+02

JOB 14
COORDS  4.0930936303e+00 -2.2687131499e+00 -3.7893861694e-02  4.9088988375e+00 -2.7878459326e+00 -7.7264201258e-01  2.2981765658e+00 -6.1756113024e-01  3.0007041368e-01  2.9855485014e+00 -2.0202571649e+00  2.1556444677e+00  1.3575485303e+00  4.1799013263e-03  1.1166588871e+00  2.0383369746e+00 -1.4076714584e+00  2.9716536530e+00  3.1254407300e+00 -1.6398879620e+00  8.0628676435e-01  1.2074722997e+00 -4.0937456559e-01  2.4488233027e+00  5.8884799052e+00 -3.4425460692e+00 -1.6421293513e+00 -1.8945315605e+00  8.2768438017e-01  2.6832192664e+00  3.1536390224e-01  2.4163109785e-01  3.3568758352e+00 -8.2372123436e-01  5.1293522910e-01  2.9362367923e+00  6.2493326620e+00 -2.5576734163e+00 -2.7095094165e+00  2.4112381915e+00 -3.0723634869e-01 -7.3422405042e-01  3.6252595498e+00 -2.8001496081e+00  2.5575498003e+00  7.3890041034e-01  8.0651791698e-01  7.2242388186e-01  1.9287622779e+00 -1.6941645112e+00  4.0132091053e+00  6.7689347903e+00 -3.7163673096e+00 -1.0418414094e+00  5.4500487216e+00 -4.3726375843e+00 -2.0344223282e+00  6.8847405655e+00 -3.0260688138e+00 -3.2742380532e+00
ENERGY -5.866020087734e+02

JOB 15
COORDS  4.1535692404e+00 -2.1727176447e+00 -3.1670727626e-02  4.9814728135e+00 -2.7336041914e+00 -7.2063688937e-01  1.9412672389e+00 -1.1067530991e+00  1.7868209951e-01  3.3895616009e+00 -1.2329973328e+00  2.1189707546e+00  9.7612864388e-01 -4.5256442965e-01  9.4033971525e-01  2.4213687599e+00 -5.8836061760e-01  2.8858043914e+00  3.1622686286e+00 -1.5081602333e+00  7.5649570061e-01  1.2048642076e+00 -2.1654234805e-01  2.3030205247e+00  5.9895553278e+00 -3.4273256580e+00 -1.5248956985e+00 -1.9750924552e+00 -2.1325309092e-01  3.3605298720e+00  2.7474255131e-01  5.2922226355e-01  3.1031259521e+00 -8.8108992908e-01  7.7857649464e-02  3.1936099566e+00  5.8205855066e+00 -3.0844223074e+00 -2.9055206725e+00  1.7648248116e+00 -1.3003526077e+00 -8.7494250788e-01  4.3314896617e+00 -1.5288624777e+00  2.5708458972e+00  4.5795358724e-02 -1.2536963428e-01  4.8337952812e-01  2.5949900280e+00 -3.6902531400e-01  3.9349737795e+00  6.9891073836e+00 -3.1397012374e+00 -1.1662162465e+00  5.8801808244e+00 -4.5118528525e+00 -1.3732295963e+00  6.4917340476e+00 -3.5704213358e+00 -3.4109141465e+00
ENERGY -5.866000790870e+02

JOB 16
COORDS  4.1450327472e+00 -2.1712964419e+00 -4.0385792556e-02  4.9778425879e+00 -2.7414252802e+00 -7.1557383951e-01  1.9522113314e+00 -1.0609920364e+00  1.2703242119e-01  3.3492532708e+00 -1.2389777187e+00  2.1018562853e+00  9.8253806056e-01 -3.9464751754e-01  8.7317825158e-01  2.3761972308e+00 -5.8001031240e-01  2.8511649202e+00  3.1491472596e+00 -1.4939867974e+00  7.3133710356e-01  1.1848117587e+00 -1.7398021227e-01  2.2412840883e+00  5.9903420008e+00 -3.4465884517e+00 -1.5042012790e+00 -1.8551239172e+00 -3.7601964060e-01  3.6400400018e+00  2.3367420695e-01  5.8404893918e-01  3.0136167833e+00 -8.3392196726e-01  1.6045385762e-02  3.3044275548e+00  5.8596267780e+00 -3.0858495616e+00 -2.8843286786e+00  1.7972007471e+00 -1.2421971952e+00 -9.3215146022e-01  4.2730958382e+00 -1.5603737505e+00  2.5732714769e+00  6.9118758675e-02 -4.3045218159e-02  4.0126490528e-01  2.5303692735e+00 -3.7399367049e-01  3.9061596300e+00  6.9868333557e+00 -3.1826530300e+00 -1.1197469732e+00  5.8561270186e+00 -4.5302064368e+00 -1.3667409530e+00  6.5329479113e+00 -3.5790575522e+00 -3.3797527596e+00
ENERGY -5.865985413893e+02

JOB 17
COORDS  4.1346478814e+00 -2.1672171424e+00 -5.1664599148e-02  4.9744019675e+00 -2.7457041848e+00 -7.1088445422e-01  1.9582898844e+00 -1.0199503259e+00  7.2428336974e-02  3.3001979330e+00 -1.2469198806e+00  2.0807576075e+00  9.7967339518e-01 -3.4747384915e-01  8.0205093195e-01  2.3200529484e+00 -5.7820390252e-01  2.8121110354e+00  3.1313244955e+00 -1.4805578434e+00  7.0214122722e-01  1.1545906567e+00 -1.3932247209e-01  2.1747009920e+00  5.9946275570e+00 -3.4612459633e+00 -1.4799650203e+00 -1.6772625115e+00 -4.8946312874e-01  3.9358848500e+00  1.7380535359e-01  6.1323165421e-01  2.9192559465e+00 -7.6401784289e-01 -3.0599412851e-02  3.4214720933e+00  5.9057738258e+00 -3.0857405768e+00 -2.8594174500e+00  1.8259604455e+00 -1.1898257740e+00 -9.9169104241e-01  4.2053434432e+00 -1.5913094340e+00  2.5718501698e+00  8.1060006474e-02  2.0744127519e-02  3.1536668163e-01  2.4524569828e+00 -3.8768505404e-01  3.8732047952e+00  6.9852246368e+00 -3.2183089697e+00 -1.0674486833e+00  5.8381602260e+00 -4.5435300785e+00 -1.3562529889e+00  6.5830129662e+00 -3.5861242884e+00 -3.3421487426e+00
ENERGY -5.865978604905e+02

JOB 18
COORDS  4.1230986736e+00 -2.1663493071e+00 -6.2362761578e-02  4.9720172545e+00 -2.7480464943e+00 -7.0690954891e-01  1.9591300795e+00 -9.8949731031e-01  2.1479172299e-02  3.2437107298e+00 -1.2656445794e+00  2.0599270481e+00  9.6883812007e-01 -3.1607375343e-01  7.3434886195e-01  2.2549839085e+00 -5.9234721566e-01  2.7749535472e+00  3.1093687335e+00 -1.4756522519e+00  6.7365213185e-01  1.1153302387e+00 -1.2224083014e-01  2.1118728829e+00  6.0021024525e+00 -3.4683478529e+00 -1.4582256482e+00 -1.4568661717e+00 -5.2335886764e-01  4.2214698637e+00  1.0378515517e-01  6.1534289744e-01  2.8272870694e+00 -6.7594486437e-01 -4.6445361531e-02  3.5344405408e+00  5.9590492906e+00 -3.0701345713e+00 -2.8335303254e+00  1.8504563993e+00 -1.1462840704e+00 -1.0472776677e+00  4.1298585347e+00 -1.6314391965e+00  2.5698312711e+00  8.3723957722e-02  6.4970730245e-02  2.3354940444e-01  2.3642500703e+00 -4.2113194622e-01  3.8422912205e+00  6.9842809923e+00 -3.2483308788e+00 -1.0139536655e+00  5.8247313472e+00 -4.5496908247e+00 -1.3563471931e+00  6.6414193493e+00 -3.5745048147e+00 -3.3047445173e+00
ENERGY -5.865982610569e+02

JOB 19
COORDS  4.1100647346e+00 -2.1724387445e+00 -7.1111952996e-02  4.9698887614e+00 -2.7507612960e+00 -7.0425767590e-01  1.9589373352e+00 -9.7253807632e-01 -2.3335603082e-02  3.1831402851e+00 -1.3027601543e+00  2.0446227232e+00  9.5744246608e-01 -3.0167122248e-01  6.7529630591e-01  2.1843383007e+00 -6.2938520649e-01  2.7442856818e+00  3.0852694305e+00 -1.4839708746e+00  6.5099290017e-01  1.0705826457e+00 -1.2690923886e-01  2.0587893040e+00  6.0127472825e+00 -3.4667605965e+00 -1.4418949309e+00 -1.2245022085e+00 -4.5443588045e-01  4.4745347189e+00  3.1980653702e-02  5.9378570561e-01  2.7425194791e+00 -5.8276059948e-01 -1.8490165471e-02  3.6332855507e+00  6.0117745626e+00 -3.0399624946e+00 -2.8093389085e+00  1.8753845088e+00 -1.1119016080e+00 -1.0967794950e+00  4.0495388434e+00 -1.6904031590e+00  2.5720951222e+00  8.6776264662e-02  9.2977903469e-02  1.6028825230e-01  2.2688084754e+00 -4.8300567605e-01  3.8178982430e+00  6.9845474761e+00 -3.2664432053e+00 -9.6652465953e-01  5.8217922285e+00 -4.5480401829e+00 -1.3675591429e+00  6.7015728041e+00 -3.5420923266e+00 -3.2720542260e+00
ENERGY -5.865996315454e+02

JOB 20
COORDS  4.1008694995e+00 -2.1777976907e+00 -7.8609702891e-02  4.9723087733e+00 -2.7482205181e+00 -7.0315717023e-01  1.9552407697e+00 -9.6792631629e-01 -5.8210700524e-02  3.1272375060e+00 -1.3453725325e+00  2.0316981611e+00  9.4024633976e-01 -3.0697584581e-01  6.2836302872e-01  2.1153736433e+00 -6.8131562825e-01  2.7206358879e+00  3.0631527881e+00 -1.4981874398e+00  6.3271299349e-01  1.0209650619e+00 -1.5731839138e-01  2.0180973833e+00  6.0282959396e+00 -3.4559487104e+00 -1.4300005690e+00 -9.9925080192e-01 -3.0541972668e-01  4.6817251192e+00 -4.2288540136e-02  5.4362276792e-01  2.6712323904e+00 -4.9396854789e-01  4.0025411828e-02  3.7146115699e+00  6.0573056337e+00 -3.0079218120e+00 -2.7904132183e+00  1.8961885155e+00 -1.0870215930e+00 -1.1357111590e+00  3.9782722345e+00 -1.7481332132e+00  2.5727303962e+00  8.1890387270e-02  9.8937733335e-02  1.0170497675e-01  2.1775839831e+00 -5.6042301264e-01  3.7991940568e+00  6.9905934265e+00 -3.2661383278e+00 -9.3150358951e-01  5.8329342710e+00 -4.5376978746e+00 -1.3767591872e+00  6.7543733683e+00 -3.5059737793e+00 -3.2465889806e+00
ENERGY -5.866015701047e+02

JOB 21
COORDS  4.0913295929e+00 -2.1874449607e+00 -8.7484034212e-02  4.9754432609e+00 -2.7463038908e+00 -7.0482982646e-01  1.9440885278e+00 -9.7526229296e-01 -8.3447942479e-02  3.0752605545e+00 -1.3966091961e+00  2.0181800320e+00  9.1757846252e-01 -3.2763048264e-01  5.9674660545e-01  2.0515705178e+00 -7.4793339972e-01  2.7037076041e+00  3.0396524062e+00 -1.5212204210e+00  6.1552585013e-01  9.7001192078e-01 -2.0710693421e-01  1.9918376175e+00  6.0462737547e+00 -3.4404873208e+00 -1.4229418577e+00 -7.8526371677e-01 -8.2040623568e-02  4.8376289440e+00 -1.1306400539e-01  4.7435096067e-01  2.6198468476e+00 -4.1036257320e-01  1.2984758941e-01  3.7770855087e+00  6.1090529142e+00 -2.9610620211e+00 -2.7715496167e+00  1.9049451789e+00 -1.0707867269e+00 -1.1641478931e+00  3.9155653797e+00 -1.8111813209e+00  2.5669671996e+00  6.9234477915e-02  8.9604222089e-02  6.2765156999e-02  2.0970310264e+00 -6.5463303303e-01  3.7859283427e+00  6.9970564176e+00 -3.2656063522e+00 -8.9758820981e-01  5.8468482508e+00 -4.5225744118e+00 -1.3999034305e+00  6.8150719030e+00 -3.4511258830e+00 -3.2225752115e+00
ENERGY -5.866035160661e+02

JOB 22
COORDS  4.0867284795e+00 -2.1960616657e+00 -8.9937085886e-02  4.9816333756e+00 -2.7398808092e+00 -7.0526022755e-01  1.9391817913e+00 -9.8541716166e-01 -9.7062927511e-02  3.0299567655e+00 -1.4571983750e+00  2.0150493429e+00  9.0011655464e-01 -3.5491280113e-01  5.7843251249e-01  1.9918025267e+00 -8.2761419604e-01  2.6965104029e+00  3.0218893842e+00 -1.5477759419e+00  6.0953736408e-01  9.2183544571e-01 -2.7107018815e-01  1.9780217375e+00  6.0646319080e+00 -3.4172297047e+00 -1.4211708142e+00 -5.9670296881e-01  1.8208641475e-01  4.9245682481e+00 -1.7870213705e-01  3.9125497161e-01  2.5874559974e+00 -3.3801681075e-01  2.3708610558e-01  3.8108700899e+00  6.1355556325e+00 -2.9223198556e+00 -2.7638265992e+00  1.9223594301e+00 -1.0517157921e+00 -1.1805240000e+00  3.8597487381e+00 -1.8843017686e+00  2.5702451628e+00  6.3270374046e-02  7.7244218578e-02  3.8210240956e-02  2.0182690075e+00 -7.6507843481e-01  3.7814812878e+00  7.0092807348e+00 -3.2405545746e+00 -8.8541709123e-01  5.8739801958e+00 -4.5011126749e+00 -1.4120472411e+00  6.8505058240e+00 -3.4006342657e+00 -3.2133847134e+00
ENERGY -5.866049234958e+02

JOB 23
COORDS  4.0787348912e+00 -2.2104389734e+00 -9.0817749911e-02  4.9838137256e+00 -2.7364336353e+00 -7.0679702197e-01  1.9293037381e+00 -1.0057300235e+00 -1.0093298198e-01  2.9897158129e+00 -1.5246447616e+00  2.0163473996e+00  8.7989693154e-01 -3.9174064680e-01  5.7311631228e-01  1.9393761290e+00 -9.1388440449e-01  2.6961702574e+00  3.0025046535e+00 -1.5820372106e+00  6.0911630315e-01  8.7844252694e-01 -3.4311940950e-01  1.9749115583e+00  6.0792351366e+00 -3.3921614572e+00 -1.4239333211e+00 -4.1642143340e-01  4.8555135141e-01  4.9468050672e+00 -2.3423295529e-01  3.0197918428e-01  2.5774469069e+00 -2.6511523550e-01  3.6165203120e-01  3.8189491054e+00  6.1708376064e+00 -2.8595888516e+00 -2.7509032794e+00  1.9304828763e+00 -1.0440994486e+00 -1.1858852258e+00  3.8114987003e+00 -1.9638208609e+00  2.5740871066e+00  5.2309336440e-02  5.4827239068e-02  3.0360465945e-02  1.9483012609e+00 -8.8135998758e-01  3.7826740363e+00  7.0148973296e+00 -3.2294187367e+00 -8.6834907753e-01  5.8903636654e+00 -4.4761193031e+00 -1.4483484207e+00  6.8933795546e+00 -3.3246185944e+00 -3.2022657541e+00
ENERGY -5.866054335348e+02

