JOB 0
COORDS  3.9707432830e+00 -2.2318025804e+00 -2.9885312479e-01  1.7269660878e+00 -1.2395583135e+00 -2.0170704667e-01  6.8160736756e-01 -6.5354718270e-01  5.1050795403e-01  1.9992009122e+00 -8.7904195990e-01  2.5743900869e+00  2.9020878666e+00 -1.6374882707e+00  4.5037358771e-01  3.0490302042e+00 -1.4578605636e+00  1.8498581930e+00  8.5286525472e-01 -4.8873063171e-01  1.8831068209e+00  5.9780335529e+00 -1.8329060889e+00  3.9867991068e+00  4.5008983706e+00 -1.5660409644e+00  3.7670995297e+00  4.8240459377e+00 -2.7089208730e+00 -9.3207948518e-01 -1.7277444271e+00  1.2725992369e-01  2.0974524313e+00 -3.4540342874e-01 -1.3340494632e-01  4.2303620924e+00  4.2051123703e+00 -1.8867102977e+00  2.3894124470e+00 -4.7655598325e-01  2.4811615532e-01  2.8307815570e+00  9.1633278404e-02  2.3095610375e+00  2.7206937391e+00  1.6412020669e+00 -1.3930755016e+00 -1.2725480689e+00 -2.3449399467e-01 -3.4150402499e-01  2.1785789511e-02  2.0512583020e+00 -7.4592618255e-01  3.6476134876e+00  6.2194757142e+00 -2.8784596449e+00  3.7776556701e+00  6.5840951133e+00 -1.1983045559e+00  3.3350118701e+00  6.2379937573e+00 -1.6168199021e+00  5.0276501886e+00  4.2664701367e+00 -5.1076778443e-01  3.9482921345e+00  3.8718724859e+00 -2.1841546507e+00  4.4187851071e+00
ENERGY -1.486563135858e+03

JOB 1
COORDS  4.0085645367e+00 -2.3258806726e+00 -2.5136938283e-01  1.7945208273e+00 -1.2633534364e+00 -2.4171232984e-01  7.3651740914e-01 -6.5561288484e-01  4.3175982792e-01  1.9404328822e+00 -9.7051218088e-01  2.5518084547e+00  2.9228675651e+00 -1.7137593737e+00  4.5801630990e-01  3.0066973825e+00 -1.5676747844e+00  1.8662678663e+00  8.4412899980e-01 -5.2517982112e-01  1.8148883424e+00  5.9648462681e+00 -1.6978225190e+00  3.9256815912e+00  4.4526304973e+00 -1.6533125187e+00  3.8017179965e+00  4.8776468128e+00 -2.8145915761e+00 -8.5353815654e-01 -1.7275391878e+00  1.5251460391e-01  1.9198137938e+00 -4.5208245355e-01 -1.6977114970e-01  4.1100670193e+00  4.1142892804e+00 -2.0572587217e+00  2.4537404901e+00 -5.0899216543e-01  2.3244914635e-01  2.7113504079e+00  1.1331740521e-01  2.2804638368e+00  2.6542386062e+00  1.7567284802e+00 -1.3911992124e+00 -1.3186744818e+00 -1.4303842233e-01 -3.0155571144e-01 -9.4044971132e-02  1.9395208235e+00 -8.7296813049e-01  3.6304357675e+00  6.3440264411e+00 -2.7006234678e+00  3.7112960335e+00  6.4267066817e+00 -9.9463303071e-01  3.2278278654e+00  6.2574874377e+00 -1.4257502892e+00  4.9447706613e+00  4.0877324653e+00 -6.3617583307e-01  3.9783247379e+00  3.9572930155e+00 -2.3327355395e+00  4.5043727793e+00
ENERGY -1.486561778434e+03

JOB 2
COORDS  4.0206519736e+00 -2.3980350424e+00 -1.9770403143e-01  1.8515342438e+00 -1.2486791916e+00 -2.5723754171e-01  7.9382776474e-01 -6.0738736652e-01  3.8377789115e-01  1.8950610638e+00 -1.0099055647e+00  2.5450145464e+00  2.9312414884e+00 -1.7567900637e+00  4.7960343827e-01  2.9637689959e+00 -1.6395569575e+00  1.8924912428e+00  8.5074368135e-01 -5.0472126849e-01  1.7727035028e+00  5.9318069687e+00 -1.5862994012e+00  3.8311002499e+00  4.4211864152e+00 -1.7462575689e+00  3.8336628192e+00  4.8950900399e+00 -2.9072744436e+00 -7.7458416587e-01 -1.6953012957e+00  2.7078236264e-01  1.7875180444e+00 -5.2031051065e-01 -1.2875762230e-01  4.0206600358e+00  4.0192822660e+00 -2.1961567248e+00  2.5156400908e+00 -5.0668321746e-01  2.9320217616e-01  2.6267921616e+00  1.9533675147e-01  2.3166513841e+00  2.6222836126e+00  1.8529449425e+00 -1.3565506587e+00 -1.3370422415e+00 -4.7893275538e-02 -2.0716869787e-01 -1.7011753671e-01  1.8504197995e+00 -9.3703973882e-01  3.6249591300e+00  6.4212293798e+00 -2.5260128554e+00  3.5619711210e+00  6.2352655691e+00 -8.1862486850e-01  3.1141738805e+00  6.2718075239e+00 -1.2891836007e+00  4.8286124219e+00  3.9404027083e+00 -7.9114718333e-01  4.0625415117e+00  4.0832697825e+00 -2.4928464802e+00  4.5593372853e+00
ENERGY -1.486560219528e+03

JOB 3
COORDS  3.9987300747e+00 -2.4526075528e+00 -1.4771075458e-01  1.8735199501e+00 -1.2264733717e+00 -2.1850685050e-01  8.3149037666e-01 -5.5615818393e-01  4.1775476953e-01  1.8836690910e+00 -1.0377858936e+00  2.5880413824e+00  2.9222317862e+00 -1.7862362689e+00  5.2607931409e-01  2.9379017925e+00 -1.6972601815e+00  1.9414916517e+00  8.7227993451e-01 -4.7920883268e-01  1.8091624487e+00  5.8825926561e+00 -1.4679490999e+00  3.7490092424e+00  4.4217657482e+00 -1.8704530614e+00  3.8690710237e+00  4.8642168867e+00 -2.9800626886e+00 -7.2173009700e-01 -1.6403622594e+00  3.9950403915e-01  1.8016889374e+00 -5.1548581670e-01 -8.5696281758e-02  4.0437820299e+00  3.9580752914e+00 -2.3136737045e+00  2.5684310833e+00 -4.6432932205e-01  3.5878891622e-01  2.6578404778e+00  3.2048795843e-01  2.3515550102e+00  2.6994406383e+00  1.8879161895e+00 -1.3160152383e+00 -1.2999074051e+00  1.4027211312e-02 -1.1448524970e-01 -1.4095230657e-01  1.8221859142e+00 -9.8160993731e-01  3.6681510595e+00  6.4807389871e+00 -2.2973260069e+00  3.3628377780e+00  5.9943298353e+00 -6.1470357891e-01  3.0739185199e+00  6.2695256927e+00 -1.1863486004e+00  4.7340965682e+00  3.8188306565e+00 -1.0314714994e+00  4.2235083096e+00  4.2846959061e+00 -2.7112439163e+00  4.5545507624e+00
ENERGY -1.486559097307e+03

JOB 4
COORDS  3.8726616552e+00 -2.6998934523e+00 -4.3248788393e-01  1.7757265990e+00 -1.4255369397e+00 -3.5126611770e-01  8.3618243025e-01 -6.6477876682e-01  3.4118997933e-01  2.2152275866e+00 -8.6209328943e-01  2.3673805820e+00  2.9219442122e+00 -1.9105282121e+00  2.9536315616e-01  3.1508399881e+00 -1.6360993003e+00  1.6677522175e+00  1.0898488075e+00 -4.0260502896e-01  1.6864708050e+00  5.3701057564e+00 -1.1374768762e+00  4.1506629849e+00  4.4503280142e+00 -2.2303037598e+00  3.6286585627e+00  4.6252569917e+00 -3.3409027397e+00 -1.0485263080e+00 -1.3816850979e+00  5.5164688853e-01  1.9380192993e+00  6.5394789695e-02  3.2144795159e-01  4.0311431951e+00  4.2916016361e+00 -2.1213372757e+00  2.1928226609e+00 -8.9383126742e-02  5.8321558039e-01  2.6064757893e+00  7.1811154537e-01  2.5368638691e+00  2.2697250073e+00  1.6247546505e+00 -1.6595106610e+00 -1.4001314802e+00 -6.0503657188e-02 -2.9124970792e-01 -1.4033253362e-01  2.3536073082e+00 -6.0164373442e-01  3.4094509475e+00  6.3332339676e+00 -1.1748767581e+00  3.6350997900e+00  4.9372834084e+00 -1.4309411645e-01  4.0028823215e+00  5.5429917905e+00 -1.2806593501e+00  5.2223876788e+00  3.4736953800e+00 -2.2295190728e+00  4.1190141862e+00  4.8979507007e+00 -3.2159283685e+00  3.7779648873e+00
ENERGY -1.486560503525e+03

JOB 5
COORDS  3.8838681162e+00 -2.7696000659e+00 -4.4829734595e-01  1.8330806497e+00 -1.4246059033e+00 -3.5653924882e-01  9.0935914094e-01 -6.5337185171e-01  3.4630948518e-01  2.2329673029e+00 -9.8876120876e-01  2.3919109199e+00  2.9460177632e+00 -1.9771708043e+00  2.9269946374e-01  3.1554165921e+00 -1.7671039606e+00  1.6802210835e+00  1.1429818946e+00 -4.5648895622e-01  1.7056535788e+00  5.2620653284e+00 -1.0664795182e+00  4.0477206466e+00  4.4751146862e+00 -2.3029898018e+00  3.6362816740e+00  4.6290458126e+00 -3.4083690030e+00 -1.0755874240e+00 -1.2939247040e+00  5.8606676170e-01  1.9453699936e+00  9.5204306098e-02  2.1172742267e-01  4.0567323465e+00  4.2546068683e+00 -2.3384323589e+00  2.2071235491e+00 -1.6886078803e-02  5.3701323600e-01  2.6412154654e+00  8.7623175748e-01  2.4681416095e+00  2.4029108962e+00  1.6969152429e+00 -1.6103952928e+00 -1.4170039874e+00  4.0226105664e-02 -2.2333614114e-01 -1.3852954674e-01  2.3472565665e+00 -7.8596705947e-01  3.4490216266e+00  6.2105209950e+00 -1.0249701909e+00  3.5057961166e+00  4.7093787739e+00 -1.4402346638e-01  3.8462618181e+00  5.4761757100e+00 -1.1074219881e+00  5.1207355098e+00  3.5209016823e+00 -2.3916607275e+00  4.1641054520e+00  5.0503369788e+00 -3.2094560604e+00  3.8345074912e+00
ENERGY -1.486561900689e+03

JOB 6
COORDS  3.8832435382e+00 -2.7894381386e+00 -4.1329988197e-01  1.8882554594e+00 -1.3628790877e+00 -3.4283138140e-01  9.7354430683e-01 -5.7701673227e-01  3.5547199630e-01  2.1932433712e+00 -1.0608244357e+00  2.4358516555e+00  2.9492272939e+00 -1.9901609108e+00  3.2523552057e-01  3.1111707620e+00 -1.8471826499e+00  1.7274382829e+00  1.1593127319e+00 -4.4824632839e-01  1.7302343766e+00  5.1670566491e+00 -9.8758257141e-01  3.9202264265e+00  4.4729147391e+00 -2.3202194317e+00  3.6701897995e+00  4.6274087097e+00 -3.4304285075e+00 -1.0395021203e+00 -1.2389634739e+00  6.9122177097e-01  1.9195014744e+00  4.5698715837e-02  1.6760041663e-01  4.0648511952e+00  4.1443739772e+00 -2.5150993266e+00  2.2756186958e+00  5.3900912721e-03  5.5565706218e-01  2.6614505319e+00  9.9080983487e-01  2.4535676626e+00  2.5404545832e+00  1.7881205743e+00 -1.4976832530e+00 -1.4149479770e+00  1.4735521950e-01 -8.4258206252e-02 -1.4454027642e-01  2.2609516376e+00 -9.2475421956e-01  3.5074586399e+00  6.0680633261e+00 -9.0910093879e-01  3.3057567492e+00  4.5223204044e+00 -1.3336042958e-01  3.6975237794e+00  5.4597996344e+00 -9.2380644570e-01  4.9732959802e+00  3.5722078028e+00 -2.4428040694e+00  4.2815142485e+00  5.1412572879e+00 -3.1530909225e+00  3.8931307736e+00
ENERGY -1.486562375480e+03

JOB 7
COORDS  3.9126083128e+00 -2.8407666669e+00 -3.6462692610e-01  1.9801479176e+00 -1.3259429935e+00 -3.3392400418e-01  1.0778032579e+00 -5.1406885240e-01  3.4981420991e-01  2.1681732946e+00 -1.1331584466e+00  2.4638774829e+00  2.9795545506e+00 -2.0259925698e+00  3.5833456779e-01  3.0823504471e+00 -1.9353362929e+00  1.7689262738e+00  1.2036034420e+00 -4.4036844291e-01  1.7362229927e+00  5.1201653298e+00 -9.5255775418e-01  3.7679621558e+00  4.5127085477e+00 -2.3468675558e+00  3.6792911772e+00  4.6596309724e+00 -3.4895746579e+00 -9.7921125274e-01 -1.1207803115e+00  8.5355180468e-01  1.8440344881e+00 -6.1201766748e-03  1.4408687179e-01  4.0311923328e+00  4.0396793866e+00 -2.6837078750e+00  2.3524459563e+00  6.4161061151e-02  5.9647692896e-01  2.6485238681e+00  1.1846703300e+00  2.4236438942e+00  2.6791678331e+00  1.9227024927e+00 -1.4198179811e+00 -1.4135138521e+00  3.0434425345e-01  4.0525622707e-02 -1.6946812108e-01  2.1875582760e+00 -1.0548883355e+00  3.5438562238e+00  5.9322017167e+00 -8.4297043164e-01  3.0433667684e+00  4.3903672859e+00 -1.5938439103e-01  3.5916704865e+00  5.5337362462e+00 -8.0930492887e-01  4.7714761040e+00  3.6958945285e+00 -2.4812521801e+00  4.3985654999e+00  5.2621828065e+00 -3.1133061740e+00  3.8792457946e+00
ENERGY -1.486561471824e+03

JOB 8
COORDS  3.9488216363e+00 -2.8745365938e+00 -2.8542880492e-01  2.0525806550e+00 -1.3091153714e+00 -3.0915986726e-01  1.1452476586e+00 -4.8607191640e-01  3.5313224375e-01  2.1073465772e+00 -1.1959443898e+00  2.4978155447e+00  2.9988025447e+00 -2.0558954105e+00  4.1096725549e-01  3.0335759087e+00 -2.0029397866e+00  1.8249071634e+00  1.2027162655e+00 -4.5117418037e-01  1.7466260422e+00  5.0491919433e+00 -9.2081152069e-01  3.6658813182e+00  4.5546584977e+00 -2.3615041780e+00  3.6847944135e+00  4.7156203775e+00 -3.5199258833e+00 -8.7883057390e-01 -1.0729345303e+00  9.3082559132e-01  1.7700910828e+00 -1.1238787291e-01  1.0757223380e-01  3.9901025143e+00  3.9265627369e+00 -2.7980896106e+00  2.4495649706e+00  5.3457235431e-02  5.9964335557e-01  2.6295656681e+00  1.2432834032e+00  2.3767673359e+00  2.7830438943e+00  2.0439527430e+00 -1.3727572959e+00 -1.3924329182e+00  4.1608499070e-01  1.0693135145e-01 -1.8749287542e-01  2.0768155793e+00 -1.1607755384e+00  3.5806177474e+00  5.7046132988e+00 -7.4718020785e-01  2.8069437677e+00  4.2409598512e+00 -1.8781668472e-01  3.6386763970e+00  5.6289657990e+00 -7.4209667035e-01  4.5771844544e+00  3.8540104585e+00 -2.5282529878e+00  4.5123453224e+00  5.3839637811e+00 -3.0600223845e+00  3.8005506716e+00
ENERGY -1.486559351089e+03

JOB 9
COORDS  3.9707667366e+00 -2.9100220646e+00 -2.0145526125e-01  2.1215974691e+00 -1.2908762480e+00 -2.9490028946e-01  1.2132429334e+00 -4.4510041323e-01  3.3548147778e-01  2.0557137969e+00 -1.2039920938e+00  2.5131373092e+00  3.0123345792e+00 -2.0722214313e+00  4.6013395748e-01  2.9857307741e+00 -2.0332905365e+00  1.8735831327e+00  1.2105323186e+00 -4.2263875024e-01  1.7311585558e+00  5.0004121607e+00 -9.1317002104e-01  3.6081942797e+00  4.6031151308e+00 -2.3817526633e+00  3.6689612313e+00  4.7482827432e+00 -3.5683055827e+00 -7.6599446409e-01 -1.0267316981e+00  1.0189604346e+00  1.6694625122e+00 -1.7468608482e-01  1.6879368065e-01  3.9233761250e+00  3.8147000245e+00 -2.8638125885e+00  2.5415251689e+00  5.6311897612e-02  6.5715993429e-01  2.5712560746e+00  1.2866190426e+00  2.4018609389e+00  2.7718815522e+00  2.1579273737e+00 -1.3449718562e+00 -1.3781219009e+00  5.2679080640e-01  1.7461040825e-01 -2.3071904623e-01  1.9803361493e+00 -1.1850132440e+00  3.5946103586e+00  5.5060852887e+00 -6.7939585506e-01  2.6660460533e+00  4.1578317664e+00 -2.3017565618e-01  3.7283717472e+00  5.7027990158e+00 -7.1840332757e-01  4.4251018971e+00  4.0439400479e+00 -2.5959217412e+00  4.5873902255e+00  5.4841549735e+00 -3.0248799945e+00  3.6501629693e+00
ENERGY -1.486556803125e+03

JOB 10
COORDS  3.9847430818e+00 -2.9087571386e+00 -1.1078679249e-01  2.1572520858e+00 -1.2662124823e+00 -2.5792646204e-01  1.2358281464e+00 -4.1918880050e-01  3.5055325095e-01  1.9809775674e+00 -1.2202008431e+00  2.5476802632e+00  3.0061537909e+00 -2.0711240017e+00  5.2132871126e-01  2.9212830152e+00 -2.0551414090e+00  1.9319409055e+00  1.1782001775e+00 -4.1477505181e-01  1.7457903719e+00  4.9691785643e+00 -9.2462972412e-01  3.5540471441e+00  4.6584245998e+00 -2.4125381364e+00  3.6211939556e+00  4.7850129366e+00 -3.5634936096e+00 -6.4689145437e-01 -1.0463421187e+00  1.0411876493e+00  1.6186933246e+00 -2.7105661392e-01  1.7914999602e-01  3.8957404222e+00  3.7017722345e+00 -2.9087828414e+00  2.6327380579e+00  5.2828936568e-03  6.7002390848e-01  2.5533507752e+00  1.2392408378e+00  2.4065956260e+00  2.7962095016e+00  2.2354290340e+00 -1.3037614444e+00 -1.3396440292e+00  5.7877452321e-01  2.1657269790e-01 -2.3267086282e-01  1.8706124888e+00 -1.2171729268e+00  3.6266138370e+00  5.3063883863e+00 -6.2904022934e-01  2.5557699577e+00  4.1228099055e+00 -2.9484852883e-01  3.8355855854e+00  5.7828170495e+00 -7.1918975531e-01  4.2572021496e+00  4.2673754252e+00 -2.6826094843e+00  4.6077918858e+00  5.5569352685e+00 -3.0039836875e+00  3.4343676542e+00
ENERGY -1.486554692289e+03

JOB 11
COORDS  4.1302002609e+00 -2.7412784573e+00  3.2445391154e-01  2.3769666963e+00 -1.0652186179e+00 -9.8694381022e-02  1.3508062528e+00 -2.4393931069e-01  3.5845839477e-01  1.7162876272e+00 -1.0838492635e+00  2.6354373297e+00  3.0757127209e+00 -1.8916645180e+00  7.9786771674e-01  2.7516212623e+00 -1.9028874013e+00  2.1742400497e+00  1.0479748429e+00 -2.7347593316e-01  1.7214987644e+00  5.2861302596e+00 -1.1035023218e+00  3.1289902327e+00  4.6904561361e+00 -2.4275254363e+00  3.5802121001e+00  4.9953166219e+00 -3.4200668579e+00 -5.9493826188e-02 -1.1634564331e+00  1.1207664057e+00  1.2305543260e+00 -7.4928630267e-01  2.7428425030e-01  3.6059345294e+00  3.3705307102e+00 -2.7535333161e+00  3.0293004949e+00 -2.7035696297e-01  7.7797970736e-01  2.3274204832e+00  8.5408591796e-01  2.5499174516e+00  2.7627994859e+00  2.6399445549e+00 -1.0789870648e+00 -1.1515070710e+00  7.9414358759e-01  3.9547520795e-01 -3.1798559126e-01  1.4465958784e+00 -1.0963189901e+00  3.6863070061e+00  5.4967629989e+00 -1.0830917379e+00  2.0575326711e+00  4.6413285486e+00 -2.5594519780e-01  3.3803550454e+00  6.2369697573e+00 -9.6714696274e-01  3.6544701378e+00  4.5566046633e+00 -2.4387391499e+00  4.6653242238e+00  5.3403588532e+00 -3.2595582857e+00  3.2983388346e+00
ENERGY -1.486554229228e+03

JOB 12
COORDS  4.1319402350e+00 -2.7201311515e+00  4.0256394080e-01  2.3986172759e+00 -1.0454743532e+00 -7.5984834720e-02  1.3610430799e+00 -2.1895654014e-01  3.4262888170e-01  1.6882559751e+00 -1.0061226645e+00  2.6438553119e+00  3.0825101737e+00 -1.8516440589e+00  8.5075707664e-01  2.7382606815e+00 -1.8296834695e+00  2.2231490076e+00  1.0314626161e+00 -2.2239210926e-01  1.6999748236e+00  5.3244493566e+00 -1.0912984487e+00  3.1340011805e+00  4.7317623849e+00 -2.4381266920e+00  3.5174960857e+00  4.9928365578e+00 -3.4192978067e+00  4.6451027309e-02 -1.1869006027e+00  1.1339676784e+00  1.1400252564e+00 -7.9561577136e-01  3.6310849115e-01  3.5446545223e+00  3.3334389631e+00 -2.6441197517e+00  3.1269324642e+00 -3.0477615186e-01  8.3341204314e-01  2.2580099845e+00  7.9577203790e-01  2.6290224878e+00  2.6534805042e+00  2.6804232001e+00 -1.0834191615e+00 -1.1233750804e+00  8.1482364950e-01  4.0263771743e-01 -3.5837422738e-01  1.4033537421e+00 -9.9409414418e-01  3.6905718022e+00  5.4361248632e+00 -9.7180429705e-01  2.0545534754e+00  4.7291343015e+00 -2.5937056628e-01  3.5231362576e+00  6.3237198946e+00 -1.0253952643e+00  3.5764732629e+00  4.7228234511e+00 -2.5625606673e+00  4.6025246518e+00  5.3083700760e+00 -3.2547673068e+00  3.0750050426e+00
ENERGY -1.486555249755e+03

JOB 13
COORDS  4.1326597393e+00 -2.7066846054e+00  4.4417469524e-01  2.4007590160e+00 -1.0508916400e+00 -6.5514046657e-02  1.3545378851e+00 -2.2126154637e-01  3.2134501926e-01  1.6746334690e+00 -9.4170828651e-01  2.6428533651e+00  3.0872274317e+00 -1.8296829821e+00  8.8450109355e-01  2.7355800274e+00 -1.7696544815e+00  2.2546584846e+00  1.0152248039e+00 -1.9092154655e-01  1.6762613977e+00  5.3696449039e+00 -1.0910252918e+00  3.1793124985e+00  4.7561993117e+00 -2.4532726200e+00  3.4630501483e+00  4.9861674217e+00 -3.4113325090e+00  8.0798207114e-02 -1.2116972802e+00  1.1301387951e+00  1.0687986998e+00 -8.2641803553e-01  4.3024219217e-01  3.4956863924e+00  3.3167462048e+00 -2.5342690765e+00  3.2088204439e+00 -3.3263980692e-01  8.6861985681e-01  2.1989655941e+00  7.5042419669e-01  2.6837109841e+00  2.5488831150e+00  2.6893040609e+00 -1.1168255825e+00 -1.1096602406e+00  8.0890958391e-01  3.7625938254e-01 -4.0058108042e-01  1.3870592157e+00 -9.0110384167e-01  3.6880722785e+00  5.3728805193e+00 -8.4449783888e-01  2.1152865491e+00  4.8495613346e+00 -2.9682971286e-01  3.7238651796e+00  6.4117453706e+00 -1.1078245987e+00  3.5144154806e+00  4.8353828689e+00 -2.7054991107e+00  4.5219695924e+00  5.2509497219e+00 -3.2342781386e+00  2.8803783106e+00
ENERGY -1.486556756247e+03

JOB 14
COORDS  4.0706094049e+00 -1.5938438347e+00 -4.9859709260e-01  1.6704343418e+00 -1.3737244274e+00 -1.6015221032e-02  6.2630904411e-01 -1.0699420081e+00  8.5366317976e-01  2.2709645417e+00 -4.8371247314e-01  2.5810221266e+00  3.0060700841e+00 -1.2519037931e+00  3.9999673734e-01  3.3168703632e+00 -8.0590104463e-01  1.7067426795e+00  9.6047147896e-01 -6.2926016623e-01  2.1346967171e+00  4.5564694151e+00 -2.1972584640e+00  3.9830795932e+00  5.0977419548e+00 -9.1725858512e-01  3.3596456734e+00  4.9130647108e+00 -1.8912696629e+00 -1.2458988370e+00 -1.5866500400e+00 -8.9664786796e-01  2.8548418808e+00  1.4691945977e-01 -3.4135904296e-01  4.6473088991e+00  4.6225982360e+00 -6.5562414075e-01  2.0117198113e+00 -3.5818259286e-01 -2.4477784193e-01  3.2842104133e+00 -6.1050604916e-01  1.8414533465e+00  2.8870573452e+00  1.4609812887e+00 -1.7229846131e+00 -1.0218968155e+00 -4.1076908741e-01 -1.1772323377e+00  5.5601269549e-01  2.4691227153e+00 -1.1694133845e-01  3.5813397045e+00  3.4900532868e+00 -2.1482556111e+00  4.2096847727e+00  4.7347011033e+00 -3.0540537314e+00  3.3260070978e+00  5.0875450269e+00 -2.3746942446e+00  4.9238530784e+00  6.1796355807e+00 -9.6854145886e-01  3.2334378198e+00  4.8710500479e+00 -4.5994089603e-02  3.9866645004e+00
ENERGY -1.486559109638e+03

JOB 15
COORDS  4.0397521478e+00 -1.6325412239e+00 -5.6966242210e-01  1.6513358988e+00 -1.3454530761e+00 -8.1294406698e-02  6.1400717839e-01 -1.0344528396e+00  7.9497033545e-01  2.2738245638e+00 -5.9120797346e-01  2.5539329605e+00  2.9873228459e+00 -1.2928813217e+00  3.4363865928e-01  3.3115790759e+00 -9.1539458457e-01  1.6706685888e+00  9.6123108247e-01 -6.6189285746e-01  2.0928397993e+00  4.6398477943e+00 -2.1917800018e+00  4.0676180192e+00  5.0513584319e+00 -9.0829450883e-01  3.3575593947e+00  4.8723850888e+00 -1.9193438671e+00 -1.3320183011e+00 -1.5964179087e+00 -8.6202636132e-01  2.7999666890e+00  1.5136490423e-01 -4.3311912054e-01  4.6132446674e+00  4.6230509233e+00 -8.5176303635e-01  1.9752358064e+00 -3.4600444736e-01 -2.7128131429e-01  3.2534450333e+00 -5.2160435323e-01  1.8358931982e+00  2.9292040235e+00  1.4347001942e+00 -1.6436481982e+00 -1.1019845538e+00 -4.2478089014e-01 -1.0862450030e+00  4.8877359450e-01  2.4708416940e+00 -2.8513630247e-01  3.5738507543e+00  3.5575426454e+00 -2.2899680390e+00  4.1744971222e+00  5.0161380762e+00 -3.0651207944e+00  3.5270304047e+00  5.0758202192e+00 -2.1956168325e+00  5.0718887761e+00  6.1366928689e+00 -8.3225605942e-01  3.2847057750e+00  4.6873600352e+00 -1.8212329171e-02  3.8849474061e+00
ENERGY -1.486561266357e+03

JOB 16
COORDS  4.0184879562e+00 -1.6617316619e+00 -6.1100069045e-01  1.6408201374e+00 -1.2845884450e+00 -1.3766461048e-01  6.0691992478e-01 -9.5992618282e-01  7.3860228472e-01  2.2593145609e+00 -6.9807979809e-01  2.5416395818e+00  2.9701217243e+00 -1.3200765750e+00  3.0601676752e-01  3.2940263877e+00 -1.0250805297e+00  1.6555365068e+00  9.5251031065e-01 -6.7285056748e-01  2.0573836462e+00  4.7475016641e+00 -2.1578091602e+00  4.1846504560e+00  5.0189800148e+00 -9.1330675287e-01  3.3492092656e+00  4.8483863698e+00 -1.9442004891e+00 -1.3779801773e+00 -1.6253636740e+00 -7.6247328851e-01  2.7138119304e+00  1.1021214207e-01 -5.3578724250e-01  4.5746284946e+00  4.6019048971e+00 -1.0706313053e+00  1.9736553875e+00 -3.5142196190e-01 -2.7200391694e-01  3.2182156216e+00 -3.9830025692e-01  1.8572586341e+00  3.0082413657e+00  1.4258300527e+00 -1.5198007580e+00 -1.1750132450e+00 -4.2776696950e-01 -9.3823461324e-01  4.1562892261e-01  2.4462521663e+00 -4.7142966564e-01  3.5832581849e+00  3.6801411594e+00 -2.3726162406e+00  4.2802755829e+00  5.2365791838e+00 -3.0276613096e+00  3.7376783403e+00  5.1531721733e+00 -2.0125364832e+00  5.1911897757e+00  6.0907898114e+00 -7.2612124930e-01  3.2701641598e+00  4.5540796960e+00 -1.6772068156e-02  3.7739734621e+00
ENERGY -1.486562291812e+03

JOB 17
COORDS  3.9898412307e+00 -1.6847130977e+00 -6.3575947736e-01  1.6222426928e+00 -1.2219079697e+00 -1.8800198747e-01  5.8737233124e-01 -8.8573143765e-01  6.8280186112e-01  2.2092277763e+00 -8.0529330055e-01  2.5297188693e+00  2.9386355160e+00 -1.3436895899e+00  2.7815181608e-01  3.2470487534e+00 -1.1326810456e+00  1.6470984165e+00  9.1690002243e-01 -6.8458413261e-01  2.0213715619e+00  4.8745777552e+00 -2.1232674546e+00  4.2770763040e+00  4.9767881723e+00 -9.3728864442e-01  3.3280665721e+00  4.8226029522e+00 -1.9625932002e+00 -1.4013110464e+00 -1.6772918968e+00 -6.6354025224e-01  2.6172813037e+00  2.2181265632e-02 -6.2614160945e-01  4.5244216022e+00  4.5388880866e+00 -1.2846837416e+00  1.9939266257e+00 -3.9088333888e-01 -2.7140027467e-01  3.1732596169e+00 -3.1316638851e-01  1.8652734433e+00  3.0695820678e+00  1.4186154692e+00 -1.3929007885e+00 -1.2401053516e+00 -4.3680134041e-01 -7.9035630581e-01  3.4029349605e-01  2.3804090567e+00 -6.6205944832e-01  3.5889343614e+00  3.8389320258e+00 -2.4437761648e+00  4.4231673267e+00  5.4457436529e+00 -2.9695232305e+00  3.8863340378e+00  5.2861919215e+00 -1.8478326921e+00  5.2536337378e+00  6.0187748330e+00 -6.4122237888e-01  3.1921134540e+00  4.4249722919e+00 -6.2403942695e-02  3.6851087997e+00
ENERGY -1.486561900078e+03

JOB 18
COORDS  3.9870900994e+00 -1.7241317925e+00 -6.0474123041e-01  1.6282751828e+00 -1.1759626503e+00 -2.0659675399e-01  5.8601299998e-01 -8.1721145386e-01  6.4543310304e-01  2.1555999716e+00 -8.6717233579e-01  2.5379397450e+00  2.9252147601e+00 -1.3684218534e+00  2.9112720797e-01  3.2028748602e+00 -1.2129811995e+00  1.6732603084e+00  8.8590411351e-01 -6.7036325754e-01  1.9986295752e+00  5.0517749979e+00 -2.1068321175e+00  4.3423325381e+00  4.9512307022e+00 -9.7013734834e-01  3.3370837717e+00  4.8297316584e+00 -2.0086219647e+00 -1.3569269459e+00 -1.7203222670e+00 -5.6241835575e-01  2.5294152803e+00 -7.0633922927e-02 -6.2358832361e-01  4.4794536329e+00  4.4689997801e+00 -1.4566424165e+00  2.0605710508e+00 -4.3498998594e-01 -2.2978999509e-01  3.1252015387e+00 -2.7422971263e-01  1.9042312786e+00  3.0621227428e+00  1.4471013791e+00 -1.3058925497e+00 -1.2686356786e+00 -4.2225982846e-01 -6.6306806818e-01  2.7795227407e-01  2.3031099118e+00 -7.7701342793e-01  3.6071756096e+00  4.0684947682e+00 -2.5284530447e+00  4.5729868862e+00  5.6864112565e+00 -2.9051005148e+00  3.9487680584e+00  5.4941510490e+00 -1.7379726569e+00  5.2736179010e+00  5.9401998013e+00 -5.6119478837e-01  3.1158743366e+00  4.3219655345e+00 -1.4959752310e-01  3.6910432120e+00
ENERGY -1.486560578360e+03

JOB 19
COORDS  3.9563959828e+00 -1.7695396326e+00 -5.3353936347e-01  1.6037796056e+00 -1.1529901695e+00 -1.9460695263e-01  5.5184108284e-01 -7.6665524732e-01  6.3222708668e-01  2.0668781579e+00 -8.8116507478e-01  2.5651792654e+00  2.8809620274e+00 -1.3894016794e+00  3.3591656860e-01  3.1254597240e+00 -1.2551359407e+00  1.7258851683e+00  8.1949313791e-01 -6.3843747181e-01  1.9946577484e+00  5.2442385150e+00 -2.1264240214e+00  4.3417668264e+00  4.8942076692e+00 -1.0031240207e+00  3.3804944800e+00  4.8113655599e+00 -2.0699832929e+00 -1.2653273599e+00 -1.7952725510e+00 -4.7258737398e-01  2.4662696794e+00 -1.9129368550e-01 -5.5330186372e-01  4.4533484279e+00  4.3677710396e+00 -1.5582725058e+00  2.1485763602e+00 -5.1685790399e-01 -1.6238961609e-01  3.0884764498e+00 -3.1061075997e-01  1.9674701727e+00  3.0126232462e+00  1.4470419462e+00 -1.2691856513e+00 -1.2621101100e+00 -4.4066871677e-01 -5.7717513844e-01  2.3917324701e-01  2.1885064973e+00 -8.0650964582e-01  3.6390955872e+00  4.3506208347e+00 -2.6783770709e+00  4.6486188753e+00  5.9400086645e+00 -2.8264717755e+00  3.8717920237e+00  5.7198412119e+00 -1.7122269031e+00  5.2368743633e+00  5.7886454959e+00 -4.4785850905e-01  3.0839528464e+00  4.1874778049e+00 -2.9297178854e-01  3.8150124085e+00
ENERGY -1.486559169393e+03

JOB 20
COORDS  3.9540049595e+00 -1.9421851776e+00 -2.5202887424e-01  1.5729119596e+00 -1.3651880223e+00 -7.9185757498e-02  4.8188212056e-01 -8.9493224988e-01  6.4878150561e-01  1.9602601505e+00 -5.4291834161e-01  2.5817427273e+00  2.8454076297e+00 -1.4386138152e+00  5.0575096272e-01  3.0499945727e+00 -1.0312345773e+00  1.8486604984e+00  7.1228922313e-01 -4.9277518187e-01  1.9633595025e+00  5.6100243453e+00 -2.2780963825e+00  3.9613125343e+00  4.5688929542e+00 -1.1946785786e+00  3.7380740359e+00  4.8351587460e+00 -2.3614702144e+00 -8.8805582439e-01 -1.9165575614e+00 -3.5269700339e-01  2.3513182217e+00 -3.6018747906e-01  6.3317723605e-03  4.3449010103e+00  4.3103894712e+00 -1.1121966574e+00  2.3142949895e+00 -6.6724050668e-01  1.2399472687e-01  2.9258535442e+00 -5.4509317210e-01  2.2087535578e+00  2.4590623108e+00  1.4457896638e+00 -1.6919161790e+00 -1.1061927823e+00 -5.1116007840e-01 -8.4466991239e-01  2.1656193742e-01  2.0710565190e+00 -1.9156266371e-01  3.6004179473e+00  5.2271191552e+00 -3.2504179761e+00  3.6398280975e+00  6.5229276248e+00 -2.0613013264e+00  3.4003654510e+00  5.8596884964e+00 -2.3338013185e+00  5.0259586791e+00  4.9151528616e+00 -2.1156265084e-01  4.0724223896e+00  3.6457238205e+00 -1.4413958561e+00  4.2696447041e+00
ENERGY -1.486560142435e+03

JOB 21
COORDS  4.0097552398e+00 -2.0114710772e+00 -3.0127205958e-01  1.6528965382e+00 -1.3446564465e+00 -1.2223351309e-01  5.7820458729e-01 -8.4865382968e-01  6.1348766307e-01  2.0554210737e+00 -6.2154926384e-01  2.5653376037e+00  2.9171607862e+00 -1.4886440457e+00  4.6651882485e-01  3.1285421345e+00 -1.1316098395e+00  1.8227498149e+00  8.1541112982e-01 -4.9674956162e-01  1.9407654181e+00  5.8191157909e+00 -2.1744878482e+00  3.9873403992e+00  4.6163227121e+00 -1.2870111421e+00  3.7228489699e+00  4.8783493315e+00 -2.4430479060e+00 -9.4628139510e-01 -1.8080395135e+00 -2.5296901651e-01  2.3160548527e+00 -2.5285493966e-01 -1.8613761427e-02  4.3290947390e+00  4.3789349680e+00 -1.2897479425e+00  2.2951527673e+00 -5.4333382184e-01  1.5159096573e-01  2.9119133035e+00 -3.2488695860e-01  2.2411434182e+00  2.5048469822e+00  1.5190743035e+00 -1.6341424526e+00 -1.1594982511e+00 -4.0835276232e-01 -7.4163165913e-01  1.7680058200e-01  2.1719820314e+00 -3.1337049878e-01  3.5969908298e+00  5.6133792581e+00 -3.2012342675e+00  3.6737516133e+00  6.6966424696e+00 -1.8138854576e+00  3.4440183893e+00  6.0475896824e+00 -2.1727705221e+00  5.0578555316e+00  4.7831421391e+00 -2.5338904917e-01  4.0462555782e+00  3.7345259198e+00 -1.6800311275e+00  4.2391709857e+00
ENERGY -1.486561708626e+03

JOB 22
COORDS  4.0010321619e+00 -2.0953307953e+00 -3.2251301719e-01  1.6792235934e+00 -1.3168583905e+00 -1.6828968112e-01  6.1540294967e-01 -7.8685734826e-01  5.5985454148e-01  2.0572220733e+00 -7.0505695154e-01  2.5518491803e+00  2.9199710959e+00 -1.5452207889e+00  4.4238303643e-01  3.1190962831e+00 -1.2444452427e+00  1.8143994774e+00  8.4163884150e-01 -4.9226818706e-01  1.9025132728e+00  5.8876729117e+00 -2.0721598805e+00  4.0366924919e+00  4.5687289286e+00 -1.3868996057e+00  3.7326882367e+00  4.8611652907e+00 -2.5451400957e+00 -9.6638640774e-01 -1.7736000499e+00 -1.2217133127e-01  2.2288548274e+00 -2.5520187707e-01 -3.5312092610e-02  4.2816863614e+00  4.3456161523e+00 -1.4954827625e+00  2.3091175035e+00 -5.0369482336e-01  1.9511384618e-01  2.8650473749e+00 -1.6715233234e-01  2.2822279727e+00  2.5312375447e+00  1.5549817718e+00 -1.5643650794e+00 -1.2175415368e+00 -3.5342835961e-01 -6.1148394311e-01  1.0585526378e-01  2.1603162286e+00 -4.4914965126e-01  3.5988317406e+00  5.8431070591e+00 -3.1290767867e+00  3.7614620107e+00  6.7063241143e+00 -1.6027101018e+00  3.4846592518e+00  6.1012544770e+00 -1.9967812155e+00  5.1073521115e+00  4.5852937230e+00 -3.2610636496e-01  4.0100511230e+00  3.7451948706e+00 -1.8776778413e+00  4.2639105939e+00
ENERGY -1.486563077918e+03

JOB 23
COORDS  3.9782963815e+00 -2.1597671480e+00 -3.2678024972e-01  1.6943149434e+00 -1.2707863135e+00 -1.8393499097e-01  6.4497543634e-01 -7.1320645066e-01  5.4532926103e-01  2.0437559791e+00 -7.9628999220e-01  2.5665739114e+00  2.9086757255e+00 -1.5887941660e+00  4.3903900110e-01  3.0935644635e+00 -1.3541873858e+00  1.8260114301e+00  8.5566388913e-01 -4.8943971113e-01  1.9038407527e+00  5.9548386313e+00 -1.9574893831e+00  4.0242156500e+00  4.5431261574e+00 -1.4813500141e+00  3.7400591377e+00  4.8307175159e+00 -2.6214687737e+00 -9.7249717802e-01 -1.7420348321e+00  1.7244135913e-02  2.1887003989e+00 -2.7720874597e-01 -1.0427665600e-01  4.2782917872e+00  4.2912817750e+00 -1.6984712526e+00  2.3347338028e+00 -4.7343922547e-01  2.2095354528e-01  2.8721030568e+00 -6.2786222701e-03  2.3008202816e+00  2.6707137764e+00  1.5797585461e+00 -1.4669720597e+00 -1.2450699586e+00 -3.0243485440e-01 -4.6564198911e-01  7.9932491581e-02  2.1308858082e+00 -6.0646105830e-01  3.6287522818e+00  6.0603894658e+00 -3.0185836986e+00  3.7834838842e+00  6.6799679944e+00 -1.3921436918e+00  3.4329153685e+00  6.1821166661e+00 -1.8154850687e+00  5.0851599902e+00  4.4294214496e+00 -4.1345759761e-01  3.9624295241e+00  3.8071256170e+00 -2.0442169567e+00  4.3266382368e+00
ENERGY -1.486563645358e+03

