JOB 0
COORDS  3.3377216682e+00  2.7507475854e-01 -9.2966955564e-01  3.3079008054e+00  1.1164805518e+00 -1.9770542250e+00  2.6575468976e+00 -3.3727302927e+00 -1.2997848445e+00  2.8201050157e+00  2.5371022264e+00 -1.8229584338e+00  3.7453727271e+00  7.3926554731e-01 -3.3712534435e+00  4.2962218997e+00 -1.5596884804e+00  4.5951072436e-01  3.8102944286e+00 -1.1649577431e+00 -9.4354681777e-01  1.3832682186e+00 -3.9320031065e+00 -1.4805266821e+00  2.6885593282e+00 -1.9997084954e+00 -1.4384044504e+00  3.6395383148e+00 -4.0663091644e+00 -1.0446434387e+00  2.9901277558e+00  6.3901518339e-01  3.7737085799e-02  3.6048017341e+00  3.2496256967e+00 -2.1079291851e+00  1.9655654224e+00  2.7320538911e+00 -2.4835703483e+00  2.5170283254e+00  2.7560741583e+00 -7.9546568104e-01  2.9255743191e+00  9.0139949242e-01 -4.0824260238e+00  4.0572465882e+00 -3.0272133949e-01 -3.4534043100e+00  4.5742367086e+00  1.3789622667e+00 -3.7001452570e+00  4.6722193361e+00 -2.5821118941e+00  4.7304466319e-01  3.4791866039e+00 -1.4765604257e+00  1.1857238541e+00  5.0967832658e+00 -8.7832128484e-01  7.6735383172e-01  4.6431819422e+00 -1.2886906027e+00 -1.6418666667e+00  1.4445866923e+00 -4.9318484050e+00 -1.6372779187e+00  7.7904548494e-01 -3.4671558225e+00 -2.1498588972e+00  1.7895728974e+00 -1.5350969264e+00 -1.3870516787e+00
ENERGY -4.600066624773e+02

JOB 1
COORDS  3.2288531215e+00  1.8350097329e-01 -1.0446847175e+00  3.3126439622e+00  1.1273761091e+00 -1.9978283529e+00  2.5291078667e+00 -3.4384891924e+00 -1.0875497993e+00  2.7174033290e+00  2.4990875602e+00 -1.7823314868e+00  3.9867096616e+00  9.3790296832e-01 -3.3353116135e+00  4.4226088149e+00 -1.5512583711e+00  2.7059930086e-01  3.7855524664e+00 -1.2219719009e+00 -1.0886588858e+00  1.2298697321e+00 -3.9420111795e+00 -1.2715881463e+00  2.6667629512e+00 -2.1206034058e+00 -1.4690104645e+00  3.4278102371e+00 -4.1373168789e+00 -6.2544777034e-01  2.7066740796e+00  4.2990216429e-01 -1.1874385503e-01  3.4908293662e+00  3.2740352296e+00 -1.8595773059e+00  1.9686078115e+00  2.7264104228e+00 -2.5518819166e+00  2.2415042869e+00  2.5891302815e+00 -8.0213980723e-01  3.2863928131e+00  1.1690253811e+00 -4.1476969919e+00  4.3588921781e+00 -7.5496368786e-02 -3.4916705606e+00  4.8288632441e+00  1.6332426983e+00 -3.4426553289e+00  4.8849455472e+00 -2.5368968725e+00  2.6955564141e-01  3.6693437688e+00 -1.5276061497e+00  1.0657124461e+00  5.1796662499e+00 -7.9147955346e-01  4.9157691567e-01  4.5611587266e+00 -1.3039720681e+00 -1.8556784085e+00  1.2305639567e+00 -4.9555455036e+00 -1.2450477221e+00  7.1032209647e-01 -3.5740381863e+00 -2.0614990289e+00  1.8006001124e+00 -1.6257783680e+00 -1.6419098401e+00
ENERGY -4.600043546406e+02

JOB 2
COORDS  2.8158775796e+00  3.0868270370e-01 -1.1628123528e+00  2.8959882569e+00  1.0122022063e+00 -2.3054854260e+00  1.7942558000e+00 -2.9353813287e+00  1.1283859252e-01  2.3822600682e+00  2.4316816023e+00 -2.3739180088e+00  3.4907581199e+00  5.0203722110e-01 -3.5966009909e+00  4.1843151625e+00 -1.1254518100e+00  3.4103397165e-01  3.2891435844e+00 -1.1034876450e+00 -9.0602650133e-01  4.5113160879e-01 -3.3549413994e+00  7.1786244313e-02  2.0803562847e+00 -1.9578444597e+00 -8.1455125970e-01  2.5848274699e+00 -3.4126906662e+00  9.2243136135e-01  2.3579981959e+00  7.8466731673e-01 -2.9404955639e-01  3.1872583656e+00  3.1233409290e+00 -2.6538877123e+00  1.6041675452e+00  2.5295982305e+00 -3.1418807630e+00  1.9657230343e+00  2.7622419803e+00 -1.4187021256e+00  2.7699000847e+00  6.1267645842e-01 -4.4163486117e+00  3.7927451310e+00 -5.4540737415e-01 -3.5527871799e+00  4.3705742975e+00  1.0966601515e+00 -3.8734265650e+00  4.5871753069e+00 -2.1182173185e+00  5.3555072253e-01  3.6309427136e+00 -8.0877077798e-01  1.2296947821e+00  5.0069305301e+00 -4.2237432922e-01  1.7384007949e-01  3.8868857163e+00 -1.4610570358e+00 -1.7503684621e+00  3.3714085300e-01 -4.2283525272e+00  5.7393418817e-01  1.2192087582e-02 -3.3746593436e+00 -8.4273206108e-01  1.2776174727e+00 -1.5532339825e+00 -1.2799341362e+00
ENERGY -4.600027345094e+02

JOB 3
COORDS  2.7552207518e+00  2.7131867903e-01 -1.1945158915e+00  2.8949659124e+00  1.0300049501e+00 -2.2953748826e+00  1.6802273941e+00 -2.7937405572e+00  2.6588015747e-01  2.3523790848e+00  2.4400676645e+00 -2.3321913230e+00  3.5906139460e+00  5.9996912405e-01 -3.5655317952e+00  4.2365141320e+00 -1.1975156265e+00  1.9358964048e-01  3.2370415917e+00 -1.1429810006e+00 -9.6818191619e-01  4.1848992389e-01 -3.3936822630e+00  8.4685675117e-02  2.0495118854e+00 -2.0100607459e+00 -8.0397192592e-01  2.3213552389e+00 -2.9594705951e+00  1.3001263302e+00  2.2333027275e+00  6.9715689905e-01 -3.3595440327e-01  3.1573181277e+00  3.1624627265e+00 -2.5197463666e+00  1.6279880207e+00  2.5593121108e+00 -3.1483244900e+00  1.8608592732e+00  2.7130742759e+00 -1.3946560048e+00  2.9247447797e+00  7.2998563653e-01 -4.4279909638e+00  3.9255697722e+00 -4.3846456758e-01 -3.5510278602e+00  4.4681371350e+00  1.2320247126e+00 -3.7520067548e+00  4.5918852161e+00 -2.2133021129e+00  3.7242855659e-01  3.7978906603e+00 -8.3042405369e-01  1.1227566190e+00  5.0856990846e+00 -5.6064663908e-01 -7.4627032880e-02  3.7607803758e+00 -1.5009821803e+00 -1.8604533114e+00  2.6634000735e-01 -4.1132747834e+00  7.8260002640e-01  2.0755591462e-01 -3.7155967125e+00 -8.5406701673e-01  1.3117743137e+00 -1.8033161394e+00 -1.4658468370e+00
ENERGY -4.600023482244e+02

JOB 4
COORDS  2.7307575173e+00  2.4357454435e-01 -1.2091892035e+00  2.8938613334e+00  1.0393668918e+00 -2.2799915053e+00  1.5904423883e+00 -2.6531294811e+00  3.0970728588e-01  2.3309406991e+00  2.4419435189e+00 -2.2885592775e+00  3.6358657060e+00  6.6171780669e-01 -3.5407985106e+00  4.2615599545e+00 -1.2709713190e+00  1.0264941585e-01  3.2191712215e+00 -1.1737438305e+00 -1.0173235955e+00  4.2327575580e-01 -3.4123824586e+00  9.9011088317e-02  2.0558942737e+00 -2.0688238931e+00 -8.4645090595e-01  2.0783429901e+00 -2.5264915786e+00  1.4298889192e+00  2.1798265278e+00  6.3489526027e-01 -3.5251222805e-01  3.1293210226e+00  3.1823317005e+00 -2.4281420055e+00  1.6293302000e+00  2.5766208804e+00 -3.1221337653e+00  1.8068577968e+00  2.6767615266e+00 -1.3583612342e+00  2.9943341243e+00  8.0476444494e-01 -4.4195890255e+00  3.9929059542e+00 -3.6964473705e-01 -3.5478461736e+00  4.5057333203e+00  1.3159787631e+00 -3.6809648256e+00  4.5611944402e+00 -2.3079885227e+00  2.7448425094e-01  3.8880731783e+00 -8.7056034788e-01  1.0446239354e+00  5.1386966414e+00 -6.9541566010e-01 -2.1001804476e-01  3.7092832718e+00 -1.5143476717e+00 -1.9345793076e+00  2.1003531545e-01 -3.9687441133e+00  9.1948805115e-01  3.9801067524e-01 -3.9582202368e+00 -7.5579804494e-01  1.3924509611e+00 -2.0255726853e+00 -1.6099970640e+00
ENERGY -4.600031912571e+02

JOB 5
COORDS  2.6907802546e+00  1.8864031004e-01 -1.2382187736e+00  2.8878271402e+00  1.0344355206e+00 -2.2636809205e+00  1.5249814380e+00 -2.5254621740e+00  3.1039790532e-01  2.2873481024e+00  2.4212835305e+00 -2.2451820940e+00  3.7088465208e+00  7.3064274063e-01 -3.4950894678e+00  4.2878344580e+00 -1.3380114786e+00  1.0270596379e-04  3.2078290075e+00 -1.2230119045e+00 -1.0830009492e+00  4.2157823768e-01 -3.3846403462e+00  1.6291634720e-01  2.0796884222e+00 -2.1578807329e+00 -8.9587363740e-01  1.8989890805e+00 -2.1384297576e+00  1.4150273222e+00  2.0912452253e+00  5.2833133253e-01 -3.9277254990e-01  3.0709952449e+00  3.1877393258e+00 -2.3054403068e+00  1.6310927629e+00  2.5750248059e+00 -3.1118495944e+00  1.7041401644e+00  2.6004172968e+00 -1.3380931450e+00  3.1119344433e+00  8.8578023834e-01 -4.4028504552e+00  4.1031765659e+00 -2.8697668785e-01 -3.5197899834e+00  4.5616766442e+00  1.4181385960e+00 -3.5622097887e+00  4.5793889521e+00 -2.3830365334e+00  1.4526781242e-01  3.9476962052e+00 -9.4417644222e-01  9.5671738859e-01  5.1636345021e+00 -7.7179272127e-01 -3.3220412642e-01  3.6692734361e+00 -1.5424537577e+00 -2.0218994971e+00  1.5064416389e-01 -3.7767701852e+00  1.0578722644e+00  5.0424575408e-01 -4.0891749323e+00 -5.6227530694e-01  1.4713185434e+00 -2.2466972416e+00 -1.7002729207e+00
ENERGY -4.600048293198e+02

JOB 6
COORDS  2.7030234675e+00  1.3597388011e-01 -1.2311891240e+00  2.8777286913e+00  1.0077334974e+00 -2.2387159876e+00  1.4755155084e+00 -2.4080940224e+00  2.5619702467e-01  2.2453310420e+00  2.3796684205e+00 -2.1877946836e+00  3.6999016598e+00  7.5058148278e-01 -3.4800521205e+00  4.3406213883e+00 -1.3836901172e+00 -3.2913585331e-02  3.2556257814e+00 -1.2654827307e+00 -1.1119015469e+00  3.9420051426e-01 -3.2963455732e+00  1.4632136354e-01  2.1641074041e+00 -2.2466154075e+00 -9.2986218275e-01  1.7369966470e+00 -1.8299254295e+00  1.3085635010e+00  2.1017712114e+00  4.4216073495e-01 -3.7530868377e-01  3.0107290796e+00  3.1654577920e+00 -2.2330996640e+00  1.5825305534e+00  2.5374839508e+00 -3.0488030315e+00  1.6613139746e+00  2.5244781211e+00 -1.2751334588e+00  3.0916791063e+00  8.9938132013e-01 -4.3814345670e+00  4.1279584419e+00 -2.5274014071e-01 -3.5238400059e+00  4.5287491994e+00  1.4672630529e+00 -3.5424704577e+00  4.6651312444e+00 -2.4248879159e+00  6.7771764489e-02  3.9809351846e+00 -1.0378570507e+00  9.3557039233e-01  5.1999796759e+00 -7.7614505668e-01 -3.3332469923e-01  3.7164232969e+00 -1.5567049806e+00 -2.0595514169e+00  3.1658218770e-02 -3.5420014047e+00  1.0607731775e+00  5.4525641232e-01 -4.1051497902e+00 -4.4689345896e-01  1.6189975658e+00 -2.4226238308e+00 -1.7653103201e+00
ENERGY -4.600065446266e+02

JOB 7
COORDS  2.7277383950e+00  9.0384863901e-02 -1.2079651400e+00  2.8639040264e+00  9.7403648183e-01 -2.2111946189e+00  1.4357951647e+00 -2.3126399548e+00  1.9187342113e-01  2.2144062577e+00  2.3366656924e+00 -2.1296946166e+00  3.6556897426e+00  7.4258536592e-01 -3.4770991543e+00  4.4058942095e+00 -1.3958881594e+00 -4.3043501441e-02  3.3147493680e+00 -1.2993930957e+00 -1.1199703706e+00  3.5194035533e-01 -3.1942934819e+00  8.2219974072e-02  2.2679614137e+00 -2.3290090206e+00 -9.1400937246e-01  1.5960276489e+00 -1.5978032214e+00  1.1784975245e+00  2.1465352102e+00  3.7736450254e-01 -3.3388379200e-01  2.9671574817e+00  3.1339633239e+00 -2.1863474324e+00  1.5273479859e+00  2.4938424010e+00 -2.9716462913e+00  1.6521286861e+00  2.4632684700e+00 -1.2008954009e+00  3.0200277543e+00  8.8867450243e-01 -4.3598182112e+00  4.0994500281e+00 -2.5273827994e-01 -3.5429244051e+00  4.4700154598e+00  1.4742377901e+00 -3.5561129606e+00  4.7884505301e+00 -2.4202839087e+00  1.8856181915e-02  4.0155732535e+00 -1.1082990765e+00  9.3401337113e-01  5.2312846814e+00 -7.2655568919e-01 -3.0483164580e-01  3.7718571342e+00 -1.5718937993e+00 -2.0740325497e+00 -1.0569128747e-01 -3.3263604725e+00  9.7713107896e-01  5.3421185062e-01 -4.0668563305e+00 -4.0168588382e-01  1.8037099191e+00 -2.6110901016e+00 -1.7698379752e+00
ENERGY -4.600072407260e+02

JOB 8
COORDS  2.8357447728e+00  9.8980653517e-02 -1.1212110497e+00  2.8523720637e+00  9.3954896664e-01 -2.1698211585e+00  1.3876113212e+00 -2.2248114927e+00  6.7682672224e-02  2.2385388541e+00  2.3165064995e+00 -2.0569667814e+00  3.4556495970e+00  6.4464688851e-01 -3.5234504578e+00  4.4877163385e+00 -1.3819381492e+00  5.1372608967e-02  3.4255889360e+00 -1.2906421533e+00 -1.0561537056e+00  3.1730972309e-01 -3.1045743103e+00 -1.4512601947e-01  2.4059227743e+00 -2.3573769148e+00 -8.6270005466e-01  1.3957360159e+00 -1.4258884075e+00  1.0006730515e+00  2.3657924803e+00  4.2647558590e-01 -1.9806286394e-01  2.9876125200e+00  3.0965668787e+00 -2.2470004657e+00  1.4460479304e+00  2.4539951885e+00 -2.8043222941e+00  1.8084119762e+00  2.4887078435e+00 -1.0670252816e+00  2.6994725281e+00  7.5829412746e-01 -4.3107791432e+00  3.8784992192e+00 -3.5827326750e-01 -3.6091008599e+00  4.2530051837e+00  1.3632777207e+00 -3.7525184652e+00  4.9231617058e+00 -2.3860527248e+00  8.0645612955e-02  4.0395580143e+00 -1.1674752711e+00  1.0243584762e+00  5.2842841294e+00 -6.5451320060e-01 -1.3396987372e-01  3.9045668884e+00 -1.5426209409e+00 -2.0041254294e+00 -2.7963438246e-01 -3.1580970645e+00  6.7268733782e-01  5.5611439866e-01 -4.0171217395e+00 -5.1839022234e-01  2.0870822807e+00 -2.7556959143e+00 -1.7390974042e+00
ENERGY -4.600058343527e+02

JOB 9
COORDS  3.1592889327e+00  2.0380758094e-01 -9.4032525891e-01  2.8274404491e+00  8.8079346849e-01 -2.0510798285e+00  1.3818369389e+00 -2.0175872572e+00 -3.0587183735e-01  2.3111906838e+00  2.2973135930e+00 -1.9691151634e+00  2.8804090204e+00  3.1140943479e-01 -3.4486252553e+00  4.6011977220e+00 -1.3995573024e+00  3.3375683350e-01  3.6847846809e+00 -1.2152951546e+00 -8.8388187648e-01  3.7560533062e-01 -2.8857949936e+00 -7.5536063278e-01  2.6228399524e+00 -2.2613704502e+00 -8.6763880286e-01  1.1573861888e+00 -1.1319805923e+00  5.1345825478e-01  3.0341000737e+00  6.9175437701e-01  2.2246385199e-02  2.9406868058e+00  2.9811616196e+00 -2.5537098346e+00  1.2979945353e+00  2.3668440087e+00 -2.3862806179e+00  2.2779027277e+00  2.6565256396e+00 -9.3736230443e-01  1.8680515498e+00  2.3848654842e-01 -3.8667596182e+00  3.3280063637e+00 -6.8402693703e-01 -3.4953916461e+00  3.4491534260e+00  9.7004785974e-01 -4.1170380273e+00  5.0166450305e+00 -2.4116428282e+00  3.5723311510e-01  4.0341404579e+00 -1.2377928797e+00  1.2550419749e+00  5.4262527892e+00 -6.7993055991e-01  3.0311861358e-01  4.2682876521e+00 -1.4245385412e+00 -1.7842383595e+00 -4.3022242906e-01 -2.8574634038e+00 -1.4065038400e-01  6.6493667415e-01 -3.8326214352e+00 -9.7682733748e-01  2.5782497131e+00 -2.7966229931e+00 -1.7271001628e+00
ENERGY -4.600034100392e+02

JOB 10
COORDS  3.0967719718e+00  1.9025621558e-01 -9.4082029658e-01  2.8385276877e+00  9.0945175980e-01 -2.0444185768e+00  1.2614397140e+00 -2.0166146499e+00 -3.6779832698e-01  2.3471570422e+00  2.3330987410e+00 -1.9340749872e+00  2.9470284934e+00  3.9440658632e-01 -3.4593869345e+00  4.6452065696e+00 -1.3828701707e+00  2.3470094736e-01  3.6168341919e+00 -1.2271575224e+00 -8.9658188198e-01  3.6851785394e-01 -3.0516829275e+00 -7.0010449401e-01  2.5628323045e+00 -2.2685430898e+00 -7.5083202931e-01  8.8262981289e-01 -1.0011352129e+00  2.0762248737e-01  2.9314467596e+00  6.5284583161e-01  2.8183692329e-02  3.0154136914e+00  3.0239913764e+00 -2.4649525554e+00  1.3553230407e+00  2.4372426885e+00 -2.3929786809e+00  2.2733652597e+00  2.6562697155e+00 -8.9262197838e-01  1.9576636428e+00  3.9107238372e-01 -3.9347630174e+00  3.3453868848e+00 -6.2019006465e-01 -3.5262601147e+00  3.5841615970e+00  1.0507769570e+00 -4.0656992613e+00  5.0543405020e+00 -2.3983631553e+00  2.5499139696e-01  4.1712892299e+00 -1.1866834742e+00  1.2014863494e+00  5.4704630034e+00 -6.7521752236e-01  1.0194067360e-01  4.1157181488e+00 -1.4529775246e+00 -1.8426957869e+00 -4.9364816445e-01 -2.9605445197e+00 -1.7408597858e-01  7.4198571213e-01 -3.9946130964e+00 -6.6589206584e-01  2.6663103197e+00 -3.0409005232e+00 -1.3973603508e+00
ENERGY -4.600009003649e+02

JOB 11
COORDS  2.9687588335e+00  1.5548076757e-01 -9.8702540257e-01  2.8615121403e+00  9.5772924068e-01 -2.0573652456e+00  1.1240121965e+00 -2.0862531327e+00 -4.3597172584e-01  2.3600473764e+00  2.3734914633e+00 -1.8976611315e+00  3.1579575644e+00  5.6365749720e-01 -3.4842899638e+00  4.6321975678e+00 -1.3879425699e+00  6.1874560526e-02  3.4940587525e+00 -1.2561712080e+00 -9.6516049045e-01  3.8392607899e-01 -3.2855131617e+00 -4.4221447712e-01  2.4653064358e+00 -2.2825994504e+00 -6.7736639532e-01  5.8038019123e-01 -1.0026712772e+00 -2.4658828100e-01  2.6838199847e+00  5.5313893252e-01 -1.6345887707e-02  3.0834724119e+00  3.0976545669e+00 -2.2951174734e+00  1.4273741641e+00  2.5169810744e+00 -2.4585852273e+00  2.1653520548e+00  2.6193317253e+00 -8.5069072694e-01  2.2574481624e+00  6.8329653346e-01 -4.1000993496e+00  3.4968727969e+00 -4.6805749004e-01 -3.5955461388e+00  3.9233205752e+00  1.2203530727e+00 -3.9176684455e+00  5.0291410550e+00 -2.4095748400e+00  8.3444664755e-02  4.2679406130e+00 -1.1429645240e+00  1.0646069934e+00  5.4501877096e+00 -7.0519132301e-01 -1.8914532794e-01  3.9010204404e+00 -1.4981623112e+00 -1.9515350004e+00 -5.2981201618e-01 -3.1371397006e+00 -2.8382704697e-02  8.4972417672e-01 -4.1018873208e+00 -5.9735250484e-02  2.7221460034e+00 -3.2150677626e+00 -9.7583334348e-01
ENERGY -4.599996657107e+02

JOB 12
COORDS  2.8194929606e+00  8.4440165857e-02 -1.0698149470e+00  2.8713873312e+00  9.8684092142e-01 -2.0607326658e+00  1.0284957801e+00 -2.2029055283e+00 -5.1657123324e-01  2.3237818153e+00  2.3787056037e+00 -1.8498128963e+00  3.4123061380e+00  7.3903510749e-01 -3.4484634359e+00  4.6098057436e+00 -1.4194897534e+00 -1.8309064010e-01  3.3691313861e+00 -1.3168658009e+00 -1.0879109081e+00  4.1617467167e-01 -3.3873768648e+00 -5.9265934531e-02  2.3918140067e+00 -2.3313061574e+00 -6.5182466270e-01  3.6917533716e-01 -1.2054766755e+00 -7.9197763725e-01  2.3872974890e+00  3.8984227866e-01 -1.1915328825e-01  3.0896461169e+00  3.1407714056e+00 -2.0460007568e+00  1.4962219367e+00  2.5753747132e+00 -2.5437925465e+00  1.9510714355e+00  2.5189633285e+00 -8.3188952115e-01  2.6331088038e+00  9.3320176930e-01 -4.1964703849e+00  3.7762488117e+00 -2.7799245731e-01 -3.6049271922e+00  4.2375385522e+00  1.4283000482e+00 -3.6696405777e+00  5.0121708591e+00 -2.4404772493e+00 -1.7154964875e-01  4.3594965911e+00 -1.1367465626e+00  8.4449681844e-01  5.3934176762e+00 -7.4927561555e-01 -5.4789174977e-01  3.6762526273e+00 -1.5704288577e+00 -2.1083231028e+00 -5.4791700707e-01 -3.2081136023e+00  1.9857424008e-01  9.1812066967e-01 -3.8978749203e+00  6.5973383075e-01  2.7619255369e+00 -3.2692264949e+00 -5.6610293036e-01
ENERGY -4.600002123370e+02

JOB 13
COORDS  3.2175566417e+00  2.6624568757e-02 -9.9428958460e-01  3.4369924994e+00  8.1232966407e-01 -2.0591959529e+00  2.1532022518e+00 -2.5381031981e+00 -1.9790679209e+00  2.6405777000e+00  2.0796271011e+00 -2.2533107302e+00  4.3979092767e+00  5.0031768454e-01 -3.1763609413e+00  4.2740234409e+00 -1.3282576377e+00  8.3372616350e-01  3.9034963094e+00 -1.2720644958e+00 -6.5178539908e-01  1.1616027553e+00 -3.5113972005e+00 -1.7676387938e+00  3.0832244417e+00 -2.4684258931e+00 -9.6194155576e-01  2.2174739900e+00 -1.8961647413e+00 -3.0234130909e+00  2.4464801791e+00  3.3005804094e-01 -2.8256272252e-01  3.3016167684e+00  2.9504271285e+00 -2.3507371676e+00  2.0549942476e+00  2.0217004181e+00 -3.1798312929e+00  1.9516379748e+00  2.2625963938e+00 -1.4238876966e+00  3.8292159929e+00  2.9914382183e-01 -4.0916409762e+00  5.0164511008e+00 -3.7686490158e-01 -2.9855895118e+00  5.0546146234e+00  1.3563885234e+00 -3.3758109524e+00  4.7756122984e+00 -2.2708903652e+00  1.0823595058e+00  3.3821904457e+00 -1.2302861651e+00  1.4643328951e+00  4.9529293734e+00 -5.0759354034e-01  1.0790474319e+00  4.8295633881e+00 -1.3504900285e+00 -1.2289402009e+00  4.4701227715e-01 -3.4605205136e+00 -2.4848566925e+00  7.7547785305e-01 -3.5693088869e+00 -8.3174180851e-01  2.9218305504e+00 -3.0916959879e+00 -1.8033070342e-01
ENERGY -4.600023791114e+02

JOB 14
COORDS  3.2000502792e+00  5.1980394540e-03 -9.7386376612e-01  3.3965018468e+00  7.8754631491e-01 -2.0469439452e+00  2.2488094416e+00 -2.6134054168e+00 -1.9806338190e+00  2.5947207771e+00  2.0547981241e+00 -2.2270531310e+00  4.3591261329e+00  4.9466745010e-01 -3.1687139305e+00  4.3744429238e+00 -1.3154426107e+00  8.1657029873e-01  3.8897109165e+00 -1.2940658617e+00 -6.3518599537e-01  1.1399055838e+00 -3.4562307443e+00 -1.8282467309e+00  3.0200220695e+00 -2.4758198560e+00 -8.4221468761e-01  2.5507468304e+00 -2.1265296068e+00 -3.0666793223e+00  2.4446054655e+00  3.1416817225e-01 -2.4698126676e-01  3.2541775611e+00  2.9273149461e+00 -2.3203745724e+00  2.0045902964e+00  2.0062480397e+00 -3.1512390114e+00  1.9104877303e+00  2.2306461100e+00 -1.3920616425e+00  3.8025741430e+00  3.7746271637e-01 -4.1055428620e+00  4.9313395234e+00 -4.2050303419e-01 -3.0223422449e+00  5.0563693415e+00  1.3315085524e+00 -3.3047030924e+00  4.8743473291e+00 -2.2617148264e+00  1.0501778490e+00  3.5375173039e+00 -1.1816965278e+00  1.5138194970e+00  5.0807020050e+00 -4.9886613849e-01  9.8603765967e-01  4.7578869765e+00 -1.4242269631e+00 -1.2849321589e+00  5.4008625084e-01 -3.4276701529e+00 -2.6444752681e+00  6.2942369772e-01 -3.3993611299e+00 -9.5442463999e-01  2.6275419543e+00 -2.8668758068e+00  6.5390842277e-03
ENERGY -4.600054657287e+02

JOB 15
COORDS  3.1835728775e+00  2.2748375371e-02 -9.5078029711e-01  3.3678544891e+00  7.9660289332e-01 -2.0330213665e+00  2.3120882265e+00 -2.7028161804e+00 -1.9583806423e+00  2.5960107971e+00  2.0854580387e+00 -2.1947084722e+00  4.3099078375e+00  4.8695966074e-01 -3.1691136958e+00  4.4302554689e+00 -1.2986089518e+00  7.9192944614e-01  3.8510349108e+00 -1.2927052172e+00 -6.2502953249e-01  1.1706441255e+00 -3.5084271592e+00 -1.8724084206e+00  2.9192595462e+00 -2.4323900217e+00 -7.4835199202e-01  2.7799831779e+00 -2.3506433043e+00 -3.0385171758e+00  2.4584206931e+00  3.5359369563e-01 -2.0281230451e-01  3.2772734569e+00  2.9371725065e+00 -2.3191042904e+00  1.9714771647e+00  2.0494286081e+00 -3.0966395277e+00  1.9486125207e+00  2.2881052154e+00 -1.3366760883e+00  3.7672822177e+00  5.2483418896e-01 -4.1207956434e+00  4.7606636767e+00 -5.0158979853e-01 -3.0984707037e+00  5.1048221799e+00  1.2426487690e+00 -3.2226501189e+00  4.9098606695e+00 -2.2575048376e+00  1.0135720257e+00  3.6469399210e+00 -1.1210102048e+00  1.5401854373e+00  5.1714898930e+00 -5.0205953926e-01  8.9647227984e-01  4.6597508344e+00 -1.4824992872e+00 -1.3317542725e+00  6.7820395771e-01 -3.5486156190e+00 -2.7570316439e+00  5.5748129329e-01 -3.3660979872e+00 -1.0779747643e+00  2.3927964449e+00 -2.6554340542e+00  8.8594064918e-02
ENERGY -4.600078309631e+02

JOB 16
COORDS  3.1763848380e+00  7.1361894481e-02 -9.2266187072e-01  3.3489666610e+00  8.3198178211e-01 -2.0168421170e+00  2.3799697293e+00 -2.8106660096e+00 -1.9339146243e+00  2.6434741154e+00  2.1620803906e+00 -2.1457100070e+00  4.2264817422e+00  4.7075078291e-01 -3.1905399648e+00  4.4401876640e+00 -1.2925538285e+00  7.7161889250e-01  3.8020036303e+00 -1.2714695078e+00 -6.2082358129e-01  1.2303196269e+00 -3.6062383587e+00 -1.8917514393e+00  2.8170394650e+00 -2.3636317910e+00 -7.0582328439e-01  2.9904833684e+00 -2.6072074919e+00 -2.9822736614e+00  2.5067388764e+00  4.4140881411e-01 -1.4204170229e-01  3.3670659648e+00  2.9741645168e+00 -2.2945147445e+00  1.9833120211e+00  2.1673002817e+00 -3.0226065720e+00  2.0432389876e+00  2.3975390564e+00 -1.2621084920e+00  3.6709323072e+00  6.0705728835e-01 -4.1259992760e+00  4.5690059683e+00 -5.6285050775e-01 -3.1688335367e+00  5.0953500259e+00  1.1406667652e+00 -3.2385860278e+00  4.8997723960e+00 -2.2651307762e+00  9.7289899843e-01  3.6944112507e+00 -1.0943944574e+00  1.5523183142e+00  5.2065661211e+00 -5.1603935347e-01  8.4520399119e-01  4.5655942862e+00 -1.5048113929e+00 -1.3619192823e+00  8.5356662182e-01 -3.7645779892e+00 -2.8187529441e+00  5.2363497544e-01 -3.3719933676e+00 -1.2041048861e+00  2.1911857372e+00 -2.4655969513e+00  8.4300119047e-02
ENERGY -4.600089285087e+02

JOB 17
COORDS  3.1811342332e+00  1.3604757536e-01 -8.9466250480e-01  3.3408323782e+00  8.8459517220e-01 -1.9993088222e+00  2.4446257242e+00 -2.9152812613e+00 -1.9015148262e+00  2.7146013133e+00  2.2563041366e+00 -2.0987922942e+00  4.1289505155e+00  4.6449864297e-01 -3.2169186746e+00  4.4171658371e+00 -1.3036622366e+00  7.5498793858e-01  3.7504336612e+00 -1.2390438199e+00 -6.2385874564e-01  1.3030515007e+00 -3.7254739039e+00 -1.8887846042e+00  2.7163008603e+00 -2.2800166429e+00 -7.1367312888e-01  3.1778326541e+00 -2.8479698266e+00 -2.8883747972e+00  2.5749111649e+00  5.4468165417e-01 -8.2393132946e-02  3.4791097458e+00  3.0201667178e+00 -2.2918922181e+00  2.0089472348e+00  2.3018267863e+00 -2.9383401402e+00  2.1801192563e+00  2.5321235626e+00 -1.1852193293e+00  3.5346153758e+00  6.3770495257e-01 -4.1223638703e+00  4.4071672041e+00 -5.8915929625e-01 -3.2096280843e+00  5.0353554633e+00  1.0764497812e+00 -3.3160810863e+00  4.8370767892e+00 -2.2979984920e+00  9.3430286195e-01  3.6975175137e+00 -1.0837865578e+00  1.5539784078e+00  5.2188786897e+00 -5.6235335011e-01  8.2117004243e-01  4.4844544972e+00 -1.5001003161e+00 -1.3842060018e+00  1.0452413496e+00 -4.0133620863e+00 -2.8254291406e+00  5.1446976845e-01 -3.4052627795e+00 -1.3381631786e+00  2.0328936496e+00 -2.3237786231e+00  3.1697630925e-02
ENERGY -4.600090898251e+02

JOB 18
COORDS  3.2428060225e+00  2.2231196580e-01 -8.3805772708e-01  3.3257473563e+00  9.2516647811e-01 -1.9805741518e+00  2.5636784161e+00 -2.9777393149e+00 -1.8836071602e+00  2.8021500951e+00  2.3404048583e+00 -2.0553964946e+00  3.9254629158e+00  4.0473622646e-01 -3.2653417274e+00  4.3541623154e+00 -1.3408736159e+00  7.8989775218e-01  3.7317075456e+00 -1.1921783048e+00 -6.0334265821e-01  1.4145770490e+00 -3.7785411903e+00 -1.9299281626e+00  2.6533013806e+00 -2.1745877171e+00 -7.7610252061e-01  3.4386347165e+00 -3.0500500241e+00 -2.7483068187e+00  2.7773433200e+00  7.0136136486e-01  2.6351980740e-02  3.5963332041e+00  3.0327673691e+00 -2.3635793108e+00  2.0071354665e+00  2.4228061610e+00 -2.8078247192e+00  2.4039190356e+00  2.6830349607e+00 -1.0960845639e+00  3.2295137131e+00  5.7412603368e-01 -4.0965765520e+00  4.1537443695e+00 -6.6114709214e-01 -3.2407556286e+00  4.8411092735e+00  9.5913691585e-01 -3.5106693599e+00  4.7307475337e+00 -2.3573962593e+00  9.3631511679e-01  3.6190290814e+00 -1.1289438112e+00  1.5766414094e+00  5.1821385381e+00 -6.3569797404e-01  9.1226993799e-01  4.4764355675e+00 -1.4622705014e+00 -1.3504838343e+00  1.2977938961e+00 -4.1947523185e+00 -2.8465650667e+00  5.5927276102e-01 -3.3697312030e+00 -1.5698925482e+00  1.8989428072e+00 -2.1747932179e+00 -1.0185489077e-01
ENERGY -4.600088996423e+02

JOB 19
COORDS  3.3773391538e+00  3.1212766741e-01 -7.7391550852e-01  3.3132750208e+00  9.5280397360e-01 -1.9533777896e+00  2.7253391279e+00 -3.0020219982e+00 -1.8699933321e+00  2.9219384816e+00  2.4093266848e+00 -2.0280447590e+00  3.6025413139e+00  3.0102219425e-01 -3.2835616678e+00  4.2480267247e+00 -1.3974705243e+00  8.6185096555e-01  3.7550867683e+00 -1.1435893607e+00 -5.6771238573e-01  1.5585101633e+00 -3.7609478693e+00 -2.0373236995e+00  2.6415463023e+00 -2.0425482955e+00 -8.9547938107e-01  3.7437031817e+00 -3.2240050856e+00 -2.5275733541e+00  3.1369040795e+00  8.7251873538e-01  1.3122797577e-01  3.7224369764e+00  3.0035761462e+00 -2.4872801377e+00  2.0328501278e+00  2.5438607902e+00 -2.6578349687e+00  2.7090150498e+00  2.8281745947e+00 -1.0404683333e+00  2.7056283042e+00  3.2759369472e-01 -3.9165261204e+00  3.9212228183e+00 -7.3879192005e-01 -3.2030399370e+00  4.3770950427e+00  8.6181574006e-01 -3.8223133739e+00  4.5509807757e+00 -2.4412010875e+00  9.8290895893e-01  3.4617876529e+00 -1.1787148149e+00  1.5951801269e+00  5.1044542637e+00 -7.5425404871e-01  1.0894046737e+00  4.5476111796e+00 -1.4264762678e+00 -1.2614165725e+00  1.5946388823e+00 -4.2971430473e+00 -2.8966791620e+00  6.7845835102e-01 -3.2717640121e+00 -1.9153252306e+00  1.7952966379e+00 -1.9667420999e+00 -3.4617468602e-01
ENERGY -4.600089584860e+02

JOB 20
COORDS  3.4201985223e+00  3.5146642779e-01 -7.7566843458e-01  3.3063083749e+00  1.0011983364e+00 -1.9461054343e+00  2.7828864765e+00 -3.0760191501e+00 -1.7979520297e+00  2.9618063516e+00  2.4700956524e+00 -1.9956480841e+00  3.4953516325e+00  3.4060632366e-01 -3.2898382668e+00  4.2011109790e+00 -1.4424474958e+00  8.2073608546e-01  3.7531351990e+00 -1.1198797291e+00 -6.1020465430e-01  1.6128414081e+00 -3.8248858045e+00 -1.9874330472e+00  2.6201907606e+00 -1.9636850334e+00 -1.0115055253e+00  3.8609417553e+00 -3.4171320293e+00 -2.2861182629e+00  3.2622100979e+00  9.1278123475e-01  1.4629487423e-01  3.7508478538e+00  3.0381192895e+00 -2.5050637957e+00  2.0388771096e+00  2.6365852635e+00 -2.5664400722e+00  2.8270709151e+00  2.8928418319e+00 -9.9608095201e-01  2.5600595741e+00  3.7668768104e-01 -3.8638044932e+00  3.8047836841e+00 -7.0285851705e-01 -3.2209978985e+00  4.2433507912e+00  8.8465223609e-01 -3.8803992947e+00  4.4659647464e+00 -2.4997637472e+00  9.0739185938e-01  3.4038556489e+00 -1.2240695919e+00  1.5418834023e+00  5.0744322757e+00 -8.4014790377e-01  1.0930355124e+00  4.5591770567e+00 -1.4005860193e+00 -1.2902379527e+00  1.7248289186e+00 -4.4879664378e+00 -2.7459456467e+00  7.4761216865e-01 -3.2991292589e+00 -2.0497224397e+00  1.7478440797e+00 -1.8393137694e+00 -5.1364314777e-01
ENERGY -4.600091708433e+02

JOB 21
COORDS  3.4230734917e+00  3.6316591814e-01 -8.0052581694e-01  3.3045864732e+00  1.0473167889e+00 -1.9507150532e+00  2.7940059969e+00 -3.1675142049e+00 -1.6796150705e+00  2.9725949680e+00  2.5198492131e+00 -1.9559461932e+00  3.4799901204e+00  4.2371807514e-01 -3.3135115248e+00  4.1828424579e+00 -1.4825378764e+00  7.4737761897e-01  3.7486094476e+00 -1.1131101683e+00 -6.7663678884e-01  1.6098358188e+00 -3.8871877492e+00 -1.8918669386e+00  2.6065082071e+00 -1.9263247135e+00 -1.1192991588e+00  3.8996318076e+00 -3.6281932195e+00 -1.9627262233e+00  3.2777934404e+00  8.9954000065e-01  1.3798856983e-01  3.7635296435e+00  3.0955687465e+00 -2.4536510067e+00  2.0476671405e+00  2.7107585316e+00 -2.5156777309e+00  2.8477912832e+00  2.9144106550e+00 -9.4371084846e-01  2.5433095929e+00  4.8559151865e-01 -3.8826762815e+00  3.7748588226e+00 -6.2527443840e-01 -3.2707121809e+00  4.2331958290e+00  9.7380142502e-01 -3.8916189842e+00  4.4317483842e+00 -2.5454501864e+00  8.0210507561e-01  3.3834380023e+00 -1.2723240837e+00  1.4682306268e+00  5.0645455788e+00 -9.0265321757e-01  1.0411786051e+00  4.5623195536e+00 -1.3768021952e+00 -1.3554011870e+00  1.7682141249e+00 -4.6762483457e+00 -2.5083170953e+00  7.9547154825e-01 -3.3414896715e+00 -2.1525898040e+00  1.7101246468e+00 -1.7214610129e+00 -6.9515030750e-01
ENERGY -4.600094270398e+02

JOB 22
COORDS  3.4084272072e+00  3.5493730778e-01 -8.3584709843e-01  3.3027698361e+00  1.0848169155e+00 -1.9589294219e+00  2.7741227350e+00 -3.2494691854e+00 -1.5504092159e+00  2.9530154816e+00  2.5524788553e+00 -1.9093236601e+00  3.5173746235e+00  5.2271203230e-01 -3.3425190088e+00  4.1905575207e+00 -1.5178194781e+00  6.5685495867e-01  3.7565201147e+00 -1.1190594219e+00 -7.5994473648e-01  1.5721699514e+00 -3.9375943754e+00 -1.7668646051e+00  2.6125893747e+00 -1.9197159914e+00 -1.2310932737e+00  3.8702814733e+00 -3.8017042498e+00 -1.6318000657e+00  3.2353023911e+00  8.4963978616e-01  1.2046729092e-01  3.7431344258e+00  3.1564104969e+00 -2.3737785659e+00  2.0327714839e+00  2.7551295183e+00 -2.4724397408e+00  2.8118260661e+00  2.9046568004e+00 -8.8375649642e-01  2.6116138037e+00  6.4965985153e-01 -3.9492952057e+00  3.7690975509e+00 -5.3827492157e-01 -3.3371033116e+00  4.3171206955e+00  1.0699675464e+00 -3.8576899646e+00  4.4466213070e+00 -2.5789835347e+00  6.8915348828e-01  3.3875088605e+00 -1.3249572949e+00  1.3782287063e+00  5.0681665946e+00 -9.3736246641e-01  9.6192440002e-01  4.5783525380e+00 -1.3497436054e+00 -1.4422200860e+00  1.7384306647e+00 -4.8284461881e+00 -2.2214624604e+00  8.2660514226e-01 -3.4062595337e+00 -2.2036958419e+00  1.7013065382e+00 -1.6238690744e+00 -9.0192378347e-01
ENERGY -4.600095301921e+02

JOB 23
COORDS  3.3872692146e+00  3.2698172013e-01 -8.7519955288e-01  3.3069471828e+00  1.1064625654e+00 -1.9667525264e+00  2.7316078587e+00 -3.3141401547e+00 -1.4342363994e+00  2.9033253938e+00  2.5575464059e+00 -1.8638219811e+00  3.6044659395e+00  6.2099152390e-01 -3.3640276737e+00  4.2185961849e+00 -1.5451978946e+00  5.6846207330e-01  3.7847090502e+00 -1.1362526125e+00 -8.4671124620e-01  1.4971388464e+00 -3.9484109301e+00 -1.6332989672e+00  2.6500813916e+00 -1.9398478619e+00 -1.3492463677e+00  3.7833671317e+00 -3.9445117109e+00 -1.3442779083e+00  3.1495772210e+00  7.6693266689e-01  9.3721531863e-02  3.6943461902e+00  3.2093765351e+00 -2.2563701866e+00  2.0062763730e+00  2.7582938634e+00 -2.4636767693e+00  2.6985877755e+00  2.8527045432e+00 -8.3104689721e-01  2.7271548670e+00  7.5869013839e-01 -4.0088786456e+00  3.8808517729e+00 -4.3343691936e-01 -3.3980254024e+00  4.4150467018e+00  1.2111739878e+00 -3.8102457850e+00  4.5165247650e+00 -2.5941807897e+00  5.9196048748e-01  3.3997097503e+00 -1.3923155564e+00  1.2814010124e+00  5.0670775955e+00 -9.3028502819e-01  8.8809915041e-01  4.6211306653e+00 -1.3192753781e+00 -1.5269693915e+00  1.6244797503e+00 -4.9070003306e+00 -1.9380879495e+00  8.2056903882e-01 -3.4437893865e+00 -2.1960415746e+00  1.7368457195e+00 -1.5533596073e+00 -1.1401967294e+00
ENERGY -4.600086418489e+02

