JOB 0
COORDS  1.1821679024e+00  2.5486147691e-01  6.2326095752e-01 -1.0205949901e+00  1.2533504762e-01 -1.1440823425e+00  1.0228309511e+00 -9.9693597211e-01 -2.0695037941e-01  2.1046369562e-01 -6.9381508936e-01 -1.4686533459e+00  3.9332706997e+00  1.0813991755e+00  2.8378100352e+00  2.5296569611e-01  1.1567911194e+00  7.1470737775e-01  2.3978984075e+00  3.3493332843e-01  1.2962723253e+00 -8.7923447337e-01  9.3835157889e-01 -2.3412402477e-02  2.5569829667e+00  1.1862375542e+00  2.2546072467e+00  1.7708530592e+00  2.0230325165e+00  2.7260375267e+00 -2.0534780214e+00  1.3671496580e-01 -1.7981787445e+00  3.8011481713e+00  5.7661249454e-01  4.7136190523e+00  4.8815927547e+00  2.7588928808e+00  2.5569674846e+00  2.0027303683e+00 -1.4132053949e+00 -4.4742333021e-01  4.9786141410e-01 -1.7408978762e+00  4.0745271978e-01 -1.0568283356e-01 -1.5998483504e+00 -1.9879898122e+00  8.0621028355e-01 -1.0236936381e-01 -2.1755229747e+00  4.4601197185e+00  2.9822983046e-01  2.3082832177e+00 -1.6047188428e+00  1.6328490206e+00  1.2413053463e-01
ENERGY -5.710968298430e+03

JOB 1
COORDS  9.5266940421e-01 -4.5491226484e-01  8.8912208591e-01 -1.0561349216e+00  9.8993953629e-02 -1.0180590797e+00  1.3165109456e+00 -6.2111458790e-01 -5.6590291222e-01  3.9182382974e-01  2.2647188951e-01 -1.4447182849e+00  3.1572458077e+00 -9.4417514944e-01  3.7282210107e+00 -2.6259660878e-01 -2.8325720165e-01  1.2975425375e+00  2.0387158063e+00 -5.0517004796e-01  1.7683273593e+00 -1.2282057555e+00 -2.0140696850e-01  3.2825232437e-01  1.8651745621e+00 -9.5011417516e-01  2.9666422975e+00  8.4207520125e-01 -1.3683257086e+00  3.5303834651e+00 -2.0209190294e+00  2.7750237082e-01 -1.7482017195e+00  3.6329151515e+00 -2.7737520300e+00  4.1944953651e+00  2.9921020338e+00  2.2733282301e-01  5.2724180583e+00  2.3665495447e+00 -3.6557159050e-01 -7.2092941422e-01  1.2037927770e+00 -1.6850620940e+00 -8.1495535181e-01  4.6261816441e-01 -4.1646535950e-02 -2.5001127454e+00  6.5109601693e-01  1.2893273450e+00 -1.3604181899e+00  3.9241006354e+00 -5.4661890103e-01  3.0759981865e+00 -2.1718205928e+00 -1.2162305543e-01  6.9313424529e-01
ENERGY -5.710967182142e+03

JOB 2
COORDS  9.5085691934e-01 -3.7936327379e-01  9.0247414813e-01 -1.0563718862e+00  1.1895492413e-01 -1.0131567062e+00  1.2948579390e+00 -6.6942637840e-01 -5.3595323102e-01  3.9026657569e-01  1.4531359607e-01 -1.4666041634e+00  3.1467145675e+00 -9.0935165993e-01  3.7440014343e+00 -2.4165718799e-01 -1.1843611816e-01  1.3121981966e+00  2.0362886110e+00 -3.8595156655e-01  1.7991682876e+00 -1.2231466930e+00 -6.3252420029e-02  3.5261921405e-01  1.8929531870e+00 -9.9945030920e-01  2.9215062554e+00  9.2556229547e-01 -1.6285039794e+00  3.3764847365e+00 -2.0205412904e+00  2.8445308976e-01 -1.7478433533e+00  3.8718757831e+00 -2.6976576931e+00  3.9967733619e+00  2.7586447340e+00  1.2761190336e-02  5.4099682256e+00  2.3519338712e+00 -4.6587615450e-01 -7.2021076288e-01  1.1402902336e+00 -1.7446254017e+00 -7.0051071348e-01  4.3203341778e-01 -2.0734087313e-01 -2.4983628982e+00  6.9685052905e-01  1.1988125361e+00 -1.4693828943e+00  3.8653170510e+00 -3.2389604109e-01  3.1847865716e+00 -2.1550156845e+00  8.9714603581e-02  7.2328352885e-01
ENERGY -5.710965746678e+03

JOB 3
COORDS  9.4498475705e-01 -2.9364761377e-01  9.2241838141e-01 -1.0562992925e+00  1.3428951929e-01 -1.0110432759e+00  1.2729654581e+00 -7.0919097650e-01 -4.8702237833e-01  3.8565654983e-01  5.4822920703e-02 -1.4767806311e+00  3.1309506697e+00 -8.8975272254e-01  3.7589839887e+00 -2.2398385423e-01  5.6692557280e-02  1.3174545249e+00  2.0256565778e+00 -2.5885712169e-01  1.8403879016e+00 -1.2186746827e+00  7.1441434321e-02  3.6367422385e-01  1.9285661921e+00 -1.0251959547e+00  2.8653629065e+00  1.0358307684e+00 -1.8261134034e+00  3.1829158098e+00 -2.0167882553e+00  2.8561446415e-01 -1.7542591560e+00  4.0868427116e+00 -2.5842823881e+00  3.7928910745e+00  2.5627511116e+00 -2.8061041801e-01  5.5119473970e+00  2.3341510003e+00 -5.4993163089e-01 -6.9227171792e-01  1.0890403699e+00 -1.7898322517e+00 -5.6205266159e-01  3.9829582443e-01 -3.9250286985e-01 -2.4719759044e+00  7.3555346708e-01  1.0893830197e+00 -1.5805765587e+00  3.7785421185e+00 -1.3920477448e-01  3.3235733558e+00 -2.1363285190e+00  3.0375628120e-01  7.2761195791e-01
ENERGY -5.710964530858e+03

JOB 4
COORDS  9.2641510689e-01 -2.0718339841e-01  9.5110487537e-01 -1.0549970927e+00  1.3822166067e-01 -1.0147880051e+00  1.2448492198e+00 -7.4387909927e-01 -4.1826919874e-01  3.8413721474e-01 -2.9783907495e-02 -1.4675974392e+00  3.1209979367e+00 -8.8062789025e-01  3.7603478239e+00 -2.2158578439e-01  2.2698360086e-01  1.3126875838e+00  1.9968157152e+00 -1.3196855950e-01  1.8919128598e+00 -1.2199172269e+00  1.9666436042e-01  3.5795382267e-01  1.9707847128e+00 -1.0319095330e+00  2.8019321246e+00  1.1702538930e+00 -1.9666770008e+00  2.9684146831e+00 -2.0076618095e+00  2.6032206843e-01 -1.7738296526e+00  4.2725536520e+00 -2.4414290647e+00  3.6135662907e+00  2.4284210022e+00 -5.8462038808e-01  5.5476431986e+00  2.3108582456e+00 -6.3477817628e-01 -6.3259756652e-01  1.0261700022e+00 -1.8205623334e+00 -4.0774568304e-01  3.8179518885e-01 -5.5539881120e-01 -2.4237867128e+00  7.7073917228e-01  9.8013894176e-01 -1.6519963881e+00  3.6848225040e+00 -7.6299902858e-03  3.4560582471e+00 -2.1277386800e+00  4.9099559153e-01  7.0022837446e-01
ENERGY -5.710964065564e+03

JOB 5
COORDS  8.7778029241e-01 -1.4222321608e-01  9.9642119392e-01 -1.0421263591e+00  1.5527025534e-01 -1.0357836201e+00  1.1950046391e+00 -7.9552219148e-01 -3.2249261776e-01  3.9696442246e-01 -1.1078520305e-01 -1.4389017833e+00  3.1225255870e+00 -8.7267103552e-01  3.7451753098e+00 -2.4811433218e-01  3.8535755813e-01  1.2949019715e+00  1.9273742467e+00 -2.4612137294e-02  1.9621130747e+00 -1.2326210756e+00  3.1726161537e-01  3.2502519989e-01  2.0050545145e+00 -1.0272935771e+00  2.7505692974e+00  1.3140011544e+00 -2.0612129441e+00  2.7751605153e+00 -1.9712698380e+00  2.6636307624e-01 -1.8250749756e+00  4.4632824222e+00 -2.2396521093e+00  3.4000262196e+00  2.3923849323e+00 -9.2620290175e-01  5.5401498074e+00  2.2694779693e+00 -7.5809515858e-01 -5.1949290388e-01  9.1750154074e-01 -1.8549026351e+00 -2.4240615061e-01  3.9075686967e-01 -6.9919774938e-01 -2.3577389622e+00  8.3801343841e-01  8.6453447602e-01 -1.6788958737e+00  3.5720411580e+00  9.8528092086e-02  3.5792738026e+00 -2.1303186095e+00  6.8193385647e-01  6.2320973290e-01
ENERGY -5.710964622091e+03

JOB 6
COORDS  7.9226555687e-01 -1.1834531358e-01  1.0589226844e+00 -1.0099944473e+00  1.8693481783e-01 -1.0788504195e+00  1.1118439954e+00 -8.7225849761e-01 -2.0728028983e-01  4.2843159539e-01 -1.8007780936e-01 -1.3924558108e+00  3.1339822629e+00 -8.4884910318e-01  3.7188169825e+00 -3.0375412764e-01  5.1204351800e-01  1.2658100030e+00  1.8078560153e+00  3.8965876324e-02  2.0508153474e+00 -1.2535112710e+00  4.2584043891e-01  2.6402938965e-01  2.0289154772e+00 -1.0282062389e+00  2.7178652837e+00  1.4768111990e+00 -2.1405585676e+00  2.6169097406e+00 -1.8942761651e+00  3.0931838869e-01 -1.9158059324e+00  4.6595886301e+00 -1.9228622950e+00  3.1608187839e+00  2.4783823665e+00 -1.2835419589e+00  5.4897385043e+00  2.1933252493e+00 -9.3665878064e-01 -3.5258524222e-01  7.4034803982e-01 -1.8979144019e+00 -9.2970799797e-02  4.3510180064e-01 -8.0243594490e-01 -2.2886169364e+00  9.4465724298e-01  7.5600728675e-01 -1.6389773182e+00  3.4247584091e+00  1.9418153611e-01  3.6978541613e+00 -2.1370188568e+00  8.6529511998e-01  4.9720110641e-01
ENERGY -5.710966269973e+03

JOB 7
COORDS  7.0334878098e-01 -1.2403861115e-01  1.1203424944e+00 -9.6859436605e-01  2.2814570345e-01 -1.1184794573e+00  1.0124817307e+00 -9.5110759510e-01 -1.0471671583e-01  4.5747739811e-01 -2.3546254830e-01 -1.3412819892e+00  3.1478674416e+00 -8.2159997626e-01  3.6876955688e+00 -3.5456157616e-01  5.9764960774e-01  1.2422522893e+00  1.6747614111e+00  4.9635958329e-02  2.1408723515e+00 -1.2621866052e+00  5.2192847590e-01  2.0676979711e-01  2.0593575426e+00 -1.0439764733e+00  2.6822950171e+00  1.6675768471e+00 -2.2075752456e+00  2.4583879816e+00 -1.8032688875e+00  3.7963038639e-01 -1.9992754270e+00  4.7976823108e+00 -1.5989452664e+00  3.0010566212e+00  2.6041617750e+00 -1.5408800669e+00  5.4042004389e+00  2.0877672463e+00 -1.1252883326e+00 -1.9276050540e-01  5.4143368795e-01 -1.9333665979e+00  1.4033361882e-02  4.7686268412e-01 -8.7394333484e-01 -2.2258257232e+00  1.0502157940e+00  6.5968103025e-01 -1.5676548023e+00  3.2891330347e+00  2.4771356648e-01  3.7845120953e+00 -2.1238032774e+00  1.0286773909e+00  3.7881584102e-01
ENERGY -5.710968637722e+03

JOB 8
COORDS  6.5627658460e-01 -1.2896278349e-01  1.1530817343e+00 -9.4158585720e-01  2.6062377581e-01 -1.1406885548e+00  9.3241206842e-01 -1.0120433257e+00 -4.2354237675e-02  4.5553179662e-01 -2.9767252858e-01 -1.3119338283e+00  3.1442151336e+00 -7.9879128365e-01  3.6835562274e+00 -3.5864412308e-01  6.6799055381e-01  1.2212987731e+00  1.5716369182e+00  2.2159968022e-02  2.2144851243e+00 -1.2392161966e+00  6.2417523719e-01  1.6853576673e-01  2.1022156106e+00 -1.0624313123e+00  2.6432069334e+00  1.8729425100e+00 -2.2426904575e+00  2.3004931102e+00 -1.7502507082e+00  4.3295217632e-01 -2.0409349935e+00  4.8887009777e+00 -1.2740624899e+00  2.9535810192e+00  2.6985273329e+00 -1.7551732472e+00  5.3122826487e+00  1.9924687314e+00 -1.2657815847e+00 -1.0534462863e-01  3.9535670033e-01 -1.9574934552e+00  9.1793762977e-02  4.5776971019e-01 -9.6136449894e-01 -2.1779363963e+00  1.1100729830e+00  5.5145367742e-01 -1.5458610966e+00  3.1398244987e+00  2.6409165379e-01  3.8902737962e+00 -2.0705416984e+00  1.1898979958e+00  3.0370407742e-01
ENERGY -5.710970680713e+03

JOB 9
COORDS  6.4980662288e-01 -1.3469911794e-01  1.1576681946e+00 -9.3244554728e-01  2.8956725631e-01 -1.1507991230e+00  8.7145134221e-01 -1.0601682068e+00 -1.8551684524e-02  4.2405576479e-01 -3.6039239755e-01 -1.3072342170e+00  3.1261093572e+00 -7.8261881699e-01  3.7086243645e+00 -3.2292711582e-01  7.2253866034e-01  1.2015521285e+00  1.5045773285e+00 -2.9504649265e-02  2.2638124936e+00 -1.1934782884e+00  7.2150641078e-01  1.4668851571e-01  2.1638870807e+00 -1.0755927453e+00  2.6033969747e+00  2.1024137874e+00 -2.2422691559e+00  2.1519923700e+00 -1.7375473449e+00  4.8244437709e-01 -2.0496067065e+00  4.9425700979e+00 -9.7205340940e-01  3.0240315440e+00  2.7499950867e+00 -1.9322784365e+00  5.2286867516e+00  1.9145718202e+00 -1.3694882678e+00 -8.6951213128e-02  2.9239208092e-01 -1.9758009586e+00  1.4686001475e-01  3.8140738819e-01 -1.0514536133e+00 -2.1504820039e+00  1.1280451911e+00  4.3846835699e-01 -1.5730519824e+00  2.9812222686e+00  2.4778767078e-01  4.0076763731e+00 -1.9883939481e+00  1.3408851142e+00  2.6692644328e-01
ENERGY -5.710971508792e+03

JOB 10
COORDS  6.6794995249e-01 -1.4349228160e-01  1.1452815920e+00 -9.3289765730e-01  3.1820830602e-01 -1.1532347251e+00  8.1647056945e-01 -1.1043267096e+00 -1.5647288051e-02  3.7403034171e-01 -4.2163635851e-01 -1.3153349668e+00  3.0990311781e+00 -7.7491759488e-01  3.7496926208e+00 -2.6169601301e-01  7.6646915193e-01  1.1818262325e+00  1.4697266813e+00 -8.8848203218e-02  2.2880235437e+00 -1.1312827635e+00  8.1349679141e-01  1.3357321382e-01  2.2462766667e+00 -1.0729599542e+00  2.5601435551e+00  2.3666988960e+00 -2.1912098360e+00  2.0046079764e+00 -1.7475405343e+00  5.3359883501e-01 -2.0379133613e+00  4.9635581467e+00 -6.8999085698e-01  3.1837212313e+00  2.7762187216e+00 -2.0984404199e+00  5.1373371574e+00  1.8389132551e+00 -1.4666895661e+00 -1.0193644221e-01  1.9828817001e-01 -1.9865909057e+00  1.9051203245e-01  2.6930578130e-01 -1.1364404119e+00 -2.1329739173e+00  1.1191914989e+00  3.2215376154e-01 -1.6254914304e+00  2.8133137547e+00  1.9863097816e-01  4.1271197866e+00 -1.8878436734e+00  1.4798633456e+00  2.5193242723e-01
ENERGY -5.710971193536e+03

JOB 11
COORDS  9.2175469784e-01  1.8493034146e-01  9.0928969645e-01 -1.1787118115e+00 -1.9907215498e-01 -9.6946366150e-01  1.3050654885e+00 -5.4077538422e-02 -5.3719581179e-01  1.4512061429e-01  3.3443958152e-01 -1.4609899018e+00  3.7034076301e+00  1.0284207299e+00  3.0738600610e+00 -3.0302728364e-01  3.5283236840e-02  1.3307249503e+00  1.7622884267e+00  5.0523150932e-01  1.9761022359e+00 -1.2428742446e+00 -3.2799874690e-01  4.1723670311e-01  3.0269044929e+00  6.3263209921e-01  1.8016335792e+00  3.7384926178e+00  4.6915389005e-01  7.8047006499e-01 -2.1482633122e+00 -4.6257471315e-01 -1.6642727395e+00  4.5107408756e+00  2.7877441661e+00  2.8473223200e+00  4.9860832176e+00 -3.4472898434e-01  3.5830826269e+00  2.2084261764e+00  4.8695519003e-01 -8.0348552941e-01  1.5403206773e+00 -1.1213535561e+00 -6.4507125795e-01  3.0478442806e-01 -1.8443992406e-02 -2.4810444020e+00  4.6835775252e-02  1.4266896015e+00 -1.5063998631e+00  2.9472092499e+00  1.0962791954e+00  3.8454213860e+00 -2.1611707886e+00 -5.0234091215e-01  8.1371468955e-01
ENERGY -5.710970329465e+03

JOB 12
COORDS  9.2289774082e-01  1.6009615483e-01  9.1496201960e-01 -1.1763372142e+00 -1.5081752119e-01 -9.7360018698e-01  1.3004181613e+00 -1.8094587000e-01 -5.1227233083e-01  1.8843626196e-01  2.6719735061e-01 -1.4666397999e+00  3.7081258552e+00  1.0127140067e+00  3.0738494916e+00 -3.0951651601e-01  7.7597916037e-02  1.3307917706e+00  1.7726286629e+00  4.6570457958e-01  1.9801098225e+00 -1.2585073468e+00 -2.5704720367e-01  4.1542227649e-01  3.0041303036e+00  7.6453282763e-01  1.7790786007e+00  3.6644570378e+00  8.8001493069e-01  7.1806740503e-01 -2.1598257337e+00 -3.5069710973e-01 -1.6697875587e+00  4.3667899926e+00  2.8446636990e+00  3.1120718917e+00  5.1144097441e+00 -3.1617055766e-01  3.3043313475e+00  2.2550362652e+00  2.5428797663e-01 -7.8943086290e-01  1.4159995975e+00 -1.2729310009e+00 -5.6091340342e-01  3.3101563360e-01 -1.3216754530e-01 -2.4720258554e+00  1.7612904207e-01  1.3615100093e+00 -1.5499574604e+00  2.9877373120e+00  8.9038635655e-01  3.8724077773e+00 -2.1906378725e+00 -3.6076005632e-01  8.0447020190e-01
ENERGY -5.710969823076e+03

JOB 13
COORDS  8.9435236447e-01  1.1179012798e-01  9.5738650509e-01 -1.1448642541e+00 -9.3261919407e-02 -9.9304281250e-01  1.2965383857e+00 -3.1070667046e-01 -4.3897318962e-01  2.6559852757e-01  2.1352243743e-01 -1.4433773892e+00  3.7265944626e+00  1.0072801546e+00  3.0281952978e+00 -3.4736631518e-01  1.0052062440e-01  1.3389175109e+00  1.7566030595e+00  3.9977455720e-01  2.0221172599e+00 -1.2821204117e+00 -2.0141662104e-01  3.9178591373e-01  2.9218208039e+00  8.7636694144e-01  1.7755251857e+00  3.4393136291e+00  1.2460930372e+00  6.9519543507e-01 -2.1163596110e+00 -2.1546799823e-01 -1.7235069020e+00  4.2479645841e+00  2.8631569229e+00  3.2815988484e+00  5.2428982528e+00 -2.1461998399e-01  2.9343772494e+00  2.2993229721e+00  1.9007097020e-02 -6.9304395040e-01  1.2914832036e+00 -1.4099341282e+00 -4.4818254946e-01  4.1050382281e-01 -2.1231596293e-01 -2.4375512873e+00  3.4572008857e-01  1.3036675472e+00 -1.5398566048e+00  3.0983737142e+00  7.0780049441e-01  3.8574534087e+00 -2.2329903515e+00 -2.3408771481e-01  7.4591721684e-01
ENERGY -5.710970041635e+03

JOB 14
COORDS  8.6052106660e-01  5.9130616017e-02  1.0049689043e+00 -1.1039117471e+00 -3.3752555214e-02 -1.0121814730e+00  1.2915260485e+00 -4.2262033424e-01 -3.6077054761e-01  3.4341731368e-01  1.5884535594e-01 -1.4134943237e+00  3.7470199821e+00  1.0020287743e+00  2.9665169986e+00 -3.8333548079e-01  1.3841666541e-01  1.3464646879e+00  1.7498843254e+00  2.9218465432e-01  2.0708512831e+00 -1.3039294977e+00 -1.2364569082e-01  3.6464496032e-01  2.8234806629e+00  9.3406570383e-01  1.7917981473e+00  3.1664013289e+00  1.4886090891e+00  7.2349920610e-01 -2.0506612339e+00 -8.8711408854e-02 -1.7831527309e+00  4.1015710962e+00  2.8579397052e+00  3.4148411922e+00  5.3558819176e+00 -1.9258007372e-02  2.5573484574e+00  2.3264375171e+00 -1.6856863304e-01 -5.7856147811e-01  1.2063300913e+00 -1.5182292316e+00 -3.4994852082e-01  4.9006800334e-01 -2.9517350132e-01 -2.3949136612e+00  5.1222132693e-01  1.2373758901e+00 -1.5212978825e+00  3.2474832769e+00  5.3109664393e-01  3.8038457604e+00 -2.2670190704e+00 -7.2564792823e-02  6.8047616663e-01
ENERGY -5.710970417073e+03

JOB 15
COORDS  8.4943719275e-01  1.1650240256e-02  1.0271114404e+00 -1.0715191281e+00  1.7717530827e-02 -1.0221014766e+00  1.2820973027e+00 -5.2275858405e-01 -3.1609436060e-01  3.9459950933e-01  9.7544697416e-02 -1.3991760909e+00  3.7590227965e+00  1.0033770278e+00  2.9221279088e+00 -3.8190753317e-01  1.9648614816e-01  1.3461996101e+00  1.7791148661e+00  1.6428681259e-01  2.0862667590e+00 -1.3065374813e+00 -2.1420929418e-02  3.4876262757e-01  2.7460951059e+00  9.5935849141e-01  1.8200931506e+00  2.9299152336e+00  1.6543904528e+00  7.9832573844e-01 -2.0010640155e+00  8.8334227185e-03 -1.8166162187e+00  3.9474311127e+00  2.8253651466e+00  3.5609779721e+00  5.4228753130e+00  2.2735521372e-01  2.2704294849e+00  2.3368305642e+00 -3.2672072486e-01 -5.0959616593e-01  1.1409796041e+00 -1.6119905961e+00 -2.8929804956e-01  5.2530985073e-01 -3.8633853477e-01 -2.3684529272e+00  6.4057898551e-01  1.1590839539e+00 -1.5227145155e+00  3.3876136267e+00  3.8623076678e-01  3.7308041762e+00 -2.2674859782e+00  1.1471840692e-01  6.4388608325e-01
ENERGY -5.710969924487e+03

JOB 16
COORDS  8.7303062596e-01 -2.8855527719e-02  1.0119568408e+00 -1.0569984713e+00  6.4072207493e-02 -1.0212027346e+00  1.2640490552e+00 -6.2426333890e-01 -3.1612798125e-01  4.0829074607e-01  2.0718056478e-02 -1.4113445536e+00  3.7644256946e+00  1.0110317415e+00  2.9126122919e+00 -3.2881962342e-01  2.7396591492e-01  1.3336809047e+00  1.8493687013e+00  4.9673008713e-02  2.0486988801e+00 -1.2825445920e+00  9.7723813413e-02  3.4816336718e-01  2.7038995678e+00  9.7925029507e-01  1.8518991323e+00  2.7580369948e+00  1.7983935285e+00  9.1289752482e-01 -1.9884339764e+00  9.2512034310e-02 -1.8140219234e+00  3.7775481268e+00  2.7539424027e+00  3.7606226862e+00  5.4664576955e+00  5.1634251104e-01  2.1068521505e+00  2.3291773856e+00 -4.8473777127e-01 -5.1369223303e-01  1.0743431088e+00 -1.7047418680e+00 -2.6291993745e-01  4.9316632551e-01 -5.0174708813e-01 -2.3655154021e+00  7.2807688751e-01  1.0574360878e+00 -1.5698622439e+00  3.5055138125e+00  2.6322131959e-01  3.6520015827e+00 -2.2252011373e+00  3.2323161543e-01  6.4623679459e-01
ENERGY -5.710968180285e+03

JOB 17
COORDS  9.2162352927e-01 -4.8314625019e-02  9.6884348250e-01 -1.0537957945e+00  9.5399873651e-02 -1.0183753995e+00  1.2377015700e+00 -7.2281479473e-01 -3.4013691112e-01  3.9334201370e-01 -7.3299791422e-02 -1.4427428074e+00  3.7695237140e+00  1.0229095886e+00  2.9285625402e+00 -2.3959694983e-01  3.7211884261e-01  1.3000468175e+00  1.9417419792e+00 -1.3381403997e-02  1.9695935296e+00 -1.2351684726e+00  2.2053206582e-01  3.5001433324e-01  2.6868649826e+00  1.0206124700e+00  1.8861290966e+00  2.6326858423e+00  1.9567813474e+00  1.0670497211e+00 -2.0019805569e+00  1.4766393434e-01 -1.7903897489e+00  3.6217103468e+00  2.6269266194e+00  4.0054828643e+00  5.4906847231e+00  8.2704975043e-01  2.0410138285e+00  2.3050973225e+00 -6.5498169377e-01 -5.6547217574e-01  9.9188679622e-01 -1.7884512196e+00 -2.3868549073e-01  4.1302824758e-01 -6.4700794716e-01 -2.3706240411e+00  7.7727877446e-01  9.2971339658e-01 -1.6636632984e+00  3.6106672401e+00  1.5897240975e-01  3.5620596584e+00 -2.1499083805e+00  5.2674011996e-01  6.6222914730e-01
ENERGY -5.710966021376e+03

JOB 18
COORDS  9.7736152156e-01 -4.3090754563e-02  9.1293102824e-01 -1.0544021169e+00  1.1474031243e-01 -1.0183136440e+00  1.2025494622e+00 -8.1346461729e-01 -3.6146422491e-01  3.6267584620e-01 -1.7748939390e-01 -1.4758417481e+00  3.7824049798e+00  1.0283680609e+00  2.9451178840e+00 -1.3682895129e-01  4.9204003969e-01  1.2444277486e+00  2.0379655217e+00 -2.6815658094e-02  1.8664423374e+00 -1.1747632782e+00  3.4928193133e-01  3.4195755283e-01  2.6844952910e+00  1.0751762427e+00  1.9178849673e+00  2.5342718404e+00  2.1095674564e+00  1.2450414178e+00 -2.0250645056e+00  1.7560185772e-01 -1.7611018750e+00  3.4732395667e+00  2.4068439550e+00  4.2732222239e+00  5.4979790451e+00  1.1805755249e+00  2.0403511166e+00  2.2640919031e+00 -8.2883835890e-01 -6.2139140961e-01  8.9602600038e-01 -1.8545555193e+00 -1.9145214528e-01  3.1231910268e-01 -8.0751245228e-01 -2.3651739481e+00  8.0116925970e-01  7.8244318878e-01 -1.7741248814e+00  3.7338672175e+00  6.0487896628e-02  3.4284867293e+00 -2.0559707786e+00  7.3380923067e-01  6.6393601674e-01
ENERGY -5.710964819118e+03

JOB 19
COORDS  1.0256775052e+00 -1.0001538432e-02  8.5800730351e-01 -1.0552474695e+00  1.1751323440e-01 -1.0301100938e+00  1.1687618938e+00 -8.7841308840e-01 -3.6514679867e-01  3.3164156828e-01 -2.7776244365e-01 -1.5009588651e+00  3.8038913038e+00  1.0257988440e+00  2.9508749561e+00 -4.9600620167e-02  6.1697623747e-01  1.1694018652e+00  2.1187793014e+00  2.3432361683e-03  1.7609767146e+00 -1.1184667307e+00  4.6275965340e-01  3.1142571512e-01  2.6738906895e+00  1.1394002592e+00  1.9650700418e+00  2.4229770628e+00  2.2496081173e+00  1.4688171898e+00 -2.0458334208e+00  1.7071515143e-01 -1.7461649757e+00  3.4108923730e+00  2.1247139738e+00  4.5016992478e+00  5.4697465996e+00  1.4945221738e+00  2.0619251009e+00  2.2198809042e+00 -9.7118831643e-01 -6.4878868601e-01  8.1168622397e-01 -1.8874376493e+00 -1.1730705299e-01  2.2536093990e-01 -9.6402281469e-01 -2.3424159090e+00  8.0756059226e-01  6.3579457505e-01 -1.8780145270e+00  3.8612273807e+00 -9.1045980886e-03  3.2641881565e+00 -1.9694391696e+00  9.1495393570e-01  6.2745576338e-01
ENERGY -5.710964817089e+03

JOB 20
COORDS  1.0591653766e+00  3.7870611460e-02  8.1194136734e-01 -1.0492679535e+00  1.1521724848e-01 -1.0526485188e+00  1.1368411955e+00 -9.2421555813e-01 -3.4698845241e-01  3.1093243651e-01 -3.7079683153e-01 -1.5134582548e+00  3.8321747932e+00  1.0223521781e+00  2.9362514406e+00  1.4500661780e-02  7.3885433713e-01  1.0864495591e+00  2.1776941967e+00  5.3401335774e-02  1.6665106551e+00 -1.0719739690e+00  5.6369963820e-01  2.6139173758e-01  2.6443053601e+00  1.1935286971e+00  2.0327426282e+00  2.2786785872e+00  2.3427934540e+00  1.7395799240e+00 -2.0514978194e+00  1.5825036318e-01 -1.7522377000e+00  3.4409154030e+00  1.8118164196e+00  4.6676011981e+00  5.4029250665e+00  1.7805302127e+00  2.0723775084e+00  2.1772381992e+00 -1.0900863500e+00 -6.3529497913e-01  7.3424934285e-01 -1.8935493681e+00 -2.2272014247e-02  1.6299473651e-01 -1.1101080937e+00 -2.3020325577e+00  8.1816076420e-01  4.9233523720e-01 -1.9623164450e+00  3.9932636519e+00 -3.9885727522e-02  3.0696381574e+00 -1.8979131023e+00  1.0751611387e+00  5.5369989269e-01
ENERGY -5.710965772622e+03

JOB 21
COORDS  1.0854797543e+00  8.6044616528e-02  7.7433381635e-01 -1.0378776921e+00  1.1840718826e-01 -1.0824282254e+00  1.1013317505e+00 -9.6064054018e-01 -3.1348704269e-01  2.9550228289e-01 -4.5655158934e-01 -1.5147194905e+00  3.8640749379e+00  1.0273830478e+00  2.9069200152e+00  6.8070204714e-02  8.5106044316e-01  1.0018423533e+00  2.2289509797e+00  1.0899770107e-01  1.5785649613e+00 -1.0277920436e+00  6.5927735656e-01  1.9867994165e-01  2.6100875276e+00  1.2206958716e+00  2.1067661484e+00  2.1216513053e+00  2.3591224186e+00  2.0282167376e+00 -2.0450430547e+00  1.5822402969e-01 -1.7744449532e+00  3.5205296966e+00  1.4859885823e+00  4.7651807916e+00  5.3005965616e+00  2.0695226727e+00  2.1057810572e+00  2.1294413065e+00 -1.2012104204e+00 -5.9133047546e-01  6.5064797881e-01 -1.8806598801e+00  8.3320529225e-02  1.1017888992e-01 -1.2426882126e+00 -2.2481974751e+00  8.3628772440e-01  3.4958783063e-01 -2.0263690300e+00  4.1311023500e+00 -2.0342784439e-02  2.8553443014e+00 -1.8298335328e+00  1.2249506111e+00  4.5696118560e-01
ENERGY -5.710967098139e+03

JOB 22
COORDS  1.1144369561e+00  1.4050109883e-01  7.3159170532e-01 -1.0296985556e+00  1.2011194786e-01 -1.1096740370e+00  1.0711889449e+00 -9.8186013576e-01 -2.7895291984e-01  2.7162681421e-01 -5.4277730217e-01 -1.5087010980e+00  3.8928843566e+00  1.0408492224e+00  2.8797897018e+00  1.2463540693e-01  9.6037873283e-01  9.1093700303e-01  2.2816672118e+00  1.7347758084e-01  1.4890463169e+00 -9.7931974446e-01  7.5890450180e-01  1.2552800010e-01  2.5833113113e+00  1.2245937163e+00  2.1747344402e+00  1.9803817178e+00  2.3021037006e+00  2.3041432961e+00 -2.0441804234e+00  1.5149932124e-01 -1.7911905340e+00  3.6143807190e+00  1.1612561565e+00  4.8020403582e+00  5.1745066024e+00  2.3427012217e+00  2.2042510606e+00  2.0857253104e+00 -1.2835048628e+00 -5.4579223267e-01  5.8997286089e-01 -1.8501212095e+00  1.9142035259e-01  4.3148081901e-02 -1.3766554369e+00 -2.1741885382e+00  8.3779415050e-01  1.9553548862e-01 -2.0906014941e+00  4.2585212629e+00  4.8843943106e-02  2.6482909946e+00 -1.7575960567e+00  1.3713312572e+00  3.4826277064e-01
ENERGY -5.710968249694e+03

JOB 23
COORDS  1.1455362845e+00  1.9608523540e-01  6.8285853890e-01 -1.0224137613e+00  1.2381096456e-01 -1.1319213247e+00  1.0421030955e+00 -9.9485532399e-01 -2.4150646915e-01  2.4479314077e-01 -6.2065651955e-01 -1.4934923345e+00  3.9169697436e+00  1.0601591764e+00  2.8545921433e+00  1.8483202746e-01  1.0609601109e+00  8.1769614221e-01  2.3380524622e+00  2.4820526808e-01  1.3945106430e+00 -9.3036248416e-01  8.5003428550e-01  5.2187450876e-02  2.5664194448e+00  1.2117087187e+00  2.2240932693e+00  1.8641429280e+00  2.1857077007e+00  2.5392345781e+00 -2.0440043171e+00  1.4808157328e-01 -1.8029490292e+00  3.7121992377e+00  8.5338708929e-01  4.7796752386e+00  5.0333247944e+00  2.5769497965e+00  2.3578683459e+00  2.0397023449e+00 -1.3593518354e+00 -4.9261405184e-01  5.3067272609e-01 -1.8016225430e+00  3.0081394664e-01 -2.6610136877e-02 -1.4932828586e+00 -2.0896301270e+00  8.3177891522e-01  4.6413663959e-02 -2.1375429695e+00  4.3691515049e+00  1.5956372915e-01  2.4600933667e+00 -1.6829010232e+00  1.5058707111e+00  2.3696778886e-01
ENERGY -5.710968712646e+03

