JOB 0
COORDS -1.6668912606e+00  2.1389704478e+00 -1.5076303536e+00 -3.7303626808e-01  1.8061047739e+00 -1.9258259438e+00 -2.2390591818e+00  1.4480406467e+00 -4.3622401076e-01  3.3447301520e-01  7.9102178929e-01 -1.2798767794e+00 -1.5233510585e+00  4.3755039528e-01  2.1491530461e-01 -2.2991934643e-01  9.2285488154e-02 -1.9849629880e-01  2.0485636637e+00 -6.6291474924e-01  6.7414953545e-01 -3.5152065199e-02 -1.9930116156e+00  1.4216412569e+00  3.1391655542e-01 -2.4269259011e+00  2.2589158151e-02  5.7868438819e-01 -9.9658380888e-01  4.4803125947e-01  1.3030990524e+00  1.1905152965e+00  2.1800151139e+00  3.6575121514e+00  9.9577903928e-01  1.4650891949e+00  2.3170078200e+00  4.2277929998e-01  1.4698211281e+00  2.9464358991e+00 -1.3234258928e+00  1.4385241890e-01 -2.2206576295e+00  2.9274459050e+00 -2.0105838740e+00  8.2389667500e-02  2.3345686723e+00 -2.7596923342e+00 -3.2416584360e+00  1.6998326793e+00 -9.9306050932e-02  1.3347384065e+00  5.2976193354e-01 -1.6171155673e+00 -1.9788233823e+00 -7.2097769562e-02  1.0591692764e+00 -1.0824067892e+00 -1.8879575100e+00  1.6871095177e+00  5.9965434670e-01 -2.3384568437e+00  2.2325916494e+00  1.1879691598e+00 -3.0510287201e+00 -1.2844367289e-01 -5.0249639032e-01 -2.5758203570e+00 -6.7680575708e-01  1.7280396572e+00  1.5407653216e+00  3.1268384447e+00  9.6820167876e-01  2.0622648812e+00  1.6033107212e+00  4.3728273279e-01  5.7149102912e-01  2.4074859519e+00  3.6314152375e+00  2.0133518204e+00  1.0533215766e+00  4.0602745120e+00  1.0439661085e+00  2.4840008582e+00  4.3065098400e+00  3.7079406542e-01  8.5404226791e-01
ENERGY -5.963763450345e+02

JOB 1
COORDS -1.6276058602e+00  2.1672331659e+00 -1.4387648329e+00 -3.2785995652e-01  1.8350757638e+00 -1.8387027058e+00 -2.2076396618e+00  1.4830356780e+00 -3.6720159144e-01  3.7579584387e-01  8.2869499909e-01 -1.1750154233e+00 -1.4962019545e+00  4.8187283975e-01  3.0280569903e-01 -1.9709893953e-01  1.3783508728e-01 -9.2924370358e-02  2.0679530127e+00 -5.6575453781e-01  8.2586488528e-01 -1.1841596998e-02 -1.9387033059e+00  1.5390665439e+00  3.8416381398e-01 -2.3741967016e+00  1.5339321963e-01  6.1164471162e-01 -9.3714963583e-01  5.7610284431e-01  1.2513272684e+00  1.2628604793e+00  2.3165119452e+00  3.5103940579e+00  1.3290138077e+00  1.3562548415e+00  2.3015913398e+00  5.4897338639e-01  1.6011280747e+00  2.9886049342e+00 -1.1909035494e+00  2.9487793492e-01 -2.1790658200e+00  2.9486096719e+00 -1.9551995558e+00  1.3498896039e-01  2.3570071899e+00 -2.6725715554e+00 -3.2148746495e+00  1.7340286188e+00 -4.3923942301e-02  1.3801572871e+00  5.6703790102e-01 -1.4996133705e+00 -1.9581907790e+00 -2.0236028427e-02  1.1479144282e+00 -1.0681055684e+00 -1.8508934594e+00  1.7731524513e+00  6.0454827439e-01 -2.2693571532e+00  2.3701063985e+00  1.2728348754e+00 -2.9838148315e+00  3.0358026522e-02 -4.0928355902e-01 -2.5423167647e+00 -5.6776040492e-01  1.6815099168e+00  1.6957309862e+00  3.2261971912e+00  8.1665531725e-01  2.0729042874e+00  1.7161720556e+00  4.5480605713e-01  5.8131537915e-01  2.6106724155e+00  3.2596485744e+00  2.2489689194e+00  8.0981705163e-01  3.9891136758e+00  1.6057403384e+00  2.3024671230e+00  4.2056798100e+00  7.3143061699e-01  7.6875657848e-01
ENERGY -5.963741774892e+02

JOB 2
COORDS -1.5543631030e+00  2.2016106015e+00 -1.4089463798e+00 -2.6240718184e-01  1.8366203437e+00 -1.8057373999e+00 -2.1609348524e+00  1.5272095972e+00 -3.4579084875e-01  4.0951363987e-01  8.0602576345e-01 -1.1464691213e+00 -1.4802548096e+00  5.0227452141e-01  3.1998469594e-01 -1.8918083039e-01  1.2546619531e-01 -7.1839688756e-02  2.0377357327e+00 -6.1398900545e-01  8.9921072466e-01 -7.8459266611e-02 -1.9898767236e+00  1.5146147458e+00  3.6351523376e-01 -2.3975640303e+00  1.3564541449e-01  5.8799243385e-01 -9.7149935774e-01  5.9740165390e-01  1.2072653686e+00  1.2055268676e+00  2.3794194076e+00  3.3248426066e+00  1.4366278905e+00  1.1804207319e+00  2.2698341365e+00  5.3482529642e-01  1.6381556431e+00  2.9679369302e+00 -1.2526380484e+00  4.0676675062e-01 -2.0806562939e+00  3.0019374230e+00 -1.9225430494e+00  2.1861928655e-01  2.3514159814e+00 -2.6337180624e+00 -3.1624243391e+00  1.8044383037e+00 -2.6107201360e-02  1.4071234848e+00  5.1700193527e-01 -1.4688922609e+00 -1.9580757804e+00  7.4354124398e-03  1.1605649454e+00 -1.1416883909e+00 -1.8947912242e+00  1.7114932706e+00  5.0397091174e-01 -2.3447900510e+00  2.3599312076e+00  1.2515499973e+00 -3.0114487133e+00  3.0713508150e-02 -4.0477323498e-01 -2.5416769234e+00 -6.1723132379e-01  1.6484204950e+00  1.6858085129e+00  3.2598847315e+00  6.9838987121e-01  1.9738416760e+00  1.7822248089e+00  4.6714040003e-01  4.8406228413e-01  2.7238612185e+00  2.8937438821e+00  2.2344667233e+00  5.5835986749e-01  3.8347895886e+00  1.8959440883e+00  2.0343081895e+00  4.0528890603e+00  8.7053115477e-01  6.0055120294e-01
ENERGY -5.963701157473e+02

JOB 3
COORDS -1.4462857038e+00  2.2271737869e+00 -1.4020137428e+00 -1.9077261653e-01  1.7881245350e+00 -1.8388327261e+00 -2.0461200282e+00  1.6094118671e+00 -3.0112467692e-01  4.5370242842e-01  7.3912537306e-01 -1.1810637230e+00 -1.3913131904e+00  5.6591957687e-01  3.6149031065e-01 -1.3690707330e-01  1.1463767460e-01 -6.9154951385e-02  2.0502145419e+00 -6.6580572368e-01  9.5738775260e-01 -1.0473024290e-01 -2.0361873058e+00  1.4653009274e+00  3.8662588327e-01 -2.4171978337e+00  9.5828055767e-02  6.0889293925e-01 -1.0047706988e+00  5.9844822691e-01  1.2219648438e+00  1.0990201570e+00  2.4862488065e+00  3.1463568175e+00  1.5053261593e+00  1.0493156185e+00  2.2878169007e+00  5.0308984734e-01  1.6838202796e+00  2.9869581420e+00 -1.3148186124e+00  4.9802502430e-01 -1.9510163393e+00  3.0415425637e+00 -1.9151751137e+00  2.8269226248e-01  2.2592809487e+00 -2.6965845983e+00 -3.0194647336e+00  1.9445306564e+00  4.8655914845e-02  1.4217817414e+00  3.9063519744e-01 -1.5333809833e+00 -1.8582194515e+00  1.1219473957e-01  1.2309558984e+00 -1.1737569898e+00 -1.9279208597e+00  1.6198192192e+00  4.3772815541e-01 -2.4194827623e+00  2.3246742805e+00  1.2707746850e+00 -3.0398504129e+00  1.2285889570e-02 -3.5355644121e-01 -2.5357383218e+00 -6.8903504280e-01  1.6793003715e+00  1.6240923605e+00  3.3323551359e+00  6.1278923091e-01  1.8178103076e+00  1.9219401391e+00  5.6760550593e-01  3.2357446688e-01  2.8853338680e+00  2.5457911833e+00  2.1821167625e+00  4.2399762113e-01  3.6640593819e+00  2.0975673109e+00  1.8115729417e+00  3.8934367971e+00  1.0024297831e+00  4.3512912150e-01
ENERGY -5.963644701507e+02

JOB 4
COORDS -1.3487258852e+00  2.2322585387e+00 -1.4241283282e+00 -1.4706861185e-01  1.7085058369e+00 -1.9154213501e+00 -1.9150815208e+00  1.6906885894e+00 -2.6660112700e-01  4.7716814415e-01  6.5132762492e-01 -1.2510845591e+00 -1.2807596520e+00  6.3727190433e-01  3.9994708044e-01 -7.8650812944e-02  1.0380200203e-01 -8.2732156566e-02  2.0694365835e+00 -7.1871417706e-01  1.0182058612e+00 -1.1923997259e-01 -2.0665807018e+00  1.4101917211e+00  4.1897041671e-01 -2.4317461792e+00  5.4357615598e-02  6.4186617675e-01 -1.0308946329e+00  5.8751969876e-01  1.2651040900e+00  9.7224435682e-01  2.6233293639e+00  2.9559712198e+00  1.5495442943e+00  9.7904415311e-01  2.3172118217e+00  4.6927734043e-01  1.7385455394e+00  3.0088079147e+00 -1.3991614486e+00  6.2381928600e-01 -1.8394350957e+00  3.0530955330e+00 -1.9405987375e+00  2.9929223293e-01  2.1198178245e+00 -2.8173201994e+00 -2.8476815183e+00  2.0916812533e+00  1.2251276917e-01  1.4042462136e+00  2.3712031144e-01 -1.6407289425e+00 -1.7205011664e+00  2.3662524525e-01  1.3089710423e+00 -1.1913698796e+00 -1.9389633493e+00  1.5237365061e+00  3.8241181001e-01 -2.4748204647e+00  2.2827379659e+00  1.2953104103e+00 -3.0680091973e+00 -3.6931414834e-03 -2.9237219551e-01 -2.5275891106e+00 -7.5984358817e-01  1.7385590401e+00  1.5526398063e+00  3.4231733167e+00  5.3907799978e-01  1.6201530895e+00  2.1135086583e+00  7.2947659457e-01  1.4128778506e-01  3.0855729011e+00  2.2138969897e+00  2.1244898324e+00  4.0665800154e-01  3.4741972074e+00  2.2276031974e+00  1.6658977555e+00  3.6945195299e+00  1.1257122156e+00  2.9657078820e-01
ENERGY -5.963578292420e+02

JOB 5
COORDS -1.4264405245e+00  2.3071402289e+00 -1.8077446615e+00 -4.5181763579e-01  1.5151760082e+00 -2.4215337532e+00 -1.7786195707e+00  2.0609913668e+00 -4.7482159093e-01  1.6732582761e-01  4.8609666829e-01 -1.7037972428e+00 -1.1574282284e+00  1.0328794870e+00  2.3642532658e-01 -1.7645386022e-01  2.3339386661e-01 -3.6874661274e-01  1.5702856751e+00 -4.5902248015e-01  1.4155972808e+00 -3.1495289779e-01 -2.0505020023e+00  8.8055539197e-01  6.8537136400e-01 -2.2194686603e+00 -2.2349710638e-01  5.1614446751e-01 -8.4832958193e-01  4.0805501355e-01  1.9335658758e+00  1.0084859835e+00  3.2764643167e+00  2.3245550646e+00  1.8017693779e+00  1.0364800592e+00  1.5159955232e+00  8.9116082848e-01  1.8689891828e+00  2.2659282661e+00 -1.3052860739e+00  1.9638453976e+00 -1.9104758758e+00  3.1070387730e+00 -2.3623556963e+00 -1.7305279004e-01  1.6972680484e+00 -3.4564826858e+00 -2.5371555437e+00  2.6719228419e+00  8.4172104773e-03  9.2881693999e-01 -1.2522782048e-01 -2.1823634548e+00 -1.4210940917e+00  8.5029694651e-01  1.2743146476e+00 -1.3693105315e+00 -2.0222744130e+00  6.2310039661e-01 -7.0633949570e-02 -2.4620585530e+00  1.8539436202e+00  1.6030436241e+00 -2.7465090870e+00  1.4438370653e-02  3.0994675935e-01 -2.3438489810e+00 -1.2339487241e+00  2.9990769235e+00  7.8997882544e-01  3.4291250022e+00  1.7272727629e+00  2.0325783341e+00  3.6019538522e+00  1.3509114868e+00  3.1902969731e-01  3.8905709403e+00  2.1389329016e+00  2.8322831186e+00  1.3525595444e+00  3.3995363192e+00  1.5868516997e+00  1.1322290425e+00  2.0357732093e+00  1.7143473199e+00 -1.3171960939e-02
ENERGY -5.963615590128e+02

JOB 6
COORDS -1.4332508231e+00  2.3314182787e+00 -1.7776876833e+00 -4.7813241899e-01  1.5284283786e+00 -2.4067866222e+00 -1.7551527528e+00  2.0965576382e+00 -4.3494725355e-01  1.5259480610e-01  5.0150441025e-01 -1.6956328279e+00 -1.1248740134e+00  1.0692658076e+00  2.6869240776e-01 -1.5986697520e-01  2.5976283640e-01 -3.5093261944e-01  1.4736412877e+00 -4.6803890247e-01  1.5505486397e+00 -3.0549950995e-01 -2.0803207439e+00  7.5244145754e-01  8.0466064007e-01 -2.1627512812e+00 -2.4762713743e-01  5.2167687950e-01 -8.2695550206e-01  4.2947946291e-01  2.0266280558e+00  1.0945550675e+00  3.2843711816e+00  2.2942326509e+00  1.7540750559e+00  9.7480439763e-01  1.5507058922e+00  8.9245298415e-01  1.9089369724e+00  1.9857299774e+00 -1.3475456909e+00  2.2385606198e+00 -1.9249741998e+00  3.1302985594e+00 -2.3269018084e+00 -2.2128704826e-01  1.7011093266e+00 -3.4490020239e+00 -2.4994907293e+00  2.7143714229e+00  6.1436418333e-02  9.0335542816e-01 -1.1135477925e-01 -2.1881742844e+00 -1.3701954255e+00  8.9379324459e-01  1.3124155178e+00 -1.3271085888e+00 -2.0708809478e+00  3.8542819264e-01 -1.4429472544e-01 -2.5279628997e+00  1.7266808313e+00  1.7128934453e+00 -2.6694902958e+00  6.0627154190e-02  5.4236017579e-01 -2.2527538231e+00 -1.2964937746e+00  3.0871381139e+00  8.3668771938e-01  3.4085786900e+00  1.8827279366e+00  2.1489127817e+00  3.5387153605e+00  1.4441408457e+00  4.7771749299e-01  3.9699208704e+00  2.0926696080e+00  2.8025307006e+00  1.2130006621e+00  3.3769882678e+00  1.5747878202e+00  1.0501950988e+00  1.9770552367e+00  1.5760313780e+00 -5.2419290446e-02
ENERGY -5.963669448718e+02

JOB 7
COORDS -1.4932926089e+00  2.3513912941e+00 -1.7495536143e+00 -5.5935112792e-01  1.5443006375e+00 -2.4035458858e+00 -1.7694207759e+00  2.1247219144e+00 -3.9513415617e-01  9.5318806970e-02  5.2171004990e-01 -1.7074501453e+00 -1.1176116541e+00  1.1010263984e+00  2.9296127952e-01 -1.7285665634e-01  2.8581702557e-01 -3.5227555732e-01  1.3118283994e+00 -4.7993964913e-01  1.6603135541e+00 -2.7918608078e-01 -2.1235210034e+00  5.5834914829e-01  9.4878948586e-01 -2.0863140243e+00 -2.9431026281e-01  5.0072367775e-01 -8.1142288606e-01  4.2150009734e-01  2.0639903302e+00  1.1353500462e+00  3.2721102916e+00  2.3438677195e+00  1.6207070278e+00  9.0817046145e-01  1.5864216963e+00  8.6466003255e-01  1.9129667777e+00  1.5833174097e+00 -1.3555286136e+00  2.4818040959e+00 -2.0023613056e+00  3.1472571189e+00 -2.2871058133e+00 -3.3532345101e-01  1.7107483212e+00 -3.4543277991e+00 -2.4967799381e+00  2.7452465904e+00  1.2256003280e-01  8.3180577089e-01 -8.7918432334e-02 -2.2240066733e+00 -1.3335008316e+00  9.3088174591e-01  1.3442066514e+00 -1.2429656036e+00 -2.1423865782e+00  5.9525555651e-02 -2.1623248903e-01 -2.6203611935e+00  1.5196271017e+00  1.8417447663e+00 -2.5616299238e+00  9.7800598911e-02  8.3098043061e-01 -2.1287088901e+00 -1.3717343500e+00  3.0924888634e+00  7.8356092646e-01  3.4317456363e+00  2.0271932295e+00  2.2162869254e+00  3.4370071405e+00  1.4190011298e+00  6.3636488519e-01  3.9955120522e+00  2.1662745398e+00  2.6918636329e+00  1.0440313770e+00  3.4217598868e+00  1.4258649438e+00  1.0076528744e+00  2.0311214416e+00  1.3540015711e+00 -9.9201089081e-02
ENERGY -5.963709764730e+02

JOB 8
COORDS -1.5949039309e+00  2.3389442227e+00 -1.7247615723e+00 -6.8078686096e-01  1.5306515754e+00 -2.4042422377e+00 -1.8238381034e+00  2.1182896201e+00 -3.6076061993e-01  3.1431941209e-04  5.1303822314e-01 -1.7263098776e+00 -1.1467879210e+00  1.0995024599e+00  3.0958022075e-01 -2.2281010912e-01  2.8103059545e-01 -3.6241635332e-01  1.1059983870e+00 -4.8483176058e-01  1.7348072695e+00 -2.1586586013e-01 -2.1888694266e+00  3.7539787325e-01  1.0976035165e+00 -2.0045373766e+00 -3.2293985663e-01  4.5544687443e-01 -8.2082814723e-01  4.0146490865e-01  2.0853744779e+00  1.1366427370e+00  3.2254298212e+00  2.4451962461e+00  1.3833998144e+00  8.1906690911e-01  1.6323622422e+00  7.8698362388e-01  1.8795734530e+00  1.0775369265e+00 -1.2787226253e+00  2.6769553183e+00 -2.1230735897e+00  3.1312019793e+00 -2.2489447002e+00 -4.9104814907e-01  1.6928545138e+00 -3.4624195681e+00 -2.5343805430e+00  2.7394868409e+00  1.7895059433e-01  7.1999197163e-01 -9.3419266795e-02 -2.2689112469e+00 -1.3315491954e+00  9.3354042075e-01  1.3676942183e+00 -1.1078054375e+00 -2.2591462936e+00 -2.3880110296e-01 -2.2780056310e-01 -2.7327131290e+00  1.3130748217e+00  1.9789830954e+00 -2.4328045990e+00  1.4419954120e-01  1.1151649334e+00 -1.9974284697e+00 -1.4075361370e+00  3.0476896488e+00  6.6702478276e-01  3.4718221863e+00  2.1957327049e+00  2.2236659732e+00  3.2810852326e+00  1.3494405841e+00  8.0644463312e-01  3.9581786772e+00  2.3251845712e+00  2.4715282585e+00  8.2248577759e-01  3.5080672936e+00  1.1461345025e+00  9.7085011287e-01  2.1438446472e+00  1.0146235975e+00 -1.5819136178e-01
ENERGY -5.963738243241e+02

JOB 9
COORDS -1.6403045643e+00  2.3964189231e+00 -1.6962853424e+00 -7.7254538146e-01  1.5623754749e+00 -2.4053043891e+00 -1.8341260818e+00  2.1779481925e+00 -3.2688235481e-01 -1.0214513823e-01  5.2229874825e-01 -1.7518451294e+00 -1.1686827196e+00  1.1358201390e+00  3.1951149338e-01 -2.9122027076e-01  2.9156776352e-01 -3.8249876602e-01  9.5854823329e-01 -5.1044326425e-01  1.7304650030e+00 -2.6836712905e-01 -2.2061043771e+00  2.6943129803e-01  1.0713278931e+00 -1.9768745024e+00 -3.6975848217e-01  3.7441558388e-01 -8.3191259925e-01  3.6070822067e-01  2.1228513029e+00  1.0474525834e+00  3.1775282116e+00  2.4232626948e+00  1.2533286334e+00  7.4485435893e-01  1.6715457587e+00  6.5965323257e-01  1.8453245205e+00  7.4657214271e-01 -1.2343965206e+00  2.7068147710e+00 -2.1589225367e+00  3.2067057295e+00 -2.2020627463e+00 -6.0997819350e-01  1.7227993912e+00 -3.4682807513e+00 -2.5082969392e+00  2.8185361219e+00  2.3630465210e-01  5.8116692089e-01 -1.0286042688e-01 -2.3194842559e+00 -1.3293052185e+00  9.7030758474e-01  1.3818431622e+00 -1.1315636431e+00 -2.2804982095e+00 -3.8409195883e-01 -3.1258274747e-01 -2.7739999643e+00  1.1920125473e+00  1.9429166899e+00 -2.4031011252e+00  1.1812336640e-01  1.1337950374e+00 -1.9419952237e+00 -1.4524506067e+00  3.0839264336e+00  5.8040609449e-01  3.4335667580e+00  2.2412854836e+00  2.1352197340e+00  3.2063642648e+00  1.3851051294e+00  7.3819202707e-01  3.9169681082e+00  2.1848620381e+00  2.3180241149e+00  6.4120811197e-01  3.5006902565e+00  1.1520669394e+00  9.3298278284e-01  2.1943566554e+00  7.6006690436e-01 -1.9581243156e-01
ENERGY -5.963755613212e+02

JOB 10
COORDS -1.6156578398e+00  2.3782723652e+00 -1.6863466367e+00 -7.3184125696e-01  1.5457217507e+00 -2.3775715526e+00 -1.8447498888e+00  2.1536448615e+00 -3.2353740460e-01 -7.9737604627e-02  5.0143688891e-01 -1.7126794910e+00 -1.1985736845e+00  1.1060817014e+00  3.3412162313e-01 -3.0504806808e-01  2.6407247707e-01 -3.5034204125e-01  8.6792447846e-01 -5.0704609479e-01  1.7986103278e+00 -2.7642433828e-01 -2.2358366249e+00  3.0315691891e-01  1.0822115827e+00 -1.9897174212e+00 -2.9441107836e-01  3.4567032603e-01 -8.5673422984e-01  4.1011464627e-01  2.1195406995e+00  1.0529517729e+00  3.1954301862e+00  2.3847557114e+00  1.1832855036e+00  7.4385608649e-01  1.7157684867e+00  5.6687160793e-01  1.8822657311e+00  5.1564294716e-01 -1.1400268701e+00  2.7984422753e+00 -2.1192576903e+00  3.1924091230e+00 -2.2010300385e+00 -5.4190758722e-01  1.7116539689e+00 -3.4351659393e+00 -2.5316132840e+00  2.7930103592e+00  2.2551306723e-01  6.1814784264e-01 -1.2117221878e-01 -2.2652690199e+00 -1.3881719650e+00  9.3270405992e-01  1.3906963394e+00 -1.1165690934e+00 -2.3285593944e+00 -3.7755327494e-01 -3.4440410685e-01 -2.8019145130e+00  1.2256457483e+00  1.9435640750e+00 -2.4052886194e+00  2.2063535865e-01  1.1786432061e+00 -1.9580878313e+00 -1.3750021535e+00  3.1510471767e+00  7.5672176333e-01  3.4284611007e+00  2.0585798415e+00  2.1472122046e+00  3.2150617174e+00  1.4568222780e+00  6.3347289876e-01  3.9506820534e+00  1.9429307512e+00  2.1553838725e+00  4.9233472643e-01  3.4423022965e+00  1.3327700570e+00  9.9037417307e-01  2.3312295241e+00  5.4261457770e-01 -1.3350696737e-01
ENERGY -5.963764509284e+02

JOB 11
COORDS -1.6368646669e+00  2.3850053678e+00 -1.6992095664e+00 -7.8734187981e-01  1.5255038906e+00 -2.4009206819e+00 -1.8449254530e+00  2.1761442755e+00 -3.3091147870e-01 -1.4750358079e-01  4.7104258837e-01 -1.7408627231e+00 -1.2118280715e+00  1.1176524466e+00  3.2278131373e-01 -3.5164244761e-01  2.4972490004e-01 -3.7215315906e-01  7.6999844656e-01 -5.3096142449e-01  1.7882163828e+00 -3.1680627729e-01 -2.2612970901e+00  2.4767639430e-01  1.0547093979e+00 -1.9937230332e+00 -3.1461952848e-01  2.9023030260e-01 -8.7910569264e-01  3.8398814835e-01  2.1375307627e+00  9.2164567037e-01  3.1968866832e+00  2.3509097009e+00  1.1056956022e+00  7.4358994667e-01  1.7524814762e+00  4.2199402111e-01  1.8826162053e+00  3.0003033782e-01 -1.0892413967e+00  2.7839595511e+00 -2.1301234169e+00  3.2074584950e+00 -2.2106262131e+00 -6.1438827180e-01  1.6787124006e+00 -3.4633415206e+00 -2.5054771740e+00  2.8358689139e+00  2.2627266303e-01  5.2384331687e-01 -1.7199551152e-01 -2.3026445566e+00 -1.3879732134e+00  9.5527200806e-01  1.3834046487e+00 -1.1395841170e+00 -2.3555917603e+00 -4.5379235282e-01 -4.0387278703e-01 -2.8397792081e+00  1.1609268462e+00  1.9081925593e+00 -2.4057496231e+00  2.1635060983e-01  1.1779548257e+00 -1.9522624025e+00 -1.3922485285e+00  3.2138927249e+00  7.8520666043e-01  3.3572099969e+00  1.9069738449e+00  1.9917624035e+00  3.2806683903e+00  1.5880274605e+00  3.7133059451e-01  3.9586076647e+00  1.8441455139e+00  2.0539109797e+00  5.2336347030e-01  3.4009419208e+00  1.3162734055e+00  9.7245461170e-01  2.3187350912e+00  4.8095622350e-01 -1.4679450480e-01
ENERGY -5.963765736081e+02

JOB 12
COORDS -1.7309278827e+00  2.4118470607e+00 -1.1937510595e+00 -2.3000624099e+00  1.1506449354e+00 -1.3873921179e+00 -5.0199928052e-01  2.5144813767e+00 -5.3093679023e-01 -1.6501591229e+00  3.2453698255e-03 -9.1944681460e-01  1.4690336570e-01  1.3670767535e+00 -7.2864187645e-02 -4.1772475133e-01  9.3307829626e-02 -2.5910455938e-01  9.6474903139e-01 -9.6925253522e-01  1.6251751213e+00 -3.6398702902e-02 -2.5244487784e+00 -1.6394563613e-01  1.1833801046e+00 -1.8730116578e+00 -7.5619050612e-01  3.3907976212e-01 -1.1041848639e+00  2.4213180442e-01  6.9683769167e-01 -2.7192065738e-01  3.9474897454e+00 -1.3246575154e+00 -5.8664432245e-01  2.5662323777e+00  1.3059938613e-01 -5.7731319751e-01  2.6400739276e+00  2.1685643742e+00 -1.1708860495e+00  1.8106725006e+00 -2.2374550337e+00  3.3038842767e+00 -1.5529534700e+00 -3.2558377520e+00  1.0570787129e+00 -1.8971400799e+00 -4.7136400288e-02  3.4896615567e+00 -3.7552496985e-01 -2.1207901921e+00 -9.6507187206e-01 -1.0638972283e+00  1.1051840948e+00  1.4543857275e+00  4.3349551432e-01 -9.0614881283e-01 -2.6753026569e+00 -7.9536612766e-01  1.1704436182e-01 -3.3003401783e+00  5.8058484281e-01  2.1614859199e+00 -2.1894741098e+00 -4.1081404785e-01  1.1264242689e+00 -1.5381597997e+00 -1.7869499833e+00  2.4984182763e-01  6.5177341885e-01  4.3329523216e+00  4.9968199051e-01 -1.0802716412e+00  4.6643540638e+00  1.7740702555e+00 -1.4691664138e-01  3.8500918056e+00 -1.7244441309e+00 -1.0500363576e+00  3.4756653036e+00 -1.7321747205e+00  4.2845019575e-01  2.4822292440e+00 -1.6681761676e+00 -1.1680132646e+00  1.7136216384e+00
ENERGY -5.963764514151e+02

JOB 13
COORDS -1.7268920426e+00  2.3648435722e+00 -1.2259595278e+00 -2.3033546434e+00  1.1054740853e+00 -1.4074861867e+00 -5.0955541259e-01  2.4689499959e+00 -5.4194111811e-01 -1.6715169789e+00 -3.8599684206e-02 -9.0730123311e-01  1.2021770977e-01  1.3250684811e+00 -5.0479185702e-02 -4.5108869037e-01  5.2691831616e-02 -2.2453482311e-01  8.8207624541e-01 -1.0378080915e+00  1.6999635732e+00 -8.1143627922e-02 -2.5651448309e+00 -1.2064283093e-01  1.1528286046e+00 -1.9175866326e+00 -6.8097213661e-01  2.8785608778e-01 -1.1453197250e+00  3.0144562252e-01  6.9409385581e-01 -2.3480977631e-01  3.9794411346e+00 -1.3642502857e+00 -5.4392369041e-01  2.6685983395e+00  9.2663903115e-02 -4.6770269393e-01  2.6707717109e+00  2.0418622127e+00 -1.3869078581e+00  1.9352170538e+00 -2.2184164354e+00  3.2545225488e+00 -1.6109464322e+00 -3.2500192424e+00  1.0103383074e+00 -1.9336620675e+00 -4.9146906224e-02  3.4429342271e+00 -3.9557836838e-01 -2.1467582224e+00 -1.0056206338e+00 -1.0450101332e+00  1.0677784251e+00  1.4147650646e+00  4.7471333798e-01 -9.3701229090e-01 -2.7089203173e+00 -7.7190669706e-01  5.1792436684e-02 -3.3422612742e+00  6.2621673562e-01  2.1202466382e+00 -2.2405424928e+00 -3.1297624198e-01  1.1182774367e+00 -1.5750704646e+00 -1.7101509580e+00  1.6789091568e-01  5.9212915134e-01  4.4666887188e+00  6.2730922201e-01 -1.1236206887e+00  4.6220555472e+00  1.7461687749e+00  1.9952053294e-02  3.8572764731e+00 -1.7032083762e+00 -1.2075673563e+00  3.4755648934e+00 -1.8056024107e+00  4.4740453058e-01  2.8224174754e+00 -1.7336336359e+00 -9.3852032279e-01  1.7260505997e+00
ENERGY -5.963755611802e+02

JOB 14
COORDS -1.7515067822e+00  2.3615890531e+00 -1.2188908145e+00 -2.3375268559e+00  1.1033700779e+00 -1.3744179260e+00 -5.2172038653e-01  2.4694959693e+00 -5.5748459774e-01 -1.7018900774e+00 -3.7382650753e-02 -8.7068383360e-01  1.0965108566e-01  1.3284093078e+00 -6.2444519765e-02 -4.6999238981e-01  5.6484112358e-02 -2.0948050708e-01  7.9384452635e-01 -1.0971609262e+00  1.7461504784e+00 -4.7371585249e-02 -2.5483716847e+00 -1.8530894763e-01  1.1979676494e+00 -1.8582268646e+00 -6.5360981721e-01  2.6953998378e-01 -1.1400978010e+00  3.1904174587e-01  7.0044242805e-01 -1.8223941665e-01  3.9739062151e+00 -1.3848364091e+00 -4.4768120109e-01  2.7251724283e+00  7.3720135681e-02 -3.5191551339e-01  2.6638422970e+00  1.8665350342e+00 -1.6232776266e+00  2.0478628062e+00 -2.2450870633e+00  3.2486954181e+00 -1.6072115336e+00 -3.2933699874e+00  1.0061372970e+00 -1.8833032265e+00 -5.4348459904e-02  3.4430764725e+00 -4.3175514734e-01 -2.1829690650e+00 -1.0044335747e+00 -9.8658296911e-01  1.0646484261e+00  1.4194333699e+00  4.4829861475e-01 -8.6821192938e-01 -2.6749793171e+00 -8.8304930580e-01  6.6509987293e-02 -3.3534532959e+00  5.3397695892e-01  2.1492817343e+00 -2.1860494708e+00 -2.5027993517e-01  1.2085884758e+00 -1.4647501167e+00 -1.6649350245e+00  2.0027456502e-01  6.4120798018e-01  4.4922795452e+00  6.2403489641e-01 -1.0896557435e+00  4.5888626676e+00  1.7569029710e+00  5.3991706883e-02  3.8483941413e+00 -1.6886070647e+00 -1.2334229199e+00  3.4319722261e+00 -1.8090238350e+00  5.0517468320e-01  3.0578563379e+00 -1.8028988909e+00 -6.7955499138e-01  1.7489155151e+00
ENERGY -5.963738215091e+02

JOB 15
COORDS -1.8199097284e+00  2.3113108849e+00 -1.1649258734e+00 -2.3979179550e+00  1.0456766160e+00 -1.2888584944e+00 -5.7157812553e-01  2.4390348389e+00 -5.4248981570e-01 -1.7347605931e+00 -8.1918652355e-02 -7.9115595784e-01  8.7386124804e-02  1.3113104852e+00 -5.2372896996e-02 -4.8562351569e-01  3.3698885147e-02 -1.6648361848e-01  6.4131587076e-01 -1.2181564191e+00  1.8340215368e+00  8.1164392123e-02 -2.5257286484e+00 -2.8931863169e-01  1.3341647905e+00 -1.7523218085e+00 -5.5019945090e-01  2.6028919787e-01 -1.1562154797e+00  3.6657915373e-01  7.4974868616e-01 -1.6649716264e-01  3.9915012301e+00 -1.3729501646e+00 -2.0077453119e-01  2.8097306227e+00  8.8729986345e-02 -2.6149123190e-01  2.6866009538e+00  1.5186705721e+00 -1.9905424197e+00  2.2196245276e+00 -2.3332986005e+00  3.1889486567e+00 -1.5492474309e+00 -3.3669046820e+00  9.3322116333e-01 -1.7689056102e+00 -1.1126627257e-01  3.4190390181e+00 -4.4339435581e-01 -2.2040059574e+00 -1.0580735244e+00 -8.7921757787e-01  1.0543683419e+00  1.4161048238e+00  4.3195331623e-01 -6.4808359789e-01 -2.6131445292e+00 -1.0874738576e+00  1.5419767453e-01 -3.3821426078e+00  3.7276592670e-01  2.2463323183e+00 -2.0832503235e+00 -6.7155560539e-02  1.4398370838e+00 -1.2661441376e+00 -1.5148310446e+00  4.0299968891e-01  7.4741486334e-01  4.4829185406e+00  5.2623333785e-01 -1.0269822845e+00  4.6369861378e+00  1.8301356904e+00 -1.1676965236e-01  3.8549425042e+00 -1.7347865403e+00 -9.6626763453e-01  3.5116758645e+00 -1.6696452258e+00  7.8493223159e-01  3.1809218240e+00 -1.8531744114e+00 -3.5475015654e-01  1.8455962874e+00
ENERGY -5.963709767284e+02

JOB 16
COORDS -1.8375133423e+00  2.2338356992e+00 -1.1748399279e+00 -2.4061846397e+00  9.6058181899e-01 -1.2653580195e+00 -5.7245248507e-01  2.3845936021e+00 -5.9286488968e-01 -1.7154052109e+00 -1.5238028423e-01 -7.7310615605e-01  1.1330133287e-01  1.2709427050e+00 -1.0594587318e-01 -4.5033848943e-01 -1.2217791847e-02 -1.8635226673e-01  5.0929183713e-01 -1.3266834701e+00  1.8543121968e+00  2.5789015651e-01 -2.5154973805e+00 -3.9889051021e-01  1.5062806606e+00 -1.6918165101e+00 -4.4235529891e-01  2.9517274428e-01 -1.1948209253e+00  3.6130793186e-01  8.2609646140e-01 -1.8298978805e-01  3.9398248251e+00 -1.3288585967e+00 -7.3837269630e-02  2.8540777735e+00  1.2114915713e-01 -2.3214989490e-01  2.6513662476e+00  1.1763381730e+00 -2.2530898935e+00  2.3082194175e+00 -2.3715089112e+00  3.1005882918e+00 -1.5559233997e+00 -3.3871349812e+00  8.3205546634e-01 -1.7161555141e+00 -1.2121216813e-01  3.3712108038e+00 -5.2141525500e-01 -2.1692519659e+00 -1.1382463877e+00 -8.3582154641e-01  1.0910768261e+00  1.3907751097e+00  3.5221676903e-01 -3.5829499014e-01 -2.5563840789e+00 -1.2908985676e+00  2.7697959400e-01 -3.4144680394e+00  2.0784186665e-01  2.3600386177e+00 -2.0338997217e+00  1.3174042059e-01  1.7227805848e+00 -1.1362096306e+00 -1.3495199116e+00  6.0251488683e-01  7.7968336099e-01  4.4090268838e+00  5.2538607622e-01 -9.9223149820e-01  4.6189891264e+00  1.9015839805e+00 -2.5996993020e-01  3.7744675000e+00 -1.7153537763e+00 -8.3640971857e-01  3.5463033551e+00 -1.5280441923e+00  9.1679507753e-01  3.2729467329e+00 -1.8631849691e+00 -1.5206074354e-01  1.9074922517e+00
ENERGY -5.963669459188e+02

JOB 17
COORDS -1.8504670408e+00  2.2012384397e+00 -1.1835029210e+00 -2.4259845865e+00  9.2899058299e-01 -1.2467510332e+00 -5.7334110512e-01  2.3552606840e+00 -6.2987093591e-01 -1.7279733145e+00 -1.7987415342e-01 -7.5618234535e-01  1.1864477928e-01  1.2454517191e+00 -1.4175371741e-01 -4.5040167550e-01 -3.5446157622e-02 -1.9815742165e-01  3.3754862001e-01 -1.4032687152e+00  1.8564724525e+00  3.4773454584e-01 -2.5004123791e+00 -4.5967744232e-01  1.5832107078e+00 -1.6620166959e+00 -3.2370046563e-01  2.7937262240e-01 -1.2227763738e+00  3.5934278385e-01  8.8464403662e-01 -2.1337949502e-01  3.8665452137e+00 -1.3344538855e+00 -4.6209323761e-02  2.9501202991e+00  9.2617831125e-02 -2.2854981289e-01  2.6252924611e+00  7.8796641669e-01 -2.4278231632e+00  2.3545508047e+00 -2.3891884400e+00  3.0651478183e+00 -1.5645125945e+00 -3.4161210001e+00  7.9882185842e-01 -1.6764794371e+00 -1.1874904202e-01  3.3416105126e+00 -5.7904888274e-01 -2.1802732751e+00 -1.1677653287e+00 -8.0218630681e-01  1.1038081157e+00  1.3668706179e+00  2.9958034810e-01 -1.6470576663e-01 -2.4974128134e+00 -1.4161361626e+00  3.1406484923e-01 -3.4296668419e+00  9.8754955405e-02  2.3752914364e+00 -2.0260568000e+00  3.2178371990e-01  1.8949424612e+00 -1.0593305711e+00 -1.1712633637e+00  7.6636216687e-01  7.7239604704e-01  4.3264945254e+00  5.7494651208e-01 -9.8481095513e-01  4.5845386521e+00  1.9394030899e+00 -3.6838402491e-01  3.6309810535e+00 -1.6921040460e+00 -8.2358251387e-01  3.6420542043e+00 -1.4715706899e+00  9.3401114754e-01  3.4156917058e+00 -1.9381691560e+00 -7.4139454031e-02  2.0403769637e+00
ENERGY -5.963615589976e+02

JOB 18
COORDS -1.5525476728e+00  2.0793389293e+00 -8.9871562650e-01 -2.2233516644e+00  9.0068281854e-01 -5.5161574947e-01 -1.6860952035e-01  2.1608621665e+00 -7.2009452271e-01 -1.5130281761e+00 -1.8331805255e-01 -3.2909072028e-02  5.3816358810e-01  1.0755826999e+00 -1.9185231619e-01 -1.2307530523e-01 -1.0906859924e-01  1.5748066386e-01  8.7646206618e-02 -1.7625195693e+00  2.0869660421e+00  9.7241407116e-01 -2.4212314106e+00 -2.3068155566e-01  2.0509331818e+00 -1.5790965744e+00  3.9293184790e-01  5.8558923540e-01 -1.3073254065e+00  7.2112292559e-01  8.3649838429e-01  3.5035391245e-01  3.1153781332e+00 -1.4500082432e+00 -4.1302150823e-01  3.4085873664e+00 -6.7502151162e-02 -8.0095530643e-01  3.1085046242e+00 -3.1488797771e-01 -2.9064153504e+00  2.2610171674e+00 -2.1029196613e+00  2.9234982385e+00 -1.3059607610e+00 -3.2988907052e+00  8.2495440177e-01 -6.9038110844e-01  3.6178859873e-01  3.0719363126e+00 -9.8568514419e-01 -2.0349563150e+00 -1.1022226872e+00  2.2420935540e-01  1.6107597467e+00  1.1578422029e+00 -4.0240824528e-02  7.4828123334e-01 -2.2551649627e+00 -1.2796357974e+00  8.2761210823e-01 -3.4333471417e+00  1.3103667063e-01  2.6596850659e+00 -2.0287039976e+00  1.1719897780e+00  2.5745073452e+00 -8.6279972262e-01 -2.3270163963e-01  4.8521364736e-01  1.1845946664e+00  2.4928908976e+00  9.2740893303e-01  7.0839326984e-01  4.1470363496e+00  1.8303509472e+00  5.3737266203e-02  2.7758612672e+00 -1.5118878602e+00 -2.6785538743e-02  4.4318919497e+00 -1.8033133729e+00  3.6349831709e-01  2.7150219222e+00 -2.0965873775e+00 -1.2890406083e+00  3.3353474232e+00
ENERGY -5.963578286964e+02

JOB 19
COORDS -1.4866167053e+00  2.1313310769e+00 -9.5439163141e-01 -2.1837469071e+00  1.0025332008e+00 -5.0772409822e-01 -9.2364682780e-02  2.1585512425e+00 -8.6028669793e-01 -1.4890697697e+00 -8.5759748737e-02  2.2909217910e-02  5.9917696582e-01  1.0703851589e+00 -3.1772021725e-01 -8.7699816655e-02 -6.6241631807e-02  1.2810374820e-01  2.9646006433e-02 -1.7211975922e+00  2.0505951494e+00  1.0136170632e+00 -2.3847516318e+00 -2.2293639386e-01  2.0729901237e+00 -1.5533037160e+00  4.4674684124e-01  5.9928129960e-01 -1.2668309004e+00  7.1265693567e-01  6.9691195723e-01  4.5163077923e-01  3.0365122801e+00 -1.4613522190e+00 -5.4345250486e-01  3.5712537607e+00 -1.0644089498e-01 -7.6866924442e-01  3.0633190260e+00 -4.3474533748e-01 -2.8498379314e+00  2.1916357788e+00 -2.0245851307e+00  2.9787659923e+00 -1.3712387403e+00 -3.2679901941e+00  9.6819237103e-01 -5.7940203375e-01  4.5891175036e-01  3.0314223727e+00 -1.2011336027e+00 -2.0333964199e+00 -9.6709857996e-01  3.5408506582e-01  1.6806795166e+00  1.1176487247e+00 -2.2819539996e-01  8.3503386814e-01 -2.2159972212e+00 -1.2800919083e+00  8.3993513536e-01 -3.3947347729e+00  1.3224885970e-01  2.6412621011e+00 -2.0078409911e+00  1.2530826640e+00  2.6346176205e+00 -8.4689329762e-01 -1.5656544841e-01  2.1517519340e-01  1.2685891868e+00  2.4827564928e+00  8.5666146164e-01  7.8225006237e-01  4.0689346370e+00  1.6726485942e+00  2.5520111799e-01  2.5913748545e+00 -1.4243843986e+00 -2.1203656688e-01  4.6146318045e+00 -1.9702228761e+00  2.2718050423e-01  2.9738412025e+00 -2.0233267294e+00 -1.4763639265e+00  3.5243258116e+00
ENERGY -5.963644709787e+02

JOB 20
COORDS -1.4285784710e+00  2.1686982497e+00 -1.0403962532e+00 -2.1475646990e+00  1.0863486255e+00 -5.1938734176e-01 -3.2032881369e-02  2.1476280337e+00 -9.9428538208e-01 -1.4755061006e+00 -3.4179304234e-03  3.6520964704e-02  6.3840823087e-01  1.0589757492e+00 -4.2637190092e-01 -7.1094316115e-02 -3.1405764723e-02  9.3321479129e-02 -3.2496915043e-02 -1.6847255354e+00  2.0195858731e+00  1.0460414857e+00 -2.3507375307e+00 -2.0791491258e-01  2.0757675168e+00 -1.5218309612e+00  5.1031900979e-01  5.9282833415e-01 -1.2306323146e+00  7.0685927461e-01  5.7451149112e-01  5.2396008801e-01  2.9914577147e+00 -1.4143346510e+00 -6.7447633586e-01  3.7550737462e+00 -1.4786928217e-01 -7.4294843176e-01  3.0293115101e+00 -5.2325120569e-01 -2.8076157411e+00  2.1374487694e+00 -1.9507966872e+00  3.0165839294e+00 -1.4759400968e+00 -3.2342109978e+00  1.0892751194e+00 -5.5255548880e-01  5.3832234411e-01  2.9835246047e+00 -1.3917958971e+00 -2.0404350423e+00 -8.4724733628e-01  4.2579821676e-01  1.7232862719e+00  1.0730653795e+00 -3.7623543830e-01  9.1666680289e-01 -2.1816943813e+00 -1.2721386035e+00  8.5138679940e-01 -3.3597778881e+00  1.3911786617e-01  2.6019006820e+00 -1.9771840094e+00  1.3443586393e+00  2.6717510694e+00 -8.2143283357e-01 -6.6276922899e-02 -3.3122955720e-04  1.3211619686e+00  2.5016098037e+00  7.8810853087e-01  8.3232492884e-01  4.0209097973e+00  1.5239531033e+00  4.0727020387e-01  2.4700418092e+00 -1.2409700195e+00 -4.2853482833e-01  4.8084839027e+00 -2.0584296336e+00  1.0069958483e-01  3.3150347678e+00 -1.9118739302e+00 -1.6419802163e+00  3.6986825431e+00
ENERGY -5.963701134980e+02

JOB 21
COORDS -1.3982368593e+00  2.1757649487e+00 -1.1240303051e+00 -2.1407285913e+00  1.1152464795e+00 -5.9139261387e-01 -3.1326639771e-03  2.1355460603e+00 -1.0543669660e+00 -1.4919327344e+00  2.9134670083e-02 -1.6373274354e-03  6.4420533217e-01  1.0505471176e+00 -4.5347147198e-01 -8.9128664902e-02 -1.8495423002e-02  7.7607733354e-02 -1.2401750458e-01 -1.6725607313e+00  2.0098641318e+00  1.0349873673e+00 -2.3381805335e+00 -1.7452924515e-01  2.0367838645e+00 -1.5117108181e+00  5.8692112432e-01  5.4876733665e-01 -1.2169304207e+00  7.2102496586e-01  4.7869267132e-01  5.3816388049e-01  2.9995404117e+00 -1.3181787842e+00 -8.3021598244e-01  3.9638062901e+00 -1.9677960146e-01 -7.5294069520e-01  3.0331578622e+00 -6.4482508725e-01 -2.7864541424e+00  2.1013374285e+00 -1.9011009181e+00  3.0213382225e+00 -1.5860753845e+00 -3.2266259493e+00  1.1323576745e+00 -6.4143115351e-01  5.8521858676e-01  2.9546168697e+00 -1.4605880646e+00 -2.0747702111e+00 -7.9727460306e-01  3.9828699929e-01  1.7284772031e+00  1.0510765033e+00 -3.8917925271e-01  9.5117955776e-01 -2.1690995472e+00 -1.2433012452e+00  8.2367130717e-01 -3.3470146771e+00  1.6325006013e-01  2.5254277555e+00 -1.9686570065e+00  1.4426810229e+00  2.6601489001e+00 -8.1464801571e-01  3.5774216683e-02 -1.5509672035e-01  1.3274767597e+00  2.5743179957e+00  7.4458199924e-01  8.1915138980e-01  4.0243841847e+00  1.3965273289e+00  4.7682358360e-01  2.4170535533e+00 -9.7353299754e-01 -6.9346187966e-01  4.9950987509e+00 -2.0520427308e+00 -4.5065093963e-02  3.7340363359e+00 -1.7875973782e+00 -1.8085867436e+00  3.8737241194e+00
ENERGY -5.963741790012e+02

JOB 22
COORDS -1.3761879589e+00  2.1689581815e+00 -1.2141635351e+00 -2.1395590565e+00  1.1269412083e+00 -6.7458906956e-01  1.7524411467e-02  2.1073754633e+00 -1.1343921440e+00 -1.5139121074e+00  3.6973515062e-02 -6.7277360590e-02  6.4116036648e-01  1.0179239016e+00 -5.1676552834e-01 -1.1279884367e-01 -3.3142406504e-02  2.2037360897e-02 -1.9624067233e-01 -1.7129567156e+00  1.9443763646e+00  1.0144676447e+00 -2.3490183308e+00 -2.1851483738e-01  1.9927838002e+00 -1.5362863950e+00  5.8698502962e-01  5.0291585368e-01 -1.2372492169e+00  6.7655623458e-01  3.6206900472e-01  4.9772164115e-01  2.9748954024e+00 -1.1952933070e+00 -1.0653557250e+00  4.0779859183e+00 -2.7320521357e-01 -8.1313327713e-01  2.9775330008e+00 -6.9094350311e-01 -2.8412982391e+00  2.0210565566e+00 -1.8620871968e+00  3.0171355033e+00 -1.6893731301e+00 -3.2246653719e+00  1.1615636016e+00 -7.3232615538e-01  6.2255461634e-01  2.9116351374e+00 -1.5457775173e+00 -2.1139263832e+00 -7.7380062114e-01  3.3903659138e-01  1.7250030300e+00  1.0008949140e+00 -4.4715158416e-01  9.6496256937e-01 -2.1633264502e+00 -1.2866351893e+00  7.8910409419e-01 -3.3613014385e+00  9.8880542863e-02  2.4484814074e+00 -2.0066322830e+00  1.4537011220e+00  2.6389157574e+00 -8.3468985112e-01  6.8780230193e-02 -3.2400356366e-01  1.2855507257e+00  2.6382123212e+00  6.8889519761e-01  7.3132629448e-01  3.9939475502e+00  1.2386821243e+00  5.0237311908e-01  2.3299091298e+00 -6.6151981766e-01 -1.0779371975e+00  5.0361215799e+00 -1.9590411988e+00 -2.7760367202e-01  4.1160534095e+00 -1.6731288484e+00 -2.0314908360e+00  3.9243362126e+00
ENERGY -5.963763422375e+02

JOB 23
COORDS -1.3437790664e+00  2.2042562855e+00 -1.3466304738e+00 -2.1278573413e+00  1.1994893088e+00 -7.6807300822e-01  4.8784741923e-02  2.1077295085e+00 -1.2819996964e+00 -1.5225670569e+00  1.1184645001e-01 -1.3645582907e-01  6.5168915032e-01  1.0202211748e+00 -6.4116207880e-01 -1.2298021197e-01  5.8086758600e-03 -6.1697178612e-02 -2.5488074962e-01 -1.6864976126e+00  1.8601110113e+00  1.0138870694e+00 -2.3049715620e+00 -2.7393670273e-01  1.9620696336e+00 -1.4998584002e+00  5.7406956349e-01  4.7061774183e-01 -1.1990475635e+00  6.1146072560e-01  2.6164042736e-01  5.2232809359e-01  2.9241597483e+00 -1.0376340514e+00 -1.2053152758e+00  4.1217096617e+00 -3.5483764826e-01 -7.9826220908e-01  2.8996064819e+00 -7.1160934362e-01 -2.8315002953e+00  1.9318303429e+00 -1.8129683391e+00  3.0512004310e+00 -1.8403841940e+00 -3.2123783368e+00  1.2610744282e+00 -8.1337311747e-01  6.6958748235e-01  2.8830711001e+00 -1.7242619248e+00 -2.1395946309e+00 -6.6906080172e-01  3.0126330000e-01  1.7356450226e+00  9.7617943381e-01 -5.8776945724e-01  1.0017309950e+00 -2.1089711439e+00 -1.3412794553e+00  7.7772257191e-01 -3.3196286078e+00  2.7209013284e-02  2.3815867374e+00 -1.9790421304e+00  1.4542266313e+00  2.6302696068e+00 -7.9457233582e-01  9.0139349136e-02 -4.6361308025e-01  1.3115301178e+00  2.6902509179e+00  6.6643742128e-01  7.0604297300e-01  3.9253402239e+00  1.0818713811e+00  5.8628114456e-01  2.2125038921e+00 -3.2028322008e-01 -1.3300710045e+00  4.9433308682e+00 -1.7708160012e+00 -4.4374622322e-01  4.4129085563e+00 -1.5450534456e+00 -2.1522743744e+00  3.9459441967e+00
ENERGY -5.963763384004e+02

