JOB 0
COORDS  4.9847394537e+00  1.0751244815e+00  1.6958728772e+00  5.6313990749e+00  6.2495869884e-01  5.5862940997e-01  3.6107600943e+00  7.9948992095e-01  1.5067911286e+00  3.4390184828e+00  1.6041401241e-01  2.7489735324e-01  2.1572940210e+00 -2.3571775518e-01 -3.5115528719e-01  5.0722198128e+00 -3.7246260229e-01 -1.6401568246e+00  9.6322914008e-01 -1.6294972218e+00 -1.9683275061e+00  4.7142311862e+00  7.5174898706e-02 -2.9884715708e-01  2.2187857041e+00 -1.1312883027e+00 -1.4091740625e+00  1.0861155240e+00  2.4503608960e-01  1.4108356578e-02  2.3882682423e+00  1.1582174112e+00  2.6777934348e+00  5.4359526262e+00  1.5481589855e+00  2.5569957345e+00  6.6785657962e+00  6.6858622715e-01  2.9042439687e-01  6.0642070196e+00  1.5486572164e-02 -1.8765237850e+00  4.3593854912e+00  3.3332290420e-03 -2.3748336394e+00  5.1123042403e+00 -1.4660316296e+00 -1.7056823145e+00  4.0017484552e-01 -2.2380492945e+00 -1.2504475962e+00  1.1881628723e+00 -2.2252268015e+00 -2.8564596688e+00  3.3811468322e-01 -7.8255991211e-01 -2.2540543704e+00  2.9823258072e+00 -1.7948491296e+00 -1.3912310074e+00
ENERGY -9.171351957570e+02

JOB 1
COORDS  5.0322774640e+00  1.8961761460e+00  8.5260572366e-01  5.4551615156e+00  5.7933862253e-01  9.0623044138e-01  3.8985409547e+00  1.9150911885e+00  5.1478517830e-03  3.6323859688e+00  6.1423247257e-01 -4.2273654875e-01  2.5517995953e+00  1.6285028078e-01 -1.3307833062e+00  4.8620970310e+00 -1.6118152310e+00 -1.1194449145e-01  9.3085485620e-01 -1.5876223337e+00 -1.8967005712e+00  4.6155070602e+00 -1.9727902109e-01  1.4868535516e-01  2.0789884782e+00 -1.1213140637e+00 -1.1236440680e+00  2.1159638891e+00  8.7546735923e-01 -2.2325823065e+00  2.9746011270e+00  3.3326462962e+00 -3.6280242468e-01  5.4803830645e+00  2.7441189929e+00  1.3517952399e+00  6.3062713029e+00  1.4104703667e-01  1.4101165800e+00  5.9113594211e+00 -1.8240902293e+00  1.0054578149e-01  4.6565647611e+00 -1.8481869380e+00 -1.1560649671e+00  4.2442841137e+00 -2.2554460747e+00  5.2400309076e-01  8.9770892083e-03 -1.0563259215e+00 -1.6308949058e+00  7.9885053730e-01 -2.6580770698e+00 -1.7209869238e+00  1.1226143261e+00 -1.4191131006e+00 -2.9572755688e+00  2.1679155231e+00 -1.4871703965e+00 -1.8418397008e-01
ENERGY -9.171363409744e+02

JOB 2
COORDS  4.9601238549e+00  1.8750357916e+00  8.3563177194e-01  5.4220130137e+00  5.7609617913e-01  9.3761197822e-01  3.8798278409e+00  1.8420949600e+00 -8.4908436153e-02  3.6926284286e+00  5.3119133345e-01 -5.0751550582e-01  2.6395656625e+00  2.4040414856e-03 -1.4119009920e+00  5.0989630743e+00 -1.5732706085e+00 -2.6246782724e-01  9.0018204640e-01 -1.7019597592e+00 -1.7253989070e+00  4.6474602248e+00 -2.4535798281e-01  1.5126066485e-01  2.0425092344e+00 -1.1701543103e+00 -9.8724854660e-01  2.3269252897e+00  5.5763680582e-01 -2.4618622346e+00  2.8953080654e+00  3.2041762513e+00 -5.0853692367e-01  5.3321951095e+00  2.7423341840e+00  1.3635390157e+00  6.2647901808e+00  1.7631964530e-01  1.4860351103e+00  5.5744218132e+00 -2.0643678992e+00  5.8982582475e-01  5.8211324682e+00 -1.4991423218e+00 -1.0826099419e+00  4.2525370768e+00 -2.1731443708e+00 -5.9375100200e-01  9.4877928428e-03 -1.0712447289e+00 -1.6179935971e+00  6.8006767396e-01 -2.7083827139e+00 -1.3610544547e+00  1.1530313370e+00 -1.7510717172e+00 -2.7854752397e+00  2.0652298707e+00 -1.3414136721e+00  1.0908739489e-02
ENERGY -9.171365436184e+02

JOB 3
COORDS  4.9271803087e+00  1.8625656248e+00  8.9080292010e-01  5.4512250510e+00  5.8317134723e-01  9.3062278554e-01  3.8464280592e+00  1.8211173964e+00 -3.0366506158e-02  3.7295622091e+00  5.2905065288e-01 -5.2143551765e-01  2.7067254685e+00 -3.1983227206e-02 -1.4517475915e+00  5.1520475762e+00 -1.5558627950e+00 -3.2529716978e-01  8.5390452562e-01 -1.6372425664e+00 -1.6696149822e+00  4.7137231919e+00 -2.3086655485e-01  1.0160132069e-01  1.9736538334e+00 -1.0717104260e+00 -9.2382937255e-01  2.5347621105e+00  3.9023925234e-01 -2.5916580324e+00  2.7928182932e+00  3.1472074935e+00 -4.0894819092e-01  5.2608922851e+00  2.7208523198e+00  1.4576139866e+00  6.3062059548e+00  1.9387607295e-01  1.4672035031e+00  5.6594785036e+00 -2.0461990918e+00  5.0851566133e-01  5.8404003661e+00 -1.4856166793e+00 -1.1741340828e+00  4.2902400376e+00 -2.1566411910e+00 -6.1741085906e-01 -8.2274514796e-03 -9.5996903274e-01 -1.6905864921e+00  5.6100585486e-01 -2.5844347953e+00 -1.2102693878e+00  1.1676993249e+00 -1.8177001182e+00 -2.6988486869e+00  1.9548260734e+00 -1.1423785552e+00  8.6050871542e-02
ENERGY -9.171362949534e+02

JOB 4
COORDS  4.8901128209e+00  1.8553984169e+00  9.4740501106e-01  5.5123826380e+00  6.1993393367e-01  9.1132971469e-01  3.7576084373e+00  1.7540640767e+00  9.3930801764e-02  3.7076661632e+00  4.7174293586e-01 -4.2519950353e-01  2.7647925866e+00 -1.3607521569e-01 -1.4212620628e+00  5.2270395648e+00 -1.5351820786e+00 -3.5086735658e-01  7.8123615415e-01 -1.5782132612e+00 -1.6733612500e+00  4.7889450763e+00 -2.1929594696e-01  9.4668421878e-02  1.8385169442e+00 -9.7953886327e-01 -8.6546669842e-01  2.8491677761e+00  6.5379992577e-02 -2.6296133526e+00  2.5895770536e+00  3.0048713758e+00 -2.1336412973e-01  5.1953185608e+00  2.7209116247e+00  1.5191862422e+00  6.4134353132e+00  2.7443316428e-01  1.3999415871e+00  5.8981645090e+00 -1.9578287784e+00  3.9938211689e-01  5.7513035875e+00 -1.4704069726e+00 -1.3096789782e+00  4.3650920800e+00 -2.1962449722e+00 -4.6310784330e-01 -1.7566937117e-03 -8.5208508737e-01 -1.9215796261e+00  3.4050330977e-01 -2.4134255068e+00 -1.1240611019e+00  1.2126627664e+00 -1.9460902890e+00 -2.6055851458e+00  1.7013471360e+00 -9.0618862050e-01  1.3487173971e-01
ENERGY -9.171359953952e+02

JOB 5
COORDS  4.8560811011e+00  1.8530114890e+00  9.6567191204e-01  5.5984721395e+00  6.8724997928e-01  8.7045037827e-01  3.6687965730e+00  1.6220700344e+00  2.2259670040e-01  3.6944089088e+00  3.2748184085e-01 -2.7409877191e-01  2.8628619245e+00 -3.1676273202e-01 -1.3440551448e+00  5.4022468161e+00 -1.5165315665e+00 -3.3222857631e-01  7.2026068871e-01 -1.4500599078e+00 -1.8058648582e+00  4.9012444710e+00 -2.2445105906e-01  1.1580780789e-01  1.7154179104e+00 -9.0414675319e-01 -8.8959686173e-01  3.2464945899e+00 -3.9089787688e-01 -2.5105318692e+00  2.3681302342e+00  2.7547215505e+00 -1.8270901561e-02  5.1215451456e+00  2.7518270728e+00  1.5047951727e+00  6.5580269165e+00  4.3239317558e-01  1.2997620015e+00  6.2925561885e+00 -1.7680099388e+00  2.4649483538e-01  5.6529306077e+00 -1.4830655900e+00 -1.3959414730e+00  4.6475417975e+00 -2.2908087651e+00 -1.7105260164e-01  8.2686214666e-02 -6.6515318470e-01 -2.2300131565e+00  9.7539515170e-02 -2.1718317202e+00 -1.2719832989e+00  1.2372607329e+00 -1.9534151176e+00 -2.6237400517e+00  1.4263783280e+00 -6.5818853526e-01  4.9308642552e-02
ENERGY -9.171377083195e+02

JOB 6
COORDS  4.8311723964e+00  1.8024813890e+00  8.8661111691e-01  5.6270679605e+00  6.7619150910e-01  7.4320867543e-01  3.6183118077e+00  1.5073574540e+00  2.1609810262e-01  3.6819155693e+00  2.1302217012e-01 -2.8908184254e-01  2.8418719464e+00 -4.4963930430e-01 -1.3326491110e+00  5.4829141985e+00 -1.5455712613e+00 -4.2436119687e-01  5.7126806680e-01 -1.2788510666e+00 -1.8405242404e+00  4.9420973062e+00 -2.6766526822e-01  2.2778724091e-02  1.5885368948e+00 -7.9908972540e-01 -9.1313237274e-01  3.2923571723e+00 -7.3681732599e-01 -2.4431125812e+00  2.2534913681e+00  2.5788002010e+00  5.3875828181e-02  5.0806555008e+00  2.7146097486e+00  1.4106282732e+00  6.6183572143e+00  4.7024536964e-01  1.1240492272e+00  6.4213273510e+00 -1.7289783622e+00  1.0174715664e-01  5.6560538116e+00 -1.5298601593e+00 -1.5026017278e+00  4.7846267891e+00 -2.3536090929e+00 -1.9201075504e-01  2.1083901779e-03 -4.5292678598e-01 -2.2844252422e+00 -1.1580322521e-01 -1.9467414839e+00 -1.3144092986e+00  1.0676857846e+00 -1.8288215604e+00 -2.6403806324e+00  1.2879935925e+00 -4.1766592509e-01 -2.4404912119e-02
ENERGY -9.171409725113e+02

JOB 7
COORDS  4.7793405416e+00  1.7789003900e+00  8.8628541363e-01  5.6246979134e+00  6.9435229418e-01  7.0445729286e-01  3.5691727400e+00  1.4381234426e+00  2.3670230526e-01  3.6855720727e+00  1.5809463398e-01 -3.0308306190e-01  2.8401344513e+00 -5.4883856792e-01 -1.3043684415e+00  5.5663589570e+00 -1.5250983581e+00 -4.6397329675e-01  5.2498581518e-01 -1.1875735170e+00 -1.8751847021e+00  4.9745072672e+00 -2.6562838575e-01 -2.3555672655e-02  1.5330803084e+00 -7.1275051048e-01 -9.3614159055e-01  3.3152389113e+00 -1.0175192505e+00 -2.3427033750e+00  2.1597874194e+00  2.4597534634e+00  1.3308682498e-01  4.9976310519e+00  2.6939745044e+00  1.4189390330e+00  6.6330134016e+00  5.3082837610e-01  1.0602832463e+00  6.5199851129e+00 -1.6540757781e+00  5.1100304294e-02  5.7188501123e+00 -1.5176005574e+00 -1.5443619856e+00  4.9103703966e+00 -2.3609450448e+00 -2.1026239984e-01  6.1512940148e-02 -3.6154670833e-01 -2.4288276805e+00 -2.5037088911e-01 -1.7347893260e+00 -1.3323796751e+00  1.0071811651e+00 -1.8574162066e+00 -2.5873568801e+00  1.2209350921e+00 -2.0261203198e-01 -1.1909989340e-01
ENERGY -9.171441681063e+02

JOB 8
COORDS  4.7434278508e+00  1.7455655436e+00  9.0588484103e-01  5.6202173488e+00  6.9506605369e-01  6.7869158038e-01  3.5312319828e+00  1.3802462622e+00  2.7707140901e-01  3.6793902616e+00  1.2045906390e-01 -3.0765117888e-01  2.8161687086e+00 -6.3775284381e-01 -1.2490518278e+00  5.6178097565e+00 -1.5074813820e+00 -5.0728332932e-01  4.9100822490e-01 -1.1662582219e+00 -1.8763767637e+00  4.9877861756e+00 -2.6727809571e-01 -5.9351822753e-02  1.4822161971e+00 -6.4156160208e-01 -9.4675427126e-01  3.2911372389e+00 -1.2717850268e+00 -2.1980507471e+00  2.0970123175e+00  2.3735985345e+00  2.4483010208e-01  4.9440576115e+00  2.6562049890e+00  1.4528384850e+00  6.6428861444e+00  5.6005221932e-01  1.0041182557e+00  6.5739061593e+00 -1.6056128348e+00  1.0464336468e-02  5.7712380423e+00 -1.4920169401e+00 -1.5867786982e+00  4.9874645628e+00 -2.3638141008e+00 -2.6119319809e-01  1.1951089476e-01 -3.9087246579e-01 -2.5582000995e+00 -3.5048411057e-01 -1.5822822530e+00 -1.3157689242e+00  9.5587489979e-01 -1.9555657308e+00 -2.4671813599e+00  1.1657897307e+00 -1.3588847434e-02 -2.1887875423e-01
ENERGY -9.171465144712e+02

JOB 9
COORDS  4.6955774302e+00  1.7253977005e+00  1.0136794719e+00  5.6017356971e+00  7.2822941487e-01  6.8504710981e-01  3.4695276075e+00  1.3392548566e+00  4.2949448570e-01  3.6399853293e+00  1.2228951433e-01 -2.3970994214e-01  2.7498553162e+00 -6.7522701484e-01 -1.1183574447e+00  5.6412610331e+00 -1.4198018194e+00 -5.8387340135e-01  4.4008602049e-01 -1.1827029911e+00 -1.7750865728e+00  4.9755143708e+00 -2.2170633328e-01 -7.2010773533e-02  1.4096991703e+00 -5.7048365155e-01 -8.7654133497e-01  3.2028847626e+00 -1.4280837127e+00 -1.9903505651e+00  2.0040340347e+00  2.2820407856e+00  5.3949226648e-01  4.8864260380e+00  2.6148297235e+00  1.5977563789e+00  6.6467323049e+00  6.2688863987e-01  9.4481244490e-01  6.6355575692e+00 -1.4637328838e+00 -1.3489386990e-01  5.7179473995e+00 -1.3833634863e+00 -1.6705048625e+00  5.0804807717e+00 -2.3145661972e+00 -3.1050424310e-01  3.4391920159e-01 -6.2584292220e-01 -2.7153409603e+00 -5.3101746699e-01 -1.2141820395e+00 -1.2759143077e+00  7.5668423131e-01 -2.1997331866e+00 -2.0118443093e+00  1.0887111541e+00  1.4072262458e-01 -2.3318078438e-01
ENERGY -9.171478841498e+02

JOB 10
COORDS  4.6888166939e+00  1.7201012822e+00  1.0411899451e+00  5.6180172098e+00  7.6694385558e-01  6.5271227610e-01  3.4648866599e+00  1.3213095101e+00  4.6403044260e-01  3.6578354662e+00  1.4055981792e-01 -2.6510106066e-01  2.7648446047e+00 -6.8824130283e-01 -1.1097700046e+00  5.7109314251e+00 -1.3238486347e+00 -6.9525807093e-01  4.8499911604e-01 -1.1673784054e+00 -1.8596135356e+00  5.0070987731e+00 -1.7099997496e-01 -1.2999343492e-01  1.4247706347e+00 -4.6164650985e-01 -9.9934108726e-01  3.2105070258e+00 -1.5631359865e+00 -1.8657184891e+00  1.9795606153e+00  2.2197806684e+00  6.5781040110e-01  4.8638914075e+00  2.5896585575e+00  1.6591442956e+00  6.6716550593e+00  6.9084099171e-01  8.8448940734e-01  6.7340362311e+00 -1.3012845449e+00 -3.1414021443e-01  5.7139996264e+00 -1.2784580943e+00 -1.7839391148e+00  5.2279336626e+00 -2.2539730570e+00 -3.9469560709e-01  6.4318192153e-01 -9.1901854315e-01 -2.9149146208e+00 -5.2925322721e-01 -8.8404281352e-01 -1.5710135090e+00  6.0232089993e-01 -2.2481585954e+00 -1.7455796621e+00  1.0935403036e+00  3.0711562508e-01 -4.3335446832e-01
ENERGY -9.171485098996e+02

JOB 11
COORDS  4.5847135927e+00  1.7049602575e+00  1.1603128366e+00  5.4771000227e+00  7.4750048782e-01  7.0272591499e-01  3.3306851443e+00  1.3498640923e+00  6.2159001492e-01  3.4681463333e+00  1.8967962888e-01 -1.5308354805e-01  2.5151500834e+00 -6.2593023115e-01 -9.4310950501e-01  5.4784097151e+00 -1.2952749280e+00 -7.1588213359e-01  2.1856746045e-01 -9.6688971814e-01 -1.7146561651e+00  4.8148625303e+00 -1.5536500563e-01 -7.9055900246e-02  1.2152682868e+00 -2.1752251008e-01 -9.6303977401e-01  2.8790679025e+00 -1.6367977400e+00 -1.5615361250e+00  1.8741488589e+00  2.2670490365e+00  9.2019016795e-01  4.8028182030e+00  2.5498369881e+00  1.7984871965e+00  6.5391613150e+00  6.4834691865e-01  8.8110171538e-01  6.5338495082e+00 -1.2536608819e+00 -4.3845148205e-01  5.3765441233e+00 -1.2446175609e+00 -1.7997729225e+00  5.0414642238e+00 -2.2344253937e+00 -3.7717742837e-01  4.8148146874e-01 -1.0112549354e+00 -2.7760085452e+00 -7.4617060199e-01 -4.6770004314e-01 -1.6037612596e+00  1.3788201719e-01 -1.9934187610e+00 -1.3436293317e+00  9.3637503707e-01  6.0718483755e-01 -4.5078218420e-01
ENERGY -9.171486627208e+02

JOB 12
COORDS  4.6463495242e+00  1.5913051742e+00  1.2341933837e+00  5.5947881189e+00  6.9060144906e-01  7.7375351960e-01  3.4195686538e+00  1.1780899100e+00  6.7327929874e-01  3.6293704102e+00  3.9151514622e-02 -1.1508144866e-01  2.7208096417e+00 -8.4496838944e-01 -8.8355942072e-01  5.7169508053e+00 -1.3278316563e+00 -6.7827338221e-01  4.8261994588e-01 -1.2172841556e+00 -1.7992312408e+00  4.9900108313e+00 -2.3706174888e-01 -2.5903875362e-02  1.4622228608e+00 -3.7868093195e-01 -1.1223349629e+00  3.0910472866e+00 -1.9482649798e+00 -1.3093581381e+00  1.9072944397e+00  1.9995184015e+00  9.7188876000e-01  4.8107395995e+00  2.4361624841e+00  1.8882909187e+00  6.6599997619e+00  6.5109685682e-01  9.5660530722e-01  6.7791301253e+00 -1.1835882781e+00 -4.6970808544e-01  5.5489135136e+00 -1.3112897778e+00 -1.7552700504e+00  5.3868054886e+00 -2.2940122717e+00 -2.9731475513e-01  8.5481103793e-01 -1.5241326309e+00 -2.7803461261e+00 -4.3627423533e-01 -6.4168925020e-01 -1.9277836627e+00  2.6422612435e-01 -2.1222068043e+00 -1.2218137485e+00  1.1655760649e+00  4.9532970826e-01 -7.1124126004e-01
ENERGY -9.171485116069e+02

JOB 13
COORDS  4.6418911057e+00  1.5669040669e+00  1.2394259462e+00  5.5956057929e+00  7.0735583457e-01  7.1496616488e-01  3.4088719450e+00  1.1569498731e+00  6.8700472681e-01  3.6233069813e+00  6.5478975174e-02 -1.6190562009e-01  2.6995986474e+00 -8.3486848144e-01 -8.9446335529e-01  5.7045710961e+00 -1.2445587587e+00 -8.3541848707e-01  4.6367221079e-01 -1.1271228154e+00 -1.8629660902e+00  4.9871955133e+00 -1.9450824922e-01 -1.1211763294e-01  1.5075637061e+00 -2.9277225032e-01 -1.2827462606e+00  3.0144034502e+00 -1.9982406555e+00 -1.1768525719e+00  1.8813447799e+00  1.9177914370e+00  1.0561789637e+00  4.8067901701e+00  2.3831086322e+00  1.9288283167e+00  6.6664359009e+00  6.8398311436e-01  8.6515729380e-01  6.7737670571e+00 -1.0674660014e+00 -7.0230194350e-01  5.4617844329e+00 -1.2105017072e+00 -1.8983015069e+00  5.4337381254e+00 -2.2290414072e+00 -4.5417383441e-01  8.9920873605e-01 -1.7781346599e+00 -2.6227054997e+00 -2.8465144922e-01 -4.8117327593e-01 -2.3276402028e+00 -2.3174178221e-02 -1.7580112942e+00 -1.1090792960e+00  1.2532237657e+00  6.1929502098e-01 -9.2746860890e-01
ENERGY -9.171478850971e+02

JOB 14
COORDS  4.6475354685e+00  1.4701466492e+00  1.3055361874e+00  5.6145003510e+00  6.8749367597e-01  6.9204823014e-01  3.4095444975e+00  1.0244986746e+00  7.8887491186e-01  3.6368838217e+00 -3.2782316545e-03 -1.2926978509e-01  2.7112455679e+00 -9.5099046184e-01 -8.0077383716e-01  5.7214136372e+00 -1.2024362527e+00 -9.4463075191e-01  4.7574693935e-01 -1.2188641571e+00 -1.8077223495e+00  5.0092856825e+00 -2.0104656704e-01 -1.5359566988e-01  1.5683755235e+00 -3.9554201017e-01 -1.3069995159e+00  2.9971277034e+00 -2.1450244759e+00 -9.4410207212e-01  1.8567376321e+00  1.6698189536e+00  1.2546995245e+00  4.8065490928e+00  2.2592032805e+00  2.0272292583e+00  6.6916196613e+00  7.1332766819e-01  7.8706226295e-01  6.7882562255e+00 -9.7682040585e-01 -8.9255766644e-01  5.3976838321e+00 -1.1641591453e+00 -1.9862913472e+00  5.5267369403e+00 -2.2042057871e+00 -5.6019085316e-01  8.9475415404e-01 -2.1396074898e+00 -2.2137684003e+00 -5.1467198729e-02 -6.8134758430e-01 -2.6004896773e+00 -2.3697378904e-01 -1.4783737990e+00 -1.0147590357e+00  1.3622808334e+00  5.6189719566e-01 -1.0517107342e+00
ENERGY -9.171465136464e+02

JOB 15
COORDS  4.6675536497e+00  1.4550462018e+00  1.3504321006e+00  5.6283709906e+00  7.0705227736e-01  6.8610017775e-01  3.4193232479e+00  1.0009119339e+00  8.6243742877e-01  3.6365891758e+00  1.3339186918e-02 -9.7263311125e-02  2.6965618423e+00 -9.7321496805e-01 -6.9741199681e-01  5.6923228979e+00 -1.1589725471e+00 -9.8984850007e-01  5.1185393873e-01 -1.2335744104e+00 -1.8158228514e+00  5.0083331583e+00 -1.6803669900e-01 -1.6476506619e-01  1.6327222976e+00 -4.2272438296e-01 -1.3577803876e+00  2.9186416212e+00 -2.1869273521e+00 -6.6488695035e-01  1.8614084571e+00  1.5882374122e+00  1.3809520840e+00  4.8370169258e+00  2.2291861530e+00  2.0857661376e+00  6.7075842445e+00  7.5205699465e-01  7.4374145633e-01  6.7625161146e+00 -9.4594989544e-01 -9.6454886041e-01  5.3428813829e+00 -1.0976738126e+00 -2.0230381060e+00  5.4988694312e+00 -2.1655879954e+00 -6.1590164037e-01  8.8613827061e-01 -2.2251030375e+00 -2.0712059166e+00  6.9114644867e-02 -7.7469657689e-01 -2.7038327266e+00 -2.5940007582e-01 -1.3383712047e+00 -1.0426131672e+00  1.4836787106e+00  5.7134835886e-01 -1.2359434786e+00
ENERGY -9.171441686007e+02

JOB 16
COORDS  4.7097355718e+00  1.4533971586e+00  1.3877978591e+00  5.6453252463e+00  7.3589413930e-01  6.5814321123e-01  3.4426252806e+00  9.9724390505e-01  9.4722560411e-01  3.6242787993e+00  4.6766374687e-02 -5.1834648801e-02  2.6670046544e+00 -9.6251546523e-01 -5.9852900654e-01  5.6298548405e+00 -1.1126971642e+00 -1.0456652021e+00  5.8463014593e-01 -1.2447849397e+00 -1.8960549380e+00  4.9915870650e+00 -1.1901278554e-01 -1.9088408384e-01  1.7093485653e+00 -4.4539820826e-01 -1.4258050280e+00  2.8047857840e+00 -2.1688798639e+00 -3.8829369528e-01  1.8974225436e+00  1.5399608081e+00  1.5429239359e+00  4.9062204778e+00  2.2120401975e+00  2.1325581879e+00  6.7255773386e+00  7.9180565930e-01  6.6399771038e-01  6.7010186212e+00 -9.0635642789e-01 -1.0784367340e+00  5.2279756105e+00 -1.0526599829e+00 -2.0602684586e+00  5.4549265926e+00 -2.1183671209e+00 -6.5725278061e-01  9.1965582597e-01 -2.2760196168e+00 -2.0101658492e+00  2.4711706311e-01 -8.6471530912e-01 -2.8637782266e+00 -2.5354717478e-01 -1.2254076185e+00 -1.1887839993e+00  1.6212921704e+00  5.6343016913e-01 -1.4382602561e+00
ENERGY -9.171409727232e+02

JOB 17
COORDS  4.7593186668e+00  1.5185122662e+00  1.4116698210e+00  5.6620348317e+00  8.3725198027e-01  6.1158895723e-01  3.4756273538e+00  1.0240588860e+00  1.0611988763e+00  3.6160022190e+00  9.0323167879e-02  4.5434985992e-02  2.6465657086e+00 -9.3061863679e-01 -4.7348228843e-01  5.5672775716e+00 -1.0217536101e+00 -1.0844776358e+00  7.5627714058e-01 -1.2952998152e+00 -2.0170497197e+00  4.9717254355e+00 -2.8249707354e-02 -2.0161038948e-01  1.8491901099e+00 -4.8540604273e-01 -1.4903081528e+00  2.6528863705e+00 -2.0950744070e+00 -7.6773389598e-02  1.9575822294e+00  1.5135617764e+00  1.7601827623e+00  4.9849747735e+00  2.2795208384e+00  2.1457937937e+00  6.7387188990e+00  9.1812207991e-01  5.4672209192e-01  6.6258475167e+00 -7.8922265537e-01 -1.2116160274e+00  5.0815285850e+00 -9.9671937402e-01 -2.0635105792e+00  5.4596422971e+00 -2.0244021026e+00 -6.6190999516e-01  1.0852402913e+00 -2.3338185214e+00 -2.0702918635e+00  4.9948120931e-01 -9.4457965985e-01 -3.0194579657e+00 -1.3278808327e-01 -1.2459091026e+00 -1.3770500053e+00  1.8241156404e+00  5.1643511051e-01 -1.6360153727e+00
ENERGY -9.171377084601e+02

JOB 18
COORDS  4.7835592059e+00  1.4952506944e+00  1.4302574774e+00  5.6081555427e+00  8.6718650319e-01  5.1348834488e-01  3.4888010300e+00  9.3754307935e-01  1.2463368894e+00  3.5494450188e+00  4.6502347009e-03  2.2537830983e-01  2.4920186521e+00 -9.1121312108e-01 -3.1649037509e-01  5.4015685749e+00 -1.0078416683e+00 -1.1480381478e+00  8.7879334384e-01 -1.2358087924e+00 -2.1522104166e+00  4.8587908482e+00 -2.1200971653e-02 -2.2396004611e-01  1.9851708198e+00 -5.1827347214e-01 -1.5276986979e+00  2.1496321647e+00 -1.9450926312e+00  2.5068014027e-01  2.0480491218e+00  1.3818979248e+00  2.1123766603e+00  5.0633748591e+00  2.2647707910e+00  2.1364719085e+00  6.6682131637e+00  9.8107456199e-01  3.3096407561e-01  6.3468260102e+00 -6.3595460440e-01 -1.5481625098e+00  4.7069904279e+00 -1.1640059061e+00 -1.9761262287e+00  5.5734083965e+00 -1.9644545692e+00 -6.4432061564e-01  1.0639092109e+00 -2.3083912918e+00 -2.0760372516e+00  8.1794850580e-01 -9.5289195960e-01 -3.2056863114e+00 -7.6674205914e-02 -1.0175640559e+00 -1.6608814257e+00  2.1558112188e+00  4.4155843491e-01 -1.8006001217e+00
ENERGY -9.171359954170e+02

JOB 19
COORDS  4.7986497418e+00  1.4387950267e+00  1.4647132005e+00  5.5652804621e+00  8.8435729825e-01  4.5579037554e-01  3.5182227008e+00  8.3048161824e-01  1.3711703279e+00  3.5275934503e+00 -6.5885700778e-02  3.1253577029e-01  2.4069726670e+00 -8.8756172556e-01 -2.3104597767e-01  5.3444359891e+00 -9.7603330238e-01 -1.1972525069e+00  9.5987488682e-01 -1.2704765938e+00 -2.1845960408e+00  4.7937500265e+00 -2.8456028257e-03 -2.5936308633e-01  2.1115888107e+00 -6.3503278299e-01 -1.5524510149e+00  1.8023564450e+00 -1.7214109905e+00  4.3706996439e-01  2.1454492200e+00  1.2130008842e+00  2.3616748490e+00  5.1047819228e+00  2.1950079993e+00  2.1744449931e+00  6.6068421489e+00  1.0354811126e+00  2.0524914957e-01  6.1784793034e+00 -5.1772692733e-01 -1.7334262078e+00  4.5810021025e+00 -1.2720295543e+00 -1.9173449119e+00  5.7014936713e+00 -1.8677067613e+00 -6.7121476677e-01  9.6637037304e-01 -2.3351002627e+00 -1.9460856164e+00  1.0313275001e+00 -1.1427691780e+00 -3.2674383285e+00  1.2468753907e-02 -8.4798930338e-01 -1.8291556670e+00  2.4249486951e+00  2.5397746993e-01 -1.9221483911e+00
ENERGY -9.171362949650e+02

JOB 20
COORDS  4.8095122841e+00  1.3861847259e+00  1.5027477067e+00  5.5419992313e+00  8.9454787018e-01  4.3845036548e-01  3.5277565691e+00  7.8186573745e-01  1.4164751416e+00  3.4973230268e+00 -4.4254391634e-02  2.9901710234e-01  2.3500407240e+00 -8.2385349375e-01 -2.3244015854e-01  5.3186268047e+00 -9.1397392855e-01 -1.2478452297e+00  9.9872415130e-01 -1.3550571676e+00 -2.2124306827e+00  4.7509779237e+00  5.1408878109e-02 -3.0752956337e-01  2.1761417046e+00 -7.4398154933e-01 -1.6017886775e+00  1.6152818973e+00 -1.4961345844e+00  4.8631200999e-01  2.1972619079e+00  1.1220909911e+00  2.4738365624e+00  5.1371936512e+00  2.1019669614e+00  2.2441064738e+00  6.5781847793e+00  1.0550786614e+00  1.7121969993e-01  6.1289404052e+00 -4.3222646888e-01 -1.8000696427e+00  4.5569612325e+00 -1.2484767339e+00 -1.9507027034e+00  5.7152479766e+00 -1.7856963430e+00 -7.1638733378e-01  9.1155878492e-01 -2.3853410033e+00 -1.8645463404e+00  1.1201657121e+00 -1.3510959534e+00 -3.2983962273e+00  7.4853635221e-02 -8.2772136640e-01 -1.9458713102e+00  2.5453736906e+00  8.7977076590e-02 -2.0463996447e+00
ENERGY -9.171365437619e+02

JOB 21
COORDS  4.8770963845e+00  1.3932595394e+00  1.5388670200e+00  5.5622200450e+00  8.6001450624e-01  4.6089543805e-01  3.5578326523e+00  8.8587049107e-01  1.4614030330e+00  3.4507134156e+00  7.6175244722e-02  3.3044045476e-01  2.2605243873e+00 -6.7200028801e-01 -1.3822252685e-01  5.1546448573e+00 -7.4023175728e-01 -1.3999254736e+00  9.4976886683e-01 -1.4740822459e+00 -2.0488410567e+00  4.7106120691e+00  7.3849119289e-02 -2.7309177413e-01  2.1571556412e+00 -8.5705033597e-01 -1.5059236484e+00  1.4249732672e+00 -1.1251171015e+00  6.4123669256e-01  2.2890941834e+00  1.2834408534e+00  2.5707972159e+00  5.2702084711e+00  2.0591837512e+00  2.2945147678e+00  6.6003047412e+00  9.6428855814e-01  1.7472111736e-01  6.2376237998e+00 -8.5872762135e-01 -1.3345064278e+00  4.9165614419e+00 -2.6892665206e-01 -2.3599101224e+00  4.6872533562e+00 -1.7244655496e+00 -1.3662863609e+00  7.6016893204e-01 -2.4106548725e+00 -1.5226569356e+00  1.1073537973e+00 -1.6834171040e+00 -3.1097461444e+00  6.7406958257e-02 -8.3390036232e-01 -1.9288756939e+00  2.6103107883e+00 -1.6483815614e-01 -2.0888789590e+00
ENERGY -9.171363409743e+02

JOB 22
COORDS  4.9074922070e+00  1.3261208475e+00  1.5821143504e+00  5.5787681784e+00  8.1738582108e-01  4.8453965793e-01  3.5664229764e+00  8.9425183786e-01  1.4623083229e+00  3.4283273251e+00  1.5567538394e-01  2.8287663648e-01  2.2128181462e+00 -5.4334983605e-01 -1.9192219194e-01  5.1369626971e+00 -6.4771255160e-01 -1.4647697219e+00  9.5733429645e-01 -1.5290300549e+00 -2.0451326251e+00  4.7016597084e+00  1.1460100338e-01 -2.9989373731e-01  2.1895930400e+00 -9.4304586087e-01 -1.5203485587e+00  1.2819811709e+00 -8.0625259933e-01  5.6730461945e-01  2.3209134397e+00  1.3017607409e+00  2.5924067706e+00  5.3229222684e+00  1.9298411249e+00  2.3769844484e+00  6.6227534651e+00  8.9288249129e-01  2.1105975348e-01  6.2237487310e+00 -7.3710756911e-01 -1.4282834400e+00  4.8700850669e+00 -1.4470405337e-01 -2.4015941574e+00  4.6981955609e+00 -1.6459615335e+00 -1.4577573883e+00  6.6913278783e-01 -2.3755503729e+00 -1.4204946130e+00  1.1437964908e+00 -1.8812265670e+00 -3.0626809380e+00  1.2568870002e-01 -8.1420129084e-01 -2.0501274283e+00  2.7124024552e+00 -3.7090476279e-01 -2.1706334408e+00
ENERGY -9.171351956599e+02

JOB 23
COORDS  4.9211733112e+00  1.2386385675e+00  1.6494091442e+00  5.5896029231e+00  7.6721576270e-01  5.3487114711e-01  3.5660934472e+00  8.7269075583e-01  1.4841490063e+00  3.4156302789e+00  2.0478059490e-01  2.6180823430e-01  2.1777190707e+00 -4.3482935400e-01 -2.4033055588e-01  5.1331811068e+00 -5.3511123481e-01 -1.5144420044e+00  9.6218093527e-01 -1.5958288880e+00 -2.0114359803e+00  4.7003738078e+00  1.4264854917e-01 -2.9973224830e-01  2.2139027214e+00 -1.0548709064e+00 -1.4825330155e+00  1.1630271029e+00 -4.8450644677e-01  4.5326761314e-01  2.3355477508e+00  1.2631219354e+00  2.6351944629e+00  5.3462881887e+00  1.7779053939e+00  2.4844067184e+00  6.6383333154e+00  8.2649351652e-01  2.7602733179e-01  6.2235909727e+00 -5.2541396717e-01 -1.5390198358e+00  4.7775043391e+00 -1.8985751180e-02 -2.4142132664e+00  4.7920157964e+00 -1.5721359891e+00 -1.5268447646e+00  5.4088602929e-01 -2.2966103307e+00 -1.2896880338e+00  1.1792001343e+00 -2.1265686745e+00 -2.9418079094e+00  2.1564181428e-01 -8.1462061086e-01 -2.1988626425e+00  2.8344519453e+00 -6.5789778942e-01 -2.1737259894e+00
ENERGY -9.171333246328e+02

