JOB 0
COORDS  5.6925293458e+00  6.6128741288e-01  1.2625194037e-01  4.9080102821e+00 -2.4512238253e-01 -6.5156157496e-01  4.8355904440e+00  1.2992902612e+00  1.0031364626e+00  3.5902372421e+00 -1.3857464666e-01 -2.3448057590e-01  1.0337074958e+00 -2.6343742806e-01 -2.4813090315e-01  2.3658846707e+00 -8.9973010790e-01 -6.6784871287e-01  3.5669574295e+00  8.0229496235e-01  7.7671826138e-01  6.7591272744e+00  8.3045923404e-01  4.9655137206e-02  5.2641238963e+00 -9.0489416309e-01 -1.4334464369e+00  5.0151381444e+00  2.0609424981e+00  1.7494714376e+00  9.2545634376e-01 -2.2958485060e-01  8.4259969699e-01  1.9202106870e-01 -8.4783267222e-01 -6.3204365143e-01  9.3611016271e-01  7.5710203260e-01 -6.3431019150e-01  2.3911004887e+00 -1.0032522466e+00 -1.7582045074e+00  2.4080836481e+00 -1.9213728713e+00 -2.6719140590e-01  2.7356800240e+00  1.1007039607e+00  1.2654383505e+00
ENERGY -2.888488096701e+02

JOB 1
COORDS  5.6705651895e+00  6.9746509974e-01  4.4796618355e-02  4.8616347789e+00 -1.8475320072e-01 -7.3711119397e-01  4.8618535884e+00  1.2315578219e+00  1.0296630843e+00  3.5785639315e+00 -1.6712692167e-01 -2.1398555311e-01  1.0261014254e+00 -2.3302235931e-01 -3.5171965998e-01  2.3587959133e+00 -9.5776938066e-01 -5.9534368782e-01  3.5992089919e+00  6.9571555522e-01  8.6528139644e-01  6.7200971371e+00  9.1976130157e-01 -1.0045618120e-01  5.1790667666e+00 -7.7093330140e-01 -1.5908843037e+00  5.0707551032e+00  1.9456451028e+00  1.8144822656e+00  8.5787762516e-01 -3.5638846880e-02  7.1380467382e-01  1.8632052836e-01 -8.4511760154e-01 -6.9559701952e-01  9.9048388315e-01  7.2400921074e-01 -8.8243474452e-01  2.4453034277e+00 -1.2193163337e+00 -1.6548142925e+00  2.3461333376e+00 -1.9107973018e+00 -4.8034071613e-02  2.7979506719e+00  9.2396520705e-01  1.4353517500e+00
ENERGY -2.888493922264e+02

JOB 2
COORDS  5.6371176231e+00  7.5467967099e-01 -9.8054949649e-04  4.8106223339e+00 -1.1605460026e-01 -7.7849426477e-01  4.8816766249e+00  1.1879748979e+00  1.0714325815e+00  3.5711216785e+00 -1.9190723739e-01 -1.6475570504e-01  1.0348057766e+00 -2.0216712095e-01 -4.5154830580e-01  2.3521797641e+00 -9.9365868712e-01 -5.1574769344e-01  3.6335958584e+00  6.0541680887e-01  9.6278628225e-01  6.6624932872e+00  1.0350275072e+00 -2.0583548321e-01  5.0876567111e+00 -6.3244050258e-01 -1.6893854926e+00  5.1195783632e+00  1.8579455532e+00  1.8863829227e+00  8.1806085012e-01  1.4599571144e-01  5.6527458984e-01  1.9131629462e-01 -8.2715480282e-01 -7.6289642251e-01  1.0719758507e+00  6.7620106075e-01 -1.1036230451e+00  2.4942230351e+00 -1.3873397398e+00 -1.5268898188e+00  2.2741445303e+00 -1.8697094431e+00  1.4365804466e-01  2.8707040186e+00  7.5244169061e-01  1.6077092444e+00
ENERGY -2.888499274576e+02

JOB 3
COORDS  5.5957161581e+00  8.0904286610e-01 -5.3775358596e-02  4.7503495576e+00 -5.7683358757e-02 -8.1581938246e-01  4.9070621024e+00  1.1476933360e+00  1.0949248270e+00  3.5668340413e+00 -2.2623090956e-01 -1.1640938183e-01  1.0554774705e+00 -1.7686133755e-01 -5.4322757495e-01  2.3381003747e+00 -1.0224399794e+00 -4.3957393041e-01  3.6797588917e+00  5.1506307042e-01  1.0451453278e+00  6.5911304965e+00  1.1445220298e+00 -3.1554146510e-01  4.9785723431e+00 -5.1134552643e-01 -1.7724606578e+00  5.1822190858e+00  1.7751484918e+00  1.9317162802e+00  8.1637664839e-01  3.1230670006e-01  4.0802250123e-01  1.9757025377e-01 -8.0098643940e-01 -8.1574324444e-01  1.1671361639e+00  6.0680188788e-01 -1.2990224234e+00  2.5155870409e+00 -1.5349916330e+00 -1.3898802667e+00  2.1894174167e+00 -1.8124555751e+00  3.0993066793e-01  2.9652564766e+00  5.8494704899e-01  1.7555292149e+00
ENERGY -2.888502247040e+02

JOB 4
COORDS  5.5569233145e+00  8.7731517726e-01 -8.7748165112e-02  4.6898912940e+00  1.9331817200e-02 -8.3476407478e-01  4.9445538738e+00  1.1235493399e+00  1.1261395989e+00  3.5717419641e+00 -2.4021533284e-01 -5.9282357660e-02  1.0932306767e+00 -1.5211487329e-01 -6.2696845038e-01  2.3307322329e+00 -1.0281194691e+00 -3.5286054488e-01  3.7424437689e+00  4.4287337149e-01  1.1305176936e+00  6.5180354865e+00  1.2651945903e+00 -4.0038073779e-01  4.8615488511e+00 -3.6999633486e-01 -1.8308111874e+00  5.2619958577e+00  1.7091418317e+00  1.9781354670e+00  8.4325257467e-01  4.6896669758e-01  2.4040287853e-01  2.1890577402e-01 -7.7048282872e-01 -8.5875676314e-01  1.2763028560e+00  5.1906504187e-01 -1.4716848456e+00  2.5307551331e+00 -1.6570160243e+00 -1.2259549095e+00  2.1139123643e+00 -1.7166818079e+00  4.7532514278e-01  3.0853957269e+00  4.3429692235e-01  1.8977602962e+00
ENERGY -2.888502403510e+02

JOB 5
COORDS  5.5057812952e+00  9.3792915646e-01 -1.1814724213e-01  4.6122210126e+00  1.0245349179e-01 -8.5846345079e-01  4.9782727811e+00  1.0814524620e+00  1.1512772257e+00  3.5631667480e+00 -2.4810058658e-01 -2.3579263375e-02  1.1262498106e+00 -1.5364041710e-01 -7.4076907323e-01  2.3109411216e+00 -1.0294157892e+00 -2.8869790331e-01  3.8004298276e+00  3.6146005556e-01  1.1940364112e+00  6.4312078992e+00  1.3755844332e+00 -4.7034293934e-01  4.7220203784e+00 -2.1319149624e-01 -1.8887985214e+00  5.3428134895e+00  1.6157058635e+00  2.0179876228e+00  8.6947418390e-01  5.8900356803e-01  2.2435981303e-02  2.3694953156e-01 -7.6458618060e-01 -9.3296205044e-01  1.3778730611e+00  3.8822167956e-01 -1.6574427052e+00  2.5254788553e+00 -1.7732104173e+00 -1.0630506155e+00  2.0270344787e+00 -1.5972888032e+00  6.0725172026e-01  3.2005560653e+00  2.7935347515e-01  2.0027557066e+00
ENERGY -2.888499875601e+02

JOB 6
COORDS  5.4646181399e+00  9.8638261159e-01 -1.2923728302e-01  4.5216092949e+00  2.0343319859e-01 -8.6460836769e-01  5.0375823015e+00  1.0188466280e+00  1.1852090051e+00  3.5443954300e+00 -2.3011489566e-01  1.8023463589e-02  1.1562455223e+00 -1.7380200534e-01 -8.4882157742e-01  2.2820591586e+00 -1.0093453306e+00 -2.1074781409e-01  3.8721200044e+00  2.8177653527e-01  1.2587708076e+00  6.3548742559e+00  1.4661653950e+00 -5.1568452555e-01  4.5522771622e+00 -2.2179753698e-02 -1.9236236366e+00  5.4647420097e+00  1.4855905961e+00  2.0621669242e+00  8.9464374121e-01  6.8056308438e-01 -2.1568534439e-01  2.5487431418e-01 -7.7890011723e-01 -9.9915753156e-01  1.4722519437e+00  2.1897729761e-01 -1.8198385233e+00  2.5027735969e+00 -1.8663938197e+00 -8.5692054468e-01  1.9329725786e+00 -1.4308719739e+00  7.4059034363e-01  3.3417728938e+00  1.1798252514e-01  2.1028776912e+00
ENERGY -2.888495564315e+02

JOB 7
COORDS  5.4266884796e+00  1.0307290166e+00 -1.2534686213e-01  4.4111638726e+00  3.3624127418e-01 -8.5261557165e-01  5.1127714086e+00  9.3370656573e-01  1.2175251482e+00  3.5011775536e+00 -1.7121070921e-01  6.2451631727e-02  1.1798823760e+00 -2.2365671115e-01 -9.6901473507e-01  2.2378472758e+00 -9.6144542128e-01 -1.3022761700e-01  3.9438142876e+00  2.0514574834e-01  1.3155268785e+00  6.2878818815e+00  1.5416555828e+00 -5.3696003182e-01  4.3509735738e+00  2.1916976466e-01 -1.9276737367e+00  5.6145703400e+00  1.3137874519e+00  2.0967396166e+00  8.9975297364e-01  7.2422814723e-01 -4.9850043227e-01  2.7694905795e-01 -8.3356277371e-01 -1.0851581736e+00  1.5660652628e+00  3.8919343413e-03 -1.9671756354e+00  2.4711112786e+00 -1.9203573114e+00 -6.0931773922e-01  1.8150868717e+00 -1.2108444024e+00  8.5118021550e-01  3.4787095412e+00 -3.2177466993e-02  2.1803517273e+00
ENERGY -2.888492622343e+02

JOB 8
COORDS  5.3982503957e+00  1.0694107012e+00 -1.2676037913e-01  4.3062646983e+00  4.7207892635e-01 -8.3002627712e-01  5.1958740116e+00  8.4129876773e-01  1.2212764643e+00  3.4609972867e+00 -1.0587511460e-01  1.0490570957e-01  1.2179504321e+00 -2.8559364924e-01 -1.0701390925e+00  2.1940034410e+00 -8.9827955908e-01 -5.4402338339e-02  4.0194698327e+00  1.2867762520e-01  1.3463506838e+00  6.2326765855e+00  1.6080216918e+00 -5.5771001219e-01  4.1545259430e+00  4.6775507757e-01 -1.9020588556e+00  5.7751632990e+00  1.1280188606e+00  2.0882046973e+00  9.3126155006e-01  7.2795388288e-01 -7.7328622437e-01  3.1073233436e-01 -8.9359592800e-01 -1.1540468810e+00  1.6726452838e+00 -2.2506196769e-01 -2.0637179214e+00  2.4301185659e+00 -1.9273408842e+00 -3.5645773280e-01  1.6958675272e+00 -9.7738945656e-01  9.2067437039e-01  3.6189710778e+00 -1.8126806606e-01  2.2204947190e+00
ENERGY -2.888493403310e+02

JOB 9
COORDS  5.3584621168e+00  1.1032988923e+00 -1.0799372319e-01  4.2094993324e+00  5.8465350381e-01 -7.8374730110e-01  5.2465700351e+00  7.5311269260e-01  1.2237465789e+00  3.4213701476e+00 -6.7398845971e-02  1.5172526657e-01  1.2595194822e+00 -3.5448069499e-01 -1.1429852675e+00  2.1414031522e+00 -8.4207027636e-01  1.3717294619e-02  4.0698513556e+00  4.3761759401e-02  1.3669254906e+00  6.1696288568e+00  1.6708218397e+00 -5.4610446273e-01  3.9840058313e+00  6.8189710308e-01 -1.8378814288e+00  5.8885812314e+00  9.5452501635e-01  2.0703381559e+00  9.9583173746e-01  6.9995199980e-01 -1.0164024379e+00  3.3537366169e-01 -9.3899960787e-01 -1.1978335329e+00  1.7753258773e+00 -4.5813015374e-01 -2.1027222930e+00  2.3615721304e+00 -1.9095542275e+00 -1.2620455255e-01  1.5741000620e+00 -7.7107325819e-01  9.5169200265e-01  3.7215881700e+00 -3.3178334248e-01  2.2377226493e+00
ENERGY -2.888496544777e+02

JOB 10
COORDS  5.3339860145e+00  1.1454063114e+00 -9.1904074213e-02  4.1400825009e+00  6.8938830502e-01 -7.3523595398e-01  5.3011753023e+00  6.8696993341e-01  1.2105009611e+00  3.4056859490e+00 -3.4520134505e-02  1.9048330089e-01  1.3133238238e+00 -4.1448253786e-01 -1.1874605059e+00  2.1033606607e+00 -7.7439965026e-01  7.5808768336e-02  4.1286966923e+00 -2.6678903013e-02  1.3686721934e+00  6.1224821413e+00  1.7424769902e+00 -5.3201580213e-01  3.8503873261e+00  8.7492802711e-01 -1.7612458528e+00  5.9980008967e+00  8.1209180526e-01  2.0280108001e+00  1.0834265841e+00  6.5510709931e-01 -1.2154368932e+00  3.7056585654e-01 -9.6937561276e-01 -1.2233778164e+00  1.8805622750e+00 -6.6101866494e-01 -2.0905147992e+00  2.2872984787e+00 -1.8580617076e+00  8.7699808899e-02  1.4840650841e+00 -5.6259963608e-01  9.5855186442e-01  3.8339772497e+00 -4.7399387050e-01  2.2251990409e+00
ENERGY -2.888499345018e+02

JOB 11
COORDS  5.3108324054e+00  1.1854598880e+00 -7.0881773954e-02  4.0835070117e+00  7.8351621471e-01 -6.8720350694e-01  5.3407833805e+00  6.2568944494e-01  1.1911965817e+00  3.3933578345e+00 -1.1208888804e-02  2.1390380581e-01  1.3618571847e+00 -4.8520244709e-01 -1.2227024011e+00  2.0653369550e+00 -7.0686242445e-01  1.2049629152e-01  4.1739696124e+00 -9.6825120644e-02  1.3517651985e+00  6.0812959827e+00  1.8110572508e+00 -5.0318722253e-01  3.7444951138e+00  1.0479653608e+00 -1.6802044585e+00  6.0815158823e+00  6.7937981767e-01  1.9773307737e+00  1.1671963896e+00  5.7810478236e-01 -1.3942443594e+00  4.0346369776e-01 -1.0130759929e+00 -1.2466357369e+00  1.9725775875e+00 -8.5483265482e-01 -2.0523942382e+00  2.2009350328e+00 -1.7858726966e+00  2.8024322313e-01  1.4084370880e+00 -3.6056065010e-01  9.3095145221e-01  3.9227109651e+00 -6.1366467071e-01  2.1826223738e+00
ENERGY -2.888500622537e+02

JOB 12
COORDS  5.2862233791e+00  1.2204200968e+00 -4.2206608122e-02  4.0293738181e+00  8.7971132872e-01 -6.3502721604e-01  5.3661410656e+00  5.5554723318e-01  1.1657145188e+00  3.3726564696e+00  1.3561758853e-02  2.2454561244e-01  1.3924677210e+00 -5.6322681162e-01 -1.2474944804e+00  2.0194660116e+00 -6.3438728204e-01  1.4942805009e-01  4.2010272793e+00 -1.7179443400e-01  1.3156006300e+00  6.0447513696e+00  1.8727029932e+00 -4.5581912573e-01  3.6510246274e+00  1.2275481774e+00 -1.5873495534e+00  6.1440206910e+00  5.3251948888e-01  1.9166596486e+00  1.2441069155e+00  4.7505007117e-01 -1.5605356467e+00  4.1614614930e-01 -1.0578709390e+00 -1.2571719674e+00  2.0317083783e+00 -1.0509600117e+00 -1.9899088080e+00  2.1014563159e+00 -1.6875474697e+00  4.5226561080e-01  1.3392117816e+00 -1.6307685859e-01  8.7292065686e-01  3.9823518826e+00 -7.5843801455e-01  2.1084592514e+00
ENERGY -2.888499343474e+02

JOB 13
COORDS  5.2609183100e+00  1.2663543562e+00 -1.6467068743e-02  3.9751036365e+00  9.9542537698e-01 -5.8125038633e-01  5.3830099121e+00  4.9306710526e-01  1.1218632014e+00  3.3430391884e+00  6.0957251159e-02  2.2420337766e-01  1.4197619142e+00 -6.5141578664e-01 -1.2678723751e+00  1.9709656238e+00 -5.4800171650e-01  1.6003855059e-01  4.2145792643e+00 -2.3154688624e-01  1.2559503671e+00  6.0114455486e+00  1.9438416722e+00 -4.0340994394e-01  3.5614717246e+00  1.4332270717e+00 -1.4805489820e+00  6.1935862438e+00  3.8977311601e-01  1.8302133917e+00  1.3312238568e+00  3.3732827826e-01 -1.7287449739e+00  4.2439792177e-01 -1.1074351477e+00 -1.2661870992e+00  2.0775731355e+00 -1.2573627570e+00 -1.8983623940e+00  2.0004367833e+00 -1.5510418477e+00  6.0674556755e-01  1.2717658176e+00  3.6168251637e-02  7.7449239386e-01  4.0204313953e+00 -8.8597080190e-01  2.0006984032e+00
ENERGY -2.888496544984e+02

JOB 14
COORDS  5.2546060144e+00  1.3068622896e+00  1.4152151283e-02  3.9352495016e+00  1.1218084739e+00 -5.0441552751e-01  5.4149923614e+00  4.1993226937e-01  1.0619324535e+00  3.3209802353e+00  1.2370253920e-01  2.3654350447e-01  1.4682629847e+00 -7.5178963316e-01 -1.2618418399e+00  1.9355863965e+00 -4.5505990460e-01  1.7107590131e-01  4.2360982450e+00 -2.8885313215e-01  1.1854657777e+00  6.0006032368e+00  2.0067259645e+00 -3.4048787897e-01  3.4854270596e+00  1.6589701487e+00 -1.3298948706e+00  6.2568592168e+00  2.3014596366e-01  1.7135443638e+00  1.4522222264e+00  1.6055136564e-01 -1.8660065573e+00  4.5633297797e-01 -1.1710186207e+00 -1.2625060420e+00  2.1399768661e+00 -1.4633325083e+00 -1.7518222280e+00  1.9063998338e+00 -1.3820699444e+00  7.5848589450e-01  1.2205139835e+00  2.2728479244e-01  6.4960657738e-01  4.0654111355e+00 -1.0169476439e+00  1.8646797195e+00
ENERGY -2.888493400515e+02

JOB 15
COORDS  5.4934781579e+00  3.7452977486e-01  6.7119472154e-01  4.5143510157e+00 -5.4513728554e-01  1.8327887067e-01  5.0001628526e+00  1.6499064438e+00  4.6792487995e-01  3.4460002564e+00  1.8920365514e-01 -3.0892226783e-01  1.2847049572e+00 -1.1038179199e+00  2.5501901769e-02  2.1428653164e+00 -2.4397089292e-01 -9.1866310540e-01  3.7591520419e+00  1.5216913195e+00 -1.2393764205e-01  6.4488743005e+00  1.3121648517e-01  1.1185636810e+00  4.5820504290e+00 -1.6260837695e+00  1.9039420333e-01  5.4208063150e+00  2.6212186440e+00  6.8904999144e-01  1.8179389411e+00 -2.0153280575e+00  3.1195624187e-01  3.4555605783e-01 -1.3971832403e+00 -4.5688902151e-01  1.0468311118e+00 -5.5715103172e-01  9.4360167157e-01  1.5732622528e+00  6.4393517883e-01 -1.2207998450e+00  2.3348308162e+00 -8.0595202138e-01 -1.8410252336e+00  3.1643350918e+00  2.2911371249e+00 -3.9727078978e-01
ENERGY -2.888492621789e+02

JOB 16
COORDS  5.5264298535e+00  3.6967041991e-01  6.2388696681e-01  4.6110056883e+00 -5.6018235987e-01  4.0491666492e-02  4.9392555082e+00  1.6197984672e+00  5.6364225277e-01  3.4882039170e+00  1.4343347772e-01 -3.6725332891e-01  1.2510356073e+00 -9.8188071585e-01  6.4521751809e-02  2.1918686396e+00 -3.2381956413e-01 -9.6238998673e-01  3.7038583204e+00  1.4668676079e+00 -3.4121473562e-02  6.5039672997e+00  1.5072192012e-01  1.0344551173e+00  4.7550317863e+00 -1.6278627151e+00 -7.2113015862e-02  5.2955471799e+00  2.5907347558e+00  8.7941816983e-01  1.7291956318e+00 -1.8543353634e+00  5.1969073571e-01  3.1869357795e-01 -1.3088156838e+00 -4.0989589968e-01  1.0000037812e+00 -2.8420808338e-01  8.7042475022e-01  1.6805506198e+00  5.2195395785e-01 -1.4396709156e+00  2.4039767302e+00 -1.0391927457e+00 -1.7649198350e+00  3.0544276680e+00  2.2171375923e+00 -2.2374031056e-01
ENERGY -2.888495567799e+02

JOB 17
COORDS  5.5639797815e+00  3.8362514576e-01  5.6539132633e-01  4.6911312039e+00 -5.5228846995e-01 -7.2374979749e-02  4.8950691423e+00  1.5912924846e+00  6.3126993613e-01  3.5124864939e+00  1.0604410734e-01 -3.8516844876e-01  1.2115626281e+00 -8.6980342209e-01  7.8408944063e-02  2.2296912738e+00 -3.9659403034e-01 -9.7723244439e-01  3.6525784557e+00  1.4082538180e+00  5.6608785054e-02  6.5671819997e+00  1.9719851207e-01  9.2708225662e-01  4.8989935628e+00 -1.5941274933e+00 -2.8369029936e-01  5.1991123327e+00  2.5537813639e+00  1.0194427726e+00  1.6346376545e+00 -1.6762925319e+00  6.8487760905e-01  2.9541426280e-01 -1.2382577822e+00 -3.9693896392e-01  9.3776273022e-01 -5.4600367035e-02  7.5692113866e-01  1.7748205289e+00  3.8317860486e-01 -1.6024814763e+00  2.4626327960e+00 -1.2273590706e+00 -1.6513412707e+00  2.9508707359e+00  2.1275234372e+00 -4.7692884607e-02
ENERGY -2.888499879297e+02

JOB 18
COORDS  5.6046347309e+00  4.0998466386e-01  5.0467062797e-01  4.7588948593e+00 -5.3423240905e-01 -1.5796007480e-01  4.8680086020e+00  1.5649525037e+00  6.8525755300e-01  3.5282696064e+00  6.6226459152e-02 -3.6768212650e-01  1.1675061012e+00 -7.7387099165e-01  7.2961847859e-02  2.2617625561e+00 -4.6633098231e-01 -9.6722061265e-01  3.6116696812e+00  1.3432955532e+00  1.5528813206e-01  6.6332254958e+00  2.6304177284e-01  8.0853945981e-01  5.0181733143e+00 -1.5436398439e+00 -4.5294654545e-01  5.1299863000e+00  2.5141584318e+00  1.1324284202e+00  1.5250148064e+00 -1.5070988980e+00  8.0243978227e-01  2.6935795265e-01 -1.1749203448e+00 -4.0977359624e-01  8.7687775409e-01  1.2678257282e-01  6.2512722590e-01  1.8689596995e+00  2.3923904322e-01 -1.7121677040e+00  2.5082324937e+00 -1.3807728358e+00 -1.5156644144e+00  2.8624160716e+00  2.0206750599e+00  1.4043995399e-01
ENERGY -2.888502403529e+02

JOB 19
COORDS  5.6392142074e+00  4.3964067024e-01  4.3308503774e-01  4.8122227668e+00 -5.1349104368e-01 -2.4078792375e-01  4.8487195793e+00  1.5342134038e+00  7.2553471751e-01  3.5383507657e+00  2.0538166613e-02 -3.4277288204e-01  1.1205702257e+00 -6.8309023365e-01  4.5597385186e-02  2.2852787363e+00 -5.3499813906e-01 -9.5052583366e-01  3.5786191300e+00  1.2684261432e+00  2.5111666914e-01  6.6893431039e+00  3.3620560764e-01  6.7484003813e-01  5.1118502698e+00 -1.4855878656e+00 -6.1269887467e-01  5.0784068045e+00  2.4657617415e+00  1.2246230392e+00  1.4045331095e+00 -1.3303290341e+00  8.8123583534e-01  2.4102149199e-01 -1.1153230315e+00 -4.4368752650e-01  8.2117468758e-01  2.8478696092e-01  4.6374621623e-01  1.9618697925e+00  9.1435149120e-02 -1.7937117796e+00  2.5286620943e+00 -1.5136319241e+00 -1.3752185124e+00  2.7912790225e+00  1.8965775428e+00  3.2579358034e-01
ENERGY -2.888502245532e+02

JOB 20
COORDS  5.6652990931e+00  4.7630663950e-01  3.5972393097e-01  4.8575996439e+00 -4.9043015172e-01 -3.1762634923e-01  4.8296075876e+00  1.5013340785e+00  7.5905080176e-01  3.5492359250e+00 -3.5458741416e-02 -3.1275149467e-01  1.0823057285e+00 -6.0781765941e-01  7.6811024682e-03  2.3076867294e+00 -6.1791945128e-01 -9.2201555945e-01  3.5513675831e+00  1.1809820116e+00  3.4393661152e-01  6.7320001477e+00  4.2524482756e-01  5.3720442702e-01  5.1923969469e+00 -1.4200262170e+00 -7.6134619787e-01  5.0309169176e+00  2.4135905624e+00  1.3039051468e+00  1.2891585655e+00 -1.1497116178e+00  9.3595745804e-01  2.2125544784e-01 -1.0762439401e+00 -4.8037884864e-01  7.8323749707e-01  4.1213347260e-01  2.7659496431e-01  2.0562702814e+00 -8.3897654763e-02 -1.8493661407e+00  2.5347312066e+00 -1.6469769452e+00 -1.2170437028e+00  2.7326149344e+00  1.7484568938e+00  5.0870278369e-01
ENERGY -2.888499275775e+02

JOB 21
COORDS  5.6982682780e+00  5.1864024486e-01  3.0312346458e-01  4.9051379400e+00 -4.4828052540e-01 -3.8973680387e-01  4.8335960333e+00  1.4636251275e+00  8.2137723016e-01  3.5758551633e+00 -7.3537915463e-02 -2.7639236882e-01  1.0674756113e+00 -5.0235015944e-01 -2.6567945135e-02  2.3371011664e+00 -6.7956472278e-01 -8.7348644785e-01  3.5520874652e+00  1.0958108389e+00  4.5963404891e-01  6.7750098616e+00  5.1819843481e-01  4.1564367437e-01  5.2632105946e+00 -1.3256437572e+00 -9.1444028713e-01  5.0167358045e+00  2.3467541101e+00  1.4180696849e+00  1.1987096757e+00 -9.1521534653e-01  9.7897681886e-01  2.1800229389e-01 -1.0091904193e+00 -4.9525110957e-01  7.8882199414e-01  5.5344061045e-01  7.4842522500e-02  2.1572449292e+00 -2.5378229350e-01 -1.8706529872e+00  2.5267051705e+00 -1.7462188499e+00 -1.0306738551e+00  2.7148720247e+00  1.5995913062e+00  7.1335234902e-01
ENERGY -2.888493920335e+02

JOB 22
COORDS  5.7045554377e+00  5.6077817108e-01  2.3899431463e-01  4.9263379009e+00 -3.9876633454e-01 -4.7911444320e-01  4.8219305175e+00  1.4127702926e+00  8.7570974886e-01  3.5871058942e+00 -1.1304149697e-01 -2.6309483873e-01  1.0512867733e+00 -4.1086807759e-01 -8.2814593057e-02  2.3492719300e+00 -7.6134208087e-01 -8.2316720382e-01  3.5436801358e+00  9.9587808809e-01  5.5952612721e-01  6.7845769781e+00  6.1815591941e-01  2.8777685979e-01  5.3008618177e+00 -1.2123107418e+00 -1.0884885186e+00  4.9912344901e+00  2.2598042247e+00  1.5262758780e+00  1.1078928807e+00 -6.7984947303e-01  9.7765919406e-01  2.0401442568e-01 -9.4854750466e-01 -5.1913363911e-01  8.1918494952e-01  6.5854287232e-01 -1.5384017092e-01  2.2360374580e+00 -4.8404194030e-01 -1.8797565339e+00  2.4920711836e+00 -1.8474600920e+00 -8.1115326186e-01  2.6965601224e+00  1.4267943565e+00  8.9955055807e-01
ENERGY -2.888488096262e+02

JOB 23
COORDS  5.7031949866e+00  6.2367918009e-01  1.8628369763e-01  4.9314439900e+00 -3.1368297357e-01 -5.6660561869e-01  4.8204256698e+00  1.3667265306e+00  9.4748262548e-01  3.5953312713e+00 -1.2169522716e-01 -2.4957134468e-01  1.0446828534e+00 -3.2221190260e-01 -1.5019363722e-01  2.3628133685e+00 -8.3091275479e-01 -7.4780707193e-01  3.5481046077e+00  9.0492526812e-01  6.7310050564e-01  6.7794395723e+00  7.4060083192e-01  1.7289437646e-01  5.3081685961e+00 -1.0501341089e+00 -1.2660621181e+00  4.9855826393e+00  2.1736871584e+00  1.6480660819e+00  1.0207361241e+00 -4.4327034965e-01  9.3905522969e-01  1.9827655718e-01 -8.8296108534e-01 -5.5778961103e-01  8.7677315692e-01  7.3557563283e-01 -3.8367913771e-01  2.3164233076e+00 -7.4154567254e-01 -1.8400649304e+00  2.4572723473e+00 -1.9033107672e+00 -5.3809808033e-01  2.7019801724e+00  1.2662938448e+00  1.0882692223e+00
ENERGY -2.888485436680e+02

