JOB 0
COORDS  3.2211720985e-03 -3.9589504788e+00 -5.4192444148e+00  2.8014059009e+00 -1.7474970898e+00  5.5794362090e-01  1.0102154032e+00 -4.0163273693e-01 -2.8621145473e-01  2.5302195928e+00 -2.7838735307e+00 -5.2749516902e-01  7.4229334987e-01 -1.4368875771e+00 -1.3731160198e+00 -1.0338418046e-01 -5.0748901457e+00 -6.4466972932e+00  2.7389906664e+00 -1.6141900337e+00 -4.6138734142e+00  1.7979173839e+00 -6.6889013918e-02  1.9717344810e+00  1.7721779021e+00 -3.1174410917e+00 -2.7972182253e+00  1.5481755063e+00 -2.4644419819e+00 -4.1744763863e+00  1.5741191821e+00 -1.0336020942e+00  9.0555511555e-01  1.9783165106e+00 -2.1457730475e+00 -1.7252522153e+00  1.2677893233e+00 -3.5007313497e+00 -5.1683359695e+00 -9.9250776170e-01 -3.4967312266e+00 -4.8612141800e+00  3.1812561235e+00 -2.2520302995e+00  1.4535741015e+00  3.5877243623e+00 -1.0527379565e+00  2.0285760736e-01  1.6874330884e+00  3.7677480631e-01 -6.8952832047e-01  6.7657258221e-02  8.5720752806e-02 -1.3273326403e-02  3.4706020355e+00 -3.2781105939e+00 -7.9551885454e-01  1.8448052513e+00 -3.5540252964e+00 -1.2659017428e-01 -3.4519486998e-02 -2.1415712512e+00 -1.0243788150e+00  3.4990749374e-01 -9.2550714926e-01 -2.2558831343e+00 -5.5239761715e-01 -5.9499647906e+00 -5.9688152762e+00 -7.7970726482e-01 -4.7532510578e+00 -7.2429919992e+00  8.5555596029e-01 -5.3627524401e+00 -6.8878243731e+00  3.6402945287e+00 -2.2302815056e+00 -4.7309524971e+00  2.5341506890e+00 -1.1169196137e+00 -5.5669303771e+00  2.9545275029e+00 -8.6049948356e-01 -3.8533794176e+00  2.1782741312e+00 -5.7916937852e-01  2.8617332739e+00  8.5185670003e-01  4.1636116330e-01  2.2371704416e+00  2.5217975316e+00  7.2371727671e-01  1.6943598615e+00  2.6701961937e+00 -3.7451206031e+00 -2.8601561466e+00  9.1944078194e-01 -3.7876050617e+00 -2.5884080172e+00  6.4792956822e-01 -1.8486917260e+00 -4.1391389755e+00  2.0516173978e+00 -3.9580182627e+00 -5.6150909702e+00
ENERGY -6.333254410295e+02

JOB 1
COORDS -3.1873679629e-02 -3.8194790806e+00 -5.3808690428e+00  2.8656891949e+00 -1.5682156064e+00  4.5828727280e-01  8.1186186002e-01 -5.5642863006e-01 -2.5797109418e-01  2.6732987564e+00 -2.6859021009e+00 -5.6265077775e-01  6.1956399309e-01 -1.6736341052e+00 -1.2767460334e+00 -2.9116009124e-01 -4.8853651564e+00 -6.4337370589e+00  3.0050381969e+00 -1.8513968551e+00 -4.5691775956e+00  1.7354054614e+00  5.2430809434e-04  1.9030914492e+00  1.7817952324e+00 -3.1829109230e+00 -2.7807222234e+00  1.6891108905e+00 -2.5125360708e+00 -4.1657195182e+00  1.5746983060e+00 -1.0377807214e+00  8.9433179744e-01  1.9184671954e+00 -2.1937183420e+00 -1.7145210535e+00  1.2785529564e+00 -3.4850285696e+00 -5.1792573610e+00 -9.5220831844e-01 -3.2868245339e+00 -4.7587204924e+00  3.3972721490e+00 -1.9617389019e+00  1.3321557966e+00  3.4966865281e+00 -7.7723732056e-01  7.1611962137e-03  1.3172982506e+00  2.9792526392e-01 -7.4923010016e-01 -1.6763398019e-01 -2.1007626778e-01  8.9920295161e-02  3.6547335001e+00 -3.0311012991e+00 -9.0567056274e-01  2.1653630636e+00 -3.5374976375e+00 -7.1949012545e-02  4.5362124789e-03 -2.4738994012e+00 -8.2586471354e-01  7.2054985152e-02 -1.2898875468e+00 -2.1420004511e+00 -7.9820642246e-01 -5.7307046972e+00 -5.9603906465e+00 -9.7011031738e-01 -4.4756687151e+00 -7.1862033177e+00  6.1499459377e-01 -5.2457437542e+00 -6.9297257034e+00  3.7992029617e+00 -2.5990553362e+00 -4.6976007681e+00  2.8988147491e+00 -1.2972253093e+00 -5.5069543266e+00  3.3187908904e+00 -1.1618376220e+00 -3.7820249875e+00  2.2677316106e+00 -4.0473112442e-01  2.7701022455e+00  7.5172169588e-01  3.4427967824e-01  2.2395861767e+00  2.2986269707e+00  8.7944700230e-01  1.5338758443e+00  2.6635424174e+00 -3.8354974552e+00 -2.7713316931e+00  8.9938374927e-01 -3.8265069143e+00 -2.6351553012e+00  8.9764663867e-01 -1.7605900987e+00 -4.1332861112e+00  1.9973031283e+00 -3.9949263829e+00 -5.6752644963e+00
ENERGY -6.333254690578e+02

JOB 2
COORDS -2.0751515316e-02 -3.7411249427e+00 -5.4259897984e+00  2.9489109630e+00 -1.4367415712e+00  3.4476693557e-01  7.4788377670e-01 -6.2552785523e-01 -1.6608291324e-01  2.7507865659e+00 -2.6026207683e+00 -6.2002694791e-01  5.4259651327e-01 -1.7867743750e+00 -1.1320394517e+00 -3.0146076611e-01 -4.7660797141e+00 -6.5134594956e+00  3.1116118122e+00 -1.9950202492e+00 -4.4552210408e+00  1.8430141670e+00  7.0925310763e-02  1.8706282664e+00  1.6754532170e+00 -3.2127563640e+00 -2.7458851911e+00  1.7245653038e+00 -2.5447205623e+00 -4.1341486451e+00  1.6688668252e+00 -1.0063846162e+00  9.0599008904e-01  1.8262341220e+00 -2.2204993334e+00 -1.6834740591e+00  1.2975895457e+00 -3.4808261710e+00 -5.1755095929e+00 -9.3174953413e-01 -3.1771296586e+00 -4.8173675303e+00  3.6043783171e+00 -1.7505872218e+00  1.1650960626e+00  3.4529999815e+00 -6.0960507645e-01 -1.9313213897e-01  1.1240588075e+00  2.5070414742e-01 -7.2937925802e-01 -2.1386782021e-01 -3.4876794806e-01  2.7988482976e-01  3.7154091413e+00 -2.8658225189e+00 -1.0673123876e+00  2.3887073008e+00 -3.4804084752e+00 -5.1749485952e-02  3.5755434646e-02 -2.6137871794e+00 -6.0085943554e-01 -1.0957077826e-01 -1.4736355987e+00 -1.9531765363e+00 -8.7530329029e-01 -5.5899035051e+00 -6.0802585837e+00 -9.2551792625e-01 -4.2999617287e+00 -7.2805723341e+00  6.0032814982e-01 -5.1688435596e+00 -6.9841805147e+00  3.8496185980e+00 -2.8046645866e+00 -4.5333631787e+00  3.1101837197e+00 -1.4374770430e+00 -5.3971668835e+00  3.4285132799e+00 -1.3264021210e+00 -3.6512377134e+00  2.4976898403e+00 -2.6157582119e-01  2.6831434973e+00  8.7392309801e-01  3.3893428361e-01  2.3042963627e+00  2.2841624499e+00  9.8374847510e-01  1.4254218831e+00  2.4885189252e+00 -3.9467781212e+00 -2.6810535814e+00  7.3241965427e-01 -3.7687095441e+00 -2.6511787322e+00  9.9796755220e-01 -1.7279279396e+00 -4.1356615651e+00  2.0048506990e+00 -4.0045765998e+00 -5.6732387802e+00
ENERGY -6.333247483722e+02

JOB 3
COORDS  2.6574121166e-02 -3.7271151964e+00 -5.5463634422e+00  2.9580219742e+00 -1.3498408162e+00  2.2257291102e-01  6.7029815733e-01 -6.7421106720e-01 -3.9291959396e-02  2.7271060984e+00 -2.5209695225e+00 -7.2779544986e-01  4.2959624023e-01 -1.8412196396e+00 -9.9070170702e-01 -1.9924856155e-01 -4.7730929668e+00 -6.6268392542e+00  3.1437133651e+00 -2.1016047474e+00 -4.3380414359e+00  1.9338455970e+00  7.8933557325e-02  1.8758130520e+00  1.4813971030e+00 -3.1866751751e+00 -2.7405103306e+00  1.7041301438e+00 -2.5653854448e+00 -4.1330634126e+00  1.7223509202e+00 -1.0033736536e+00  9.2397605491e-01  1.6692841248e+00 -2.1957128981e+00 -1.6801951318e+00  1.3273611476e+00 -3.5127313828e+00 -5.1847047187e+00 -9.1068855265e-01 -3.1090919059e+00 -5.0387397153e+00  3.7171827665e+00 -1.6259722538e+00  9.6317857517e-01  3.3484288693e+00 -4.9007812057e-01 -3.5710385697e-01  9.3209941131e-01  2.2457514530e-01 -6.3094556654e-01 -2.5246126610e-01 -4.5630362990e-01  5.0984143272e-01  3.6519810128e+00 -2.7229632409e+00 -1.2784831611e+00  2.4833871644e+00 -3.4225662808e+00 -1.3416235116e-01  2.6147333120e-02 -2.6965160135e+00 -4.1704108619e-01 -3.1867521709e-01 -1.5559374712e+00 -1.7368156574e+00 -8.4173318588e-01 -5.5610262046e+00 -6.2242333737e+00 -7.3450227558e-01 -4.3069366557e+00 -7.4582988237e+00  7.2299555403e-01 -5.2240940541e+00 -7.0051119708e+00  3.8428031937e+00 -2.9477219228e+00 -4.2980722355e+00  3.2641478647e+00 -1.6001092821e+00 -5.3036198624e+00  3.4151267557e+00 -1.4004813935e+00 -3.5453415641e+00  2.6923349739e+00 -2.1544218420e-01  2.6088451327e+00  1.0030951962e+00  2.8422187049e-01  2.4148601777e+00  2.2668449751e+00  1.0191376151e+00  1.3951293429e+00  2.1782342624e+00 -4.0263851392e+00 -2.6097792222e+00  4.6990908801e-01 -3.6067197395e+00 -2.7086211304e+00  1.0279571012e+00 -1.7109455988e+00 -4.2225715135e+00  2.0512915155e+00 -4.0829116849e+00 -5.6007682691e+00
ENERGY -6.333237905345e+02

JOB 4
COORDS  4.7828289386e+00 -1.6598225644e+00 -4.4925493259e+00  2.6912902933e+00 -1.6824980016e+00  8.1637344113e-01  1.1859675965e+00 -2.8626365759e-01 -4.2315244930e-01  2.4679116974e+00 -2.8071984890e+00 -1.8847801448e-01  9.6254988014e-01 -1.4142115442e+00 -1.4251668031e+00  5.1132390006e+00 -1.7486890243e-01 -4.5503537569e+00  2.9656010689e+00 -4.2041863679e+00 -4.7122371924e+00  1.6774997904e+00  2.3304508836e-01  1.8836796385e+00  2.0514327822e+00 -3.3027053365e+00 -2.5439185546e+00  3.2769810940e+00 -3.3529636442e+00 -3.4795064278e+00  1.5097006613e+00 -8.2502694915e-01  8.9604703326e-01  2.1606287915e+00 -2.2595448016e+00 -1.5139605858e+00  3.6282457364e+00 -1.9743754195e+00 -3.8235148262e+00  5.4992502358e+00 -2.4972482292e+00 -5.0419140934e+00  2.8810791952e+00 -2.1125979155e+00  1.8059301174e+00  3.5912905070e+00 -1.1089849614e+00  5.2006870566e-01  1.9910716805e+00  3.7571404096e-01 -8.0031760378e-01  2.7278929663e-01  3.1392459897e-01 -3.4420430261e-01  3.3768719692e+00 -3.4138270831e+00 -2.6035524091e-01  1.6509703303e+00 -3.4584336805e+00  1.7006711444e-01  7.5968962717e-02 -1.9982961074e+00 -1.1196731851e+00  7.5868217832e-01 -9.8574821274e-01 -2.4120178042e+00  6.1350354072e+00 -2.7354635678e-02 -4.1908951299e+00  5.0832616550e+00  1.4941387608e-01 -5.5945665188e+00  4.4291568087e+00  4.4965650350e-01 -3.9687000694e+00  2.1537642315e+00 -3.7511158456e+00 -5.2921933935e+00  3.8454111204e+00 -4.2910888006e+00 -5.3501647057e+00  2.6515806013e+00 -5.2082538217e+00 -4.4041915509e+00  1.8712581954e+00 -2.0713215502e-01  2.8671994979e+00  7.5841032178e-01  8.2407780010e-01  1.9519780929e+00  2.5116425377e+00  9.1996151176e-01  1.6439234684e+00  1.8952006628e+00 -4.2954442426e+00 -2.1014337460e+00  1.1708319230e+00 -3.0934045404e+00 -3.1620436384e+00  4.1239942057e+00 -3.8084885930e+00 -2.9461481999e+00  3.3184812900e+00 -1.3126517852e+00 -3.1157417782e+00
ENERGY -6.333244683158e+02

JOB 5
COORDS  4.8832991563e+00 -1.7195940400e+00 -4.3908506680e+00  2.8013460447e+00 -1.5536264926e+00  6.7973625126e-01  9.8902032180e-01 -3.4164743379e-01 -3.1764837115e-01  2.6001304770e+00 -2.6759762342e+00 -3.3200572959e-01  7.8857502047e-01 -1.4676179034e+00 -1.3267963336e+00  5.2818907435e+00 -2.5287495853e-01 -4.4713758677e+00  2.9432529517e+00 -4.1739651755e+00 -4.7137829065e+00  1.6934441388e+00  1.9117766039e-01  1.9302515125e+00  1.9483928519e+00 -3.1846116786e+00 -2.6198255412e+00  3.2216969190e+00 -3.3160005517e+00 -3.4771813107e+00  1.5395103164e+00 -8.6007051214e-01  9.3310197464e-01  2.0638316378e+00 -2.1459493314e+00 -1.5910140986e+00  3.6617227943e+00 -1.9643022677e+00 -3.8229913363e+00  5.6110784070e+00 -2.6079669793e+00 -4.8368123275e+00  3.1660569941e+00 -1.9765682697e+00  1.6222195971e+00  3.5775003234e+00 -8.6084538681e-01  2.9957913258e-01  1.6505019571e+00  4.2709163423e-01 -7.6449319212e-01  2.3692909775e-02  1.3225897492e-01 -1.0812167037e-01  3.5620574920e+00 -3.1590791448e+00 -5.3232106791e-01  1.9209738676e+00 -3.4350970863e+00  9.5360229368e-02  2.8812332697e-02 -2.1695572534e+00 -9.3864390766e-01  4.1215460362e-01 -1.0482953557e+00 -2.2656393806e+00  6.2683251980e+00 -1.3110945474e-01 -4.0160745810e+00  5.3703647725e+00  2.8790592648e-02 -5.5245490589e+00  4.5715425584e+00  4.2176643313e-01 -3.9850186443e+00  2.1923187354e+00 -3.6925880182e+00 -5.3500269268e+00  3.8565565761e+00 -4.3130923478e+00 -5.2931140123e+00  2.5636017835e+00 -5.1570037444e+00 -4.4121322901e+00  2.0622878595e+00 -2.3928266466e-01  2.8668803677e+00  7.2252113091e-01  6.5604604675e-01  2.1301309630e+00  2.3973167873e+00  9.8549518690e-01  1.6159473959e+00  1.6929313881e+00 -4.1672352037e+00 -2.1937573095e+00  1.1271841650e+00 -2.9040344286e+00 -3.2888509002e+00  4.0147077660e+00 -3.8033173663e+00 -2.8924123912e+00  3.2866840575e+00 -1.2571857310e+00 -3.1953958676e+00
ENERGY -6.333271839610e+02

JOB 6
COORDS  4.9664521362e+00 -1.8325152773e+00 -4.2356332117e+00  2.9020296456e+00 -1.3828822590e+00  4.9798775056e-01  8.2064883059e-01 -4.4493002063e-01 -2.2913412216e-01  2.7377850966e+00 -2.5233237574e+00 -5.0038188131e-01  6.5172122398e-01 -1.5871592316e+00 -1.2254774235e+00  5.4409448858e+00 -3.8961832058e-01 -4.3247488140e+00  2.8746151940e+00 -4.1605752742e+00 -4.7398831797e+00  1.7294325269e+00  1.7768271857e-01  1.9202768824e+00  1.8440723297e+00 -3.1240248145e+00 -2.6831143660e+00  3.1423937098e+00 -3.3256839390e+00 -3.4846217075e+00  1.5980534966e+00 -8.8218159166e-01  9.2887762000e-01  1.9611901429e+00 -2.0806723425e+00 -1.6638275347e+00  3.6791733268e+00 -2.0031217490e+00 -3.8055264236e+00  5.6961993382e+00 -2.7721460682e+00 -4.5568143714e+00  3.4476502512e+00 -1.7467350817e+00  1.3754193079e+00  3.5108313456e+00 -5.8267480544e-01  3.2651182347e-02  1.3028247758e+00  4.1088836642e-01 -7.4181216395e-01 -1.6623155829e-01 -1.1437840658e-01  1.1303979569e-01  3.7265991352e+00 -2.8508917070e+00 -8.3468167225e-01  2.2473380275e+00 -3.3786987400e+00 -1.5872623064e-03  5.4311487573e-02 -2.3897470286e+00 -7.5633675548e-01  1.0209671890e-01 -1.2261456974e+00 -2.1012565270e+00  6.3747241242e+00 -2.9116990976e-01 -3.7648474689e+00  5.6602032855e+00 -1.5675081986e-01 -5.3707021549e+00  4.7132786813e+00  3.3468247550e-01 -3.9477133491e+00  2.1691412047e+00 -3.6442779392e+00 -5.4000649626e+00  3.8052707783e+00 -4.3308568084e+00 -5.2831995813e+00  2.4470978623e+00 -5.1316911531e+00 -4.4650747880e+00  2.2758401623e+00 -1.9736344882e-01  2.7917117796e+00  7.3666791303e-01  4.9655875481e-01  2.2540981843e+00  2.2649734133e+00  1.0663457973e+00  1.5346786834e+00  1.5329104326e+00 -4.0934276451e+00 -2.2569652303e+00  1.0580518680e+00 -2.8123918667e+00 -3.3807234395e+00  3.8817708743e+00 -3.8613233445e+00 -2.8752125071e+00  3.2459191330e+00 -1.2490740019e+00 -3.2791219982e+00
ENERGY -6.333289911431e+02

JOB 7
COORDS  5.1039715948e+00 -1.8809674017e+00 -4.1770760919e+00  2.9758856284e+00 -1.2211228000e+00  2.9802046248e-01  7.3516400932e-01 -5.4400246734e-01 -2.0669163410e-01  2.8731993601e+00 -2.3557097389e+00 -7.1606632823e-01  6.1995494092e-01 -1.6778159182e+00 -1.2197567060e+00  5.6393363077e+00 -4.6071289430e-01 -4.2786297412e+00  2.9383642713e+00 -4.1247527144e+00 -4.8105540484e+00  1.7530368491e+00  1.4018763618e-01  1.8737794650e+00  1.8323563768e+00 -3.0131602391e+00 -2.8349052332e+00  3.1632898274e+00 -3.2844708559e+00 -3.5498377835e+00  1.6652993502e+00 -9.0414006228e-01  8.6152797155e-01  1.9314769235e+00 -2.0021991952e+00 -1.7826454056e+00  3.7793644932e+00 -1.9916444985e+00 -3.8567079704e+00  5.8218027251e+00 -2.8593325217e+00 -4.3918189184e+00  3.6451910557e+00 -1.5247642655e+00  1.1102695227e+00  3.4280625603e+00 -3.3851369353e-01 -1.9660527006e-01  1.0566288295e+00  3.7738890886e-01 -7.3116521606e-01 -2.4950201686e-01 -3.5069282616e-01  2.3308754134e-01  3.8614194473e+00 -2.5304937683e+00 -1.1482222335e+00  2.5607853909e+00 -3.2809471364e+00 -1.9773594947e-01  1.6679321676e-01 -2.5572982362e+00 -7.2644747204e-01 -4.4883220460e-02 -1.3717653729e+00 -2.0349300152e+00  6.5099565319e+00 -3.6563129067e-01 -3.6241979394e+00  5.9796147176e+00 -2.8678346873e-01 -5.3033194307e+00  4.9036439078e+00  3.0481489913e-01 -4.0160162619e+00  2.2872271852e+00 -3.5961683256e+00 -5.5150916616e+00  3.8931813704e+00 -4.3285039749e+00 -5.2979956477e+00  2.4685276861e+00 -5.0802060763e+00 -4.5510963698e+00  2.4208764081e+00 -1.8149820698e-01  2.6794766351e+00  7.6312677700e-01  3.2027100490e-01  2.3055295394e+00  2.1337349765e+00  1.0995125736e+00  1.4736157945e+00  1.4490131051e+00 -3.9759135378e+00 -2.4497241923e+00  1.1042730333e+00 -2.6490982611e+00 -3.5700462326e+00  3.8402038293e+00 -3.8421063626e+00 -2.8920087025e+00  3.3136840054e+00 -1.1908023980e+00 -3.4412748637e+00
ENERGY -6.333288715317e+02

JOB 8
COORDS  5.2169881577e+00 -2.0092339804e+00 -4.0960528627e+00  2.9689913740e+00 -1.1174546089e+00  2.0596840452e-01  6.4522860246e-01 -6.6664730641e-01 -1.4729928035e-01  2.9302140320e+00 -2.2363926565e+00 -8.3045363996e-01  5.8718284180e-01 -1.7800381989e+00 -1.1874094252e+00  5.8230214269e+00 -6.2536171443e-01 -4.2712319232e+00  2.9748066770e+00 -4.1763688001e+00 -4.7813181804e+00  1.7096798009e+00  6.5434966648e-02  1.8925885822e+00  1.8119665387e+00 -2.9163152584e+00 -2.9338908775e+00  3.1634206099e+00 -3.2863899751e+00 -3.5483683967e+00  1.6692268305e+00 -9.5609901939e-01  8.5448746153e-01  1.8885235143e+00 -1.9660230174e+00 -1.8235063248e+00  3.8663198529e+00 -2.0433901733e+00 -3.8855528771e+00  5.9041928707e+00 -3.0300254403e+00 -4.1581691437e+00  3.7158201320e+00 -1.3626316821e+00  9.6892626310e-01  3.2910819889e+00 -1.8046278369e-01 -2.9066374699e-01  8.3990213678e-01  2.9637488204e-01 -6.5905343959e-01 -3.2632143403e-01 -5.8806097104e-01  3.5312114969e-01  3.9034781765e+00 -2.2868167928e+00 -1.3217065171e+00  2.7604249116e+00 -3.1994492393e+00 -3.1348262036e-01  2.4409953187e-01 -2.7121419185e+00 -7.0039082829e-01 -1.4609077272e-01 -1.5189437221e+00 -1.9589163713e+00  6.6296913437e+00 -5.0012928014e-01 -3.5439875319e+00  6.2680407963e+00 -5.6142608638e-01 -5.2680919107e+00  5.1012695658e+00  1.8799767354e-01 -4.1536724082e+00  2.3800623708e+00 -3.6617064084e+00 -5.5435519989e+00  3.9472085094e+00 -4.4312501903e+00 -5.2064011372e+00  2.4618704885e+00 -5.1045657406e+00 -4.5062857150e+00  2.4543646286e+00 -2.0491273863e-01  2.6482910710e+00  7.3427860720e-01  1.3006685025e-01  2.3858156811e+00  1.9647928129e+00  1.0693426029e+00  1.5018684509e+00  1.3316023840e+00 -3.8633675427e+00 -2.6224715445e+00  1.1690249787e+00 -2.4761817845e+00 -3.7070242337e+00  3.7710946229e+00 -3.8387848620e+00 -2.8240332308e+00  3.3985184889e+00 -1.1849919986e+00 -3.6175586518e+00
ENERGY -6.333263597163e+02

JOB 9
COORDS  5.1490972679e+00 -2.2072867148e+00 -4.0706428981e+00  2.8314203008e+00 -1.0161860441e+00  1.5865279686e-01  4.5563129223e-01 -8.0945651382e-01 -3.7658861691e-02  2.8471994088e+00 -2.1219989676e+00 -8.9302804125e-01  4.4816602632e-01 -1.9036817333e+00 -1.0995880061e+00  5.8374725098e+00 -8.8671332114e-01 -4.3783006054e+00  2.7947223509e+00 -4.2795460330e+00 -4.7000914589e+00  1.5663833809e+00 -1.0276130046e-03  1.9471174261e+00  1.6559624812e+00 -2.8378701628e+00 -2.9750343755e+00  2.9987324191e+00 -3.3203890829e+00 -3.5215856105e+00  1.5666207067e+00 -1.0053236315e+00  8.9156940820e-01  1.7204746327e+00 -1.9508462716e+00 -1.8099287972e+00  3.7914751862e+00 -2.1517504090e+00 -3.9253819309e+00  5.7804035191e+00 -3.2604285925e+00 -3.9686667187e+00  3.6484188224e+00 -1.1865217701e+00  8.6837112783e-01  3.0158992694e+00 -4.4128749124e-02 -3.4068791278e-01  5.1534191698e-01  1.7773962670e-01 -5.3667073468e-01 -4.8492565441e-01 -8.4350044040e-01  5.2357936279e-01  3.7864409130e+00 -2.0611058696e+00 -1.4442781334e+00  2.8184755209e+00 -3.1001554361e+00 -3.7705216707e-01  2.2276522907e-01 -2.8749297910e+00 -6.1884506834e-01 -3.5057366572e-01 -1.6994651227e+00 -1.8220240757e+00  6.6017218395e+00 -7.0372550630e-01 -3.6181544437e+00  6.3477705166e+00 -9.7345254271e-01 -5.3414762832e+00  5.1549888730e+00 -3.2663917597e-02 -4.4147235734e+00  2.2204515465e+00 -3.7984383777e+00 -5.4992584067e+00  3.7642441115e+00 -4.5846123855e+00 -5.0984970699e+00  2.2565201642e+00 -5.1766668904e+00 -4.3757535217e+00  2.3828203937e+00 -2.0181855057e-01  2.6484624278e+00  6.2353829429e-01 -4.8030743637e-02  2.5019083147e+00  1.6883899220e+00  1.0301619399e+00  1.5630699607e+00  1.0821503585e+00 -3.7524506613e+00 -2.7358418346e+00  1.0987751525e+00 -2.3253178108e+00 -3.7716972190e+00  3.5559835576e+00 -3.8509157827e+00 -2.7441059049e+00  3.3451770777e+00 -1.2457266493e+00 -3.8620109297e+00
ENERGY -6.333222814978e+02

JOB 10
COORDS  5.4633046172e+00 -2.0268921638e+00 -4.0748722138e+00  2.8618798000e+00 -8.0090352475e-01  4.9424098127e-02  4.7748233382e-01 -9.7101679003e-01 -8.3572263824e-02  3.0198916164e+00 -1.8387618051e+00 -1.0584739221e+00  6.1193509182e-01 -1.9950597900e+00 -1.2060091545e+00  6.1891791613e+00 -7.5157269199e-01 -4.4729117578e+00  3.1013468305e+00 -4.0732393786e+00 -4.8169435015e+00  1.5035900002e+00 -9.4850701207e-02  1.9174350682e+00  1.8912708698e+00 -2.5785265202e+00 -3.1848915745e+00  3.2566037588e+00 -3.0886974238e+00 -3.6500564806e+00  1.6334975741e+00 -1.0306028463e+00  8.0868735333e-01  1.8553471225e+00 -1.8013449555e+00 -1.9400037407e+00  4.1000096500e+00 -1.9515927253e+00 -4.0387025009e+00  6.0724671409e+00 -3.0612775857e+00 -3.7975423550e+00  3.7155421198e+00 -8.7471637070e-01  7.3229445592e-01  2.8742442805e+00  2.1151555266e-01 -4.0062440460e-01  3.6292144816e-01  3.6679321556e-02 -5.2929365698e-01 -4.2744297040e-01 -1.1851697544e+00  4.9626610306e-01  3.9215240028e+00 -1.6082198071e+00 -1.6270400688e+00  3.1598206236e+00 -2.8296379362e+00 -5.8697705531e-01  5.5024544326e-01 -3.0148331756e+00 -7.7871722269e-01 -2.2950454517e-01 -1.8754466922e+00 -1.8981479581e+00  6.8851336551e+00 -4.8120485260e-01 -3.6742174921e+00  6.7816553772e+00 -9.5018429411e-01 -5.3701904151e+00  5.5220677261e+00  9.3366412021e-02 -4.6671884771e+00  2.5521262251e+00 -3.6135453164e+00 -5.6463325044e+00  4.0872040058e+00 -4.3771009733e+00 -5.1753112840e+00  2.5597318538e+00 -4.9695517042e+00 -4.4968038874e+00  2.3624897392e+00 -1.9595892848e-01  2.5889946399e+00  5.9770629226e-01 -3.2214662379e-01  2.4891381672e+00  1.4465838972e+00  9.6088944416e-01  1.5885640471e+00  1.2641874194e+00 -3.4794885181e+00 -3.0786995994e+00  1.4331821535e+00 -1.9885920370e+00 -3.9940111172e+00  3.7676720124e+00 -3.6038041169e+00 -2.8332750878e+00  3.6485024337e+00 -1.0681138873e+00 -4.2339399016e+00
ENERGY -6.333181870300e+02

JOB 11
COORDS  5.4208348533e+00 -2.1801672934e+00 -3.9991531364e+00  2.8128973059e+00 -6.6020222356e-01  6.9574400064e-02  4.6657981072e-01 -1.1299638455e+00  1.2339672335e-01  2.9958481918e+00 -1.6305546707e+00 -1.0940416124e+00  6.3127133670e-01 -2.0881239578e+00 -1.0520126649e+00  6.2496092301e+00 -1.0231618439e+00 -4.5340276665e+00  2.8922766313e+00 -4.0665863465e+00 -4.7376025927e+00  1.5418386057e+00 -1.9097381578e-01  2.0686087327e+00  1.7997048057e+00 -2.4131626979e+00 -3.1700016708e+00  3.1245756742e+00 -3.0499063351e+00 -3.6109412355e+00  1.6927849852e+00 -1.0690027964e+00  9.1608464743e-01  1.7662968493e+00 -1.6973593180e+00 -1.8835719398e+00  4.0653635479e+00 -2.0099991014e+00 -4.0419318055e+00  5.9444755143e+00 -3.1977188795e+00 -3.5435864306e+00  3.7257590730e+00 -6.5242854451e-01  6.7568394703e-01  2.6633839393e+00  3.6124427071e-01 -3.3230827731e-01  1.8721014359e-01 -1.3136517408e-01 -2.6640028380e-01 -3.5091249166e-01 -1.4796916590e+00  7.6425509713e-01  3.8152863342e+00 -1.2777309745e+00 -1.7217978975e+00  3.2853956051e+00 -2.6134268454e+00 -6.8001033027e-01  7.4499309816e-01 -3.1196062887e+00 -6.6575777375e-01 -2.8048397317e-01 -2.0577338345e+00 -1.6585324847e+00  6.9294947250e+00 -6.8700414406e-01 -3.7466394421e+00  6.8628837083e+00 -1.3844475863e+00 -5.3640983455e+00  5.6518522785e+00 -1.7312158799e-01 -4.8760139922e+00  2.3754376685e+00 -3.6024666858e+00 -5.5858242852e+00  3.8510622785e+00 -4.4583006640e+00 -5.0856817427e+00  2.2857577758e+00 -4.9068399781e+00 -4.3834831391e+00  2.4608365754e+00 -2.0102430805e-01  2.6638414958e+00  7.2363491731e-01 -5.4929698646e-01  2.7021558999e+00  1.3251735881e+00  8.5798756114e-01  1.7879937583e+00  1.0695219243e+00 -3.2325471010e+00 -3.1375293084e+00  1.4555533090e+00 -1.7422654596e+00 -3.9744979768e+00  3.5979197391e+00 -3.5664471451e+00 -2.7740235441e+00  3.6870368693e+00 -1.1764471103e+00 -4.4725643428e+00
ENERGY -6.333153441160e+02

JOB 12
COORDS  5.5511237270e+00 -2.2506517880e+00 -3.7873048673e+00  2.8558785986e+00 -4.3353696061e-01  1.6295990238e-02  6.4620743010e-01 -1.3153986787e+00  2.4379757798e-01  3.0857167026e+00 -1.3046295236e+00 -1.2151239500e+00  8.6744096865e-01 -2.1801708926e+00 -9.9272469757e-01  6.4917733971e+00 -1.1912408574e+00 -4.3394189551e+00  2.9156449310e+00 -3.9964108556e+00 -4.7123197086e+00  1.7176031764e+00 -2.7613654903e-01  2.1408325166e+00  1.8877929918e+00 -2.2416866399e+00 -3.2076319107e+00  3.1832653191e+00 -2.9815194403e+00 -3.5911896768e+00  1.9103133317e+00 -1.0675241967e+00  9.3339026920e-01  1.8163901669e+00 -1.5409023234e+00 -1.9108354045e+00  4.2182546739e+00 -2.0295918905e+00 -3.9989548612e+00  5.9705989292e+00 -3.2300204776e+00 -3.1700196037e+00  3.8100685369e+00 -2.9376845368e-01  5.3668295222e-01  2.4970019433e+00  5.6301574717e-01 -3.0788910545e-01  1.6135786372e-01 -3.6856864793e-01 -6.5348047043e-02 -3.5278909455e-02 -1.8322696191e+00  9.2914926717e-01  3.7752183932e+00 -7.8812968375e-01 -1.8859677435e+00  3.5710368332e+00 -2.2417719949e+00 -8.9411493188e-01  1.2155241327e+00 -3.1808367585e+00 -6.7317876751e-01 -9.2012478456e-02 -2.3054903659e+00 -1.5055611795e+00  7.0640673624e+00 -7.6620816095e-01 -3.5102266531e+00  7.2034951732e+00 -1.6711630991e+00 -5.0163994267e+00  5.9823011508e+00 -3.8199003212e-01 -4.8709207784e+00  2.4674004679e+00 -3.5087821316e+00 -5.5865852167e+00  3.8528132879e+00 -4.4667687729e+00 -5.0211119917e+00  2.2323580802e+00 -4.7816488259e+00 -4.3719228340e+00  2.6759806338e+00 -1.4571666544e-01  2.6541870148e+00  1.0371060836e+00 -7.9883897136e-01  2.8212691317e+00  1.2967068809e+00  7.2773880210e-01  1.9379090864e+00  1.0775130429e+00 -2.9755322384e+00 -3.2432447316e+00  1.6696695376e+00 -1.5228362360e+00 -4.0152815106e+00  3.5893572056e+00 -3.5179576880e+00 -2.7318496055e+00  3.9387934988e+00 -1.2502912010e+00 -4.5809271121e+00
ENERGY -6.333152007846e+02

JOB 13
COORDS  5.4135419922e+00 -2.3138293019e+00 -3.5554125262e+00  2.7386606445e+00 -2.7929726804e-01 -1.3344097009e-01  7.4013098665e-01 -1.5207443586e+00  2.8734253827e-01  2.9697563018e+00 -1.0765733286e+00 -1.4137287633e+00  9.6876281134e-01 -2.3132577173e+00 -9.9548685970e-01  6.4443350687e+00 -1.3320388982e+00 -4.0898421456e+00  2.7188055440e+00 -4.0050588646e+00 -4.7618389036e+00  1.8251508175e+00 -3.5352845846e-01  2.1012629277e+00  1.7638013953e+00 -2.1783304773e+00 -3.2887703826e+00  3.0218076673e+00 -3.0077284441e+00 -3.6343384673e+00  2.0124652616e+00 -1.0777973226e+00  8.5186133056e-01  1.6858284728e+00 -1.4992980093e+00 -1.9873706659e+00  4.1362635108e+00 -2.1400102541e+00 -4.0113657500e+00  5.7183426171e+00 -3.1904006074e+00 -2.7462243579e+00  3.7090003753e+00  2.9767800185e-03  2.9040299122e-01  2.1925095829e+00  6.5219411190e-01 -3.8060550755e-01  7.4927830981e-02 -6.6366928433e-01  6.3568538926e-02  2.3104685380e-01 -2.1573844483e+00  1.0199875377e+00  3.4873782282e+00 -4.3689388067e-01 -2.1345944689e+00  3.6302309808e+00 -1.9282459562e+00 -1.1869486411e+00  1.5163138283e+00 -3.2415332486e+00 -7.4725670525e-01 -4.4835339861e-03 -2.5962981732e+00 -1.4103636186e+00  6.8671986691e+00 -7.7784213542e-01 -3.2471922426e+00  7.2588641574e+00 -1.8947351469e+00 -4.5533821846e+00  6.0421140536e+00 -6.2034967856e-01 -4.8169888800e+00  2.3436951569e+00 -3.4896259383e+00 -5.6548691542e+00  3.6255173369e+00 -4.5510237744e+00 -5.0367425102e+00  1.9610685154e+00 -4.7304197964e+00 -4.4473365489e+00  2.7994224951e+00 -7.6872984925e-02  2.5175396802e+00  1.3160708833e+00 -9.9525716738e-01  2.8281019522e+00  1.2274547604e+00  5.7083248321e-01  1.9807026724e+00  8.8959119891e-01 -2.8287832863e+00 -3.3752503374e+00  1.6508966489e+00 -1.4222656281e+00 -4.0835829408e+00  3.3646647636e+00 -3.5645676990e+00 -2.7597741959e+00  3.9618396289e+00 -1.4263710938e+00 -4.7072527706e+00
ENERGY -6.333179878876e+02

JOB 14
COORDS  5.3580768027e+00 -2.4330938346e+00 -3.4558803711e+00  2.6064716907e+00 -1.5864099376e-01 -2.0371013047e-01  8.3049775003e-01 -1.6849758044e+00  3.0274975263e-01  2.8778184494e+00 -9.0661631592e-01 -1.5059985186e+00  1.0974371883e+00 -2.4240660312e+00 -1.0053209817e+00  6.4590624315e+00 -1.5106603778e+00 -3.9544577402e+00  2.6169394074e+00 -3.9927945198e+00 -4.7902621776e+00  1.8361579347e+00 -3.8879742117e-01  2.0742247525e+00  1.7282976022e+00 -2.1073843298e+00 -3.3359767427e+00  2.9420220194e+00 -3.0156784053e+00 -3.6522088532e+00  2.0551376463e+00 -1.0641593332e+00  8.0297469063e-01  1.6339296536e+00 -1.4988475707e+00 -2.0100240636e+00  4.1184657649e+00 -2.2154171964e+00 -3.9899289018e+00  5.5769195685e+00 -3.2980404310e+00 -2.6071633944e+00  3.5475855496e+00  2.5496731515e-01  1.7614453845e-01  1.9210099048e+00  6.8732827709e-01 -4.0705322335e-01  3.5085973954e-02 -9.3332903404e-01  1.3168894350e-01  4.6460572257e-01 -2.3956015092e+00  1.0525815448e+00  3.2619010202e+00 -2.0224308305e-01 -2.2517173143e+00  3.6560393415e+00 -1.6636134320e+00 -1.3217079127e+00  1.7849175837e+00 -3.2654634076e+00 -8.0331925468e-01  1.5468782899e-01 -2.8396318314e+00 -1.3776441928e+00  6.8354793765e+00 -9.2914010796e-01 -3.1079956427e+00  7.2864620046e+00 -2.1197621049e+00 -4.3273201164e+00  6.1371878545e+00 -8.2264558403e-01 -4.7419729617e+00  2.3068612580e+00 -3.4558678940e+00 -5.6956419802e+00  3.4950289547e+00 -4.5972100765e+00 -5.0345223984e+00  1.8026717999e+00 -4.6664476459e+00 -4.5031841596e+00  2.7821281934e+00  2.2357225656e-02  2.4418964311e+00  1.4678546535e+00 -1.1058652215e+00  2.8154519344e+00  1.1048698107e+00  4.3984204812e-01  2.0045262146e+00  8.1108728190e-01 -2.6828423769e+00 -3.4945681641e+00  1.7115972191e+00 -1.3010868497e+00 -4.0864228801e+00  3.2242570858e+00 -3.5887046414e+00 -2.7663759789e+00  4.0181759619e+00 -1.5114516895e+00 -4.7097792536e+00
ENERGY -6.333209572182e+02

JOB 15
COORDS  5.2824872376e+00 -2.6101584519e+00 -3.3297047790e+00  2.4597660732e+00 -1.6946037383e-02 -3.2115330882e-01  1.0172118338e+00 -1.8236702097e+00  3.2650412695e-01  2.7890771894e+00 -7.4806339742e-01 -1.6205443373e+00  1.3363454952e+00 -2.5449854129e+00 -9.8085201530e-01  6.4505344199e+00 -1.7118187875e+00 -3.7034971425e+00  2.5172572926e+00 -3.9349637442e+00 -4.9548324159e+00  1.8717965083e+00 -3.1162113737e-01  2.0030065541e+00  1.6998027503e+00 -2.1290956738e+00 -3.3661151011e+00  2.8657332227e+00 -3.0806031115e+00 -3.7289376158e+00  2.1367555107e+00 -9.7607202484e-01  7.3473480582e-01  1.6443097966e+00 -1.5662028423e+00 -2.0243716568e+00  4.1021532255e+00 -2.3353709495e+00 -3.9629543342e+00  5.3978022755e+00 -3.5007050485e+00 -2.4872189166e+00  3.3292591892e+00  5.7054858655e-01 -4.5107222964e-03  1.6224482260e+00  6.8509688967e-01 -5.0244897289e-01  9.0367848818e-02 -1.2325530405e+00  1.9121572726e-01  8.3220200745e-01 -2.5629769010e+00  1.1140514010e+00  2.9970873853e+00 -1.5835374885e-02 -2.4089497412e+00  3.6977384350e+00 -1.3492178772e+00 -1.4615647351e+00  2.1709900087e+00 -3.2458395334e+00 -8.0441675604e-01  4.6262525907e-01 -3.1290460987e+00 -1.2914008067e+00  6.7069008295e+00 -1.0973216157e+00 -2.8350830315e+00  7.3173150340e+00 -2.3365330429e+00 -3.9316142224e+00  6.2469008942e+00 -1.0532143390e+00 -4.5532225154e+00  2.2733976785e+00 -3.3054576066e+00 -5.8200996172e+00  3.3618240303e+00 -4.5750807950e+00 -5.2249509434e+00  1.6514062000e+00 -4.5735338246e+00 -4.7507951013e+00  2.7467373261e+00  2.7451807213e-01  2.3032163720e+00  1.6827568765e+00 -1.0597323357e+00  2.7800481392e+00  9.9938910637e-01  3.6922249336e-01  1.9617636612e+00  7.6052114552e-01 -2.6713619520e+00 -3.5255483872e+00  1.6964793558e+00 -1.2965863730e+00 -4.0857376836e+00  3.0825606112e+00 -3.7397751119e+00 -2.8862987473e+00  4.0869133493e+00 -1.6021791806e+00 -4.6600318503e+00
ENERGY -6.333223141591e+02

JOB 16
COORDS  5.0990425574e+00 -2.8226114477e+00 -3.0628529524e+00  2.2463355416e+00  1.3307519907e-01 -4.8141527721e-01  1.4190151652e+00 -1.9562935375e+00  3.6862207211e-01  2.5832014802e+00 -5.4153511082e-01 -1.8096054850e+00  1.7290083351e+00 -2.6255647831e+00 -9.6851633920e-01  6.3307656414e+00 -1.9361723605e+00 -3.1461331179e+00  2.4542717951e+00 -3.7148700982e+00 -5.2320786419e+00  2.0804756645e+00 -2.1351585548e-01  1.9029149300e+00  1.6065038373e+00 -2.2007533315e+00 -3.3856875953e+00  2.7559971233e+00 -3.1273793343e+00 -3.8480321806e+00  2.3300943297e+00 -8.3652250723e-01  6.1047100382e-01  1.6465500210e+00 -1.6377931682e+00 -2.0454854766e+00  4.0469210627e+00 -2.4443531052e+00 -3.8516083042e+00  5.0562182684e+00 -3.7973859591e+00 -2.3116129980e+00  2.9639945000e+00  9.3906535471e-01 -2.8873792067e-01  1.2370830223e+00  5.8389216369e-01 -5.4949328072e-01  3.6299154560e-01 -1.6223149926e+00  3.6772157558e-01  1.5409024561e+00 -2.6860623227e+00  1.1768512345e+00  2.4887222524e+00  1.8663918765e-01 -2.6239815373e+00  3.6314220355e+00 -8.7482006858e-01 -1.7675086328e+00  2.7227798104e+00 -3.0994917527e+00 -9.1316352774e-01  9.8930063659e-01 -3.4128316912e+00 -1.1560009370e+00  6.4341650375e+00 -1.3996658202e+00 -2.1976937596e+00  7.2138051387e+00 -2.5679818776e+00 -3.2656850699e+00  6.2945131053e+00 -1.2070282964e+00 -3.9610974545e+00  2.3621132632e+00 -2.9238133058e+00 -5.9870246412e+00  3.2562083090e+00 -4.3907065812e+00 -5.5420820703e+00  1.5144743221e+00 -4.2767676616e+00 -5.2216612889e+00  2.8069187085e+00  5.8801800008e-01  2.0740152293e+00  2.2004656853e+00 -9.5496449011e-01  2.6997473529e+00  1.0647188225e+00  2.1946988742e-01  1.9864726793e+00  6.7714145315e-01 -2.7789657826e+00 -3.4740370171e+00  1.5163498773e+00 -1.3669767106e+00 -4.0967730583e+00  2.8709430390e+00 -3.9434936465e+00 -3.1325509949e+00  4.1456615620e+00 -1.6144396483e+00 -4.4217652505e+00
ENERGY -6.333230520993e+02

JOB 17
COORDS  5.0528651809e+00 -2.9685958524e+00 -3.0065675284e+00  2.0572991537e+00  2.0380892597e-01 -5.0047629391e-01  1.6408458451e+00 -1.9977466104e+00  3.5253579159e-01  2.3757625411e+00 -3.7657717816e-01 -1.8763719738e+00  1.9411107064e+00 -2.6029384243e+00 -1.0162647710e+00  6.2988372894e+00 -2.1009133178e+00 -2.9421138713e+00  2.4673804223e+00 -3.6170046091e+00 -5.3004618828e+00  2.1798329148e+00 -2.0361763748e-01  1.8756744619e+00  1.5946151799e+00 -2.1519636921e+00 -3.4214285990e+00  2.7187486376e+00 -3.1111654909e+00 -3.8751631602e+00  2.3964877602e+00 -7.5896792925e-01  5.4649695011e-01  1.6528111373e+00 -1.6286544717e+00 -2.0655063158e+00  4.0308793866e+00 -2.4748314814e+00 -3.7702754867e+00  4.9722877305e+00 -4.0288259318e+00 -2.3848260949e+00  2.6464637510e+00  1.1149478945e+00 -3.4495249689e-01  9.8552831044e-01  4.8093218885e-01 -4.6419272388e-01  5.5129830311e-01 -1.8196815103e+00  4.4098980144e-01  1.9305734113e+00 -2.7102407346e+00  1.1326955963e+00  2.0590281421e+00  3.3394207903e-01 -2.6483907735e+00  3.4711513937e+00 -4.9809410716e-01 -1.9531222133e+00  2.9861704581e+00 -2.9491454010e+00 -1.0344306086e+00  1.2995095594e+00 -3.4793276829e+00 -1.1668614850e+00  6.3740056782e+00 -1.6818149204e+00 -1.9338652402e+00  7.1771791136e+00 -2.7292510976e+00 -3.1061192678e+00  6.3014653593e+00 -1.2795759552e+00 -3.6650232221e+00  2.4558927163e+00 -2.7881552796e+00 -6.0190570921e+00  3.2519136192e+00 -4.3177477948e+00 -5.5993072062e+00  1.5027151415e+00 -4.1312953984e+00 -5.3671993672e+00  2.7897498631e+00  6.9680248659e-01  2.0046420326e+00  2.4854553528e+00 -9.3158179171e-01  2.6343146568e+00  1.1229929163e+00  6.7030791826e-02  2.0649712304e+00  6.5036013861e-01 -2.7036577654e+00 -3.5396358915e+00  1.5401384222e+00 -1.3018922631e+00 -4.1135179768e+00  2.7630629282e+00 -3.9660456899e+00 -3.1988442072e+00  4.1666545995e+00 -1.5889121013e+00 -4.2392386363e+00
ENERGY -6.333226253973e+02

JOB 18
COORDS  5.0832533611e+00 -3.1803306824e+00 -3.1237641020e+00  1.8263158415e+00  2.7196767307e-01 -4.7777437091e-01  1.7751033494e+00 -1.9713589752e+00  3.5321211136e-01  2.1719545487e+00 -2.3571275260e-01 -1.8751779864e+00  2.1173293705e+00 -2.5179880465e+00 -1.0303244083e+00  6.3698440708e+00 -2.3825605845e+00 -2.9871670787e+00  2.4729161569e+00 -3.6002111121e+00 -5.2828126769e+00  2.1041958886e+00 -1.3445814723e-01  1.8847659199e+00  1.6248459874e+00 -2.0810627742e+00 -3.4343035021e+00  2.7018763353e+00 -3.0999512887e+00 -3.8513247724e+00  2.3499058682e+00 -6.3823073178e-01  5.3971986359e-01  1.6700376965e+00 -1.5899049497e+00 -2.0610507313e+00  4.0354684703e+00 -2.5162759946e+00 -3.6990659935e+00  4.9928911175e+00 -4.3379293805e+00 -2.7127419519e+00  2.2731316292e+00  1.2618095815e+00 -3.3042445556e-01  7.2690814710e-01  3.7919102424e-01 -3.9538095027e-01  6.7451723362e-01 -1.9524975164e+00  4.7523503085e-01  2.1873501635e+00 -2.6417070423e+00  1.1153062616e+00  1.7050131258e+00  4.2115144125e-01 -2.6168395058e+00  3.2703398211e+00 -1.6802370527e-01 -2.0042273203e+00  3.2003746773e+00 -2.7148179041e+00 -1.0765536176e+00  1.6020926760e+00 -3.4753508206e+00 -1.1647279692e+00  6.5356936802e+00 -2.1720312588e+00 -1.9262073516e+00  7.2042210972e+00 -2.9941383531e+00 -3.3378034417e+00  6.3603595167e+00 -1.4353923365e+00 -3.5347960274e+00  2.5155350190e+00 -2.7739864915e+00 -6.0026070421e+00  3.2407565707e+00 -4.3304765733e+00 -5.5519395262e+00  1.4932497547e+00 -4.0811791875e+00 -5.3762625704e+00  2.5785302000e+00  8.4518485750e-01  2.0055263829e+00  2.5427478291e+00 -8.1660223529e-01  2.6204023954e+00  1.0269648751e+00 -2.5795160794e-02  2.1160217244e+00  6.5354252776e-01 -2.5678073346e+00 -3.6122347925e+00  1.6595458931e+00 -1.2200686267e+00 -4.1126607495e+00  2.6828498790e+00 -3.9578140124e+00 -3.1778782362e+00  4.1801233685e+00 -1.5680735433e+00 -4.0195539319e+00
ENERGY -6.333199685180e+02

JOB 19
COORDS  5.1650038463e+00 -3.3174836713e+00 -3.2440950205e+00  1.5380791808e+00  3.2920630534e-01 -4.2909944936e-01  1.8957976264e+00 -1.8857874660e+00  3.9748063498e-01  1.9515890630e+00 -1.1184557843e-01 -1.8303386768e+00  2.3256561171e+00 -2.3617608481e+00 -9.8780640328e-01  6.4819995085e+00 -2.5915149233e+00 -3.0221746470e+00  2.5418143318e+00 -3.5588736430e+00 -5.2239145546e+00  1.8989202660e+00 -2.0314450216e-02  1.9310047714e+00  1.7192480212e+00 -1.9985130407e+00 -3.4069572899e+00  2.7542980706e+00 -3.0668644782e+00 -3.7864048453e+00  2.2224513272e+00 -4.7183323721e-01  5.8390402688e-01  1.7068671440e+00 -1.5346439991e+00 -2.0163755989e+00  4.1057490192e+00 -2.5321945980e+00 -3.6022696592e+00  5.0618150964e+00 -4.5356156812e+00 -3.0924496457e+00  1.8045878732e+00  1.3827458510e+00 -2.8716726383e-01  4.3770028375e-01  2.4181990037e-01 -3.3665587064e-01  8.1058679330e-01 -2.0667268530e+00  5.2393097064e-01  2.4255288795e+00 -2.4720745558e+00  1.1564527557e+00  1.3627021581e+00  4.5003449576e-01 -2.5627475693e+00  3.0181519044e+00  1.5555170586e-01 -1.9791436145e+00  3.4273175373e+00 -2.3484225120e+00 -1.0381849367e+00  2.0006368988e+00 -3.3988026256e+00 -1.1105912314e+00  6.7561956274e+00 -2.6826911671e+00 -1.9670728062e+00  7.2605260763e+00 -3.0855040729e+00 -3.6086194140e+00  6.4501818152e+00 -1.5307079709e+00 -3.2876292218e+00  2.6176664778e+00 -2.7315662976e+00 -5.9389652022e+00  3.3000612299e+00 -4.3048815088e+00 -5.4740341385e+00  1.5549067212e+00 -4.0207527442e+00 -5.3351766429e+00  2.1910791258e+00  1.0283468053e+00  2.0500114407e+00  2.4568922729e+00 -6.1301323643e-01  2.6632544399e+00  8.2113153915e-01 -1.0607467068e-01  2.1688974082e+00  7.3331235038e-01 -2.4121680507e+00 -3.6673473035e+00  1.8636333385e+00 -1.1327350012e+00 -4.0665175172e+00  2.6752999923e+00 -3.9282492913e+00 -3.1207288519e+00  4.2434424704e+00 -1.5345110984e+00 -3.6910874269e+00
ENERGY -6.333169508169e+02

JOB 20
COORDS  5.0692095479e+00 -3.4769200901e+00 -3.1077522481e+00  1.3446674483e+00  2.7495504638e-01 -3.9142157940e-01  2.1702312001e+00 -1.8437805598e+00  3.6286692320e-01  1.7435098617e+00 -8.6060047756e-02 -1.8195208169e+00  2.6059878002e+00 -2.1873091460e+00 -1.0584221718e+00  6.4591232206e+00 -2.8802903640e+00 -2.9600598030e+00  2.4754961320e+00 -3.4748983530e+00 -5.2926081823e+00  1.8593472531e+00 -4.2761405042e-02  1.9438999071e+00  1.7838166908e+00 -1.9097078176e+00 -3.4380394613e+00  2.7305366169e+00 -3.0475506274e+00 -3.8397022327e+00  2.2117942667e+00 -3.9602237911e-01  5.7528011846e-01  1.7110830796e+00 -1.5327600978e+00 -2.0154438210e+00  4.1256199701e+00 -2.6513028119e+00 -3.6525659650e+00  4.8143365835e+00 -4.6230340075e+00 -2.7356304600e+00  1.4335600769e+00  1.3586830397e+00 -2.5236830768e-01  2.8234631402e-01  6.7329888814e-04 -2.4054995839e-01  1.1562488489e+00 -2.2507648731e+00  5.4100510592e-01  2.8548640231e+00 -2.3213663989e+00  1.0727477998e+00  1.0343177065e+00  3.8438467359e-01 -2.5093609844e+00  2.7478508938e+00  3.3115680360e-01 -2.0327478546e+00  3.6556650336e+00 -1.8715389275e+00 -1.1787951451e+00  2.5676539535e+00 -3.2706220261e+00 -1.1863638734e+00  6.6878003812e+00 -2.7933238364e+00 -1.8937398751e+00  7.1866948097e+00 -3.5679064005e+00 -3.3979494589e+00  6.5682157260e+00 -1.8961346400e+00 -3.4252104706e+00  2.6014502585e+00 -2.6314535273e+00 -5.9819591833e+00  3.1812550831e+00 -4.2599156985e+00 -5.5763782165e+00  1.4594657399e+00 -3.8648552603e+00 -5.4128482211e+00  1.9435148100e+00  1.0406903708e+00  2.0802112584e+00  2.5517192334e+00 -5.2701626066e-01  2.6404118528e+00  8.2985378409e-01 -3.4446704182e-01  2.2172907126e+00  7.7751212053e-01 -2.1811234546e+00 -3.7848738523e+00  2.0775480904e+00 -1.0307769485e+00 -4.0364932900e+00  2.5809414562e+00 -3.9196774668e+00 -3.2015981418e+00  4.3976236447e+00 -1.7202245961e+00 -3.9393374695e+00
ENERGY -6.333160075909e+02

JOB 21
COORDS  5.0652670809e+00 -3.5931883281e+00 -3.0171990158e+00  1.1686489961e+00  1.9616372006e-01 -3.4571121589e-01  2.3667323644e+00 -1.7568706435e+00  3.4854922809e-01  1.5695453567e+00 -8.9936529902e-02 -1.7891461236e+00  2.7887102238e+00 -2.0179588446e+00 -1.0939962658e+00  6.5051696478e+00 -3.1172300273e+00 -2.9172870473e+00  2.5002479284e+00 -3.4314782124e+00 -5.2838772445e+00  1.8189793618e+00 -4.6323593364e-02  1.9654960401e+00  1.9209894946e+00 -1.8094460871e+00 -3.4412889815e+00  2.7795537871e+00 -3.0205140577e+00 -3.8303861198e+00  2.1718228027e+00 -3.2514012671e-01  5.8016347435e-01  1.7491093417e+00 -1.5263650000e+00 -2.0071481226e+00  4.2023323497e+00 -2.7387782936e+00 -3.6443010612e+00  4.7060164574e+00 -4.6689569059e+00 -2.5364320377e+00  1.0826869138e+00  1.2792977345e+00 -2.0061799680e-01  1.7242299034e-01 -2.4953861418e-01 -1.5814946859e-01  1.4460716201e+00 -2.3320006418e+00  5.6538615760e-01  3.1532988089e+00 -2.1170100991e+00  1.0210045408e+00  7.7896649304e-01  2.7453278476e-01 -2.4553958512e+00  2.4947482869e+00  4.6867729580e-01 -2.0298731516e+00  3.7612026927e+00 -1.5238119999e+00 -1.2648384032e+00  2.9294243758e+00 -3.0915690995e+00 -1.2270169861e+00  6.7444299984e+00 -2.9530088110e+00 -1.8624992575e+00  7.1638575369e+00 -3.9077681740e+00 -3.2849295982e+00  6.7046813355e+00 -2.1955755736e+00 -3.4718826594e+00  2.6793528610e+00 -2.5972412629e+00 -5.9731440713e+00  3.1545473496e+00 -4.2594160097e+00 -5.5695808891e+00  1.4612176528e+00 -3.7544135346e+00 -5.4045156616e+00  1.7234920327e+00  1.0347324837e+00  2.1130867466e+00  2.6104544656e+00 -4.1058313425e-01  2.6288062704e+00  8.6727097048e-01 -5.2054850282e-01  2.2737965130e+00  9.2444949849e-01 -1.9385355387e+00 -3.8809933865e+00  2.3652514167e+00 -9.3484608860e-01 -3.9563713596e+00  2.5572774132e+00 -3.8726602692e+00 -3.1859054660e+00  4.5630587221e+00 -1.8708392193e+00 -4.0183337905e+00
ENERGY -6.333182432890e+02

JOB 22
COORDS  4.1140754357e-02 -4.1402745484e+00 -5.2550133566e+00  2.6321718922e+00 -1.9671291665e+00  6.7761552741e-01  1.3256062650e+00 -2.6360602880e-01 -3.7356286262e-01  2.3578189897e+00 -2.8823225830e+00 -5.0927480158e-01  1.0634701841e+00 -1.1888594331e+00 -1.5581619029e+00 -8.2236265598e-03 -5.2497835226e+00 -6.2934889110e+00  2.4063111781e+00 -1.3663292534e+00 -4.7529114531e+00  1.7477564727e+00 -1.5015284719e-01  2.0007254379e+00  2.0037947783e+00 -3.0446494911e+00 -2.8677873194e+00  1.4647258250e+00 -2.4198709873e+00 -4.1658721167e+00  1.5301611372e+00 -1.0244968508e+00  8.5676932403e-01  2.1949217546e+00 -2.1106061284e+00 -1.7485951621e+00  1.2356887278e+00 -3.4807215834e+00 -5.1472191444e+00 -9.3849418057e-01 -3.8547540157e+00 -4.5662993850e+00  2.7299935140e+00 -2.5723616921e+00  1.5860896854e+00  3.5942605305e+00 -1.4429794588e+00  5.1590559630e-01  2.2026157895e+00  3.7222268116e-01 -6.0604890215e-01  4.6186325069e-01  3.9716789164e-01 -2.3893097377e-01  3.2008838140e+00 -3.5716716234e+00 -6.3531776047e-01  1.4571802102e+00 -3.4878275116e+00 -2.9970899187e-01  1.1710942118e-01 -1.7354403423e+00 -1.3952621839e+00  9.3960495077e-01 -5.6528482528e-01 -2.4465231915e+00 -2.4349712879e-01 -6.1913054416e+00 -5.7895794792e+00 -8.2276144551e-01 -5.0392208280e+00 -6.9914149933e+00  9.2205912913e-01 -5.3699738988e+00 -6.8566064097e+00  3.3682720626e+00 -1.8161712986e+00 -5.0296785550e+00  1.9704578552e+00 -9.0542604663e-01 -5.6446403259e+00  2.6186606517e+00 -5.8699607238e-01 -4.0172993898e+00  1.8558023647e+00 -7.5093252388e-01  2.9098919869e+00  8.8385091347e-01  5.0993453051e-01  2.1315023397e+00  2.6509478213e+00  4.8194989685e-01  1.8968986712e+00  2.9694223317e+00 -3.5253863836e+00 -3.0742634089e+00  1.2932557141e+00 -3.8443156422e+00 -2.5923665130e+00  4.8095618681e-01 -1.9894820395e+00 -3.9778736614e+00  2.0218262096e+00 -3.7993696283e+00 -5.6981830744e+00
ENERGY -6.333217576196e+02

JOB 23
COORDS  2.8312216298e-02 -4.0640061914e+00 -5.3811669801e+00  2.7405499456e+00 -1.8738695537e+00  6.2267218183e-01  1.2130407837e+00 -3.0181469446e-01 -3.3371056617e-01  2.4344572046e+00 -2.8458106723e+00 -5.1071215675e-01  9.1560827456e-01 -1.2743804216e+00 -1.4703880828e+00  1.1078015358e-04 -5.1790122443e+00 -6.4147435528e+00  2.5171619620e+00 -1.4471762082e+00 -4.6611690498e+00  1.8354548942e+00 -1.0105123318e-01  1.9902786562e+00  1.8414270006e+00 -3.0826096228e+00 -2.8216208561e+00  1.4626695149e+00 -2.4373029482e+00 -4.1665197353e+00  1.5866608346e+00 -1.0162669480e+00  8.8509316764e-01  2.0827248558e+00 -2.1258078554e+00 -1.7397873043e+00  1.2507477662e+00 -3.4893093561e+00 -5.1609244384e+00 -9.9096014327e-01 -3.7028248745e+00 -4.7925829766e+00  2.9733961243e+00 -2.4400337234e+00  1.5316722587e+00  3.6364764702e+00 -1.2793617319e+00  3.5680954151e-01  2.0144377572e+00  3.9159750804e-01 -6.5691979704e-01  3.1767032314e-01  2.9632838696e-01 -1.3097280341e-01  3.3198209876e+00 -3.4610955864e+00 -7.0754671671e-01  1.6173900596e+00 -3.5211981032e+00 -1.9595619507e-01  2.7463324879e-02 -1.8804185835e+00 -1.2147272324e+00  6.7347151921e-01 -6.9120464877e-01 -2.3625320284e+00 -3.4954439992e-01 -6.0957507995e+00 -5.9319536294e+00 -7.2607493096e-01 -4.9191100236e+00 -7.1893437581e+00  9.6936146660e-01 -5.3713174617e+00 -6.8844118610e+00  3.4761369751e+00 -1.9514690830e+00 -4.8364405745e+00  2.1987750592e+00 -9.7351039274e-01 -5.5948631320e+00  2.6931833385e+00 -6.7513119488e-01 -3.9087807503e+00  2.0708840890e+00 -6.7017223077e-01  2.8957220384e+00  9.3726546610e-01  4.9340049486e-01  2.1876120972e+00  2.6731491844e+00  5.9613499373e-01  1.7947857991e+00  2.7614625845e+00 -3.6650630601e+00 -2.9619685842e+00  1.0390771741e+00 -3.7964685675e+00 -2.5596740342e+00  4.9668088941e-01 -1.9397870993e+00 -4.0709227829e+00  2.0607874890e+00 -3.8669103732e+00 -5.6347137160e+00
ENERGY -6.333244984555e+02

