JOB 0
COORDS -3.8584095001e-01 -2.2754125819e-01  1.8968955391e+00  1.3441199547e+00 -1.7738560859e+00  4.1663988267e-01 -1.7936497978e+00 -1.6864570413e+00 -2.2245397783e+00 -1.0394051626e+00  6.6376159340e-01 -2.8572261124e+00  1.4753372764e+00  8.5837445049e-01 -2.9083624973e-01 -8.1456761382e-01 -5.4557020868e-01 -1.9518453894e+00 -9.7157539805e-01 -1.3467196898e-01 -5.8077988668e-01  4.0351281082e-01 -4.4822998681e-01  4.8007568898e-01 -1.2517568857e+00  4.1982821906e-01  1.8638677451e+00  2.2044891956e-01 -3.4993762543e-01  2.7837064696e+00  2.1745267092e+00 -1.7776367783e+00 -2.7872181024e-01  9.3141712155e-01 -2.6892706316e+00  8.2012677240e-01 -1.5846522739e+00 -2.5292053866e+00 -1.5598568856e+00 -2.8204086249e+00 -1.3530723141e+00 -2.0433343065e+00 -1.7149117970e+00 -2.0280669292e+00 -3.2627560561e+00 -3.1898894038e-01  1.4580872797e+00 -2.6407992464e+00 -2.0458665964e+00  1.0661379387e+00 -2.7051088482e+00 -9.3658205669e-01  3.8123147619e-01 -3.9107771192e+00  1.7543316492e+00  5.9575291413e-01 -1.3134825108e+00  8.7842154951e-01  1.7697447221e+00 -2.7804326332e-01  2.3601679734e+00  9.6074478638e-01  3.3881256366e-01  2.0521833770e-01 -9.3145952223e-01 -2.1027624507e+00
ENERGY -7.103414072695e+02

JOB 1
COORDS -4.4855751122e-01 -3.1318506746e-01  1.8375078221e+00  1.2868621355e+00 -1.7898561736e+00  3.0512357125e-01 -1.7438921395e+00 -1.6718171402e+00 -2.0726444850e+00 -1.1308952947e+00  6.3580520874e-01 -2.9697462923e+00  1.5799484517e+00  8.7803467940e-01 -1.7927519526e-01 -7.9806302312e-01 -4.7563778754e-01 -1.9779143007e+00 -8.7269302082e-01  8.9344007059e-02 -6.5623315655e-01  4.1336672801e-01 -4.2481363673e-01  4.4607941517e-01 -1.2787634900e+00  3.8081864908e-01  1.8154402696e+00  1.2008990601e-01 -4.9855990804e-01  2.7394467672e+00  2.1482460109e+00 -1.7812077000e+00 -3.5148669783e-01  8.1428012192e-01 -2.7116980133e+00  6.1763790842e-01 -1.4633012896e+00 -2.4365311842e+00 -1.3430591842e+00 -2.7703673489e+00 -1.3563549912e+00 -1.8603991528e+00 -1.7124596831e+00 -2.1156957392e+00 -3.0741606205e+00 -4.2466718389e-01  1.4660209621e+00 -2.8726568081e+00 -2.1387699770e+00  1.0202945315e+00 -2.7843834534e+00 -1.0885759584e+00  2.5903317350e-01 -3.9975321912e+00  1.8521342126e+00  6.8185348733e-01 -1.2190235800e+00  1.0371063637e+00  1.8192579761e+00 -1.0056465470e-01  2.4608970216e+00  8.7288331251e-01  4.6426243800e-01  2.2737117320e-01 -8.2930100329e-01 -2.1671636712e+00
ENERGY -7.103423117407e+02

JOB 2
COORDS -5.0800953208e-01 -4.1952979850e-01  1.7417167508e+00  1.3269749631e+00 -1.7572601635e+00  2.0192362807e-01 -1.7936413923e+00 -1.6244879321e+00 -1.9395646743e+00 -1.1461554497e+00  5.6717820943e-01 -3.0681645353e+00  1.6438494987e+00  9.3819740143e-01 -4.4386044442e-02 -7.9395067203e-01 -4.7077138049e-01 -2.0062174075e+00 -7.5535241820e-01  2.2059663426e-01 -7.4449054795e-01  4.4561219338e-01 -4.0492635179e-01  4.0371880203e-01 -1.3345251667e+00  2.7924955650e-01  1.7230894202e+00  6.4787791104e-03 -6.6685902734e-01  2.6619625626e+00  2.2267817463e+00 -1.6993467560e+00 -3.9809629028e-01  8.4164211846e-01 -2.6994955340e+00  4.1875288724e-01 -1.5109479657e+00 -2.3327971940e+00 -1.1560384394e+00 -2.7927808520e+00 -1.2419690964e+00 -1.7076711317e+00 -1.8342414225e+00 -2.1593405543e+00 -2.8952910889e+00 -4.0234257526e-01  1.3694738104e+00 -3.0859187035e+00 -2.1245215664e+00  1.0104602799e+00 -2.8573931901e+00 -1.1838504009e+00  1.0210571501e-01 -4.0592443040e+00  1.9850233834e+00  8.0290214560e-01 -1.0735325324e+00  1.0921186947e+00  1.8726665020e+00  5.0104012114e-02  2.4770126024e+00  8.9408900726e-01  6.5884068248e-01  2.0412163891e-01 -8.8144783061e-01 -2.2248451079e+00
ENERGY -7.103428728595e+02

JOB 3
COORDS -5.3510450546e-01 -5.4066672810e-01  1.6224352062e+00  1.4225494803e+00 -1.7091035020e+00  9.4801379423e-02 -1.8977337647e+00 -1.5433777374e+00 -1.8104061571e+00 -1.1311842272e+00  4.8182511660e-01 -3.1527516359e+00  1.6762903877e+00  1.0073803934e+00  9.6844252157e-02 -8.0661477353e-01 -4.9557591308e-01 -2.0269277115e+00 -6.2800673101e-01  2.9640539205e-01 -8.3664973563e-01  4.9609323719e-01 -3.9623330580e-01  3.4939305334e-01 -1.3683797671e+00  1.5022041964e-01  1.6132982450e+00 -7.2376355760e-02 -8.5901735092e-01  2.5486896070e+00  2.3499898062e+00 -1.5856209666e+00 -4.5061954494e-01  9.5003288200e-01 -2.6751801180e+00  2.1198295962e-01 -1.6426829202e+00 -2.2007523578e+00 -9.7485091205e-01 -2.8482519728e+00 -1.0532775237e+00 -1.5756939522e+00 -2.0300847467e+00 -2.1551007099e+00 -2.7101516651e+00 -3.2355740439e-01  1.2092765730e+00 -3.2776973190e+00 -2.0543509035e+00  1.0266404017e+00 -2.9309130654e+00 -1.2666319910e+00 -5.7368693247e-02 -4.0965720972e+00  2.1200947095e+00  9.4041927728e-01 -8.9904715635e-01  1.0842621706e+00  1.9175880106e+00  1.8469021904e-01  2.4357198310e+00  9.4878846934e-01  8.7820363340e-01  1.3922376352e-01 -1.0085815041e+00 -2.2588028548e+00
ENERGY -7.103437374914e+02

JOB 4
COORDS -5.0254499700e-01 -7.1891617184e-01  1.5062717447e+00  1.5884933908e+00 -1.6277523420e+00 -1.8317096297e-02 -2.0873047319e+00 -1.3948977539e+00 -1.6970361581e+00 -1.0419467140e+00  3.5550623240e-01 -3.2255611450e+00  1.6425906344e+00  1.0961535423e+00  2.2056093774e-01 -8.5201338762e-01 -5.5322225969e-01 -2.0145492737e+00 -5.2588369727e-01  3.0828809994e-01 -9.0399230526e-01  5.6548885897e-01 -4.0240313442e-01  2.9484154008e-01 -1.3718551614e+00 -7.4087400325e-02  1.5248373381e+00 -6.0588510161e-02 -1.1004089842e+00  2.4187196684e+00  2.5214274570e+00 -1.4035967945e+00 -5.2041792246e-01  1.1808859477e+00 -2.6290904183e+00  1.7692634712e-02 -1.9200559830e+00 -2.0024523058e+00 -8.0393247311e-01 -2.9483936338e+00 -7.4450911208e-01 -1.5093832158e+00 -2.3270618785e+00 -2.0574984141e+00 -2.5366327971e+00 -1.3242831358e-01  9.3041821827e-01 -3.4237293560e+00 -1.8632084252e+00  1.0581602870e+00 -3.0512365466e+00 -1.2803435665e+00 -2.4020021335e-01 -4.1133513990e+00  2.1703242490e+00  1.1230346358e+00 -7.3511472246e-01  9.7611061310e-01  1.9536282700e+00  3.0745376567e-01  2.3351824697e+00  1.0441530363e+00  1.0619473066e+00  2.4215839604e-03 -1.2216193747e+00 -2.1998157773e+00
ENERGY -7.103449417944e+02

JOB 5
COORDS -4.1659218403e-01 -9.4595559505e-01  1.3855508190e+00  1.7964691021e+00 -1.4881462189e+00 -1.3141791298e-01 -2.3141857521e+00 -1.1619968355e+00 -1.6106416908e+00 -8.9382310087e-01  1.3537662753e-01 -3.2825083458e+00  1.5368381379e+00  1.1991426241e+00  3.3251295422e-01 -9.2702200674e-01 -6.2696020653e-01 -1.9606114529e+00 -4.6931510437e-01  2.8782813611e-01 -9.3967692447e-01  6.3826383213e-01 -4.0741836408e-01  2.4077370599e-01 -1.3330359615e+00 -3.7435809614e-01  1.4602767978e+00  4.3727106243e-02 -1.3846377314e+00  2.2625850800e+00  2.7017213497e+00 -1.1254074978e+00 -6.0214644660e-01  1.4998260155e+00 -2.5270133082e+00 -1.8278178494e-01 -2.2852260502e+00 -1.6971987271e+00 -6.5867282828e-01 -3.0285743667e+00 -3.3572751136e-01 -1.5271190075e+00 -2.6680317966e+00 -1.8472448852e+00 -2.3895150543e+00  1.1960561379e-01  4.8557101662e-01 -3.4998007904e+00 -1.5576610964e+00  1.0050633588e+00 -3.2384818382e+00 -1.2249452886e+00 -5.0968521592e-01 -4.1035964413e+00  2.0939926459e+00  1.3615256394e+00 -5.9223536213e-01  7.7661522595e-01  1.9698981459e+00  4.5563011234e-01  2.1973338637e+00  1.1510540260e+00  1.1991065267e+00 -2.1668397988e-01 -1.4650217385e+00 -2.0179753675e+00
ENERGY -7.103461420033e+02

JOB 6
COORDS -2.5836598934e-01 -1.1320566746e+00  1.2882801513e+00  2.0516307152e+00 -1.0181328226e+00 -1.6202926821e-01 -2.5298994690e+00 -8.9909311120e-01 -1.7568811375e+00 -4.8242410530e-01 -5.3080466545e-01 -3.2328845576e+00  1.1269235053e+00  1.4919563099e+00  4.3330822161e-01 -1.0079691625e+00 -8.3030417955e-01 -1.8308494718e+00 -5.6345005479e-01  2.2081904729e-01 -9.4062148962e-01  6.5499350724e-01 -2.7204944776e-01  2.2228793344e-01 -1.2804231602e+00 -7.9327602235e-01  1.3980460575e+00  2.8525037666e-01 -1.5708094174e+00  2.1150528132e+00  2.8395013601e+00 -4.1717523299e-01 -5.9923839811e-01  2.0048953930e+00 -2.0884907136e+00 -3.1271828430e-01 -2.8503748137e+00 -1.1336820962e+00 -7.3831434745e-01 -2.9709404411e+00  5.9448546105e-02 -2.0500772220e+00 -2.9121467546e+00 -1.6751845640e+00 -2.4292071143e+00  6.1113475767e-01 -4.9952312483e-01 -3.2308659777e+00 -8.5648889885e-01  4.3773748137e-01 -3.5813040511e+00 -8.0667026224e-01 -1.3022935014e+00 -3.9402276734e+00  1.6159613447e+00  1.8481884750e+00 -4.7529334583e-01  2.0344679201e-01  2.0431271776e+00  6.0685460708e-01  1.7902304163e+00  1.5457973210e+00  1.2969193820e+00 -5.9551885182e-01 -1.7855111414e+00 -1.4809820793e+00
ENERGY -7.103469584222e+02

JOB 7
COORDS -2.0426455770e-01 -1.2513267344e+00  1.1411601033e+00  2.1816347023e+00 -9.0323107920e-01 -1.2445710458e-01 -2.5478062429e+00 -7.2655187014e-01 -1.7225228317e+00 -5.1668138264e-01 -7.1286693097e-01 -3.2620650113e+00  1.0488684884e+00  1.5078817332e+00  5.1589067454e-01 -1.0305281674e+00 -8.4200650411e-01 -1.8296619412e+00 -4.4346247178e-01  2.2113606500e-01 -1.0397277641e+00  7.1243995531e-01 -2.6836493536e-01  1.8840882780e-01 -1.2487938783e+00 -9.7833436548e-01  1.2226855099e+00  3.2098888194e-01 -1.7065609110e+00  1.9705332923e+00  2.9497519694e+00 -2.2982529977e-01 -4.8502968635e-01  2.2122060487e+00 -1.9613614552e+00 -3.4932716118e-01 -2.8701262671e+00 -8.4001965240e-01 -6.8377402942e-01 -2.8836471069e+00  2.5047900476e-01 -2.0856411075e+00 -3.0345252785e+00 -1.5039271978e+00 -2.3218549326e+00  5.7372786949e-01 -7.9693856313e-01 -3.2843272465e+00 -7.9716966087e-01  2.5858955407e-01 -3.6828732654e+00 -9.3980937878e-01 -1.4999218337e+00 -3.8962695510e+00  1.5395322218e+00  1.9482609960e+00 -3.5395175904e-01  8.4278529806e-02  1.9833708529e+00  6.8796467190e-01  1.6803132692e+00  1.5551964514e+00  1.4031044489e+00 -7.1763133882e-01 -1.8049896820e+00 -1.4090093888e+00
ENERGY -7.103465528848e+02

JOB 8
COORDS -1.3696486782e-01 -1.3509213065e+00  1.0185750127e+00  2.3052066304e+00 -7.9602648927e-01 -4.0988668192e-02 -2.5336162604e+00 -5.7067366689e-01 -1.6860443339e+00 -5.8428376881e-01 -8.7015413842e-01 -3.2979151380e+00  9.5843891101e-01  1.5105858975e+00  5.5784341342e-01 -1.0426459685e+00 -8.5740082885e-01 -1.8409776037e+00 -3.0923407373e-01  1.8277100474e-01 -1.1504392696e+00  7.7301645604e-01 -2.7489351142e-01  1.6380135257e-01 -1.2012373342e+00 -1.1532976606e+00  1.0456683458e+00  3.6378104181e-01 -1.7918605775e+00  1.8702903826e+00  3.0464059584e+00 -5.6169777607e-02 -3.1851191873e-01  2.4287980349e+00 -1.8374790034e+00 -3.0840357992e-01 -2.8216056475e+00 -5.6793077209e-01 -6.3068003383e-01 -2.7812688954e+00  4.0700547744e-01 -2.1127295293e+00 -3.1269376630e+00 -1.3337167226e+00 -2.2019747364e+00  4.8835975524e-01 -1.0757890579e+00 -3.3578514378e+00 -7.7592999589e-01  1.0005960125e-01 -3.7684359359e+00 -1.1194149927e+00 -1.6409380296e+00 -3.8637948739e+00  1.4130088252e+00  2.0196542270e+00 -2.9372865739e-01 -4.3834732638e-02  1.8962110463e+00  7.3815263024e-01  1.5797340944e+00  1.5801605309e+00  1.4505878985e+00 -8.1047930205e-01 -1.8205085995e+00 -1.3731885714e+00
ENERGY -7.103450102280e+02

JOB 9
COORDS -9.8587094479e-02 -1.4308522394e+00  9.2908592442e-01  2.3876324309e+00 -7.3448405665e-01  8.1731448245e-02 -2.4733282349e+00 -4.5474002399e-01 -1.6309150305e+00 -6.7199422957e-01 -9.4410764801e-01 -3.3594049995e+00  8.7570511085e-01  1.4917653018e+00  5.6775410274e-01 -1.0246154295e+00 -8.7151365401e-01 -1.8749927666e+00 -1.4869197647e-01  1.0888959084e-01 -1.2708557605e+00  8.1739243283e-01 -2.9882985499e-01  1.5343085653e-01 -1.1706489371e+00 -1.2849270002e+00  8.9199153158e-01  3.6101868888e-01 -1.8349261293e+00  1.8215438922e+00  3.1049911075e+00  4.8505563028e-02 -1.3327876871e-01  2.5899505024e+00 -1.7626067645e+00 -1.8967652411e-01 -2.6923004564e+00 -3.9739759457e-01 -5.6041108004e-01 -2.6657907369e+00  5.2877845238e-01 -2.0723907089e+00 -3.1627774765e+00 -1.1773075782e+00 -2.0816286199e+00  3.7200168905e-01 -1.2434665415e+00 -3.4878056561e+00 -8.1160267925e-01  3.2265784740e-02 -3.8353211651e+00 -1.3106412403e+00 -1.6729137054e+00 -3.8707981544e+00  1.3573690843e+00  2.0307734796e+00 -2.4979724472e-01 -1.5691642728e-01  1.8190912121e+00  6.7843328062e-01  1.4296320320e+00  1.5915706931e+00  1.5011767321e+00 -8.3850195531e-01 -1.8448796440e+00 -1.4086165413e+00
ENERGY -7.103428789494e+02

JOB 10
COORDS -4.4939955045e-02 -1.5034172759e+00  8.7533535914e-01  2.4489081502e+00 -6.6733999518e-01  1.8446303273e-01 -2.3943814149e+00 -3.4292572438e-01 -1.5786513116e+00 -7.5355767282e-01 -1.0061099464e+00 -3.4027591642e+00  7.7665141999e-01  1.4648823654e+00  5.4737805567e-01 -1.0062261938e+00 -8.9451984197e-01 -1.9005909130e+00  2.6581690468e-03 -2.0138347567e-03 -1.3755253195e+00  8.5471361090e-01 -3.2848484521e-01  1.4330283412e-01 -1.1198378137e+00 -1.4148867137e+00  7.8650682302e-01  3.8380114958e-01 -1.8595441886e+00  1.8031752267e+00  3.1272084781e+00  1.5828577570e-01  5.3588177624e-03  2.7307040401e+00 -1.6805173607e+00 -7.2365758376e-02 -2.5457456703e+00 -2.5038941217e-01 -4.9868351232e-01 -2.5210234020e+00  6.4824978238e-01 -2.0268536646e+00 -3.1739347946e+00 -1.0036685774e+00 -1.9740473436e+00  2.4729229104e-01 -1.4042888284e+00 -3.5905410278e+00 -8.2927351068e-01 -2.3040541530e-02 -3.8791652335e+00 -1.4894975777e+00 -1.6728980634e+00 -3.8656206929e+00  1.2748027934e+00  2.0296540133e+00 -2.4240422420e-01 -2.8000986672e-01  1.7258504599e+00  5.8671113073e-01  1.2597231445e+00  1.6059357249e+00  1.5145078074e+00 -8.7873916988e-01 -1.8801253291e+00 -1.4402761738e+00
ENERGY -7.103407138727e+02

JOB 11
COORDS  1.5182422762e-02 -1.5705148555e+00  8.5080071542e-01  2.4896492667e+00 -5.9624104369e-01  2.6429856889e-01 -2.2992043118e+00 -2.4171071041e-01 -1.5221225885e+00 -8.2973132797e-01 -1.0473807942e+00 -3.4303991339e+00  6.7095579185e-01  1.4298210451e+00  4.9877979582e-01 -9.8852961346e-01 -9.2259960268e-01 -1.9167140367e+00  1.3928354728e-01 -1.4298644834e-01 -1.4606529075e+00  8.8314156763e-01 -3.6304053668e-01  1.3252652446e-01 -1.0573856337e+00 -1.5501266848e+00  7.1187223247e-01  4.1564205277e-01 -1.8671975013e+00  1.8118173839e+00  3.1208183028e+00  2.6842076672e-01  9.8145143775e-02  2.8478244728e+00 -1.5933087092e+00  4.1617127698e-02 -2.3888586470e+00 -1.4141380530e-01 -4.3563429409e-01 -2.3524026135e+00  7.5925533035e-01 -1.9634336111e+00 -3.1583519590e+00 -8.2193632577e-01 -1.8767165388e+00  1.1764740318e-01 -1.5361294291e+00 -3.6725735905e+00 -8.3959484620e-01 -5.8525062513e-02 -3.9004372664e+00 -1.6494320556e+00 -1.6400596754e+00 -3.8512433723e+00  1.1973643774e+00  2.0127182442e+00 -2.5892951158e-01 -3.9886835470e-01  1.6286727164e+00  4.4849381650e-01  1.0642226168e+00  1.6136683578e+00  1.4991485555e+00 -9.3007625429e-01 -1.9206976328e+00 -1.4693882651e+00
ENERGY -7.103390197327e+02

JOB 12
COORDS  7.1044742795e-02 -1.6398197749e+00  8.4798364162e-01  2.5085831617e+00 -5.3443831455e-01  3.3294415140e-01 -2.1988063298e+00 -1.4662488848e-01 -1.4742432982e+00 -8.8642779809e-01 -1.0562622876e+00 -3.4454028225e+00  5.6943363575e-01  1.3838327612e+00  4.3334688553e-01 -9.7573904411e-01 -9.4617407899e-01 -1.9250226107e+00  2.5427105714e-01 -3.0760109001e-01 -1.5152712645e+00  8.9997534478e-01 -4.0633620259e-01  1.2902058929e-01 -9.8890841970e-01 -1.7050760042e+00  6.4431336148e-01  4.2971175131e-01 -1.8677069336e+00  1.8438514915e+00  3.0926532452e+00  3.6341056584e-01  1.7162188299e-01  2.9353421449e+00 -1.5142358058e+00  1.6081077765e-01 -2.2621210233e+00 -8.0444801605e-02 -3.8334062961e-01 -2.1579825699e+00  8.6969211466e-01 -1.8806265608e+00 -3.1191851580e+00 -6.2295755388e-01 -1.8294709189e+00 -2.0603624363e-04 -1.6285920112e+00 -3.7312574962e+00 -8.1864865224e-01 -6.1958668689e-02 -3.8986395684e+00 -1.7746296446e+00 -1.5601037024e+00 -3.8420602746e+00  1.1075482324e+00  1.9762110965e+00 -3.0863028088e-01 -5.0442355211e-01  1.5251356456e+00  3.1888202229e-01  8.9223042373e-01  1.6141246289e+00  1.4494334716e+00 -1.0044193070e+00 -1.9553870514e+00 -1.4989878021e+00
ENERGY -7.103378831910e+02

JOB 13
COORDS  1.4337577979e-01 -1.7113006273e+00  8.6595441125e-01  2.5147471973e+00 -4.6997007289e-01  3.7133119971e-01 -2.1203699058e+00 -7.1642281205e-02 -1.4368298380e+00 -9.2947641870e-01 -1.0524876918e+00 -3.4465819463e+00  4.9049663504e-01  1.3445701130e+00  3.6321449591e-01 -9.8095274328e-01 -9.6758526976e-01 -1.9226959175e+00  3.2607781273e-01 -4.8276548922e-01 -1.5357774329e+00  9.0828568213e-01 -4.4474979196e-01  1.3098270409e-01 -8.9346845104e-01 -1.8718076101e+00  6.0117725653e-01  4.4414416643e-01 -1.8488966432e+00  1.8975933828e+00  3.0531459952e+00  4.5357718337e-01  1.9680952811e-01  2.9996217728e+00 -1.4307160894e+00  2.5629459054e-01 -2.1950251757e+00 -5.8613450264e-02 -3.4490406061e-01 -1.9815404662e+00  9.5460869816e-01 -1.7934165340e+00 -3.0759697077e+00 -4.4155954301e-01 -1.8238080760e+00 -1.0098101762e-01 -1.6922053012e+00 -3.7608796524e+00 -7.8423377833e-01 -5.7907581633e-02 -3.8804896528e+00 -1.8645303656e+00 -1.4703908737e+00 -3.8350961968e+00  1.0186249199e+00  1.9303071879e+00 -3.9111804470e-01 -5.8478857924e-01  1.4446698266e+00  2.3226302346e-01  7.8900014160e-01  1.6230924055e+00  1.3746359544e+00 -1.1068872889e+00 -1.9795394550e+00 -1.5194044469e+00
ENERGY -7.103366339896e+02

JOB 14
COORDS  6.6803025745e-01 -2.0968824565e+00  2.4021228813e-01  2.5462254283e+00 -1.1730831347e-01  2.4946398555e-01 -1.9006754609e+00  7.2426239578e-01 -2.2876500282e+00 -1.0560863618e+00 -1.6144458924e+00 -2.8231920060e+00  1.0976617701e-01  8.5128536459e-01  1.0042966602e+00 -1.1368615691e+00 -4.9827895605e-01 -1.7841388427e+00  2.0562885847e-01 -5.3406873945e-02 -1.4554563981e+00  9.7879136367e-01 -4.8598972865e-01  5.8946254894e-02 -2.9326368191e-01 -2.4459742983e+00 -1.1268836888e-01  1.0802963948e+00 -2.5177199120e+00  1.1496116284e+00  2.7920753163e+00  9.1741075475e-01  4.5520761669e-01  3.2545358253e+00 -7.8119629213e-01 -2.2866103212e-01 -1.9483005171e+00  1.4988865272e+00 -1.5161941168e+00 -1.3995705139e+00  1.1451559342e+00 -3.1648384610e+00 -2.9229688483e+00  4.4955408305e-01 -2.5703117244e+00 -4.6239645341e-01 -2.4511269227e+00 -2.4481734073e+00 -5.7829640255e-01 -1.2383316452e+00 -3.7334629714e+00 -2.0582766091e+00 -1.9760292208e+00 -3.0802945204e+00  3.9342302786e-01  1.8231388121e+00  5.9641643062e-01 -9.6025269305e-01  6.8613792894e-01  8.7535785293e-01  3.8989025627e-01  7.5459441706e-01  2.0542189397e+00 -1.6324175895e+00 -8.7504806257e-01 -8.7941503182e-01
ENERGY -7.103364188722e+02

JOB 15
COORDS  7.9860777182e-01 -2.1339473741e+00  2.5249315132e-01  2.5332413441e+00 -3.1703165551e-02  2.9904132271e-01 -1.7936945858e+00  7.7250821747e-01 -2.2373432021e+00 -1.1832701674e+00 -1.6255913653e+00 -2.8200457934e+00  2.3321053818e-02  8.1109488834e-01  9.1479572311e-01 -1.1128843239e+00 -5.1370182951e-01 -1.7754550610e+00  2.8571991844e-01 -2.1558202269e-01 -1.5215246370e+00  1.0046370917e+00 -5.0945409729e-01  4.8759415319e-02 -9.3544549452e-02 -2.5574702522e+00 -1.9135021754e-01  1.1489487445e+00 -2.5095822827e+00  1.2068766933e+00  2.7071754778e+00  1.0204200198e+00  4.9010804217e-01  3.3049605236e+00 -6.6737254094e-01 -1.1462084955e-01 -1.7389268847e+00  1.5465242101e+00 -1.4660757182e+00 -1.3010773996e+00  1.1528664125e+00 -3.1375093826e+00 -2.8484193375e+00  5.8876083222e-01 -2.4703534085e+00 -6.5528598681e-01 -2.5169195013e+00 -2.4722449202e+00 -7.1151977225e-01 -1.2931195312e+00 -3.7500476513e+00 -2.2249584264e+00 -1.8909569654e+00 -3.0329928887e+00  2.6652712888e-01  1.7820274836e+00  4.7932313664e-01 -1.0334240912e+00  5.8620286940e-01  7.7488280826e-01  2.8330486689e-01  7.6805535556e-01  1.9732171906e+00 -1.5901421918e+00 -8.6437171801e-01 -8.5067900555e-01
ENERGY -7.103361237277e+02

JOB 16
COORDS  9.3272297943e-01 -2.1699078440e+00  2.9345610111e-01  2.5013409842e+00  5.4195251699e-02  3.2347206313e-01 -1.6708032762e+00  8.2375927607e-01 -2.2266360155e+00 -1.3057987055e+00 -1.6173386428e+00 -2.8271596709e+00 -5.7037729412e-02  7.4755012340e-01  8.7177301601e-01 -1.1116161390e+00 -5.2421454843e-01 -1.7774879561e+00  3.1527619284e-01 -3.9679646843e-01 -1.5478681169e+00  1.0159229757e+00 -5.3988404464e-01  5.5464300412e-02  1.0019381255e-01 -2.6679435463e+00 -1.8907318827e-01  1.2738751939e+00 -2.5041158916e+00  1.2665720702e+00  2.5990436865e+00  1.1202798274e+00  4.9081006692e-01  3.3247207246e+00 -5.3625194273e-01 -5.6293867586e-02 -1.5364018594e+00  1.5893618577e+00 -1.4574400193e+00 -1.1538761941e+00  1.1564708602e+00 -3.1320091555e+00 -2.7408295884e+00  7.4277762881e-01 -2.4480804059e+00 -8.7987129636e-01 -2.5622668770e+00 -2.4796163200e+00 -8.0069730602e-01 -1.3380330760e+00 -3.7569999909e+00 -2.3705541609e+00 -1.7660760499e+00 -3.0392453866e+00  1.2455777203e-01  1.7159380223e+00  4.0211503542e-01 -1.0995883998e+00  4.5573927469e-01  7.5883300201e-01  2.1807044113e-01  7.5888309162e-01  1.9269002068e+00 -1.6093539029e+00 -8.4343863930e-01 -8.5223102088e-01
ENERGY -7.103346915139e+02

JOB 17
COORDS -5.1068361227e-01  3.2958032055e-01  1.3396653147e+00  1.4137541632e+00 -1.6012531282e+00  1.3355585676e+00 -1.6155211073e+00 -1.5483759598e+00 -2.8896499584e+00 -1.5433905734e+00  7.9582949549e-01 -1.9322670311e+00  1.8136228803e+00  1.6052594975e-01 -6.8306399123e-01 -8.0303692560e-01 -5.3140462854e-01 -2.0900636123e+00 -5.4314550931e-01 -1.1844957511e+00 -8.2581943084e-01  5.2770784902e-01 -5.6725161072e-01  4.4745783231e-01 -1.3902851321e+00  7.1508326582e-01  8.4775543237e-01 -1.2606724087e-01  7.2464007186e-01  2.2696481087e+00  2.3415119021e+00 -1.9652985482e+00  9.0906618943e-01  8.7267720615e-01 -2.1774276663e+00  2.0749200374e+00 -1.0651120968e+00 -2.4886350538e+00 -2.9792943851e+00 -2.5662083122e+00 -1.7512397895e+00 -2.3873503522e+00 -1.8234922029e+00 -1.1635691135e+00 -3.8940999117e+00 -9.5789436454e-01  1.5310295277e+00 -1.3720530230e+00 -2.4892969065e+00  6.4076964340e-01 -1.4034247321e+00 -1.7634581464e+00  1.2213945077e+00 -2.9174732669e+00  2.2029141017e+00 -6.0669860628e-01 -1.3560465025e+00  1.3509012674e+00  9.7160638326e-01 -1.2427474392e+00  2.5975235168e+00  5.5453997573e-01 -3.6018681723e-02  1.4627544827e-01 -3.6066164251e-01 -2.6154444164e+00
ENERGY -7.103333958178e+02

JOB 18
COORDS -4.9221223688e-01  2.7694115301e-01  1.4590855119e+00  1.4378310515e+00 -1.6393695593e+00  1.2641157814e+00 -1.6210815117e+00 -1.5784116791e+00 -2.8503419280e+00 -1.4930172516e+00  8.2299183074e-01 -2.0449714498e+00  1.7476957677e+00  2.2437409373e-01 -6.7013317057e-01 -8.0845475656e-01 -5.4368764000e-01 -2.0743483114e+00 -6.7184898165e-01 -1.0917388893e+00 -7.4541263329e-01  5.0584261949e-01 -5.6604328863e-01  4.7190092477e-01 -1.3765297010e+00  7.0558713417e-01  1.0104536815e+00 -5.9823125310e-02  6.3720800502e-01  2.3825826637e+00  2.3392308068e+00 -1.9852394311e+00  7.7120376106e-01  9.3382258367e-01 -2.2526675191e+00  2.0000289156e+00 -1.1076720938e+00 -2.5435805831e+00 -2.8490034894e+00 -2.6044048459e+00 -1.7100222599e+00 -2.3888578680e+00 -1.7608356783e+00 -1.2529848898e+00 -3.8871169630e+00 -9.2477501252e-01  1.5525461461e+00 -1.4593603501e+00 -2.4859246278e+00  7.3262884476e-01 -1.5929479796e+00 -1.6073848531e+00  1.2186395789e+00 -3.0603123548e+00  2.1611666167e+00 -5.1174847160e-01 -1.3631458570e+00  1.2567243366e+00  1.0341189727e+00 -1.2063581907e+00  2.5239141990e+00  6.2619688799e-01 -1.8794057722e-02  1.7703289947e-01 -4.5705079331e-01 -2.5490118885e+00
ENERGY -7.103329821009e+02

JOB 19
COORDS -4.2265519285e-01  2.5943416674e-01  1.5749474430e+00  1.4410653039e+00 -1.7001845929e+00  1.1672817454e+00 -1.6208847921e+00 -1.6159310459e+00 -2.7865894414e+00 -1.4629553707e+00  8.4734381627e-01 -2.1971412911e+00  1.6921963994e+00  2.9847409202e-01 -6.3488474955e-01 -8.2368021014e-01 -5.3492171169e-01 -2.0584536484e+00 -7.9202477462e-01 -9.3737848794e-01 -6.7395514851e-01  4.9048502558e-01 -5.5985333347e-01  4.9685524775e-01 -1.3319318796e+00  7.1476614094e-01  1.2124273832e+00  3.1291568017e-02  4.7524157440e-01  2.5314338245e+00  2.3134493456e+00 -2.0232004788e+00  6.1100449543e-01  9.6500933410e-01 -2.3544575663e+00  1.8865431348e+00 -1.1355248379e+00 -2.5887583247e+00 -2.6712698789e+00 -2.6309789293e+00 -1.6837980059e+00 -2.3712584593e+00 -1.6969189582e+00 -1.3816613021e+00 -3.8542495513e+00 -9.1772311406e-01  1.6052879385e+00 -1.6259568205e+00 -2.4893320882e+00  8.2048467349e-01 -1.8176832634e+00 -1.4873427861e+00  1.1624078942e+00 -3.2464209886e+00  2.1336109950e+00 -3.9742517247e-01 -1.3516800528e+00  1.1682345534e+00  1.1056751322e+00 -1.1426689895e+00  2.4553571985e+00  7.0836244051e-01  2.6771337099e-02  1.9054941496e-01 -5.2122020435e-01 -2.4757975799e+00
ENERGY -7.103325693699e+02

JOB 20
COORDS -3.1802560863e-01  2.7441732906e-01  1.6790218991e+00  1.4142052813e+00 -1.7706986553e+00  1.0323614636e+00 -1.6132846711e+00 -1.6545450549e+00 -2.6876590446e+00 -1.4333726793e+00  8.5889817565e-01 -2.3691748947e+00  1.6430560368e+00  3.8925648822e-01 -5.8103158242e-01 -8.3715330259e-01 -5.0938775463e-01 -2.0376975207e+00 -8.9098797200e-01 -7.3082725790e-01 -6.1444198680e-01  4.7589671745e-01 -5.4346727863e-01  5.1216735808e-01 -1.2706354958e+00  7.1285586207e-01  1.4253130564e+00  1.0458463205e-01  2.3362574366e-01  2.6717692390e+00  2.2526893776e+00 -2.0668174772e+00  4.1300119679e-01  9.5379167365e-01 -2.4691564505e+00  1.7198682840e+00 -1.1563739815e+00 -2.6148756269e+00 -2.4335534168e+00 -2.6469468355e+00 -1.6605831928e+00 -2.3281884116e+00 -1.6239234907e+00 -1.5442513272e+00 -3.7778437833e+00 -8.9384913001e-01  1.6659802959e+00 -1.8641357113e+00 -2.4763447277e+00  8.9813326879e-01 -2.0395082209e+00 -1.4019776224e+00  1.0473795682e+00 -3.4482503181e+00  2.0978041381e+00 -2.5129514886e-01 -1.3394196319e+00  1.0904135706e+00  1.2090094898e+00 -1.0362181096e+00  2.4006952860e+00  7.8274400377e-01  9.6616126093e-02  1.9903500836e-01 -5.5770735746e-01 -2.3937412423e+00
ENERGY -7.103331883313e+02

JOB 21
COORDS -2.4508570164e-01  2.4736040421e-01  1.7752910745e+00  1.3772080553e+00 -1.8175770693e+00  8.6894131652e-01 -1.6247697874e+00 -1.6837180686e+00 -2.5608150586e+00 -1.3713672585e+00  8.4486319759e-01 -2.5279634778e+00  1.5987955231e+00  5.0160349461e-01 -5.1741222037e-01 -8.3963373888e-01 -4.9206887829e-01 -2.0121336277e+00 -9.5325301247e-01 -5.2703725969e-01 -5.7621820935e-01  4.5764070357e-01 -5.1892060352e-01  5.1244597424e-01 -1.2207243869e+00  6.7738356496e-01  1.6043724678e+00  1.3982123492e-01 -1.2921659186e-02  2.7505872991e+00  2.1868139754e+00 -2.0688133955e+00  1.9412527043e-01  9.2612873140e-01 -2.5698405837e+00  1.5042147334e+00 -1.2130747342e+00 -2.6194663442e+00 -2.1726344693e+00 -2.6730916457e+00 -1.6169458294e+00 -2.2533660045e+00 -1.5834033927e+00 -1.7059451414e+00 -3.6556473154e+00 -8.1089061439e-01  1.6870272626e+00 -2.1113999015e+00 -2.4202893927e+00  9.6380497924e-01 -2.2389986293e+00 -1.3046768935e+00  8.9411079688e-01 -3.6206546907e+00  2.0522294624e+00 -7.0480160049e-02 -1.3289211550e+00  1.0225628827e+00  1.3422042466e+00 -9.0002178886e-01  2.3594709951e+00  8.5464896476e-01  1.7848918064e-01  2.0888519981e-01 -6.1058427566e-01 -2.3130260202e+00
ENERGY -7.103348455039e+02

JOB 22
COORDS -2.3709389797e-01  1.3938932909e-01  1.8628820975e+00  1.4108296534e+00 -1.7814927753e+00  6.7370425438e-01 -1.7568080106e+00 -1.6956342411e+00 -2.4224343877e+00 -1.1546712692e+00  7.5819009587e-01 -2.6800011951e+00  1.4929079716e+00  7.0467751573e-01 -4.3080672257e-01 -8.3150745597e-01 -5.6148957307e-01 -1.9796256567e+00 -9.8672255596e-01 -4.1752770830e-01 -5.5546209065e-01  4.4480568777e-01 -4.8005262546e-01  5.0771490453e-01 -1.2398713193e+00  5.2928588081e-01  1.7578582218e+00  1.4593812538e-01 -2.6597407615e-01  2.7886056740e+00  2.2239152115e+00 -1.9040243211e+00 -3.1846248332e-02  1.0058574174e+00 -2.6249016105e+00  1.2188580902e+00 -1.4883706658e+00 -2.6231123549e+00 -1.9094130238e+00 -2.7948176759e+00 -1.4534494334e+00 -2.1731860123e+00 -1.6865724110e+00 -1.8560681271e+00 -3.5040854080e+00 -4.7709378767e-01  1.5580879716e+00 -2.3700942146e+00 -2.1766857266e+00  1.0662511695e+00 -2.4381044993e+00 -1.0759243386e+00  6.4685472568e-01 -3.7672408170e+00  1.8192281557e+00  3.0759832115e-01 -1.3932739614e+00  8.8575334898e-01  1.5992067204e+00 -5.5749560567e-01  2.3458856528e+00  9.1634153630e-01  2.1382807057e-01  2.0031409470e-01 -8.6346877699e-01 -2.2111267220e+00
ENERGY -7.103371319920e+02

JOB 23
COORDS -3.3204298285e-01 -9.0569318673e-02  1.8952155904e+00  1.3815293747e+00 -1.7814574651e+00  5.4444874553e-01 -1.7823413588e+00 -1.6946489922e+00 -2.3406801062e+00 -1.0757230635e+00  7.1314216685e-01 -2.7499100658e+00  1.4590779394e+00  7.8403980302e-01 -3.7997653099e-01 -8.2439785356e-01 -5.6755286847e-01 -1.9550221897e+00 -1.0019184444e+00 -3.1191924071e-01 -5.4908897282e-01  4.1311208644e-01 -4.7453157514e-01  4.9636498980e-01 -1.2327072222e+00  5.0260820282e-01  1.8326283490e+00  2.4753064408e-01 -2.2904038858e-01  2.7955740573e+00  2.1974109693e+00 -1.8334822165e+00 -1.6623926513e-01  9.8568450710e-01 -2.6680473873e+00  1.0228182273e+00 -1.5608024341e+00 -2.5927925461e+00 -1.7578629031e+00 -2.8156876117e+00 -1.3980827989e+00 -2.1346676188e+00 -1.6936705695e+00 -1.9333274822e+00 -3.4063788022e+00 -3.7001507844e-01  1.5020478205e+00 -2.4762875211e+00 -2.0884280743e+00  1.0799935987e+00 -2.5554675998e+00 -9.7814760703e-01  5.2423322787e-01 -3.8247280114e+00  1.7589575045e+00  4.6002366257e-01 -1.3782974141e+00  8.4885924895e-01  1.6850035587e+00 -4.2986476111e-01  2.3321573495e+00  9.4632883861e-01  2.5301009824e-01  2.0085888117e-01 -9.2328095696e-01 -2.1363335475e+00
ENERGY -7.103396213478e+02

