JOB 0
COORDS  2.0369350854e+00 -1.2023002278e+00  2.3185345660e-02  9.8664772176e-01 -5.5289893345e-01  6.6631589524e-01  3.0895771770e+00 -1.7361898639e+00  7.6938283364e-01  9.8250179865e-01 -3.9214386841e-01  2.0588710591e+00  3.1339048376e+00 -1.5889374492e+00  2.1611071821e+00  2.0885404838e+00 -8.7300355473e-01  2.7834861242e+00 -1.5016867198e+00 -5.8257159063e-01  2.4636790122e+00 -4.1534570553e-01  1.7062774824e+00  2.3546400459e+00  3.6578331137e+00 -3.3536136543e+00  3.8792839697e+00  5.1136083681e+00 -1.2752127025e+00  3.7600423210e+00  2.4558406839e+00  6.3104299016e-01  4.5877855754e+00 -2.2420107429e-01  2.3026229150e-01  2.7484911602e+00  4.2541931747e+00 -2.2683648971e+00  2.9622363581e+00  5.1014873413e+00 -2.9077020128e+00  1.9807151310e+00  2.1300304990e+00 -6.9894765185e-01  4.1666985603e+00  2.0275132327e+00 -1.3180233102e+00 -1.0576861132e+00  1.4872744766e-01 -1.7862097805e-01  8.3292009156e-02  3.8863865287e+00 -2.2805346668e+00  2.7908973468e-01 -1.7654850801e+00 -5.6060038783e-01  1.4011104270e+00 -2.3481300064e+00 -1.7162319306e-01  3.0255729189e+00 -1.3716832407e+00 -1.6293734060e+00  2.7552170964e+00 -6.3237770653e-01  1.8037477510e+00  1.2853415945e+00  4.8305684425e-01  2.2969783227e+00  2.5616321592e+00 -1.2520530145e+00  2.1494221582e+00  2.9064957218e+00  3.2925417756e+00 -4.1774581399e+00  3.2588021192e+00  4.4193293966e+00 -3.7434421585e+00  4.5664314579e+00  2.8191172635e+00 -2.9684289386e+00  4.4609698793e+00  5.9949037615e+00 -1.7944140844e+00  4.1571458650e+00  4.5668197105e+00 -8.6353165155e-01  4.6076353113e+00  5.4588424026e+00 -4.6104439166e-01  3.1166766891e+00  2.6465869420e+00  5.7710561773e-01  5.6624415962e+00  1.6316655596e+00  1.3282518448e+00  4.4044167258e+00  3.3503222061e+00  9.9949481641e-01  4.0736825170e+00 -5.7405926279e-02  1.7886950665e-01  3.8266268947e+00  5.7854492091e+00 -3.3922409017e+00  2.4694804356e+00
ENERGY -6.579992201954e+02

JOB 1
COORDS  2.0162458821e+00 -1.2043155250e+00  1.2270936474e-02  9.7063533788e-01 -5.5178607122e-01  6.5959033586e-01  3.0708024713e+00 -1.7410713190e+00  7.5394251675e-01  9.7294199137e-01 -3.9221053750e-01  2.0523930362e+00  3.1216055751e+00 -1.5943231995e+00  2.1453777518e+00  2.0805900756e+00 -8.7590053680e-01  2.7724561482e+00 -1.5117612476e+00 -5.7180653693e-01  2.4611852577e+00 -4.1341021231e-01  1.7116512499e+00  2.3599676838e+00  3.6529799029e+00 -3.3564420239e+00  3.8749103231e+00  5.1100108250e+00 -1.2733116564e+00  3.7288955638e+00  2.4545542127e+00  6.2039476122e-01  4.5829168878e+00 -2.2942082459e-01  2.3290607392e-01  2.7470019821e+00  4.2455120623e+00 -2.2720853773e+00  2.9444627992e+00  5.0835674129e+00 -2.9130888399e+00  1.9554975334e+00  2.1282623023e+00 -7.0760330565e-01  4.1560142219e+00  2.0016764266e+00 -1.3204574137e+00 -1.0684972521e+00  1.3136522627e-01 -1.7485102784e-01  8.0210835000e-02  3.8639876796e+00 -2.2870778439e+00  2.5977495327e-01 -1.7781548380e+00 -5.4313819354e-01  1.3994335251e+00 -2.3546623140e+00 -1.5925149191e-01  3.0272047667e+00 -1.3866047490e+00 -1.6207401585e+00  2.7471462959e+00 -6.3130248275e-01  1.8147587640e+00  1.2913655702e+00  4.8843427092e-01  2.2966087461e+00  2.5682728442e+00 -1.2470102008e+00  2.1568305412e+00  2.9149023784e+00  3.5100173487e+00 -4.2691136729e+00  3.2879234922e+00  4.3254466760e+00 -3.5788113814e+00  4.7114846774e+00  2.6764722712e+00 -3.0693084990e+00  4.2656882407e+00  5.9958282832e+00 -1.7892354818e+00  4.1205719112e+00  4.5694970367e+00 -8.6111525909e-01  4.5801822149e+00  5.4471471597e+00 -4.6036016875e-01  3.0796883363e+00  2.6594278444e+00  5.5915152707e-01  5.6545882982e+00  1.6256133588e+00  1.3160357845e+00  4.4157701820e+00  3.3408409699e+00  9.9632867345e-01  4.0601350781e+00 -6.0884581620e-02  1.7579796633e-01  3.8245616409e+00  5.7844298522e+00 -3.3805682351e+00  2.4371600179e+00
ENERGY -6.579972230074e+02

JOB 2
COORDS  1.9878496506e+00 -1.1937488745e+00 -1.6353585011e-02  9.4701032220e-01 -5.4293978058e-01  6.4039591514e-01  3.0422966511e+00 -1.7425202976e+00  7.1698857089e-01  9.5280237223e-01 -3.9722061489e-01  2.0349597340e+00  3.0957319831e+00 -1.6097046184e+00  2.1092560987e+00  2.0604957524e+00 -8.9244507218e-01  2.7465884999e+00 -1.5353716106e+00 -5.5852324755e-01  2.4358700569e+00 -4.1224067309e-01  1.7142218369e+00  2.3792584643e+00  3.6388217259e+00 -3.3419618494e+00  3.8860876489e+00  5.1152913196e+00 -1.2758962097e+00  3.6364954363e+00  2.4365832082e+00  5.8139849119e-01  4.5773007638e+00 -2.4485512455e-01  2.2651505878e-01  2.7387539915e+00  4.2211571348e+00 -2.2887001221e+00  2.9033754229e+00  5.0329007274e+00 -2.9628059957e+00  1.9139205642e+00  2.1177871767e+00 -7.4210662602e-01  4.1316179264e+00  1.9692934557e+00 -1.2993663514e+00 -1.0981398755e+00  1.0808616254e-01 -1.5655897758e-01  6.6799369825e-02  3.8316809663e+00 -2.2880501167e+00  2.1607500676e-01 -1.8012680753e+00 -5.0532165423e-01  1.3749765317e+00 -2.3740454382e+00 -1.4853447624e-01  3.0099502299e+00 -1.4217057508e+00 -1.6143568905e+00  2.7004241804e+00 -6.2540043120e-01  1.8389964567e+00  1.3119961655e+00  4.9501980905e-01  2.2856368956e+00  2.6010163524e+00 -1.2429700037e+00  2.1578228421e+00  2.9397669872e+00  3.7241696360e+00 -4.3292414964e+00  3.4216420598e+00  4.1808491916e+00 -3.3541479200e+00  4.8372704592e+00  2.5806790626e+00 -3.1779827455e+00  4.0890359195e+00  5.9953108504e+00 -1.7923660309e+00  4.0410522530e+00  4.5936559263e+00 -8.1719635892e-01  4.4755476303e+00  5.4594752489e+00 -4.9777097030e-01  2.9494153304e+00  2.6796070471e+00  4.9986281305e-01  5.6396567057e+00  1.5910622388e+00  1.2663851381e+00  4.4554535502e+00  3.2976190853e+00  9.8479186859e-01  4.0330951827e+00 -7.9023657431e-02  1.4691059051e-01  3.8153661078e+00  5.7551380512e+00 -3.4018564425e+00  2.3905296399e+00
ENERGY -6.579949946061e+02

JOB 3
COORDS  1.9491067785e+00 -1.1788846140e+00 -4.9943120920e-02  9.1110381366e-01 -5.3384158511e-01  6.1726661088e-01  3.0028646839e+00 -1.7411696523e+00  6.7442240228e-01  9.1730633648e-01 -4.0816010575e-01  2.0140920479e+00  3.0554541350e+00 -1.6273240773e+00  2.0678806712e+00  2.0238994705e+00 -9.1686010569e-01  2.7172530259e+00 -1.5763871028e+00 -5.4706480473e-01  2.3974000803e+00 -4.2143262759e-01  1.7102801633e+00  2.4082372626e+00  3.6186977367e+00 -3.3055943610e+00  3.9074172987e+00  5.1181631746e+00 -1.2777598955e+00  3.5148623426e+00  2.3943985441e+00  5.2610994664e-01  4.5772605855e+00 -2.7665758879e-01  2.1105571398e-01  2.7277734153e+00  4.1826955069e+00 -2.3058693385e+00  2.8549955498e+00  4.9592259228e+00 -3.0319588749e+00  1.8740573878e+00  2.0893808208e+00 -7.9086681776e-01  4.1040242352e+00  1.9285795020e+00 -1.2691869719e+00 -1.1330747584e+00  7.3346518970e-02 -1.3636256658e-01  4.9619041490e-02  3.7904368365e+00 -2.2833780632e+00  1.6664457199e-01 -1.8384962787e+00 -4.5861035428e-01  1.3379611882e+00 -2.4112650746e+00 -1.4278790869e-01  2.9809397780e+00 -1.4781162388e+00 -1.6117537943e+00  2.6307553678e+00 -6.2448206818e-01  1.8662110552e+00  1.3430764604e+00  4.9174267204e-01  2.2629078998e+00  2.6520118220e+00 -1.2504579861e+00  2.1499030426e+00  2.9744199782e+00  3.9338613976e+00 -4.3188026550e+00  3.6408118356e+00  3.9826573271e+00 -3.0798753619e+00  4.9137777119e+00  2.5291258919e+00 -3.2983768122e+00  3.9431409304e+00  5.9780565814e+00 -1.7958358434e+00  3.9594202049e+00  4.6177167552e+00 -7.3453822520e-01  4.3155284285e+00  5.4897626103e+00 -5.6809165097e-01  2.7703219086e+00  2.6994450628e+00  4.1740344085e-01  5.6211229909e+00  1.5235702469e+00  1.1881528982e+00  4.5272038982e+00  3.2108476598e+00  9.7455132242e-01  4.0004646741e+00 -1.1763477784e-01  9.9528163656e-02  3.8026789298e+00  5.6989282661e+00 -3.4441911312e+00  2.3472192637e+00
ENERGY -6.579939696131e+02

JOB 4
COORDS  1.9297528566e+00 -1.1525498715e+00 -5.5735706369e-02  8.8910656616e-01 -5.1371593759e-01  6.1355998121e-01  2.9784895778e+00 -1.7247192469e+00  6.6808675265e-01  8.8763608867e-01 -4.0372494897e-01  2.0117590322e+00  3.0231939219e+00 -1.6260217849e+00  2.0629338867e+00  1.9900349130e+00 -9.2131477176e-01  2.7151538512e+00 -1.6073984080e+00 -5.4979792677e-01  2.3810405794e+00 -4.5593110105e-01  1.7090879739e+00  2.4208845468e+00  3.5912952063e+00 -3.2684455315e+00  3.9375718988e+00  5.1143721071e+00 -1.2833106557e+00  3.4639554879e+00  2.3512332121e+00  5.0252117671e-01  4.5923479159e+00 -3.1053961894e-01  2.0691356086e-01  2.7257405401e+00  4.1470702863e+00 -2.3103300244e+00  2.8469123296e+00  4.8989555918e+00 -3.0754704843e+00  1.8766782222e+00  2.0514628256e+00 -8.0961933925e-01  4.1031447648e+00  1.9146872129e+00 -1.2305794013e+00 -1.1398990065e+00  5.4699501730e-02 -1.0915329034e-01  4.5972906291e-02  3.7674139260e+00 -2.2641449228e+00  1.5922026283e-01 -1.8631098900e+00 -4.5246868251e-01  1.3208169215e+00 -2.4462829787e+00 -1.5158078140e-01  2.9630026259e+00 -1.5091770404e+00 -1.6163422465e+00  2.6057469795e+00 -6.5412490755e-01  1.8757891401e+00  1.3564424570e+00  4.5526489883e-01  2.2604310472e+00  2.6747991344e+00 -1.2883063279e+00  2.1416758058e+00  2.9875555644e+00  4.1118237692e+00 -4.2296204869e+00  3.8844657864e+00  3.7303893469e+00 -2.8525539548e+00  4.9382344124e+00  2.5211873056e+00 -3.4464980749e+00  3.8186048172e+00  5.9501893272e+00 -1.8067508007e+00  3.9467364152e+00  4.6274475953e+00 -6.7621339951e-01  4.2264975588e+00  5.5185124449e+00 -6.3049427115e-01  2.6851911071e+00  2.6567992632e+00  3.8227318513e-01  5.6347995929e+00  1.4781477644e+00  1.1621756443e+00  4.5503399378e+00  3.1657260698e+00  9.6172122306e-01  4.0211594688e+00 -1.5689560067e-01  8.4622798996e-02  3.8002487031e+00  5.6302346744e+00 -3.4969590871e+00  2.3541931854e+00
ENERGY -6.579946808065e+02

JOB 5
COORDS  1.9055707518e+00 -1.1495507899e+00 -5.0010036096e-02  8.6573097652e-01 -5.0935267507e-01  6.1903847328e-01  2.9558396091e+00 -1.7187493992e+00  6.7360813480e-01  8.6857518114e-01 -3.9305034228e-01  2.0165237359e+00  3.0052441069e+00 -1.6148387367e+00  2.0682091904e+00  1.9733645288e+00 -9.0683459801e-01  2.7196160019e+00 -1.6207408454e+00 -5.5898676711e-01  2.4071904948e+00 -4.9415741311e-01  1.7128101646e+00  2.4034089177e+00  3.5619932497e+00 -3.2938362358e+00  3.9007022118e+00  5.0865244878e+00 -1.3022220295e+00  3.5032962973e+00  2.3471971523e+00  5.3602151349e-01  4.5762650414e+00 -3.2988604519e-01  2.1735830778e-01  2.7305927049e+00  4.1260600450e+00 -2.3108343866e+00  2.8461851025e+00  4.8907924742e+00 -3.0536036393e+00  1.8691884390e+00  2.0356560522e+00 -7.8069086376e-01  4.1065661904e+00  1.8885408202e+00 -1.2316400626e+00 -1.1338355171e+00  2.9050290337e-02 -1.0847732290e-01  5.2157225512e-02  3.7430669249e+00 -2.2603269111e+00  1.6453164415e-01 -1.8828885131e+00 -4.8348064150e-01  1.3467326211e+00 -2.4606462889e+00 -1.5934439877e-01  2.9867339142e+00 -1.5097656895e+00 -1.6202062174e+00  2.6504219122e+00 -7.0439693019e-01  1.8611857658e+00  1.3385933424e+00  4.1333924109e-01  2.2778959274e+00  2.6399301972e+00 -1.3257342719e+00  2.1452659184e+00  2.9713018198e+00  4.2458964079e+00 -4.1392384230e+00  4.0312207889e+00  3.4340375213e+00 -2.7988262723e+00  4.8651996738e+00  2.5783558417e+00 -3.6695395865e+00  3.6090356284e+00  5.9179339350e+00 -1.8401651649e+00  3.9773854722e+00  4.5933343142e+00 -7.1705449755e-01  4.2786073874e+00  5.4991385872e+00 -6.2792850652e-01  2.7476644544e+00  2.6122097724e+00  4.3334386303e-01  5.6315626539e+00  1.4918511619e+00  1.2138041391e+00  4.4870487280e+00  3.1921803194e+00  9.6323875749e-01  4.0248037902e+00 -1.6737655683e-01  1.1369246348e-01  3.8056689952e+00  5.5974028819e+00 -3.5101962884e+00  2.3511743044e+00
ENERGY -6.579965110060e+02

JOB 6
COORDS  1.9056184954e+00 -1.1699431233e+00 -3.1521638225e-02  8.7050472062e-01 -5.2183587195e-01  6.3721533358e-01  2.9655322564e+00 -1.7221038223e+00  6.9080000284e-01  8.8869382323e-01 -3.8060952297e-01  2.0319993694e+00  3.0314441324e+00 -1.5930004802e+00  2.0830748658e+00  2.0020579211e+00 -8.7932143266e-01  2.7329519753e+00 -1.5940229014e+00 -5.4880885979e-01  2.4603881921e+00 -4.7880860727e-01  1.7275464192e+00  2.3890143102e+00  3.5734002548e+00 -3.3428418300e+00  3.8237371781e+00  5.0673653467e+00 -1.3063720563e+00  3.6079071924e+00  2.3995019102e+00  5.9823230394e-01  4.5537034560e+00 -3.0281682452e-01  2.4081195284e-01  2.7482957421e+00  4.1543488308e+00 -2.2917128670e+00  2.8569439816e+00  4.9697807430e+00 -2.9629533914e+00  1.8697526789e+00  2.0700615546e+00 -7.2604635274e-01  4.1173560573e+00  1.8780578228e+00 -1.2706703845e+00 -1.1135695022e+00  2.6507133069e-02 -1.3341686232e-01  7.2512187675e-02  3.7504310565e+00 -2.2673399938e+00  1.8224234574e-01 -1.8708287881e+00 -4.9876363876e-01  1.4021216397e+00 -2.4280245363e+00 -1.4013727081e-01  3.0421617819e+00 -1.4742920165e+00 -1.6036556964e+00  2.7261776769e+00 -7.0499030268e-01  1.8507705039e+00  1.3242644954e+00  4.2920591547e-01  2.3020047639e+00  2.5995543876e+00 -1.3042314288e+00  2.1691794787e+00  2.9588072186e+00  4.3556772096e+00 -4.0430325421e+00  4.1401687215e+00  3.1601723732e+00 -2.8607322508e+00  4.7119220023e+00  2.7615445318e+00 -3.8975660453e+00  3.3458890163e+00  5.9097523562e+00 -1.8536115836e+00  4.0501754828e+00  4.5436325040e+00 -8.0234832819e-01  4.4186586375e+00  5.4701941797e+00 -5.6199534970e-01  2.9153678125e+00  2.6509472724e+00  5.2115217780e-01  5.6144765853e+00  1.5562202977e+00  1.2865885769e+00  4.4351460167e+00  3.2581216816e+00  9.9419501323e-01  4.0002027826e+00 -1.2496049101e-01  1.6301628261e-01  3.8231070536e+00  5.6496114143e+00 -3.4567751937e+00  2.3536875400e+00
ENERGY -6.579986172859e+02

JOB 7
COORDS  1.8308960482e+00 -1.1993770867e+00 -6.6813675705e-02  8.0792672962e-01 -5.4345804639e-01  6.1277553109e-01  2.8969031665e+00 -1.7550091362e+00  6.4364850280e-01  8.4599276958e-01 -3.9721062533e-01  2.0064842841e+00  2.9825715827e+00 -1.6221834304e+00  2.0348220890e+00  1.9656909487e+00 -8.9941218956e-01  2.6949098027e+00 -1.6255650945e+00 -5.7000788705e-01  2.4859508320e+00 -5.2462456904e-01  1.7110869904e+00  2.3574859296e+00  3.5235047442e+00 -3.4070023067e+00  3.7253362999e+00  5.0152958595e+00 -1.3623076139e+00  3.5768934891e+00  2.4046178027e+00  5.8575131344e-01  4.4974725606e+00 -3.3355856630e-01  2.3120359683e-01  2.7363820602e+00  4.1107040995e+00 -2.3302303517e+00  2.7957488381e+00  4.9243817304e+00 -2.9781767877e+00  1.7922868126e+00  2.0502216512e+00 -7.3740001049e-01  4.0776397430e+00  1.7890865995e+00 -1.3035908038e+00 -1.1480789297e+00 -4.1528657088e-02 -1.5258156587e-01  5.7990449988e-02  3.6720254338e+00 -2.3055774427e+00  1.2608437027e-01 -1.9184694933e+00 -5.4378708287e-01  1.4311379575e+00 -2.4524171293e+00 -1.5296544943e-01  3.0720110516e+00 -1.4963209481e+00 -1.6184147959e+00  2.7720106015e+00 -7.7388706007e-01  1.8173913612e+00  1.2961014608e+00  3.8459107936e-01  2.2932025068e+00  2.5402709431e+00 -1.3401542071e+00  2.1573230925e+00  2.9377802319e+00  4.3322319186e+00 -3.9695534132e+00  4.2096569955e+00  2.9044571267e+00 -2.9566903622e+00  4.5034317121e+00  2.9097182165e+00 -4.1023891509e+00  3.1461551447e+00  5.8846166100e+00 -1.9088719103e+00  3.9635466475e+00  4.4979003294e+00 -9.2417262885e-01  4.4293252918e+00  5.3785168926e+00 -5.6616978488e-01  2.9210024837e+00  2.6153283038e+00  5.2446157693e-01  5.5680038199e+00  1.5882159627e+00  1.2965611832e+00  4.3327379079e+00  3.2945450520e+00  9.4258398048e-01  3.9673270548e+00 -1.3462875760e-01  1.7186483386e-01  3.8086181688e+00  5.5969627585e+00 -3.4941784593e+00  2.2636822718e+00
ENERGY -6.579997964759e+02

JOB 8
COORDS  1.8597259060e+00 -1.2073359249e+00 -4.0190247482e-02  8.3600293472e-01 -5.4731792278e-01  6.3425778717e-01  2.9227080358e+00 -1.7626608720e+00  6.7509978227e-01  8.6932952558e-01 -3.9725622819e-01  2.0276477243e+00  3.0041692904e+00 -1.6266896356e+00  2.0662630500e+00  1.9858569783e+00 -9.0026072655e-01  2.7203452352e+00 -1.6061479268e+00 -5.5471566442e-01  2.4947175003e+00 -4.8962694755e-01  1.7190092058e+00  2.3736362509e+00  3.5415900619e+00 -3.4106867330e+00  3.7600708558e+00  5.0281241865e+00 -1.3563296855e+00  3.6166768912e+00  2.4211250090e+00  5.8424691336e-01  4.5254896321e+00 -3.1009137535e-01  2.3756770725e-01  2.7522483122e+00  4.1326391111e+00 -2.3298380653e+00  2.8346303915e+00  4.9435414897e+00 -2.9777075087e+00  1.8287669591e+00  2.0650934205e+00 -7.3764583065e-01  4.1033863697e+00  1.8211753473e+00 -1.3145093660e+00 -1.1213017378e+00 -1.0606126975e-02 -1.5606477675e-01  7.5433902178e-02  3.6985829381e+00 -2.3151422593e+00  1.6085537801e-01 -1.8963409716e+00 -5.2167506146e-01  1.4393398213e+00 -2.4320134520e+00 -1.3541266588e-01  3.0805579054e+00 -1.4841151629e+00 -1.6052522227e+00  2.7760836841e+00 -7.3263548535e-01  1.8274303301e+00  1.3110015482e+00  4.2238203045e-01  2.2950988669e+00  2.5614561342e+00 -1.3052707853e+00  2.1702069879e+00  2.9499598019e+00  4.3276717675e+00 -3.8146486946e+00  4.4125444010e+00  2.7488197115e+00 -3.0117874118e+00  4.3939269268e+00  3.1578154497e+00 -4.2350597617e+00  3.1526771280e+00  5.9104099446e+00 -1.8924759779e+00  3.9881987964e+00  4.5099538064e+00 -9.4092993892e-01  4.4802804433e+00  5.3703400167e+00 -5.4383619450e-01  2.9696056071e+00  2.6368227899e+00  5.1982637714e-01  5.5948454789e+00  1.6034593767e+00  1.2950422792e+00  4.3667768047e+00  3.3084546319e+00  9.4291330997e-01  3.9923980162e+00 -1.1658662584e-01  1.7598434983e-01  3.8253824607e+00  5.6333441023e+00 -3.4737808846e+00  2.2973757627e+00
ENERGY -6.579992798902e+02

JOB 9
COORDS  1.8412840454e+00 -1.2013080474e+00 -5.2403211468e-02  8.2210761634e-01 -5.3901193164e-01  6.2645795538e-01  2.9038525428e+00 -1.7635249018e+00  6.5837838422e-01  8.6033835513e-01 -3.9462668053e-01  2.0204258911e+00  2.9897965410e+00 -1.6330109972e+00  2.0496567238e+00  1.9766575347e+00 -9.0375977616e-01  2.7087353963e+00 -1.6145440661e+00 -5.4629050988e-01  2.4917105974e+00 -4.9102286218e-01  1.7244268707e+00  2.3786401093e+00  3.5323183039e+00 -3.4122996893e+00  3.7597191463e+00  5.0257730897e+00 -1.3578711957e+00  3.5778363520e+00  2.4184851725e+00  5.6967126461e-01  4.5223981298e+00 -3.1549701586e-01  2.4075144319e-01  2.7502278725e+00  4.1205374826e+00 -2.3374018679e+00  2.8157617545e+00  4.9162742353e+00 -2.9936277880e+00  1.8026539675e+00  2.0613468026e+00 -7.4929106961e-01  4.0923857866e+00  1.7993009341e+00 -1.3052818550e+00 -1.1336982764e+00 -2.4501247710e-02 -1.4246709040e-01  7.1334413872e-02  3.6755414830e+00 -2.3177372691e+00  1.3984687879e-01 -1.9063917049e+00 -5.0802170579e-01  1.4369729860e+00 -2.4380515627e+00 -1.2673669615e-01  3.0806878955e+00 -1.4954199275e+00 -1.5983698056e+00  2.7685255286e+00 -7.3568654387e-01  1.8383604940e+00  1.3169644186e+00  4.2323268104e-01  2.2966871450e+00  2.5672860193e+00 -1.3040967677e+00  2.1756738004e+00  2.9585490790e+00  4.2439561556e+00 -3.6354023546e+00  4.5658252054e+00  2.5981429268e+00 -3.0951619794e+00  4.2222595986e+00  3.3847723571e+00 -4.3379706588e+00  3.1966169685e+00  5.9134266277e+00 -1.8908813016e+00  3.9413849930e+00  4.5179900719e+00 -9.3957392568e-01  4.4462532962e+00  5.3575031246e+00 -5.4812610080e-01  2.9218991990e+00  2.6361740485e+00  4.9804483556e-01  5.5908774203e+00  1.6011223351e+00  1.2821223411e+00  4.3699654330e+00  3.3048528801e+00  9.3172439747e-01  3.9899543254e+00 -1.2025151826e-01  1.7368333140e-01  3.8226974516e+00  5.6236635037e+00 -3.4725654261e+00  2.2631439573e+00
ENERGY -6.579972683399e+02

JOB 10
COORDS  1.8779595897e+00 -1.1878501983e+00 -3.1769456519e-02  8.5491251612e-01 -5.2832804488e-01  6.4403485361e-01  2.9335446664e+00 -1.7583304600e+00  6.8318094285e-01  8.8075943631e-01 -3.9493862612e-01  2.0396258081e+00  3.0064861137e+00 -1.6388527566e+00  2.0757242391e+00  1.9905400790e+00 -9.1168188759e-01  2.7323028244e+00 -1.6025222163e+00 -5.3202246046e-01  2.4752647548e+00 -4.5632553196e-01  1.7292442773e+00  2.4168003445e+00  3.5515129321e+00 -3.3805996219e+00  3.8453203491e+00  5.0592632191e+00 -1.3404410491e+00  3.5617183938e+00  2.4098866201e+00  5.4448168927e-01  4.5678054344e+00 -2.9959072828e-01  2.3763318910e-01  2.7644904222e+00  4.1332129486e+00 -2.3390807574e+00  2.8495985930e+00  4.9126648019e+00 -3.0298906204e+00  1.8457697610e+00  2.0696934046e+00 -7.7201248361e-01  4.1175218997e+00  1.8441644501e+00 -1.2834081375e+00 -1.1141272472e+00  1.4127656455e-02 -1.2533149027e-01  8.4767387736e-02  3.7081239718e+00 -2.3113433569e+00  1.6752186594e-01 -1.8820636300e+00 -4.7039572266e-01  1.4183454019e+00 -2.4288871608e+00 -1.1619415044e-01  3.0628487484e+00 -1.4965017101e+00 -1.5903872699e+00  2.7327641060e+00 -6.8410805479e-01  1.8632447040e+00  1.3536939198e+00  4.6022718068e-01  2.2895639717e+00  2.6285120189e+00 -1.2737807215e+00  2.1780391243e+00  2.9924692668e+00  4.1208445854e+00 -3.3815124664e+00  4.7822428886e+00  2.5096666442e+00 -3.1873365591e+00  4.0973790354e+00  3.6407902978e+00 -4.3785493841e+00  3.4071250653e+00  5.9325316704e+00 -1.8724168066e+00  3.9608577202e+00  4.5587302464e+00 -8.6172661182e-01  4.4025059791e+00  5.4112056285e+00 -5.7691958694e-01  2.8622837184e+00  2.6623332482e+00  4.5317972128e-01  5.6271444575e+00  1.5723534022e+00  1.2412293577e+00  4.4583092025e+00  3.2706025985e+00  9.4007417962e-01  4.0172774347e+00 -1.1939853849e-01  1.4946846345e-01  3.8381319584e+00  5.6419486659e+00 -3.4729137377e+00  2.3077863624e+00
ENERGY -6.579949653385e+02

JOB 11
COORDS  1.9664397475e+00 -1.1770293679e+00 -1.3016888023e-02  9.4378893278e-01 -5.1956515903e-01  6.6568701545e-01  3.0166711546e+00 -1.7599799885e+00  7.0002566791e-01  9.6245368864e-01 -4.0185602484e-01  2.0630878546e+00  3.0816139902e+00 -1.6548050793e+00  2.0936151353e+00  2.0664145658e+00 -9.3171107502e-01  2.7547559676e+00 -1.5300217322e+00 -5.0524975690e-01  2.4647780449e+00 -3.4115352121e-01  1.7343809969e+00  2.4787966118e+00  3.6332526502e+00 -3.3485847002e+00  3.9230694415e+00  5.1630108970e+00 -1.3452645967e+00  3.5224639769e+00  2.4738803043e+00  4.9503326779e-01  4.6197068549e+00 -2.1654652113e-01  2.3143932128e-01  2.7892269443e+00  4.2039907477e+00 -2.3552499542e+00  2.8682513051e+00  4.9594576773e+00 -3.0911829511e+00  1.8781510221e+00  2.1448905508e+00 -8.1441406947e-01  4.1416181066e+00  1.9362124101e+00 -1.2608740536e+00 -1.0964368362e+00  1.0806267891e-01 -1.0590601343e-01  1.0666971824e-01  3.7916337293e+00 -2.3118094055e+00  1.8326317576e-01 -1.7986897877e+00 -4.0718948415e-01  1.4078293208e+00 -2.3543067751e+00 -9.1593649941e-02  3.0567462975e+00 -1.4460609324e+00 -1.5725294068e+00  2.6917960635e+00 -5.4997500256e-01  1.8991504330e+00  1.4160852502e+00  5.8207901804e-01  2.2718983655e+00  2.7184436188e+00 -1.1591077428e+00  2.1833218832e+00  3.0537016660e+00  3.9985256133e+00 -3.1219317728e+00  4.9286781196e+00  2.5437598060e+00 -3.3328020599e+00  3.9598326967e+00  3.9418988200e+00 -4.3647850376e+00  3.6602652460e+00  6.0171416918e+00 -1.8793693701e+00  3.9591161767e+00  4.6789103594e+00 -7.9465004447e-01  4.3281126995e+00  5.5410708811e+00 -6.4091418563e-01  2.7761350822e+00  2.7843026866e+00  3.7584776295e-01  5.6608341748e+00  1.6134022565e+00  1.1710850583e+00  4.5792248532e+00  3.2933457093e+00  9.3371692435e-01  4.0396874366e+00 -5.1144187937e-02  1.1165911965e-01  3.8622666326e+00  5.6964990982e+00 -3.5169783750e+00  2.3433643150e+00
ENERGY -6.579939655384e+02

JOB 12
COORDS  1.9713010439e+00 -1.1555107382e+00 -2.3510865516e-02  9.4923893402e-01 -5.0298880264e-01  6.6106144865e-01  3.0197797326e+00 -1.7476194373e+00  6.8458783430e-01  9.6743562440e-01 -3.9973534594e-01  2.0597012074e+00  3.0837087050e+00 -1.6561750949e+00  2.0791008040e+00  2.0697874228e+00 -9.3848869538e-01  2.7469981192e+00 -1.5251091065e+00 -5.0515765851e-01  2.4591895860e+00 -3.3445039674e-01  1.7333866543e+00  2.4967489927e+00  3.6461262151e+00 -3.3180126893e+00  3.9374406884e+00  5.1953016868e+00 -1.3553833768e+00  3.4594447931e+00  2.4766038297e+00  4.6998101700e-01  4.6260337257e+00 -2.1123041145e-01  2.2724691962e-01  2.7917027816e+00  4.2050727546e+00 -2.3627281089e+00  2.8462438317e+00  4.9331331215e+00 -3.1344475845e+00  1.8635640740e+00  2.1497623577e+00 -8.3478023109e-01  4.1345268405e+00  1.9416354001e+00 -1.2283752609e+00 -1.1077320761e+00  1.1454607485e-01 -8.2324758900e-02  1.0571315728e-01  3.7937098791e+00 -2.2969976042e+00  1.6345424665e-01 -1.7926739015e+00 -3.9700209612e-01  1.4029490877e+00 -2.3495523333e+00 -9.6258802351e-02  3.0542294419e+00 -1.4423066512e+00 -1.5745705750e+00  2.6763448525e+00 -5.4260775584e-01  1.9093651027e+00  1.4357067270e+00  5.8910742076e-01  2.2675957651e+00  2.7424869341e+00 -1.1523328155e+00  2.1770227556e+00  3.0758512001e+00  3.7803793231e+00 -2.9164030782e+00  4.9433579446e+00  2.5799552608e+00 -3.5068592065e+00  3.7955784300e+00  4.1474094611e+00 -4.2883572824e+00  3.8599669892e+00  6.0267323403e+00 -1.8955073761e+00  3.9313305504e+00  4.7260140217e+00 -7.4448407064e-01  4.2299811579e+00  5.6029831278e+00 -7.0506356495e-01  2.6804346001e+00  2.7951747463e+00  3.3957201041e-01  5.6633696749e+00  1.6131054461e+00  1.1429808917e+00  4.5999735603e+00  3.2898056476e+00  9.1969580529e-01  4.0455074963e+00 -4.6356550737e-02  9.6367537272e-02  3.8635545873e+00  5.6652590344e+00 -3.5668527764e+00  2.3299022862e+00
ENERGY -6.579947757106e+02

JOB 13
COORDS  1.9992819705e+00 -1.1363477676e+00  8.9972493486e-03  9.7408101398e-01 -4.8303266020e-01  6.8789481863e-01  3.0463068835e+00 -1.7234204464e+00  7.2301310283e-01  9.8922751455e-01 -3.7185099966e-01  2.0857417507e+00  3.1074292292e+00 -1.6249457277e+00  2.1175732215e+00  2.0910560384e+00 -9.0442408568e-01  2.7793556442e+00 -1.4993373690e+00 -5.0148404870e-01  2.4940438424e+00 -3.3833537442e-01  1.7529855635e+00  2.4900900102e+00  3.6500770507e+00 -3.3184724409e+00  3.9401185330e+00  5.2023256915e+00 -1.3492996597e+00  3.5403014315e+00  2.5001808807e+00  5.2596196365e-01  4.6381494814e+00 -1.9453579396e-01  2.5402245103e-01  2.8107196815e+00  4.2225268685e+00 -2.3406418692e+00  2.8856263508e+00  4.9687722569e+00 -3.0935359631e+00  1.9028371596e+00  2.1654011760e+00 -7.8426904014e-01  4.1662748204e+00  1.9730648178e+00 -1.2143901255e+00 -1.0749449695e+00  1.3933511233e-01 -6.7651233152e-02  1.2863705463e-01  3.8218459376e+00 -2.2746075874e+00  2.0634780735e-01 -1.7681758775e+00 -4.1785663252e-01  1.4358667008e+00 -2.3287793254e+00 -9.1491685532e-02  3.0813756487e+00 -1.4025713223e+00 -1.5651926560e+00  2.7323968649e+00 -5.5386552637e-01  1.9085249637e+00  1.4273540854e+00  5.7934603939e-01  2.3032678714e+00  2.7221858528e+00 -1.1591531766e+00  2.1959288191e+00  3.0655068329e+00  3.5102407890e+00 -2.8416540864e+00  4.9104377710e+00  2.6840870307e+00 -3.7135959401e+00  3.6136207009e+00  4.3177557880e+00 -4.1819308337e+00  4.0391213957e+00  6.0276807875e+00 -1.9017500171e+00  4.0083360105e+00  4.7224889221e+00 -7.5951221296e-01  4.3204666183e+00  5.6212594164e+00 -6.7845515655e-01  2.7850204770e+00  2.7768884030e+00  4.1500352182e-01  5.6896250945e+00  1.6526915807e+00  1.2152457796e+00  4.5627236743e+00  3.3437852546e+00  9.4471957817e-01  4.0781601986e+00 -2.5719177626e-02  1.4399489257e-01  3.8841909911e+00  5.6835180407e+00 -3.5460079128e+00  2.3767801717e+00
ENERGY -6.579966529865e+02

JOB 14
COORDS  1.9531409242e+00 -1.1696732855e+00  1.4893559398e-03  9.3699871265e-01 -5.0773912660e-01  6.8558200269e-01  3.0112425812e+00 -1.7442718794e+00  7.0888533330e-01  9.7340791238e-01 -3.7514221333e-01  2.0809005002e+00  3.0949263150e+00 -1.6248062351e+00  2.1010327940e+00  2.0856167972e+00 -8.9710514716e-01  2.7665046034e+00 -1.5067786680e+00 -5.0298754483e-01  2.5365710322e+00 -3.5329910682e-01  1.7542006092e+00  2.4650010400e+00  3.6259732555e+00 -3.3887304091e+00  3.8314279913e+00  5.1553821570e+00 -1.3798106962e+00  3.5985116098e+00  2.5297039452e+00  5.6287813423e-01  4.5906900494e+00 -1.9896924433e-01  2.6264676063e-01  2.8141168628e+00  4.2140286531e+00 -2.3468381994e+00  2.8587691999e+00  5.0008773894e+00 -3.0339610442e+00  1.8604218047e+00  2.1723318761e+00 -7.5296307210e-01  4.1508965415e+00  1.9117902296e+00 -1.2635235880e+00 -1.0807420123e+00  9.3563224762e-02 -1.0145156921e-01  1.3272911379e-01  3.7807720347e+00 -2.3000535668e+00  1.8835554291e-01 -1.7947513929e+00 -4.4182184070e-01  1.4818703820e+00 -2.3269157827e+00 -8.3582767111e-02  3.1302962453e+00 -1.4021676578e+00 -1.5613078267e+00  2.7948087799e+00 -5.8922328405e-01  1.8873225863e+00  1.4035621240e+00  5.6678212994e-01  2.3117822474e+00  2.6684167950e+00 -1.1645610140e+00  2.2067074343e+00  3.0464809567e+00  3.2173726737e+00 -2.9195754804e+00  4.7271707725e+00  2.8287313207e+00 -3.9516472842e+00  3.3372014988e+00  4.4007125636e+00 -4.1126619258e+00  4.1133579107e+00  5.9961676399e+00 -1.9424970486e+00  4.0241814354e+00  4.6530311665e+00 -8.7228176790e-01  4.4206388658e+00  5.5582081860e+00 -6.3762334569e-01  2.9035705895e+00  2.7905433569e+00  4.7563883859e-01  5.6484041628e+00  1.6976784083e+00  1.2667560862e+00  4.4843809609e+00  3.3895282875e+00  9.4656978382e-01  4.0304588474e+00 -1.0336077407e-02  1.7569658589e-01  3.8863893186e+00  5.6874583819e+00 -3.5291491943e+00  2.3333947818e+00
ENERGY -6.579987165352e+02

JOB 15
COORDS  1.9643808807e+00 -1.1710296090e+00  2.0377916632e-02  9.4964576568e-01 -5.0435109300e-01  7.0189749735e-01  3.0233804421e+00 -1.7417474208e+00  7.2929703872e-01  9.8916969682e-01 -3.6276379239e-01  2.0960224863e+00  3.1105321536e+00 -1.6141035788e+00  2.1208784352e+00  2.1023941949e+00 -8.8110619453e-01  2.7830329063e+00 -1.4862492427e+00 -4.9871678249e-01  2.5697261702e+00 -3.4807770118e-01  1.7647016082e+00  2.4572078408e+00  3.6293200393e+00 -3.4114509670e+00  3.8049038547e+00  5.1458439097e+00 -1.3841178708e+00  3.6643646142e+00  2.5598213077e+00  5.9109152007e-01  4.5922776268e+00 -1.8183965615e-01  2.7962375425e-01  2.8275312389e+00  4.2299574045e+00 -2.3382093410e+00  2.8796790814e+00  5.0355614831e+00 -2.9926581313e+00  1.8740498743e+00  2.1882242940e+00 -7.2550765359e-01  4.1665228722e+00  1.9213699697e+00 -1.2714659290e+00 -1.0611990615e+00  1.0527807426e-01 -1.0124478949e-01  1.4811161134e-01  3.7918308609e+00 -2.3001369316e+00  2.1015535287e-01 -1.7790811289e+00 -4.5752409825e-01  1.5153628329e+00 -2.3063331510e+00 -7.4392984023e-02  3.1600499825e+00 -1.3736287048e+00 -1.5517805545e+00  2.8455116115e+00 -5.9319160310e-01  1.8810904328e+00  1.3959033425e+00  5.7002570013e-01  2.3309307519e+00  2.6452930267e+00 -1.1575848491e+00  2.2207175442e+00  3.0383596341e+00  3.0065734247e+00 -2.9613804702e+00  4.5798487128e+00  3.0220150160e+00 -4.1060969780e+00  3.2178438721e+00  4.4324948900e+00 -3.9816552314e+00  4.2899628250e+00  6.0078416484e+00 -1.9427421057e+00  4.0501928457e+00  4.6332689510e+00 -9.4214046780e-01  4.5177006511e+00  5.5196703756e+00 -5.9054473406e-01  3.0113073192e+00  2.7812181985e+00  5.1992350714e-01  5.6600569743e+00  1.7483761024e+00  1.3106872892e+00  4.4416515221e+00  3.4474875147e+00  9.4337548877e-01  4.0554533004e+00  1.4161394358e-02  2.1040678983e-01  3.8997170718e+00  5.7025230167e+00 -3.5175884399e+00  2.3436132558e+00
ENERGY -6.579998123445e+02

JOB 16
COORDS  1.9908200858e+00 -1.1757029093e+00  4.2926776150e-02  9.7642130705e-01 -5.0522502767e-01  7.2109060156e-01  3.0468892238e+00 -1.7482176869e+00  7.5488491662e-01  1.0129251843e+00 -3.6166666573e-01  2.1150570140e+00  3.1314823263e+00 -1.6197159495e+00  2.1466135609e+00  2.1233535070e+00 -8.8242951002e-01  2.8044926752e+00 -1.4637455518e+00 -4.8925098090e-01  2.5845823646e+00 -3.1857217952e-01  1.7705140396e+00  2.4705740859e+00  3.6480246285e+00 -3.4228098643e+00  3.8267191560e+00  5.1572609777e+00 -1.3846854823e+00  3.7013892086e+00  2.5803420132e+00  5.8888037363e-01  4.6149140834e+00 -1.5740906386e-01  2.8551891614e-01  2.8434898929e+00  4.2516753315e+00 -2.3413815212e+00  2.9103229388e+00  5.0567809559e+00 -2.9887075841e+00  1.8987018485e+00  2.2056017032e+00 -7.2630636679e-01  4.1880761855e+00  1.9500899738e+00 -1.2775654396e+00 -1.0386174058e+00  1.3458224612e-01 -1.0040033199e-01  1.6473342824e-01  3.8149271479e+00 -2.3085985742e+00  2.3749410113e-01 -1.7546346228e+00 -4.4866544872e-01  1.5296569016e+00 -2.2835654602e+00 -6.1620307854e-02  3.1728903428e+00 -1.3547953385e+00 -1.5422781207e+00  2.8619874853e+00 -5.6154001709e-01  1.8859824890e+00  1.4086738369e+00  6.0090615709e-01  2.3342944977e+00  2.6593191824e+00 -1.1276895703e+00  2.2298831383e+00  3.0496323796e+00  2.8539907209e+00 -3.0074345266e+00  4.4500065224e+00  3.2391459194e+00 -4.2342538487e+00  3.2192036693e+00  4.4145976978e+00 -3.8200089294e+00  4.5049005080e+00  6.0340925196e+00 -1.9334285269e+00  4.0672645655e+00  4.6435487649e+00 -9.7183997740e-01  4.5689028995e+00  5.5078368880e+00 -5.6993148393e-01  3.0617248957e+00  2.7932518883e+00  5.1789879143e-01  5.6844069391e+00  1.7735136205e+00  1.3121349255e+00  4.4570881954e+00  3.4737796462e+00  9.3605982361e-01  4.0844381641e+00  3.6553629219e-02  2.1748951359e-01  3.9161467245e+00  5.7344701059e+00 -3.5044218009e+00  2.3637409105e+00
ENERGY -6.579992222466e+02

JOB 17
COORDS  1.9723656290e+00 -1.1725434922e+00  3.1806340171e-02  9.6286261107e-01 -4.9956330110e-01  7.1454285644e-01  3.0291161276e+00 -1.7498787978e+00  7.3908365741e-01  1.0049910862e+00 -3.5938834941e-01  2.1087993384e+00  3.1191626768e+00 -1.6242150041e+00  2.1306224560e+00  2.1161417374e+00 -8.8434512042e-01  2.7936176865e+00 -1.4707656636e+00 -4.8204832365e-01  2.5840680839e+00 -3.1985280233e-01  1.7750748482e+00  2.4747862858e+00  3.6431895236e+00 -3.4273907988e+00  3.8214356325e+00  5.1536743984e+00 -1.3845977666e+00  3.6695708761e+00  2.5786341965e+00  5.7752405497e-01  4.6112721606e+00 -1.6176761467e-01  2.8842782812e-01  2.8423072075e+00  4.2422732135e+00 -2.3460566347e+00  2.8920269266e+00  5.0372609581e+00 -2.9948265967e+00  1.8723893987e+00  2.2039995155e+00 -7.3543700655e-01  4.1776313287e+00  1.9271566972e+00 -1.2729613293e+00 -1.0496964860e+00  1.2031615575e-01 -9.0939249851e-02  1.6202171156e-01  3.7931289026e+00 -2.3118683702e+00  2.1764210595e-01 -1.7639265421e+00 -4.3758136784e-01  1.5299363514e+00 -2.2880956231e+00 -5.3977961094e-02  3.1755174853e+00 -1.3640158433e+00 -1.5361937701e+00  2.8580707440e+00 -5.6495905503e-01  1.8947297933e+00  1.4138400963e+00  6.0162046938e-01  2.3356905041e+00  2.6632720370e+00 -1.1263619585e+00  2.2346884936e+00  3.0572838244e+00  2.7063170866e+00 -3.0878651477e+00  4.2661107708e+00  3.4513808158e+00 -4.3389016334e+00  3.2500390904e+00  4.3177713707e+00 -3.6383114856e+00  4.6603982086e+00  6.0360031619e+00 -1.9302377169e+00  4.0269000994e+00  4.6476205826e+00 -9.7321703348e-01  4.5423045954e+00  5.4939184123e+00 -5.6935075008e-01  3.0249638345e+00  2.7927752189e+00  5.0064475735e-01  5.6800997815e+00  1.7716596983e+00  1.3016211975e+00  4.4584352327e+00  3.4712608139e+00  9.2817644098e-01  4.0817083862e+00  3.4458629284e-02  2.1623574103e-01  3.9142539363e+00  5.7239565135e+00 -3.5051189498e+00  2.3304628871e+00
ENERGY -6.579971973183e+02

JOB 18
COORDS  2.0025340522e+00 -1.1561405085e+00  4.6088918663e-02  9.9005076030e-01 -4.8597126487e-01  7.2728712462e-01  3.0517758224e+00 -1.7443261887e+00  7.5603919214e-01  1.0207566096e+00 -3.5915590328e-01  2.1233978897e+00  3.1292345105e+00 -1.6323927788e+00  2.1489825222e+00  2.1249638160e+00 -8.9408566399e-01  2.8111161011e+00 -1.4623250975e+00 -4.6799931717e-01  2.5666989370e+00 -2.8995301768e-01  1.7798682976e+00  2.5105497811e+00  3.6554452234e+00 -3.3957707868e+00  3.9039579999e+00  5.1853607165e+00 -1.3707270569e+00  3.6382123500e+00  2.5683639233e+00  5.4866848409e-01  4.6509370750e+00 -1.4956155164e-01  2.8561718767e-01  2.8538085375e+00  4.2476416694e+00 -2.3520177456e+00  2.9170031470e+00  5.0192664545e+00 -3.0429324912e+00  1.9066549477e+00  2.2089475495e+00 -7.6136185068e-01  4.1967519523e+00  1.9651135020e+00 -1.2461571178e+00 -1.0366241882e+00  1.5352219493e-01 -6.9146220379e-02  1.7178868377e-01  3.8175970787e+00 -2.3054647609e+00  2.3612938797e-01 -1.7440308814e+00 -4.0079945864e-01  1.5106907738e+00 -2.2820752095e+00 -4.3762839637e-02  3.1575334488e+00 -1.3680288823e+00 -1.5280961088e+00  2.8216290401e+00 -5.1987485389e-01  1.9194580451e+00  1.4486290323e+00  6.3382653152e-01  2.3288759449e+00  2.7205134034e+00 -1.1000731092e+00  2.2366575994e+00  3.0902745008e+00  2.6138610803e+00 -3.1795582264e+00  4.1435095332e+00  3.7022617944e+00 -4.3902033623e+00  3.4528098362e+00  4.1950111208e+00 -3.3926762047e+00  4.8573242516e+00  6.0548250361e+00 -1.9158382841e+00  4.0275741828e+00  4.6920513789e+00 -8.9744911613e-01  4.4864052911e+00  5.5423336678e+00 -6.0207819707e-01  2.9470255520e+00  2.8118840618e+00  4.5178674774e-01  5.7118539969e+00  1.7436890463e+00  1.2597650550e+00  4.5364646968e+00  3.4395155414e+00  9.3007917978e-01  4.1068380202e+00  3.2969604131e-02  1.9249886713e-01  3.9266372177e+00  5.7362828983e+00 -3.5078349958e+00  2.3663246006e+00
ENERGY -6.579949357450e+02

JOB 19
COORDS  2.2091311158e+00 -1.1558959617e+00  4.7258282331e-02  1.1425979478e+00 -5.2296692240e-01  6.8020233435e-01  3.2490529521e+00 -1.6993628005e+00  8.0522135454e-01  1.1056087641e+00 -3.9094369992e-01  2.0759840916e+00  3.2585632090e+00 -1.5781435742e+00  2.1990161837e+00  2.1980144850e+00 -8.8013799531e-01  2.8142430943e+00 -1.3962260202e+00 -5.6416594584e-01  2.3852075265e+00 -2.7429356778e-01  1.7095573124e+00  2.4207879731e+00  3.7923596996e+00 -3.2357290039e+00  4.0662393714e+00  5.2739879357e+00 -1.1898568052e+00  3.7011847716e+00  2.4911104261e+00  5.7614544639e-01  4.6779542437e+00 -1.1788457578e-01  2.1381917645e-01  2.7509440132e+00  4.3718590941e+00 -2.2356067281e+00  3.0226999692e+00  5.1864055321e+00 -2.9574900647e+00  2.0696805707e+00  2.2206513565e+00 -7.4730194720e-01  4.2017283400e+00  2.2219723808e+00 -1.2514844387e+00 -1.0355352481e+00  3.1639478962e-01 -1.4031127886e-01  8.6047276428e-02  4.0591487769e+00 -2.2323080344e+00  3.2373952342e-01 -1.6278684671e+00 -4.8350701242e-01  1.3180759296e+00 -2.2538119799e+00 -1.6972456548e-01  2.9419302367e+00 -1.2897729110e+00 -1.6264345123e+00  2.6258802501e+00 -4.4744837506e-01  1.8584479798e+00  1.3493563922e+00  6.2321802708e-01  2.2761150171e+00  2.6894820359e+00 -1.1261057680e+00  2.1394484655e+00  2.9599772178e+00  2.7022815013e+00 -3.2525982763e+00  4.0620258294e+00  4.1405884001e+00 -4.2447024864e+00  3.8259371306e+00  4.1121068464e+00 -2.9880252772e+00  5.0823391709e+00  6.1260082730e+00 -1.6929764725e+00  4.1769971473e+00  4.7426651843e+00 -6.4520843127e-01  4.4807204664e+00  5.6596112671e+00 -4.8270078400e-01  2.9614060932e+00  2.7711381542e+00  4.7600905572e-01  5.7296665585e+00  1.6106923479e+00  1.2230376773e+00  4.6033297051e+00  3.3143064207e+00  1.0366710987e+00  4.1206074709e+00  1.0473098551e-02  1.0877462593e-01  3.8305932461e+00  5.9179125060e+00 -3.3557663335e+00  2.5669046484e+00
ENERGY -6.579939655719e+02

JOB 20
COORDS  2.1895075642e+00 -1.1357232385e+00  4.4120119881e-02  1.1198436527e+00 -5.0790988944e-01  6.7720227026e-01  3.2244377446e+00 -1.6873938461e+00  8.0291998359e-01  1.0743214121e+00 -3.8936442008e-01  2.0739841788e+00  3.2250585267e+00 -1.5791041876e+00  2.1977729374e+00  2.1618789311e+00 -8.8679886125e-01  2.8139184863e+00 -1.4299320827e+00 -5.6098981685e-01  2.3648787419e+00 -3.0353296669e-01  1.7098299660e+00  2.4338429096e+00  3.7610828157e+00 -3.1949672165e+00  4.1039631691e+00  5.2681385191e+00 -1.1930171518e+00  3.6564338298e+00  2.4448454609e+00  5.5210942389e-01  4.6934278521e+00 -1.5240923759e-01  2.1006465743e-01  2.7477261959e+00  4.3349248836e+00 -2.2398717408e+00  3.0205184603e+00  5.1247536508e+00 -3.0031776881e+00  2.0798399140e+00  2.1792491329e+00 -7.6658602991e-01  4.2022322171e+00  2.2084073365e+00 -1.2207851050e+00 -1.0394548603e+00  2.9753619594e-01 -1.1879308658e-01  8.1838271566e-02  4.0366580950e+00 -2.2177033266e+00  3.2183612031e-01 -1.6541699039e+00 -4.6817278659e-01  1.2971552005e+00 -2.2904167435e+00 -1.7066363995e-01  2.9200212593e+00 -1.3274527795e+00 -1.6260427219e+00  2.5946933311e+00 -4.6889095433e-01  1.8714214872e+00  1.3630135147e+00  5.9322965000e-01  2.2713035686e+00  2.7153992393e+00 -1.1582351947e+00  2.1352325081e+00  2.9720208639e+00  2.7082479334e+00 -3.4269363550e+00  3.9370480837e+00  4.3162522281e+00 -4.1388894228e+00  4.0721273853e+00  3.8728083283e+00 -2.7813042045e+00  5.1083506854e+00  6.0974187296e+00 -1.6993044047e+00  4.1681522040e+00  4.7499226563e+00 -5.8715031526e-01  4.3991091217e+00  5.6849643704e+00 -5.4037286710e-01  2.8842548256e+00  2.7375247334e+00  4.4015586020e-01  5.7405486096e+00  1.5587124391e+00  1.1932234986e+00  4.6375303357e+00  3.2579354561e+00  1.0271977336e+00  4.1333768542e+00 -3.1194333680e-02  9.2412132113e-02  3.8269189246e+00  5.8582832283e+00 -3.3948037464e+00  2.5788734539e+00
ENERGY -6.579947637095e+02

JOB 21
COORDS  2.1536627650e+00 -1.1402263655e+00  5.3384050588e-02  1.0838842620e+00 -5.1043791977e-01  6.8396511315e-01  3.1905629560e+00 -1.6847924570e+00  8.1434996912e-01  1.0419576514e+00 -3.8182458428e-01  2.0797910176e+00  3.1957673193e+00 -1.5666265681e+00  2.2086896487e+00  2.1320752040e+00 -8.7155020250e-01  2.8217279622e+00 -1.4594468836e+00 -5.6540290569e-01  2.3833466351e+00 -3.4790550067e-01  1.7134722818e+00  2.4181394263e+00  3.7222072341e+00 -3.2211930148e+00  4.0706017710e+00  5.2221645587e+00 -1.2058622557e+00  3.7105503618e+00  2.4218016805e+00  5.8923997173e-01  4.6810645035e+00 -1.8557976119e-01  2.1899852157e-01  2.7510823069e+00  4.3032759578e+00 -2.2356856390e+00  3.0282223637e+00  5.1133424618e+00 -2.9709507061e+00  2.0833040189e+00  2.1484722516e+00 -7.3514681460e-01  4.2088519980e+00  2.1712067693e+00 -1.2327785278e+00 -1.0295936644e+00  2.5914065829e-01 -1.2765342246e-01  8.7851993990e-02  4.0023167843e+00 -2.2170250376e+00  3.3477269887e-01 -1.6874608322e+00 -4.8913422170e-01  1.3150973098e+00 -2.3206893529e+00 -1.7279192760e-01  2.9357178969e+00 -1.3493560100e+00 -1.6264129387e+00  2.6278873801e+00 -5.1967511960e-01  1.8601471833e+00  1.3461856953e+00  5.4652170564e-01  2.2844657375e+00  2.6877656388e+00 -1.2026888245e+00  2.1403511857e+00  2.9549967571e+00  2.7824338490e+00 -3.6630739978e+00  3.7331373013e+00  4.4394384552e+00 -4.0367606800e+00  4.2251132752e+00  3.5718095349e+00 -2.7399305049e+00  5.0379672230e+00  6.0400027694e+00 -1.7262042049e+00  4.2262515579e+00  4.6901193291e+00 -6.1639973731e-01  4.4561781668e+00  5.6570991666e+00 -5.3680449240e-01  2.9628541672e+00  2.6959720928e+00  4.9262539602e-01  5.7347141106e+00  1.5446010275e+00  1.2396214502e+00  4.5991518262e+00  3.2497979769e+00  1.0442893350e+00  4.1262308574e+00 -5.9559836796e-02  1.1619557169e-01  3.8311615464e+00  5.8156286281e+00 -3.4056911049e+00  2.5912206534e+00
ENERGY -6.579966397463e+02

JOB 22
COORDS  2.1596268510e+00 -1.1472337461e+00  7.1954470359e-02  1.0936714617e+00 -5.1085443677e-01  7.0237664833e-01  3.2036916672e+00 -1.6784406495e+00  8.3214569152e-01  1.0645431528e+00 -3.6051598576e-01  2.0960600204e+00  3.2224476093e+00 -1.5395201924e+00  2.2248946434e+00  2.1619429159e+00 -8.3747116333e-01  2.8362292867e+00 -1.4277377924e+00 -5.6493571056e-01  2.4453890861e+00 -3.4637942837e-01  1.7282111171e+00  2.3934126036e+00  3.7312567411e+00 -3.2699370947e+00  3.9946727651e+00  5.2027731274e+00 -1.2146083495e+00  3.8144086790e+00  2.4783877590e+00  6.5794319175e-01  4.6579633992e+00 -1.5898413259e-01  2.4692249762e-01  2.7690350640e+00  4.3289249137e+00 -2.2171623144e+00  3.0402358745e+00  5.1841806611e+00 -2.8841607447e+00  2.0851624019e+00  2.1829525027e+00 -6.7409459144e-01  4.2209770573e+00  2.1687842460e+00 -1.2552719676e+00 -1.0097041731e+00  2.6261708295e-01 -1.3906815305e-01  1.0804663852e-01  4.0128092204e+00 -2.2148987189e+00  3.5301502506e-01 -1.6709517140e+00 -5.2626360240e-01  1.3784221038e+00 -2.2863811097e+00 -1.6570332391e-01  2.9971007841e+00 -1.3001532015e+00 -1.6159694149e+00  2.7223863850e+00 -5.3981996484e-01  1.8406340067e+00  1.3210422879e+00  5.4527327964e-01  2.3183695248e+00  2.6289885021e+00 -1.1966235548e+00  2.1605954559e+00  2.9330057065e+00  2.9744726392e+00 -3.8737538438e+00  3.4881198650e+00  4.5298339747e+00 -3.9405277929e+00  4.3386813991e+00  3.2987735421e+00 -2.8009331725e+00  4.8798948997e+00  6.0386891255e+00 -1.7469241328e+00  4.2861169694e+00  4.6461048192e+00 -7.1398876021e-01  4.6050916166e+00  5.6163767589e+00 -4.6795146557e-01  3.1307655092e+00  2.6949551073e+00  5.9222965882e-01  5.7271744585e+00  1.6298570325e+00  1.3331330150e+00  4.5058392400e+00  3.3494293903e+00  1.0624987642e+00  4.1306740335e+00 -1.4797170634e-02  1.7924402769e-01  3.8495549417e+00  5.8521247065e+00 -3.3687767123e+00  2.5943606219e+00
ENERGY -6.579987085091e+02

JOB 23
COORDS  2.0608994035e+00 -1.1909774866e+00  3.1692782156e-02  1.0057963082e+00 -5.4600745137e-01  6.7153243225e-01  3.1109224762e+00 -1.7243531324e+00  7.8188661602e-01  9.9486013054e-01 -3.8862377250e-01  2.0644959191e+00  3.1477260502e+00 -1.5797080151e+00  2.1740821649e+00  2.0984036826e+00 -8.6800398219e-01  2.7940631555e+00 -1.4890766321e+00 -5.9342259798e-01  2.4606465444e+00 -4.1632081247e-01  1.7020306407e+00  2.3536578211e+00  3.6584208473e+00 -3.3430126761e+00  3.8962597538e+00  5.1230645240e+00 -1.2766912280e+00  3.7813400168e+00  2.4543514199e+00  6.3690559582e-01  4.5987376743e+00 -2.1767402336e-01  2.2755469980e-01  2.7493920140e+00  4.2602951454e+00 -2.2643798556e+00  2.9782637756e+00  5.1165113069e+00 -2.9078209051e+00  2.0079097028e+00  2.1339829946e+00 -6.9453911622e-01  4.1776749648e+00  2.0569592546e+00 -1.3038993371e+00 -1.0495013849e+00  1.6944786061e-01 -1.7281482135e-01  8.5533331232e-02  3.9113337182e+00 -2.2666287011e+00  2.9497828933e-01 -1.7482495226e+00 -5.7496349966e-01  1.3968628331e+00 -2.3404009577e+00 -1.8658463451e-01  3.0181493564e+00 -1.3539589487e+00 -1.6388700345e+00  2.7546988386e+00 -6.3069909934e-01  1.7975535011e+00  1.2836580862e+00  4.7790204266e-01  2.2982371619e+00  2.5630145399e+00 -1.2573348510e+00  2.1405711543e+00  2.9026184644e+00  3.0896586947e+00 -4.0626440612e+00  3.3011393912e+00  4.4612060958e+00 -3.8802746188e+00  4.4184393906e+00  3.0024984788e+00 -2.8991489457e+00  4.6471787536e+00  5.9867990920e+00 -1.8067818084e+00  4.2019491596e+00  4.5704476732e+00 -8.3969793978e-01  4.6120122719e+00  5.4964163742e+00 -4.8026507466e-01  3.1315146195e+00  2.6339925829e+00  5.8590693230e-01  5.6754638290e+00  1.6317538682e+00  1.3331371929e+00  4.4050184244e+00  3.3538031005e+00  1.0048718953e+00  4.0928936079e+00 -5.4530439291e-02  1.7806598066e-01  3.8281501701e+00  5.7796127182e+00 -3.4111725776e+00  2.5057185923e+00
ENERGY -6.579998136995e+02

