JOB 0
COORDS -1.9554565722e+00 -3.0231394621e+00 -1.7039496190e+00 -1.9016014189e+00 -2.4063572233e+00 -4.4887237836e-01 -8.2119421422e-01 -3.0078655928e+00 -2.5212012513e+00 -7.2931059271e-01 -1.7837982425e+00 -2.2551992823e-02  3.6246060266e-01 -2.3916999723e+00 -2.1065161973e+00  5.3563281939e+00  1.4075953999e+00  1.4030477144e+00  5.6385049935e+00  1.1203265343e+00  6.5280560179e-02  4.1374849234e+00  9.4075605816e-01  1.8951182043e+00  4.1198200091e-01 -1.7756257091e+00 -8.4440895387e-01  3.6563158703e+00  3.2813040573e-02 -1.4561292582e-01  2.6849181603e+00 -7.4729116648e-01 -1.0295186719e+00  4.7963021106e+00  4.3459590747e-01 -7.1561027938e-01  3.2839027038e+00  2.5433029884e-01  1.1272572794e+00  1.5635223070e+00 -1.1364599357e+00 -3.4506843690e-01  2.9291895888e+00 -9.7998186397e-01 -2.2061565619e+00 -2.8689516536e+00 -3.5064943241e+00 -2.0391768573e+00 -2.7745566681e+00 -2.4047993309e+00  1.9865105589e-01 -8.5204089049e-01 -3.4820484113e+00 -3.4988719867e+00 -6.9383406564e-01 -1.2995698519e+00  9.5148137424e-01  1.2351547823e+00 -2.3745843228e+00 -2.7451484066e+00  6.0479674759e+00  1.9646300814e+00  2.0269853658e+00  6.5683774692e+00  1.4489465666e+00 -3.9696009397e-01  3.8342740493e+00  1.1186407239e+00  2.9254965881e+00  1.5319865203e+00 -8.1049901361e-01  6.1689140813e-01
ENERGY -6.641933601260e+02

JOB 1
COORDS -1.9638696643e+00 -2.9877942875e+00 -1.7256166476e+00 -1.9311212310e+00 -2.3095528781e+00 -5.0225121388e-01 -7.9702394457e-01 -3.0757261617e+00 -2.4915304438e+00 -7.4589506471e-01 -1.7254126127e+00 -5.4858896561e-02  3.9891287429e-01 -2.5031030996e+00 -2.0517081282e+00  5.3528710368e+00  1.4055282273e+00  1.3963101032e+00  5.5729223737e+00  1.2160508182e+00  2.9699028483e-02  4.1838852239e+00  8.5394719318e-01  1.9206117769e+00  4.2747322984e-01 -1.8273573588e+00 -8.2108560589e-01  3.6296291355e+00  5.6555983752e-02 -1.4757042111e-01  2.6435338936e+00 -7.0439684495e-01 -1.0316926271e+00  4.7184518718e+00  5.4406970756e-01 -7.4957885248e-01  3.3188267963e+00  1.7945055401e-01  1.1547764735e+00  1.6014515546e+00 -1.2322572936e+00 -3.1185414242e-01  2.8122678100e+00 -8.1714645836e-01 -2.2379275996e+00 -2.8875564765e+00 -3.4387232707e+00 -2.0778175043e+00 -2.8309309060e+00 -2.2258353394e+00  1.0163067944e-01 -8.1279162096e-01 -3.5973324502e+00 -3.4450573261e+00 -7.2597737954e-01 -1.1870764344e+00  8.9064465378e-01  1.2971922323e+00 -2.5622897291e+00 -2.6520491592e+00  6.0539881684e+00  1.9530406983e+00  2.0181128685e+00  6.4618104078e+00  1.6141571841e+00 -4.5782705162e-01  3.9308672157e+00  9.5271584413e-01  2.9748942171e+00  1.5946901145e+00 -9.5728222541e-01  6.6629036536e-01
ENERGY -6.641923158067e+02

JOB 2
COORDS -1.9635536873e+00 -2.9476086865e+00 -1.7438715362e+00 -1.9437096742e+00 -2.2052907962e+00 -5.5842969320e-01 -7.7250460317e-01 -3.1469565629e+00 -2.4502572937e+00 -7.4506165822e-01 -1.6653401511e+00 -8.8229197780e-02  4.3488663743e-01 -2.6238604713e+00 -1.9820632954e+00  5.3518568634e+00  1.3992991342e+00  1.3968253524e+00  5.5007034536e+00  1.3123766866e+00  1.0355442381e-02  4.2428975953e+00  7.5524753635e-01  1.9453113349e+00  4.5036624562e-01 -1.8862288739e+00 -7.8933173467e-01  3.6060240747e+00  7.0542100394e-02 -1.3928827388e-01  2.6013697731e+00 -6.7359033852e-01 -1.0169133267e+00  4.6343144522e+00  6.5123711524e-01 -7.6502598507e-01  3.3667880372e+00  9.0346546928e-02  1.1834488505e+00  1.6488609590e+00 -1.3334982129e+00 -2.7739442408e-01  2.6822042538e+00 -6.7321844336e-01 -2.2362939502e+00 -2.8971370183e+00 -3.3617806449e+00 -2.1148585279e+00 -2.8632050378e+00 -2.0336694667e+00 -4.8734839827e-03 -7.7988441859e-01 -3.7174278899e+00 -3.3753875056e+00 -7.3257687025e-01 -1.0709579466e+00  8.2295346915e-01  1.3549998154e+00 -2.7695081006e+00 -2.5344412439e+00  6.0614545890e+00  1.9394545444e+00  2.0154558644e+00  6.3401669130e+00  1.7863024784e+00 -4.9661231211e-01  4.0476772165e+00  7.7053161356e-01  3.0162777059e+00  1.6726655354e+00 -1.1140072165e+00  7.1437135911e-01
ENERGY -6.641907184085e+02

JOB 3
COORDS -1.9619084806e+00 -2.9423026583e+00 -1.7679375103e+00 -1.9546034856e+00 -2.1114784084e+00 -6.4277729676e-01 -7.5525432570e-01 -3.2581579890e+00 -2.4020920285e+00 -7.4979639194e-01 -1.5963665426e+00 -1.5768428881e-01  4.5496946822e-01 -2.7622770580e+00 -1.9125057716e+00  5.3647727826e+00  1.3706201688e+00  1.3676655291e+00  5.4180286321e+00  1.4010688827e+00 -2.8154307287e-02  4.3232297969e+00  6.3549744291e-01  1.9333626722e+00  4.5865536212e-01 -1.9390335098e+00 -7.7960771183e-01  3.5679681845e+00  9.0801157779e-02 -1.5281716024e-01  2.5311188683e+00 -6.2427373715e-01 -1.0176199053e+00  4.5255117652e+00  7.6614420531e-01 -7.9580872085e-01  3.4224092612e+00 -5.8664585601e-03  1.1799776809e+00  1.6772588518e+00 -1.4086120657e+00 -2.7636563478e-01  2.5077282355e+00 -5.0684919763e-01 -2.2329042897e+00 -2.9000527212e+00 -3.3351589936e+00 -2.1506602714e+00 -2.8878005913e+00 -1.8494368917e+00 -1.5102350350e-01 -7.5433379548e-01 -3.8961158043e+00 -3.2820028941e+00 -7.4279395395e-01 -9.2937103272e-01  7.0148120023e-01  1.3925176541e+00 -2.9974737536e+00 -2.4038698205e+00  6.0944697382e+00  1.8910618017e+00  1.9798457995e+00  6.2003585426e+00  1.9510626392e+00 -5.4949656803e-01  4.2032966029e+00  5.5666068553e-01  3.0126000301e+00  1.7487020881e+00 -1.2629769621e+00  7.2657200010e-01
ENERGY -6.641887396238e+02

JOB 4
COORDS -1.9637282999e+00 -2.9933528919e+00 -1.7739027240e+00 -1.9744027515e+00 -2.0421181407e+00 -7.4850363318e-01 -7.4578814974e-01 -3.4212147018e+00 -2.3137103536e+00 -7.7088831076e-01 -1.5191331763e+00 -2.6702171464e-01  4.5967583804e-01 -2.9136941741e+00 -1.8232264639e+00  5.4006608879e+00  1.3006401499e+00  1.3317234213e+00  5.3382251949e+00  1.4764601778e+00 -5.2928775602e-02  4.4286807972e+00  4.7659055895e-01  1.8985709534e+00  4.4688899042e-01 -1.9712429444e+00 -7.8983497691e-01  3.5164060143e+00  1.2509002597e-01 -1.6600295985e-01  2.4279705404e+00 -5.3207708614e-01 -1.0138352881e+00  4.4003516338e+00  8.9480302355e-01 -8.0866101182e-01  3.4851595552e+00 -1.1442793598e-01  1.1562558889e+00  1.6752830787e+00 -1.4343319091e+00 -2.9991589396e-01  2.2838455551e+00 -2.7632476643e-01 -2.1989020874e+00 -2.8994933809e+00 -3.3937050276e+00 -2.1549265033e+00 -2.9175365669e+00 -1.6950632836e+00 -3.3446539251e-01 -7.3352756886e-01 -4.1525787455e+00 -3.1175225993e+00 -7.7100257070e-01 -7.6036663794e-01  5.1174479593e-01  1.4105798852e+00 -3.2337808693e+00 -2.2373464413e+00  6.1651719200e+00  1.7796882449e+00  1.9351709660e+00  6.0613419060e+00  2.1023165464e+00 -5.7430509948e-01  4.4010058345e+00  2.8304460791e-01  2.9696513992e+00  1.8192692556e+00 -1.4056540021e+00  7.0519688151e-01
ENERGY -6.641867372086e+02

JOB 5
COORDS -1.9102348499e+00 -3.0793523644e+00 -1.8122424966e+00 -2.0234539282e+00 -1.9294690762e+00 -1.0236500172e+00 -6.4702245160e-01 -3.6115092240e+00 -2.0915097370e+00 -8.7719433965e-01 -1.3146837564e+00 -5.1198273517e-01  5.0044270843e-01 -2.9989378493e+00 -1.5799303037e+00  5.5418616664e+00  1.1642241653e+00  1.2928746013e+00  5.2265822763e+00  1.6643742175e+00  2.7090830429e-02  4.7049846928e+00  1.6657793735e-01  1.7926152821e+00  3.8403633233e-01 -1.8543931019e+00 -7.8470169866e-01  3.4448475127e+00  2.6316476950e-01 -1.1092554485e-01  2.2473000953e+00 -2.5318459843e-01 -9.0892580021e-01  4.1821332399e+00  1.2210552471e+00 -6.8124980293e-01  3.6560262675e+00 -2.8776920259e-01  1.0971077517e+00  1.5574938991e+00 -1.2345982783e+00 -2.4979777432e-01  1.9639568515e+00  1.8310438507e-01 -2.0146075298e+00 -2.8019700956e+00 -3.5555095484e+00 -2.2115626310e+00 -3.0025516746e+00 -1.5083553499e+00 -8.1097223033e-01 -5.5438191617e-01 -4.5002128876e+00 -2.7102320877e+00 -9.5009065949e-01 -4.1416552896e-01  9.1449717368e-02  1.4883124562e+00 -3.3949440590e+00 -1.7977521376e+00  6.3924896273e+00  1.5319384234e+00  1.8580056519e+00  5.8288693512e+00  2.4451840506e+00 -4.3560808060e-01  4.8746339430e+00 -2.8089364013e-01  2.7706515573e+00  1.8979858950e+00 -1.4889359010e+00  6.7169071405e-01
ENERGY -6.641855322222e+02

JOB 6
COORDS -1.8336824500e+00 -3.1683224950e+00 -1.8524601022e+00 -2.0267877869e+00 -1.8726232198e+00 -1.3602386645e+00 -5.6545131386e-01 -3.7539297402e+00 -1.7860241577e+00 -9.6199484482e-01 -1.1668999181e+00 -7.9553349579e-01  5.0731772584e-01 -3.0446459278e+00 -1.2377802421e+00  5.6466407703e+00  1.0033184096e+00  1.1746945714e+00  5.0870143428e+00  1.8098162879e+00  1.8044018948e-01  4.9357012048e+00 -1.4731925244e-01  1.5149127446e+00  3.0942292768e-01 -1.7486646329e+00 -7.4672205756e-01  3.3333049419e+00  3.8201929401e-01 -2.4642036427e-02  2.0239335479e+00  1.3674304262e-02 -7.2086708875e-01  3.9335064500e+00  1.5071671884e+00 -4.2522872470e-01  3.7792034554e+00 -4.6339862088e-01  9.2052955046e-01  1.3902022657e+00 -1.0522528710e+00 -1.2696158818e-01  1.6025984827e+00  6.3390913868e-01 -1.6845618466e+00 -2.6660770809e+00 -3.7179173312e+00 -2.2839416960e+00 -3.0111068614e+00 -1.4141365646e+00 -1.4059555273e+00 -4.0768265304e-01 -4.7594315138e+00 -2.1673275384e+00 -1.1009884464e+00 -1.6382783514e-01 -4.0475364130e-01  1.4993978879e+00 -3.4879405614e+00 -1.1974427302e+00  6.5847879742e+00  1.2582395772e+00  1.6574167913e+00  5.5770877974e+00  2.7275643030e+00 -1.4198992463e-01  5.2965403079e+00 -8.3384797377e-01  2.2790461400e+00  1.9543946511e+00 -1.5582022398e+00  5.4937383596e-01
ENERGY -6.641868062142e+02

JOB 7
COORDS -1.8375899421e+00 -3.1850442991e+00 -1.8418575711e+00 -1.9915079603e+00 -1.8395242912e+00 -1.4886283432e+00 -6.0657962816e-01 -3.8153621395e+00 -1.6351857710e+00 -9.3105198001e-01 -1.1259280550e+00 -9.2686332013e-01  4.6532272510e-01 -3.1033778882e+00 -1.0901973483e+00  5.6473615732e+00  9.9791957439e-01  1.1391831133e+00  4.9877070371e+00  1.8962214753e+00  2.9649458337e-01  5.0031629805e+00 -2.1538786743e-01  1.3804003586e+00  3.0739277106e-01 -1.7548987003e+00 -7.4345921967e-01  3.2733146033e+00  4.3080568628e-01  3.6145920359e-02  1.9298311128e+00  9.7511294149e-02 -6.0963198582e-01  3.8026424604e+00  1.6218960515e+00 -2.5967774039e-01  3.8171472025e+00 -5.0530458756e-01  8.3292171786e-01  1.3834580397e+00 -1.0671882839e+00 -1.2058772805e-01  1.4143714876e+00  8.2149117260e-01 -1.4473363967e+00 -2.6694343928e+00 -3.7370804361e+00 -2.2710445255e+00 -2.9471609073e+00 -1.3444275532e+00 -1.6398273377e+00 -4.7579051180e-01 -4.8602467206e+00 -1.9043028104e+00 -1.0460919041e+00 -8.4434944260e-02 -6.4775292782e-01  1.4277009429e+00 -3.5880702032e+00 -9.4137381964e-01  6.6098976075e+00  1.2312928046e+00  1.5831890352e+00  5.4209676876e+00  2.8668533707e+00  5.8837377835e-02  5.4431259620e+00 -9.7484745329e-01  2.0245843406e+00  2.0230110968e+00 -1.6173700994e+00  4.4553211655e-01
ENERGY -6.641889074414e+02

JOB 8
COORDS -1.8452887615e+00 -3.2054042282e+00 -1.8218504497e+00 -1.9459005896e+00 -1.8296998782e+00 -1.5869560202e+00 -6.5015670472e-01 -3.8677530383e+00 -1.5233350338e+00 -8.7186009577e-01 -1.1127491453e+00 -1.0556733084e+00  4.3504670295e-01 -3.1586655242e+00 -1.0045615739e+00  5.6662673868e+00  9.7630143118e-01  1.1134670906e+00  4.9462955548e+00  1.9282108674e+00  3.8714562416e-01  5.0660705566e+00 -2.7338530344e-01  1.2669456165e+00  3.3213729324e-01 -1.7776621153e+00 -7.7814224021e-01  3.2604777167e+00  4.4221629744e-01  6.4390722240e-02  1.8962288203e+00  1.3239353933e-01 -5.4812412577e-01  3.7444744071e+00  1.6709897317e+00 -1.4051820343e-01  3.8648722610e+00 -5.4701439882e-01  7.4513848946e-01  1.4279975997e+00 -1.1076272602e+00 -1.8436374746e-01  1.3081711936e+00  9.3396052846e-01 -1.2591042157e+00 -2.6888954403e+00 -3.7552955624e+00 -2.2300767900e+00 -2.8731401071e+00 -1.3080827840e+00 -1.8095516781e+00 -5.5818816084e-01 -4.9364619076e+00 -1.6986415006e+00 -9.4914639568e-01 -4.7602781603e-02 -8.7541160512e-01  1.3678248855e+00 -3.6725514452e+00 -7.8160278400e-01  6.6412440864e+00  1.1967749403e+00  1.5363441412e+00  5.3431746423e+00  2.9290488171e+00  2.2245915666e-01  5.5544918987e+00 -1.0754592020e+00  1.8177639634e+00  2.1102050705e+00 -1.6783763206e+00  3.0662085497e-01
ENERGY -6.641909265550e+02

JOB 9
COORDS -1.8636210423e+00 -3.2099183585e+00 -1.7915526572e+00 -1.9149374943e+00 -1.8177097651e+00 -1.6681624120e+00 -6.9694471746e-01 -3.8876208696e+00 -1.4213661149e+00 -8.2256153405e-01 -1.0964842011e+00 -1.1804718477e+00  4.0428873266e-01 -3.1790170870e+00 -9.4041390276e-01  5.6706226793e+00  9.7903065206e-01  1.1075125452e+00  4.9009531695e+00  1.9685647521e+00  4.9076935960e-01  5.1134212752e+00 -2.9849911723e-01  1.1631758229e+00  3.5169610630e-01 -1.7797824966e+00 -8.2395741357e-01  3.2512904171e+00  4.6358457905e-01  8.0966134725e-02  1.8756164154e+00  1.6866915573e-01 -5.1336712096e-01  3.6919810173e+00  1.7207200544e+00 -2.5037823938e-02  3.9056185464e+00 -5.6271183223e-01  6.5221686039e-01  1.4748383026e+00 -1.1223745136e+00 -2.7899200478e-01  1.2334904300e+00  1.0220803189e+00 -1.1099156236e+00 -2.7210380293e+00 -3.7601690464e+00 -2.1692060117e+00 -2.8182374317e+00 -1.2818172371e+00 -1.9482243284e+00 -6.4073717573e-01 -4.9694511801e+00 -1.5097459747e+00 -8.6293117228e-01 -1.8809905593e-02 -1.0918375595e+00  1.3124871576e+00 -3.7083174957e+00 -6.5888405932e-01  6.6507858553e+00  1.1922777860e+00  1.5219621735e+00  5.2625090115e+00  2.9925564961e+00  4.0690918646e-01  5.6422477898e+00 -1.1305167993e+00  1.6250828255e+00  2.1852657886e+00 -1.7018163469e+00  1.5914232019e-01
ENERGY -6.641924590314e+02

JOB 10
COORDS -1.8784556364e+00 -3.2179400924e+00 -1.7678927896e+00 -1.8886476794e+00 -1.8199783848e+00 -1.7491695738e+00 -7.3863593344e-01 -3.8987736921e+00 -1.3254518300e+00 -7.8455859856e-01 -1.0924527227e+00 -1.2972742177e+00  3.7287514885e-01 -3.1880097129e+00 -8.7506256513e-01  5.6760473860e+00  9.7387053395e-01  1.0859673491e+00  4.8616315932e+00  1.9871760204e+00  5.7427569311e-01  5.1526415776e+00 -3.1878335286e-01  1.0574720929e+00  3.6017493812e-01 -1.7816733632e+00 -8.6160673168e-01  3.2366332826e+00  4.7503536005e-01  9.8814049066e-02  1.8473190715e+00  1.9196466899e-01 -4.6953199643e-01  3.6422824135e+00  1.7480986514e+00  7.9124280525e-02  3.9352805537e+00 -5.7477908880e-01  5.6563540932e-01  1.5068934609e+00 -1.1312579173e+00 -3.6619104270e-01  1.1529007466e+00  1.0805066847e+00 -9.4563886624e-01 -2.7451064852e+00 -3.7700638559e+00 -2.1208256941e+00 -2.7695258386e+00 -1.2807793090e+00 -2.0882047184e+00 -7.1251770955e-01 -4.9853286766e+00 -1.3319556613e+00 -7.9442237711e-01 -1.0964287221e-02 -1.2891183322e+00  1.2583593988e+00 -3.7212966781e+00 -5.3437859425e-01  6.6640374581e+00  1.1805755029e+00  1.4848384713e+00  5.1949936195e+00  3.0239813249e+00  5.6002333683e-01  5.7170145976e+00 -1.1697870984e+00  1.4350205750e+00  2.2410127292e+00 -1.7174129350e+00  2.1270061030e-02
ENERGY -6.641934057792e+02

JOB 11
COORDS -1.9817017351e+00 -2.9990445632e+00 -1.8289060065e+00 -1.0435556742e+00 -3.6803666517e+00 -1.0479514011e+00 -1.7490199436e+00 -1.6593521723e+00 -2.1604343438e+00  1.1831292222e-01 -3.0506434001e+00 -5.9357831031e-01 -5.9524273668e-01 -1.0162707680e+00 -1.7155101090e+00  5.3950363003e+00  1.6161407996e+00  8.4484252464e-01  5.5522062024e+00  3.3195313957e-01  1.3721202539e+00  4.2364513596e+00  1.8437661228e+00  1.0214764853e-01  3.4671328901e-01 -1.7048971372e+00 -9.2943301525e-01  3.5773246937e+00 -3.1459652923e-01  4.5939072794e-01  2.5417646755e+00 -1.4162836483e+00  2.4186773101e-01  4.6510396800e+00 -6.3872836612e-01  1.1857092045e+00  3.3250123699e+00  8.8454896623e-01 -9.4364991665e-02  1.4863390908e+00 -9.8812073648e-01 -5.1855142776e-01  2.6852764979e+00 -2.5369868086e+00  7.1355916206e-01 -2.8803554807e+00 -3.5023381821e+00 -2.1747037396e+00 -1.2132281922e+00 -4.7211507973e+00 -7.8403823215e-01 -2.4664167570e+00 -1.1125248271e+00 -2.7667709050e+00  8.4138501304e-01 -3.5817171239e+00  1.0200081244e-02 -4.1886287102e-01  2.5595296255e-02 -1.9762696252e+00  6.1338984835e+00  2.3951242463e+00  1.0037585898e+00  6.4285680669e+00  7.0467835664e-02  1.9636241684e+00  4.0302504690e+00  2.8138809221e+00 -3.4685618273e-01  1.5546531805e+00 -1.7768971685e-02 -8.1244189303e-01
ENERGY -6.641937321759e+02

JOB 12
COORDS -1.9581444855e+00 -3.0039746480e+00 -1.8509822479e+00 -1.0749277652e+00 -3.6531361556e+00 -9.8308672129e-01 -1.6921329596e+00 -1.6848984509e+00 -2.2354497167e+00  6.4939791222e-02 -3.0097508501e+00 -4.9389178032e-01 -5.5710859700e-01 -1.0302555405e+00 -1.7593680834e+00  5.3989978903e+00  1.6216679814e+00  8.4044668659e-01  5.6071320558e+00  3.1080845650e-01  1.2765308785e+00  4.1952167918e+00  1.8739254085e+00  1.8244611508e-01  3.3148020332e-01 -1.6878657804e+00 -8.8984038379e-01  3.5903332719e+00 -3.1417261066e-01  4.4255514019e-01  2.5611491723e+00 -1.4191573398e+00  2.1231894123e-01  4.7102783594e+00 -6.6247122463e-01  1.0828568560e+00  3.2881978076e+00  9.1174487009e-01 -2.0020245001e-02  1.4412180921e+00 -9.5508939972e-01 -4.2614874161e-01  2.7567078224e+00 -2.5695834951e+00  5.8208124747e-01 -2.8413146487e+00 -3.5164212546e+00 -2.2223233173e+00 -1.2728316652e+00 -4.6768154045e+00 -6.7559952385e-01 -2.3677498192e+00 -1.1637434607e+00 -2.9086969473e+00  7.4839883493e-01 -3.5169411500e+00  1.7350142210e-01 -3.5259725805e-01 -5.3455153466e-03 -2.0631312015e+00  6.1344384665e+00  2.4028830267e+00  1.0041410844e+00  6.5210265389e+00  2.9723788685e-02  1.7981380454e+00  3.9485791368e+00  2.8658687359e+00 -1.9236986527e-01  1.4886389850e+00  2.6688523455e-02 -6.8394027746e-01
ENERGY -6.641934048886e+02

JOB 13
COORDS -1.9253473890e+00 -3.0085242226e+00 -1.8664416044e+00 -1.1004110876e+00 -3.6187845958e+00 -9.1608151438e-01 -1.6224623346e+00 -1.7155277041e+00 -2.3067581504e+00  1.6896109750e-02 -2.9581283220e+00 -3.9991326264e-01 -5.0521939532e-01 -1.0468686622e+00 -1.8059867647e+00  5.3987430438e+00  1.6402039426e+00  8.6212272708e-01  5.6491991728e+00  3.0852885103e-01  1.2023409585e+00  4.1617927686e+00  1.9108772128e+00  2.7710488476e-01  3.2481574552e-01 -1.6659141179e+00 -8.5622390934e-01  3.6069155637e+00 -3.0118029940e-01  4.1898886811e-01  2.5879835159e+00 -1.4084609803e+00  1.5716773247e-01  4.7609456274e+00 -6.6759769237e-01  9.8468472005e-01  3.2627193272e+00  9.4591380026e-01  5.2922039176e-02  1.4077854486e+00 -9.2049300019e-01 -3.4431884680e-01  2.8346644258e+00 -2.5825262965e+00  3.9626331046e-01 -2.7934282229e+00 -3.5318135962e+00 -2.2578132113e+00 -1.3296540738e+00 -4.6211620807e+00 -5.6361026401e-01 -2.2537253174e+00 -1.2262060252e+00 -3.0439113187e+00  6.5681077476e-01 -3.4351483135e+00  3.3074684308e-01 -2.6859000010e-01 -4.3526894680e-02 -2.1546605706e+00  6.1277121108e+00  2.4236386058e+00  1.0431925369e+00  6.5902183855e+00  1.2792927867e-02  1.6642381290e+00  3.8814141554e+00  2.9199408994e+00 -2.0313202797e-02  1.4283025116e+00  7.3427047545e-02 -5.5443106086e-01
ENERGY -6.641924595217e+02

JOB 14
COORDS -1.8928796366e+00 -3.0272731828e+00 -1.8883200499e+00 -1.1439393952e+00 -3.5926738809e+00 -8.5041557031e-01 -1.5408570385e+00 -1.7667560587e+00 -2.3816640630e+00 -5.5395095954e-02 -2.9126036669e+00 -3.0039387856e-01 -4.4577209841e-01 -1.0842401146e+00 -1.8481304537e+00  5.3980515627e+00  1.6355996775e+00  8.7561705818e-01  5.6895043308e+00  2.8711980161e-01  1.0960653308e+00  4.1226001633e+00  1.9260970056e+00  3.9160802211e-01  3.0732955555e-01 -1.6576378340e+00 -8.1229170196e-01  3.6109821635e+00 -3.0083734494e-01  3.9615240021e-01  2.5958458562e+00 -1.4045953514e+00  1.0678343140e-01  4.8037319597e+00 -6.8676726383e-01  8.5947389880e-01  3.2256109658e+00  9.6331536421e-01  1.4959538650e-01  1.3655001941e+00 -9.0553667947e-01 -2.4902946192e-01  2.8793825301e+00 -2.5888792012e+00  2.1133430649e-01 -2.7419943729e+00 -3.5613269999e+00 -2.3060481163e+00 -1.4139680111e+00 -4.5688541623e+00 -4.5596420496e-01 -2.1145587860e+00 -1.3144460447e+00 -3.1864141060e+00  5.2560321152e-01 -3.3510277111e+00  5.0164255426e-01 -1.6641948053e-01 -1.0815346062e-01 -2.2392938029e+00  6.1255780979e+00  2.4170673043e+00  1.0705387218e+00  6.6622417534e+00 -2.4297822527e-02  1.4743892799e+00  3.8090257081e+00  2.9492217827e+00  1.9112275334e-01  1.3571881431e+00  9.8597504460e-02 -4.0373310717e-01
ENERGY -6.641909258816e+02

JOB 15
COORDS -1.8654929696e+00 -3.0413816558e+00 -1.9029514188e+00 -1.2061364556e+00 -3.5540180307e+00 -7.7986817285e-01 -1.4428362896e+00 -1.8297289459e+00 -2.4585993015e+00 -1.3664826169e-01 -2.8628954532e+00 -2.0727356462e-01 -3.6159287375e-01 -1.1409220849e+00 -1.9024648033e+00  5.3927085662e+00  1.6378474477e+00  8.8747306192e-01  5.7300087346e+00  2.8408519785e-01  9.6240013106e-01  4.0816247495e+00  1.9330658355e+00  5.1452729437e-01  2.9862995100e-01 -1.6612452826e+00 -7.8131556248e-01  3.6244059024e+00 -2.9922029581e-01  3.4397634743e-01  2.6182053397e+00 -1.4000352990e+00  1.3642574796e-02  4.8542279331e+00 -6.9010729280e-01  6.9234026717e-01  3.1936152183e+00  9.7002175930e-01  2.4160566129e-01  1.3466695342e+00 -9.1156372215e-01 -1.8285633325e-01  2.9371824402e+00 -2.5778441418e+00 -3.7252038315e-02 -2.7025374701e+00 -3.5799481638e+00 -2.3390586617e+00 -1.5334718255e+00 -4.4918057116e+00 -3.3864205065e-01 -1.9487125367e+00 -1.4220032337e+00 -3.3299067775e+00  3.7570306657e-01 -3.2529039631e+00  6.6522090880e-01 -2.1967241421e-02 -2.0516984178e-01 -2.3409379340e+00  6.1126888756e+00  2.4195781920e+00  1.1078360418e+00  6.7326658473e+00 -3.1420039775e-02  1.2478444518e+00  3.7312247675e+00  2.9604388261e+00  4.3028585963e-01  1.2998884431e+00  1.0052451386e-01 -2.5787106060e-01
ENERGY -6.641889073270e+02

JOB 16
COORDS -1.8668628401e+00 -3.0587365569e+00 -1.8887628125e+00 -1.3037141244e+00 -3.4930824758e+00 -6.8353092185e-01 -1.3502737178e+00 -1.9270509798e+00 -2.5276446824e+00 -2.3615941706e-01 -2.7962424031e+00 -1.1305780092e-01 -2.7026741777e-01 -1.2367863097e+00 -1.9694105731e+00  5.3846939445e+00  1.6247758762e+00  9.4330591443e-01  5.7622964556e+00  2.8349917643e-01  8.4061975400e-01  4.0463757898e+00  1.9164518460e+00  6.8078593678e-01  2.8986917356e-01 -1.6748201598e+00 -7.6350359515e-01  3.6407839477e+00 -2.9477460397e-01  2.7368046791e-01  2.6470057935e+00 -1.3833532944e+00 -1.2937949940e-01  4.8991511359e+00 -6.8162406881e-01  5.0514259054e-01  3.1697574119e+00  9.6211621161e-01  3.4678834751e-01  1.3486384968e+00 -9.3120985474e-01 -1.6099422876e-01  2.9987116949e+00 -2.5277173595e+00 -3.6945744725e-01 -2.7028194951e+00 -3.5980593227e+00 -2.3262848265e+00 -1.7033884795e+00 -4.3697102095e+00 -1.8056639825e-01 -1.7818076948e+00 -1.5845166508e+00 -3.4645304072e+00  2.0478205014e-01 -3.1197954895e+00  8.2454748849e-01  1.4625464844e-01 -3.6556724861e-01 -2.4692546286e+00  6.0949744516e+00  2.3996885638e+00  1.2136974719e+00  6.7878474838e+00 -2.9065772698e-02  1.0328467308e+00  3.6638858720e+00  2.9342499465e+00  7.3762680837e-01  1.2525208331e+00  7.8623689467e-02 -1.0745341738e-01
ENERGY -6.641868066057e+02

JOB 17
COORDS -1.8813221364e+00 -3.1244028291e+00 -1.7915119529e+00 -1.4394732785e+00 -3.2741825915e+00 -4.7270278924e-01 -1.2360665652e+00 -2.2230217941e+00 -2.6447767033e+00 -3.5771888910e-01 -2.5220212696e+00 -6.1046094721e-03 -1.5421796111e-01 -1.4697514014e+00 -2.1801938367e+00  5.3736831743e+00  1.5478163644e+00  1.1635137978e+00  5.8038308658e+00  3.3673205430e-01  6.1574711533e-01  3.9990966688e+00  1.7836535867e+00  1.1465849584e+00  2.8032279022e-01 -1.6153484043e+00 -8.5878726491e-01  3.6599995417e+00 -2.3505024046e-01  1.3171331377e-01  2.6796372787e+00 -1.2500767700e+00 -4.5663341833e-01  4.9562258985e+00 -5.5941815919e-01  9.8436078951e-02  3.1377414339e+00  8.9776507712e-01  6.3305342738e-01  1.3781271614e+00 -8.3380710012e-01 -3.7797657062e-01  3.0501210810e+00 -2.3102108359e+00 -9.3826732715e-01 -2.7214023731e+00 -3.7110684340e+00 -2.1540905515e+00 -1.9333294504e+00 -3.9789377530e+00  1.9109441590e-01 -1.5715800249e+00 -2.1092159007e+00 -3.6722384369e+00  3.1179597526e-03 -2.6368332718e+00  1.0121792174e+00  3.6321501886e-01 -7.7442800358e-01 -2.8352088010e+00  6.0713463398e+00  2.2673312943e+00  1.5803116288e+00  6.8607657909e+00  7.4570827044e-02  5.8981245773e-01  3.5744125627e+00  2.7005623373e+00  1.5521401391e+00  1.2154910492e+00  7.1514558771e-02  5.0587229945e-02
ENERGY -6.641855356479e+02

JOB 18
COORDS -1.8235643489e+00 -3.1783343320e+00 -1.6772589418e+00 -1.5056417398e+00 -2.9984809736e+00 -3.2710948002e-01 -1.0745931030e+00 -2.5229188547e+00 -2.6607424878e+00 -4.4163809725e-01 -2.1686542069e+00  3.7761805306e-02 -2.1769720736e-02 -1.6788273489e+00 -2.2998242991e+00  5.3611729118e+00  1.4658504975e+00  1.3439949562e+00  5.8033954588e+00  5.1326459288e-01  4.2250967989e-01  3.9817905155e+00  1.5596603770e+00  1.5272591951e+00  2.8601228133e-01 -1.4912538983e+00 -9.4836315519e-01  3.6607969641e+00 -1.0657148006e-01 -2.6632007329e-03  2.6885369651e+00 -1.0160340935e+00 -7.5317033059e-01  4.9625590755e+00 -2.7751280631e-01 -2.5325882082e-01  3.1268842839e+00  7.7807176439e-01  8.5714037018e-01  1.3755188099e+00 -6.4789376833e-01 -5.7631771917e-01  3.0718331902e+00 -1.9473895831e+00 -1.4433107181e+00 -2.6450249615e+00 -3.8306942872e+00 -1.9614461861e+00 -2.0739736880e+00 -3.5157667418e+00  4.4149880193e-01 -1.3110308090e+00 -2.6676621677e+00 -3.7115930232e+00 -1.7153494667e-01 -2.0445704960e+00  1.0836615864e+00  5.6961838331e-01 -1.1693294341e+00 -3.0540135498e+00  6.0537026508e+00  2.1000448574e+00  1.8883518535e+00  6.8647042029e+00  3.7831805397e-01  2.1804682416e-01  3.5477591026e+00  2.2743151846e+00  2.2246380019e+00  1.2255462418e+00  3.7188129584e-02  1.5851436147e-01
ENERGY -6.641867392994e+02

JOB 19
COORDS -1.8192717745e+00 -3.1829550863e+00 -1.6486519128e+00 -1.5847819538e+00 -2.8789484302e+00 -3.0373338365e-01 -9.8418619808e-01 -2.6456815222e+00 -2.6345662025e+00 -5.2027945594e-01 -2.0472236689e+00  5.3142430901e-02  7.0733556709e-02 -1.7988323682e+00 -2.2879506155e+00  5.3626530628e+00  1.4283269119e+00  1.3922001637e+00  5.7945321850e+00  6.1237243584e-01  3.4342267461e-01  3.9918109094e+00  1.4350383025e+00  1.6492644672e+00  2.9531740750e-01 -1.4891984999e+00 -9.4074591383e-01  3.6595174348e+00 -5.0587520993e-02 -5.2702557636e-02  2.6913494785e+00 -9.0946437561e-01 -8.6436231088e-01  4.9521398408e+00 -1.3033470130e-01 -3.8307687583e-01  3.1350271676e+00  6.9911895316e-01  9.3192322795e-01  1.3744720127e+00 -6.4442800686e-01 -5.6442598009e-01  3.0792695641e+00 -1.7168838319e+00 -1.6942797839e+00 -2.6415366571e+00 -3.8373433512e+00 -1.9253973857e+00 -2.2194768625e+00 -3.3016703842e+00  4.7073957883e-01 -1.1553896046e+00 -2.8846580142e+00 -3.6808936170e+00 -3.1937110999e-01 -1.8292615236e+00  1.0996867816e+00  7.2562332294e-01 -1.3853452233e+00 -3.0468191210e+00  6.0561663782e+00  2.0253405825e+00  1.9759144573e+00  6.8484746659e+00  5.5087424915e-01  7.5542729785e-02  3.5660172933e+00  2.0410121497e+00  2.4472552502e+00  1.2483899171e+00 -6.2519244699e-02  2.5886724199e-01
ENERGY -6.641887376562e+02

JOB 20
COORDS -1.8517770509e+00 -3.1562148675e+00 -1.6448114991e+00 -1.6737546879e+00 -2.7759312377e+00 -3.1045907254e-01 -9.3947894188e-01 -2.7217457667e+00 -2.6123845597e+00 -5.9101632530e-01 -1.9723861418e+00  5.1848777833e-02  1.3905047222e-01 -1.9058340852e+00 -2.2635427559e+00  5.3618201273e+00  1.4228250036e+00  1.4012498242e+00  5.7799551044e+00  7.2231090644e-01  2.6705739706e-01  4.0061339902e+00  1.3392076540e+00  1.7182724987e+00  3.0946953761e-01 -1.5215160189e+00 -9.2554054115e-01  3.6614859052e+00 -1.0437147343e-02 -9.2965227983e-02  2.6937836513e+00 -8.4045505288e-01 -9.3446204029e-01  4.9389938248e+00  4.1085054066e-03 -4.8525355503e-01  3.1518719577e+00  6.2480588304e-01  9.7662779064e-01  1.3893231753e+00 -6.9878165560e-01 -5.2460745347e-01  3.0753221455e+00 -1.5259832112e+00 -1.8714287980e+00 -2.6898405826e+00 -3.7879520195e+00 -1.9263753740e+00 -2.3693224704e+00 -3.1151894517e+00  4.5272584151e-01 -1.0671834366e+00 -3.0176080204e+00 -3.6504352616e+00 -4.4048568687e-01 -1.6927611194e+00  1.0924509923e+00  8.5142086413e-01 -1.5776841952e+00 -3.0103885986e+00  6.0543185655e+00  2.0015933001e+00  2.0041512686e+00  6.8216538270e+00  7.3636047672e-01 -5.0697304097e-02  3.5915090507e+00  1.8526595915e+00  2.5841566597e+00  1.2859409035e+00 -1.8613677687e-01  3.4651717594e-01
ENERGY -6.641907187663e+02

JOB 21
COORDS -1.8753349514e+00 -3.1344367275e+00 -1.6533084764e+00 -1.7416979990e+00 -2.6913754505e+00 -3.3287700361e-01 -8.9082076925e-01 -2.8048358759e+00 -2.5903504038e+00 -6.3415936542e-01 -1.9306240637e+00  4.2259763973e-02  2.1891856953e-01 -2.0363807961e+00 -2.2303924231e+00  5.3684521412e+00  1.4114006126e+00  1.4163283373e+00  5.7694520322e+00  8.1715602059e-01  2.1716986110e-01  4.0350593298e+00  1.2311722951e+00  1.7839809039e+00  3.4631801480e-01 -1.5904659627e+00 -9.0497175634e-01  3.6772898249e+00 -2.0463970676e-03 -1.0645229347e-01  2.7151631780e+00 -8.1612725776e-01 -9.6942913903e-01  4.9328644868e+00  1.0970861719e-01 -5.5004875387e-01  3.1856964412e+00  5.2611611124e-01  1.0280847868e+00  1.4360369445e+00 -8.0463619579e-01 -4.7290370724e-01  3.0842410305e+00 -1.3835644467e+00 -1.9881937393e+00 -2.7345757688e+00 -3.7313896644e+00 -1.9464720216e+00 -2.4943051105e+00 -2.9450640585e+00  4.0915802027e-01 -9.8420319525e-01 -3.1475590894e+00 -3.6176691220e+00 -5.2497489825e-01 -1.5977731485e+00  1.0725424831e+00  9.8518417867e-01 -1.7928289480e+00 -2.9545405322e+00  6.0572073862e+00  1.9831694716e+00  2.0300845821e+00  6.7934018706e+00  9.1041593678e-01 -1.4220990888e-01  3.6351071833e+00  1.6578781968e+00  2.7022896194e+00  1.3476294458e+00 -3.4735812319e-01  4.3015225297e-01
ENERGY -6.641923160385e+02

JOB 22
COORDS -1.9057256145e+00 -3.1032638506e+00 -1.6643032866e+00 -1.8063408636e+00 -2.5954433005e+00 -3.6401987094e-01 -8.6084399152e-01 -2.8797791114e+00 -2.5659648490e+00 -6.7653453765e-01 -1.8767391919e+00  2.4105858202e-02  2.7614748148e-01 -2.1579839834e+00 -2.1932721657e+00  5.3699183590e+00  1.4017548763e+00  1.4219885596e+00  5.7406066195e+00  9.1837260299e-01  1.6472002792e-01  4.0670724079e+00  1.1238828274e+00  1.8355301781e+00  3.7013941379e-01 -1.6481244872e+00 -8.8710619394e-01  3.6781199241e+00  1.2565360499e-02 -1.2240341973e-01  2.7153363142e+00 -7.8490204516e-01 -1.0002401593e+00  4.9030128384e+00  2.2380114477e-01 -6.1331757809e-01  3.2172876751e+00  4.3075348295e-01  1.0695138908e+00  1.4758460253e+00 -9.0563575732e-01 -4.2879691900e-01  3.0567694148e+00 -1.2366651334e+00 -2.0854218390e+00 -2.7841111479e+00 -3.6659343646e+00 -1.9681510096e+00 -2.6067997927e+00 -2.7624182002e+00  3.5203315514e-01 -9.2619834546e-01 -3.2712776732e+00 -3.5779410370e+00 -6.0046883261e-01 -1.4891646537e+00  1.0382385122e+00  1.0861360402e+00 -1.9948239117e+00 -2.8911604644e+00  6.0585208676e+00  1.9639895441e+00  2.0446154126e+00  6.7393841013e+00  1.0924749587e+00 -2.3335378299e-01  3.6921400403e+00  1.4615426934e+00  2.8002394162e+00  1.4070167816e+00 -4.9583110896e-01  4.9852755260e-01
ENERGY -6.641933606142e+02

JOB 23
COORDS -1.9345112037e+00 -3.0639013847e+00 -1.6823623850e+00 -1.8609667159e+00 -2.5014336884e+00 -4.0288878377e-01 -8.4065226664e-01 -2.9431817910e+00 -2.5444226057e+00 -7.0899034127e-01 -1.8298431053e+00  2.7944843071e-03  3.2178237475e-01 -2.2731894342e+00 -2.1535742545e+00  5.3651161181e+00  1.4023752625e+00  1.4150989104e+00  5.6969406306e+00  1.0174323173e+00  1.1377140698e-01  4.0994849884e+00  1.0316291735e+00  1.8693899894e+00  3.9012006576e-01 -1.7103048997e+00 -8.6728931703e-01  3.6701047203e+00  2.4127612677e-02 -1.3580921947e-01  2.7037344001e+00 -7.6227612628e-01 -1.0196700437e+00  4.8574638200e+00  3.2921932014e-01 -6.6789244936e-01  3.2483087946e+00  3.4364429403e-01  1.1003280914e+00  1.5170432226e+00 -1.0179838681e+00 -3.8561447106e-01  3.0032966979e+00 -1.1020346720e+00 -2.1571332094e+00 -2.8314300841e+00 -3.5878479752e+00 -2.0008915476e+00 -2.7011167298e+00 -2.5848397375e+00  2.8160077435e-01 -8.8654266254e-01 -3.3760950737e+00 -3.5404927586e+00 -6.5627288729e-01 -1.3938390520e+00  9.9864355761e-01  1.1657187310e+00 -2.1819312049e+00 -2.8235530326e+00  6.0548685447e+00  1.9604788661e+00  2.0401552319e+00  6.6653061446e+00  1.2674079110e+00 -3.1764348398e-01  3.7561861836e+00  1.2891651590e+00  2.8699246570e+00  1.4662598849e+00 -6.5174884019e-01  5.6093635802e-01
ENERGY -6.641937328598e+02

