JOB 0
COORDS  2.3671158702e-01 -1.4923733991e-01 -4.3729458424e-03  4.1107155152e-01 -5.1241842264e-01  1.2770286173e+00  1.6636380897e+00  1.5560967601e+00  2.2417385169e+00  2.0989068460e-01  1.9401241758e+00  2.1825742187e+00  5.8536243193e-01  4.8267000605e-01  2.3971953242e+00  4.6523054243e-01 -1.9790229236e+00  1.6455068380e+00  3.9947953842e-01 -3.0818878588e-02  3.8153913078e+00 -1.8558604574e+00  5.2994568205e-01  4.1586220445e+00 -9.0430304039e-01 -5.5987342621e-01  4.0796342706e+00  1.4698198135e-01 -8.9492632714e-01 -7.8980591449e-01  1.8772114931e-01  8.8808964862e-01 -3.2376527055e-01  2.2258727999e+00  1.5332151957e+00  1.3137667928e+00  2.2402815227e+00  1.8366224633e+00  3.1201425028e+00 -2.2099530432e-01  2.4559760272e+00  3.0338463946e+00 -2.1028806493e-01  2.2241912811e+00  1.2236997678e+00  1.4275603458e+00 -2.2366398733e+00  2.1057778416e+00 -3.1548275289e-01 -2.2345478241e+00  2.3680849948e+00  3.4070697421e-01 -2.6054436756e+00  7.5859750856e-01  6.1571293048e-01  7.6978404492e-01  4.5325382278e+00  1.0696226843e+00 -8.7044341959e-01  4.0237810289e+00 -2.4911107005e+00  2.0620899236e-01  4.8904647237e+00 -2.3833939169e+00  4.6817626029e-01  3.2832817778e+00
ENERGY -4.045091831803e+02

JOB 1
COORDS  5.2150145313e-01 -1.4323919031e-01 -4.3103690497e-02  4.7722979444e-01 -5.0366165636e-01  1.2506762590e+00  1.5822606308e+00  1.6517880339e+00  2.2059229301e+00  1.0440391199e-01  1.9182534775e+00  2.1533089885e+00  6.0156304937e-01  4.9315082109e-01  2.3781198034e+00  2.9584310801e-01 -1.9600785012e+00  1.6194677314e+00  4.7324695804e-01 -2.4743252152e-02  3.8005049813e+00 -1.7597385551e+00  5.1853647850e-01  4.3039686990e+00 -8.1441104081e-01 -5.6428275299e-01  4.1262964450e+00  4.3411361536e-01 -8.8464430809e-01 -8.3255075934e-01  6.5147956837e-01  8.8644521456e-01 -3.6700298047e-01  2.1501439955e+00  1.6675017395e+00  1.2815087956e+00  2.1332387257e+00  1.9842869033e+00  3.0822812174e+00 -3.5873239046e-01  2.4139449842e+00  2.9997123637e+00 -3.4913638088e-01  2.1319330074e+00  1.1906660657e+00  1.1626744169e+00 -2.3413406643e+00  2.1734245648e+00 -5.7667716279e-01 -2.1024800040e+00  2.2631966369e+00  1.7987998661e-01 -2.5724802799e+00  7.2168806486e-01  7.1129677602e-01  7.7609115463e-01  4.5098252699e+00  1.1592082691e+00 -8.5853817591e-01  3.9799440734e+00 -2.3243601243e+00  1.8527926107e-01  5.0877510210e+00 -2.3652109910e+00  4.6323837015e-01  3.4804163229e+00
ENERGY -4.045082424408e+02

JOB 2
COORDS  7.6161775045e-01 -1.9027874744e-01 -4.1254216145e-02  5.0357596141e-01 -5.0937292312e-01  1.2384226897e+00  1.4675280211e+00  1.7229831390e+00  2.1848764888e+00 -2.4959034743e-02  1.8831035268e+00  2.1200394850e+00  5.7838914103e-01  4.9763143333e-01  2.3612551321e+00  8.1942625433e-02 -1.9207407638e+00  1.5864944983e+00  5.0146664517e-01 -1.6242782274e-02  3.7901529522e+00 -1.7251170514e+00  4.4777749483e-01  4.3901183309e+00 -7.5338830397e-01 -6.0115947766e-01  4.1617955732e+00  6.7154416900e-01 -9.3245061125e-01 -8.2972465670e-01  1.0609899254e+00  8.0601434258e-01 -3.5610854464e-01  2.0453662039e+00  1.7895689782e+00  1.2695794320e+00  1.9830945083e+00  2.0969236221e+00  3.0655790935e+00 -5.2918670434e-01  2.3584449788e+00  2.9548831057e+00 -4.7989569398e-01  2.0419801207e+00  1.1471816322e+00  7.8790044261e-01 -2.3919870510e+00  2.2803356549e+00 -8.9189171809e-01 -1.9356433783e+00  2.0836210966e+00  3.3468484759e-02 -2.5393015779e+00  6.8667988609e-01  7.2859660565e-01  7.9742658492e-01  4.4878722422e+00  1.2258235518e+00 -8.2120845438e-01  3.9525975181e+00 -2.2310631181e+00  1.0016639847e-01  5.2071358340e+00 -2.3755696296e+00  3.6586087846e-01  3.6039868853e+00
ENERGY -4.045075553956e+02

JOB 3
COORDS  1.0293980671e+00 -3.1276482465e-01  9.4983869705e-03  5.4983534199e-01 -5.3828340877e-01  1.2438682354e+00  1.4024955868e+00  1.7611779594e+00  2.1514048343e+00 -9.7877754660e-02  1.8303498612e+00  2.0996065823e+00  5.9503364289e-01  4.8722940219e-01  2.3498720276e+00 -1.0812054580e-01 -1.8652740226e+00  1.5569186623e+00  5.8572560096e-01 -1.8568225069e-02  3.7854416504e+00 -1.6349640986e+00  3.4413157099e-01  4.4664771154e+00 -6.2375023801e-01 -6.5898871470e-01  4.2089223334e+00  9.3735470284e-01 -1.0655398969e+00 -7.6906326322e-01  1.5170135993e+00  6.1326216794e-01 -2.7985730478e-01  1.9645517737e+00  1.8789019762e+00  1.2324410081e+00  1.8998108844e+00  2.1718578933e+00  3.0258150615e+00 -6.2504159445e-01  2.2859259412e+00  2.9315570695e+00 -5.6353169707e-01  1.9499192195e+00  1.1260647627e+00  3.9766001550e-01 -2.3853539205e+00  2.3769632231e+00 -1.1455974926e+00 -1.7303837087e+00  1.8790188556e+00 -9.3760057445e-02 -2.5166722987e+00  6.7906234839e-01  8.0001926221e-01  8.0955860221e-01  4.4699348493e+00  1.3541762516e+00 -7.8746110911e-01  3.9219925117e+00 -2.0792184268e+00 -8.1233464469e-03  5.3167793307e+00 -2.3205552026e+00  2.0974534608e-01  3.7183714923e+00
ENERGY -4.045075786350e+02

JOB 4
COORDS  1.2547176329e+00 -4.0763213778e-01  1.0131809446e-01  5.5716510783e-01 -5.2002649336e-01  1.2426893609e+00  1.3065291302e+00  1.8302903182e+00  2.1072423872e+00 -1.9781754357e-01  1.8106031321e+00  2.1058896727e+00  5.8176648228e-01  5.1462356758e-01  2.3379296991e+00 -3.1124891186e-01 -1.7367787148e+00  1.4798724712e+00  6.5816182239e-01  8.3544857608e-03  3.7725674462e+00 -1.5532002557e+00  2.4659491337e-01  4.5343866227e+00 -4.9363209189e-01 -6.9671121801e-01  4.2490092693e+00  1.1779088467e+00 -1.1659427000e+00 -6.7410252385e-01  1.9201703954e+00  4.2413336491e-01 -1.0671788222e-01  1.8188137187e+00  1.9911774309e+00  1.1664007293e+00  1.8084476240e+00  2.2759945444e+00  2.9614981436e+00 -7.2647345142e-01  2.2374881285e+00  2.9520087050e+00 -6.9710986308e-01  1.9046650057e+00  1.1460074409e+00  2.7489766545e-02 -2.3084988153e+00  2.3487159500e+00 -1.3480905549e+00 -1.4491525858e+00  1.6906999106e+00 -3.0415811186e-01 -2.3944819945e+00  6.0632485050e-01  8.6071785155e-01  8.4566076490e-01  4.4497136863e+00  1.4702886804e+00 -7.2136037188e-01  3.8668845262e+00 -1.9417083101e+00 -1.1937450462e-01  5.4059628942e+00 -2.2577567852e+00  5.9006952673e-02  3.8158810719e+00
ENERGY -4.045086649994e+02

JOB 5
COORDS  1.4253479935e+00 -5.3368793333e-01  2.4962509850e-01  5.4615403076e-01 -5.1040001905e-01  1.2625683949e+00  1.2272159282e+00  1.8792607213e+00  2.0529907956e+00 -2.7648782180e-01  1.7952575380e+00  2.1198888018e+00  5.6607092745e-01  5.4306812327e-01  2.3383960366e+00 -5.1437119238e-01 -1.5808743982e+00  1.3920223813e+00  7.3110713346e-01  5.9374095822e-02  3.7739660034e+00 -1.4843205867e+00  7.6324107563e-02  4.5561245451e+00 -3.2973925792e-01 -7.5339262206e-01  4.2856233051e+00  1.3752690171e+00 -1.3025936870e+00 -5.1800321075e-01  2.2218175297e+00  1.9812745092e-01  1.5302403678e-01  1.6805956634e+00  2.0384813862e+00  1.0815437504e+00  1.7486539224e+00  2.3680554455e+00  2.8714461843e+00 -7.8724597211e-01  2.2142247892e+00  2.9809927146e+00 -8.1837376319e-01  1.8626075039e+00  1.1806066291e+00 -3.6777560036e-01 -2.1727981460e+00  2.2996585026e+00 -1.5128589073e+00 -1.1309358706e+00  1.4695813821e+00 -5.0765159962e-01 -2.2509836926e+00  5.2767873450e-01  8.6862813008e-01  9.2013517586e-01  4.4389664781e+00  1.6127266329e+00 -5.8747547358e-01  3.8446341591e+00 -1.8383654778e+00 -3.2228891376e-01  5.4279504614e+00 -2.1602870050e+00 -1.8900783312e-01  3.8344001523e+00
ENERGY -4.045102599955e+02

JOB 6
COORDS  1.5475994547e+00 -6.7106038990e-01  4.0921852110e-01  5.4233480537e-01 -5.1407208555e-01  1.2820771584e+00  1.1467829236e+00  1.9210519041e+00  1.9905644850e+00 -3.5122536084e-01  1.7683968997e+00  2.1305375089e+00  5.5749936262e-01  5.6705696981e-01  2.3303179718e+00 -6.6029735407e-01 -1.4286080003e+00  1.2838886008e+00  7.9643479570e-01  1.0540254876e-01  3.7622634240e+00 -1.3987553623e+00 -5.1401474920e-02  4.5801994782e+00 -1.8804563019e-01 -7.8985402199e-01  4.2885109670e+00  1.5295558453e+00 -1.4594849349e+00 -3.4010217757e-01  2.4195890666e+00 -2.2150527240e-02  4.1867964341e-01  1.5467672759e+00  2.0659595320e+00  9.9288458552e-01  1.6822525013e+00  2.4550768863e+00  2.7711802953e+00 -8.3896076227e-01  2.1829876172e+00  3.0069520794e+00 -9.3895793516e-01  1.8014728990e+00  1.2170334579e+00 -7.1727553127e-01 -1.9846481250e+00  2.2250821139e+00 -1.5864415435e+00 -8.4605000120e-01  1.1958277766e+00 -6.2502811101e-01 -2.1418650921e+00  4.5546034888e-01  8.7840871138e-01  9.7548570980e-01  4.4250061536e+00  1.7261556622e+00 -4.7187299703e-01  3.8112922852e+00 -1.7157217111e+00 -4.8975918147e-01  5.4471079835e+00 -2.0594520969e+00 -3.5204584481e-01  3.8579907982e+00
ENERGY -4.045113489563e+02

JOB 7
COORDS  1.6715624126e+00 -7.9377143622e-01  5.7156907338e-01  5.7503397759e-01 -4.9978811093e-01  1.2834944537e+00  1.0794838540e+00  1.9962786199e+00  1.8831550316e+00 -4.0279300798e-01  1.7702916240e+00  2.1064124045e+00  5.7653068654e-01  6.2716176940e-01  2.2852058845e+00 -7.1064271828e-01 -1.2769728314e+00  1.1399937176e+00  8.8476745821e-01  2.0469672560e-01  3.7152981792e+00 -1.2680637415e+00 -5.3773347723e-02  4.6144019424e+00 -4.1413662530e-02 -7.3920628593e-01  4.2632207043e+00  1.6891115058e+00 -1.6179465163e+00 -1.3827028509e-01  2.5877671618e+00 -2.1772414777e-01  6.8100801658e-01  1.4223504851e+00  2.1221423982e+00  8.6133258084e-01  1.6277392157e+00  2.5787768061e+00  2.6193530721e+00 -8.6354191686e-01  2.1846542291e+00  2.9972198332e+00 -1.0374977064e+00  1.7604089326e+00  1.2245224003e+00 -9.6197568860e-01 -1.7699709955e+00  2.0861832350e+00 -1.5441441604e+00 -6.1068793248e-01  8.8848734117e-01 -6.3547351352e-01 -2.0422655112e+00  3.6215918862e-01  9.3163719708e-01  1.0841741739e+00  4.3691867210e+00  1.8450149916e+00 -3.2099718160e-01  3.7459820065e+00 -1.5348078762e+00 -5.2039823506e-01  5.4834676703e+00 -1.9448369963e+00 -3.6501544378e-01  3.9118909686e+00
ENERGY -4.045107336366e+02

JOB 8
COORDS  1.7043109676e+00 -9.5861466188e-01  8.1399480060e-01  5.4769261350e-01 -5.3090002140e-01  1.3380398869e+00  9.4848316200e-01  2.0079382830e+00  1.8654910646e+00 -5.0816237733e-01  1.7189565079e+00  2.1717888357e+00  5.2917589325e-01  6.2377856486e-01  2.3116014078e+00 -7.7252452669e-01 -1.1749954563e+00  9.9821203476e-01  9.1392003185e-01  2.3712021237e-01  3.7329247017e+00 -1.1830209367e+00 -1.0364987680e-01  4.7326487333e+00  4.8767109053e-02 -7.4225531506e-01  4.3164081629e+00  1.7487981708e+00 -1.8085603228e+00  1.3672842675e-01  2.6469268191e+00 -4.6952920767e-01  1.0514575282e+00  1.2327912493e+00  2.1280467352e+00  8.2486157104e-01  1.5111738324e+00  2.6243889712e+00  2.5624365652e+00 -9.3608182527e-01  2.1239194070e+00  3.0827994565e+00 -1.1902592025e+00  1.6772021981e+00  1.3277089507e+00 -1.2705549702e+00 -1.5303956919e+00  1.9084893218e+00 -1.4517918042e+00 -4.6099287016e-01  5.1893837272e-01 -6.4278719237e-01 -2.0268065833e+00  3.2462292922e-01  9.4400354462e-01  1.1242937917e+00  4.3774090130e+00  1.8970760171e+00 -2.4479136631e-01  3.7338308065e+00 -1.3809098768e+00 -5.7234860433e-01  5.6189027350e+00 -1.8852087684e+00 -4.4928689345e-01  4.0728446941e+00
ENERGY -4.045088926804e+02

JOB 9
COORDS  1.6735968238e+00 -1.1056266211e+00  9.9900559420e-01  5.1103655573e-01 -5.3367527011e-01  1.3415270906e+00  8.1979222270e-01  2.0189094654e+00  1.8333785382e+00 -6.0000226764e-01  1.6769154052e+00  2.2265245186e+00  4.8344118129e-01  6.2031351778e-01  2.3188489077e+00 -8.0161735093e-01 -1.0156924144e+00  7.7654225704e-01  9.6092702871e-01  2.7278681989e-01  3.7206729051e+00 -1.0703351314e+00 -1.6403528319e-01  4.8148607523e+00  1.7843987846e-01 -7.3987006465e-01  4.3596201813e+00  1.7156365718e+00 -1.9543870468e+00  3.2055598010e-01  2.6233681143e+00 -7.4535695498e-01  1.3886286832e+00  1.0430060972e+00  2.1320710115e+00  7.7694121961e-01  1.4001265451e+00  2.6638971195e+00  2.4889075558e+00 -9.8692135633e-01  2.0719239095e+00  3.1598852036e+00 -1.3337696755e+00  1.5997657918e+00  1.4303329275e+00 -1.5128739677e+00 -1.2397851993e+00  1.5807882481e+00 -1.2708550666e+00 -2.5270717475e-01  1.4404462978e-01 -6.6847447021e-01 -1.9166931667e+00  1.7146643938e-01  9.7922485480e-01  1.1706043861e+00  4.3508851801e+00  1.9665226943e+00 -1.5770716514e-01  3.6825339288e+00 -1.1946161619e+00 -6.0907767798e-01  5.7263950892e+00 -1.7779358163e+00 -5.8151103257e-01  4.2045498109e+00
ENERGY -4.045073476895e+02

JOB 10
COORDS  1.3301960412e+00 -1.7474373016e+00  1.6906744519e+00  8.1661014255e-01 -5.6694676866e-01  1.3090734672e+00  1.9085831502e+00  1.6698306272e+00  2.0557091577e+00  4.9089732523e-01  2.0058895840e+00  1.6851947266e+00  8.1019353548e-01  6.2391793956e-01  2.2386246371e+00  1.7749189982e-01 -4.1238601184e-01 -5.1828023502e-02  3.2808970142e-01  3.8373345775e-01  3.6630698278e+00  2.3523081689e+00  2.5621950382e-01  4.8519479466e+00  1.1587305544e+00 -4.6524177686e-01  4.4621370368e+00  1.3039473910e+00 -2.6069650389e+00  1.0244513979e+00  1.7620345597e+00 -1.8943461613e+00  2.6749106255e+00  2.6150995880e+00  1.4994858001e+00  1.2481701762e+00  2.3311997186e+00  2.1102444942e+00  2.9525376811e+00 -5.6623342719e-02  2.6880652724e+00  2.3301434121e+00  2.4212270447e-01  2.1002704087e+00  6.3421573337e-01 -8.6006078808e-01 -7.0297488228e-02  3.9610570561e-02  7.0206303057e-01  3.2777454994e-01 -6.6949871916e-01  1.8363164137e-01 -1.3602106446e+00 -5.9657326811e-01 -6.3410167981e-01 -1.3873130428e-01  3.6439029181e+00  2.0560660878e-01  1.3429830741e+00  4.1802934865e+00  3.0978947604e+00 -1.6142969398e-01  4.2874007585e+00  2.5039584881e+00 -7.9671301591e-02  5.8050186887e+00
ENERGY -4.045075256406e+02

JOB 11
COORDS  1.0882352862e+00 -1.8089683185e+00  1.7670231133e+00  7.8820838670e-01 -5.7109635938e-01  1.3382069640e+00  1.8169150361e+00  1.7008304051e+00  2.0311355651e+00  3.7351519398e-01  1.9850610420e+00  1.7366576179e+00  7.6717136473e-01  6.1155070830e-01  2.2719412427e+00  4.1282444574e-01 -3.4056387940e-01 -1.0852406459e-01  3.7172545844e-01  3.6685278410e-01  3.7205491676e+00  2.4807768485e+00  2.6783250409e-01  4.7598682702e+00  1.2605024289e+00 -4.5945498064e-01  4.4808418107e+00  1.0816946876e+00 -2.6494247737e+00  1.0765982348e+00  1.3348404815e+00 -2.0160714457e+00  2.8026077435e+00  2.4880124631e+00  1.5568970613e+00  1.1889339628e+00  2.2708929109e+00  2.1490496941e+00  2.9081542073e+00 -1.6526341353e-01  2.6431691317e+00  2.4130921146e+00  6.3382025808e-02  2.0712841501e+00  7.0180409358e-01 -6.2117643647e-01  1.3109719804e-02 -1.9359466180e-01  1.0494552116e+00  4.1488452733e-01 -5.8643181441e-01  5.0664198771e-01 -1.2643610303e+00 -6.8498504261e-01 -5.7854393595e-01 -1.7625115389e-01  3.7565111936e+00  2.5556366275e-01  1.3263296079e+00  4.2389155421e+00  3.1755057952e+00 -1.5773416376e-01  4.1390381009e+00  2.7122103744e+00 -5.6730823903e-02  5.7006837021e+00
ENERGY -4.045088979996e+02

JOB 12
COORDS  8.6924752672e-01 -1.8251649882e+00  1.8007969703e+00  7.6443907462e-01 -5.6355054107e-01  1.3483747337e+00  1.7308795584e+00  1.7621251178e+00  1.9983874175e+00  2.6401236322e-01  1.9702707876e+00  1.7529721619e+00  7.5096817550e-01  6.2024321129e-01  2.2755368325e+00  6.2853618549e-01 -3.0570466930e-01 -1.3693285849e-01  4.1700536905e-01  3.7448836674e-01  3.7390735451e+00  2.5815267707e+00  2.6960160701e-01  4.6528517045e+00  1.3392295989e+00 -4.4822709437e-01  4.4603766758e+00  8.6714612697e-01 -2.6606144163e+00  1.1043844887e+00  9.6591020583e-01 -2.0587885140e+00  2.8551046470e+00  2.3830815859e+00  1.6645411253e+00  1.1357084776e+00  2.1878815010e+00  2.2283651452e+00  2.8641858836e+00 -2.8746206814e-01  2.5996287536e+00  2.4462558673e+00 -8.3298530908e-02  2.0347950742e+00  7.2838715201e-01 -3.7076633533e-01  7.1911145340e-02 -3.8249281236e-01  1.3493650571e+00  4.3687177694e-01 -4.9911046247e-01  7.8767591801e-01 -1.2262295789e+00 -7.0383998119e-01 -5.3019623688e-01 -1.7000973623e-01  3.8159423189e+00  3.1860128415e-01  1.3344207169e+00  4.2605934294e+00  3.2284046352e+00 -1.6695302874e-01  3.9894305750e+00  2.8721811374e+00 -5.2603395119e-02  5.5778620895e+00
ENERGY -4.045099573147e+02

JOB 13
COORDS  6.6983147108e-01 -1.8405255527e+00  1.8478623619e+00  7.4354832253e-01 -5.7838287028e-01  1.3901482420e+00  1.6410327452e+00  1.8057305054e+00  1.9972041879e+00  1.5346853505e-01  1.9285571346e+00  1.8187879054e+00  7.4611807586e-01  6.0809365708e-01  2.3112931197e+00  8.2709892700e-01 -3.2907334661e-01 -1.0115538305e-01  4.8763497419e-01  3.5653801428e-01  3.7893610861e+00  2.7045621286e+00  2.2037853241e-01  4.5507664089e+00  1.4403718637e+00 -4.7806167689e-01  4.4516335412e+00  6.5905844967e-01 -2.6781593132e+00  1.1543980853e+00  6.3666682400e-01 -2.0797157688e+00  2.9044409444e+00  2.2594553752e+00  1.7651805130e+00  1.1067136040e+00  2.1071384568e+00  2.2901616502e+00  2.8481383360e+00 -4.0636617656e-01  2.5192112010e+00  2.5389533687e+00 -2.4140978635e-01  1.9712756052e+00  8.1019160398e-01 -5.8770839093e-02  1.9666323874e-01 -4.7510566124e-01  1.6981724220e+00  2.7859459799e-01 -3.6991994813e-01  9.0351124840e-01 -1.2746567022e+00 -6.4316025172e-01 -4.6093335889e-01 -1.7597912505e-01  3.9178262890e+00  4.2687773085e-01  1.3154336163e+00  4.3187325579e+00  3.2953545378e+00 -2.3241596985e-01  3.8472369383e+00  3.0547250074e+00 -1.0005238195e-01  5.4555298547e+00
ENERGY -4.045099626084e+02

JOB 14
COORDS  4.9031414020e-01 -1.8132490922e+00  1.8344552604e+00  7.3009445232e-01 -5.6712948826e-01  1.3916451362e+00  1.5052076769e+00  1.8737884786e+00  1.9397429777e+00  6.0576079522e-03  1.8969864274e+00  1.8244939704e+00  7.0801052733e-01  6.2528113180e-01  2.3034370819e+00  1.0648268624e+00 -3.4330304881e-01 -6.7986910022e-02  5.1760039048e-01  3.7441413376e-01  3.7915834293e+00  2.7715553919e+00  2.3703768190e-01  4.4177426301e+00  1.5019999687e+00 -4.5903598341e-01  4.4028700676e+00  4.9801981765e-01 -2.6553129444e+00  1.1464983374e+00  3.0550595797e-01 -2.0419373314e+00  2.8777468804e+00  2.0830963168e+00  1.8677381627e+00  1.0219593172e+00  1.9734914184e+00  2.4018798020e+00  2.7633114196e+00 -5.6311510760e-01  2.4538030774e+00  2.5641954921e+00 -4.3877845535e-01  1.8943972427e+00  8.3528396493e-01  4.4160450508e-01  4.3086575319e-01 -5.2903831247e-01  2.1080057253e+00 -2.9850452542e-02 -1.9089913364e-01  9.2673713253e-01 -1.2646396739e+00 -6.3893468173e-01 -4.2424974686e-01 -1.5593105591e-01  3.9691386875e+00  4.7996016893e-01  1.3347814200e+00  4.3209278602e+00  3.3188217850e+00 -2.2958277094e-01  3.6885854141e+00  3.1733686707e+00 -7.0700663053e-02  5.3053056522e+00
ENERGY -4.045097414310e+02

JOB 15
COORDS  2.6926210278e-01 -1.7224411451e+00  1.7638378845e+00  6.9741937354e-01 -5.1204117221e-01  1.3705688598e+00  1.3912845813e+00  1.9662043412e+00  1.8934458826e+00 -1.1190368659e-01  1.9096868393e+00  1.8165074744e+00  6.7302651608e-01  6.8310786054e-01  2.2815077084e+00  1.2790728183e+00 -3.3020869631e-01 -1.4118823703e-02  5.3601268819e-01  4.2532456398e-01  3.7748343990e+00  2.8097252299e+00  3.0439663320e-01  4.3175830263e+00  1.5479393135e+00 -4.0604478607e-01  4.3395165432e+00  2.9155328003e-01 -2.5691291012e+00  1.0821713175e+00 -9.4970264559e-02 -1.9211141565e+00  2.7658550368e+00  1.9445465891e+00  1.9938301751e+00  9.6118016062e-01  1.8499221524e+00  2.5238613299e+00  2.7030452474e+00 -6.9531249681e-01  2.4417643064e+00  2.5634638622e+00 -5.7563691681e-01  1.8646914831e+00  8.3598990320e-01  8.0638053321e-01  4.9448195578e-01 -5.6134976713e-01  2.3503301945e+00 -1.0405993622e-01  3.9933638540e-02  1.1556104567e+00 -1.2382901837e+00 -6.0944954139e-01 -3.9536693189e-01 -1.0899091531e-01  3.9895560694e+00  5.1220229608e-01  1.3839538682e+00  4.3085086584e+00  3.3454177500e+00 -1.6536122136e-01  3.5821453288e+00  3.2360334338e+00  1.2339010239e-02  5.1990870910e+00
ENERGY -4.045088141067e+02

JOB 16
COORDS  1.1931046360e-02 -1.6285127722e+00  1.6144761615e+00  6.7465987975e-01 -4.9747092859e-01  1.3293154110e+00  1.3423996139e+00  1.9892197398e+00  1.8653353013e+00 -1.6225843841e-01  1.9003672136e+00  1.8478478042e+00  6.6786970533e-01  6.8747542465e-01  2.2620216360e+00  1.4904082731e+00 -3.9249275349e-01  6.1621977112e-02  6.2469082404e-01  3.9133776073e-01  3.7532309934e+00  2.9195548805e+00  4.1505229238e-01  4.2255892830e+00  1.7166828504e+00 -3.9206916301e-01  4.2333553502e+00  2.9778278062e-02 -2.4758045989e+00  9.3367798487e-01 -5.5884684888e-01 -1.7590799411e+00  2.5288497564e+00  1.8561018204e+00  2.0441594894e+00  9.1168128416e-01  1.8193197973e+00  2.5489562097e+00  2.6629004565e+00 -7.2867331517e-01  2.4143730780e+00  2.6203718864e+00 -6.6004338605e-01  1.8493048725e+00  8.8408477728e-01  1.1561043431e+00  4.3607578858e-01 -5.7554821084e-01  2.5466335398e+00 -2.0890818773e-01  2.9113541525e-01  1.4208851563e+00 -1.3114744765e+00 -5.2595754329e-01 -2.5763798979e-01 -2.0382467331e-01  4.0077251679e+00  5.7647007458e-01  1.3336369102e+00  4.3134718803e+00  3.4803131440e+00  1.8607918651e-02  3.4664410809e+00  3.3806725095e+00  1.2362669752e-01  5.0897226612e+00
ENERGY -4.045073177602e+02

JOB 17
COORDS -2.7452471194e-01 -1.5752851756e+00  1.5119550356e+00  5.8921391597e-01 -5.6094106770e-01  1.3623855470e+00  1.1994714739e+00  1.9384588392e+00  1.8986918227e+00 -3.0155828010e-01  1.8125360841e+00  1.9636292009e+00  5.7545529261e-01  6.1672932115e-01  2.3107930049e+00  1.6079370817e+00 -5.6678464993e-01  2.4892446787e-01  6.5639462980e-01  2.7242155532e-01  3.7892939917e+00  2.9614219474e+00  4.9825728064e-01  4.1676595076e+00  1.8472628094e+00 -4.2750330298e-01  4.1564279859e+00 -2.6121630196e-01 -2.4355933222e+00  8.4732321215e-01 -1.0216233690e+00 -1.5853834802e+00  2.3019076486e+00  1.6568531118e+00  2.0156763937e+00  9.1771629095e-01  1.7044990742e+00  2.5040099189e+00  2.6745786303e+00 -8.3318287739e-01  2.3083233031e+00  2.7723719124e+00 -8.5200085294e-01  1.7607692018e+00  1.0291050987e+00  1.4339315125e+00  2.4954262623e-01 -4.6302586317e-01  2.6212916282e+00 -4.2869304681e-01  6.4467359800e-01  1.5785401763e+00 -1.5063380153e+00 -3.0932361700e-01 -1.4774336681e-01 -4.1451905109e-01  4.0701241306e+00  5.6805886632e-01  1.1841196250e+00  4.3933234567e+00  3.5316538376e+00  2.1415225980e-01  3.3666332635e+00  3.4816752990e+00  2.0108061959e-01  4.9955708010e+00
ENERGY -4.045068665730e+02

JOB 18
COORDS -4.3629550296e-01 -1.4481845778e+00  1.3723923886e+00  5.6702163665e-01 -5.5986508109e-01  1.3721128878e+00  1.1171289969e+00  1.9506911356e+00  1.8868997436e+00 -3.7451395246e-01  1.7847268374e+00  2.0393798762e+00  5.4937505836e-01  6.1294629677e-01  2.3271008495e+00  1.7450238090e+00 -6.9606155774e-01  4.4051580234e-01  7.3544132766e-01  2.4358112215e-01  3.7895526324e+00  3.0394273568e+00  5.9441548453e-01  4.0755889807e+00  1.9844169539e+00 -3.9809293008e-01  4.0649298858e+00 -4.3198479894e-01 -2.3171418614e+00  7.1849516303e-01 -1.2954297494e+00 -1.3350183220e+00  2.0305500887e+00  1.5122585769e+00  2.0393189414e+00  8.7966835953e-01  1.6493366998e+00  2.5322966210e+00  2.6323619678e+00 -8.6601642358e-01  2.2687313014e+00  2.8801794869e+00 -9.7842300845e-01  1.7240257662e+00  1.1393589695e+00  1.7851883964e+00  1.3006678417e-01 -2.7899162378e-01  2.6873747173e+00 -6.7394827399e-01  1.0012468766e+00  1.7018028581e+00 -1.6315566789e+00 -1.2413093990e-01 -1.2018133053e-02 -4.9826466795e-01  4.0883939526e+00  6.3495095631e-01  1.1325056325e+00  4.4245913315e+00  3.5830887777e+00  3.9509043150e-01  3.2316276102e+00  3.6196624743e+00  2.8483843928e-01  4.8577821465e+00
ENERGY -4.045077448523e+02

JOB 19
COORDS -5.3446781882e-01 -1.3273932647e+00  1.1639491413e+00  5.5164143439e-01 -5.6688634191e-01  1.3576659954e+00  1.0131942905e+00  1.9440174278e+00  1.8951187229e+00 -4.5914033187e-01  1.7153458206e+00  2.1355518598e+00  5.2278665523e-01  5.7758250562e-01  2.3426834197e+00  1.8456032515e+00 -8.1521513617e-01  6.2379473123e-01  8.0790627811e-01  1.8020942589e-01  3.7821037540e+00  3.1048812066e+00  6.2945843554e-01  3.9598892996e+00  2.0976313119e+00 -4.1114133412e-01  3.9727451096e+00 -5.2754373081e-01 -2.1742486419e+00  4.8124801692e-01 -1.4663732558e+00 -1.1247577849e+00  1.6878463013e+00  1.3368042210e+00  2.0590228443e+00  8.6473957718e-01  1.5682855634e+00  2.5371953997e+00  2.6145472858e+00 -9.1306946415e-01  2.1667010297e+00  3.0146499357e+00 -1.1138191099e+00  1.6522589963e+00  1.2722813738e+00  2.1406756023e+00  5.8879923683e-02  3.2491856465e-02  2.6556445321e+00 -1.0112841248e+00  1.3366692068e+00  1.7683524752e+00 -1.6733681293e+00 -4.9910195330e-02  1.0952765446e-01 -6.0242958234e-01  4.0964327524e+00  7.0519371703e-01  1.0468639419e+00  4.4467611103e+00  3.5985400643e+00  4.9684230840e-01  3.0729105791e+00  3.7502224675e+00  3.1462697279e-01  4.6869055492e+00
ENERGY -4.045095488335e+02

JOB 20
COORDS -6.1746580883e-01 -1.1730631445e+00  9.3845994237e-01  5.0925549870e-01 -5.5403687146e-01  1.3172020684e+00  9.0017405053e-01  1.9533142035e+00  1.8629079813e+00 -5.4564837019e-01  1.6646644553e+00  2.1968590718e+00  4.8988378683e-01  5.6596673246e-01  2.3254643320e+00  1.8622509654e+00 -9.4612142823e-01  7.7387591829e-01  8.5833131525e-01  1.6977208804e-01  3.7480340657e+00  3.1421108607e+00  7.0743809517e-01  3.8133292259e+00  2.1763204765e+00 -3.6861575385e-01  3.8947324187e+00 -6.0466115968e-01 -1.9915790076e+00  2.2195894132e-01 -1.5866541775e+00 -8.8101575583e-01  1.3361003942e+00  1.1492904986e+00  2.0789635804e+00  8.1264752071e-01  1.4809666880e+00  2.5626577190e+00  2.5478810910e+00 -9.5584043977e-01  2.0905061472e+00  3.1091484705e+00 -1.2509716510e+00  1.5968602702e+00  1.3752599735e+00  2.3664689511e+00 -8.0803275147e-02  3.2665055108e-01  2.5033772611e+00 -1.3138793065e+00  1.5826912699e+00  1.7812101374e+00 -1.7274685561e+00  1.2771628484e-02  2.0458663029e-01 -6.4169959562e-01  4.0853821670e+00  7.4425009089e-01  1.0290912872e+00  4.4201618960e+00  3.5963537528e+00  5.7405959830e-01  2.9054179008e+00  3.8330341501e+00  4.3097797580e-01  4.5135713312e+00
ENERGY -4.045111465288e+02

JOB 21
COORDS -5.5674423732e-01 -2.3437108914e-01  3.5254749422e-01  2.8242103607e-01 -5.1414623386e-01  1.3598862854e+00  1.8890662639e+00  1.2625356971e+00  2.3546045917e+00  5.6066478427e-01  1.9595628974e+00  2.1641860462e+00  5.9033921660e-01  4.7563805056e-01  2.4478512943e+00  9.7409690008e-01 -1.8519495573e+00  1.4717658627e+00  2.2118999391e-01  1.9010701885e-02  3.8527305228e+00 -2.0338754542e+00  6.3320533828e-01  3.7513837416e+00 -1.1141298427e+00 -4.6701452052e-01  3.9644278250e+00 -7.5931515753e-01 -9.5705281651e-01 -4.3476080967e-01 -1.0633735936e+00  7.2446390097e-01  2.7917355490e-01  2.5054214726e+00  1.1051171928e+00  1.4741111761e+00  2.4455949091e+00  1.4425332774e+00  3.2717553721e+00  1.9617841716e-01  2.6059143999e+00  2.9562480125e+00  3.1267732520e-01  2.2897673338e+00  1.1610312634e+00  2.0549787344e+00 -1.7208930319e+00  1.6015850078e+00  6.0951552449e-01 -2.4081773389e+00  2.3431347550e+00  8.0203612061e-01 -2.4679829523e+00  5.8506716693e-01  3.8583629157e-01  8.3723962927e-01  4.5660579475e+00  8.3426977034e-01 -8.3701821623e-01  4.1548898529e+00 -2.8032566894e+00  3.9081147283e-01  4.3783496996e+00 -2.3864411045e+00  4.7740081922e-01  2.8024058254e+00
ENERGY -4.045120197423e+02

JOB 22
COORDS -3.7707689528e-01 -1.7955178562e-01  2.1654020901e-01  3.0304815208e-01 -4.9666699728e-01  1.3283434553e+00  1.8447590022e+00  1.3654026456e+00  2.2964342311e+00  4.6861684265e-01  1.9802123870e+00  2.1745334980e+00  6.0147554463e-01  4.9417385823e-01  2.4185419360e+00  7.9965723091e-01 -1.9046047589e+00  1.5652968763e+00  3.0154722559e-01  8.2817291861e-03  3.8298593355e+00 -1.9746796699e+00  5.5140120911e-01  3.8257434322e+00 -1.0138039767e+00 -5.2376385504e-01  3.9787748934e+00 -5.5508274788e-01 -9.1782446006e-01 -5.6191331440e-01 -7.7608820712e-01  8.1544288875e-01  4.2299849147e-02  2.4318560082e+00  1.2616299521e+00  1.3888803757e+00  2.4256531464e+00  1.5564126683e+00  3.1961508291e+00  9.2728902732e-02  2.5777285219e+00  2.9984703848e+00  1.6480273831e-01  2.3270965050e+00  1.1930884749e+00  1.8633807694e+00 -1.9068136875e+00  1.8333616310e+00  2.5404680802e-01 -2.3728951521e+00  2.3915536443e+00  6.6731324903e-01 -2.5269190005e+00  6.7629076158e-01  4.5942747401e-01  8.2294191721e-01  4.5481277885e+00  9.5357413253e-01 -8.2791449492e-01  4.1027632623e+00 -2.7221817823e+00  2.5795667089e-01  4.4572275581e+00 -2.3413546875e+00  4.2236612999e-01  2.8779754585e+00
ENERGY -4.045117457964e+02

JOB 23
COORDS -1.0675238987e-01 -1.5094712206e-01  6.1539848809e-02  3.4381022283e-01 -5.0175457578e-01  1.2763480213e+00  1.7554697248e+00  1.4605010028e+00  2.2509975200e+00  3.3427867233e-01  1.9638820788e+00  2.1822731169e+00  5.8899820217e-01  4.8468339304e-01  2.3873320008e+00  6.3229093594e-01 -1.9525140558e+00  1.5936792643e+00  3.5338971679e-01 -3.0450428372e-02  3.7988741260e+00 -1.9160688963e+00  5.2970721363e-01  3.9835472410e+00 -9.5864698932e-01 -5.5845013531e-01  4.0051563512e+00 -2.3578351074e-01 -8.9316325684e-01 -7.2228261133e-01 -3.5619343524e-01  8.7236737563e-01 -2.0197036757e-01  2.3205151227e+00  1.4095994257e+00  1.3256127316e+00  2.3463613389e+00  1.6813956259e+00  3.1371642656e+00 -6.2621264774e-02  2.5055113640e+00  3.0341112055e+00 -3.6244447863e-02  2.3071017822e+00  1.2229273173e+00  1.6560539272e+00 -2.0816705917e+00  1.9668599918e+00 -4.5976112024e-02 -2.3234095157e+00  2.3686820972e+00  5.1396450382e-01 -2.5780451762e+00  7.0514612284e-01  5.4747636524e-01  7.6769345626e-01  4.5259058594e+00  1.0127179093e+00 -8.7364166611e-01  4.0269432278e+00 -2.6116518027e+00  2.1354000177e-01  4.6617287263e+00 -2.3639293556e+00  4.5109870097e-01  3.0658907947e+00
ENERGY -4.045104720064e+02

