JOB 0
COORDS  5.9133223087e+00  9.8565835320e-01  2.3950460551e-01  4.9199682900e+00  1.9172103051e+00 -8.8679606963e-02  5.6040443438e+00 -3.7757595172e-01  2.8371466268e-01  3.6263072308e+00  1.4850995038e+00 -3.7714924968e-01  4.3046718432e+00 -8.0933058504e-01  5.4011794974e-03  3.3056574858e+00  1.1737418302e-01 -3.3616593522e-01  1.8919439719e+00 -2.9056784623e-01 -6.3201143512e-01 -3.8976145294e-02 -1.9479473412e+00 -5.0933626702e-01  1.4478217104e+00 -1.6999577813e+00 -2.5927390409e-01  1.1063139959e+00  5.0686914761e-01 -1.1317108877e+00  6.9230729149e+00  1.3213952315e+00  4.6178852514e-01  5.1577655317e+00  2.9773923251e+00 -1.1814125713e-01  6.3733816467e+00 -1.1022252076e+00  5.3706999484e-01  2.8438673784e+00  2.1904459043e+00 -6.3971797513e-01  4.0795056170e+00 -1.8703940132e+00  4.8452862458e-02 -6.5463904207e-01 -1.2557847664e+00  7.1278000682e-02 -3.0665557958e-01 -2.9712971720e+00 -2.2794202524e-01 -2.8912334062e-01 -1.7997029758e+00 -1.5628892682e+00  1.7049009949e+00 -1.8730647864e+00  7.9335494729e-01  2.0555553683e+00 -2.4143308020e+00 -8.3049338185e-01
ENERGY -4.242854506735e+02

JOB 1
COORDS  5.9014783120e+00  9.8707393399e-01  2.7456157971e-01  4.8815649950e+00  1.9109078628e+00  1.4819666001e-02  5.6372287027e+00 -3.8425639067e-01  1.9578810664e-01  3.6067128994e+00  1.4643096235e+00 -3.3249591135e-01  4.3548880511e+00 -8.3182622049e-01 -1.3225266177e-01  3.3327567143e+00  8.8915254867e-02 -4.1452601506e-01  1.9317575507e+00 -3.3560228741e-01 -7.4496973485e-01 -4.4375298043e-02 -1.9230609201e+00 -4.7830531537e-01  1.4330909780e+00 -1.6636282470e+00 -1.8881568887e-01  1.1933480575e+00  4.0391959981e-01 -1.3847860311e+00  6.8967389455e+00  1.3345043110e+00  5.3986162688e-01  5.0830145093e+00  2.9767662079e+00  8.3714527697e-02  6.4277732163e+00 -1.1032019364e+00  3.9418767106e-01  2.8069023553e+00  2.1661866694e+00 -5.4865367340e-01  4.1619296297e+00 -1.8993267084e+00 -1.8208432191e-01 -6.7136784186e-01 -1.1374948687e+00 -4.8188961783e-02 -3.5231844516e-01 -2.8844439726e+00 -5.5262119013e-02 -2.3588741469e-01 -1.9388451439e+00 -1.5543223760e+00  1.6359387266e+00 -1.6709820692e+00  8.8967357126e-01  2.0511315261e+00 -2.4705417834e+00 -6.0433731911e-01
ENERGY -4.242842146050e+02

JOB 2
COORDS  5.9086722433e+00  9.6953622333e-01  2.9747939274e-01  4.8628980413e+00  1.8863048849e+00  1.3557378324e-01  5.6786158270e+00 -3.9441078275e-01  8.9645217787e-02  3.5959471013e+00  1.4418375364e+00 -2.4467860394e-01  4.4033649700e+00 -8.4273469539e-01 -2.6518377106e-01  3.3576067756e+00  7.4105817862e-02 -4.5417939077e-01  1.9616145545e+00 -3.5695594256e-01 -8.0047891612e-01 -3.1478191059e-02 -1.9178680248e+00 -4.8791682455e-01  1.3999008669e+00 -1.5746089241e+00 -7.9755858818e-02  1.2727820125e+00  3.1652189289e-01 -1.5563639470e+00  6.8975452581e+00  1.3165777663e+00  5.8593402270e-01  5.0373033986e+00  2.9457524122e+00  3.0447141652e-01  6.4895620060e+00 -1.1080167135e+00  2.0952839930e-01  2.7797808643e+00  2.1435228191e+00 -3.9023104480e-01  4.2348066398e+00 -1.9054104153e+00 -4.1565883530e-01 -7.0387477459e-01 -1.0767083460e+00 -3.0084287484e-01 -3.9184114055e-01 -2.7845417923e+00  7.5082208025e-02 -8.9587193506e-02 -2.1488655298e+00 -1.5551536499e+00  1.4694466218e+00 -1.3638578609e+00  9.9587636826e-01  2.0681733448e+00 -2.4295689096e+00 -2.4310068746e-01
ENERGY -4.242823460094e+02

JOB 3
COORDS  5.8892539533e+00  9.5444674046e-01  2.9075129080e-01  4.8133203703e+00  1.8465829966e+00  2.1760257989e-01  5.7002218627e+00 -3.9333506603e-01 -3.2869360904e-02  3.5557751530e+00  1.3958933920e+00 -1.8994416986e-01  4.4356399008e+00 -8.5094934607e-01 -4.1346716851e-01  3.3621063324e+00  4.5574080221e-02 -5.1657433703e-01  1.9782374976e+00 -4.1631471870e-01 -8.8081160985e-01 -2.5422705107e-02 -1.9400085559e+00 -4.5064565119e-01  1.3676134051e+00 -1.5002075767e+00 -5.1200964383e-03  1.3437804542e+00  1.3715493299e-01 -1.7680043719e+00  6.8695659338e+00  1.3074120254e+00  6.0026178673e-01  4.9553364839e+00  2.8928291824e+00  4.7566808136e-01  6.5344575169e+00 -1.0881106702e+00  1.8572178022e-02  2.7196982108e+00  2.0854894414e+00 -2.6790041869e-01  4.2938610438e+00 -1.9020150291e+00 -6.5283506108e-01 -7.1445447698e-01 -1.0918145456e+00 -4.7132787571e-01 -4.2437019817e-01 -2.6971688297e+00  2.3155823709e-01  9.8949788313e-04 -2.3620847867e+00 -1.4592288184e+00  1.3528826197e+00 -1.0967772647e+00  1.0168000881e+00  2.0596171156e+00 -2.3509799659e+00  4.2554917854e-02
ENERGY -4.242800673184e+02

JOB 4
COORDS  5.8935323828e+00  9.4356905838e-01  3.0927583759e-01  4.7831852205e+00  1.7949091754e+00  3.2149408429e-01  5.7522920429e+00 -3.8017186228e-01 -1.2031117475e-01  3.5366032267e+00  1.3272512018e+00 -1.0347572458e-01  4.5015418950e+00 -8.5447354458e-01 -5.2663169389e-01  3.3936307312e+00  3.1891182121e-03 -5.3978486444e-01  2.0303242200e+00 -4.9921513372e-01 -9.4169104550e-01 -1.7582950020e-02 -1.9358254471e+00 -4.1970419399e-01  1.3422452899e+00 -1.4233027024e+00  4.9681596067e-02  1.4894984587e+00 -1.1642497668e-01 -1.9679526740e+00  6.8638290126e+00  1.3095697613e+00  6.3455351777e-01  4.8882228010e+00  2.8226779058e+00  6.5931649236e-01  6.6128170253e+00 -1.0440625095e+00 -1.3322304048e-01  2.6755250373e+00  1.9907849455e+00 -1.1000793570e-01  4.3937856453e+00 -1.8872588432e+00 -8.5056648107e-01 -6.9810987043e-01 -1.1054434888e+00 -6.2518049817e-01 -4.6998240032e-01 -2.5765636388e+00  3.4353818341e-01  7.9220114518e-02 -2.5130459161e+00 -1.3435336988e+00  1.2579357554e+00 -8.6020558684e-01  9.8973625100e-01  2.0282580158e+00 -2.2484422079e+00  2.8367178874e-01
ENERGY -4.242777998099e+02

JOB 5
COORDS  5.9052450641e+00  9.6322587505e-01  3.1037227689e-01  4.7518200511e+00  1.7473807273e+00  4.1871614076e-01  5.8193597404e+00 -3.3115282783e-01 -2.1293971902e-01  3.5160953502e+00  1.2386076424e+00  8.0007202118e-03  4.5843281982e+00 -8.4159959440e-01 -6.2417067459e-01  3.4293247606e+00 -5.6624707996e-02 -5.1820588033e-01  2.0957779481e+00 -6.0382113849e-01 -9.6778989091e-01 -5.0333500056e-02 -1.8756162302e+00 -4.0965502880e-01  1.2897247534e+00 -1.3392095431e+00  8.8818166724e-02  1.7028281231e+00 -4.5548398193e-01 -2.1139972443e+00  6.8655267136e+00  1.3592988775e+00  6.3003505349e-01  4.8139737560e+00  2.7553895415e+00  8.2060440918e-01  6.7132415670e+00 -9.4292846290e-01 -3.0327410016e-01  2.6219121625e+00  1.8527522557e+00  8.6336733072e-02  4.5213755415e+00 -1.8456311338e+00 -1.0375144813e+00 -6.8539875336e-01 -1.0636123848e+00 -7.7407293096e-01 -5.7869591564e-01 -2.3952556728e+00  3.9565585735e-01  9.1908879142e-02 -2.5739983623e+00 -1.2387963576e+00  1.1614668556e+00 -6.5113661920e-01  9.3601523890e-01  1.9276674183e+00 -2.1428472715e+00  4.8230017997e-01
ENERGY -4.242767466104e+02

JOB 6
COORDS  5.9075519434e+00  9.9549943534e-01  2.8380169116e-01  4.7131230309e+00  1.6920043166e+00  4.9433825771e-01  5.8800600866e+00 -2.6603980516e-01 -3.2143039782e-01  3.4934546567e+00  1.1222953117e+00  1.1633242359e-01  4.6638839487e+00 -8.2801210165e-01 -7.1837189120e-01  3.4638939022e+00 -1.4321921387e-01 -4.8397451254e-01  2.1632800683e+00 -7.3526336007e-01 -9.6523885987e-01 -9.7029732304e-02 -1.8031335153e+00 -4.3066185591e-01  1.2276210768e+00 -1.2662493146e+00  1.0710646234e-01  1.9256517400e+00 -8.4090381103e-01 -2.1587062098e+00  6.8550487614e+00  1.4355746342e+00  5.8360283304e-01  4.7304739790e+00  2.6786384143e+00  9.5000039773e-01  6.8068913015e+00 -8.0684165294e-01 -4.9448954419e-01  2.5670145778e+00  1.6678986965e+00  2.8152405953e-01  4.6426424844e+00 -1.7949466729e+00 -1.2146191927e+00 -6.5709511226e-01 -1.0179086191e+00 -9.4625827875e-01 -7.1440305683e-01 -2.1896201233e+00  3.8615493562e-01  7.1582584501e-02 -2.6081988844e+00 -1.1505916872e+00  1.0724550206e+00 -4.7316709461e-01  8.5108032272e-01  1.7878399817e+00 -2.0433029843e+00  6.4627116284e-01
ENERGY -4.242778314697e+02

JOB 7
COORDS  5.9102363959e+00  1.0179748139e+00  2.6341916086e-01  4.6956426195e+00  1.6354256100e+00  5.7851667803e-01  5.9153374896e+00 -2.0241155320e-01 -4.2285905327e-01  3.4880438092e+00  1.0234337742e+00  2.2959313223e-01  4.7102616162e+00 -7.9957607100e-01 -7.9728250055e-01  3.4889245664e+00 -2.0350863281e-01 -4.4915988033e-01  2.2091085875e+00 -8.3676489381e-01 -9.2085277720e-01 -1.1876373358e-01 -1.7625303829e+00 -4.1920400511e-01  1.1738856817e+00 -1.1729134879e+00  1.4110263203e-01  2.0661096331e+00 -1.1524670700e+00 -2.0936885978e+00  6.8488525302e+00  1.4889805265e+00  5.4371241770e-01  4.6881420194e+00  2.5930237595e+00  1.0925406085e+00  6.8582001017e+00 -6.7947548233e-01 -6.7748873941e-01  2.5475150379e+00  1.5099744576e+00  4.7641000898e-01  4.7050629793e+00 -1.7278213533e+00 -1.3619032972e+00 -6.1277069461e-01 -1.0549508863e+00 -1.0910973094e+00 -8.1036480369e-01 -2.0105189797e+00  3.9197613366e-01  8.3350824200e-02 -2.6697184869e+00 -9.9436356174e-01  9.7695720345e-01 -2.7603999500e-01  7.4281731184e-01  1.6643324866e+00 -1.8700517308e+00  8.3475892588e-01
ENERGY -4.242801840238e+02

JOB 8
COORDS  5.9133148949e+00  1.0266570138e+00  2.4676263080e-01  4.6934478729e+00  1.5714320299e+00  6.5976716613e-01  5.9306556617e+00 -1.4549514685e-01 -5.1957776167e-01  3.4941736181e+00  9.3523928519e-01  3.2643294283e-01  4.7328397345e+00 -7.6592561808e-01 -8.7494991388e-01  3.5058648625e+00 -2.4410793394e-01 -4.3406826487e-01  2.2407545384e+00 -9.1718871185e-01 -8.8314195812e-01 -1.2695627524e-01 -1.7507183855e+00 -4.2520465243e-01  1.1216520862e+00 -1.0735511054e+00  1.3656905974e-01  2.1630571366e+00 -1.4050493854e+00 -2.0034638515e+00  6.8460838539e+00  1.5164267629e+00  5.1437461616e-01  4.6755259214e+00  2.4915214796e+00  1.2379769637e+00  6.8774671529e+00 -5.6627316840e-01 -8.4803343147e-01  2.5524741375e+00  1.3696735872e+00  6.5025124752e-01  4.7297853448e+00 -1.6569586509e+00 -1.4958883317e+00 -5.5390024319e-01 -1.1662476966e+00 -1.2449865879e+00 -8.8665200643e-01 -1.8601783159e+00  3.5504901015e-01  1.1059440163e-01 -2.7410467382e+00 -8.2189161687e-01  8.7751444423e-01 -9.1077017859e-02  5.5958204008e-01  1.5420491425e+00 -1.6447109026e+00  9.7556649928e-01
ENERGY -4.242824404261e+02

JOB 9
COORDS  5.9237215140e+00  1.0104102521e+00  2.5912446974e-01  4.7095351565e+00  1.4820504165e+00  7.6820560984e-01  5.9376982960e+00 -9.1297166162e-02 -6.0574347525e-01  3.5132345177e+00  8.4580627805e-01  4.2609019874e-01  4.7420257535e+00 -7.1327253322e-01 -9.6355065757e-01  3.5201930022e+00 -2.6141611399e-01 -4.3748832660e-01  2.2586301975e+00 -9.4304615721e-01 -8.8036599501e-01 -1.0838626684e-01 -1.7752569043e+00 -4.3085840821e-01  1.0642221557e+00 -9.3101236580e-01  6.5541423377e-02  2.2206763961e+00 -1.5455662765e+00 -1.9465833869e+00  6.8547048121e+00  1.5010175353e+00  5.3155505283e-01  4.6944814248e+00  2.3449119649e+00  1.4288364778e+00  6.8803066860e+00 -4.5697652625e-01 -1.0046884653e+00  2.5778164076e+00  1.2221367212e+00  8.2938189274e-01  4.7317623562e+00 -1.5535080993e+00 -1.6512172104e+00 -4.6683366891e-01 -1.4167556214e+00 -1.3991904941e+00 -9.3630866767e-01 -1.7352573779e+00  2.8397286411e-01  1.8826047085e-01 -2.8195350747e+00 -5.6053342662e-01  7.4802378058e-01  1.0969073100e-01  2.1590856722e-01  1.4136468429e+00 -1.2714681184e+00  1.0486329126e+00
ENERGY -4.242842494026e+02

JOB 10
COORDS  5.9140564891e+00  1.0352924715e+00  2.2791662474e-01  4.7095895347e+00  1.4212067955e+00  8.2466505050e-01  5.9300122986e+00 -1.6472207054e-02 -6.9728894194e-01  3.5250882460e+00  7.5300562418e-01  5.0391225352e-01  4.7461807842e+00 -6.7549727623e-01 -1.0252456929e+00  3.5327004972e+00 -3.0376189572e-01 -4.2159798164e-01  2.2844389532e+00 -1.0339233578e+00 -8.2325222144e-01 -1.2667344060e-01 -1.7489700422e+00 -4.1566201566e-01  1.0338873843e+00 -8.6088607169e-01  3.0406411411e-02  2.2849249125e+00 -1.7763330655e+00 -1.7987734390e+00  6.8361538700e+00  1.5523914242e+00  4.8102270385e-01  4.6934754219e+00  2.2413214671e+00  1.5376590513e+00  6.8654070931e+00 -3.1645016821e-01 -1.1625302796e+00  2.5983919765e+00  1.0640267993e+00  9.7602233782e-01  4.7354939763e+00 -1.4845446403e+00 -1.7491063689e+00 -4.0911787159e-01 -1.5343852489e+00 -1.4494134067e+00 -9.9883087576e-01 -1.5859269716e+00  2.2529991751e-01  1.4756782815e-01 -2.8061783297e+00 -3.6652841963e-01  7.3937688737e-01  1.9654585136e-01 -1.9623055170e-03  1.3024693673e+00 -1.0580102132e+00  1.0759443570e+00
ENERGY -4.242854598218e+02

JOB 11
COORDS  5.9082614907e+00  1.0728362399e+00  1.8988525656e-01  4.7233323674e+00  1.3741509186e+00  8.6863332660e-01  5.9214173547e+00  5.9105051544e-02 -7.7700235546e-01  3.5546100848e+00  6.6408663861e-01  5.8186393027e-01  4.7553588072e+00 -6.4898747708e-01 -1.0626491394e+00  3.5590601688e+00 -3.5429783251e-01 -3.8608670881e-01  2.3323394817e+00 -1.1472121551e+00 -7.3254352679e-01 -1.3610179097e-01 -1.7154809143e+00 -4.5758534993e-01  1.0291502375e+00 -8.3635640605e-01 -6.1781703962e-03  2.3823018486e+00 -2.0276740476e+00 -1.5842959681e+00  6.8176726205e+00  1.6251571114e+00  4.1272554781e-01  4.7102688025e+00  2.1601893083e+00  1.6190824481e+00  6.8420674888e+00 -1.7555161337e-01 -1.3049330365e+00  2.6434520246e+00  9.1034906994e-01  1.1176690963e+00  4.7443427665e+00 -1.4380447805e+00 -1.8081802678e+00 -3.2844617636e-01 -1.5929115022e+00 -1.5266231082e+00 -1.0455838464e+00 -1.4531058994e+00  9.2092143794e-02  8.1196247435e-02 -2.7728773348e+00 -2.8575787410e-01  7.9539357075e-01  2.2526815101e-01 -1.5892961212e-01  1.2025309120e+00 -9.4672405524e-01  1.0721494737e+00
ENERGY -4.242858618337e+02

JOB 12
COORDS  5.8940179769e+00  1.1074659247e+00  1.5431845716e-01  4.7445642589e+00  1.3352790265e+00  9.1764659831e-01  5.8824155708e+00  1.3334167143e-01 -8.5235981501e-01  3.5839085155e+00  5.9722101277e-01  6.7151450862e-01  4.7277218342e+00 -6.1050432386e-01 -1.0903921119e+00  3.5637793394e+00 -3.8037985538e-01 -3.3708226907e-01  2.3539797339e+00 -1.2220273350e+00 -6.2126049627e-01 -1.5165905592e-01 -1.6664283882e+00 -4.9821322134e-01  1.0128027205e+00 -7.8897787916e-01 -4.1425055716e-02  2.4423953979e+00 -2.2172666110e+00 -1.3315040297e+00  6.7954004248e+00  1.6849355938e+00  3.4345066809e-01  4.7530715499e+00  2.0859020409e+00  1.7035693628e+00  6.7755080608e+00 -4.5387841594e-02 -1.4455205304e+00  2.6997007627e+00  7.8660276250e-01  1.2720894201e+00  4.7022585888e+00 -1.3785386232e+00 -1.8572847379e+00 -2.5374251525e-01 -1.6467507008e+00 -1.5865387640e+00 -1.0890080860e+00 -1.3161033589e+00 -5.4673785081e-02  4.3407401174e-03 -2.7077999522e+00 -2.0541312571e-01  8.4581340077e-01  2.6106197801e-01 -3.1311242528e-01  1.0915792575e+00 -7.9909056679e-01  1.0537744513e+00
ENERGY -4.242854603207e+02

JOB 13
COORDS  5.8798653864e+00  1.1388045770e+00  1.2349465193e-01  4.7774136751e+00  1.2887053993e+00  9.7082941073e-01  5.8323785105e+00  2.1407460305e-01 -9.2749543289e-01  3.6245664495e+00  5.2740330835e-01  7.6021648390e-01  4.6897123581e+00 -5.6040311144e-01 -1.1249669369e+00  3.5687075614e+00 -3.9885787161e-01 -2.9367006825e-01  2.3766616344e+00 -1.2804295175e+00 -5.2637896944e-01 -1.4080938848e-01 -1.6801045552e+00 -5.3158823753e-01  1.0050246304e+00 -7.5864929913e-01 -1.1667040908e-01  2.5048281380e+00 -2.3606812182e+00 -1.0902264689e+00  6.7735748441e+00  1.7366542576e+00  2.8319514824e-01  4.8164214864e+00  1.9958698781e+00  1.7951992544e+00  6.6896053112e+00  9.4196443432e-02 -1.5848995053e+00  2.7756599656e+00  6.5472263620e-01  1.4253614293e+00  4.6440556786e+00 -1.2986979902e+00 -1.9198403582e+00 -1.5985972574e-01 -1.8172151114e+00 -1.6160972271e+00 -1.1011340124e+00 -1.2592182851e+00 -2.1746638026e-01 -3.0324584739e-02 -2.6697489516e+00 -8.0945803737e-02  8.8724682278e-01  2.4396743739e-01 -5.4723506572e-01  9.9875001219e-01 -6.0843757993e-01  9.7099842464e-01
ENERGY -4.242842494958e+02

JOB 14
COORDS  5.8794400285e+00  1.1257116215e+00  1.4188287208e-01  4.8264207555e+00  1.1905586533e+00  1.0597066601e+00  5.7808615797e+00  2.8775781999e-01 -9.7598063866e-01  3.6682021959e+00  4.3635145816e-01  8.5043631406e-01  4.6360319392e+00 -4.8513324130e-01 -1.1708717317e+00  3.5602924637e+00 -3.9865066699e-01 -2.7226826327e-01  2.3699022370e+00 -1.2864665987e+00 -4.9568058979e-01 -1.5149233864e-01 -1.6778168692e+00 -5.0262635290e-01  9.8865322104e-01 -6.8846993384e-01 -2.6937535729e-01  2.5162651974e+00 -2.4187240100e+00 -9.3809911759e-01  6.7759139397e+00  1.7197475220e+00  2.9999505358e-01  4.9077989658e+00  1.8249928098e+00  1.9383906336e+00  6.6014478169e+00  2.3017048573e-01 -1.6864181367e+00  2.8579897582e+00  4.9241430167e-01  1.5721050851e+00  4.5590359141e+00 -1.1635071619e+00 -2.0154945526e+00 -1.1868987631e-01 -2.0794265099e+00 -1.5185842978e+00 -1.1190514130e+00 -1.1890330142e+00 -3.5149375952e-01 -8.0563483785e-02 -2.5257780732e+00  1.8429024474e-01  9.0981265359e-01  1.7694121685e-01 -9.4149757831e-01  9.3881550183e-01 -2.6476228141e-01  7.4145732640e-01
ENERGY -4.242824404362e+02

JOB 15
COORDS  5.8679751396e+00  1.1401675047e+00  1.3494014115e-01  4.8743112401e+00  1.1208922618e+00  1.1188189878e+00  5.7171437486e+00  3.6884806265e-01 -1.0237892861e+00  3.7218130333e+00  3.5116080651e-01  9.3483419475e-01  4.5799530880e+00 -4.2269550576e-01 -1.1949605239e+00  3.5629458165e+00 -4.1505748361e-01 -2.2867644913e-01  2.3796468924e+00 -1.3252286812e+00 -4.0975373093e-01 -1.4956523399e-01 -1.6700504898e+00 -5.1600024855e-01  1.0038452373e+00 -6.7821616228e-01 -3.8042846031e-01  2.5384039504e+00 -2.5099127901e+00 -6.6868329412e-01  6.7593616999e+00  1.7465185388e+00  2.7346657977e-01  4.9972415510e+00  1.7018422607e+00  2.0291233264e+00  6.4923865052e+00  3.7451170875e-01 -1.7856093410e+00  2.9541184076e+00  3.3986241796e-01  1.7047392784e+00  4.4714807241e+00 -1.0523004281e+00 -2.0737645678e+00 -6.4443687587e-02 -2.2431426410e+00 -1.4428018507e+00 -1.1093497585e+00 -1.1440968095e+00 -5.1786809594e-01 -1.4902002800e-01 -2.3864396439e+00  3.1040252995e-01  9.9623744175e-01  5.8696082228e-02 -1.1956709126e+00  9.1147028533e-01 -7.9430668838e-02  5.3508381285e-01
ENERGY -4.242801840432e+02

JOB 16
COORDS  5.8522479400e+00  1.1560476047e+00  1.1432347639e-01  4.9360784552e+00  1.0529598041e+00  1.1660850593e+00  5.6330475836e+00  4.4701591886e-01 -1.0721356940e+00  3.7953728990e+00  2.5662574787e-01  1.0261170837e+00  4.5039543239e+00 -3.6528028110e-01 -1.2057879977e+00  3.5711754535e+00 -4.4892370325e-01 -1.6333870606e-01  2.3849336162e+00 -1.3698678111e+00 -2.9858297065e-01 -1.3888972406e-01 -1.6793365232e+00 -5.6244182485e-01  1.0329846662e+00 -7.0308771874e-01 -4.8617087843e-01  2.5317716296e+00 -2.5821215235e+00 -3.2805747982e-01  6.7355878898e+00  1.7802993175e+00  2.2065022786e-01  5.1099245463e+00  1.5895851843e+00  2.0951681825e+00  6.3471663612e+00  5.1791013907e-01 -1.8884992717e+00  3.0857538688e+00  1.7871542103e-01  1.8468627462e+00  4.3462458094e+00 -9.3953593956e-01 -2.1151984925e+00 -3.2417925117e-03 -2.3886313690e+00 -1.3830283425e+00 -1.0780741206e+00 -1.1399516374e+00 -7.1964500161e-01 -2.2402679123e-01 -2.2612814335e+00  3.5960664413e-01  1.1130738749e+00 -9.7947203877e-02 -1.4003490376e+00  8.9765821507e-01  3.1787177632e-02  3.1893506797e-01
ENERGY -4.242778315894e+02

JOB 17
COORDS  5.8311035639e+00  1.1764200754e+00  8.4898942714e-02  5.0125966544e+00  9.9930638911e-01  1.2054923570e+00  5.5230258681e+00  5.2350122439e-01 -1.1132033169e+00  3.8871316347e+00  1.7360135192e-01  1.1277565369e+00  4.3976516500e+00 -3.0248586954e-01 -1.1919603114e+00  3.5782761861e+00 -4.8275112891e-01 -7.0532617538e-02  2.3662514751e+00 -1.3795198288e+00 -1.5231652685e-01 -1.2705294533e-01 -1.6523551002e+00 -6.4605174480e-01  1.0711352209e+00 -7.0825792826e-01 -5.7543748580e-01  2.4386157814e+00 -2.5696494782e+00  1.0952178588e-01  6.7058156867e+00  1.8185621584e+00  1.4569639294e-01  5.2508396379e+00  1.5013174782e+00  2.1396826224e+00  6.1586622201e+00  6.5482579400e-01 -1.9850995026e+00  3.2559242526e+00  3.1076275676e-02  2.0018998842e+00  4.1637100623e+00 -8.1515601649e-01 -2.1221873994e+00  5.4289792930e-02 -2.4619152741e+00 -1.3582154401e+00 -1.0247824141e+00 -1.1096894056e+00 -9.5800406546e-01 -3.2012619825e-01 -2.1125551147e+00  3.2677563799e-01  1.2598841118e+00 -2.1885209429e-01 -1.5410842619e+00  8.9305813049e-01  1.2167637257e-01  1.2252341595e-01
ENERGY -4.242767459271e+02

JOB 18
COORDS  5.8036081775e+00  1.1469718769e+00  8.2454588509e-02  5.0801347533e+00  9.0737392454e-01  1.2558239202e+00  5.3993444114e+00  5.5253145225e-01 -1.1175736328e+00  3.9620765954e+00  6.9028510693e-02  1.2326174887e+00  4.2694166286e+00 -2.7010481220e-01 -1.1463173323e+00  3.5589300388e+00 -5.3214503779e-01  3.2707348009e-02  2.3182721363e+00 -1.3881271343e+00  1.4227479659e-02 -1.2572803376e-01 -1.6902104693e+00 -6.6902787845e-01  1.0886734449e+00 -7.6519473439e-01 -6.2642498009e-01  2.2931627835e+00 -2.4830011073e+00  5.5545445254e-01  6.6762891488e+00  1.7944928240e+00  1.0280818340e-01  5.3876534263e+00  1.3713430037e+00  2.1894165859e+00  5.9592301462e+00  7.3410410214e-01 -2.0313317152e+00  3.4078878447e+00 -1.3087413397e-01  2.1462475155e+00  3.9527896676e+00 -7.2182609016e-01 -2.0838249727e+00  8.6147340548e-02 -2.5875687732e+00 -1.2572162225e+00 -9.8278933429e-01 -1.1772265097e+00 -1.1162883989e+00 -4.0200872502e-01 -2.0183142680e+00  3.3635755558e-01  1.3641058016e+00 -4.0977260139e-01 -1.6283188817e+00  8.7654694954e-01  1.5111298208e-01 -5.7674129907e-02
ENERGY -4.242777983439e+02

JOB 19
COORDS  5.8154780350e+00  1.1403376669e+00  8.9034923002e-02  5.1608350189e+00  8.3034830262e-01  1.2866521229e+00  5.3305563535e+00  6.3416583196e-01 -1.1215845208e+00  4.0329368477e+00  6.7446916428e-03  1.2758837900e+00  4.1853245330e+00 -1.6688372240e-01 -1.1364555964e+00  3.5441088858e+00 -5.0403640379e-01  6.4377212346e-02  2.2859122143e+00 -1.3271975750e+00  8.5066813601e-02 -1.1743178925e-01 -1.7055189099e+00 -6.9094522904e-01  1.1144874818e+00 -8.0377774864e-01 -7.3239868570e-01  2.1854876567e+00 -2.3042108712e+00  8.1402426519e-01  6.6979570135e+00  1.7747851799e+00  9.9004769825e-02  5.5308395136e+00  1.2283976761e+00  2.2279552233e+00  5.8389185429e+00  8.6925476057e-01 -2.0530407340e+00  3.5299659475e+00 -2.5448946476e-01  2.2029318777e+00  3.8077820517e+00 -5.4753567542e-01 -2.0823428214e+00  1.0575192214e-01 -2.6928503838e+00 -1.1050425365e+00 -9.3488631870e-01 -1.2638690067e+00 -1.2693546958e+00 -4.5813947784e-01 -1.8537369804e+00  3.3694525450e-01  1.4489599759e+00 -6.3027381824e-01 -1.7633843267e+00  8.9103353024e-01  1.9821641090e-01 -3.4071436681e-01
ENERGY -4.242800678059e+02

JOB 20
COORDS  5.8352000675e+00  1.1548838276e+00  9.7373729242e-02  5.2442702839e+00  7.7225521783e-01  1.3076313217e+00  5.2708306988e+00  7.4402630714e-01 -1.1147138109e+00  4.1011633374e+00 -2.8127208122e-02  1.3054084123e+00  4.1107656336e+00 -3.5334892782e-02 -1.1176985027e+00  3.5287597039e+00 -4.4354724162e-01  9.2492212349e-02  2.2637499446e+00 -1.2506738036e+00  1.4569350363e-01 -1.0406599001e-01 -1.7398741316e+00 -6.6713378387e-01  1.1446324003e+00 -8.7254382977e-01 -8.1463759216e-01  2.1097091679e+00 -2.1086014730e+00  1.0057269862e+00  6.7301912877e+00  1.7717313088e+00  9.9215784529e-02  5.6763920921e+00  1.0971144723e+00  2.2505580912e+00  5.7300830892e+00  1.0351023857e+00 -2.0557784588e+00  3.6419601551e+00 -3.4632049135e-01  2.2368381084e+00  3.6767835188e+00 -3.4130950067e-01 -2.0655239345e+00  1.2244527764e-01 -2.7901330099e+00 -8.7055393296e-01 -8.8190455129e-01 -1.4112151519e+00 -1.3634837538e+00 -5.0078400657e-01 -1.6845031132e+00  3.4982897859e-01  1.5255519318e+00 -9.0823800213e-01 -1.8431580612e+00  9.1920382926e-01  1.8708623191e-01 -6.3407388742e-01
ENERGY -4.242823460134e+02

JOB 21
COORDS  5.8418402520e+00  1.1328615624e+00  1.1622892711e-01  5.3083118021e+00  6.6660428915e-01  1.3241612779e+00  5.2022688007e+00  8.3245353890e-01 -1.0909528175e+00  4.1466784196e+00 -1.0536389766e-01  1.3226408565e+00  4.0273298447e+00  7.6254303797e-02 -1.0908406955e+00  3.4982611839e+00 -4.1229241627e-01  1.1481669601e-01  2.2256040943e+00 -1.2052712773e+00  1.7594187627e-01 -1.2034698417e-01 -1.7353653830e+00 -6.6771403727e-01  1.1821032640e+00 -9.7452308882e-01 -9.1010257391e-01  2.0099537126e+00 -1.9620615610e+00  1.1152321559e+00  6.7502411930e+00  1.7298901822e+00  1.1622905411e-01  5.7993823005e+00  9.0609861275e-01  2.2637750911e+00  5.6158766933e+00  1.1907871838e+00 -2.0299578812e+00  3.7253016711e+00 -4.8514158113e-01  2.2485259449e+00  3.5370603882e+00 -1.4279526355e-01 -2.0347304828e+00  5.7713273145e-02 -2.8129166712e+00 -6.2393644488e-01 -8.3520477356e-01 -1.5325157663e+00 -1.4713818811e+00 -5.7391763593e-01 -1.4421237260e+00  2.8282119987e-01  1.6162105927e+00 -1.2589954433e+00 -1.8777645839e+00  1.0060807041e+00  1.0647052363e-01 -9.7944299223e-01
ENERGY -4.242842146064e+02

JOB 22
COORDS  5.8634583952e+00  1.1032905207e+00  1.1079015487e-01  5.3785255956e+00  5.8149845403e-01  1.3169488147e+00  5.1458657121e+00  9.0583840044e-01 -1.0733074828e+00  4.1853406888e+00 -1.3923505982e-01  1.3356076297e+00  3.9443684261e+00  1.9295194962e-01 -1.0523569125e+00  3.4572547550e+00 -3.4376007271e-01  1.5102869473e-01  2.1671237205e+00 -1.1063260452e+00  2.3216361582e-01 -1.1312272039e-01 -1.7655849419e+00 -6.9317458384e-01  1.2070321039e+00 -1.0402811044e+00 -9.4953758464e-01  1.8815074754e+00 -1.7394508269e+00  1.2423118300e+00  6.7952441006e+00  1.6629721466e+00  9.4749692914e-02  5.9325415328e+00  7.3884881085e-01  2.2387453583e+00  5.5207040555e+00  1.3088494929e+00 -2.0104648131e+00  3.7958031042e+00 -5.5705135061e-01  2.2588392066e+00  3.3968597652e+00  5.2279205284e-02 -1.9791006492e+00  5.6732496103e-02 -2.8230072604e+00 -4.7515888588e-01 -7.6495472607e-01 -1.6904101861e+00 -1.5692701928e+00 -6.3537589620e-01 -1.3365002140e+00  1.6611614028e-01  1.7121677199e+00 -1.4652853469e+00 -1.8271310139e+00  1.0358602522e+00  1.5824779903e-02 -1.1933094646e+00
ENERGY -4.242854506672e+02

JOB 23
COORDS  5.8957272669e+00  1.0523048838e+00  9.9196215556e-02  5.4423590466e+00  4.8805706181e-01  1.2986751985e+00  5.1096149776e+00  9.6125313416e-01 -1.0537370014e+00  4.2106222835e+00 -1.6272054241e-01  1.3438905442e+00  3.8748298521e+00  3.0881426806e-01 -1.0084914767e+00  3.4131189414e+00 -2.5968641361e-01  1.9053267842e-01  2.0952611643e+00 -9.7106218520e-01  2.9455286284e-01 -8.6209037319e-02 -1.8295816441e+00 -7.0327335940e-01  1.2230207171e+00 -1.0816855434e+00 -9.5022295379e-01  1.7310173561e+00 -1.4513706215e+00  1.3622012822e+00  6.8563498547e+00  1.5599848209e+00  6.3968047234e-02  6.0522619024e+00  5.5795163980e-01  2.1956049376e+00  5.4582252188e+00  1.3978712077e+00 -1.9859445033e+00  3.8418143166e+00 -6.0624742658e-01  2.2635722893e+00  3.2776928409e+00  2.4727339793e-01 -1.9126980163e+00  1.0393345757e-01 -2.8477352987e+00 -3.5391557077e-01 -6.7397343107e-01 -1.8818737772e+00 -1.6251972124e+00 -6.8474269003e-01 -1.3297715512e+00  6.2749262158e-02  1.8084339924e+00 -1.5747835156e+00 -1.7370797690e+00  1.0257769603e+00 -6.7994704802e-02 -1.3225209661e+00
ENERGY -4.242858617940e+02

