JOB 0
COORDS  6.5414838261e+00 -1.3404621373e+00 -2.1202399108e+00  7.5041791428e+00 -2.1215650553e+00 -1.4759023192e+00  5.2415189910e+00 -1.3092551919e+00 -1.6208518103e+00  7.1521210899e+00 -2.8701070750e+00 -3.5377261884e-01  4.8649258642e+00 -2.0412579208e+00 -4.8061146965e-01  5.8386578384e+00 -2.8453646060e+00  1.3073310824e-01  2.7445317670e+00 -2.4481181372e+00  1.4785467024e+00  2.3616120939e+00 -2.8900036089e+00 -1.1203089233e+00  3.0400202469e+00 -1.8665214626e+00 -2.2964102276e-01  5.5199057970e+00 -3.8809975130e+00  1.5152681929e+00  6.7978860813e+00 -7.6134198033e-01 -3.0024626246e+00  8.5255684038e+00 -2.1569802983e+00 -1.8443402272e+00  4.4910361345e+00 -7.0122071274e-01 -2.1208107555e+00  7.8869021102e+00 -3.4909366887e+00  1.4902324010e-01  3.4201471344e+00 -1.9713183416e+00  2.1915714748e+00  2.8330554360e+00 -3.5324181388e+00  1.5015733143e+00  1.7120598365e+00 -2.1536881017e+00  1.6832502808e+00
ENERGY -1.204515820510e+03

JOB 1
COORDS  6.5694283146e+00 -1.2523881155e+00 -2.0284295328e+00  7.5139286508e+00 -2.0652108944e+00 -1.3980725067e+00  5.2488018717e+00 -1.2659026823e+00 -1.5800924013e+00  7.1281879551e+00 -2.8936410990e+00 -3.4289479388e-01  4.8448439278e+00 -2.0642167080e+00 -4.9778481005e-01  5.7983794833e+00 -2.9106032553e+00  8.9554707317e-02  2.7888774470e+00 -2.2586574448e+00  1.5084088339e+00  2.4318283851e+00 -3.2554882477e+00 -9.4433095185e-01  3.0137820903e+00 -2.0146916743e+00 -2.9571008344e-01  5.4100630704e+00 -4.0499639076e+00  1.3663128516e+00  6.8534754435e+00 -6.1895692437e-01 -2.8636250193e+00  8.5487248705e+00 -2.0684214866e+00 -1.7290349895e+00  4.5075805213e+00 -6.3707208379e-01 -2.0679229488e+00  7.8497329093e+00 -3.5445976603e+00  1.4078017790e-01  3.5144010624e+00 -1.6809027714e+00  2.0859451582e+00  2.8649293564e+00 -3.3228482044e+00  1.7195481386e+00  1.7756802725e+00 -1.9064756173e+00  1.7174301279e+00
ENERGY -1.204518393695e+03

JOB 2
COORDS  6.5728203406e+00 -1.1762250895e+00 -1.9235362271e+00  7.5020008483e+00 -2.0297558519e+00 -1.3253737869e+00  5.2352843151e+00 -1.2366124591e+00 -1.5279148933e+00  7.0890918771e+00 -2.9451869969e+00 -3.5410867283e-01  4.8091615243e+00 -2.1169856880e+00 -5.2329895698e-01  5.7467331316e+00 -3.0027730453e+00  3.0426774150e-02  2.8352190723e+00 -2.0616402024e+00  1.5027689002e+00  2.4535819448e+00 -3.4959853885e+00 -7.3026141303e-01  2.9816674261e+00 -2.1352826303e+00 -3.2631469289e-01  5.3049034087e+00 -4.2399564601e+00  1.1904029535e+00  6.8804607930e+00 -4.7880955775e-01 -2.6971840753e+00  8.5472400786e+00 -2.0001289344e+00 -1.6203782390e+00  4.5014397056e+00 -5.8470051591e-01 -1.9960396117e+00  7.7998702129e+00 -3.6295561143e+00  9.8589281046e-02  3.4778278261e+00 -1.2747740049e+00  1.9064728021e+00  3.0881487449e+00 -3.0345240484e+00  1.9178508212e+00  1.7860312804e+00 -1.8309792911e+00  1.7020068983e+00
ENERGY -1.204521344932e+03

JOB 3
COORDS  6.5470730064e+00 -1.1274618117e+00 -1.8341634615e+00  7.4770349501e+00 -2.0157959031e+00 -1.2889467041e+00  5.1973769119e+00 -1.2580973290e+00 -1.4999181697e+00  7.0583609160e+00 -3.0274685445e+00 -4.2078681119e-01  4.7663248037e+00 -2.2471157935e+00 -6.0682766940e-01  5.7067791197e+00 -3.1482103954e+00 -8.6538455424e-02  2.8818813896e+00 -1.9895378018e+00  1.4118379829e+00  2.4589492675e+00 -3.7410442275e+00 -5.9279919212e-01  2.9451004077e+00 -2.3228770470e+00 -3.9445892200e-01  5.2481865445e+00 -4.4590572518e+00  9.8039133071e-01  6.8643283442e+00 -3.4992663825e-01 -2.5229700579e+00  8.5299586379e+00 -1.9346239767e+00 -1.5443181327e+00  4.4607209162e+00 -5.8684587970e-01 -1.9354985796e+00  7.7727157383e+00 -3.7303748031e+00 -3.3648738392e-03  3.3630523372e+00 -1.0303485064e+00  1.6208462751e+00  3.3648779827e+00 -2.8013416341e+00  1.9541419796e+00  1.8211700231e+00 -1.9460194163e+00  1.6699538832e+00
ENERGY -1.204523729205e+03

JOB 4
COORDS  6.3377918281e+00 -3.2967977046e+00 -2.0062223465e+00  7.2611826133e+00 -2.3256137875e+00 -1.6093651405e+00  5.1324175835e+00 -3.4213493404e+00 -1.3123757870e+00  6.9740478836e+00 -1.4782056424e+00 -5.3664482741e-01  4.8313408070e+00 -2.5756797012e+00 -2.3822179528e-01  5.7575689240e+00 -1.5962144041e+00  1.4297087101e-01  2.3420497036e+00 -1.4502386480e+00 -1.6401010494e-01  3.2798276159e+00 -2.6887676335e+00  2.0496349548e+00  3.2099422562e+00 -2.9038576376e+00  5.5697079396e-01  5.4318169740e+00 -4.7303380546e-01  1.4445830824e+00  6.5576727117e+00 -3.9597347851e+00 -2.8380310142e+00  8.2090916445e+00 -2.2238057755e+00 -2.1304603760e+00  4.4181920868e+00 -4.1925762081e+00 -1.5931090018e+00  7.6830173753e+00 -7.1702071657e-01 -2.2569951510e-01  2.3711619486e+00 -1.5187288002e+00 -1.2542817497e+00  2.8165321475e+00 -5.3218613898e-01  1.8620969220e-01  1.3113839396e+00 -1.5001953633e+00  1.9506591733e-01
ENERGY -1.204524049154e+03

JOB 5
COORDS  6.2474722057e+00 -3.2049634447e+00 -2.0352145795e+00  7.2290487505e+00 -2.2977986140e+00 -1.6232200741e+00  5.0763472363e+00 -3.3349882599e+00 -1.2883511204e+00  7.0252320043e+00 -1.5131749319e+00 -4.8727160407e-01  4.8668443486e+00 -2.5599049709e+00 -1.4061282031e-01  5.8372609323e+00 -1.6282206929e+00  2.4521399898e-01  2.3389517044e+00 -1.5764657964e+00 -2.7571346091e-01  3.2490906328e+00 -2.4310537597e+00  2.1226768142e+00  3.2481896821e+00 -2.8630707855e+00  6.7834140794e-01  5.6037891534e+00 -5.4530354244e-01  1.5986459840e+00  6.3971483658e+00 -3.8144897645e+00 -2.9216776432e+00  8.1532922466e+00 -2.1953724595e+00 -2.1850820636e+00  4.3214497136e+00 -4.0626321666e+00 -1.5812220782e+00  7.7737232812e+00 -7.9430279364e-01 -1.6832577793e-01  2.4002990279e+00 -1.8026823388e+00 -1.3425467040e+00  2.7714370944e+00 -5.9780275844e-01 -5.6343254513e-02  1.3020423108e+00 -1.6145453567e+00  6.6615811868e-02
ENERGY -1.204522356229e+03

JOB 6
COORDS  6.1735349678e+00 -3.1031199302e+00 -2.0555653644e+00  7.2228500586e+00 -2.2826174035e+00 -1.6267107016e+00  5.0237667545e+00 -3.2050492667e+00 -1.2751124931e+00  7.1065414427e+00 -1.5660738037e+00 -4.3690963957e-01  4.8956211217e+00 -2.4910109135e+00 -7.4901340547e-02  5.9394422471e+00 -1.6547522095e+00  3.3593980193e-01  2.2984013786e+00 -1.7326319181e+00 -3.6921950271e-01  3.2274664252e+00 -2.0971556028e+00  2.1325593892e+00  3.2880745358e+00 -2.7726929483e+00  7.8732208367e-01  5.8577163197e+00 -6.6752575602e-01  1.7775875648e+00  6.2537661548e+00 -3.6650616456e+00 -2.9816346171e+00  8.1317026366e+00 -2.1988501275e+00 -2.2159775617e+00  4.2200815272e+00 -3.8702978568e+00 -1.5866139918e+00  7.9107013684e+00 -9.1985640530e-01 -9.8602722147e-02  2.3610874147e+00 -2.1309413558e+00 -1.3835713260e+00  2.6716489253e+00 -7.0700371477e-01 -3.2707461253e-01  1.2693633425e+00 -1.7748461305e+00 -4.5317519234e-03
ENERGY -1.204519851220e+03

JOB 7
COORDS  6.1287765984e+00 -2.9966117556e+00 -2.0758539446e+00  7.2351116608e+00 -2.2728181846e+00 -1.6186846179e+00  4.9805319604e+00 -3.0606596293e+00 -1.2898200423e+00  7.1812905972e+00 -1.6313031025e+00 -3.8358978614e-01  4.9063771936e+00 -2.4067541009e+00 -4.9790564238e-02  6.0228088196e+00 -1.6937746578e+00  4.0564055289e-01  2.2339966702e+00 -1.9028715977e+00 -4.2742882129e-01  3.2113766175e+00 -1.7025231636e+00  2.0494966226e+00  3.3170333089e+00 -2.6381688357e+00  8.7205083241e-01  6.0747540453e+00 -8.5745441040e-01  1.9420776970e+00  6.1602125611e+00 -3.5105680678e+00 -3.0322603606e+00  8.1398516534e+00 -2.2116615712e+00 -2.2169148087e+00  4.1360699618e+00 -3.6498579028e+00 -1.6389445537e+00  8.0346778521e+00 -1.0718722060e+00 -1.3043890159e-02  2.2518407321e+00 -2.4903941204e+00 -1.3460396651e+00  2.5580689059e+00 -8.7601291977e-01 -6.0839765880e-01  1.2305314933e+00 -1.9109214520e+00  4.1575548423e-03
ENERGY -1.204517530996e+03

JOB 8
COORDS  6.1172315762e+00 -2.8779821156e+00 -2.1016097720e+00  7.2624272222e+00 -2.2616756705e+00 -1.5896486908e+00  4.9511479140e+00 -2.9064514368e+00 -1.3380426703e+00  7.2354359777e+00 -1.7039587208e+00 -3.1308901977e-01  4.8962813920e+00 -2.3182733746e+00 -6.4373756818e-02  6.0660117732e+00 -1.7457781617e+00  4.5859002990e-01  2.1627547382e+00 -2.0981029464e+00 -4.4973552460e-01  3.1863968231e+00 -1.3269079193e+00  1.8706422555e+00  3.3354736953e+00 -2.4899697944e+00  9.1824607142e-01  6.1741053997e+00 -1.0950962010e+00  2.0798864390e+00  6.1277208793e+00 -3.3328402237e+00 -3.0879681314e+00  8.1773671849e+00 -2.2235861722e+00 -2.1741134636e+00  4.0738822042e+00 -3.3947936510e+00 -1.7495170157e+00  8.1224535079e+00 -1.2408196031e+00  1.0772893879e-01  2.0730954814e+00 -2.9183824567e+00 -1.1635000974e+00  2.4753414418e+00 -1.1729037934e+00 -9.3678872136e-01  1.2085514828e+00 -1.9510305816e+00  6.0467651112e-02
ENERGY -1.204516535035e+03

JOB 9
COORDS  6.1128126237e+00 -2.7762209675e+00 -2.1305224273e+00  7.2932818361e+00 -2.2748871352e+00 -1.5774576756e+00  4.9345349987e+00 -2.7565367394e+00 -1.3826220562e+00  7.2931216172e+00 -1.7837380804e+00 -2.7209438093e-01  4.9065953152e+00 -2.2291408660e+00 -8.3060046615e-02  6.1136070140e+00 -1.7833102565e+00  4.8065511090e-01  2.1405335553e+00 -2.2457024458e+00 -4.0023969619e-01  3.1979542545e+00 -9.7976488015e-01  1.6653153327e+00  3.3801457295e+00 -2.3049687006e+00  9.5732727956e-01  6.2306748193e+00 -1.2572335690e+00  2.1459390158e+00  6.1030782661e+00 -3.1778189081e+00 -3.1397778401e+00  8.2153953833e+00 -2.2753228439e+00 -2.1518082314e+00  4.0285245575e+00 -3.1403735878e+00 -1.8376232803e+00  8.2071822779e+00 -1.4141486193e+00  1.8199561064e-01  2.0681997402e+00 -3.1954073298e+00 -9.3401191157e-01  2.3737029941e+00 -1.4170970571e+00 -1.0712209106e+00  1.2013372787e+00 -2.0489053252e+00  1.2050264164e-01
ENERGY -1.204517480914e+03

JOB 10
COORDS  6.1111332322e+00 -2.6940396778e+00 -2.1563919908e+00  7.3132547092e+00 -2.3029239070e+00 -1.5635396376e+00  4.9227863069e+00 -2.6306474601e+00 -1.4249350342e+00  7.3257618232e+00 -1.8701198253e+00 -2.3665101211e-01  4.9106981372e+00 -2.1694109567e+00 -1.0171430531e-01  6.1352406568e+00 -1.8228250460e+00  4.9315249859e-01  2.1367827631e+00 -2.3665652402e+00 -3.5583183787e-01  3.1795897097e+00 -7.1266224902e-01  1.4301013807e+00  3.3987229558e+00 -2.1346628051e+00  9.5536213765e-01  6.2328493513e+00 -1.3538884797e+00  2.1773626064e+00  6.0919868176e+00 -3.0440045650e+00 -3.1845981392e+00  8.2426624139e+00 -2.3414633064e+00 -2.1246696374e+00  4.0013226528e+00 -2.9256059478e+00 -1.9132492973e+00  8.2544331249e+00 -1.5809992364e+00  2.4522512229e-01  2.1620057514e+00 -3.3751999334e+00 -7.7435435799e-01  2.2619136151e+00 -1.5996876429e+00 -1.1227353860e+00  1.1899438446e+00 -2.2100603445e+00  1.6483395448e-01
ENERGY -1.204519007847e+03

JOB 11
COORDS  6.0846946921e+00 -2.6097763299e+00 -2.1689904249e+00  7.3053006413e+00 -2.3293202082e+00 -1.5510865579e+00  4.8955022897e+00 -2.5009533543e+00 -1.4437996726e+00  7.3368769153e+00 -1.9518263160e+00 -2.0738150618e-01  4.9059687535e+00 -2.1108124918e+00 -9.8944692336e-02  6.1439494637e+00 -1.8551811738e+00  5.1212446470e-01  2.1365001189e+00 -2.4312816498e+00 -2.7861293927e-01  3.1587810912e+00 -4.7643764261e-01  1.2058044816e+00  3.4023841054e+00 -1.9513775419e+00  9.5584811284e-01  6.2411128662e+00 -1.4149830206e+00  2.2054354362e+00  6.0528564753e+00 -2.9089546249e+00 -3.2128005063e+00  8.2347161778e+00 -2.4068289636e+00 -2.1082104322e+00  3.9602346142e+00 -2.7128241565e+00 -1.9489788187e+00  8.2779646194e+00 -1.7385487702e+00  2.8968666563e-01  2.2608514347e+00 -3.4669032378e+00 -6.0385003686e-01  2.1597691045e+00 -1.7309483038e+00 -1.1160542327e+00  1.1892503685e+00 -2.3227438954e+00  2.5361692563e-01
ENERGY -1.204520138205e+03

JOB 12
COORDS  6.0770791758e+00 -2.5312399123e+00 -2.1857678931e+00  7.3049503365e+00 -2.3621350109e+00 -1.5409415587e+00  4.8880522948e+00 -2.3756824767e+00 -1.4699511447e+00  7.3430614305e+00 -2.0411542814e+00 -1.8295894071e-01  4.9066486139e+00 -2.0556601877e+00 -1.0712386698e-01  6.1485322178e+00 -1.8935125114e+00  5.2543495963e-01  2.1532838685e+00 -2.5100334478e+00 -2.1448689560e-01  3.1107680755e+00 -2.9780678939e-01  9.3047290668e-01  3.3995644376e+00 -1.7861842391e+00  9.1742381471e-01  6.2489200081e+00 -1.4888247103e+00  2.2292733350e+00  6.0414440544e+00 -2.7792379920e+00 -3.2427703730e+00  8.2350179517e+00 -2.4782489055e+00 -2.0902729282e+00  3.9459477873e+00 -2.5007239454e+00 -1.9916587970e+00  8.2892357130e+00 -1.9054841615e+00  3.3127117303e-01  2.3788029818e+00 -3.5548198136e+00 -4.4151966210e-01  2.0831901452e+00 -1.9004419335e+00 -1.1176191208e+00  1.2106468182e+00 -2.4426479900e+00  3.3274739752e-01
ENERGY -1.204520717899e+03

JOB 13
COORDS  6.0712027000e+00 -2.4373571598e+00 -2.2062377694e+00  7.2972086380e+00 -2.3950915220e+00 -1.5353800173e+00  4.8868117500e+00 -2.2195765965e+00 -1.5012603483e+00  7.3374439128e+00 -2.1333413384e+00 -1.6534519258e-01  4.9077692895e+00 -1.9632536703e+00 -1.2499839364e-01  6.1451910775e+00 -1.9202491158e+00  5.3215232985e-01  2.1940477490e+00 -2.5870035061e+00 -1.3786953390e-01  3.0169132425e+00 -1.5729384598e-01  6.0712453252e-01  3.3885230651e+00 -1.6075995989e+00  8.5164535698e-01  6.2522443787e+00 -1.5830690760e+00  2.2519245961e+00  6.0362625099e+00 -2.6343551508e+00 -3.2739219188e+00  8.2249209489e+00 -2.5617631184e+00 -2.0756668117e+00  3.9442990986e+00 -2.2366946379e+00 -2.0375235543e+00  8.2826580297e+00 -2.0922574274e+00  3.6654243225e-01  2.5157053967e+00 -3.6274071257e+00 -2.2825861609e-01  2.0592842948e+00 -2.1178259261e+00 -1.1141315149e+00  1.2536388787e+00 -2.5300092049e+00  4.1459514148e-01
ENERGY -1.204521414738e+03

JOB 14
COORDS  6.0616322708e+00 -2.3437578876e+00 -2.2132609406e+00  7.2710605791e+00 -2.4328020395e+00 -1.5149225185e+00  4.8834741658e+00 -2.0635951947e+00 -1.5223155369e+00  7.3005142545e+00 -2.2398048928e+00 -1.3369039921e-01  4.8957320214e+00 -1.8698815791e+00 -1.3577367464e-01  6.1120563713e+00 -1.9632738690e+00  5.5030484918e-01  2.2598990745e+00 -2.6938421201e+00 -3.1749997642e-02  2.8720019104e+00 -1.1464427949e-01  2.5937776571e-01  3.3524653903e+00 -1.4586299803e+00  7.7557040192e-01  6.2022175633e+00 -1.7355196858e+00  2.2901350696e+00  6.0377591236e+00 -2.4868783517e+00 -3.2897821907e+00  8.1952165863e+00 -2.6485091436e+00 -2.0438807718e+00  3.9527542498e+00 -1.9616362984e+00 -2.0712863356e+00  8.2330581068e+00 -2.3029925148e+00  4.1806759176e-01  2.6679283809e+00 -3.7019142027e+00  7.6172413624e-02  2.1279610244e+00 -2.4274442737e+00 -1.0816059181e+00  1.2991828805e+00 -2.6153273194e+00  4.8200697346e-01
ENERGY -1.204523047584e+03

JOB 15
COORDS  6.0581201270e+00 -2.2336272833e+00 -2.2431458108e+00  7.2351689019e+00 -2.4621598545e+00 -1.5196887541e+00  4.8901694587e+00 -1.8818500118e+00 -1.5686852456e+00  7.2438804976e+00 -2.3391914957e+00 -1.2988647762e-01  4.8883333408e+00 -1.7503864009e+00 -1.7554796204e-01  6.0646404686e+00 -1.9915275081e+00  5.3829290750e-01  2.3594914321e+00 -2.7514568869e+00  9.3504750608e-02  2.7385553984e+00 -1.2590507529e-01 -1.0718695019e-01  3.3215805075e+00 -1.2943721781e+00  6.6713350870e-01  6.1065484197e+00 -1.8794355403e+00  2.2919081625e+00  6.0538110263e+00 -2.3244478302e+00 -3.3255985765e+00  8.1515501317e+00 -2.7336388499e+00 -2.0364028204e+00  3.9824906858e+00 -1.6531269792e+00 -2.1210123508e+00  8.1510208275e+00 -2.5141970194e+00  4.3992045682e-01  2.8310026624e+00 -3.6790570228e+00  4.2838912975e-01  2.2898216909e+00 -2.7168714361e+00 -9.9499240419e-01  1.3639550972e+00 -2.6484895905e+00  5.3117259529e-01
ENERGY -1.204525892861e+03

JOB 16
COORDS  6.0917496139e+00 -2.1319711081e+00 -2.2708488940e+00  7.2223404927e+00 -2.4808529548e+00 -1.5219448006e+00  4.9225001807e+00 -1.7421530544e+00 -1.6181111327e+00  7.1849337971e+00 -2.4463883786e+00 -1.2650012977e-01  4.8811498501e+00 -1.6936911483e+00 -2.2201531986e-01  6.0054136746e+00 -2.0611604450e+00  5.1814334746e-01  2.4531053414e+00 -2.8044731355e+00  2.4776534224e-01  2.6358241785e+00 -2.3176062091e-01 -4.0077868435e-01  3.2967449668e+00 -1.2012439107e+00  5.6230526009e-01  5.9596639975e+00 -2.0767406551e+00  2.2761257009e+00  6.1244314079e+00 -2.1596945646e+00 -3.3563072063e+00  8.1391254106e+00 -2.7802684905e+00 -2.0222571674e+00  4.0432099924e+00 -1.4212342016e+00 -2.1723220505e+00  8.0547172163e+00 -2.7198612450e+00  4.6260759091e-01  2.9760228251e+00 -3.6174099786e+00  7.5829584580e-01  2.4314649092e+00 -2.9678161120e+00 -8.3141836244e-01  1.4367506141e+00 -2.7000636037e+00  6.3437202586e-01
ENERGY -1.204529115434e+03

JOB 17
COORDS  6.1434548577e+00 -2.0351629741e+00 -2.2983031633e+00  7.2155454340e+00 -2.4793161236e+00 -1.5160755533e+00  4.9562156325e+00 -1.6304628326e+00 -1.6850787045e+00  7.1051329582e+00 -2.5269845391e+00 -1.2357873290e-01  4.8438349720e+00 -1.6686607964e+00 -2.9443119442e-01  5.9113036299e+00 -2.1247894167e+00  4.7960775278e-01  2.4822566503e+00 -2.8022977886e+00  3.9634224782e-01  2.5378311743e+00 -3.5400309139e-01 -6.6397293431e-01  3.2472642676e+00 -1.1297161172e+00  4.3048996857e-01  5.7593101869e+00 -2.2302999017e+00  2.2297120758e+00  6.2342640537e+00 -1.9998975358e+00 -3.3802752244e+00  8.1444904843e+00 -2.7896608039e+00 -1.9864289809e+00  4.1125777057e+00 -1.2482388581e+00 -2.2557667455e+00  7.9294188268e+00 -2.8744606529e+00  4.9147520262e-01  3.0417335375e+00 -3.4880902339e+00  1.0371737071e+00  2.4762028312e+00 -3.1449432130e+00 -6.4026843585e-01  1.4603752914e+00 -2.6832426847e+00  7.6355851845e-01
ENERGY -1.204531760458e+03

JOB 18
COORDS  6.2036007214e+00 -1.9317071783e+00 -2.3180949360e+00  7.2294988475e+00 -2.4513157699e+00 -1.5222347210e+00  4.9926636178e+00 -1.5522301469e+00 -1.7339195121e+00  7.0528396186e+00 -2.5911996803e+00 -1.4221626430e-01  4.8048713947e+00 -1.7059202749e+00 -3.5985915691e-01  5.8390358562e+00 -2.2099232823e+00  4.3168680867e-01  2.4695666579e+00 -2.7825935946e+00  5.5079710570e-01  2.4668636472e+00 -4.9607414947e-01 -8.4761750347e-01  3.2083527772e+00 -1.1137488140e+00  3.2246456355e-01  5.6298337634e+00 -2.3762024198e+00  2.1722886118e+00  6.3481348930e+00 -1.8151605332e+00 -3.3884576905e+00  8.1757987936e+00 -2.7430198919e+00 -1.9693039438e+00  4.1779394999e+00 -1.1246220562e+00 -2.3138340488e+00  7.8454126272e+00 -2.9854415603e+00  4.8614716071e-01  3.0484881036e+00 -3.3575918104e+00  1.2757136754e+00  2.4474862361e+00 -3.2759445241e+00 -4.2298671198e-01  1.4533809075e+00 -2.6201135209e+00  9.1707159435e-01
ENERGY -1.204532781689e+03

JOB 19
COORDS  6.2590817187e+00 -1.8241588636e+00 -2.3495262155e+00  7.2495700999e+00 -2.3955111754e+00 -1.5459215449e+00  5.0145492760e+00 -1.5066789060e+00 -1.8005785736e+00  7.0052438539e+00 -2.6340427140e+00 -1.9032733120e-01  4.7441737949e+00 -1.7875402980e+00 -4.5895871825e-01  5.7603213123e+00 -2.3075287224e+00  3.4972494765e-01  2.4134267927e+00 -2.7857336687e+00  6.5024301881e-01  2.3673734102e+00 -7.0904054431e-01 -1.0585804122e+00  3.1339080107e+00 -1.1651455845e+00  1.6770790003e-01  5.5204369057e+00 -2.5313624645e+00  2.0809791846e+00  6.4561621555e+00 -1.6163815911e+00 -3.3974048442e+00  8.2215737389e+00 -2.6430659422e+00 -1.9634406762e+00  4.2223418230e+00 -1.0551630652e+00 -2.3928544359e+00  7.7746052502e+00 -3.0532761837e+00  4.5054182133e-01  2.9771103424e+00 -3.2250862073e+00  1.4726578755e+00  2.4107889131e+00 -3.4369774145e+00 -2.2624165186e-01  1.3890201367e+00 -2.5701454707e+00  9.6215801661e-01
ENERGY -1.204531161488e+03

JOB 20
COORDS  6.3284400550e+00 -1.7093904180e+00 -2.3650609852e+00  7.2888818864e+00 -2.3474939105e+00 -1.5763816572e+00  5.0619528911e+00 -1.4464323345e+00 -1.8405917898e+00  6.9884461499e+00 -2.6993666985e+00 -2.5851897989e-01  4.7260942333e+00 -1.8516264682e+00 -5.4288995989e-01  5.7217224121e+00 -2.4222152196e+00  2.6075647343e-01  2.3912732650e+00 -2.7343923930e+00  7.7915424400e-01  2.3064453008e+00 -9.3512422090e-01 -1.2326307975e+00  3.0980419087e+00 -1.2110361391e+00  3.1150032395e-02  5.4595122677e+00 -2.7714362742e+00  1.9678051076e+00  6.5639709471e+00 -1.4084466237e+00 -3.3818650791e+00  8.2781563086e+00 -2.5579763051e+00 -1.9730719872e+00  4.2915495290e+00 -9.6199096595e-01 -2.4348411339e+00  7.7340065682e+00 -3.1672834449e+00  3.7669249037e-01  2.8109651927e+00 -2.8956615346e+00  1.7697801160e+00  2.5650113669e+00 -3.5928051221e+00  1.2738923745e-01  1.3208870733e+00 -2.5267069221e+00  8.4668920493e-01
ENERGY -1.204526927667e+03

JOB 21
COORDS  6.3976867719e+00 -1.6120185038e+00 -2.3469859427e+00  7.3298578823e+00 -2.3090271935e+00 -1.5742912696e+00  5.1131450236e+00 -1.3932559357e+00 -1.8511276816e+00  6.9760734893e+00 -2.7623778451e+00 -3.0340135670e-01  4.7205396188e+00 -1.8937416186e+00 -5.9948164723e-01  5.6894247743e+00 -2.5265985784e+00  1.9179285574e-01  2.3938993916e+00 -2.6303569048e+00  9.2215823092e-01  2.2435963046e+00 -1.2325890666e+00 -1.3882828077e+00  3.0557416309e+00 -1.2608065735e+00 -1.0758350501e-01  5.3916622294e+00 -3.0330841307e+00  1.8533111462e+00  6.6675892744e+00 -1.2342472910e+00 -3.3289453048e+00  8.3337483749e+00 -2.4911727359e+00 -1.9474782573e+00  4.3676601559e+00 -8.7783690366e-01 -2.4504611751e+00  7.6955109106e+00 -3.2838963430e+00  3.1996084095e-01  2.7399785093e+00 -2.5204878357e+00  1.9478122740e+00  2.6590855545e+00 -3.6065171991e+00  5.1317297642e-01  1.3123977690e+00 -2.4841617411e+00  8.6684338998e-01
ENERGY -1.204521734852e+03

JOB 22
COORDS  6.4503335913e+00 -1.5152730349e+00 -2.3184190465e+00  7.3686354856e+00 -2.2471831736e+00 -1.5605239201e+00  5.1476785092e+00 -1.3544745700e+00 -1.8537520249e+00  6.9743466359e+00 -2.7977639199e+00 -3.4315659902e-01  4.7166128276e+00 -1.9325162797e+00 -6.4549250503e-01  5.6641818042e+00 -2.6246276354e+00  1.2156385891e-01  2.3911692499e+00 -2.5247909461e+00  1.0120068380e+00  2.1835307647e+00 -1.6953026199e+00 -1.5367433842e+00  2.9821345520e+00 -1.3796961189e+00 -2.8629988915e-01  5.3293342187e+00 -3.3169976423e+00  1.7077227530e+00  6.7444304939e+00 -1.0696354375e+00 -3.2642404154e+00  8.3886423030e+00 -2.3868441682e+00 -1.9072766911e+00  4.4225937987e+00 -8.1158663682e-01 -2.4539879401e+00  7.6771038200e+00 -3.3600403928e+00  2.6346768112e-01  2.8345676922e+00 -2.2695725238e+00  1.9732717146e+00  2.5813808077e+00 -3.5642401257e+00  7.4310055394e-01  1.3146122222e+00 -2.3369346661e+00  1.0283184186e+00
ENERGY -1.204517031711e+03

JOB 23
COORDS  6.5008332107e+00 -1.4317343581e+00 -2.1639136046e+00  7.4825134848e+00 -2.1712222615e+00 -1.4978980833e+00  5.2174139054e+00 -1.3612891342e+00 -1.6301119617e+00  7.1648331489e+00 -2.8309626407e+00 -3.1319320418e-01  4.8689863098e+00 -2.0257341051e+00 -4.3925944569e-01  5.8679317947e+00 -2.7611914298e+00  2.1364936153e-01  2.7123708209e+00 -2.5727908011e+00  1.4671586448e+00  2.2812991437e+00 -2.3870930878e+00 -1.1613816581e+00  3.0798598983e+00 -1.6803537976e+00 -8.2544733847e-02  5.6184771918e+00 -3.6510167797e+00  1.7129269198e+00  6.7313316910e+00 -9.1229416133e-01 -3.0894261311e+00  8.4916174735e+00 -2.2373717519e+00 -1.8947409539e+00  4.4511966948e+00 -7.9589930012e-01 -2.1547677343e+00  7.9150708323e+00 -3.4111245466e+00  2.1461390871e-01  3.3106421341e+00 -2.1908323677e+00  2.2951355509e+00  2.8516319586e+00 -3.6439814110e+00  1.3273059822e+00  1.6542528514e+00 -2.3548555487e+00  1.6331408821e+00
ENERGY -1.204514943232e+03

