JOB 0
COORDS  1.8664152904e+00 -3.6711690531e+00 -9.5135043602e-01  8.9982742683e-01 -3.5488217227e+00  4.8095102861e-02  5.3048236259e+00  1.3144821246e+00  1.5817718841e-02  5.9839003090e+00  1.1764523889e+00 -1.1964735099e+00  2.7356770097e+00 -2.6086542827e+00 -1.1906616276e+00  7.8974307327e-01 -2.3537209743e+00  7.5999266207e-01  4.1951294385e+00  5.1184393398e-01  2.7212862532e-01  5.5158030852e+00  2.0994147029e-01 -2.0907895557e+00  2.6735113262e+00 -1.4065391867e+00 -4.6284327461e-01  1.6469088459e+00 -1.2660121820e+00  5.1493328248e-01  3.7831436192e+00 -4.2938215170e-01 -6.9241056599e-01  1.0592668629e+00  1.0919303610e+00  3.7251124655e-01  7.0593224557e-01 -8.3087351342e-02  2.4538291043e+00  4.4623671961e+00 -5.7437345510e-01 -1.8512602150e+00  1.4673275597e+00 -3.9141887900e-02  1.2129202270e+00  1.9576878170e+00 -4.5895904940e+00 -1.5248962832e+00  2.1920974372e-01 -4.3687979259e+00  2.6427645753e-01  5.6358116284e+00  2.0368348720e+00  7.5827798146e-01  6.8484434219e+00  1.7862546856e+00 -1.4426603114e+00  3.5163697747e+00 -2.6987720130e+00 -1.9372122973e+00  4.2800154477e-03 -2.2588242217e+00  1.5010214913e+00  3.6510504218e+00  5.9354217725e-01  1.2043672472e+00  6.0172774987e+00  5.5007267688e-02 -3.0458859803e+00  1.6342672644e+00  1.1129934873e+00 -5.5252475815e-01  1.2402655109e+00  2.0310169026e+00  9.0662959351e-01 -1.1301066632e-02  1.0378941088e+00  1.1265603813e-01  8.4150027210e-01  8.6803839038e-01  2.9789308385e+00  1.0799066769e+00 -8.8325634329e-01  3.0974787298e+00 -3.7847829126e-01 -2.2741306548e-01  2.3044538110e+00
ENERGY -6.134138691462e+02

JOB 1
COORDS  1.9041991993e+00 -3.7269464605e+00 -8.7485693930e-01  8.9990852229e-01 -3.5692673678e+00  8.1777491936e-02  5.3695768547e+00  1.1930028162e+00  1.0278349638e-01  5.8964577728e+00  1.2304933692e+00 -1.1916699480e+00  2.7841692122e+00 -2.6718253457e+00 -1.1157819088e+00  7.6368892927e-01 -2.3541715082e+00  7.5660220051e-01  4.2998112161e+00  3.4395499076e-01  3.7464158908e-01  5.3227703430e+00  3.9244021239e-01 -2.1504928717e+00  2.6941245474e+00 -1.4565925245e+00 -4.1910157085e-01  1.6369086754e+00 -1.2790547006e+00  5.1450825141e-01  3.7783680935e+00 -4.5927646674e-01 -6.5777485097e-01  1.1301816192e+00  1.0975209059e+00  3.0768217758e-01  6.5737391915e-01 -3.3080629352e-02  2.3894133507e+00  4.3001626769e+00 -4.3347670228e-01 -1.9010760089e+00  1.4670973387e+00 -3.3495070191e-02  1.1790812090e+00  2.0114668428e+00 -4.6627773461e+00 -1.4165055825e+00  2.0803673862e-01 -4.3808921200e+00  2.9367196800e-01  5.7889084704e+00  1.8137880296e+00  8.9097643215e-01  6.7260580403e+00  1.8814941907e+00 -1.4524309268e+00  3.5855287502e+00 -2.7795697207e+00 -1.8392184055e+00 -5.0257040983e-02 -2.2368552426e+00  1.4631997719e+00  3.8588898514e+00  2.9538706597e-01  1.3628720366e+00  5.7036983621e+00  3.8233149618e-01 -3.1712838121e+00  1.7345350174e+00  1.0824163677e+00 -5.9828252263e-01  1.3299835515e+00  2.0373519482e+00  8.3337893308e-01  6.7047542501e-02  1.0799549744e+00  1.3415997303e-02  7.9604555949e-01  9.2486364703e-01  2.9010364606e+00  9.8493783878e-01 -8.2913604532e-01  3.0630337898e+00 -4.2377058393e-01 -1.5439617088e-01  2.1998150174e+00
ENERGY -6.134150803431e+02

JOB 2
COORDS  1.9252200042e+00 -3.7906945774e+00 -7.9867099763e-01  8.8955294269e-01 -3.5926873123e+00  1.1626936548e-01  5.4321506109e+00  1.0693775728e+00  1.5313361792e-01  5.8001059286e+00  1.2850953921e+00 -1.1793757184e+00  2.8229085357e+00 -2.7497446484e+00 -1.0438563500e+00  7.3950568638e-01 -2.3561976607e+00  7.4989935003e-01  4.4102031897e+00  1.6581397362e-01  4.3193747618e-01  5.1222600502e+00  5.6939291492e-01 -2.1681133541e+00  2.7177195435e+00 -1.5199631354e+00 -3.8146625263e-01  1.6331038736e+00 -1.2986727053e+00  5.0611170727e-01  3.7813456428e+00 -5.0638346074e-01 -6.3187326899e-01  1.1865248070e+00  1.0831436087e+00  2.2250730168e-01  6.4216029731e-01  1.8384429968e-02  2.3219623941e+00  4.1380352037e+00 -3.0431525415e-01 -1.9143964961e+00  1.4778169884e+00 -3.1310617660e-02  1.1307102196e+00  2.0392180926e+00 -4.7435603258e+00 -1.3082127033e+00  1.8238256545e-01 -4.3913810434e+00  3.2679984283e-01  5.9366857447e+00  1.5948491370e+00  9.6037453964e-01  6.5882386640e+00  1.9833357195e+00 -1.4467858970e+00  3.6429886281e+00 -2.8845452644e+00 -1.7427794306e+00 -9.7993129612e-02 -2.2102533689e+00  1.4232411747e+00  4.0859326710e+00 -2.2151502328e-02  1.4490132200e+00  5.3777423206e+00  7.0462422112e-01 -3.2184887196e+00  1.8168765658e+00  1.0364646447e+00 -6.6451517766e-01  1.3871301992e+00  2.0310989162e+00  7.3277288720e-01  1.3247916448e-01  1.0768822530e+00 -1.0386376515e-01  7.9339411992e-01  9.8442869834e-01  2.8144328087e+00  9.3447731573e-01 -7.6964561819e-01  3.0208930641e+00 -4.3736633704e-01 -8.1359862658e-02  2.1108580075e+00
ENERGY -6.134150258027e+02

JOB 3
COORDS  1.9350255686e+00 -3.8216630046e+00 -7.1403319318e-01  8.6773904507e-01 -3.5794034225e+00  1.5265648817e-01  5.5285190649e+00  9.4918918707e-01  1.8698437680e-01  5.7378141812e+00  1.3402321917e+00 -1.1399680587e+00  2.8546024421e+00 -2.7991667429e+00 -9.6211074883e-01  7.0993042147e-01 -2.3209017015e+00  7.4013655089e-01  4.5413893209e+00  5.3762193966e-03  4.6044098559e-01  4.9409717170e+00  7.5881130498e-01 -2.1279215041e+00  2.7372995035e+00 -1.5498925230e+00 -3.4378360964e-01  1.6264041849e+00 -1.2835490522e+00  4.9456788498e-01  3.7936267976e+00 -5.2908115199e-01 -6.0231308740e-01  1.2175348581e+00  1.0962211645e+00  1.4308811801e-01  6.3703652993e-01  9.3319991983e-02  2.2632482857e+00  3.9851731622e+00 -1.4882086296e-01 -1.8783375656e+00  1.4854348551e+00  2.5384848795e-03  1.0833634601e+00  2.0547843095e+00 -4.7927463439e+00 -1.1864870708e+00  1.4284471928e-01 -4.3624204475e+00  3.6184877975e-01  6.1248072817e+00  1.3728702502e+00  9.9141952965e-01  6.4934892828e+00  2.0747671971e+00 -1.4040342890e+00  3.6964148499e+00 -2.9689681632e+00 -1.6278159500e+00 -1.4825953628e-01 -2.1430190904e+00  1.3792439524e+00  4.3351112416e+00 -3.1951543630e-01  1.4746695794e+00  5.0684757085e+00  1.0381956885e+00 -3.1730737406e+00  1.8585347484e+00  1.0209834698e+00 -7.3405853518e-01  1.4192733485e+00  2.0541587247e+00  6.3377856178e-01  1.6803015417e-01  1.0915862103e+00 -1.9816337202e-01  8.0163250387e-01  1.0661878002e+00  2.7377102377e+00  9.0561999191e-01 -6.8602759085e-01  2.9812253120e+00 -4.4183392808e-01  1.0186563149e-02  2.0413453046e+00
ENERGY -6.134137966619e+02

JOB 4
COORDS  1.9846488595e+00 -3.8461873292e+00 -6.3497120178e-01  8.8604458598e-01 -3.5834182937e+00  1.8526996926e-01  5.6856137183e+00  7.7592641235e-01  1.7985448901e-01  5.7318122637e+00  1.3682890370e+00 -1.0859164938e+00  2.9032945736e+00 -2.8238050136e+00 -8.9189604421e-01  6.9867152288e-01 -2.3060897957e+00  7.2110138490e-01  4.7033726115e+00 -1.7978250912e-01  4.3421933782e-01  4.7837034961e+00  9.7349111760e-01 -2.0319844092e+00  2.7479773053e+00 -1.5525165513e+00 -3.3142270750e-01  1.6123396797e+00 -1.2690396693e+00  4.6398414031e-01  3.8007657588e+00 -5.2176697812e-01 -5.8460658165e-01  1.1338890756e+00  1.0826833670e+00  3.5810128653e-02  6.2332300213e-01  1.4234756225e-01  2.2024497609e+00  3.8312568791e+00  5.8250467640e-02 -1.7972431448e+00  1.4541247000e+00  3.3953564604e-02  1.0111968574e+00  2.1308203657e+00 -4.8336976142e+00 -1.0639773112e+00  1.6319993084e-01 -4.3666723977e+00  4.0065841405e-01  6.3994209865e+00  1.0545974452e+00  9.5120240706e-01  6.4771899294e+00  2.1183991930e+00 -1.3350539207e+00  3.7710813242e+00 -3.0148421343e+00 -1.5180522143e+00 -1.7651194334e-01 -2.1140109996e+00  1.3329101897e+00  4.6219934512e+00 -6.6212453761e-01  1.4032867455e+00  4.7812270284e+00  1.4165604728e+00 -3.0270991219e+00  1.7497711220e+00  9.8203234466e-01 -8.5651334107e-01  1.3270189526e+00  2.0640989719e+00  4.8204851799e-01  7.4462880108e-02  1.0413023030e+00 -2.7185258226e-01  7.7649431442e-01  1.1317085072e+00  2.6457750949e+00  9.1919873451e-01 -6.1101753492e-01  2.9373347249e+00 -4.5750356784e-01  3.2835488528e-02  2.0019870465e+00
ENERGY -6.134118741138e+02

JOB 5
COORDS  2.0240367300e+00 -3.8371170156e+00 -5.2806641073e-01  8.9359286958e-01 -3.5553728721e+00  2.4077760776e-01  5.8752662476e+00  5.5327741061e-01  1.0462551164e-01  5.7766089070e+00  1.3600527647e+00 -1.0321334190e+00  2.9378612719e+00 -2.8130471407e+00 -7.9694061176e-01  6.7262863995e-01 -2.2591481002e+00  7.1503490143e-01  4.8727281205e+00 -3.8512048404e-01  3.4778126909e-01  4.6717335904e+00  1.1855789684e+00 -1.8683119323e+00  2.7384027131e+00 -1.5168163615e+00 -3.1143239614e-01  1.5784650101e+00 -1.2201671117e+00  4.4090689110e-01  3.8010554733e+00 -4.9016321402e-01 -5.5206909221e-01  9.5626743324e-01  1.0718311797e+00 -8.2442577267e-02  6.0013876456e-01  2.2611036720e-01  2.1533610947e+00  3.7004892090e+00  2.8894117332e-01 -1.6428208934e+00  1.3884186596e+00  1.0303257390e-01  9.3345642378e-01  2.2009030537e+00 -4.8408214520e+00 -9.0491683774e-01  1.7596869728e-01 -4.3401436142e+00  4.6767733971e-01  6.7154022764e+00  6.5394240309e-01  7.8737952722e-01  6.5314432831e+00  2.1050730655e+00 -1.2675735232e+00  3.8337566158e+00 -3.0225654460e+00 -1.3763715421e+00 -2.1915906327e-01 -2.0543759708e+00  1.2986086375e+00  4.9049181786e+00 -1.0316900445e+00  1.2195597419e+00  4.5571385807e+00  1.7953536930e+00 -2.7636969354e+00  1.5569374626e+00  9.6970791978e-01 -9.8536145003e-01  1.0853290124e+00  2.0866049004e+00  3.0960943102e-01 -1.0650248998e-01  9.3404823860e-01 -3.4934726481e-01  7.3741261169e-01  1.2347511468e+00  2.5569799806e+00  9.4974281224e-01 -4.9172626084e-01  2.9001183172e+00 -4.8363610346e-01  7.5508959734e-02  2.0008701774e+00
ENERGY -6.134105410978e+02

JOB 6
COORDS  2.0699503159e+00 -3.8300136335e+00 -4.2687711524e-01  8.9746839007e-01 -3.5294051925e+00  2.6858850260e-01  6.0239766943e+00  3.7260055072e-01 -8.4305304856e-03  5.8200040392e+00  1.3544337579e+00 -9.8087596021e-01  2.9870609847e+00 -2.8078245991e+00 -6.8793314022e-01  6.4505806924e-01 -2.2179962195e+00  6.8053724242e-01  5.0107684661e+00 -5.5573952374e-01  2.3035475524e-01  4.6038340727e+00  1.3553882218e+00 -1.6682514074e+00  2.7485600030e+00 -1.4906348396e+00 -2.7635660562e-01  1.5531237016e+00 -1.1799270603e+00  4.1239928627e-01  3.8190020696e+00 -4.7258476527e-01 -5.0765270182e-01  7.9358886833e-01  1.0534312076e+00 -1.7193825018e-01  5.8207323199e-01  2.8437251750e-01  2.1099118746e+00  3.6235748252e+00  4.6970528412e-01 -1.4463321930e+00  1.3261191806e+00  1.5599990788e-01  8.6181584282e-01  2.2755523328e+00 -4.8459622534e+00 -7.5313200552e-01  1.7554344500e-01 -4.3118871836e+00  4.8955490699e-01  6.9531006707e+00  3.3192177592e-01  5.5472958346e-01  6.5782386665e+00  2.0994198977e+00 -1.2049634738e+00  3.9133720552e+00 -3.0323042105e+00 -1.2114052097e+00 -2.7234423878e-01 -1.9990074647e+00  1.2179321396e+00  5.1235723490e+00 -1.3315012558e+00  9.8183223593e-01  4.4065119481e+00  2.1019207517e+00 -2.4368370998e+00  1.3726838476e+00  9.4950711415e-01 -1.0884847261e+00  8.7649424097e-01  2.0894391549e+00  1.7515775754e-01 -2.6934041348e-01  8.4292402680e-01 -3.8801446964e-01  6.9205666382e-01  1.3104945940e+00  2.4766444328e+00  9.9283557213e-01 -3.9424601964e-01  2.8622617054e+00 -4.9997461249e-01  8.4742821958e-02  2.0097765234e+00
ENERGY -6.134100217996e+02

JOB 7
COORDS  8.4753748629e-01 -2.5946486829e+00 -2.1655337271e+00 -7.7558385471e-02 -2.6321015666e+00 -1.1220034237e+00  5.8754017767e+00  5.7913628516e-03 -1.0104902719e+00  5.7005239191e+00  1.3787834775e+00 -8.2586190029e-01  2.0083447474e+00 -1.8318184632e+00 -2.0085833274e+00  1.7074399872e-01 -1.9389131050e+00  6.5485097672e-02  4.7493438684e+00 -8.1817523338e-01 -1.0004492554e+00  4.3976028405e+00  1.8568741772e+00 -6.4804471195e-01  2.2570043706e+00 -1.0996071991e+00 -8.4179615355e-01  1.3395941717e+00 -1.1733111270e+00  2.4052223884e-01  3.4804002597e+00 -2.4670836134e-01 -8.0341684283e-01  4.4837932534e-01 -2.3390155391e-01  2.3183381618e+00  2.7951066572e+00 -7.9778201953e-01  2.1808744222e+00  3.3098079670e+00  1.0782099913e+00 -6.3857733575e-01  1.5812563742e+00 -4.6687615070e-01  1.4382191359e+00  6.6624008952e-01 -3.1348576839e+00 -3.0904873687e+00 -9.9126724006e-01 -3.2134981048e+00 -1.2196633312e+00  6.8671467351e+00 -4.1584011086e-01 -1.1548612858e+00  6.5432316407e+00  2.0644020757e+00 -8.2278944157e-01  2.7214271761e+00 -1.7612957264e+00 -2.8264927033e+00 -5.4810283285e-01 -2.0141959280e+00  8.7378938286e-01  4.8409493808e+00 -1.8932532988e+00 -1.1260588943e+00  4.2193910662e+00  2.9234569174e+00 -5.1377325360e-01 -3.9864826013e-01  1.5415992924e-01  1.7470789581e+00  7.3195157569e-01  5.2165995508e-01  3.0578226666e+00  1.2046729060e-01 -1.1337866164e+00  2.8697498934e+00  3.0315097596e+00  1.7158336544e-02  2.8729493449e+00  3.6446842969e+00 -9.2215872465e-01  1.5117288091e+00  2.6787534863e+00 -1.7279597151e+00  2.7645954200e+00
ENERGY -6.134102114719e+02

JOB 8
COORDS  9.6808860167e-01 -2.6099737818e+00 -2.1317646830e+00 -1.2406114418e-02 -2.5906581754e+00 -1.1368579977e+00  5.9335163069e+00  6.8676528804e-02 -1.1472597154e+00  5.7714368498e+00  1.4030711314e+00 -7.6665585537e-01  2.1387487814e+00 -1.8785345507e+00 -1.9285141828e+00  1.9600313775e-01 -1.8825722383e+00  4.5652909078e-02  4.8232819021e+00 -7.7406210888e-01 -1.1282720960e+00  4.4940704411e+00  1.8205030356e+00 -3.7945604993e-01  2.3613225010e+00 -1.1280229831e+00 -7.6364032184e-01  1.3849282765e+00 -1.1540149752e+00  2.7499304390e-01  3.5733754719e+00 -2.6283714136e-01 -7.3038729916e-01  4.3484369783e-01 -2.0280785269e-01  2.3348999613e+00  2.8435202648e+00 -5.3980637820e-01  2.1906755870e+00  3.4211520888e+00  1.0226629606e+00 -3.5503457923e-01  1.5727896930e+00 -4.8172941743e-01  1.4809810534e+00  8.1680775146e-01 -3.1617018694e+00 -3.0550650719e+00 -9.3925031361e-01 -3.1438303779e+00 -1.2693279574e+00  6.9079582429e+00 -3.1112227215e-01 -1.4446789189e+00  6.6043685835e+00  2.1003476124e+00 -7.6259969364e-01  2.8819935992e+00 -1.8344332743e+00 -2.7205358466e+00 -5.6242816535e-01 -1.9242705251e+00  8.1938712338e-01  4.9176202312e+00 -1.8223735743e+00 -1.3955523435e+00  4.3245700300e+00  2.8530038451e+00 -7.4491998759e-02 -4.0897843625e-01  1.5988421969e-01  1.7422823489e+00  7.1157024690e-01  5.8863286784e-01  3.0386081262e+00  1.0299569531e-01 -1.0753987600e+00  2.9247715862e+00  3.2324204223e+00  4.6487841293e-01  2.3963218174e+00  3.5897877368e+00 -1.0791733381e+00  1.6096715967e+00  2.7198863463e+00 -1.0724860606e+00  3.1456670567e+00
ENERGY -6.134105832964e+02

JOB 9
COORDS  1.0198197175e+00 -2.6817090041e+00 -2.0862262858e+00  1.7363406814e-03 -2.5984409930e+00 -1.1325806539e+00  5.9131696769e+00  1.3192258486e-01 -1.3302509500e+00  5.7772027868e+00  1.4162418348e+00 -7.9612414831e-01  2.1976187344e+00 -1.9699669204e+00 -1.8671431900e+00  1.8832389284e-01 -1.8523574749e+00  2.8046519648e-02  4.8222495765e+00 -7.3256821029e-01 -1.2890016023e+00  4.5452647459e+00  1.7542655269e+00 -2.2955872216e-01  2.4117920203e+00 -1.1865120808e+00 -7.1816583247e-01  1.3902956892e+00 -1.1512212247e+00  2.8077342601e-01  3.6066871189e+00 -2.9660314840e-01 -7.2115746148e-01  3.9689094515e-01 -1.5473073648e-01  2.2985331709e+00  2.7982619963e+00 -5.6290453443e-01  2.2355266113e+00  3.4927015287e+00  9.3157626880e-01 -1.7716735603e-01  1.5535149728e+00 -4.7505992734e-01  1.4853916272e+00  8.8795726188e-01 -3.2596020586e+00 -2.9963800210e+00 -9.3554099868e-01 -3.1297037192e+00 -1.2804034174e+00  6.8569007532e+00 -1.9556061290e-01 -1.7596684113e+00  6.5975932471e+00  2.1280977977e+00 -8.0245218906e-01  2.9537217260e+00 -1.9639954559e+00 -2.6467223265e+00 -5.9833150807e-01 -1.8445500347e+00  7.7383003182e-01  4.9142112255e+00 -1.7452697485e+00 -1.6683394644e+00  4.3979250186e+00  2.7399563619e+00  2.1175112891e-01 -4.1674183983e-01  2.2585886132e-01  1.6757761061e+00  6.7382199241e-01  6.3628331829e-01  3.0025326322e+00  2.1368078410e-02 -1.0109736885e+00  2.8860451415e+00  3.2103316236e+00  4.3128046595e-01  2.4437935647e+00  3.5453090782e+00 -1.1296626524e+00  1.6815323170e+00  2.6255619339e+00 -1.0835715113e+00  3.1895700687e+00
ENERGY -6.134095230832e+02

JOB 10
COORDS  1.0687305061e+00 -2.7499633606e+00 -2.0099771158e+00  1.9963607119e-02 -2.6020559650e+00 -1.0981464832e+00  5.8641668861e+00  2.3639438233e-01 -1.4969691300e+00  5.7823421647e+00  1.4505181723e+00 -8.0856505743e-01  2.2491056414e+00 -2.0482697836e+00 -1.7834033783e+00  1.8584552322e-01 -1.8098405399e+00  3.2674639912e-02  4.7923259471e+00 -6.4843961791e-01 -1.4395683246e+00  4.6213166853e+00  1.6896795518e+00 -7.1444818115e-02  2.4550296990e+00 -1.2195326536e+00 -6.6084452330e-01  1.3962364737e+00 -1.1277424880e+00  3.0142508953e-01  3.6355812477e+00 -3.0751511596e-01 -7.0145543989e-01  3.5153676214e-01 -6.7788085516e-02  2.2596504181e+00  2.7320675165e+00 -5.7028363235e-01  2.3073945136e+00  3.5903278746e+00  8.4196781248e-01  1.7265167712e-03  1.5302864946e+00 -4.3008946668e-01  1.4968579960e+00  9.5743124825e-01 -3.3648531414e+00 -2.8984237145e+00 -9.2408084145e-01 -3.1182850178e+00 -1.2553880349e+00  6.7571020672e+00 -2.4520048951e-02 -2.0598205761e+00  6.5920834994e+00  2.1742688087e+00 -8.2236220590e-01  3.0154242144e+00 -2.0917898486e+00 -2.5494090869e+00 -6.2446167560e-01 -1.7516228570e+00  7.4994982339e-01  4.8666237820e+00 -1.6061055889e+00 -1.9420839493e+00  4.5176167054e+00  2.6102112890e+00  5.0326477298e-01 -4.2259264710e-01  3.3645924898e-01  1.6023126637e+00  6.2647397029e-01  7.1691861501e-01  2.9712629354e+00 -7.6378490411e-02 -9.0735516545e-01  2.8353898364e+00  3.1596873878e+00  4.0681890821e-01  2.5564713108e+00  3.4897071569e+00 -1.1465263854e+00  1.7785268032e+00  2.4937044509e+00 -1.1060097734e+00  3.2393643173e+00
ENERGY -6.134067944865e+02

JOB 11
COORDS  1.1276870580e+00 -2.8600832847e+00 -1.9051335446e+00  5.9831596375e-02 -2.6747961300e+00 -1.0237186055e+00  5.7526097256e+00  4.1026323637e-01 -1.7014972864e+00  5.8064993226e+00  1.4631282533e+00 -7.8357573997e-01  2.2983662923e+00 -2.1370782359e+00 -1.7022618400e+00  2.1038620918e-01 -1.8251104694e+00  6.5812633642e-02  4.6861815676e+00 -4.8050845726e-01 -1.6535035583e+00  4.7750990065e+00  1.5414282985e+00  1.5167920092e-01  2.4829051299e+00 -1.2337200949e+00 -6.3284986592e-01  1.4110294789e+00 -1.1211467073e+00  3.1716386998e-01  3.6679147656e+00 -3.2071931842e-01 -6.8210521087e-01  2.9961484863e-01  6.5375394436e-02  2.1597450503e+00  2.6056387004e+00 -6.3039161016e-01  2.4077455974e+00  3.7549437622e+00  6.8109061326e-01  2.1621502577e-01  1.5116191768e+00 -3.5578113737e-01  1.4817851201e+00  1.0433309016e+00 -3.5343081092e+00 -2.7526544803e+00 -8.7642136776e-01 -3.2091620358e+00 -1.1658545234e+00  6.5339228317e+00  2.8098873670e-01 -2.4464858120e+00  6.6180916240e+00  2.1849041383e+00 -7.8272283202e-01  3.0808992139e+00 -2.2557555147e+00 -2.4406772074e+00 -6.0735220876e-01 -1.7363640726e+00  7.7133698739e-01  4.6643893984e+00 -1.2914461130e+00 -2.3695834948e+00  4.7726565977e+00  2.3336168227e+00  9.0082035453e-01 -4.2501517000e-01  4.5607717147e-01  1.4409795064e+00  5.5588001555e-01  8.7453499938e-01  2.8514649928e+00 -1.8225679719e-01 -7.3505070181e-01  2.7496531528e+00  3.0065720821e+00  3.0126698807e-01  2.8192914103e+00  3.4169050348e+00 -1.1527062770e+00  1.9060178942e+00  2.2507228840e+00 -1.2663327620e+00  3.2362552709e+00
ENERGY -6.134037679039e+02

JOB 12
COORDS  1.2412933324e+00 -2.9869489049e+00 -1.8077165426e+00  2.0014943604e-01 -2.8440709701e+00 -8.8809540643e-01  5.5610547718e+00  6.6100522805e-01 -1.9460352020e+00  5.9135431132e+00  1.3746615853e+00 -7.9709092295e-01  2.3704054587e+00 -2.1838179491e+00 -1.6807537016e+00  3.3599079074e-01 -1.9364331108e+00  1.5861688350e-01  4.4615383348e+00 -1.8963019083e-01 -1.9038620748e+00  5.1203751723e+00  1.1924857863e+00  3.3570210687e-01  2.5151558494e+00 -1.2122448901e+00 -6.6669373947e-01  1.4848194943e+00 -1.1357081153e+00  3.2253405126e-01  3.7300461763e+00 -3.4398147337e-01 -7.0175656477e-01  2.8953347569e-01  2.9655950944e-01  1.9096095374e+00  2.4172970277e+00 -6.6524202128e-01  2.5194476819e+00  4.0663939712e+00  3.7193139280e-01  3.8847684552e-01  1.5502237594e+00 -2.4209036141e-01  1.4195478262e+00  1.1793112710e+00 -3.7157811056e+00 -2.6111738737e+00 -6.9683637832e-01 -3.4536169749e+00 -9.6571768880e-01  6.1235072350e+00  7.7846566905e-01 -2.8690238312e+00  6.7609424395e+00  2.0540001493e+00 -7.8070313521e-01  3.1721934741e+00 -2.3270913378e+00 -2.3958655443e+00 -4.5941439389e-01 -1.8623230538e+00  8.9240065049e-01  4.1600167201e+00 -6.9785137105e-01 -2.8113876070e+00  5.3418396536e+00  1.7363835643e+00  1.2540917485e+00 -3.3155637268e-01  6.2341839542e-01  1.0718095563e+00  5.0847149792e-01  1.1702879571e+00  2.5333065801e+00 -2.9534621338e-01 -4.0865269118e-01  2.5281220242e+00  2.6805523660e+00  2.0263171557e-01  3.1335911627e+00  3.3404347140e+00 -1.0902828048e+00  2.1334183974e+00  1.9142547445e+00 -1.4128026745e+00  3.1590890730e+00
ENERGY -6.134045454522e+02

JOB 13
COORDS  1.2853108069e+00 -3.0473822793e+00 -1.7468482208e+00  2.6780599924e-01 -2.9436872738e+00 -7.9584469168e-01  5.3801249600e+00  8.7262003282e-01 -1.9428094582e+00  5.9172630291e+00  1.3272504778e+00 -7.3551961241e-01  2.3888866238e+00 -2.2021459759e+00 -1.6556043545e+00  3.8790704021e-01 -2.0150281379e+00  2.3713353587e-01  4.2715762570e+00  3.1088043718e-02 -1.9105689715e+00  5.2981287340e+00  9.1171849036e-01  4.4495249237e-01  2.5180313732e+00 -1.2332913497e+00 -6.4014691745e-01  1.5030566567e+00 -1.1656714469e+00  3.5521357368e-01  3.7231952480e+00 -3.5837307834e-01 -6.6917231189e-01  2.8414114396e-01  4.1149164364e-01  1.7664174896e+00  2.2772484881e+00 -6.6915141341e-01  2.6007148907e+00  4.2338292062e+00  1.0317759129e-01  4.8708746422e-01  1.5562459975e+00 -2.0843321766e-01  1.4117037855e+00  1.2257275215e+00 -3.7812594139e+00 -2.5460524138e+00 -6.0430360028e-01 -3.5910168668e+00 -8.4619914505e-01  5.8067071100e+00  1.1813501880e+00 -2.8939870167e+00  6.7789629077e+00  1.9879649038e+00 -7.0595481501e-01  3.1858798509e+00 -2.3075525769e+00 -2.3854046424e+00 -3.9843771064e-01 -1.9516377489e+00  9.8287357686e-01  3.8127230134e+00 -2.9302693240e-01 -2.8384027065e+00  5.6760646359e+00  1.2478336871e+00  1.4103325105e+00 -2.4542870315e-01  7.2156956682e-01  8.6181937919e-01  4.9043058642e-01  1.3050398309e+00  2.3660102766e+00 -3.8678110854e-01 -2.3461745293e-01  2.3614503671e+00  2.4732022843e+00  1.8640532165e-01  3.2565835644e+00  3.2351992300e+00 -1.0948733724e+00  2.3094169767e+00  1.6954827624e+00 -1.4190429475e+00  3.1674398583e+00
ENERGY -6.134073600306e+02

JOB 14
COORDS  1.3359302012e+00 -3.1262908956e+00 -1.6728519354e+00  3.1575459558e-01 -3.0171814477e+00 -7.2516120234e-01  5.2318287904e+00  1.0266462944e+00 -1.8923481455e+00  5.9103701267e+00  1.2962661568e+00 -7.0132937895e-01  2.4298336675e+00 -2.2640708266e+00 -1.5990604214e+00  4.1395300113e-01 -2.0598106350e+00  2.8578447893e-01  4.1249371368e+00  1.8079598997e-01 -1.8560628994e+00  5.4354710664e+00  7.0007451224e-01  4.6968834458e-01  2.5402214161e+00 -1.2863578329e+00 -5.9424950326e-01  1.5156383205e+00 -1.1928651728e+00  3.8184095711e-01  3.7219678239e+00 -3.8146968736e-01 -6.2922145369e-01  2.9693364055e-01  4.6782776739e-01  1.6877924313e+00  2.2310982448e+00 -6.3550030876e-01  2.6308471817e+00  4.3741065492e+00 -1.1262360652e-01  5.1612226136e-01  1.5679264434e+00 -1.9070288663e-01  1.4009552390e+00  1.2830722747e+00 -3.8740900235e+00 -2.4595888273e+00 -5.4733482894e-01 -3.6771918259e+00 -7.6601681302e-01  5.5513671260e+00  1.4751886031e+00 -2.8297678732e+00  6.7773546353e+00  1.9501964354e+00 -6.7460934513e-01  3.2285650077e+00 -2.3551965632e+00 -2.3304197909e+00 -3.8120252921e-01 -1.9832263693e+00  1.0213816161e+00  3.5572942244e+00 -2.4148826257e-02 -2.7583690291e+00  5.9345055052e+00  8.8448730885e-01  1.4206728770e+00 -1.9042568542e-01  7.5974541592e-01  7.5376849247e-01  4.9905883787e-01  1.3752951009e+00  2.2674271694e+00 -4.1008585441e-01 -1.4630973998e-01  2.2745444882e+00  2.4123026933e+00  2.3317513954e-01  3.2737613049e+00  3.1930009124e+00 -1.0820003180e+00  2.3852830250e+00  1.6160624660e+00 -1.3625095972e+00  3.1923207375e+00
ENERGY -6.134092651449e+02

JOB 15
COORDS  1.3684168114e+00 -3.1945500601e+00 -1.6179862876e+00  3.2160617847e-01 -3.0488858438e+00 -7.0520178251e-01  5.1054794068e+00  1.1525572785e+00 -1.7986259266e+00  5.9140975245e+00  1.2491104776e+00 -6.6391245720e-01  2.4666647066e+00 -2.3357000951e+00 -1.5379914586e+00  3.9130357804e-01 -2.0601278731e+00  2.7907555824e-01  3.9961272351e+00  3.0838592844e-01 -1.7599320175e+00  5.5654476155e+00  4.8976144109e-01  4.5623615749e-01  2.5493879196e+00 -1.3370283549e+00 -5.5572630779e-01  1.4956792970e+00 -1.1978164439e+00  3.7853290707e-01  3.7217002261e+00 -4.1544533632e-01 -5.8643267081e-01  2.6885472478e-01  4.9649036358e-01  1.6340496723e+00  2.2191208617e+00 -5.5639680431e-01  2.6029287560e+00  4.5030846713e+00 -3.2282837504e-01  5.0395918249e-01  1.5442391533e+00 -1.5949398329e-01  1.3613045320e+00  1.3299412286e+00 -3.9621548989e+00 -2.3862796940e+00 -5.4525074819e-01 -3.7033752944e+00 -7.5465415139e-01  5.3303592489e+00  1.7272842635e+00 -2.6937417194e+00  6.7893046746e+00  1.8922012049e+00 -6.4169356872e-01  3.2824430916e+00 -2.4373829934e+00 -2.2495664192e+00 -4.2821114009e-01 -1.9545832788e+00  9.8366710338e-01  3.3328866941e+00  2.1780179016e-01 -2.6149058022e+00  6.1719611050e+00  5.3411325155e-01  1.3603240285e+00 -2.2674667412e-01  7.5324102455e-01  6.9401281091e-01  4.6464360816e-01  1.4238612063e+00  2.1832782121e+00 -4.2777220978e-01 -1.0658031170e-01  2.2440098837e+00  2.3869766930e+00  3.3453402843e-01  3.2183976759e+00  3.1866580443e+00 -9.9727825990e-01  2.3676195953e+00  1.6172234903e+00 -1.2751449230e+00  3.1884108677e+00
ENERGY -6.134098834762e+02

JOB 16
COORDS  1.4033029614e+00 -3.2619970149e+00 -1.5761439766e+00  3.1993255456e-01 -3.0660926284e+00 -7.1775596171e-01  4.9878701118e+00  1.2826424263e+00 -1.6800592193e+00  5.9242185278e+00  1.2064167250e+00 -6.4627902530e-01  2.5098368212e+00 -2.4129016073e+00 -1.4829296142e+00  3.5796611554e-01 -2.0407232070e+00  2.3102146601e-01  3.8776876605e+00  4.3930433347e-01 -1.6380186831e+00  5.6984271275e+00  2.8543709707e-01  3.7970924276e-01  2.5583094740e+00 -1.3783469809e+00 -5.4033005727e-01  1.4700027477e+00 -1.1893001237e+00  3.4259145958e-01  3.7321859791e+00 -4.5236508314e-01 -5.6301676206e-01  2.1810683502e-01  5.0029419871e-01  1.5857447899e+00  2.2520609416e+00 -4.2311553045e-01  2.5100091230e+00  4.6351819593e+00 -5.2776395318e-01  4.2985312588e-01  1.5059176991e+00 -1.1490372108e-01  1.2828393653e+00  1.3855258823e+00 -4.0571126785e+00 -2.3166272208e+00 -5.5354548471e-01 -3.7105590298e+00 -7.8094983527e-01  5.1181011033e+00  1.9848490910e+00 -2.4998860960e+00  6.8067872115e+00  1.8396424133e+00 -6.3116858072e-01  3.3513964210e+00 -2.5439502910e+00 -2.1589822730e+00 -4.8993286851e-01 -1.9011166423e+00  8.9440213178e-01  3.1202429496e+00  4.6870827581e-01 -2.4155795700e+00  6.4073049828e+00  1.9308828801e-01  1.2018433513e+00 -3.2531754354e-01  7.0570032915e-01  6.5964139567e-01  3.9825450038e-01  1.4523735233e+00  2.0962811007e+00 -4.2688286809e-01 -1.0961515218e-01  2.2435537125e+00  2.4153607547e+00  5.0341039152e-01  3.0716688692e+00  3.2221219331e+00 -8.4951211758e-01  2.2576798682e+00  1.7017334693e+00 -1.1296694152e+00  3.1570506080e+00
ENERGY -6.134100276546e+02

JOB 17
COORDS  1.4317509456e+00 -3.3521902339e+00 -1.5069973925e+00  3.1800364689e-01 -3.1038020335e+00 -7.0288171910e-01  4.8730179918e+00  1.4120430280e+00 -1.4786893635e+00  5.9279449013e+00  1.1548076399e+00 -5.9901053777e-01  2.5410846201e+00 -2.5057512357e+00 -1.4129015723e+00  3.2439120972e-01 -2.0343800228e+00  1.9723581774e-01  3.7596758774e+00  5.7272630727e-01 -1.4501232133e+00  5.8100163599e+00  6.6925908510e-02  2.6874979912e-01  2.5532673228e+00 -1.4205302886e+00 -5.3081336034e-01  1.4388230732e+00 -1.1851565254e+00  3.0653684353e-01  3.7324663098e+00 -4.9848817573e-01 -5.4400046257e-01  1.6729850416e-01  5.0163222496e-01  1.5391114763e+00  2.2915521459e+00 -2.7403230377e-01  2.3932485289e+00  4.7432213593e+00 -7.4459810274e-01  3.0714468084e-01  1.4623738965e+00 -7.3709456083e-02  1.1977397549e+00  1.4359995760e+00 -4.1846312314e+00 -2.2054275480e+00 -5.5722938323e-01 -3.7457508951e+00 -7.6737030188e-01  4.9169822004e+00  2.2490739071e+00 -2.1712024115e+00  6.8181583482e+00  1.7772945921e+00 -5.8178128382e-01  3.4079480131e+00 -2.6738293532e+00 -2.0473359631e+00 -5.4454724527e-01 -1.8649355923e+00  8.2500814588e-01  2.9146101301e+00  7.3471699816e-01 -2.1124717098e+00  6.6095641354e+00 -1.6620807872e-01  9.7089828061e-01 -4.2383099384e-01  6.5926219409e-01  6.3304958201e-01  3.3229069154e-01  1.4742571941e+00  2.0143694553e+00 -4.2305694048e-01 -1.1356677546e-01  2.2416354620e+00  2.4616974278e+00  6.9267642016e-01  2.8796930250e+00  3.2563020055e+00 -6.9931041399e-01  2.1192689011e+00  1.8031291064e+00 -9.4814431649e-01  3.1190744772e+00
ENERGY -6.134105389364e+02

JOB 18
COORDS  1.4886692657e+00 -3.4389705862e+00 -1.4763605353e+00  3.4715130930e-01 -3.1551707097e+00 -7.2457986172e-01  4.8028192153e+00  1.5281624931e+00 -1.2146372145e+00  5.9549627551e+00  1.1022895528e+00 -5.4645709412e-01  2.5937627696e+00 -2.5874050575e+00 -1.3829026918e+00  3.2223372667e-01 -2.0470869514e+00  1.2709190287e-01  3.6856516449e+00  6.9468501795e-01 -1.2186480155e+00  5.9252784717e+00 -1.4009017524e-01  9.0182391145e-02  2.5690215088e+00 -1.4542976262e+00 -5.6440490027e-01  1.4305550424e+00 -1.1887656840e+00  2.3320522611e-01  3.7544924849e+00 -5.4348367128e-01 -5.6148352035e-01  1.1964046642e-01  4.8347684369e-01  1.4485644296e+00  2.3199583417e+00 -1.2678456652e-01  2.2390735760e+00  4.8546762043e+00 -9.4870513455e-01  9.6868532121e-02  1.4252673943e+00 -4.5256251972e-02  1.0785647634e+00  1.5185547602e+00 -4.3050657252e+00 -2.1318049176e+00 -5.2430585868e-01 -3.8024773926e+00 -7.8700419813e-01  4.7766614866e+00  2.4902705213e+00 -1.7204004100e+00  6.8516252799e+00  1.7148522568e+00 -5.1375563929e-01  3.4863304933e+00 -2.7859566121e+00 -1.9706866936e+00 -5.6403189349e-01 -1.8602271052e+00  7.2442800416e-01  2.7657612541e+00  9.8447977328e-01 -1.7168517121e+00  6.7995720938e+00 -5.0469996694e-01  6.2802933751e-01 -5.0910097842e-01  5.8876195081e-01  5.6045596218e-01  2.5744125781e-01  1.4759479899e+00  1.8899822770e+00 -4.1749421796e-01 -1.3661695485e-01  2.1883797972e+00  2.4755387282e+00  8.7727038159e-01  2.6480479106e+00  3.2874339225e+00 -5.3687960220e-01  1.9536839446e+00  1.8970488026e+00 -7.6589346598e-01  3.0336854458e+00
ENERGY -6.134118752780e+02

JOB 19
COORDS  1.5245543402e+00 -3.4937729255e+00 -1.4058098387e+00  3.6061668473e-01 -3.1812742409e+00 -7.0115294697e-01  4.7677662657e+00  1.5849451501e+00 -9.8989648314e-01  5.9859015156e+00  1.0509851342e+00 -5.5562299897e-01  2.6241296683e+00 -2.6362405010e+00 -1.3151445000e+00  3.0987042805e-01 -2.0401476951e+00  1.0452673470e-01  3.6390204668e+00  7.6896890150e-01 -9.8682056713e-01  6.0077750003e+00 -2.8152782525e-01 -1.3969692694e-01  2.5725425312e+00 -1.4650603555e+00 -5.5196823181e-01  1.4116278617e+00 -1.1728728944e+00  2.0615656566e-01  3.7603942908e+00 -5.6300548846e-01 -5.5629670525e-01  6.6492333293e-02  4.9704329869e-01  1.3915530336e+00  2.2985100256e+00 -1.4993125166e-02  2.1622579817e+00  4.9277647674e+00 -1.0771940644e+00 -1.2903812275e-01  1.3806895012e+00 -6.4153638234e-03  1.0179212796e+00  1.5759221954e+00 -4.3877049323e+00 -2.0212946111e+00 -5.0754551039e-01 -3.8332733274e+00 -7.6049695253e-01  4.7014689983e+00  2.6173871892e+00 -1.3243493614e+00  6.8935038198e+00  1.6478019704e+00 -5.3675031509e-01  3.5373680283e+00 -2.8569973640e+00 -1.8609308485e+00 -5.9100715090e-01 -1.8379837206e+00  6.7386704514e-01  2.6706812489e+00  1.1417864136e+00 -1.3032011055e+00  6.9348184734e+00 -7.3455320177e-01  2.0965179409e-01 -5.7575273967e-01  5.6468388638e-01  5.0953562489e-01  1.8316852509e-01  1.5032438232e+00  1.8070319068e+00 -4.4486271668e-01 -1.1927331202e-01  2.1523287616e+00  2.4198474338e+00  1.0065015362e+00  2.5376761410e+00  3.2788053391e+00 -3.9003293530e-01  1.8718768529e+00  1.9192573646e+00 -6.4729727141e-01  2.9834109393e+00
ENERGY -6.134137974283e+02

JOB 20
COORDS  1.6114328577e+00 -3.5382817332e+00 -1.3696808883e+00  4.1327924815e-01 -3.2145340187e+00 -7.3044038119e-01  4.7912189995e+00  1.6037660647e+00 -8.3887901306e-01  6.0429928760e+00  1.0150696488e+00 -6.2936821163e-01  2.7005860482e+00 -2.6728208802e+00 -1.2503611355e+00  3.2249063230e-01 -2.0546485437e+00  4.3661567212e-02  3.6530395020e+00  8.0340352625e-01 -7.8844016118e-01  6.0866600365e+00 -3.5920556560e-01 -3.8696637725e-01  2.6133403937e+00 -1.4811219445e+00 -5.1926346050e-01  1.4142516829e+00 -1.1789617409e+00  1.7633640955e-01  3.7949092725e+00 -5.7265508316e-01 -5.3304524297e-01  5.8924584851e-03  4.7879705665e-01  1.3087089223e+00  2.2240863700e+00  1.2338501165e-02  2.1455442865e+00  4.9995290486e+00 -1.1416621949e+00 -3.3720731825e-01  1.3377550569e+00 -6.8773835438e-03  9.7688602937e-01  1.6959058661e+00 -4.4465632538e+00 -1.9599904041e+00 -4.4925866765e-01 -3.8712702958e+00 -8.1445687202e-01  4.7056337999e+00  2.6686035971e+00 -1.0416135253e+00  6.9585206738e+00  1.5993172191e+00 -6.5461652977e-01  3.6389041838e+00 -2.8986303332e+00 -1.7481247993e+00 -6.0372623824e-01 -1.8449292942e+00  5.6734390873e-01  2.6633087551e+00  1.2208778974e+00 -9.3349063142e-01  7.0402056812e+00 -8.5926057523e-01 -2.2082050447e-01 -6.0987659095e-01  5.3668270654e-01  4.0735146902e-01  9.5876390768e-02  1.4870789940e+00  1.7257445318e+00 -5.1996919850e-01 -1.4325778007e-01  2.0546366086e+00  2.3270966454e+00  1.0405043706e+00  2.5082160827e+00  3.2158762548e+00 -3.5613060037e-01  1.8867866418e+00  1.8288883791e+00 -6.1089510960e-01  2.9658923130e+00
ENERGY -6.134150256378e+02

JOB 21
COORDS  1.6638563664e+00 -3.5565550099e+00 -1.2943316868e+00  4.4057907987e-01 -3.2159641298e+00 -7.1464276968e-01  4.8322101827e+00  1.6180097807e+00 -7.0053085966e-01  6.0846848243e+00  9.9760830287e-01 -7.3260460716e-01  2.7468094479e+00 -2.6887701774e+00 -1.1534857792e+00  3.2302979836e-01 -2.0379594324e+00  2.6298132244e-02  3.6896238894e+00  8.3158693642e-01 -5.7755382838e-01  6.1214937617e+00 -3.9634031275e-01 -6.5308536072e-01  2.6407912139e+00 -1.4782239646e+00 -4.5094102098e-01  1.4099702519e+00 -1.1605066840e+00  1.8599032375e-01  3.8225826888e+00 -5.6788604149e-01 -4.9414578757e-01 -5.5929630969e-02  4.9664332823e-01  1.2501433721e+00  2.1287512024e+00  4.8616642822e-02  2.1783257477e+00  5.0313643986e+00 -1.1640245101e+00 -5.4262882156e-01  1.2910091393e+00  1.6695893880e-02  9.7460435506e-01  1.7714321505e+00 -4.4774113718e+00 -1.8609996245e+00 -4.2044939126e-01 -3.8717509558e+00 -8.1897610647e-01  4.7462603464e+00  2.6995092179e+00 -7.7429565992e-01  7.0036893371e+00  1.5700517324e+00 -8.2067176765e-01  3.7010579177e+00 -2.9222957400e+00 -1.6139400334e+00 -6.2308287530e-01 -1.8144261843e+00  5.0634986453e-01  2.7030612777e+00  1.2771661690e+00 -5.3871634978e-01  7.0741567784e+00 -9.2447871482e-01 -6.8028381388e-01 -6.3541643987e-01  5.4664862317e-01  3.2471854120e-01  1.2332052130e-02  1.5077170568e+00  1.6645495604e+00 -6.0759500057e-01 -1.2382453772e-01  1.9783176628e+00  2.2109245052e+00  1.0791491799e+00  2.5399403182e+00  3.1326808180e+00 -3.1410611629e-01  1.9620666155e+00  1.7036799640e+00 -5.7266759092e-01  2.9848446102e+00
ENERGY -6.134150792465e+02

JOB 22
COORDS  1.7155836492e+00 -3.5851596266e+00 -1.2124042419e+00  4.7182570362e-01 -3.2251139827e+00 -6.9126713073e-01  4.8995530728e+00  1.6150554735e+00 -5.5117711900e-01  6.1197761813e+00  9.9465891310e-01 -8.2689564400e-01  2.7940587169e+00 -2.7159817551e+00 -1.0599165776e+00  3.3635582889e-01 -2.0259339105e+00  9.3129832885e-03  3.7621885894e+00  8.3178802214e-01 -3.6586971283e-01  6.1257390734e+00 -3.9955964370e-01 -9.2294800587e-01  2.6785017313e+00 -1.4835045532e+00 -3.9185483946e-01  1.4210218026e+00 -1.1488038949e+00  1.8798983104e-01  3.8612814251e+00 -5.7026878989e-01 -4.6698630596e-01 -8.9345034264e-02  5.2646103657e-01  1.1658895744e+00  2.0404848560e+00  6.0827640348e-02  2.2072735990e+00  5.0405905468e+00 -1.1601832669e+00 -7.6078851075e-01  1.2667724045e+00  3.5928873939e-02  9.6110798619e-01  1.8419171131e+00 -4.5214571444e+00 -1.7492271091e+00 -3.8868927721e-01 -3.8791997862e+00 -8.0959095096e-01  4.8302012766e+00  2.6982404521e+00 -4.8410191748e-01  7.0337508062e+00  1.5638459411e+00 -9.7041421621e-01  3.7586778193e+00 -2.9612398246e+00 -1.4892672539e+00 -6.2539424567e-01 -1.7829976286e+00  4.4649158227e-01  2.8018680664e+00  1.2844827077e+00 -1.5465517476e-01  7.0501177806e+00 -9.3137408549e-01 -1.1473742109e+00 -6.2150276780e-01  5.7251869121e-01  2.1242395387e-01 -3.4357831579e-02  1.5406315724e+00  1.5747863537e+00 -6.8041404501e-01 -8.3542710447e-02  1.8713196695e+00  2.1091320932e+00  1.0897394752e+00  2.5767674298e+00  3.0524300545e+00 -3.0676168466e-01  2.0409575311e+00  1.5710060272e+00 -5.6083036556e-01  2.9881155294e+00
ENERGY -6.134138706927e+02

JOB 23
COORDS  1.8075183312e+00 -3.5964810167e+00 -1.0366263059e+00  8.6599478881e-01 -3.4934046386e+00 -1.1071612542e-02  5.2367624181e+00  1.4552959294e+00 -1.0012813112e-01  6.0708700504e+00  1.1381158982e+00 -1.1719368026e+00  2.6923775090e+00 -2.5446076069e+00 -1.2581095911e+00  7.9547506668e-01 -2.3201727659e+00  7.3902492244e-01  4.0990408341e+00  6.8392103401e-01  1.3489743105e-01  5.7228569690e+00  2.7797431852e-02 -1.9473537245e+00  2.6706016016e+00 -1.3604154473e+00 -4.9423773759e-01  1.6638160372e+00 -1.2388207462e+00  5.0753170458e-01  3.8096257568e+00 -4.0833021834e-01 -7.0819534989e-01  9.4271313764e-01  1.0710146403e+00  4.2805878141e-01  8.3106704368e-01 -1.1529841284e-01  2.5320184884e+00  4.6464146940e+00 -7.2518978947e-01 -1.7228929191e+00  1.4923515397e+00 -2.3794057652e-02  1.2362244424e+00  1.8693551834e+00 -4.4955625701e+00 -1.6439466856e+00  1.7597272572e-01 -4.3083445268e+00  1.9389912310e-01  5.4668894297e+00  2.2930493863e+00  5.5400353035e-01  6.9627221907e+00  1.7154868865e+00 -1.3979754739e+00  3.4604886388e+00 -2.6309934966e+00 -2.0169891504e+00  3.1149690676e-02 -2.2332843629e+00  1.5031141338e+00  3.4547607893e+00  8.9519174250e-01  9.7649283647e-01  6.3494368205e+00 -2.7544368003e-01 -2.7860965635e+00  1.4710362044e+00  1.1469822981e+00 -5.2300097499e-01  1.0640475227e+00  2.0194801173e+00  9.6292500957e-01 -1.2968781317e-01  9.2329672931e-01  2.1686245127e-01  9.8422956295e-01  8.2704317302e-01  3.0685185267e+00  1.2753851930e+00 -9.2006258968e-01  3.1227271769e+00 -2.5783698794e-01 -2.8467130202e-01  2.4662290996e+00
ENERGY -6.134116856936e+02

