JOB 0
COORDS  1.9243222046e+00 -1.0889503302e+00 -1.7312483329e-01  7.5584908806e-01 -5.7796963444e-01  4.0012874799e-01  3.0369236170e+00 -1.3762054976e+00  6.3395086077e-01  1.1233365192e+00 -3.3201125388e-04  8.0267629276e+00  2.3120328501e+00  4.2582819913e-02  8.7639311597e+00  6.9900236101e-01 -3.5459912558e-01  1.7777213132e+00  2.9878862600e+00 -1.1570841494e+00  2.0076741221e+00  1.1907140444e+00 -2.1917353251e-01  6.6539455351e+00  3.5197782354e+00 -1.4550233137e-01  8.0843164327e+00  1.8102353450e+00 -6.4358757115e-01  2.5836624690e+00  2.4579845925e+00 -3.9332304059e-01  6.0695832817e+00  3.6016670586e+00 -3.6893645388e-01  6.7677392968e+00  1.6447668497e+00 -3.7928115694e-01  3.9681260579e+00  2.6516499673e+00 -6.4524340686e-01  4.6793572545e+00  1.9729435432e+00 -1.2634493338e+00 -1.2448887512e+00 -1.0564074796e-01 -3.5400492218e-01 -2.2309767209e-01  3.9429722325e+00 -1.7718747286e+00  1.8226548564e-01  1.6227594035e-01  1.3253897638e-01  8.5172062935e+00  2.3072307291e+00  2.0899715958e-01  9.8373082908e+00 -1.9499290413e-01  4.3348882719e-02  2.2497296401e+00  3.8376000456e+00 -1.3707289885e+00  2.6473866354e+00  3.0410462872e-01 -2.6037975691e-01  6.0314779913e+00  4.4652914743e+00 -1.2171536094e-01  8.6242935489e+00
ENERGY -5.888918133688e+02

JOB 1
COORDS  1.8521604104e+00 -1.0305739871e+00 -1.7863626230e-01  2.6727769232e+00 -1.9288821406e+00  5.1025183672e-01  1.1268927809e+00 -5.7678525027e-02  5.2771403034e-01  3.1257231894e+00 -3.9488299267e-01  8.0029787569e+00  2.0336845573e+00  3.9361097720e-02  8.7617082572e+00  2.7689815224e+00 -1.8553705589e+00  1.9019383494e+00  1.2193178966e+00  2.3083139396e-02  1.9144213242e+00  3.0064690797e+00 -4.3687465065e-01  6.6160234533e+00  8.6967584279e-01  4.2457749239e-01  8.0882386588e+00  2.0477949938e+00 -8.8036181376e-01  2.6059970751e+00  1.7913000379e+00 -2.4139461422e-02  6.0435931529e+00  7.4468963989e-01  4.1119686347e-01  6.7559372011e+00  2.2190479508e+00 -8.9445517330e-01  4.0168065573e+00  1.5802022591e+00 -6.3139350094e-04  4.6339420570e+00  1.7731089539e+00 -1.0859050115e+00 -1.2613177260e+00  3.2332505015e+00 -2.6839889008e+00 -3.4155012159e-02  4.8761898772e-01  6.3602332219e-01 -1.2272270486e-02  4.0524451407e+00 -6.9436498519e-01  8.4859479615e+00  2.0812746743e+00  8.9367701438e-02  9.8456861850e+00  3.3960822762e+00 -2.5426693350e+00  2.4629248845e+00  6.6370930200e-01  7.6556553763e-01  2.4774615115e+00  3.8157504403e+00 -7.7132903204e-01  5.9764051702e+00 -7.5331769962e-04  7.6835917077e-01  8.6451689752e+00
ENERGY -5.888912116144e+02

JOB 2
COORDS  1.8594764880e+00 -1.0392258321e+00 -1.7441444100e-01  2.5699762979e+00 -2.0132162713e+00  5.3354790682e-01  1.2249276813e+00  7.4661998207e-03  5.1334917713e-01  3.1719418716e+00 -2.6225368485e-01  7.9947650408e+00  2.0284190561e+00 -7.7800625075e-03  8.7584508287e+00  2.6474220147e+00 -1.9416284944e+00  1.9266768527e+00  1.2993877915e+00  8.7631561195e-02  1.9013196526e+00  3.0649582462e+00 -2.6927970283e-01  6.6052596805e+00  8.2579909763e-01  2.3946719772e-01  8.0883155527e+00  2.0182885051e+00 -8.9200048190e-01  2.6102445690e+00  1.8096127688e+00  4.3526053440e-03  6.0404470619e+00  7.0918902853e-01  2.6194721218e-01  6.7544921072e+00  2.1620017550e+00 -9.1523960907e-01  4.0265472112e+00  1.6239208151e+00  5.1467375474e-02  4.6260968427e+00  1.7949048380e+00 -1.0931412191e+00 -1.2581316771e+00  3.0591429929e+00 -2.8256206585e+00  3.1036677187e-03  6.6986209482e-01  7.5909685239e-01 -4.1976272246e-02  4.1278381658e+00 -4.5602393011e-01  8.4747781992e+00  2.0635233486e+00  6.2119555528e-03  9.8439070914e+00  3.1888498605e+00 -2.6863989530e+00  2.5033352707e+00  8.1193778851e-01  8.8635184379e-01  2.4505489714e+00  3.9140208332e+00 -4.7329454268e-01  5.9616327464e+00 -8.7077627734e-02  4.3528451978e-01  8.6488539624e+00
ENERGY -5.888897222367e+02

JOB 3
COORDS  1.8542795357e+00 -1.0475563008e+00 -1.7583077204e-01  2.4508049192e+00 -2.0872108676e+00  5.4364911898e-01  1.3249630562e+00  6.3460397468e-02  4.9989010510e-01  3.1981159255e+00 -1.1721107618e-01  8.0095007555e+00  2.0190401824e+00 -4.5406800949e-02  8.7576867007e+00  2.5192838025e+00 -2.0168164132e+00  1.9375261023e+00  1.3919596078e+00  1.4150969637e-01  1.8884828975e+00  3.1143692835e+00 -9.7551871075e-02  6.6178660617e+00  8.0407414366e-01  5.0217027410e-02  8.0726304398e+00  1.9960050916e+00 -9.0404387857e-01  2.6091123389e+00  1.8424339274e+00  1.7029316946e-02  6.0401068293e+00  7.0626412499e-01  9.3348880709e-02  6.7365600203e+00  2.1202389186e+00 -9.3612160435e-01  4.0296429795e+00  1.6904152899e+00  8.6917057782e-02  4.6185828038e+00  1.7965107243e+00 -1.0999025368e+00 -1.2600010450e+00  2.8579807125e+00 -2.9490782099e+00  2.2073819904e-02  8.5775944161e-01  8.6615156969e-01 -6.4775963572e-02  4.1642726136e+00 -1.9535222104e-01  8.5015569972e+00  2.0355181593e+00 -6.0609170431e-02  9.8434810409e+00  2.9729245943e+00 -2.8110902262e+00  2.5237274894e+00  9.8395671380e-01  9.8937334234e-01  2.4288503060e+00  3.9942215501e+00 -1.6526969943e-01  5.9862792123e+00 -1.3612574006e-01  9.8058510658e-02  8.6199946368e+00
ENERGY -5.888876254444e+02

JOB 4
COORDS  1.8489888551e+00 -1.0493550808e+00 -1.8127820116e-01  2.3288513845e+00 -2.1447698191e+00  5.4259202187e-01  1.4269929107e+00  1.0862777926e-01  4.9106892760e-01  3.2074935994e+00  3.1464968145e-02  8.0368067267e+00  2.0145005931e+00 -6.9840702390e-02  8.7596528918e+00  2.3878523502e+00 -2.0837579624e+00  1.9374625931e+00  1.4862215519e+00  1.7797939684e-01  1.8805502273e+00  3.1513820794e+00  6.6273666229e-02  6.6439406981e+00  8.1396185569e-01 -1.2880322682e-01  8.0476318323e+00  1.9731922262e+00 -9.2412717615e-01  2.6047532123e+00  1.8890644466e+00  6.4556137449e-03  6.0399742032e+00  7.3948269898e-01 -8.4924535229e-02  6.7089000975e+00  2.0770171403e+00 -9.7086189309e-01  4.0279451379e+00  1.7734497304e+00  9.6789724460e-02  4.6122766317e+00  1.7980686661e+00 -1.0945512603e+00 -1.2661194581e+00  2.6522925113e+00 -3.0429199624e+00  2.3634801370e-02  1.0488811754e+00  9.5470383782e-01 -7.6915936308e-02  4.1652768433e+00  7.5638397505e-02  8.5490054481e+00  2.0103986225e+00 -1.0148724739e-01  9.8451686380e+00  2.7509586178e+00 -2.9208014807e+00  2.5271858568e+00  1.1597275260e+00  1.0621662180e+00  2.4182177859e+00  4.0462796285e+00  1.3578156336e-01  6.0335305793e+00 -1.3610817143e-01 -2.1477356829e-01  8.5727879947e+00
ENERGY -5.888857774952e+02

JOB 5
COORDS  1.8413309193e+00 -1.0508909098e+00 -1.8731649635e-01  2.1886967127e+00 -2.1951643898e+00  5.3659288930e-01  1.5450020144e+00  1.4524239248e-01  4.8539903788e-01  3.1769877427e+00  1.9253524166e-01  8.0719189249e+00  1.9938593020e+00 -9.2125907329e-02  8.7625488082e+00  2.2404058576e+00 -2.1446317359e+00  1.9322344901e+00  1.5981990209e+00  2.0292059743e-01  1.8756823987e+00  3.1492493955e+00  2.3598073962e-01  6.6789873154e+00  8.3403959634e-01 -3.2159336439e-01  8.0200235509e+00  1.9513415358e+00 -9.4836293963e-01  2.6008281041e+00  1.9294180668e+00 -2.2853000322e-02  6.0408476637e+00  7.8956620893e-01 -2.8707835002e-01  6.6787363497e+00  2.0359137005e+00 -1.0109586788e+00  4.0248458712e+00  1.8530629772e+00  8.2436057891e-02  4.6103066098e+00  1.7961734686e+00 -1.0870265155e+00 -1.2727504405e+00  2.4146785692e+00 -3.1224408989e+00  1.7268410051e-02  1.2694567533e+00  1.0299660272e+00 -8.2749012744e-02  4.1040743232e+00  3.7636444438e-01  8.6089165632e+00  1.9673384224e+00 -1.3223097646e-01  9.8474269507e+00  2.5015869699e+00 -3.0186667810e+00  2.5221593972e+00  1.3678679546e+00  1.1169274855e+00  2.4133171357e+00  4.0363119549e+00  4.5612833364e-01  6.0930731178e+00 -1.0768436993e-01 -5.4376875598e-01  8.5196323323e+00
ENERGY -5.888850384110e+02

JOB 6
COORDS  1.8365865741e+00 -1.0528163023e+00 -1.8963737704e-01  2.0450078255e+00 -2.2299063024e+00  5.3508400378e-01  1.6728424639e+00  1.6898739023e-01  4.8237185963e-01  3.1355825601e+00  3.4607563348e-01  8.0967707665e+00  1.9951797385e+00 -1.2034616334e-01  8.7605946537e+00  2.0903969612e+00 -2.1868613777e+00  1.9310463631e+00  1.7201155631e+00  2.2005377877e-01  1.8730221429e+00  3.1269348552e+00  4.0198589267e-01  6.7045638970e+00  8.9673965597e-01 -5.1177336853e-01  7.9927815684e+00  1.9330976485e+00 -9.6533235632e-01  2.5985390567e+00  1.9790652999e+00 -4.7066346613e-02  6.0376440313e+00  8.7700060398e-01 -4.8099581402e-01  6.6510135286e+00  1.9981863794e+00 -1.0391265769e+00  4.0217315927e+00  1.9353065663e+00  6.7610092733e-02  4.6089634320e+00  1.7969970865e+00 -1.0827827587e+00 -1.2754826947e+00  2.1683072324e+00 -3.1764528119e+00  1.6000035769e-02  1.5052715426e+00  1.0796001874e+00 -8.6982825733e-02  4.0122188604e+00  6.6589241635e-01  8.6542409179e+00  1.9525371097e+00 -1.7146777048e-01  9.8445104874e+00  2.2450999301e+00 -3.0850653345e+00  2.5222151614e+00  1.5917349764e+00  1.1543026952e+00  2.4099277833e+00  3.9769329414e+00  7.6989558453e-01  6.1380128663e+00 -1.4496513223e-02 -8.6635489723e-01  8.4721773581e+00
ENERGY -5.888856453755e+02

JOB 7
COORDS  1.8338969400e+00 -1.0557155664e+00 -1.9175441461e-01  1.9045073455e+00 -2.2478647778e+00  5.3504868326e-01  1.8009731023e+00  1.7724698015e-01  4.7907334458e-01  3.0725469367e+00  4.8641158226e-01  8.1172734909e+00  2.0012712749e+00 -1.4621902334e-01  8.7579927750e+00  1.9426844966e+00 -2.2086309145e+00  1.9311943083e+00  1.8418184834e+00  2.2373001109e-01  1.8700294355e+00  3.0774964612e+00  5.5211590035e-01  6.7256869800e+00  9.8285782889e-01 -6.8561881582e-01  7.9681694846e+00  1.9157579411e+00 -9.7689248128e-01  2.5990197565e+00  2.0245454832e+00 -6.3144038775e-02  6.0333165077e+00  9.8384791023e-01 -6.5377699089e-01  6.6274527724e+00  1.9603298663e+00 -1.0571579287e+00  4.0205503526e+00  2.0160035683e+00  5.1689851750e-02  4.6084726233e+00  1.8006532704e+00 -1.0821302384e+00 -1.2779129046e+00  1.9267331015e+00 -3.2028088066e+00  1.7133371390e-02  1.7407063923e+00  1.1004055186e+00 -9.1617622465e-02  3.8816114363e+00  9.2944899116e-01  8.6921687591e+00  1.9459886612e+00 -2.0833281944e-01  9.8408201637e+00  1.9919894745e+00 -3.1177528670e+00  2.5237778568e+00  1.8142378994e+00  1.1672272575e+00  2.4052814778e+00  3.8695192125e+00  1.0496163926e+00  6.1743409483e+00  1.2024303048e-01 -1.1628422649e+00  8.4311090622e+00
ENERGY -5.888871661853e+02

JOB 8
COORDS  1.8366326843e+00 -1.0587219284e+00 -1.9236047053e-01  1.7680413485e+00 -2.2508452030e+00  5.3487563381e-01  1.9351240351e+00  1.7061076652e-01  4.7881590079e-01  2.9993061371e+00  6.2259261628e-01  8.1282726546e+00  2.0261771916e+00 -1.5969957040e-01  8.7585309553e+00  1.7981870159e+00 -2.2152477733e+00  1.9311282692e+00  1.9681367820e+00  2.1305149124e-01  1.8700164156e+00  3.0088116571e+00  6.8398450265e-01  6.7361843406e+00  1.1054304714e+00 -8.4427975882e-01  7.9582060740e+00  1.9017573896e+00 -9.8776376404e-01  2.6007113052e+00  2.0669352578e+00 -8.1366865129e-02  6.0322194437e+00  1.1163273680e+00 -8.1734135753e-01  6.6197071112e+00  1.9230148460e+00 -1.0730239396e+00  4.0202394046e+00  2.0899064367e+00  2.5542399833e-02  4.6107469346e+00  1.8105649026e+00 -1.0819642336e+00 -1.2788000806e+00  1.6886953244e+00 -3.2027154040e+00  1.6851737577e-02  1.9836606532e+00  1.0943939334e+00 -9.2061615479e-02  3.7265029336e+00  1.1826670915e+00  8.7102909385e+00  1.9663905381e+00 -2.2600853753e-01  9.8409470562e+00  1.7411157832e+00 -3.1237050024e+00  2.5239826339e+00  2.0416313834e+00  1.1541578400e+00  2.4049741409e+00  3.7237350321e+00  1.2909103178e+00  6.1891826464e+00  3.1456072571e-01 -1.4374583728e+00  8.4155432711e+00
ENERGY -5.888887072904e+02

JOB 9
COORDS  1.8492339789e+00 -1.0569926334e+00 -1.9922328825e-01  1.6303132600e+00 -2.2339472418e+00  5.2316900030e-01  2.0807569392e+00  1.5112736441e-01  4.7790691576e-01  2.8884179060e+00  7.4515637917e-01  8.1275161879e+00  2.0414277238e+00 -1.6806438253e-01  8.7611797084e+00  1.6431898350e+00 -2.2042510059e+00  1.9196617955e+00  2.0962266956e+00  1.8716224441e-01  1.8694835590e+00  2.8977869336e+00  7.9067359592e-01  6.7341140944e+00  1.2391186169e+00 -9.9327115219e-01  7.9624912034e+00  1.8778363103e+00 -9.9837837650e-01  2.5966754413e+00  2.0816165991e+00 -1.0885203356e-01  6.0314113208e+00  1.2523259961e+00 -9.7700676169e-01  6.6260926613e+00  1.8669281833e+00 -1.0898825721e+00  4.0139089128e+00  2.1321855457e+00 -1.3042002346e-02  4.6113299700e+00  1.8382704811e+00 -1.0754057862e+00 -1.2860212094e+00  1.4488238846e+00 -3.1693678858e+00  8.6166997458e-04  2.2474596914e+00  1.0635605865e+00 -8.9013347829e-02  3.5194829255e+00  1.4143437999e+00  8.7064021346e+00  1.9856015781e+00 -2.3299430659e-01  9.8439494627e+00  1.4726538344e+00 -3.1008541676e+00  2.5087141370e+00  2.2720043048e+00  1.1121780838e+00  2.4084681163e+00  3.5194190837e+00  1.4885539980e+00  6.1818627605e+00  5.4614725756e-01 -1.6955573529e+00  8.4246463195e+00
ENERGY -5.888895871687e+02

JOB 10
COORDS  1.8708279713e+00 -1.0500394422e+00 -2.0169496535e-01  1.5044067288e+00 -2.1969221726e+00  5.0933563282e-01  2.2261969754e+00  1.2108311645e-01  4.8681079324e-01  2.7670190697e+00  8.5250972997e-01  8.1225595974e+00  2.0609265855e+00 -1.6430871785e-01  8.7685576317e+00  1.4932530599e+00 -2.1742871150e+00  1.9058223002e+00  2.2189791922e+00  1.5059664204e-01  1.8784978348e+00  2.7817732606e+00  8.6819244350e-01  6.7278506530e+00  1.3990808901e+00 -1.1181138188e+00  7.9815026378e+00  1.8517405255e+00 -1.0053078853e+00  2.5941979266e+00  2.1036449313e+00 -1.4777743095e-01  6.0370539425e+00  1.4143069981e+00 -1.1222959023e+00  6.6471238678e+00  1.8033982292e+00 -1.1016618908e+00  4.0089482539e+00  2.1714251467e+00 -6.0508300829e-02  4.6165349324e+00  1.8792264096e+00 -1.0630804456e+00 -1.2886002559e+00  1.2275391467e+00 -3.1034902811e+00 -2.1953054481e-02  2.5075262043e+00  1.0102571389e+00 -7.1753869068e-02  3.2886221660e+00  1.6182906271e+00  8.6906110334e+00  2.0096644668e+00 -2.1934139564e-01  9.8521421845e+00  1.2106511334e+00 -3.0476765574e+00  2.4866209104e+00  2.4899113700e+00  1.0469789103e+00  2.4262609107e+00  3.3029916098e+00  1.6347909062e+00  6.1631236630e+00  8.2496687000e-01 -1.9134991653e+00  8.4559912327e+00
ENERGY -5.888897802857e+02

JOB 11
COORDS  1.8794647082e+00 -1.0529210346e+00 -2.0609116084e-01  1.3583955868e+00 -2.1409408271e+00  5.0093811321e-01  2.3797923333e+00  6.1056691524e-02  4.8725428464e-01  2.6159617668e+00  9.5557445883e-01  8.1114624011e+00  2.0852702881e+00 -1.5537088773e-01  8.7692441249e+00  1.3375186048e+00 -2.1154740647e+00  1.8972878126e+00  2.3621607722e+00  9.3273653889e-02  1.8787817671e+00  2.6465295586e+00  9.5084441554e-01  6.7165579403e+00  1.6085860292e+00 -1.2225072064e+00  7.9926274324e+00  1.8373052352e+00 -1.0026564915e+00  2.5908941721e+00  2.1431728845e+00 -1.6888543918e-01  6.0369764545e+00  1.6314450544e+00 -1.2407411350e+00  6.6592355496e+00  1.7627497931e+00 -1.0920754991e+00  4.0046474594e+00  2.2147671878e+00 -8.6499792089e-02  4.6157204426e+00  1.8978644985e+00 -1.0680984068e+00 -1.2928623096e+00  9.7061824819e-01 -3.0041616078e+00 -3.3187196451e-02  2.7836300949e+00  9.0392573992e-01 -6.7975796082e-02  2.9972485017e+00  1.8059993837e+00  8.6705076879e+00  2.0371787571e+00 -2.0416729586e-01  9.8533084186e+00  9.3944429662e-01 -2.9447724941e+00  2.4749970126e+00  2.7447100605e+00  9.4605761589e-01  2.4294700402e+00  3.0453053255e+00  1.7816199037e+00  6.1429780038e+00  1.1884814200e+00 -2.1038028835e+00  8.4767934762e+00
ENERGY -5.888897445529e+02

JOB 12
COORDS  1.8871678773e+00 -1.0576093431e+00 -2.0129581590e-01  1.2211106799e+00 -2.0655428036e+00  5.0269857533e-01  2.5248578078e+00 -1.7410506524e-02  4.9382575704e-01  2.4393973066e+00  1.0044407205e+00  8.1148703382e+00  2.0943000316e+00 -1.7978407937e-01  8.7693318995e+00  1.1916978854e+00 -2.0344526140e+00  1.8987568304e+00  2.4983405604e+00  2.1045606445e-02  1.8850602185e+00  2.4956287422e+00  1.0008858501e+00  6.7211334789e+00  1.8239928521e+00 -1.3151647211e+00  7.9914598234e+00  1.8257457646e+00 -9.9325963992e-01  2.5935858916e+00  2.1846873704e+00 -1.8536544283e-01  6.0389482810e+00  1.8624366898e+00 -1.3301154163e+00  6.6576251658e+00  1.7288407648e+00 -1.0670963425e+00  4.0071962728e+00  2.2623114874e+00 -1.0266505137e-01  4.6186593360e+00  1.9137315374e+00 -1.0790708830e+00 -1.2877751839e+00  7.2855822772e-01 -2.8720824182e+00 -3.3654847017e-02  3.0433078695e+00  7.6179952212e-01 -5.9177611975e-02  2.6651861210e+00  1.9074032460e+00  8.6759862176e+00  2.0436025162e+00 -2.3507487206e-01  9.8529299070e+00  6.8525531887e-01 -2.8040370144e+00  2.4743055804e+00  2.9863156410e+00  8.1676986779e-01  2.4379199512e+00  2.7659737796e+00  1.8838220358e+00  6.1505233486e+00  1.5692961396e+00 -2.2586744842e+00  8.4734384229e+00
ENERGY -5.888897802756e+02

JOB 13
COORDS  1.8956933022e+00 -1.0785265703e+00 -1.9812598579e-01  1.1110870665e+00 -1.9931543479e+00  5.1099259991e-01  2.6419632439e+00 -1.0911709695e-01  4.9106827440e-01  2.2789670873e+00  1.0278000461e+00  8.1132331000e+00  2.1042959323e+00 -1.9720899693e-01  8.7626455879e+00  1.0715644600e+00 -1.9391725919e+00  1.9062571551e+00  2.6057898864e+00 -4.9151555734e-02  1.8814347252e+00  2.3613863215e+00  1.0394072404e+00  6.7215429181e+00  2.0231859014e+00 -1.3568794906e+00  7.9808809103e+00  1.8141063610e+00 -9.6883500393e-01  2.5951778486e+00  2.2288177527e+00 -1.7713179705e-01  6.0348614490e+00  2.0786145609e+00 -1.3602027207e+00  6.6454715659e+00  1.6966619731e+00 -1.0109393424e+00  4.0099129136e+00  2.3240615241e+00 -1.0204006934e-01  4.6158260946e+00  1.9306402925e+00 -1.1182256089e+00 -1.2838475735e+00  5.3463150522e-01 -2.7454053287e+00 -2.0583054476e-02  3.2524389279e+00  5.9752085573e-01 -6.5443769080e-02  2.3600114152e+00  1.9520596662e+00  8.6792195944e+00  2.0490188386e+00 -2.6238894941e-01  9.8454282200e+00  4.7478756805e-01 -2.6381114954e+00  2.4853120598e+00  3.1773491673e+00  6.9231654239e-01  2.4297062008e+00  2.5140348529e+00  1.9547696223e+00  6.1582891902e+00  1.9166842642e+00 -2.3311319087e+00  8.4567936194e+00
ENERGY -5.888895871805e+02

JOB 14
COORDS  1.9022362087e+00 -1.0891398078e+00 -1.9082463885e-01  1.0088770910e+00 -1.8987831576e+00  5.1707550312e-01  2.7507534651e+00 -2.0762891867e-01  4.9793850596e-01  2.1138717250e+00  1.0332074853e+00  8.1075152398e+00  2.1206095558e+00 -2.0349235202e-01  8.7607487695e+00  9.6273002659e-01 -1.8278086416e+00  1.9115398276e+00  2.7081711845e+00 -1.3013663697e-01  1.8873673414e+00  2.2082766112e+00  1.0552257903e+00  6.7174175995e+00  2.2232824240e+00 -1.3626794436e+00  7.9844191747e+00  1.8066200076e+00 -9.4364624820e-01  2.5984836740e+00  2.2592388736e+00 -1.7055119719e-01  6.0367316420e+00  2.2884348282e+00 -1.3609042204e+00  6.6471924603e+00  1.6730983735e+00 -9.5713160324e-01  4.0143833222e+00  2.3808186564e+00 -1.0937198431e-01  4.6175712324e+00  1.9432288621e+00 -1.1434783471e+00 -1.2756923330e+00  3.5379713632e-01 -2.5836593503e+00 -1.4447036743e-02  3.4462844227e+00  4.1611667947e-01 -5.7768808203e-02  2.0495151189e+00  1.9603623162e+00  8.6709739837e+00  2.0668427492e+00 -2.7259151446e-01  9.8433060533e+00  2.8355205059e-01 -2.4477696679e+00  2.4898073282e+00  3.3581612345e+00  5.4362268589e-01  2.4358412211e+00  2.2311366946e+00  1.9830922488e+00  6.1541891428e+00  2.2633761885e+00 -2.3412128606e+00  8.4612397240e+00
ENERGY -5.888887072835e+02

JOB 15
COORDS  1.9049656191e+00 -1.0919474986e+00 -1.8990507154e-01  9.2245510429e-01 -1.7957089541e+00  5.1283021659e-01  2.8402197287e+00 -3.0671149480e-01  5.0292604800e-01  1.9644906496e+00  1.0064881400e+00  8.0892211754e+00  2.1447864843e+00 -2.0769896620e-01  8.7612308431e+00  8.7374681980e-01 -1.7148398364e+00  1.9068611177e+00  2.7955389287e+00 -2.1944540837e-01  1.8918016584e+00  2.0655354479e+00  1.0258151858e+00  6.6998872453e+00  2.4180910072e+00 -1.3490259676e+00  8.0032320811e+00  1.8044197745e+00 -9.2613118003e-01  2.5965544179e+00  2.2989166530e+00 -1.8890233663e-01  6.0392079554e+00  2.4936907073e+00 -1.3535612236e+00  6.6642282410e+00  1.6594071626e+00 -9.1732675357e-01  4.0135981946e+00  2.4481917433e+00 -1.4883475624e-01  4.6181235084e+00  1.9482240040e+00 -1.1547521745e+00 -1.2742150303e+00  2.0009061679e-01 -2.4062967175e+00 -2.1983497638e-02  3.6048553416e+00  2.3399795552e-01 -4.8901730812e-02  1.7605783514e+00  1.9216442697e+00  8.6390125255e+00  2.0906500259e+00 -2.6909094090e-01  9.8441573674e+00  1.2584803152e-01 -2.2541321258e+00  2.4812255542e+00  3.5119159055e+00  3.8002795355e-01  2.4439561714e+00  1.9581110930e+00  1.9413213114e+00  6.1262265980e+00  2.5898395676e+00 -2.3071528017e+00  8.4917627346e+00
ENERGY -5.888871659832e+02

JOB 16
COORDS  1.9069498392e+00 -1.0847370465e+00 -1.8864919290e-01  8.4655767879e-01 -1.6740881983e+00  5.0591383140e-01  2.9184908559e+00 -4.0780369021e-01  5.1116391701e-01  1.8177611633e+00  9.5562163696e-01  8.0670798707e+00  2.1718691984e+00 -2.0416954804e-01  8.7658260511e+00  7.9619618257e-01 -1.5869237785e+00  1.8996646778e+00  2.8727305403e+00 -3.1445530129e-01  1.8996815571e+00  1.9190296107e+00  9.6093807845e-01  6.6774024998e+00  2.6105654328e+00 -1.3084888390e+00  8.0327960353e+00  1.8032927291e+00 -9.0551413430e-01  2.5952657678e+00  2.3412368070e+00 -2.1720078938e-01  6.0466432429e+00  2.6979704878e+00 -1.3277178570e+00  6.6935477860e+00  1.6497913703e+00 -8.7849912937e-01  4.0133645295e+00  2.5118886198e+00 -2.0105798650e-01  4.6229878856e+00  1.9517162287e+00 -1.1534113503e+00 -1.2725290667e+00  6.5139939367e-02 -2.2011812748e+00 -3.4617973129e-02  3.7432451563e+00  4.3191472192e-02 -3.4604672748e-02  1.4753846327e+00  1.8411534954e+00  8.5963570184e+00  2.1191643390e+00 -2.5074125638e-01  9.8495234313e+00 -1.1653167195e-02 -2.0392466114e+00  2.4679403657e+00  3.6473342861e+00  2.0115256384e-01  2.4579567000e+00  1.6736724425e+00  1.8375947993e+00  6.0856789166e+00  2.9095125386e+00 -2.2246255854e+00  8.5399271122e+00
ENERGY -5.888856458947e+02

JOB 17
COORDS  1.9046668563e+00 -1.0797762198e+00 -1.8536371246e-01  7.7951384219e-01 -1.5412383424e+00  5.0395946939e-01  2.9829183499e+00 -5.2125497382e-01  5.1929170705e-01  1.6736104193e+00  8.8739954186e-01  8.0364943743e+00  2.1932955380e+00 -1.8673860383e-01  8.7671954882e+00  7.3120968344e-01 -1.4445364588e+00  1.8972645388e+00  2.9395557650e+00 -4.1875432358e-01  1.9073156098e+00  1.7780624006e+00  8.7061515610e-01  6.6466198593e+00  2.7957022448e+00 -1.2326330230e+00  8.0655081616e+00  1.8051602959e+00 -8.8039279871e-01  2.5972876161e+00  2.3930231482e+00 -2.3824009029e-01  6.0513885555e+00  2.9023084866e+00 -1.2674749368e+00  6.7277081573e+00  1.6482739111e+00 -8.3128946288e-01  4.0156627486e+00  2.5780122745e+00 -2.5383875807e-01  4.6270264044e+00  1.9478554727e+00 -1.1567486806e+00 -1.2687456667e+00 -5.3928123492e-02 -1.9770098474e+00 -4.0177583303e-02  3.8575376013e+00 -1.7004278989e-01 -2.2131181461e-02  1.1946300648e+00  1.7227554722e+00  8.5408479103e+00  2.1377955241e+00 -2.1383147516e-01  9.8513878168e+00 -1.2681141436e-01 -1.7994758749e+00  2.4611814292e+00  3.7649846045e+00  5.4333357730e-03  2.4696879563e+00  1.3957628834e+00  1.6792945542e+00  6.0313641831e+00  3.2147935856e+00 -2.0859126951e+00  8.5966379197e+00
ENERGY -5.888850390067e+02

JOB 18
COORDS  1.9013607615e+00 -1.0742226888e+00 -1.7953323058e-01  7.2761271352e-01 -1.4026335383e+00  5.0504771045e-01  3.0312289850e+00 -6.3540211392e-01  5.2893207158e-01  1.5326944752e+00  8.0599254525e-01  7.9986895733e+00  2.1977197272e+00 -1.5754312034e-01  8.7637523419e+00  6.8218466560e-01 -1.2922255647e+00  1.8973758592e+00  2.9920496770e+00 -5.1964584770e-01  1.9160174047e+00  1.6487577862e+00  7.6201586806e-01  6.6097909479e+00  2.9548521520e+00 -1.1236087203e+00  8.0965021596e+00  1.8086931434e+00 -8.4694072731e-01  2.6007047097e+00  2.4409244311e+00 -2.4983688779e-01  6.0526727284e+00  3.0874257087e+00 -1.1747925697e+00  6.7625340313e+00  1.6506278540e+00 -7.7147961548e-01  4.0176399342e+00  2.6388934272e+00 -3.0347377574e-01  4.6322230492e+00  1.9419054819e+00 -1.1623408935e+00 -1.2621664795e+00 -1.4618006861e-01 -1.7458319615e+00 -4.2050881663e-02  3.9427229199e+00 -3.8765677216e-01 -8.8630622317e-03  9.2867585491e-01  1.5739217233e+00  8.4752363017e+00  2.1347033145e+00 -1.6282117013e-01  9.8478934901e+00 -2.1361813522e-01 -1.5450478126e+00  2.4576270234e+00  3.8564104527e+00 -1.8739946005e-01  2.4816841919e+00  1.1476250261e+00  1.4794042050e+00  5.9675362830e+00  3.4823273914e+00 -1.8951271844e+00  8.6553781439e+00
ENERGY -5.888857775997e+02

JOB 19
COORDS  1.8983555329e+00 -1.0671546765e+00 -1.7421266878e-01  6.9027013401e-01 -1.2611704324e+00  5.0204491735e-01  3.0642101115e+00 -7.5237405851e-01  5.4185492990e-01  1.4184885456e+00  6.9431756936e-01  7.9701944457e+00  2.2158281982e+00 -1.3819386513e-01  8.7617734324e+00  6.4688464081e-01 -1.1402096640e+00  1.8934516320e+00  3.0269190964e+00 -6.2671505653e-01  1.9280999593e+00  1.5391265164e+00  6.2220087832e-01  6.5830705284e+00  3.1076315699e+00 -1.0048194915e+00  8.1229434569e+00  1.8096931645e+00 -8.1806412283e-01  2.6056160033e+00  2.4788119739e+00 -2.7366334517e-01  6.0545613127e+00  3.2534624486e+00 -1.0718797341e+00  6.7922180595e+00  1.6510568571e+00 -7.1938797338e-01  4.0196473059e+00  2.6838308064e+00 -3.6554377790e-01  4.6410503008e+00  1.9372146849e+00 -1.1640441903e+00 -1.2561503178e+00 -2.1186439138e-01 -1.5084150937e+00 -5.0845644857e-02  4.0017123546e+00 -6.0898722042e-01  1.0832592708e-02  7.0983099670e-01  1.3812797898e+00  8.4257844373e+00  2.1533193273e+00 -1.1843964361e-01  9.8458251021e+00 -2.7586759239e-01 -1.2904545832e+00  2.4468311512e+00  3.9180981483e+00 -3.8918613398e-01  2.4996622021e+00  9.3624307665e-01  1.2329093077e+00  5.9188293978e+00  3.7381258567e+00 -1.6756121105e+00  8.7046206646e+00
ENERGY -5.888876250402e+02

JOB 20
COORDS  1.9015301812e+00 -1.0579437207e+00 -1.7283710297e-01  6.7225768573e-01 -1.1330853876e+00  4.8892728221e-01  3.0835269519e+00 -8.5358244075e-01  5.5680678577e-01  1.3328380391e+00  5.8937046574e-01  7.9516426613e+00  2.2354822412e+00 -1.0517045362e-01  8.7631103416e+00  6.2375092495e-01 -1.0032952523e+00  1.8791394876e+00  3.0428460926e+00 -7.2071236371e-01  1.9421161628e+00  1.4498271953e+00  4.7867005031e-01  6.5673532354e+00  3.2260130759e+00 -8.7494910623e-01  8.1444113963e+00  1.8042025857e+00 -7.9295916790e-01  2.6051614531e+00  2.4904043552e+00 -3.1249189718e-01  6.0564501024e+00  3.3695976972e+00 -9.7300652891e-01  6.8166510460e+00  1.6391486475e+00 -6.7356931436e-01  4.0142825832e+00  2.7007869840e+00 -4.4875923060e-01  4.6513763186e+00  1.9438261367e+00 -1.1610140827e+00 -1.2540735687e+00 -2.4273656837e-01 -1.2942167148e+00 -7.4550233000e-02  4.0364896796e+00 -8.0103782744e-01  3.6653801870e-02  5.4974739747e-01  1.2020200857e+00  8.3911004253e+00  2.1816657112e+00 -5.0054083674e-02  9.8464869552e+00 -3.1597793538e-01 -1.0614438146e+00  2.4212420930e+00  3.9455511472e+00 -5.6679434046e-01  2.5240400425e+00  7.7112227913e-01  9.8329810739e-01  5.8880106422e+00  3.9428616618e+00 -1.4350028004e+00  8.7430472118e+00
ENERGY -5.888897225602e+02

JOB 21
COORDS  1.9128460205e+00 -1.0578088667e+00 -1.7621802121e-01  6.7097985207e-01 -1.0004525705e+00  4.6365121480e-01  3.0965437783e+00 -9.7008443489e-01  5.7389434126e-01  1.2611334295e+00  4.6851441028e-01  7.9587968552e+00  2.2676779335e+00 -7.0523598192e-02  8.7669489852e+00  6.1200975613e-01 -8.5529223740e-01  1.8517537851e+00  3.0450717983e+00 -8.2321606552e-01  1.9572735207e+00  1.3594757939e+00  3.2576180118e-01  6.5769187644e+00  3.3386618921e+00 -7.2166782916e-01  8.1457601630e+00  1.7944119350e+00 -7.6307903151e-01  2.6000261975e+00  2.4806296546e+00 -3.4498628267e-01  6.0594802318e+00  3.4605945142e+00 -8.4960698339e-01  6.8192764119e+00  1.6189180666e+00 -6.1698690301e-01  4.0027765471e+00  2.6894214150e+00 -5.1591625339e-01  4.6597574891e+00  1.9632503102e+00 -1.1727388777e+00 -1.2559045345e+00 -2.4581724269e-01 -1.0704102144e+00 -1.1541207059e-01  4.0589695798e+00 -1.0188662445e+00  7.1043601370e-02  4.1598913795e-01  9.9067823678e-01  8.4001943392e+00  2.2331822214e+00  1.7362058266e-02  9.8490162448e+00 -3.3846815459e-01 -8.1129362170e-01  2.3761519200e+00  3.9483638292e+00 -7.5738522827e-01  2.5545378385e+00  6.0684164596e-01  7.1577092690e-01  5.9006330372e+00  4.1410316676e+00 -1.1538641184e+00  8.7419181023e+00
ENERGY -5.888912118810e+02

JOB 22
COORDS  1.9296400542e+00 -1.0649073565e+00 -1.7617284650e-01  6.8921162319e-01 -8.6748322618e-01  4.3816696558e-01  3.1012034566e+00 -1.0959501263e+00  5.9729153460e-01  1.1998942036e+00  3.3339820481e-01  7.9828948705e+00  2.2941498802e+00 -3.4186110869e-02  8.7739322683e+00  6.1948849504e-01 -7.0104392618e-01  1.8232037224e+00  3.0401029685e+00 -9.3010682234e-01  1.9779798213e+00  1.2778822050e+00  1.5977081323e-01  6.6041829087e+00  3.4255983814e+00 -5.5484248060e-01  8.1378103768e+00  1.7904867002e+00 -7.3025449627e-01  2.5950872784e+00  2.4624017664e+00 -3.7524896852e-01  6.0671405719e+00  3.5218948371e+00 -7.1698340514e-01  6.8132597044e+00  1.6056374353e+00 -5.5107710340e-01  3.9906912249e+00  2.6673849311e+00 -5.7848945125e-01  4.6706232747e+00  1.9881707730e+00 -1.1956679822e+00 -1.2536551576e+00 -2.1849721674e-01 -8.4437887776e-01 -1.5871548599e-01  4.0623997114e+00 -1.2512755644e+00  1.1409895015e-01  3.0388964681e-01  7.5004773393e-01  8.4361091830e+00  2.2783566336e+00  8.5142102633e-02  9.8534562649e+00 -3.3067976913e-01 -5.4793179016e-01  2.3273053665e+00  3.9336887358e+00 -9.5310807304e-01  2.5926869341e+00  4.6154811010e-01  4.2420653267e-01  5.9416666264e+00  4.2979285513e+00 -8.4948701369e-01  8.7194944447e+00
ENERGY -5.888918134179e+02

JOB 23
COORDS  1.9304219434e+00 -1.0786956868e+00 -1.7677433421e-01  7.1513916375e-01 -7.2003664970e-01  4.1449269067e-01  3.0786490296e+00 -1.2406992813e+00  6.1514499370e-01  1.1513047431e+00  1.6643613795e-01  8.0065202559e+00  2.3128306976e+00  1.5175691991e-03  8.7698829215e+00  6.4771977845e-01 -5.2358979073e-01  1.7956603355e+00  3.0187166677e+00 -1.0464166605e+00  1.9921233622e+00  1.2177333923e+00 -2.7059637520e-02  6.6302196678e+00  3.4931959083e+00 -3.5269958122e-01  8.1090438573e+00  1.7947065132e+00 -6.8519478108e-01  2.5872001787e+00  2.4568451745e+00 -3.8120214624e-01  6.0661672300e+00  3.5748922741e+00 -5.4282052567e-01  6.7873911264e+00  1.6145742257e+00 -4.6164176717e-01  3.9762788683e+00  2.6560179091e+00 -6.0903991879e-01  4.6721580946e+00  1.9875419982e+00 -1.2326953110e+00 -1.2512482669e+00 -1.7421232514e-01 -5.9435450947e-01 -1.9707350641e-01  4.0203211735e+00 -1.5197215990e+00  1.4938233254e-01  2.1198180007e-01  4.4120626906e-01  8.4798524582e+00  2.3079258551e+00  1.4232926097e-01  9.8469609236e+00 -2.8290378817e-01 -2.4464187373e-01  2.2819456089e+00  3.8944117912e+00 -1.1666366234e+00  2.6210070354e+00  3.5137245675e-01  8.6159483253e-02  5.9885925513e+00  4.4173504606e+00 -4.9025845299e-01  8.6686170618e+00
ENERGY -5.888919065209e+02

