JOB 0
COORDS  5.7143888285e-01  3.2482169238e-01 -4.6426081070e-01 -5.1888104587e-01 -4.4704337757e-01  3.1993837725e-01  2.4203702081e-01 -1.1906856998e+00  1.4433032521e+00 -1.4808682328e+00  6.0899991509e-01  9.1158072271e-01 -1.3006064637e+00 -1.4261664658e+00 -5.9661699788e-01 -1.1471061420e+00 -1.1931583238e+00 -2.0901998910e+00 -2.1233002809e+00 -2.4064812713e+00 -1.5692682397e-01 -2.7861838140e+00 -3.3999361976e+00 -1.1013906571e+00 -2.5409895251e+00 -2.6639718097e+00  1.2782688400e+00  1.5835518650e-01  9.8292394668e-01 -1.2327994666e+00  1.2852745798e+00 -3.5296151398e-01 -9.4344521455e-01  1.1345770126e+00  9.5622478797e-01  2.3098744851e-01 -4.0910085847e-01 -1.7042523754e+00  2.1486825018e+00  9.1777762808e-01 -1.9375272404e+00  1.0126688989e+00  8.4852833317e-01 -4.7978588251e-01  2.0166345383e+00 -2.2559051512e+00  1.6205724628e-01  1.5382796396e+00 -1.9841777544e+00  1.1604646435e+00  1.0962834228e-01 -9.2906084548e-01  1.3337515570e+00  1.5227399332e+00 -1.9003270028e+00 -1.7205569754e+00 -2.6742000979e+00 -1.5937882238e-01 -1.4876091657e+00 -2.4658644833e+00 -1.2656258379e+00 -1.3078038476e-01 -2.3263825252e+00 -2.1793032405e+00 -3.6405105227e+00 -1.9762377985e+00 -3.7599148578e+00 -3.0342865057e+00 -1.4559884475e+00 -2.9785418857e+00 -4.3410829382e+00 -5.7447945585e-01 -3.6094586909e+00 -2.9126811301e+00  1.2991148503e+00 -2.3952703380e+00 -1.8217820001e+00  1.9505339252e+00 -2.0128827812e+00 -3.5303294854e+00  1.6985841396e+00
ENERGY -3.538550022090e+02

JOB 1
COORDS  7.0644515839e-01  5.8829678212e-01 -3.6716293121e-01 -3.9155137688e-01 -2.4951771386e-01  3.3261906647e-01  3.4790160041e-01 -1.0624986094e+00  1.4227529302e+00 -1.3785648399e+00  7.5762223565e-01  9.6731785801e-01 -1.1308250872e+00 -1.1865939246e+00 -6.5933470641e-01 -8.6859470757e-01 -9.6758790849e-01 -2.1433665031e+00 -1.9943912720e+00 -2.1638530876e+00 -2.9855831604e-01 -2.6063752441e+00 -3.1026291921e+00 -1.3288243703e+00 -2.4997803127e+00 -2.4735378678e+00  1.0960926169e+00  2.9547646323e-01  1.3370449316e+00 -1.0502722766e+00  1.4068115316e+00 -3.8796153402e-02 -9.2812434473e-01  1.2826793721e+00  1.1298284096e+00  3.9051466070e-01 -3.1328333609e-01 -1.6778871816e+00  2.0311819283e+00  1.0848959718e+00 -1.7287676675e+00  9.6116110065e-01  8.8370018772e-01 -3.8550950078e-01  2.0986550878e+00 -2.1562360770e+00  2.7098012599e-01  1.5592241924e+00 -1.8776979038e+00  1.3439671969e+00  1.8803641678e-01 -8.4438115916e-01  1.4557555849e+00  1.6235730354e+00 -1.7311198920e+00 -1.2413979885e+00 -2.7533003371e+00 -6.3406049660e-03 -1.5445143070e+00 -2.5047094422e+00 -6.5819818677e-01  7.9516192942e-02 -2.3656024497e+00 -1.9208526484e+00 -3.3535599807e+00 -2.1414594243e+00 -3.5132158033e+00 -2.6744134793e+00 -1.7784706253e+00 -2.9052639105e+00 -4.0425000948e+00 -8.5247343922e-01 -3.5842106739e+00 -2.6383393696e+00  1.0563101188e+00 -2.3193882180e+00 -1.6938401594e+00  1.8316330596e+00 -2.0593792760e+00 -3.4054589244e+00  1.4756989837e+00
ENERGY -3.538544773029e+02

JOB 2
COORDS  6.0926617065e-01  4.9957635588e-01 -4.1410417607e-01 -4.4244252620e-01 -3.5373920117e-01  3.3321556537e-01  3.5070922363e-01 -1.1305046189e+00  1.4126876832e+00 -1.4310247260e+00  6.4373853269e-01  9.8230831493e-01 -1.1930974824e+00 -1.3301689222e+00 -6.1110592521e-01 -9.6265533470e-01 -1.2020583130e+00 -2.1136651478e+00 -2.0567422608e+00 -2.2869928602e+00 -1.9777215955e-01 -2.7034586742e+00 -3.2337573105e+00 -1.1976253205e+00 -2.5296669252e+00 -2.5607427822e+00  1.2148376441e+00  1.5493899386e-01  1.2101636289e+00 -1.1112643532e+00  1.3228440453e+00 -1.1851973843e-01 -9.6875135275e-01  1.1785835438e+00  1.0863127115e+00  3.1474719696e-01 -2.7616569846e-01 -1.7584310771e+00  2.0446365690e+00  1.0940568248e+00 -1.7807121595e+00  9.3862152978e-01  8.8443956281e-01 -4.3026244626e-01  2.0663297813e+00 -2.1828708862e+00  1.5357668516e-01  1.6031873851e+00 -1.9623968529e+00  1.2088700208e+00  2.0879667740e-01 -8.9154798068e-01  1.3612862244e+00  1.6127351040e+00 -1.9052189909e+00 -1.2508641379e+00 -2.6671043542e+00 -3.1831226415e-01 -2.0033037327e+00 -2.4998307014e+00 -4.9099378811e-01 -2.6096360935e-01 -2.3898432021e+00 -2.0186296879e+00 -3.5501179708e+00 -1.9888747800e+00 -3.5729136890e+00 -2.7710367450e+00 -1.6854665638e+00 -3.0648621316e+00 -4.1363848098e+00 -6.9423301072e-01 -3.6217734680e+00 -2.6716322126e+00  1.2156000857e+00 -2.2826954083e+00 -1.7904293772e+00  1.9403390703e+00 -2.1224127380e+00 -3.5123888261e+00  1.5825354762e+00
ENERGY -3.538538369709e+02

JOB 3
COORDS  3.9585845028e-01  3.8768586053e-01 -3.9303912348e-01 -5.5382227934e-01 -5.6197922750e-01  3.7205396150e-01  3.3585439530e-01 -1.3219930737e+00  1.3858568419e+00 -1.5681721341e+00  3.5442461405e-01  1.0991273920e+00 -1.2891529379e+00 -1.5580156690e+00 -5.6431390520e-01 -1.0006021342e+00 -1.5129526966e+00 -2.0610388638e+00 -2.1836653027e+00 -2.4859183851e+00 -1.4788014280e-01 -2.8470862985e+00 -3.4118906100e+00 -1.1569684481e+00 -2.6509647996e+00 -2.7612135442e+00  1.2654545825e+00 -1.3516242582e-01  1.0053964806e+00 -1.1244837812e+00  1.1948997785e+00 -1.5205497425e-01 -9.1135255598e-01  8.7360117725e-01  1.0672971532e+00  3.2087482020e-01 -2.2708292189e-01 -2.0003682866e+00  2.0275608721e+00  1.0853658756e+00 -1.9198378806e+00  8.5594533637e-01  8.6685321819e-01 -6.1323570271e-01  2.0329318625e+00 -2.2790843594e+00 -1.9492550506e-01  1.7166382582e+00 -2.1465739142e+00  9.3055787840e-01  3.6871215096e-01 -1.0418984801e+00  1.0652463464e+00  1.7477371533e+00 -1.9094243251e+00 -1.2985973234e+00 -2.6371074218e+00 -6.2857655701e-01 -2.4787869602e+00 -2.4243772602e+00 -2.6402795543e-01 -7.6432315195e-01 -2.3414930416e+00 -2.1161342276e+00 -4.0445357697e+00 -1.6760513666e+00 -3.3894363545e+00 -2.8574512979e+00 -1.9322537513e+00 -3.5647302745e+00 -4.0770922550e+00 -6.6813723970e-01 -3.7387880855e+00 -2.6256301033e+00  1.3326842654e+00 -2.1954283166e+00 -2.1441544811e+00  2.0342178501e+00 -2.4546011972e+00 -3.8103391880e+00  1.5240205570e+00
ENERGY -3.538534742359e+02

JOB 4
COORDS  5.6631970235e-02  3.0530320102e-01 -4.4259702853e-01 -7.3387460474e-01 -5.5894141391e-01  5.6776374378e-01  3.1982712191e-01 -1.2900410799e+00  1.4330791507e+00 -1.5499002401e+00  4.4544419193e-01  1.4180447876e+00 -1.6703972850e+00 -1.5797731077e+00 -1.3181292659e-01 -1.5653064726e+00 -1.7348477953e+00 -1.6455947275e+00 -2.5744552634e+00 -2.3575024100e+00  5.0850067252e-01 -3.4890361576e+00 -3.2889617063e+00 -2.7294592687e-01 -2.8136722557e+00 -2.4631281452e+00  2.0003209560e+00 -6.0244148695e-01  8.1726584420e-01 -1.1513686328e+00  7.8751924186e-01 -2.7732232213e-01 -1.0115959268e+00  6.1488418125e-01  1.0739891417e+00  1.0245573345e-01 -1.2492905739e-01 -1.8795811617e+00  2.2365741485e+00  9.1116128186e-01 -1.9733728233e+00  8.1386595498e-01  1.0081522498e+00 -5.6764587874e-01  1.8888174350e+00 -2.1394012641e+00 -2.7954212914e-02  2.2023242147e+00 -2.2425220343e+00  1.0040637362e+00  7.7906419065e-01 -8.7834984858e-01  1.1674246438e+00  1.8978761174e+00 -2.4067743152e+00 -1.2543739929e+00 -2.1633759464e+00 -1.5839480590e+00 -2.7890820068e+00 -1.9380731666e+00 -6.5237704910e-01 -1.3094964502e+00 -2.0570687330e+00 -2.9762474237e+00 -4.2220742892e+00 -5.4549496774e-01 -3.8606775850e+00 -2.8417335674e+00 -1.1989263901e+00 -4.3591007903e+00 -3.5688338461e+00  3.2973341082e-01 -3.7876035214e+00 -2.0313687062e+00  2.2681668312e+00 -2.0580114485e+00 -1.9911577558e+00  2.6223106546e+00 -2.8565923936e+00 -3.5222032761e+00  2.2859052513e+00
ENERGY -3.538538634111e+02

JOB 5
COORDS  1.4294793029e-01  4.0104065016e-01 -4.3473045620e-01 -6.3140869699e-01 -5.1182366535e-01  5.4698337055e-01  4.3138976503e-01 -1.2459912092e+00  1.3973409896e+00 -1.4737096253e+00  4.4885191192e-01  1.4209887688e+00 -1.5371330720e+00 -1.5305978809e+00 -1.9492153316e-01 -1.3572733310e+00 -1.6482254263e+00 -1.7026595910e+00 -2.4593248736e+00 -2.3200320744e+00  4.0282300647e-01 -3.3729043888e+00 -3.2267857045e+00 -4.1015107798e-01 -2.7249973583e+00 -2.4591869078e+00  1.8881017059e+00 -5.2374001412e-01  8.9874109309e-01 -1.1462278110e+00  9.0554566987e-01 -1.4038353446e-01 -1.0018738304e+00  6.6121107274e-01  1.1811621464e+00  1.3292328688e-01 -8.1430035425e-03 -1.8625555965e+00  2.1837432706e+00  1.0368680823e+00 -1.9039148908e+00  7.6432471540e-01  1.1056316669e+00 -5.2394698957e-01  1.8742623874e+00 -2.0520163747e+00 -5.8091370124e-02  2.1922059231e+00 -2.1786117569e+00  1.0072479265e+00  7.9531672489e-01 -8.2046500912e-01  1.1740443322e+00  1.9206469010e+00 -2.0095326237e+00 -9.5477583908e-01 -2.2516259809e+00 -1.5907523581e+00 -2.6531228801e+00 -2.0593293030e+00 -3.3378284547e-01 -1.4362975279e+00 -2.0128620955e+00 -2.8904312466e+00 -4.1870839394e+00 -6.4002105400e-01 -3.6875718658e+00 -2.7805058512e+00 -1.3565054219e+00 -4.2797684497e+00 -3.4581046766e+00  1.5854435988e-01 -3.6816255656e+00 -1.9931836522e+00  2.1606549797e+00 -1.9546043176e+00 -2.0431699643e+00  2.5320872405e+00 -2.8180170593e+00 -3.5239235054e+00  2.1380964792e+00
ENERGY -3.538544491835e+02

JOB 6
COORDS  1.2601473553e-01  2.9438162026e-01 -4.8231669531e-01 -6.0778204460e-01 -5.9445468511e-01  5.5244684394e-01  4.8347307758e-01 -1.3333124951e+00  1.3612424386e+00 -1.3896287214e+00  3.9258187741e-01  1.4517424252e+00 -1.5524756901e+00 -1.6175796084e+00 -1.3365977574e-01 -1.3483748302e+00 -1.8097382609e+00 -1.6274032384e+00 -2.4881750817e+00 -2.3555535822e+00  5.0736901764e-01 -3.4505924948e+00 -3.2713080121e+00 -2.3738143837e-01 -2.7204868789e+00 -2.4272525322e+00  2.0041635153e+00 -5.7468472385e-01  8.2751146117e-01 -1.1327834585e+00  8.1569717642e-01 -2.7025841041e-01 -1.1149748979e+00  7.1942922234e-01  1.0468833757e+00  4.7594321348e-02  6.7467353585e-02 -1.9412257299e+00  2.1675610006e+00  1.0564707295e+00 -2.0012280755e+00  7.0851162848e-01  1.1840250085e+00 -6.1634646029e-01  1.8067610462e+00 -1.8979891947e+00 -8.4915785196e-02  2.2878500650e+00 -2.1472903914e+00  9.2117020174e-01  8.6311334630e-01 -7.0541112406e-01  1.1411309209e+00  1.8683485777e+00 -1.7416469692e+00 -9.7111157051e-01 -2.2161900566e+00 -1.8231281055e+00 -2.7184333291e+00 -1.9962588541e+00 -2.8504426568e-01 -1.8943055942e+00 -1.8693229090e+00 -3.0247296694e+00 -4.2734009158e+00 -3.8543237504e-01 -3.7468254336e+00 -2.8859102436e+00 -1.2150614724e+00 -4.3671091261e+00 -3.4036634207e+00  3.4780878414e-01 -3.6258011527e+00 -1.8762918857e+00  2.2925291584e+00 -1.8959341923e+00 -2.0604873227e+00  2.6104537669e+00 -2.8911500584e+00 -3.4732086957e+00  2.2888763991e+00
ENERGY -3.538549590083e+02

JOB 7
COORDS  1.9780856831e-01  3.4106362328e-01 -4.6785475459e-01 -5.9120208332e-01 -5.4759885822e-01  5.2475924354e-01  4.6302330676e-01 -1.3008406018e+00  1.3703472792e+00 -1.4046967542e+00  4.3760390442e-01  1.3972704983e+00 -1.5136033965e+00 -1.5600128858e+00 -2.0758567986e-01 -1.2897709586e+00 -1.6897576626e+00 -1.7032375442e+00 -2.4408878742e+00 -2.3372549962e+00  3.9887580546e-01 -3.3609225620e+00 -3.2687493608e+00 -3.8315279736e-01 -2.7014225146e+00 -2.4449063849e+00  1.8885759634e+00 -4.6563599235e-01  9.4365910258e-01 -1.0961592701e+00  8.5589222480e-01 -2.3665629745e-01 -1.1223265861e+00  8.2967098297e-01  1.0344765170e+00  9.7212309441e-02  1.4863791500e-02 -1.9291509268e+00  2.1422975205e+00  1.0698692734e+00 -1.9511222291e+00  7.3048835532e-01  1.1381037837e+00 -5.9111861454e-01  1.8639809189e+00 -1.9501880469e+00 -4.3168764966e-02  2.2082584230e+00 -2.1354292340e+00  9.7239130099e-01  7.8094741666e-01 -7.3531378287e-01  1.1812945569e+00  1.8458977303e+00 -1.4442416238e+00 -7.4356496886e-01 -2.2329923594e+00 -1.9338520694e+00 -2.4369362044e+00 -2.1636232738e+00 -2.5652086075e-01 -1.9939401411e+00 -1.9113138755e+00 -2.8542047254e+00 -4.2013751624e+00 -6.6468265288e-01 -3.7542815580e+00 -2.8164105155e+00 -1.2968659672e+00 -4.2224579339e+00 -3.5500949619e+00  2.3089255141e-01 -3.6655059033e+00 -1.9879134856e+00  2.1499714765e+00 -1.9384194625e+00 -2.0012999174e+00  2.5220703590e+00 -2.7770290549e+00 -3.5045432141e+00  2.1645321570e+00
ENERGY -3.538550378789e+02

JOB 8
COORDS  4.4232700689e-01  3.5991825477e-01 -3.7084255591e-01 -5.9225046646e-01 -3.5279041328e-01  5.3529650044e-01  2.4796770586e-01 -1.0959398000e+00  1.6010978373e+00 -1.4556120534e+00  7.5317827124e-01  1.1851704073e+00 -1.4905135302e+00 -1.3282156111e+00 -2.7195754472e-01 -1.4562535779e+00 -1.1621570201e+00 -1.7820030625e+00 -2.3098907352e+00 -2.2558743469e+00  2.7506149552e-01 -3.0939900031e+00 -3.2491523742e+00 -5.7221911557e-01 -2.6072518652e+00 -2.4488643771e+00  1.7495740424e+00 -2.1035392802e-02  1.0200403058e+00 -1.1085290230e+00  1.0786052711e+00 -3.5386863922e-01 -9.0378614866e-01  1.0956317578e+00  9.8137762860e-01  2.5057579805e-01 -3.5006507030e-01 -1.5799737715e+00  2.3714838293e+00  8.6306762794e-01 -1.8682140280e+00  1.1265952474e+00  9.2149328271e-01 -3.9172095225e-01  2.1035384916e+00 -2.1797495714e+00  3.5341155059e-01  1.8983793087e+00 -2.0166017187e+00  1.2999035211e+00  4.1908170187e-01 -8.2195991801e-01  1.4740503030e+00  1.7163145458e+00 -1.5220619567e+00 -1.0535732056e-01 -2.0577166311e+00 -2.2839014117e+00 -1.6680609747e+00 -2.2774436901e+00 -5.2368191141e-01 -1.5370316244e+00 -2.2229898327e+00 -2.5660083050e+00 -3.5610182218e+00 -1.4755181418e+00 -4.0691178104e+00 -2.8430659305e+00 -8.7505551789e-01 -3.2987667924e+00 -4.1544654721e+00  9.6326629527e-03 -3.6818627083e+00 -2.6317702594e+00  1.8756027806e+00 -2.3505892358e+00 -1.6007982895e+00  2.3796707140e+00 -2.0937309952e+00 -3.3349621125e+00  2.1463081859e+00
ENERGY -3.538549822308e+02

JOB 9
COORDS  6.0959946240e-01  5.2269727926e-01 -2.7060155617e-01 -4.5676265455e-01 -2.5149222639e-01  5.4210920722e-01  3.4080797917e-01 -1.0757157316e+00  1.5816921271e+00 -1.3388619039e+00  8.1172274961e-01  1.2371521100e+00 -1.3209900155e+00 -1.1741613328e+00 -3.5812832119e-01 -1.1762228831e+00 -1.0049618723e+00 -1.8645767025e+00 -2.1941302015e+00 -2.1003624093e+00  1.0098656336e-01 -2.9359852402e+00 -3.0305005131e+00 -8.4877013525e-01 -2.5895770529e+00 -2.3554619549e+00  1.5413889875e+00  1.7166108036e-01  1.2754556536e+00 -9.3232410754e-01  1.2306672395e+00 -1.4552709237e-01 -8.7572731152e-01  1.2728940300e+00  1.0530458728e+00  4.2089078789e-01 -2.8973755130e-01 -1.6519231967e+00  2.2573391444e+00  1.0072009615e+00 -1.7806547393e+00  1.0726305022e+00  9.6041029794e-01 -4.1037093423e-01  2.1946191550e+00 -2.0810648365e+00  3.7309608748e-01  1.9068934629e+00 -1.8795225445e+00  1.4042426089e+00  4.9097553724e-01 -7.1847179867e-01  1.4979553605e+00  1.8267378233e+00 -9.1780939767e-01  1.8685324439e-02 -2.1375241690e+00 -2.0962635204e+00 -1.2550135276e+00 -2.3950973611e+00 -3.7934598389e-01 -1.6419793747e+00 -2.2738406476e+00 -2.3320895924e+00 -3.3395742398e+00 -1.7051087944e+00 -3.8520434920e+00 -2.5648470844e+00 -1.2384745536e+00 -3.2446403436e+00 -3.9400582117e+00 -3.2255275583e-01 -3.6803624100e+00 -2.4625669696e+00  1.6005390565e+00 -2.3044613101e+00 -1.5730358258e+00  2.2398864696e+00 -2.1661846138e+00 -3.3023886151e+00  1.9028424672e+00
ENERGY -3.538544604433e+02

JOB 10
COORDS  6.4641874089e-01  4.9674550408e-01 -2.0456789255e-01 -4.1919209056e-01 -3.4005598579e-01  5.4167520132e-01  3.7169139829e-01 -1.2031633497e+00  1.5552002114e+00 -1.3347098726e+00  6.7183245204e-01  1.2707473660e+00 -1.2488224107e+00 -1.2347928759e+00 -4.1736440539e-01 -1.0599085267e+00 -1.0516755063e+00 -1.9198434913e+00 -2.1454760506e+00 -2.1660855661e+00 -1.6139820200e-02 -2.8709327960e+00 -3.0340369677e+00 -1.0335014363e+00 -2.5840327247e+00 -2.4809189731e+00  1.3989589319e+00  2.0324051313e-01  1.2581292900e+00 -8.5363172010e-01  1.3111599654e+00 -1.2780832185e-01 -8.1033017426e-01  1.2669116827e+00  1.0232276965e+00  5.2851510593e-01 -2.6315384586e-01 -1.8294707367e+00  2.1808088893e+00  1.0653531695e+00 -1.8651181554e+00  1.0253618765e+00  9.6146998854e-01 -5.6039673376e-01  2.2196380959e+00 -2.0883029417e+00  1.8958712637e-01  1.8956441340e+00 -1.8635200738e+00  1.2973719953e+00  5.4335780825e-01 -7.3931139584e-01  1.3323880679e+00  1.9130213299e+00 -5.4478795520e-01 -1.2777319394e-01 -2.1747126599e+00 -2.0179335729e+00 -1.0447063714e+00 -2.4476346800e+00 -4.6478282987e-01 -1.8670681696e+00 -2.3540550444e+00 -2.2250997592e+00 -3.3566951504e+00 -1.8546325915e+00 -3.7241443359e+00 -2.5040470629e+00 -1.4797213654e+00 -3.2707715319e+00 -3.9343240744e+00 -5.5576931363e-01 -3.6799151528e+00 -2.5336670529e+00  1.4349348259e+00 -2.2705057802e+00 -1.7602314459e+00  2.1492774278e+00 -2.2170352747e+00 -3.4692221152e+00  1.7076234829e+00
ENERGY -3.538538499624e+02

JOB 11
COORDS  5.8278983593e-01  6.2356060548e-01 -6.5349067633e-02 -4.3878303918e-01 -3.5572917550e-01  5.5632366209e-01  3.7381847235e-01 -1.2588005741e+00  1.5161589685e+00 -1.4442106026e+00  5.2471042109e-01  1.3380431850e+00 -1.1744920906e+00 -1.2121067169e+00 -5.0902278852e-01 -8.3242736768e-01 -1.0109426836e+00 -1.9814252110e+00 -2.1164689842e+00 -2.1440341571e+00 -2.2834289809e-01 -2.7738276314e+00 -2.9267487992e+00 -1.3557704336e+00 -2.6491007171e+00 -2.5512002328e+00  1.1289174927e+00  1.0978168589e-01  1.3452146387e+00 -7.3913100292e-01  1.3745482351e+00  1.0457330702e-01 -6.1514028260e-01  1.0642902283e+00  1.1944809007e+00  7.3589129713e-01 -2.4362207114e-01 -1.9750283502e+00  2.0588197268e+00  1.1204666479e+00 -1.8305339461e+00  9.5435599420e-01  9.0483875114e-01 -6.4746749004e-01  2.2559251403e+00 -2.2020023698e+00 -5.3831987710e-02  1.8669378231e+00 -1.9677993205e+00  1.1991733006e+00  6.5179250498e-01 -9.1700385907e-01  1.1397615686e+00  2.0774545248e+00 -7.2074519487e-02 -2.5332395303e-01 -2.1533371613e+00 -1.7159537997e+00 -7.1318216234e-01 -2.5595325689e+00 -4.6634321856e-01 -1.9394622844e+00 -2.4367480345e+00 -2.0432180214e+00 -3.5001286427e+00 -1.9395178559e+00 -3.2956058060e+00 -2.2704187531e+00 -2.0630715979e+00 -3.5091015450e+00 -3.6363935046e+00 -9.6561714885e-01 -3.7359394317e+00 -2.3972431968e+00  1.1643277114e+00 -2.2161733075e+00 -2.0258402460e+00  1.9749843993e+00 -2.4847260289e+00 -3.6255461573e+00  1.2868221524e+00
ENERGY -3.538534757676e+02

JOB 12
COORDS  9.1266388187e-01  1.2664792498e+00 -5.0201463340e-02 -1.6896121702e-02  1.9979740424e-01  5.7489949056e-01  8.7297627768e-01 -6.6498182175e-01  1.4989780109e+00 -1.0613836509e+00  9.9512889704e-01  1.3959812590e+00 -7.1146275138e-01 -6.8251538708e-01 -4.9640800364e-01 -2.7346312354e-01 -5.3242439359e-01 -1.9497815083e+00 -1.6777266842e+00 -1.5931244134e+00 -2.3297357156e-01 -2.3381360137e+00 -2.3722929742e+00 -1.3605419184e+00 -2.2244399873e+00 -1.9989333123e+00  1.1199427028e+00  3.8831156193e-01  1.8952766412e+00 -7.7722588689e-01  1.7855053692e+00  8.2631867701e-01 -5.4193508792e-01  1.2889024062e+00  1.9227855091e+00  7.4182911346e-01  3.0648033149e-01 -1.4133843419e+00  2.0556956838e+00  1.6277051179e+00 -1.1968471997e+00  9.0945377138e-01  1.3976144075e+00 -3.2593792081e-02  2.2257443749e+00 -1.7725305769e+00  3.6130642608e-01  1.9243884938e+00 -1.6364583483e+00  1.6539754604e+00  7.3621653345e-01 -5.5799737891e-01  1.6220440624e+00  2.1416656632e+00  6.6871872755e-01  1.0292596299e-03 -2.0575924778e+00 -1.0140021421e+00  2.6413278903e-02 -2.5387476297e+00 -1.5266612497e-01 -1.5048639731e+00 -2.4357781175e+00 -1.7191006804e+00 -3.2228018955e+00 -1.6789770388e+00 -2.5272931005e+00 -1.7601196788e+00 -2.2465034025e+00 -3.2985788472e+00 -2.7833741080e+00 -1.0331626346e+00 -3.2595430538e+00 -1.6512357342e+00  1.2398224225e+00 -1.6530017001e+00 -1.6433419330e+00  1.9729844783e+00 -2.2576278561e+00 -3.0943525490e+00  1.1831014989e+00
ENERGY -3.538538499637e+02

JOB 13
COORDS  9.9446220837e-01  1.3643412960e+00 -1.0715095050e-03  8.9918726369e-02  2.5506931938e-01  5.8901924053e-01  9.9137935197e-01 -6.0983334895e-01  1.5005625369e+00 -9.8375628921e-01  1.0010203836e+00  1.4179188725e+00 -5.6406390712e-01 -6.1538485389e-01 -5.1699668453e-01 -5.5052486837e-02 -4.2587346030e-01 -1.9396309320e+00 -1.5380831811e+00 -1.5299132821e+00 -3.0263781797e-01 -2.1913237784e+00 -2.2771887517e+00 -1.4570789867e+00 -2.1081847954e+00 -1.9694790245e+00  1.0307106849e+00  4.6497784634e-01  1.9794074904e+00 -7.3575341846e-01  1.8963145737e+00  9.6597943364e-01 -4.7468617619e-01  1.3242206135e+00  2.0263047227e+00  8.0667643235e-01  4.3514664498e-01 -1.3817960008e+00  2.0357591241e+00  1.7620281445e+00 -1.1129618993e+00  9.0631301952e-01  1.4966891719e+00  1.7289865179e-02  2.2454044792e+00 -1.6786007580e+00  3.3638318451e-01  1.9294090116e+00 -1.5738662027e+00  1.6561400756e+00  7.6773182975e-01 -5.0390243868e-01  1.6271254469e+00  2.1795019846e+00  9.9327712773e-01 -1.2655111268e-01 -1.9621130754e+00 -6.0994695015e-01  3.5963032274e-01 -2.4719694865e+00 -1.3970745196e-01 -1.3395765628e+00 -2.5299582511e+00 -1.6075862224e+00 -3.1611975250e+00 -1.7496061855e+00 -2.3227591227e+00 -1.6585112226e+00 -2.3479768026e+00 -3.1823048674e+00 -2.6378422092e+00 -1.1617309667e+00 -3.1300820282e+00 -1.5895202519e+00  1.1646682702e+00 -1.5245657333e+00 -1.6732302438e+00  1.8984290666e+00 -2.1815087972e+00 -3.0645528947e+00  1.0464661426e+00
ENERGY -3.538544596326e+02

JOB 14
COORDS  9.0971545893e-01  1.3401347570e+00 -5.1496866076e-02  5.8521972541e-02  2.2149701120e-01  5.9928577339e-01  1.0166420860e+00 -6.1799217482e-01  1.4757263373e+00 -9.8297041026e-01  9.6187594266e-01  1.4718129377e+00 -6.2053736659e-01 -6.8013041749e-01 -4.6650989499e-01 -7.9421014459e-02 -5.5403739927e-01 -1.8808233951e+00 -1.6020389740e+00 -1.5754200695e+00 -2.0908707992e-01 -2.2954450801e+00 -2.3618695492e+00 -1.3136251261e+00 -2.1431101390e+00 -1.9635364558e+00  1.1534270059e+00  3.1510996550e-01  1.9668314188e+00 -7.2385191396e-01  1.7638458306e+00  9.5310546212e-01 -6.1303199085e-01  1.3097435691e+00  1.9896337968e+00  7.3419238764e-01  4.9642999480e-01 -1.4001891838e+00  2.0328682583e+00  1.7746089786e+00 -1.1066931004e+00  8.5349836802e-01  1.5370494341e+00  2.1822571065e-02  2.1989834627e+00 -1.6071608444e+00  2.9791303776e-01  2.0676018344e+00 -1.6474822005e+00  1.5614681166e+00  8.4028915390e-01 -4.7392481808e-01  1.6421397059e+00  2.1647196480e+00  1.0147260912e+00 -5.4973888597e-01 -1.8786639264e+00 -3.8916281196e-01  3.8080986528e-01 -2.3653945132e+00 -3.8895240735e-01 -1.3781297791e+00 -2.5222781364e+00 -1.7638037454e+00 -3.2961632492e+00 -1.5415336372e+00 -2.4016248175e+00 -1.8014003827e+00 -2.2445299771e+00 -3.3034830627e+00 -2.6455607307e+00 -9.9199018231e-01 -3.1321304139e+00 -1.5197232470e+00  1.3298972263e+00 -1.5010196710e+00 -1.6982232233e+00  1.9897501502e+00 -2.2821778736e+00 -3.0515594767e+00  1.1850595058e+00
ENERGY -3.538549822108e+02

JOB 15
COORDS  1.3092863740e+00  1.5386119708e+00  1.5874148664e-01  1.8060780507e-01  5.7434572631e-01  5.9898600003e-01  8.3013566873e-01 -3.6535619656e-01  1.6424179815e+00 -9.1658711079e-01  1.4522027756e+00  1.2465235799e+00 -4.0653028709e-01 -2.1962558311e-01 -5.9977336918e-01  1.4685431377e-02  2.6206212674e-01 -1.9761668120e+00 -1.2765576547e+00 -1.2505531846e+00 -4.9024856994e-01 -1.7705550639e+00 -2.0323191293e+00 -1.7028937681e+00 -1.9120857191e+00 -1.7706646327e+00  7.8422086420e-01  9.6723857789e-01  2.2930142391e+00 -5.5473442443e-01  2.1544891582e+00  1.0049406374e+00 -2.8721150241e-01  1.6876906227e+00  2.0713273892e+00  1.0376022714e+00  1.2662875450e-01 -1.0519893310e+00  2.1114750591e+00  1.6136491627e+00 -9.6835481402e-01  1.1709095386e+00  1.2955005156e+00  2.2555097971e-01  2.4403390738e+00 -1.7496880523e+00  8.6604662246e-01  1.6388142884e+00 -1.3269795365e+00  2.1525465132e+00  5.1055825944e-01 -4.9994963663e-01  2.0402538338e+00  2.0733996053e+00  1.0994603084e+00  2.1729567333e-01 -2.1212171504e+00 -2.7201772862e-01  1.3111957412e+00 -2.1195275221e+00 -4.5156104257e-01 -3.0187112142e-01 -2.7821820099e+00 -9.7939153143e-01 -2.2515249268e+00 -2.4241485319e+00 -2.5683545199e+00 -1.4981027831e+00 -2.2357630983e+00 -2.1899795323e+00 -2.9927811112e+00 -1.3865859351e+00 -2.9881842677e+00 -1.9093925595e+00  6.1850026497e-01 -1.8008167969e+00 -1.1244850251e+00  1.6504477796e+00 -1.5097235461e+00 -2.7587884685e+00  1.0456445417e+00
ENERGY -3.538550378731e+02

JOB 16
COORDS  1.2770078037e+00  1.4703595032e+00  1.1617427953e-01  1.2812984083e-01  5.5294507738e-01  6.0367154271e-01  7.6702700397e-01 -3.6009616273e-01  1.6771816576e+00 -9.4500396003e-01  1.4739025036e+00  1.2290644773e+00 -4.8445173644e-01 -2.7148351595e-01 -5.6038920716e-01 -1.2004183688e-01  1.8920660296e-01 -1.9621101349e+00 -1.3304355931e+00 -1.3161705781e+00 -4.0547640906e-01 -1.8204565512e+00 -2.1461384879e+00 -1.5846876440e+00 -1.9375046751e+00 -1.8090825095e+00  8.9375820225e-01  9.3615243719e-01  2.2520709102e+00 -5.6755167395e-01  2.0693420018e+00  9.0293478784e-01 -3.8237305188e-01  1.7262859741e+00  1.9724684981e+00  9.7944775681e-01  5.4287133105e-02 -1.0145755325e+00  2.1763495462e+00  1.5366411464e+00 -9.9452802999e-01  1.2242676939e+00  1.2476882645e+00  2.5125150000e-01  2.4500069189e+00 -1.7745617415e+00  9.1362845964e-01  1.6657519069e+00 -1.3643637519e+00  2.1427575360e+00  4.6928461099e-01 -5.0565389561e-01  2.0957765963e+00  2.0187127213e+00  9.0668694808e-01 -8.1913284134e-02 -2.2395071885e+00 -1.9357161661e-01  1.2771329201e+00 -2.0478921755e+00 -7.8343064594e-01 -2.2673479246e-01 -2.7197902751e+00 -1.0749572036e+00 -2.2600725939e+00 -2.3742395536e+00 -2.7254071893e+00 -1.7158256072e+00 -2.0356455687e+00 -2.0875098212e+00 -3.1531407708e+00 -1.2461662480e+00 -2.9965954500e+00 -2.0426811461e+00  7.2651722999e-01 -1.8918609860e+00 -1.0986176980e+00  1.7154323954e+00 -1.4631453140e+00 -2.7427010936e+00  1.2248856197e+00
ENERGY -3.538549590057e+02

JOB 17
COORDS  1.3636806935e+00  1.4849701945e+00  2.1280382551e-01  2.1390202283e-01  5.3578728399e-01  6.2972153860e-01  8.3904547978e-01 -4.3623454542e-01  1.6595572142e+00 -8.6987273088e-01  1.4198544985e+00  1.2896536530e+00 -3.7339524485e-01 -2.3619323309e-01 -5.8182754371e-01  7.0707039850e-02  2.0957670050e-01 -1.9687399565e+00 -1.2517131664e+00 -1.2614039620e+00 -4.8996048955e-01 -1.7082439713e+00 -2.0271736494e+00 -1.7239954037e+00 -1.9178764135e+00 -1.7903182869e+00  7.6404152509e-01  1.0162489201e+00  2.3294267540e+00 -3.8929188918e-01  2.1448288759e+00  9.6265326478e-01 -3.4880707883e-01  1.8278546355e+00  1.9036959125e+00  1.1120384576e+00  1.2739089958e-01 -1.1495892211e+00  2.0729105166e+00  1.6470396178e+00 -1.0106498612e+00  1.1933450125e+00  1.2671473942e+00  1.2686167477e-01  2.4973759306e+00 -1.6995785978e+00  8.3881742032e-01  1.6967993366e+00 -1.2874205711e+00  2.1198291732e+00  5.5762330738e-01 -4.3777207053e-01  2.0076596180e+00  2.1089083875e+00  9.7044144328e-01 -3.2394960293e-01 -2.3056172373e+00  2.9938265103e-01  1.2749669935e+00 -2.0049955503e+00 -7.0350822677e-01  3.0019210383e-02 -2.7170142550e+00 -9.1556717902e-01 -2.1587615745e+00 -2.4642995917e+00 -2.5494017686e+00 -1.5262777363e+00 -2.2233605117e+00 -2.0590595215e+00 -3.0253647027e+00 -1.4413042276e+00 -2.9867029803e+00 -1.9425061457e+00  5.6594602881e-01 -1.8403974897e+00 -1.1411260638e+00  1.6322949433e+00 -1.5117262916e+00 -2.7731148851e+00  1.0392483508e+00
ENERGY -3.538544493542e+02

JOB 18
COORDS  1.1983460850e+00  9.9684467122e-01  1.6655532277e-01  7.0862147234e-02 -2.6158449397e-04  5.2322852030e-01  7.1400047882e-01 -1.0166752577e+00  1.4983898764e+00 -1.0317309844e+00  8.2398241797e-01  1.2292597552e+00 -5.0068706263e-01 -7.1978814692e-01 -7.2745462295e-01 -4.3151141809e-02 -2.4652481512e-01 -2.1034282145e+00 -1.3912041182e+00 -1.7384197494e+00 -6.8806367449e-01 -1.8502509626e+00 -2.4183803749e+00 -1.9693321514e+00 -2.0663775177e+00 -2.3317262423e+00  5.3096873763e-01  8.3403014814e-01  1.8546760433e+00 -4.0686542647e-01  2.0050808202e+00  5.2116672456e-01 -4.0067397335e-01  1.6338124278e+00  1.3915831417e+00  1.0907605783e+00  1.6814568969e-02 -1.7707285783e+00  1.8617789659e+00  1.5380411901e+00 -1.5428693883e+00  1.0042699471e+00  1.1235815904e+00 -4.9525574525e-01  2.3717961836e+00 -1.8546829853e+00  2.0765689182e-01  1.5951250375e+00 -1.4559368102e+00  1.5605006125e+00  5.3814994560e-01 -6.1360097751e-01  1.3675014923e+00  2.0854716892e+00  6.7354665755e-01 -9.4503294528e-01 -2.5566905061e+00  4.3333998505e-01  7.3134039512e-01 -2.0830894492e+00 -8.8562216018e-01 -1.7438420438e-01 -2.7979387105e+00 -1.0396043473e+00 -2.5608132222e+00 -2.6891349845e+00 -2.6353747841e+00 -1.8383367253e+00 -2.4743756361e+00 -2.2738551847e+00 -3.4040916900e+00 -1.7513792900e+00 -3.1432975327e+00 -2.4240731475e+00  3.3925771645e-01 -1.9492002416e+00 -1.7587548859e+00  1.4467315662e+00 -1.6982433836e+00 -3.3490728335e+00  7.2119356245e-01
ENERGY -3.538538633562e+02

JOB 19
COORDS  7.9832088524e-01  1.0597434422e+00  1.0703831453e-01 -2.4928827153e-01 -2.1081535969e-02  4.5839836501e-01  4.5964473040e-01 -9.9168683331e-01  1.4344490066e+00 -1.4082804112e+00  7.2706521483e-01  1.1612192673e+00 -7.6806416168e-01 -7.8276067688e-01 -7.9072228575e-01 -2.3385499277e-01 -3.9479210612e-01 -2.1653415202e+00 -1.6794702892e+00 -1.7841100602e+00 -7.5592185830e-01 -2.1154582719e+00 -2.4631615699e+00 -2.0461218334e+00 -2.3791688926e+00 -2.3655227119e+00  4.5405865369e-01  3.9029357224e-01  1.8375668782e+00 -5.4636781370e-01  1.6869684683e+00  6.3652088734e-01 -3.7228265383e-01  1.1286389026e+00  1.5507639854e+00  1.0287603923e+00 -1.8993751519e-01 -1.7887932949e+00  1.7966167607e+00  1.3144176861e+00 -1.4658763000e+00  9.3998755936e-01  8.3656158607e-01 -4.4535121885e-01  2.3075912769e+00 -2.2025336720e+00  6.3537165617e-02  1.5043905590e+00 -1.8609018527e+00  1.4510924156e+00  4.7499031789e-01 -1.0332518346e+00  1.2780027739e+00  2.0323240938e+00  2.6635394475e-01 -1.2406991736e+00 -2.6531866289e+00  4.8042362379e-01  4.2426837051e-01 -2.1411118650e+00 -1.0459082566e+00 -9.0563295364e-02 -2.8371066295e+00 -1.2691199492e+00 -2.9007113454e+00 -2.5891478663e+00 -2.6021330430e+00 -1.7614747089e+00 -2.7351500887e+00 -2.8271423807e+00 -3.2692108990e+00 -1.8454953253e+00 -3.4671827269e+00 -2.2838274719e+00  3.2903109355e-01 -2.1237545321e+00 -1.9059510725e+00  1.4042319177e+00 -2.1578580308e+00 -3.4382927671e+00  5.3435411958e-01
ENERGY -3.538534742428e+02

JOB 20
COORDS  7.0302313099e-01  1.1180262546e+00 -5.3370719066e-02 -2.2770186733e-01 -1.6620739764e-02  4.3555645510e-01  6.2036214988e-01 -8.9751853134e-01  1.3833876864e+00 -1.3676846429e+00  6.9140887835e-01  1.2081145367e+00 -7.9547034736e-01 -8.6330302151e-01 -7.3466353200e-01 -2.4421838213e-01 -6.1978628792e-01 -2.1360999437e+00 -1.7423265306e+00 -1.8213334491e+00 -6.0093684630e-01 -2.2754795555e+00 -2.5615295226e+00 -1.8183799253e+00 -2.3807255156e+00 -2.3209893992e+00  6.7845904307e-01  2.1345951858e-01  1.7644503462e+00 -7.8912441324e-01  1.6317140797e+00  7.3991225236e-01 -4.9148397662e-01  9.8393576009e-01  1.7442967372e+00  8.0014006636e-01  4.2598300822e-02 -1.6963557005e+00  1.8514367533e+00  1.4416772387e+00 -1.3672143149e+00  8.3122989725e-01  1.0579251418e+00 -2.8736456394e-01  2.1831369439e+00 -2.0917745088e+00  2.6579262864e-03  1.6416342631e+00 -1.9148950457e+00  1.3640821856e+00  5.3867744485e-01 -9.5296250620e-01  1.2940326057e+00  2.0250021868e+00 -3.0942506360e-02 -1.5619552794e+00 -2.6498454256e+00  6.8505873413e-01 -5.3372695673e-02 -2.1318442869e+00 -9.5141267485e-01 -6.1243532692e-02 -2.7639557501e+00 -1.6039840697e+00 -3.3782551368e+00 -2.1185543969e+00 -2.4047981399e+00 -1.9124081455e+00 -2.6884771707e+00 -3.2475510041e+00 -3.0144859958e+00 -1.5977893235e+00 -3.4342099055e+00 -2.0143395191e+00  7.3161031301e-01 -1.8929204881e+00 -1.9963941012e+00  1.5935622840e+00 -2.3784695124e+00 -3.4187092069e+00  6.7914606413e-01
ENERGY -3.538538369745e+02

JOB 21
COORDS  7.8150884319e-01  1.0868019455e+00 -1.0746818431e-01 -1.0355255017e-01 -4.4421892816e-02  4.7064974765e-01  8.0475010765e-01 -8.8674493070e-01  1.3963102062e+00 -1.2071314771e+00  6.7545092101e-01  1.2830645303e+00 -7.1830590516e-01 -9.3139366421e-01 -6.4468452706e-01 -1.8035862740e-01 -7.3893007833e-01 -2.0562970802e+00 -1.6783952200e+00 -1.8640539290e+00 -4.4639951488e-01 -2.2963045916e+00 -2.6270736654e+00 -1.6096969527e+00 -2.2632576132e+00 -2.3124098203e+00  8.7771740571e-01  2.4769663625e-01  1.6864818537e+00 -8.5168909430e-01  1.7005576753e+00  7.1143304510e-01 -5.6638505633e-01  1.0813397030e+00  1.7585288606e+00  7.0386517016e-01  2.5876839692e-01 -1.6715608287e+00  1.9234854954e+00  1.5962350794e+00 -1.3715757966e+00  8.1432728685e-01  1.2834929075e+00 -2.4741238466e-01  2.1482890978e+00 -1.8912729498e+00 -5.4171957512e-03  1.7874691833e+00 -1.8051807301e+00  1.3136235471e+00  6.2335596298e-01 -7.5361258815e-01  1.3154949462e+00  2.0491602550e+00 -2.3186229911e-01 -1.6595920636e+00 -2.6399663522e+00  8.6870916503e-01 -4.3974767285e-01 -2.0508948893e+00 -7.2561912049e-01  3.8573251650e-02 -2.6086325869e+00 -1.7016182461e+00 -3.5125962539e+00 -1.8744773673e+00 -2.4055700677e+00 -2.0201191054e+00 -2.5113345873e+00 -3.2936988080e+00 -2.9881664069e+00 -1.3368979514e+00 -3.2911287595e+00 -1.9442649327e+00  9.9805697637e-01 -1.6949477135e+00 -2.0116303668e+00  1.7540991226e+00 -2.3243701937e+00 -3.4082384772e+00  8.9021643232e-01
ENERGY -3.538544773001e+02

JOB 22
COORDS  2.2378469800e-01  5.1567903199e-01 -5.1603237867e-01 -5.5667969517e-01 -5.3735398373e-01  3.0951918512e-01  4.7680480287e-01 -1.2729218824e+00  1.1935595622e+00 -1.5425063413e+00  2.8017574504e-01  1.1777101008e+00 -1.2942148963e+00 -1.5520961606e+00 -6.0490127713e-01 -8.3741216498e-01 -1.5845238675e+00 -2.0536774024e+00 -2.2493332924e+00 -2.4156235642e+00 -1.8868439102e-01 -3.0077467112e+00 -3.3191751441e+00 -1.1513900524e+00 -2.6952030129e+00 -2.6542071187e+00  1.2412854532e+00 -4.3266301099e-01  1.0683778507e+00 -1.1958623763e+00  1.0346207099e+00  7.9898079945e-02 -1.1051229845e+00  6.7673424114e-01  1.2428536643e+00  1.6603756937e-01  1.0661423001e-02 -1.9998243203e+00  1.8625275333e+00  1.1972297878e+00 -1.8145036220e+00  5.7046978752e-01  1.0359537813e+00 -5.5773460585e-01  1.8092977397e+00 -2.0988148505e+00 -3.2148469641e-01  1.8945184058e+00 -2.2709459172e+00  7.9417636995e-01  5.4129657253e-01 -9.9575008753e-01  1.0421265662e+00  1.7455170328e+00 -1.1881548761e+00 -2.4703100650e+00 -2.5817967059e+00  2.5563086388e-01 -1.6074934301e+00 -2.1103067537e+00 -1.1603658525e+00 -7.0216213696e-01 -2.6198627658e+00 -2.4971307791e+00 -4.2821909250e+00 -1.2908886227e+00 -3.1607069595e+00 -2.8747345991e+00 -2.1365936758e+00 -3.9988546770e+00 -3.5468726522e+00 -7.4365844142e-01 -3.6651350070e+00 -2.1796333795e+00  1.4416605941e+00 -1.9914550314e+00 -2.3152065337e+00  1.9977745397e+00 -2.8399009946e+00 -3.7310423564e+00  1.3942901378e+00
ENERGY -3.538550021762e+02

JOB 23
COORDS  5.5092683207e-01  5.3790834239e-01 -4.9009492566e-01 -4.7296833814e-01 -3.4721715287e-01  2.6167505836e-01  3.4850983574e-01 -1.1176040463e+00  1.3227358827e+00 -1.4754198988e+00  6.2558514818e-01  9.2746649388e-01 -1.2172612993e+00 -1.3206907064e+00 -6.9271998077e-01 -9.5034292701e-01 -1.1274574100e+00 -2.1743546306e+00 -2.0850480398e+00 -2.2795790378e+00 -2.9386668695e-01 -2.7541953203e+00 -3.2275730316e+00 -1.2855952313e+00 -2.5454206652e+00 -2.5594696981e+00  1.1226332110e+00  8.4025655961e-02  1.1664939803e+00 -1.2533390179e+00  1.3364522910e+00 -5.4488745510e-02 -9.6914574316e-01  1.0396040597e+00  1.2064497409e+00  2.2662504443e-01 -2.6037607488e-01 -1.7379552883e+00  1.9797500142e+00  1.0752000937e+00 -1.7745373661e+00  8.3252529648e-01  9.0442485556e-01 -4.1317622576e-01  1.9531511300e+00 -2.2284440288e+00  1.1494906415e-01  1.5296810034e+00 -2.0056742097e+00  1.2046270062e+00  1.6326362203e-01 -9.4767079889e-01  1.3331352178e+00  1.5785496190e+00 -1.4964999487e+00 -1.8350497151e+00 -2.7958582009e+00  1.1234677869e-01 -1.2325333165e+00 -2.4186880370e+00 -1.2457879177e+00 -1.2223810305e-01 -2.4984144006e+00 -2.0403456328e+00 -3.7000010025e+00 -1.9669589669e+00 -3.5074083321e+00 -2.7169109390e+00 -1.8986749647e+00 -3.2696509298e+00 -4.0331838441e+00 -7.5397685350e-01 -3.6424235184e+00 -2.5953568965e+00  1.1475443090e+00 -2.2285325214e+00 -1.8329281655e+00  1.8648790237e+00 -2.1968653014e+00 -3.5482791050e+00  1.4504733174e+00
ENERGY -3.538549925190e+02

