JOB 0
COORDS  6.4697253537e+00 -2.3501564815e+00 -2.1234852436e+00  5.7456244154e+00 -1.1608896450e+00 -2.2454738677e+00  6.3358960666e+00 -3.1252557516e+00 -9.6598612159e-01  4.8897184516e+00 -7.5043675458e-01 -1.2188713856e+00  5.4821870032e+00 -2.7143114090e+00  5.8891835462e-02  4.7466332518e+00 -1.5228637063e+00 -5.6686029052e-02  3.3800882661e+00  3.4538660470e-01  1.1037290869e+00  1.7220201635e+00 -2.1703277245e+00 -6.8738268105e-01  3.8017609782e+00 -1.1225367911e+00  1.0534274168e+00  1.2581204594e+00 -1.5790015712e+00  1.8620240066e+00  2.7366590865e+00 -3.5896402244e+00  1.3200190215e+00  2.2956011210e+00 -2.2138429879e+00  1.0277696089e+00  7.1354416941e+00 -2.6688542928e+00 -2.9212457922e+00  5.8476576346e+00 -5.4916691180e-01 -3.1380812292e+00  6.8954923945e+00 -4.0509946549e+00 -8.6156458800e-01  4.3400595637e+00  1.7890234230e-01 -1.3314050260e+00  5.3629171539e+00 -3.3296344470e+00  9.4562176324e-01  4.2713647204e+00  9.7582850550e-01  1.1759096099e+00  2.7443060041e+00  5.2480429152e-01  1.9715931803e+00  2.8219862130e+00  6.5010853371e-01  2.1407139624e-01  7.9994968070e-01 -2.7548549719e+00 -6.9334852439e-01  2.4731171566e+00 -2.6226795647e+00 -1.3337329294e+00  1.5134985450e+00 -1.1384069744e+00 -9.7291211464e-01  4.2298194145e+00 -1.4139385518e+00  2.0187006944e+00
ENERGY -8.988473150664e+02

JOB 1
COORDS  6.3675997877e+00 -2.3230675825e+00 -2.1783694771e+00  5.6889654379e+00 -1.1023373508e+00 -2.2344361572e+00  6.2235299374e+00 -3.1426239298e+00 -1.0529396636e+00  4.8653525345e+00 -7.0423028642e-01 -1.1769908301e+00  5.4034588383e+00 -2.7433110134e+00  3.6431787180e-03  4.7107829722e+00 -1.5215508705e+00 -4.8058255012e-02  3.4104551533e+00  3.2497752029e-01  1.2050944422e+00  1.8908405792e+00 -2.4064446275e+00 -7.4876617916e-01  3.7900202345e+00 -1.1494739855e+00  1.0908356471e+00  1.1214807915e+00 -1.4204659580e+00  1.5779840799e+00  2.5882475329e+00 -3.5210155288e+00  1.5670688315e+00  2.2417082374e+00 -2.1975818961e+00  1.0149853754e+00  7.0067919142e+00 -2.6314820890e+00 -3.0014251833e+00  5.8008727864e+00 -4.5649151946e-01 -3.1014447192e+00  6.7494444744e+00 -4.0921158253e+00 -9.9828258996e-01  4.3485302356e+00  2.4824258070e-01 -1.2398129335e+00  5.2769126066e+00 -3.3898067696e+00  8.6782002886e-01  4.3204271051e+00  9.2688117986e-01  1.2910821723e+00  2.7884412145e+00  4.8984284968e-01  2.0855605893e+00  2.8464378938e+00  6.7657868690e-01  3.3710054685e-01  9.3760819989e-01 -2.9377989263e+00 -7.8087935113e-01  2.6800542597e+00 -2.9907056935e+00 -1.2191698786e+00  1.7907282997e+00 -1.4244889061e+00 -1.2132118671e+00  4.2157646583e+00 -1.5028842979e+00  2.0350379083e+00
ENERGY -8.988463154488e+02

JOB 2
COORDS  6.3144794235e+00 -2.2798451129e+00 -2.2093794839e+00  5.6147369091e+00 -1.0702080231e+00 -2.2577370469e+00  6.2081711297e+00 -3.0948822551e+00 -1.0767153840e+00  4.8072611219e+00 -6.8000778698e-01 -1.1855884092e+00  5.4029379215e+00 -2.7024924636e+00 -5.7684231900e-03  4.6890363659e+00 -1.4933211502e+00 -4.9213274235e-02  3.5103561588e+00  3.5228666807e-01  1.3100179003e+00  1.9799215618e+00 -2.5508472880e+00 -7.7186149940e-01  3.7839188901e+00 -1.1358602403e+00  1.1031280633e+00  1.0497656428e+00 -1.1170585899e+00  1.2343171265e+00  2.2963569765e+00 -3.2955403849e+00  1.7616963943e+00  2.1499018070e+00 -2.0625765920e+00  9.6421693930e-01  6.9414295697e+00 -2.5822168707e+00 -3.0439588653e+00  5.6974896943e+00 -4.2816334042e-01 -3.1308023385e+00  6.7523481333e+00 -4.0343242657e+00 -1.0274810909e+00  4.2709817178e+00  2.6237650712e-01 -1.2418754916e+00  5.3115215476e+00 -3.3433104341e+00  8.6793605096e-01  4.4636864729e+00  8.7776095614e-01  1.4241061786e+00  2.9072657717e+00  5.1031315990e-01  2.2052174046e+00  2.9653005306e+00  7.9310098986e-01  4.7252997583e-01  1.0021423292e+00 -3.0344614255e+00 -8.2086019227e-01  2.7721866422e+00 -3.2448111872e+00 -1.0476799755e+00  1.9946650580e+00 -1.6603333251e+00 -1.4004146186e+00  4.1757686192e+00 -1.5793310687e+00  2.0222001274e+00
ENERGY -8.988445401633e+02

JOB 3
COORDS  6.7595039374e+00 -3.2106028651e+00 -6.7929246639e-01  6.1009218636e+00 -2.5719053236e+00 -1.7354120300e+00  6.3921322474e+00 -2.9221419644e+00  6.3935102778e-01  5.0777780997e+00 -1.6566988513e+00 -1.4761094180e+00  5.3687668111e+00 -2.0068300166e+00  8.9653159150e-01  4.6971369260e+00 -1.3666463232e+00 -1.5682509023e-01  3.4073856609e+00  7.7130115894e-01 -7.8304347425e-01  2.2295958632e+00 -3.0631915411e+00 -2.2204450398e-01  3.5628103206e+00 -4.2563710663e-01  1.5315214529e-01  1.0096225454e+00 -7.8221309466e-01 -7.7315049571e-01  1.5207923956e+00 -1.3458046628e+00  1.6716901083e+00  1.9139351162e+00 -1.3434429291e+00  2.4888775885e-01  7.5553599032e+00 -3.9222805058e+00 -8.8204049163e-01  6.3842579688e+00 -2.7867328505e+00 -2.7624699537e+00  6.9025839089e+00 -3.4083131603e+00  1.4664950036e+00  4.5736778930e+00 -1.1718132808e+00 -2.3070664385e+00  5.0817688579e+00 -1.7899116522e+00  1.9230263966e+00  4.3530756192e+00  1.3214411747e+00 -8.1224674306e-01  2.6205810331e+00  1.4395259104e+00 -4.2776418734e-01  3.1404898798e+00  4.6856458111e-01 -1.7970122103e+00  1.2530123805e+00 -3.5454066347e+00 -1.4418551792e-01  2.9393597716e+00 -3.5126283822e+00  4.7110830951e-01  2.5978667681e+00 -3.1029092648e+00 -1.2465094911e+00  3.6513222208e+00 -8.4374745061e-02  1.1871130640e+00
ENERGY -8.988437212987e+02

JOB 4
COORDS  6.7424230919e+00 -3.1924070273e+00 -7.4215659705e-01  6.0234670473e+00 -2.5785789308e+00 -1.7741727737e+00  6.4337756999e+00 -2.8932391465e+00  5.8858690448e-01  5.0008408821e+00 -1.6750216176e+00 -1.4775286184e+00  5.4081250382e+00 -1.9907131944e+00  8.8307811818e-01  4.6795993265e+00 -1.3733293392e+00 -1.4419097373e-01  3.4688597488e+00  8.4326774618e-01 -6.3330266985e-01  2.2026493976e+00 -3.0723695854e+00 -5.2585186131e-02  3.5504356227e+00 -4.3760822758e-01  1.9636635445e-01  1.1964381190e+00 -8.5667483182e-01 -1.1226616769e+00  1.2330714222e+00 -1.0936960140e+00  1.4203456866e+00  1.8788790522e+00 -1.2987638198e+00  1.0889284289e-01  7.5387643608e+00 -3.8946588154e+00 -9.7380965211e-01  6.2592608770e+00 -2.8050297929e+00 -2.8107055678e+00  6.9909006220e+00 -3.3605665643e+00  1.3962647315e+00  4.4442890483e+00 -1.2111711428e+00 -2.2871043818e+00  5.1694749587e+00 -1.7637835433e+00  1.9198994250e+00  4.4212863447e+00  1.3755053741e+00 -5.5028601576e-01  2.6701991438e+00  1.4921976858e+00 -2.6633291642e-01  3.2661452734e+00  6.3378041103e-01 -1.6845847970e+00  1.2116766182e+00 -3.5303264548e+00 -2.8139527367e-02  2.8024360096e+00 -3.4108290487e+00  7.9196058122e-01  2.7014150429e+00 -3.2756466979e+00 -9.9902134780e-01  3.5965585655e+00 -1.9073937504e-01  1.2595520848e+00
ENERGY -8.988446677135e+02

JOB 5
COORDS  6.7570821156e+00 -3.1628845165e+00 -8.0786199127e-01  5.9915307052e+00 -2.5713933393e+00 -1.8196389970e+00  6.4812906328e+00 -2.8663611089e+00  5.3044851153e-01  4.9572140629e+00 -1.6904015288e+00 -1.4975156575e+00  5.4423156911e+00 -1.9882774763e+00  8.5263611960e-01  4.6712401998e+00 -1.3922086146e+00 -1.5494317731e-01  3.4968945203e+00  8.6725092522e-01 -5.1969077805e-01  2.1736000294e+00 -3.0827955036e+00  9.0569256449e-02  3.5324264628e+00 -4.7669194931e-01  2.0973212723e-01  1.4425863857e+00 -1.0206933454e+00 -1.4364376216e+00  1.0175441113e+00 -9.0928737641e-01  1.0767559719e+00  1.8785051250e+00 -1.3036107232e+00 -5.5144355916e-02  7.5626053605e+00 -3.8470389943e+00 -1.0610912417e+00  6.1999741007e+00 -2.7989783816e+00 -2.8617369785e+00  7.0733118762e+00 -3.3171820500e+00  1.3225385983e+00  4.3579574218e+00 -1.2482571994e+00 -2.2885860092e+00  5.2297422263e+00 -1.7631387039e+00  1.8956207004e+00  4.4319845404e+00  1.3987065562e+00 -3.2015041339e-01  2.6633704982e+00  1.4790212526e+00 -1.6501300688e-01  3.3850543296e+00  7.3522496826e-01 -1.5968312396e+00  1.1792826278e+00 -3.5314842363e+00  4.3859741854e-02  2.6402459039e+00 -3.2905215094e+00  1.0539805234e+00  2.7962965538e+00 -3.4267259396e+00 -7.3385663241e-01  3.5294725691e+00 -3.1228394544e-01  1.2904485037e+00
ENERGY -8.988467484684e+02

JOB 6
COORDS  6.7942760926e+00 -3.1282245258e+00 -8.7885857022e-01  6.0006605890e+00 -2.5461170470e+00 -1.8743751297e+00  6.5282255028e+00 -2.8544287025e+00  4.6607096051e-01  4.9491576203e+00 -1.6943813700e+00 -1.5299896701e+00  5.4714663862e+00 -2.0063146350e+00  8.1066048145e-01  4.6739404906e+00 -1.4174803084e+00 -1.8055379854e-01  3.5270073442e+00  8.6818842616e-01 -4.2893230370e-01  2.0963628265e+00 -3.0528385065e+00  2.4812734178e-01  3.5263926678e+00 -5.2260852889e-01  2.1270207083e-01  1.6900403971e+00 -1.2223504771e+00 -1.6490260728e+00  8.9398414299e-01 -7.3139586313e-01  7.2533458269e-01  1.8952758727e+00 -1.3097419397e+00 -1.9044065979e-01  7.6130527819e+00 -3.7894514854e+00 -1.1500005327e+00  6.1996847413e+00 -2.7587393390e+00 -2.9214778893e+00  7.1406258527e+00 -3.2997116030e+00  1.2457346275e+00  4.3228037616e+00 -1.2650488073e+00 -2.3061188408e+00  5.2666543476e+00 -1.7987469907e+00  1.8588922512e+00  4.4560365125e+00  1.3784394501e+00 -1.5947659085e-01  2.6822956480e+00  1.4614076686e+00 -6.9159418551e-02  3.4651995306e+00  8.0222386739e-01 -1.5166229818e+00  1.1086247857e+00 -3.4965205560e+00  1.0835613549e-01  2.3985266282e+00 -3.1233670229e+00  1.2941136645e+00  2.8293095387e+00 -3.5162390536e+00 -4.1079576553e-01  3.4860269031e+00 -4.2767214226e-01  1.3015502500e+00
ENERGY -8.988486058573e+02

JOB 7
COORDS  6.8368105365e+00 -3.0562777668e+00 -9.4606149892e-01  6.0398651430e+00 -2.4484277958e+00 -1.9230950203e+00  6.5399334216e+00 -2.8614542020e+00  4.0597259042e-01  4.9556890324e+00 -1.6491653946e+00 -1.5553387825e+00  5.4515409115e+00 -2.0648346600e+00  7.7414230609e-01  4.6509381098e+00 -1.4491575495e+00 -1.9902958693e-01  3.4891534038e+00  8.3217434501e-01 -3.3352429317e-01  1.9513174009e+00 -3.0191983249e+00  4.6471744691e-01  3.4847437860e+00 -5.9381215372e-01  2.3039959829e-01  1.8418860356e+00 -1.5120321896e+00 -1.7222415500e+00  8.0332061891e-01 -6.1719212896e-01  4.3447291081e-01  1.8725149448e+00 -1.3625359551e+00 -2.5539224108e-01  7.6806081743e+00 -3.6765904432e+00 -1.2367234011e+00  6.2613035962e+00 -2.6006258663e+00 -2.9761838219e+00  7.1532413898e+00 -3.3272318290e+00  1.1728573687e+00  4.3274502498e+00 -1.2044820518e+00 -2.3199017799e+00  5.2255020827e+00 -1.9169427955e+00  1.8282333747e+00  4.4095836753e+00  1.3316849660e+00 -1.8755035208e-02  2.6320950349e+00  1.3989591431e+00  3.7951287790e-02  3.4564241585e+00  8.2523042873e-01 -1.4250943536e+00  9.8756910628e-01 -3.4809020917e+00  2.4142314278e-01  2.0880769380e+00 -2.9324646401e+00  1.5438450747e+00  2.7650449194e+00 -3.5755464096e+00  2.0872865907e-04  3.4266083829e+00 -5.5721289254e-01  1.3223444537e+00
ENERGY -8.988488571843e+02

JOB 8
COORDS  6.8814989011e+00 -2.9834913623e+00 -1.0205357829e+00  6.1129046688e+00 -2.3083993829e+00 -1.9759578922e+00  6.5368213145e+00 -2.8964367686e+00  3.3108374904e-01  5.0086464682e+00 -1.5480524145e+00 -1.5880389337e+00  5.4289607242e+00 -2.1365717431e+00  7.1841797725e-01  4.6565237445e+00 -1.4527284902e+00 -2.3224771795e-01  3.4723801267e+00  8.1622751038e-01 -2.8040600333e-01  1.7956403766e+00 -2.9095318038e+00  6.9046637658e-01  3.4763290322e+00 -6.3289483826e-01  2.2495351282e-01  1.9828408261e+00 -1.8249516557e+00 -1.7169603350e+00  7.8455606910e-01 -5.0866694781e-01  1.2191584643e-01  1.8739588207e+00 -1.4040237236e+00 -3.0862903486e-01  7.7411905299e+00 -3.5730249013e+00 -1.3282426418e+00  6.3715361571e+00 -2.3793647298e+00 -3.0291395909e+00  7.1273870137e+00 -3.4152987599e+00  1.0816088233e+00  4.4045355629e+00 -1.0533658947e+00 -2.3406729644e+00  5.1670038652e+00 -2.0685964220e+00  1.7725572168e+00  4.3897143252e+00  1.3072092341e+00  5.6098981021e-02  2.6089784629e+00  1.3599341812e+00  1.0796349129e-01  3.4448253983e+00  8.5671654686e-01 -1.3717768444e+00  8.9114486912e-01 -3.4314365693e+00  3.7248536221e-01  1.7288980225e+00 -2.6388814416e+00  1.7452668019e+00  2.6785181694e+00 -3.5151914944e+00  4.8268031971e-01  3.4118471222e+00 -6.3738932023e-01  1.3173374636e+00
ENERGY -8.988474067040e+02

JOB 9
COORDS  6.9469352669e+00 -2.9362000756e+00 -1.0930776281e+00  6.1708926855e+00 -2.2281509289e+00 -2.0185719191e+00  6.5928618638e+00 -2.9250291500e+00  2.5847535452e-01  5.0505571816e+00 -1.5105651463e+00 -1.5993744123e+00  5.4684002858e+00 -2.2065964563e+00  6.7692911334e-01  4.6896177994e+00 -1.4896201642e+00 -2.4290033567e-01  3.4850007333e+00  7.6114813213e-01 -1.8222137352e-01  1.6380514561e+00 -2.7952328336e+00  8.8816024086e-01  3.4953925619e+00 -7.1199558628e-01  2.4658291163e-01  2.1196578159e+00 -2.1653105107e+00 -1.6295467475e+00  8.2666937798e-01 -4.9283950085e-01 -1.8322116919e-01  1.9008920304e+00 -1.4908227458e+00 -3.3818617506e-01  7.8190874209e+00 -3.4935444634e+00 -1.4247853882e+00  6.4357777889e+00 -2.2418316151e+00 -3.0724834855e+00  7.1888581329e+00 -3.4706493468e+00  9.8535863781e-01  4.4424431671e+00 -9.8994713870e-01 -2.3313194873e+00  5.2000778113e+00 -2.1964257497e+00  1.7317488854e+00  4.3962709790e+00  1.2385603287e+00  1.8923174387e-01  2.6130257849e+00  1.2794323307e+00  2.2020795743e-01  3.4692417142e+00  8.6104839680e-01 -1.2701030741e+00  7.5575829820e-01 -3.3463616540e+00  5.5743538509e-01  1.4624432842e+00 -2.3439409406e+00  1.8658065495e+00  2.5124543965e+00 -3.4482234569e+00  8.9335681928e-01  3.4253054110e+00 -7.7253145891e-01  1.3367818474e+00
ENERGY -8.988447908113e+02

JOB 10
COORDS  7.0444384964e+00 -2.8738020919e+00 -1.1760909325e+00  6.2408122512e+00 -2.1638159820e+00 -2.0762468745e+00  6.6970889194e+00 -2.9179644120e+00  1.7647814445e-01  5.0998851180e+00 -1.4984951116e+00 -1.6284442068e+00  5.5512764539e+00 -2.2520232506e+00  6.2287103653e-01  4.7458929223e+00 -1.5326067107e+00 -2.7075239810e-01  3.4959886747e+00  6.8501740709e-01 -1.0825796253e-01  1.4673605153e+00 -2.6563858247e+00  1.0086569240e+00  3.5312972780e+00 -8.0686673065e-01  2.4460494247e-01  2.2607275860e+00 -2.5172192404e+00 -1.5044380892e+00  9.2945176400e-01 -5.5657143450e-01 -5.3806945713e-01  1.9508193711e+00 -1.6093210600e+00 -3.8710828012e-01  7.9328037352e+00 -3.3912102958e+00 -1.5287846648e+00  6.4999449232e+00 -2.1361316899e+00 -3.1312979711e+00  7.3145829387e+00 -3.4669764230e+00  8.8256484274e-01  4.4715387907e+00 -9.7428446165e-01 -2.3414238351e+00  5.2872821304e+00 -2.2855570147e+00  1.6783172697e+00  4.3922669120e+00  1.1591460008e+00  3.0255912883e-01  2.6081009495e+00  1.1680026440e+00  3.0305229024e-01  3.4931253603e+00  8.4094104923e-01 -1.1892530143e+00  5.8880200443e-01 -3.2135192613e+00  6.7795828364e-01  1.2212949591e+00 -2.0283906488e+00  1.8663810719e+00  2.2873841631e+00 -3.3421836147e+00  1.2296822273e+00  3.4613746060e+00 -9.2356933487e-01  1.3300239634e+00
ENERGY -8.988419330717e+02

JOB 11
COORDS  7.1190551132e+00 -2.7995700864e+00 -1.2523678427e+00  6.2899286014e+00 -2.0802125762e+00 -2.1211717919e+00  6.7820948935e+00 -2.9020291028e+00  9.9783067791e-02  5.1347865194e+00 -1.4636031031e+00 -1.6410722218e+00  5.6215627501e+00 -2.2854976992e+00  5.7743366395e-01  4.7908526225e+00 -1.5572067358e+00 -2.8391280779e-01  3.4724247469e+00  6.1672463264e-01 -2.7106859207e-02  1.2808695442e+00 -2.4602838631e+00  1.0838506508e+00  3.5569044648e+00 -8.8589798182e-01  2.5665858332e-01  2.3821154142e+00 -2.8402071020e+00 -1.2945555698e+00  1.0753628970e+00 -6.8382879041e-01 -8.8148265947e-01  2.0024546048e+00 -1.7287464874e+00 -4.0740034758e-01  8.0183435116e+00 -3.2798811845e+00 -1.6289934557e+00  6.5405230784e+00 -2.0073850494e+00 -3.1761080570e+00  7.4188629227e+00 -3.4600446990e+00  7.8123374110e-01  4.4882473653e+00 -9.2759589718e-01 -2.3299015464e+00  5.3638998096e+00 -2.3684154871e+00  1.6316031301e+00  4.3574468134e+00  1.1000212215e+00  3.9772755438e-01  2.5756253812e+00  1.0560166862e+00  4.1410674796e-01  3.4481598921e+00  8.2044576185e-01 -1.0992242648e+00  3.7659534402e-01 -2.9774482591e+00  7.5740167390e-01  1.0301688878e+00 -1.6665262701e+00  1.7897429982e+00  1.9912198392e+00 -3.1713518070e+00  1.5091818877e+00  3.4967163304e+00 -1.0566076078e+00  1.3357375797e+00
ENERGY -8.988401659881e+02

JOB 12
COORDS  7.1535694320e+00 -2.7276462302e+00 -1.3258561372e+00  6.3173804682e+00 -1.9724150455e+00 -2.1559906999e+00  6.8160197989e+00 -2.9063606247e+00  1.8568764829e-02  5.1552855957e+00 -1.3949286067e+00 -1.6435901846e+00  5.6484599969e+00 -2.3309150530e+00  5.2786978335e-01  4.8114685782e+00 -1.5665380350e+00 -2.9421963996e-01  3.4129300675e+00  5.5910132491e-01  3.9010039095e-02  1.1014441738e+00 -2.2114779626e+00  1.1035737840e+00  3.5623329234e+00 -9.4512592948e-01  2.7182250555e-01  2.4564504769e+00 -3.1142202477e+00 -1.0004152165e+00  1.2522077984e+00 -8.7444356538e-01 -1.1861445480e+00  2.0443920998e+00 -1.8374046613e+00 -3.9682462989e-01  8.0586925807e+00 -3.1769956618e+00 -1.7259926333e+00  6.5683698173e+00 -1.8395083154e+00 -3.2049847600e+00  7.4582179589e+00 -3.4940500605e+00  6.6925490076e-01  4.5045145321e+00 -8.2520512877e-01 -2.3014834919e+00  5.3877300987e+00 -2.4783454433e+00  1.5739832515e+00  4.2872035553e+00  1.0670706319e+00  4.5714565658e-01  2.5129621315e+00  9.5015572183e-01  5.2039677453e-01  3.3445651291e+00  7.9213955424e-01 -1.0245771992e+00  1.7396142527e-01 -2.6785206565e+00  7.6686794510e-01  8.8502991953e-01 -1.2815102456e+00  1.6326596377e+00  1.6738813518e+00 -2.9045008102e+00  1.7221793294e+00  3.5234636666e+00 -1.1567951469e+00  1.3452007711e+00
ENERGY -8.988404592256e+02

JOB 13
COORDS  7.1862333028e+00 -2.6677215467e+00 -1.3962894705e+00  6.3434232791e+00 -1.8763558506e+00 -2.1843774641e+00  6.8541347454e+00 -2.9172150071e+00 -6.1439130511e-02  5.1801317939e+00 -1.3306421376e+00 -1.6391192616e+00  5.6855088312e+00 -2.3756994262e+00  4.8017480850e-01  4.8432063730e+00 -1.5731253547e+00 -2.9888842761e-01  3.3797046338e+00  5.0531004338e-01  8.9839092442e-02  9.7481652288e-01 -1.9632229780e+00  1.0513371404e+00  3.5865275511e+00 -9.9483820195e-01  2.9894045102e-01  2.5138362634e+00 -3.3176532453e+00 -6.5046916798e-01  1.4804839038e+00 -1.1175607949e+00 -1.4180129094e+00  2.1091494995e+00 -1.9337429336e+00 -3.6096909553e-01  8.0925061525e+00 -3.0909833673e+00 -1.8215158457e+00  6.5901378553e+00 -1.6887427805e+00 -3.2260311855e+00  7.5008019391e+00 -3.5353793298e+00  5.5569732900e-01  4.5235354735e+00 -7.3182402041e-01 -2.2642360310e+00  5.4251938979e+00 -2.5829765258e+00  1.5158374818e+00  4.2426220898e+00  1.0420409256e+00  4.9499554343e-01  2.4797792436e+00  8.6102403877e-01  6.0011099239e-01  3.2757953543e+00  7.4614316415e-01 -9.6884026534e-01  4.9817658111e-02 -2.4108155307e+00  6.8300803655e-01  7.8921621529e-01 -9.4156526537e-01  1.3873492650e+00  1.4061810838e+00 -2.5764463202e+00  1.8438595544e+00  3.5728427797e+00 -1.2287642795e+00  1.3687654398e+00
ENERGY -8.988422854881e+02

JOB 14
COORDS  7.2186516301e+00 -2.6303282234e+00 -1.4679870294e+00  6.3464924064e+00 -1.8210735911e+00 -2.2037207486e+00  6.9136291390e+00 -2.9516629248e+00 -1.4176727861e-01  5.1805710639e+00 -1.3273071358e+00 -1.6150205208e+00  5.7436732861e+00 -2.4624066151e+00  4.4392618542e-01  4.8730530208e+00 -1.6397283234e+00 -2.8204947429e-01  3.3347317730e+00  3.6805386291e-01  1.6686881548e-01  8.8995314087e-01 -1.8887835562e+00  9.6968439295e-01  3.6120578538e+00 -1.1228620605e+00  3.6493683450e-01  2.5706289376e+00 -3.5501015055e+00 -2.4662735723e-01  1.7167668096e+00 -1.5147836359e+00 -1.5313180795e+00  2.1850340619e+00 -2.1307023476e+00 -2.7486656041e-01  8.1264909978e+00 -3.0127935714e+00 -1.9272392346e+00  6.5715660689e+00 -1.5784402889e+00 -3.2389135654e+00  7.5819027495e+00 -3.5866814729e+00  4.3377594209e-01  4.4995071874e+00 -7.1748592155e-01 -2.2009063937e+00  5.5012479769e+00 -2.7287764522e+00  1.4699805140e+00  4.2020587304e+00  9.4006830771e-01  5.0880624312e-01  2.4633357497e+00  6.9624050430e-01  7.4119671721e-01  3.1517133316e+00  5.9897744189e-01 -8.8364539085e-01  3.2739320896e-02 -2.4647459647e+00  6.1577520935e-01  6.3149101579e-01 -8.3115051940e-01  1.0308958291e+00  1.2361626479e+00 -2.2776756187e+00  1.9284789222e+00  3.6371772716e+00 -1.3686495447e+00  1.4315639472e+00
ENERGY -8.988441048611e+02

JOB 15
COORDS  7.2007362351e+00 -2.5555500276e+00 -1.5293461483e+00  6.3263312044e+00 -1.6951464597e+00 -2.2012499302e+00  6.9049903105e+00 -2.9647651038e+00 -2.2523230454e-01  5.1669369772e+00 -1.2375154736e+00 -1.5713218764e+00  5.7436762548e+00 -2.5096349033e+00  4.0298288735e-01  4.8713054342e+00 -1.6344925488e+00 -2.5848888558e-01  3.2824747878e+00  3.1789190093e-01  2.4249792815e-01  8.0938361918e-01 -1.7275867108e+00  8.6470351905e-01  3.6186992606e+00 -1.1621820757e+00  4.3947065619e-01  2.5393907972e+00 -3.6220115819e+00  1.9634400730e-01  1.9168807706e+00 -1.8547424700e+00 -1.5494725674e+00  2.2221966111e+00 -2.2280947250e+00 -1.5592277958e-01  8.1029001137e+00 -2.9100026657e+00 -2.0211990300e+00  6.5435053519e+00 -1.3846813122e+00 -3.2198848768e+00  7.5739171584e+00 -3.6414161927e+00  2.9986236768e-01  4.4834939199e+00 -5.9040068053e-01 -2.1113492310e+00  5.5058199410e+00 -2.8448351695e+00  1.4093626612e+00  4.1604915747e+00  9.1999773266e-01  4.9242493284e-01  2.4610006389e+00  6.3433143268e-01  8.9127380844e-01  3.0020561848e+00  5.2757340707e-01 -7.9177518927e-01  1.4806717035e-02 -2.4360602153e+00  6.2250850251e-01  5.0475851372e-01 -7.1448798977e-01  6.0305574715e-01  1.0771158495e+00 -1.8122665795e+00  1.9194008659e+00  3.6873144046e+00 -1.4043044891e+00  1.5042200311e+00
ENERGY -8.988448717626e+02

JOB 16
COORDS  7.1755059653e+00 -2.5245858158e+00 -1.6041277043e+00  6.2542774723e+00 -1.6807967983e+00 -2.2339286498e+00  6.9368744704e+00 -2.9578771745e+00 -2.9649678475e-01  5.1046758757e+00 -1.2645315207e+00 -1.5600272820e+00  5.7856388646e+00 -2.5421355547e+00  3.7691344831e-01  4.8659831762e+00 -1.6842140713e+00 -2.4262424805e-01  3.2613590402e+00  2.2057694740e-01  3.3782346642e-01  7.5288144746e-01 -1.6344014457e+00  7.0779696728e-01  3.6295913998e+00 -1.2565853427e+00  5.1106510484e-01  2.4314234376e+00 -3.6698468205e+00  5.8340021109e-01  2.0920018084e+00 -2.2206327866e+00 -1.5085438323e+00  2.2367982878e+00 -2.3530099902e+00 -4.8390520091e-02  8.0693854423e+00 -2.8472105666e+00 -2.1317292477e+00  6.4270343367e+00 -1.3527638723e+00 -3.2555423560e+00  7.6420332565e+00 -3.6213696317e+00  1.9702714862e-01  4.3850550945e+00 -6.3272283979e-01 -2.0697453980e+00  5.5930231277e+00 -2.8938410592e+00  1.3873173820e+00  4.1441346436e+00  8.3253764104e-01  5.4291270393e-01  2.4722552645e+00  5.2564428097e-01  1.0297843029e+00  2.9300167299e+00  4.3604174132e-01 -6.8096182470e-01 -4.1797707599e-02 -2.3564140602e+00  5.0962563170e-01  5.2071938213e-01 -6.7765707068e-01  2.4109055490e-01  9.0647231770e-01 -1.5356621005e+00  1.7839847511e+00  3.7364985793e+00 -1.5078310465e+00  1.5693931895e+00
ENERGY -8.988440363186e+02

JOB 17
COORDS  7.1607363118e+00 -2.4691723733e+00 -1.6626504333e+00  6.1946508795e+00 -1.6470605287e+00 -2.2534015456e+00  6.9813422369e+00 -2.9153777885e+00 -3.5031501728e-01  5.0594831682e+00 -1.2665290958e+00 -1.5365048576e+00  5.8443710896e+00 -2.5334056177e+00  3.6675707182e-01  4.8794686965e+00 -1.6980751328e+00 -2.1374359212e-01  3.2927706555e+00  1.7610413259e-01  4.6544808718e-01  7.3839374490e-01 -1.5179040775e+00  5.1446343326e-01  3.6657523171e+00 -1.3053550183e+00  5.9279596414e-01  2.2909201887e+00 -3.5989827792e+00  9.5394980601e-01  2.2613953177e+00 -2.5460007762e+00 -1.3918317611e+00  2.2528564825e+00 -2.4155596097e+00  7.4793541857e-02  8.0429945493e+00 -2.7648539658e+00 -2.2244686599e+00  6.3211392880e+00 -1.3097674937e+00 -3.2787651445e+00  7.7215671995e+00 -3.5615982032e+00  1.1390472259e-01  4.3053191751e+00 -6.5334558480e-01 -2.0185564354e+00  5.7000490228e+00 -2.8923980723e+00  1.3828181534e+00  4.1779357586e+00  7.7888087635e-01  6.8733016551e-01  2.5062370194e+00  4.6198537377e-01  1.1678587448e+00  2.9634267617e+00  4.2940182147e-01 -5.4546660311e-01 -6.8161961843e-02 -2.2204839555e+00  2.9502610602e-01  6.3613628152e-01 -6.2252125039e-01 -9.7770040639e-02  7.4845858962e-01 -1.2842330105e+00  1.5802226265e+00  3.8092790676e+00 -1.5743834841e+00  1.6413259570e+00
ENERGY -8.988416402641e+02

JOB 18
COORDS  7.1157549683e+00 -2.4243083483e+00 -1.7361666102e+00  6.0914586193e+00 -1.6494885261e+00 -2.2926174082e+00  7.0117378796e+00 -2.8614807403e+00 -4.1307018505e-01  4.9742842508e+00 -1.3083339420e+00 -1.5302131258e+00  5.8911921283e+00 -2.5185566723e+00  3.4902829643e-01  4.8678997185e+00 -1.7315824539e+00 -1.9685912427e-01  3.3175439807e+00  1.1684534448e-01  6.0949491304e-01  7.4032762302e-01 -1.4501370936e+00  2.6861254305e-01  3.6803435426e+00 -1.3715145789e+00  6.5939440312e-01  2.0990757170e+00 -3.4752469125e+00  1.2672896187e+00  2.3775116306e+00 -2.8910133319e+00 -1.2192764390e+00  2.2329027604e+00 -2.4795683401e+00  1.8673810739e-01  7.9842865553e+00 -2.6904423470e+00 -2.3330075626e+00  6.1592956399e+00 -1.3198677245e+00 -3.3259962055e+00  7.7979372291e+00 -3.4703692639e+00  2.5324680321e-02  4.1748654671e+00 -7.3234408519e-01 -1.9858935330e+00  5.8083419586e+00 -2.8688382244e+00  1.3751604511e+00  4.2034538373e+00  6.9484767813e-01  8.8792941376e-01  2.5178916659e+00  3.6941002768e-01  1.3099745819e+00  3.0180150212e+00  4.3692526618e-01 -3.9150071027e-01 -6.9653934655e-02 -2.1349049619e+00  9.0474803609e-03  7.9536473059e-01 -6.4144476504e-01 -4.5978120251e-01  6.0206069291e-01 -1.0761356281e+00  1.2834336936e+00  3.8583001288e+00 -1.6755198061e+00  1.6925720443e+00
ENERGY -8.988389827658e+02

JOB 19
COORDS  7.0444846354e+00 -2.3846182054e+00 -1.7897995408e+00  6.0077272109e+00 -1.5929741992e+00 -2.2972171858e+00  6.9833391612e+00 -2.8434922130e+00 -4.7131027528e-01  4.9209128079e+00 -1.2591868626e+00 -1.4890666184e+00  5.8921829756e+00 -2.5079845795e+00  3.3522916985e-01  4.8554320811e+00 -1.7072300520e+00 -1.6147588056e-01  3.3092301358e+00  1.2023172937e-01  7.3651526106e-01  8.0357236968e-01 -1.4365632748e+00  5.8806881353e-03  3.6943882603e+00 -1.3620634898e+00  7.3300364108e-01  1.9410291429e+00 -3.2209389714e+00  1.5994057872e+00  2.5104414329e+00 -3.2324596937e+00 -8.9723469338e-01  2.2359056876e+00 -2.4969757302e+00  3.4767667729e-01  7.8901078816e+00 -2.6459897468e+00 -2.4205793741e+00  6.0435261127e+00 -1.2436183420e+00 -3.3257332785e+00  7.7805548425e+00 -3.4643174345e+00 -7.1244334428e-02  4.1138382534e+00 -6.6211698812e-01 -1.9046214915e+00  5.8431894369e+00 -2.8755837892e+00  1.3575714685e+00  4.1899421016e+00  7.0170310540e-01  1.0240231559e+00  2.5171779858e+00  3.3183361961e-01  1.4594931054e+00  2.9887079278e+00  4.7393693103e-01 -2.4615961220e-01  1.4108129031e-03 -2.1397364821e+00 -2.2726159860e-01  1.0056172613e+00 -8.0163990446e-01 -8.5706558686e-01  5.4576356677e-01 -8.5294404782e-01  8.8922041036e-01  3.9143100228e+00 -1.6751694062e+00  1.7560084378e+00
ENERGY -8.988377320781e+02

JOB 20
COORDS  6.9326856306e+00 -2.4002728548e+00 -1.8862128186e+00  6.0310558030e+00 -1.4007545726e+00 -2.2640462521e+00  6.7937469894e+00 -3.0227909460e+00 -6.4127226915e-01  4.9977943401e+00 -1.0259940712e+00 -1.4015809146e+00  5.7603193861e+00 -2.6461500981e+00  2.1767258474e-01  4.8534648966e+00 -1.6419635044e+00 -1.5034056327e-01  3.2581069869e+00  1.7393914161e-01  7.6955668393e-01  9.4473634393e-01 -1.5973374399e+00 -1.7383766659e-01  3.7364617274e+00 -1.2776549673e+00  7.8987842765e-01  1.8972558898e+00 -2.8349674327e+00  1.9925371941e+00  2.6963872720e+00 -3.5648182994e+00 -3.1576397882e-01  2.3073238250e+00 -2.4940026539e+00  6.1639432552e-01  7.7365474497e+00 -2.6925539864e+00 -2.5567571338e+00  6.1319272878e+00 -9.1351865093e-01 -3.2303821599e+00  7.4874601063e+00 -3.8037640356e+00 -3.4166644658e-01  4.3062977560e+00 -2.4768358436e-01 -1.7125646557e+00  5.6480841858e+00 -3.1436043523e+00  1.1779785129e+00  4.1112134763e+00  8.2719138484e-01  9.7422270138e-01  2.5073824340e+00  3.4833970988e-01  1.5451656735e+00  2.8361873185e+00  4.7079434867e-01 -1.9317151054e-01  1.6228140999e-01 -2.3478583178e+00 -3.0261918516e-01  1.2724095194e+00 -1.2300836982e+00 -1.1474588046e+00  5.9468367683e-01 -7.9095058830e-01  4.6965814699e-01  4.0370844752e+00 -1.5260091092e+00  1.8119370238e+00
ENERGY -8.988389885133e+02

JOB 21
COORDS  6.8137728543e+00 -2.3995901369e+00 -1.9404427087e+00  5.9504916683e+00 -1.3452487728e+00 -2.2508984633e+00  6.6903346179e+00 -3.0561293273e+00 -7.1088300177e-01  4.9696849123e+00 -9.4945812339e-01 -1.3367674115e+00  5.7097443536e+00 -2.6598399443e+00  1.9865573911e-01  4.8398508444e+00 -1.6006981438e+00 -1.0135761342e-01  3.2828815134e+00  2.3224116145e-01  8.7380958462e-01  1.1227645066e+00 -1.6889238702e+00 -2.8615357165e-01  3.7760344618e+00 -1.2140630063e+00  8.9183386843e-01  1.7751445071e+00 -2.4317838813e+00  2.2065540216e+00  2.7875770311e+00 -3.6739763236e+00  2.2948929707e-01  2.3383131780e+00 -2.4134219772e+00  8.4306038809e-01  7.5772642307e+00 -2.7074057152e+00 -2.6500922513e+00  6.0414319680e+00 -8.2871960100e-01 -3.2029240646e+00  7.3546405635e+00 -3.8797217356e+00 -4.6327487279e-01  4.3133985046e+00 -1.2256715774e-01 -1.5931395935e+00  5.6057460719e+00 -3.1866673226e+00  1.1433327041e+00  4.1295454608e+00  8.9912034758e-01  1.0603997976e+00  2.5421059737e+00  3.9460699108e-01  1.6612807375e+00  2.8398137540e+00  5.1763424194e-01 -8.2812793855e-02  3.4577418997e-01 -2.4487647812e+00 -3.8977475117e-01  1.6022101619e+00 -1.5110647690e+00 -1.2504114375e+00  7.0886797433e-01 -7.7515714627e-01  1.3887898706e-01  4.1348364232e+00 -1.4401210549e+00  1.9016113093e+00
ENERGY -8.988420073795e+02

JOB 22
COORDS  6.6921481770e+00 -2.3904390277e+00 -1.9920087789e+00  5.8474655010e+00 -1.3070548572e+00 -2.2483041350e+00  6.5909899258e+00 -3.0730652365e+00 -7.7448781119e-01  4.9076361591e+00 -9.0934771849e-01 -1.2924734533e+00  5.6514537111e+00 -2.6755705200e+00  1.7699436212e-01  4.7994502440e+00 -1.5877621688e+00 -6.9212754322e-02  3.3031790103e+00  2.5713526086e-01  9.7932668437e-01  1.3081326377e+00 -1.8105657510e+00 -4.6061286800e-01  3.7763273720e+00 -1.1961921310e+00  9.6648843777e-01  1.5737293681e+00 -2.1230454655e+00  2.1905207882e+00  2.8013005276e+00 -3.7086876604e+00  6.2246315732e-01  2.3182584201e+00 -2.3538826881e+00  9.3822446909e-01  7.4243312124e+00 -2.6998361316e+00 -2.7332567364e+00  5.9214936674e+00 -7.6817970133e-01 -3.1893547649e+00  7.2415313265e+00 -3.9187594983e+00 -5.6828371900e-01  4.2677931235e+00 -5.7957229131e-02 -1.5061480142e+00  5.5625188767e+00 -3.2238225427e+00  1.1103249369e+00  4.1626123371e+00  9.1281106692e-01  1.1462257106e+00  2.5849369156e+00  4.1425304429e-01  1.7874072258e+00  2.8354023158e+00  5.5703249073e-01  3.8600530018e-02  5.2195007369e-01 -2.5617433695e+00 -5.5735116125e-01  1.9314404677e+00 -1.8003262778e+00 -1.3563513446e+00  8.7598938726e-01 -8.3217984845e-01 -2.5168892137e-01  4.1629870104e+00 -1.4438056946e+00  1.9616124219e+00
ENERGY -8.988449606322e+02

JOB 23
COORDS  6.5401584489e+00 -2.4047155991e+00 -2.0658422663e+00  5.7604668307e+00 -1.2621970501e+00 -2.2660878654e+00  6.4205266212e+00 -3.1213366493e+00 -8.6985753045e-01  4.8666095474e+00 -8.4059784077e-01 -1.2770484509e+00  5.5274576056e+00 -2.6998767353e+00  1.1619062527e-01  4.7389689507e+00 -1.5539208628e+00 -7.5407207501e-02  3.3403548682e+00  3.3620419474e-01  1.0199201540e+00  1.4720827234e+00 -1.9237619688e+00 -6.0810204983e-01  3.7636616054e+00 -1.1321546822e+00  9.9760331163e-01  1.3675462313e+00 -1.7531041281e+00  2.0589225863e+00  2.7217848729e+00 -3.6295234694e+00  9.9104952596e-01  2.2637309578e+00 -2.2292387162e+00  9.8877610658e-01  7.2368585436e+00 -2.7324318814e+00 -2.8329623855e+00  5.8497057462e+00 -6.9547880133e-01 -3.1892884696e+00  7.0218104132e+00 -4.0115531564e+00 -7.0572349222e-01  4.2763742188e+00  5.4651691933e-02 -1.4484172570e+00  5.4226429674e+00 -3.2729307646e+00  1.0324214099e+00  4.2280450992e+00  9.6590610471e-01  1.1302742880e+00  2.6691646288e+00  5.2129515868e-01  1.8604265794e+00  2.8284768784e+00  6.3995158570e-01  1.0296038535e-01  6.3383727641e-01 -2.6216254808e+00 -6.5245143407e-01  2.1880117844e+00 -2.1372968481e+00 -1.4024381710e+00  1.1119700059e+00 -8.9557084381e-01 -6.5077464082e-01  4.1711473887e+00 -1.4000042893e+00  1.9791294629e+00
ENERGY -8.988468153739e+02

