JOB 0
COORDS -6.8531750661e-01 -7.2284434027e-01  7.8773623020e+00  6.0060463646e+00 -1.2824595240e+00  7.8827978833e-01 -1.2491385318e+00 -8.8493992361e-01  6.6066430767e+00  6.6494799668e-01 -1.0141429029e+00  8.0901931643e+00  6.2950241313e+00 -2.4975626259e+00  1.4203379943e+00  5.3625554405e+00 -2.5206274826e-01  1.4829784628e+00 -4.6574421229e-01 -1.3394446928e+00  5.5452968991e+00  1.4668868115e+00 -1.4697774178e+00  7.0396490452e+00  5.9426064618e+00 -2.6920971284e+00  2.7563874819e+00  4.9903377754e+00 -4.3100476806e-01  2.8155843759e+00  8.8188635564e-01 -1.6334598311e+00  5.7835203574e+00  5.2894970224e+00 -1.6517543051e+00  3.4258442685e+00  3.2931916978e+00 -2.8232393973e+00  5.1355975984e+00  1.1591814217e+00 -3.2105722568e+00  3.6497545155e+00  2.2070869698e+00 -9.0300023814e-01  3.5928667948e+00  5.7757235941e+00 -2.8223255311e+00  5.7441650838e+00  4.4167279074e+00 -6.5251487173e-01  5.7515897155e+00  3.5370319534e+00 -4.0527295376e+00  4.4916711799e+00  1.8170533227e+00 -2.1038442073e+00  4.3288341095e+00  4.8340963327e+00 -1.9021937047e+00  5.1245308517e+00 -1.2997622296e+00 -3.6986743666e-01  8.7010466813e+00  6.2863973813e+00 -1.1374031901e+00 -2.5156735977e-01 -2.2983582555e+00 -6.5928181920e-01  6.4393283323e+00  1.1034340530e+00 -8.8742299538e-01  9.0757723908e+00  6.7990083253e+00 -3.2911211758e+00  8.7649167905e-01  5.1432200941e+00  6.8875684725e-01  9.8675125657e-01 -8.9758828462e-01 -1.4778369935e+00  4.5587042024e+00  2.5140261178e+00 -1.6875450720e+00  7.2029030973e+00  6.1723486563e+00 -3.6182636964e+00  3.2721854684e+00  4.4789681606e+00  3.4592113958e-01  3.3714136559e+00
ENERGY -1.715070633031e+03

JOB 1
COORDS -7.9770089751e-01 -8.1757618624e-01  7.9111906619e+00  5.9785758225e+00 -1.3201931377e+00  8.0516361130e-01 -1.3656430075e+00 -1.1671029751e+00  6.6818274737e+00  5.9163362909e-01 -8.3644097218e-01  8.0777659028e+00  6.1639860997e+00 -2.5761619094e+00  1.3945559180e+00  5.4590445347e+00 -2.5475874937e-01  1.5491305102e+00 -5.4983792866e-01 -1.5449101704e+00  5.6127895394e+00  1.4255914025e+00 -1.2058907827e+00  7.0205971795e+00  5.8313029874e+00 -2.7751853579e+00  2.7351951027e+00  5.1081330651e+00 -4.3701977056e-01  2.8871887167e+00  8.3338284307e-01 -1.5747207675e+00  5.8103311318e+00  5.3026792818e+00 -1.6984887266e+00  3.4551765857e+00  3.2449939725e+00 -2.7361264330e+00  5.1791416202e+00  1.1841674102e+00 -2.8935437323e+00  3.5202303383e+00  2.3190735197e+00 -6.3757754817e-01  3.8117965731e+00  5.7305140919e+00 -2.9845119379e+00  5.7238307766e+00  4.5863129386e+00 -6.9759520195e-01  5.8334882923e+00  3.3769100817e+00 -3.9946185949e+00  4.5579126990e+00  1.8326450707e+00 -1.8999134083e+00  4.3631379647e+00  4.8657854331e+00 -1.9603548212e+00  5.1579622161e+00 -1.4378882041e+00 -5.2836514579e-01  8.7401728254e+00  6.2423099750e+00 -1.1710218815e+00 -2.3845819024e-01 -2.4437756568e+00 -1.1480467317e+00  6.5515097154e+00  1.0316514960e+00 -5.6061938675e-01  9.0316852156e+00  6.5716076086e+00 -3.3985164470e+00  8.1391969547e-01  5.3193537727e+00  7.1785620718e-01  1.0865198756e+00 -9.7689437985e-01 -1.8331635940e+00  4.6572779612e+00  2.5032717733e+00 -1.2049127681e+00  7.1382926841e+00  5.9826218955e+00 -3.7351071766e+00  3.2171006435e+00  4.6906758647e+00  3.6853246143e-01  3.4794458707e+00
ENERGY -1.715072327020e+03

JOB 2
COORDS -8.1276693179e-01 -8.9808785369e-01  7.9222913104e+00  5.9970995269e+00 -1.3293110625e+00  8.3326673235e-01 -1.3959376258e+00 -1.4329697375e+00  6.7697423927e+00  5.7172800454e-01 -6.9690687715e-01  7.9891622052e+00  6.1127827876e+00 -2.6212635421e+00  1.3592726972e+00  5.5138546447e+00 -2.7909342365e-01  1.6219425868e+00 -5.9763525191e-01 -1.7777947280e+00  5.6752776712e+00  1.3849696070e+00 -1.0271018424e+00  6.9045541086e+00  5.7461716545e+00 -2.8731606410e+00  2.6820526091e+00  5.1301277859e+00 -5.1321758239e-01  2.9427889681e+00  7.8089592149e-01 -1.5803330578e+00  5.7718957552e+00  5.2549562181e+00 -1.8101132637e+00  3.4471461522e+00  3.1233869168e+00 -2.8398295475e+00  5.0846243434e+00  1.0594708539e+00 -2.8047461588e+00  3.4220743090e+00  2.3150816342e+00 -6.2461912752e-01  3.8200341906e+00  5.5875413477e+00 -3.2227309062e+00  5.6556993098e+00  4.5466611306e+00 -8.9358187865e-01  5.8590586594e+00  3.2139257713e+00 -4.0543516826e+00  4.3730035723e+00  1.7567691895e+00 -1.8833420730e+00  4.3068156334e+00  4.7764649500e+00 -2.1361955367e+00  5.1280772564e+00 -1.4378051412e+00 -6.3563121274e-01  8.7715268107e+00  6.2873360457e+00 -1.1399019507e+00 -1.9669699870e-01 -2.4703354117e+00 -1.5840356568e+00  6.7186936126e+00  1.0205973534e+00 -2.7848440483e-01  8.8853500167e+00  6.4927847021e+00 -3.4310656549e+00  7.4334172945e-01  5.4284227299e+00  7.2138821534e-01  1.2080402468e+00 -1.0282014450e+00 -2.2058304076e+00  4.7757116886e+00  2.4571737424e+00 -8.6100600732e-01  6.9393808015e+00  5.8442229498e+00 -3.8623562908e+00  3.1161857597e+00  4.7397155003e+00  2.7980935273e-01  3.5693863488e+00
ENERGY -1.715074271988e+03

JOB 3
COORDS -7.6255795857e-01 -8.4082806508e-01  7.9649341786e+00  6.0974060535e+00 -1.2269707666e+00  8.9027325273e-01 -1.3377196862e+00 -1.5348006791e+00  6.8960307533e+00  5.7735698330e-01 -4.3620416781e-01  7.9116088047e+00  6.1705453831e+00 -2.5366756999e+00  1.3785732882e+00  5.5961786089e+00 -1.9533543863e-01  1.6921499225e+00 -5.7400476156e-01 -1.8358594433e+00  5.7648108471e+00  1.3548161340e+00 -7.1851022696e-01  6.7880630647e+00  5.7418391665e+00 -2.8244466823e+00  2.6750766524e+00  5.1521773970e+00 -4.6486614996e-01  2.9871678075e+00  7.6045836678e-01 -1.4271397679e+00  5.7398033114e+00  5.2339844283e+00 -1.7792118745e+00  3.4538677698e+00  3.0112072012e+00 -2.7998879536e+00  4.9642783480e+00  9.3593540132e-01 -2.5844523286e+00  3.3487209013e+00  2.3086423988e+00 -4.8153020583e-01  3.7920695461e+00  5.4382982652e+00 -3.2819828285e+00  5.6180188511e+00  4.4725928518e+00 -9.2646647747e-01  5.8721308455e+00  3.0968126537e+00 -3.9339493201e+00  4.1269719509e+00  1.6922498362e+00 -1.7248970140e+00  4.2470525278e+00  4.6824074557e+00 -2.1502057522e+00  5.1036029998e+00 -1.3598432612e+00 -6.1320092479e-01  8.8437175351e+00  6.4351831510e+00 -1.0092068625e+00 -1.1940427839e-01 -2.3783051735e+00 -1.8431603547e+00  6.9390824427e+00  1.0188859904e+00  1.0247080566e-01  8.7450148930e+00  6.5650983771e+00 -3.3326090613e+00  7.5374752075e-01  5.5443970492e+00  8.1934422908e-01  1.3083600873e+00 -9.9474201146e-01 -2.3793362422e+00  4.9251507849e+00  2.3937331010e+00 -4.0987828183e-01  6.7310875650e+00  5.8050728307e+00 -3.8285539517e+00  3.0802966090e+00  4.7495973678e+00  3.1514174368e-01  3.6221727406e+00
ENERGY -1.715075788601e+03

JOB 4
COORDS -6.5271333548e-01 -8.4221603005e-01  8.0063786632e+00  6.2004323032e+00 -1.2035539784e+00  9.8241857255e-01 -1.1961892972e+00 -1.7046006246e+00  7.0483110328e+00  5.9817439454e-01 -2.4801788263e-01  7.8002666289e+00  6.2194877471e+00 -2.5346263527e+00  1.4149686936e+00  5.6876794802e+00 -1.9418208789e-01  1.8049228003e+00 -4.8832065507e-01 -1.9851660188e+00  5.8772371046e+00  1.3178425333e+00 -5.0917674181e-01  6.6334303290e+00  5.7240626745e+00 -2.8666471945e+00  2.6764968431e+00  5.1771900299e+00 -5.0724756532e-01  3.0651434990e+00  7.5872640688e-01 -1.3826797161e+00  5.6969034863e+00  5.2057183127e+00 -1.8422887235e+00  3.4760321218e+00  2.8929470254e+00 -2.8698274248e+00  4.8282387307e+00  8.0413336656e-01 -2.5093427232e+00  3.2865712034e+00  2.2882890182e+00 -4.7829635826e-01  3.7165167481e+00  5.2740340252e+00 -3.4387096659e+00  5.5802468226e+00  4.3536231366e+00 -1.0728746531e+00  5.8933377609e+00  2.9960934782e+00 -3.9129790403e+00  3.8792960170e+00  1.6262663489e+00 -1.6979193108e+00  4.1718757084e+00  4.5691935611e+00 -2.2677103333e+00  5.0819451877e+00 -1.2064090173e+00 -6.3091171788e-01  8.9172242420e+00  6.5898691837e+00 -9.5161045785e-01 -3.4615587435e-04 -2.1696105137e+00 -2.1586855385e+00  7.2094984275e+00  1.0154963274e+00  4.2033801856e-01  8.5477658779e+00  6.6232032388e+00 -3.3129293809e+00  7.7397519137e-01  5.6785983229e+00  8.3698605748e-01  1.4641224374e+00 -8.8761268870e-01 -2.6501310561e+00  5.1185220587e+00  2.2902753034e+00 -6.2800042087e-02  6.4589635649e+00  5.7436086382e+00 -3.8885415471e+00  3.0394722979e+00  4.7649950247e+00  2.5536597948e-01  3.7148481474e+00
ENERGY -1.715076854214e+03

JOB 5
COORDS -4.7998710949e-01 -7.7160406524e-01  8.0428876671e+00  6.3002277544e+00 -1.0924042905e+00  1.1413803175e+00 -9.7247228591e-01 -1.8080221242e+00  7.2410744316e+00  6.2627197849e-01 -1.9104027272e-02  7.6331437358e+00  6.2842894857e+00 -2.4484966210e+00  1.4879314366e+00  5.7330596923e+00 -1.3411782511e-01  1.9886904791e+00 -3.5702633665e-01 -2.1034606976e+00  6.0237997951e+00  1.2537379935e+00 -2.9887045456e-01  6.4181372947e+00  5.6987652215e+00 -2.8560176666e+00  2.6871041153e+00  5.1339391445e+00 -5.2349171353e-01  3.1871319720e+00  7.5039646703e-01 -1.3427093703e+00  5.6387787879e+00  5.1280741746e+00 -1.8819536382e+00  3.5131222656e+00  2.7209041112e+00 -2.9556216016e+00  4.6418218814e+00  5.9436042028e-01 -2.4682842488e+00  3.2306925806e+00  2.1978906024e+00 -5.1268631794e-01  3.5667989930e+00  5.0434529711e+00 -3.6140352551e+00  5.5056198548e+00  4.1304879368e+00 -1.2586406551e+00  5.9160023443e+00  2.8684240284e+00 -3.8743752933e+00  3.5748086946e+00  1.5039550411e+00 -1.6976368141e+00  4.0656445945e+00  4.3842173006e+00 -2.4021425435e+00  5.0436723524e+00 -9.6253892356e-01 -5.4813675472e-01  8.9905644415e+00  6.7596819810e+00 -7.8104803528e-01  2.0707680839e-01 -1.8357247844e+00 -2.3843422226e+00  7.5608524075e+00  1.0033603939e+00  7.8448820795e-01  8.2589176956e+00  6.7303694186e+00 -3.1874460678e+00  8.2869632192e-01  5.7513032153e+00  9.1678891218e-01  1.7151832638e+00 -7.2469774773e-01 -2.8969376181e+00  5.3814594248e+00  2.1138520153e+00  2.6825016108e-01  6.0833741478e+00  5.6888438334e+00 -3.8991809709e+00  2.9839399199e+00  4.6812578221e+00  2.0025093686e-01  3.8540308612e+00
ENERGY -1.715077685528e+03

JOB 6
COORDS -3.1478530137e-01 -7.2764022417e-01  8.0545071353e+00  6.3591089508e+00 -1.0407122131e+00  1.3125755670e+00 -7.0402664162e-01 -1.9005737851e+00  7.3959266288e+00  6.0269713928e-01  1.4901927077e-01  7.4656487641e+00  6.2961415516e+00 -2.4143301410e+00  1.5745352368e+00  5.7644025041e+00 -1.2165069975e-01  2.1840258930e+00 -1.7690909571e-01 -2.2044630762e+00  6.1406766872e+00  1.1441353686e+00 -1.4144094653e-01  6.2124293613e+00  5.6359860578e+00 -2.8792091255e+00  2.7125148311e+00  5.0908258325e+00 -5.6836318030e-01  3.3212952442e+00  7.3902667795e-01 -1.3141137494e+00  5.5733689688e+00  5.0395613296e+00 -1.9431804142e+00  3.5638047804e+00  2.5519208573e+00 -3.0229384437e+00  4.4928615667e+00  4.2057507559e-01 -2.4170371502e+00  3.1651101735e+00  2.1271940037e+00 -5.4323637820e-01  3.4390310636e+00  4.8106665987e+00 -3.7849101042e+00  5.4442191630e+00  3.9212042329e+00 -1.4349133365e+00  5.9387878411e+00  2.7351899852e+00 -3.8508772594e+00  3.3581273820e+00  1.3977642827e+00 -1.6945577746e+00  3.9664604057e+00  4.2021884353e+00 -2.5336733806e+00  5.0186592816e+00 -7.2810767730e-01 -4.9756697662e-01  9.0328074925e+00  6.8767758537e+00 -6.8504515550e-01  4.2573345202e-01 -1.4168780724e+00 -2.5769445109e+00  7.8583870974e+00  9.0331328996e-01  1.0548639099e+00  7.9838780997e+00  6.7636749720e+00 -3.1227326976e+00  8.9689345258e-01  5.8193236375e+00  9.4302578993e-01  1.9766572149e+00 -4.6803986463e-01 -3.1046948144e+00  5.6092035027e+00  1.8664016483e+00  5.1468329020e-01  5.7406949157e+00  5.5880691759e+00 -3.9378084910e+00  2.9438528975e+00  4.6173050107e+00  1.2493286989e-01  4.0059203961e+00
ENERGY -1.715078013030e+03

JOB 7
COORDS -1.8956221366e-01 -6.9745947182e-01  8.0530263782e+00  6.3983877646e+00 -1.0242491510e+00  1.4454899160e+00 -4.1619655651e-01 -1.9677318285e+00  7.5087869376e+00  5.0870073683e-01  2.7342787975e-01  7.3275369476e+00  6.2904800825e+00 -2.4079214424e+00  1.6279614342e+00  5.7981065532e+00 -1.3779165466e-01  2.3463585700e+00  5.0299384221e-02 -2.2748527338e+00  6.2307801597e+00  9.9106810319e-01 -1.9488300876e-02  6.0507584178e+00  5.5787732448e+00 -2.9157154088e+00  2.7153669894e+00  5.0737733278e+00 -6.2706880962e-01  3.4337686627e+00  7.4148831202e-01 -1.2870467038e+00  5.5240355777e+00  4.9780470836e+00 -2.0112096114e+00  3.5970292943e+00  2.4273879681e+00 -3.0595698824e+00  4.3778144792e+00  3.1890896161e-01 -2.3255332696e+00  3.0937772079e+00  2.1102884074e+00 -5.3839799627e-01  3.3709711848e+00  4.6265876436e+00 -3.9479055157e+00  5.3603595355e+00  3.7897587995e+00 -1.6010263955e+00  5.9560162769e+00  2.6191970480e+00 -3.8271034818e+00  3.2032822509e+00  1.3411510043e+00 -1.6661695197e+00  3.8936740964e+00  4.0730058825e+00 -2.6553322256e+00  4.9864548572e+00 -5.5427563486e-01 -4.6638120010e-01  9.0501947092e+00  6.9557552817e+00 -6.3519779356e-01  5.9759391390e-01 -9.5262936029e-01 -2.7195495918e+00  8.0801723939e+00  6.8814872965e-01  1.2540411107e+00  7.7585656508e+00  6.7626665348e+00 -3.0908710049e+00  9.2780679998e-01  5.8880607915e+00  9.3466011580e-01  2.2004007531e+00 -1.1422053939e-01 -3.2535412836e+00  5.7921024275e+00  1.5573580974e+00  7.0610481808e-01  5.4772143575e+00  5.4944622968e+00 -3.9836283674e+00  2.8854981358e+00  4.5949682257e+00  4.0421512078e-02  4.1401962251e+00
ENERGY -1.715077594778e+03

JOB 8
COORDS -1.6086484383e-01 -6.8522115336e-01  8.0642809468e+00  6.4404704553e+00 -1.0497283431e+00  1.5075956309e+00 -1.7290980498e-01 -2.0055993663e+00  7.5994557189e+00  3.0981263823e-01  3.5030132939e-01  7.2502906348e+00  6.2806930306e+00 -2.4348690378e+00  1.6320951264e+00  5.8577284510e+00 -1.7951168924e-01  2.4354253176e+00  2.7956105525e-01 -2.3010683601e+00  6.3134834797e+00  7.7748877611e-01  7.2492900843e-02  5.9645049718e+00  5.5348048281e+00 -2.9606165815e+00  2.6875109354e+00  5.1000693420e+00 -6.8618845786e-01  3.4918176425e+00  7.3715223057e-01 -1.2485491866e+00  5.5158748672e+00  4.9530464366e+00 -2.0715330674e+00  3.5972103933e+00  2.3502246739e+00 -3.0408240198e+00  4.2979200844e+00  2.9191913041e-01 -2.1613146450e+00  3.0291192137e+00  2.1436560412e+00 -4.6277063070e-01  3.4024074300e+00  4.4925679330e+00 -4.0701981171e+00  5.2646939000e+00  3.7499454273e+00 -1.7183448038e+00  5.9585075462e+00  2.5183052497e+00 -3.7633028706e+00  3.0937659186e+00  1.3311151266e+00 -1.5843582069e+00  3.8704175961e+00  4.0032952440e+00 -2.7376534573e+00  4.9447196133e+00 -5.1183289638e-01 -4.6455463401e-01  9.0686609389e+00  7.0243555319e+00 -6.4714932751e-01  6.8420863414e-01 -5.2713331134e-01 -2.8077653807e+00  8.2402165033e+00  3.2641893553e-01  1.3717131998e+00  7.6192708587e+00  6.7392774397e+00 -3.1054625270e+00  9.1127455204e-01  5.9874356913e+00  8.9405486899e-01  2.3347387056e+00  2.8388949859e-01 -3.3196340343e+00  5.9414194374e+00  1.1782097257e+00  8.5394575435e-01  5.3275109073e+00  5.4098683791e+00 -4.0308151313e+00  2.8124819675e+00  4.6334289911e+00 -3.1196735573e-02  4.2178842175e+00
ENERGY -1.715076296871e+03

JOB 9
COORDS -2.6883125129e-01 -6.6701369658e-01  8.0594652155e+00  6.4736649752e+00 -1.0870822483e+00  1.5403351481e+00 -2.9967476366e-02 -1.9932030399e+00  7.6842038666e+00 -6.9121718332e-04  3.7895120792e-01  7.1699604010e+00  6.2463046694e+00 -2.4674867661e+00  1.5901465238e+00  5.9420467841e+00 -2.4144340915e-01  2.5201914220e+00  4.7052376162e-01 -2.2876920028e+00  6.4147940507e+00  5.1185653419e-01  1.0487617447e-01  5.9008434271e+00  5.4833900063e+00 -3.0129575296e+00  2.6231273391e+00  5.1678883043e+00 -7.6704034565e-01  3.5551607819e+00  7.1969664947e-01 -1.2285379096e+00  5.5384816907e+00  4.9535274008e+00 -2.1473680279e+00  3.5858073411e+00  2.3127407413e+00 -3.0312326293e+00  4.2653756204e+00  3.3057004538e-01 -1.9923362825e+00  2.9880647447e+00  2.2325165870e+00 -4.0161770322e-01  3.5187468750e+00  4.4112612493e+00 -4.2081323004e+00  5.1496542041e+00  3.7785780297e+00 -1.8656424871e+00  5.9719582086e+00  2.4215700168e+00 -3.7278716062e+00  3.0419454635e+00  1.3639182943e+00 -1.5152063567e+00  3.8968715783e+00  3.9828201739e+00 -2.8392738461e+00  4.9041308529e+00 -6.5555251772e-01 -4.4742629887e-01  9.0508429215e+00  7.0705944885e+00 -6.6898635254e-01  7.3421605057e-01 -2.2365032864e-01 -2.8025138456e+00  8.3821077078e+00 -1.7600321400e-01  1.4089489738e+00  7.4668820688e+00  6.6655770813e+00 -3.1191232558e+00  8.2912767892e-01  6.1241967852e+00  8.2833410405e-01  2.4767557132e+00  6.6463235667e-01 -3.3107248812e+00  6.1153564692e+00  7.5924681536e-01  9.0653892932e-01  5.2125350533e+00  5.3070807222e+00 -4.0810546168e+00  2.6912189603e+00  4.7386262471e+00 -1.3083279313e-01  4.3200207660e+00
ENERGY -1.715074212882e+03

JOB 10
COORDS -3.7014076493e-01 -6.4713826464e-01  8.0682092960e+00  6.5047265821e+00 -1.1047421510e+00  1.5137699677e+00  1.1455306758e-01 -1.9267762025e+00  7.7833689014e+00 -2.8488523390e-01  3.6924593351e-01  7.1098502034e+00  6.2012408363e+00 -2.4711475263e+00  1.4908786424e+00  6.0543486153e+00 -2.9199822758e-01  2.5599607992e+00  6.8152813773e-01 -2.2081499138e+00  6.5378126164e+00  2.8822836807e-01  1.1062847659e-01  5.8644526821e+00  5.4431667873e+00 -3.0359246855e+00  2.5170440768e+00  5.2855903045e+00 -8.3551238207e-01  3.5895876525e+00  7.4852587407e-01 -1.1824522178e+00  5.5932081177e+00  4.9948797544e+00 -2.2015127811e+00  3.5464678067e+00  2.3306437154e+00 -2.9856305644e+00  4.2611657473e+00  4.3615891664e-01 -1.7664524396e+00  2.9905948790e+00  2.3916815479e+00 -3.1948540028e-01  3.6927105694e+00  4.3853522781e+00 -4.3186072895e+00  5.0074915708e+00  3.8995653867e+00 -1.9986979726e+00  5.9797817061e+00  2.3528722034e+00 -3.6571307293e+00  3.0210622298e+00  1.4580990714e+00 -1.4111187157e+00  3.9654950279e+00  4.0262885821e+00 -2.9168253550e+00  4.8526436541e+00 -8.0845307423e-01 -4.3844822820e-01  9.0402642848e+00  7.0974562386e+00 -6.7192022244e-01  7.1233193866e-01  5.9278239955e-02 -2.7120813823e+00  8.5316015111e+00 -6.5340300615e-01  1.3661983154e+00  7.3336529560e+00  6.5576034743e+00 -3.0973821794e+00  6.7824329867e-01  6.2951580068e+00  7.6692369279e-01  2.5724852373e+00  1.0545520585e+00 -3.1982978865e+00  6.3090810683e+00  3.8667093165e-01  8.9967509177e-01  5.1253231856e+00  5.2088576119e+00 -4.0949476756e+00  2.5288861936e+00  4.9166147943e+00 -2.2412927317e-01  4.4045220915e+00
ENERGY -1.715072075096e+03

JOB 11
COORDS -1.4408521463e+00 -3.0271986023e+00  6.7728606366e+00  5.0741869869e+00 -3.9364751735e-01  4.7980060635e-01 -1.3345511138e-01 -3.1679022971e+00  7.2458296897e+00 -1.6879073987e+00 -2.3501001874e+00  5.5727152882e+00  5.5705835550e+00 -1.5457367347e+00  1.1007251611e+00  4.5600293615e+00  6.6199852704e-01  1.2407359868e+00  9.4096353234e-01 -2.6322714217e+00  6.5286319404e+00 -6.2873459336e-01 -1.8137781245e+00  4.8403467075e+00  5.5541367131e+00 -1.6529296128e+00  2.4913566322e+00  4.5293015321e+00  5.7283803435e-01  2.6328153894e+00  6.7158033442e-01 -1.9577129443e+00  5.3370333308e+00  5.0295267210e+00 -5.8776881136e-01  3.2293254184e+00  3.3988031871e+00 -1.6980054144e+00  5.3002179787e+00  2.0003910973e+00 -1.9297108975e+00  3.0283638191e+00  1.9221852377e+00  2.1011939765e-01  4.3903166321e+00  5.9674194175e+00 -1.6618301904e+00  5.4694925942e+00  4.6661345442e+00  5.3570938887e-01  5.6216532533e+00  3.6842672661e+00 -3.0403194583e+00  4.9324496351e+00  1.9632353634e+00 -1.2476771301e+00  4.3175508730e+00  4.9419285938e+00 -7.4570820756e-01  4.9962515694e+00 -2.2690732729e+00 -3.4455737744e+00  7.3381170080e+00  5.0879888104e+00 -3.1884342692e-01 -6.0422318682e-01  5.7807890957e-02 -3.6946616745e+00  8.1762916476e+00 -2.7037434818e+00 -2.2416928660e+00  5.2037756025e+00  5.9691563586e+00 -2.3604639888e+00  5.0334338694e-01  4.1762062790e+00  1.5526381264e+00  7.5196587135e-01  1.9561348022e+00 -2.7273419330e+00  6.8942242843e+00 -8.1130379270e-01 -1.2961247713e+00  3.9033253920e+00  5.9359517780e+00 -2.5339560601e+00  2.9959809389e+00  4.1171725686e+00  1.3671149677e+00  3.2449318223e+00
ENERGY -1.715072081690e+03

JOB 12
COORDS -1.4159930003e+00 -3.0191192232e+00  6.7773657253e+00  5.0717245628e+00 -3.7769904585e-01  5.2277003033e-01 -1.4697438684e-01 -2.9625613720e+00  7.3609781440e+00 -1.6179722752e+00 -2.5389716722e+00  5.4781919437e+00  5.5114651480e+00 -1.5836714772e+00  1.0809429894e+00  4.6430049005e+00  6.7307222971e-01  1.3412004518e+00  9.3188664575e-01 -2.4195557295e+00  6.6573517849e+00 -5.5148170240e-01 -2.0015791555e+00  4.7565540661e+00  5.5227632326e+00 -1.7501459384e+00  2.4657864567e+00  4.6418138964e+00  5.2586996959e-01  2.7286841255e+00  7.0563489893e-01 -1.9370298061e+00  5.3669157019e+00  5.0836943451e+00 -6.8813663748e-01  3.2617198340e+00  3.4308398512e+00 -1.7767215278e+00  5.3290993915e+00  2.0048855344e+00 -1.8168357162e+00  3.0536835821e+00  2.0519834143e+00  2.3701087541e-01  4.5463011338e+00  6.0005327047e+00 -1.9197467711e+00  5.4291717742e+00  4.8528756857e+00  3.5025169030e-01  5.7069626693e+00  3.6184077686e+00 -3.1276173167e+00  4.9345956698e+00  2.0148061081e+00 -1.2137200289e+00  4.3821466585e+00  5.0272557925e+00 -9.1872934950e-01  5.0219849344e+00 -2.2483285010e+00 -3.4430303395e+00  7.3324153805e+00  5.0629823986e+00 -2.5677006379e-01 -5.5715102990e-01  1.0306162552e-02 -3.3446304287e+00  8.3654934472e+00 -2.6022707100e+00 -2.5907642353e+00  5.0217942425e+00  5.8442045540e+00 -2.3941615291e+00  4.3914940026e-01  4.3025623160e+00  1.6056152610e+00  9.0082077629e-01  1.9196620051e+00 -2.3669672725e+00  7.0996965404e+00 -6.9093732484e-01 -1.6506760259e+00  3.7386529051e+00  5.8612588419e+00 -2.6739797086e+00  2.9225668925e+00  4.2948758103e+00  1.3163244770e+00  3.3846516249e+00
ENERGY -1.715073244269e+03

JOB 13
COORDS -1.4199895653e+00 -3.0242765337e+00  6.7557555350e+00  5.0336202844e+00 -3.2081969064e-01  5.0813850845e-01 -2.1288767520e-01 -2.7422987511e+00  7.4044649580e+00 -1.5650768759e+00 -2.7683687014e+00  5.3879308042e+00  5.4194617438e+00 -1.5721851078e+00  1.0027365360e+00  4.6718365412e+00  7.1112098893e-01  1.3810002207e+00  8.5747413794e-01 -2.1937879270e+00  6.6946587839e+00 -5.0287081886e-01 -2.2288124541e+00  4.6597146862e+00  5.4437438031e+00 -1.8029780924e+00  2.3781489947e+00  4.6846560207e+00  4.9942462184e-01  2.7600753966e+00  6.8626216188e-01 -1.9343024264e+00  5.3325066327e+00  5.0722783374e+00 -7.5846289520e-01  3.2296358695e+00  3.4012011338e+00 -1.8566479314e+00  5.2784745592e+00  1.9553540140e+00 -1.7383521823e+00  3.0100513268e+00  2.0959355116e+00  2.3647752622e-01  4.6057622114e+00  5.9643600333e+00 -2.1273195411e+00  5.3243491941e+00  4.9279915508e+00  1.7870476615e-01  5.7201635724e+00  3.5169103775e+00 -3.2029051302e+00  4.8452850140e+00  1.9998689098e+00 -1.2009244124e+00  4.3658713400e+00  5.0314027733e+00 -1.0664822816e+00  4.9784025801e+00 -2.2469301647e+00 -3.4522035338e+00  7.3158432476e+00  5.0146606667e+00 -1.4944971519e-01 -5.6479409163e-01 -9.8757767917e-02 -2.9551312440e+00  8.4634264316e+00 -2.4993916865e+00 -2.9982354842e+00  4.8839211408e+00  5.7003432299e+00 -2.3676961347e+00  3.1877671070e-01  4.3728262120e+00  1.6791651780e+00  9.8988965788e-01  1.8005595257e+00 -1.9746498337e+00  7.1822643807e+00 -5.8840824363e-01 -2.0519238628e+00  3.5923104282e+00  5.7417406729e+00 -2.7629059144e+00  2.7862054195e+00  4.3889482555e+00  1.2749846595e+00  3.4576437563e+00
ENERGY -1.715074795761e+03

JOB 14
COORDS -1.4232669354e+00 -3.0214347714e+00  6.7363758342e+00  4.9859096886e+00 -2.1251545731e-01  4.9509338062e-01 -3.0762155449e-01 -2.5145949134e+00  7.4142535582e+00 -1.4902695592e+00 -2.9695760325e+00  5.3403948713e+00  5.3324120742e+00 -1.4996184531e+00  9.2251819215e-01  4.6727746224e+00  7.8708549334e-01  1.4226928758e+00  7.4713794185e-01 -1.9445546215e+00  6.7006891421e+00 -4.3991502542e-01 -2.4094280993e+00  4.6087910923e+00  5.3653971009e+00 -1.7984013361e+00  2.2846590234e+00  4.6960052306e+00  5.0649943998e-01  2.7893645519e+00  6.5311975660e-01 -1.8924683017e+00  5.3068831296e+00  5.0435088923e+00 -7.8560051682e-01  3.1926559112e+00  3.3586429141e+00 -1.9096046092e+00  5.2163553012e+00  1.8900172315e+00 -1.5966061375e+00  2.9780507693e+00  2.1217959639e+00  2.6973894037e-01  4.6965210525e+00  5.9101895220e+00 -2.2915758873e+00  5.2011051080e+00  4.9760978660e+00  3.2375623172e-02  5.7282071010e+00  3.4052176392e+00 -3.2331934888e+00  4.7071651167e+00  1.9690107962e+00 -1.1434409623e+00  4.3627310621e+00  5.0153318274e+00 -1.1784817429e+00  4.9250028348e+00 -2.2397022812e+00 -3.4655227651e+00  7.2993477939e+00  4.9598312892e+00  1.2245288941e-02 -5.6778705582e-01 -2.5509608291e-01 -2.5688817873e+00  8.4977325171e+00 -2.3533010920e+00 -3.3728997926e+00  4.8186089015e+00  5.5761527689e+00 -2.2698914681e+00  1.9665449827e-01  4.4040685275e+00  1.7833688095e+00  1.0839684003e+00  1.6216005902e+00 -1.5526667530e+00  7.2090297328e+00 -4.5794105321e-01 -2.3806184372e+00  3.5241390017e+00  5.6340058404e+00 -2.7872023767e+00  2.6408652371e+00  4.4381256863e+00  1.2571826785e+00  3.5280344587e+00
ENERGY -1.715076344999e+03

JOB 15
COORDS -1.4257371394e+00 -3.0069171518e+00  6.7715455531e+00  4.9640287423e+00 -1.0736755520e-01  5.5087341772e-01 -4.3285868454e-01 -2.2796842076e+00  7.4411569750e+00 -1.3770701781e+00 -3.1661001255e+00  5.3830507804e+00  5.2723759683e+00 -1.4255726735e+00  9.0660609566e-01  4.6962958666e+00  8.5175558331e-01  1.5337974015e+00  6.1404627125e-01 -1.7017784043e+00  6.7237297086e+00 -3.3180283920e-01 -2.5995273435e+00  4.6483705005e+00  5.3119620874e+00 -1.7955597120e+00  2.2509929528e+00  4.7265976913e+00  5.0145680341e-01  2.8841092889e+00  6.3696149280e-01 -1.8673649784e+00  5.3355558178e+00  5.0351142545e+00 -8.2100114527e-01  3.2139759047e+00  3.3370537352e+00 -1.9879220140e+00  5.2050686566e+00  1.8578171098e+00 -1.5100747915e+00  3.0058643719e+00  2.1743305468e+00  2.6052654912e-01  4.8178035444e+00  5.8757107421e+00 -2.4580788668e+00  5.1282415617e+00  5.0304631609e+00 -1.3365447802e-01  5.7882938349e+00  3.3272846675e+00 -3.2814028362e+00  4.6210667330e+00  1.9643444284e+00 -1.1249265865e+00  4.4091327694e+00  5.0155755809e+00 -1.3027238944e+00  4.9241828774e+00 -2.2381440765e+00 -3.4550373454e+00  7.3372061617e+00  4.9324178890e+00  1.7339555031e-01 -4.9847063847e-01 -4.7264417387e-01 -2.1661829424e+00  8.5205648347e+00 -2.1471912871e+00 -3.7354541151e+00  4.8707691823e+00  5.4814362901e+00 -2.1646440458e+00  1.3869503941e-01  4.4572193332e+00  1.8725724127e+00  1.2504890177e+00  1.3937228858e+00 -1.1354465007e+00  7.2230783753e+00 -2.6161020588e-01 -2.7184595465e+00  3.5720632062e+00  5.5516488682e+00 -2.8097564750e+00  2.5522478851e+00  4.5034699486e+00  1.2211134558e+00  3.6639046949e+00
ENERGY -1.715077522472e+03

JOB 16
COORDS -1.4231592906e+00 -2.9761336606e+00  6.7948723065e+00  4.9499784503e+00 -1.6003644917e-02  5.7894577268e-01 -5.6789885435e-01 -2.0618348477e+00  7.4232651115e+00 -1.2386107390e+00 -3.3163545647e+00  5.4506449303e+00  5.2198432324e+00 -1.3592125727e+00  8.6578196571e-01  4.7317934045e+00  9.0382294296e-01  1.6104558942e+00  4.8016139181e-01 -1.4801886061e+00  6.7097473987e+00 -1.9260983575e-01 -2.7456730730e+00  4.7210716236e+00  5.2702722596e+00 -1.7949292270e+00  2.1900268302e+00  4.7737987246e+00  4.8719486300e-01  2.9414407645e+00  6.4290605641e-01 -1.8330172154e+00  5.3669043912e+00  5.0430812973e+00 -8.5896775353e-01  3.2028684535e+00  3.3392296175e+00 -2.0587449588e+00  5.1682716379e+00  1.8411039534e+00 -1.4119854487e+00  3.0356779774e+00  2.2457000553e+00  2.5657321487e-01  4.9297057457e+00  5.8577802706e+00 -2.6123226952e+00  5.0230923286e+00  5.1057086410e+00 -2.9351014643e-01  5.8054034116e+00  3.2696069545e+00 -3.3100049650e+00  4.5003121150e+00  1.9808542917e+00 -1.0970349244e+00  4.4533621874e+00  5.0348494704e+00 -1.4200949794e+00  4.8890979679e+00 -2.2369591947e+00 -3.4257154594e+00  7.3573865481e+00  4.9096963322e+00  3.1545518417e-01 -4.5519006735e-01 -7.1674916008e-01 -1.8031582792e+00  8.4675461658e+00 -1.9055774782e+00 -4.0260365771e+00  4.9698493950e+00  5.3905903965e+00 -2.0668034016e+00  5.9672208353e-02  4.5226486474e+00  1.9444554941e+00  1.3805122030e+00  1.1537589349e+00 -7.6727027284e-01  7.1746773952e+00 -2.5448003703e-02 -2.9915047974e+00  3.6775649228e+00  5.4809671665e+00 -2.8297065567e+00  2.4383302499e+00  4.5889850118e+00  1.1755556317e+00  3.7586684843e+00
ENERGY -1.715078105440e+03

JOB 17
COORDS -1.4374320934e+00 -2.9552482744e+00  6.7931585616e+00  4.9368394321e+00  6.1576781890e-02  5.9129785678e-01 -7.2160401750e-01 -1.8839041556e+00  7.3405758334e+00 -1.1009992767e+00 -3.4653957865e+00  5.5340601989e+00  5.1746162625e+00 -1.3005648738e+00  8.0880914964e-01  4.7616236611e+00  9.3652052205e-01  1.6690004071e+00  3.4153731225e-01 -1.3168991712e+00  6.6356663715e+00 -4.3404173770e-02 -2.9087875168e+00  4.8120120323e+00  5.2355569343e+00 -1.8007834337e+00  2.1096001576e+00  4.8149092671e+00  4.5480696494e-01  2.9774304858e+00  6.5928194467e-01 -1.8442421172e+00  5.3814402644e+00  5.0512712847e+00 -9.0903127668e-01  3.1698984882e+00  3.3496485882e+00 -2.1574136554e+00  5.1076014537e+00  1.8329469053e+00 -1.3730176300e+00  3.0461124270e+00  2.3171376612e+00  2.0648841187e-01  4.9990031886e+00  5.8492158710e+00 -2.7691530492e+00  4.8878229269e+00  5.1752465437e+00 -4.7185806611e-01  5.7952386399e+00  3.2329751173e+00 -3.3649430884e+00  4.3679068313e+00  2.0052582845e+00 -1.1178383825e+00  4.4721337591e+00  5.0570929762e+00 -1.5503762868e+00  4.8275406485e+00 -2.2624923107e+00 -3.3924139392e+00  7.3490494422e+00  4.8880424424e+00  4.4321802782e-01 -4.2500664648e-01 -9.9077883911e-01 -1.4891325491e+00  8.3159282530e+00 -1.6627049469e+00 -4.2939911075e+00  5.1126873732e+00  5.3121913942e+00 -1.9728089549e+00 -3.3104870479e-02  4.5773046658e+00  1.9922341253e+00  1.4927678376e+00  9.0984469933e-01 -4.8420266320e-01  7.0374443655e+00  2.2866331967e-01 -3.2794839976e+00  3.8293585029e+00  5.4221611026e+00 -2.8515035437e+00  2.3044300873e+00  4.6632075689e+00  1.1078148574e+00  3.8297171758e+00
ENERGY -1.715078048050e+03

JOB 18
COORDS -3.8535377129e-01 -5.9345947740e-01  7.8863467406e+00  5.8284432832e+00 -1.3779239371e+00  7.2017483541e-01 -5.1459182365e-02  1.1662201580e-01  6.7281727539e+00 -3.6666324547e-02 -1.9430455746e+00  8.0209076680e+00  6.5107179458e+00 -2.1686878591e+00  1.6521994743e+00  4.7612165509e+00 -5.6625337217e-01  1.1201326879e+00  6.3974337144e-01 -5.1545484454e-01  5.6933411245e+00  6.4999341481e-01 -2.5926187352e+00  6.9950809064e+00  6.1288399140e+00 -2.1537067352e+00  2.9940909430e+00  4.3585632557e+00 -5.4548777034e-01  2.4558676871e+00  9.7448543749e-01 -1.8613615664e+00  5.8488918699e+00  5.0525985516e+00 -1.3427432357e+00  3.3692814783e+00  3.4908274063e+00 -2.7385177689e+00  5.3266148950e+00  1.4625878097e+00 -4.1029741103e+00  4.4882441140e+00  1.8455902972e+00 -1.8621104238e+00  3.3348881813e+00  5.7279874955e+00 -1.6215642106e+00  5.9076398506e+00  3.6747217644e+00 -1.9588691001e-01  5.3542580776e+00  4.1679193879e+00 -3.8423548111e+00  4.7521861509e+00  1.8335458644e+00 -2.6960727664e+00  4.5350259418e+00  4.5694767528e+00 -1.3173993063e+00  5.0816686034e+00 -9.1893081795e-01 -9.3101036773e-02  8.6899579792e+00  6.1323796381e+00 -1.3927198039e+00 -3.2306920930e-01 -3.2174064995e-01  1.1641052888e+00  6.6322030807e+00 -2.9950383637e-01 -2.4888516948e+00  8.9223143636e+00  7.3413768752e+00 -2.7931070216e+00  1.3364067757e+00  4.2379429399e+00  4.7182064732e-02  3.9252186976e-01  9.2109585575e-01  1.5772483652e-02  4.7915075304e+00  9.2539706242e-01 -3.6392864281e+00  7.0744153007e+00  6.6521116894e+00 -2.7464380719e+00  3.7365982487e+00  3.5311869339e+00  7.0558159365e-02  2.7866445797e+00
ENERGY -1.715078005910e+03

JOB 19
COORDS -3.3170822129e-01 -5.2104552491e-01  7.8125094402e+00  5.8240815767e+00 -1.2639599038e+00  7.8387701756e-01 -1.9704274924e-01  7.8742619770e-02  6.5560965706e+00  1.9988145814e-01 -1.7938893604e+00  8.0544288708e+00  6.4793347573e+00 -2.1435142826e+00  1.6536744651e+00  4.7836458695e+00 -4.4938681161e-01  1.2439188739e+00  4.7686429286e-01 -5.8673691767e-01  5.5304885739e+00  8.6838130950e-01 -2.4771224420e+00  7.0387797002e+00  6.0965102364e+00 -2.2150831678e+00  2.9935263973e+00  4.3808109649e+00 -5.1498743508e-01  2.5780847310e+00  9.9967175710e-01 -1.8527739429e+00  5.7954386352e+00  5.0471918992e+00 -1.3995639290e+00  3.4295996353e+00  3.4397492325e+00 -2.8885555491e+00  5.2775411306e+00  1.3468464792e+00 -4.1209245026e+00  4.4202997599e+00  1.8576855458e+00 -1.9033686973e+00  3.2791677374e+00  5.7051369434e+00 -1.8803668901e+00  5.9436103529e+00  3.6900580761e+00 -3.6554936452e-01  5.4875375040e+00  4.0860778138e+00 -3.9745216390e+00  4.6383760859e+00  1.7995179559e+00 -2.7384174091e+00  4.4774664722e+00  4.5595283941e+00 -1.4853810034e+00  5.1383064784e+00 -8.5146113311e-01  5.4542459463e-03  8.6083932319e+00  6.1282840989e+00 -1.2116722033e+00 -2.5807322978e-01 -6.1004354590e-01  1.0668421133e+00  6.3753317580e+00  9.2991643280e-02 -2.2543317671e+00  9.0322123948e+00  7.2894260301e+00 -2.7696712218e+00  1.2913356265e+00  4.2813695960e+00  2.3285683445e-01  5.6433327483e-01  6.1140680541e-01 -1.3636206554e-01  4.5531866303e+00  1.2828442590e+00 -3.4661241936e+00  7.2047717543e+00  6.5994888661e+00 -2.8779226710e+00  3.6893048554e+00  3.5735349069e+00  1.0142715129e-01  2.9550959662e+00
ENERGY -1.715077650207e+03

JOB 20
COORDS -3.4560651606e-01 -5.1696542813e-01  7.8208810919e+00  5.8750971434e+00 -1.2398718287e+00  8.1816089615e-01 -4.0780653374e-01 -5.9663163532e-03  6.5205037958e+00  3.8833373355e-01 -1.6777061690e+00  8.0937979677e+00  6.4897252393e+00 -2.1761357034e+00  1.6579627583e+00  4.8644055348e+00 -4.0261913089e-01  1.3031996299e+00  2.7085621738e-01 -6.4697716200e-01  5.4819530166e+00  1.0637221764e+00 -2.3374053583e+00  7.0671257385e+00  6.0956180468e+00 -2.2821644786e+00  2.9921231309e+00  4.4498168369e+00 -5.0047149777e-01  2.6318030298e+00  1.0036621650e+00 -1.7965991917e+00  5.7797306017e+00  5.0761400584e+00 -1.4421375140e+00  3.4521117395e+00  3.3873965916e+00 -2.9300361177e+00  5.2238771925e+00  1.2455441310e+00 -4.0285069806e+00  4.3122385244e+00  1.8536215530e+00 -1.7964387041e+00  3.2616787038e+00  5.6897263879e+00 -2.0580512720e+00  5.9479979714e+00  3.7495153864e+00 -4.3446694544e-01  5.5433271049e+00  3.9845348167e+00 -4.0210831869e+00  4.5504679093e+00  1.7629287342e+00 -2.6723835325e+00  4.4285597725e+00  4.5713993462e+00 -1.5756482230e+00  5.1518749251e+00 -8.6969566637e-01 -9.0903215320e-03  8.6259148478e+00  6.1877997735e+00 -1.1612094321e+00 -2.1961428576e-01 -9.8009708500e-01  8.9366116325e-01  6.3135216801e+00  4.3423793050e-01 -2.0704788805e+00  9.1053248157e+00  7.2769839999e+00 -2.8199076600e+00  1.2766913292e+00  4.3937098051e+00  3.2326740369e-01  6.4667045502e-01  2.5335537009e-01 -2.5807079010e-01  4.4692866048e+00  1.6340930252e+00 -3.2393742915e+00  7.2607132299e+00  6.5671082629e+00 -2.9897661164e+00  3.6655948421e+00  3.6642322618e+00  1.3222771171e-01  3.0273588602e+00
ENERGY -1.715076550269e+03

JOB 21
COORDS -4.4564766864e-01 -5.8097583807e-01  7.8249259880e+00  5.8971437568e+00 -1.2336469470e+00  8.3085168117e-01 -6.7320837254e-01 -1.7714183606e-01  6.5053504247e+00  4.8466592542e-01 -1.5876541268e+00  8.1070117042e+00  6.4625045755e+00 -2.2366904385e+00  1.6270650949e+00  4.9320165351e+00 -3.6651979536e-01  1.3547097028e+00  3.5539712907e-02 -7.7113483624e-01  5.4591347980e+00  1.1934227515e+00 -2.2014871385e+00  7.0735313976e+00  6.0647484480e+00 -2.3800201162e+00  2.9566656525e+00  4.5143300007e+00 -5.0046685768e-01  2.6792208791e+00  9.7036093420e-01 -1.7627712982e+00  5.7654959481e+00  5.0913365802e+00 -1.5083408204e+00  3.4560761762e+00  3.3258333266e+00 -2.9712446866e+00  5.1757852770e+00  1.1492096291e+00 -3.9267005266e+00  4.1861412447e+00  1.8602987965e+00 -1.6735167482e+00  3.2634170907e+00  5.6757566492e+00 -2.2659287193e+00  5.9197138511e+00  3.8252159623e+00 -5.2322808974e-01  5.5961040799e+00  3.8591490037e+00 -4.0797289971e+00  4.4817520148e+00  1.7237933298e+00 -2.6030433307e+00  4.3836794240e+00  4.5845291877e+00 -1.6873601194e+00  5.1503551193e+00 -9.9451192366e-01 -1.1048674715e-01  8.6361021214e+00  6.2128230838e+00 -1.1262579398e+00 -2.0344258652e-01 -1.3989951514e+00  6.0120163905e-01  6.2881369486e+00  6.5895238026e-01 -1.8989701370e+00  9.1328386857e+00  7.2147227560e+00 -2.9033891492e+00  1.2156585725e+00  4.4992565890e+00  4.1082636294e-01  7.3185834437e-01 -1.1345125179e-01 -4.5671206592e-01  4.4311564950e+00  1.9121601117e+00 -2.9865984499e+00  7.2777463177e+00  6.4996360574e+00 -3.1395850015e+00  3.5973735398e+00  3.7628045399e+00  1.5415184618e-01  3.1042930068e+00
ENERGY -1.715074697930e+03

JOB 22
COORDS -5.0723918419e-01 -6.0612783060e-01  7.8521929759e+00  5.9497626156e+00 -1.2328302502e+00  8.2568944950e-01 -8.8379011612e-01 -3.5114025826e-01  6.5289555152e+00  6.0189229634e-01 -1.4120592449e+00  8.1265572045e+00  6.4444667972e+00 -2.3058496490e+00  1.5764337864e+00  5.0657221404e+00 -3.1107232303e-01  1.3972329969e+00 -1.4770922115e-01 -8.9295676150e-01  5.4744295225e+00  1.3439787587e+00 -1.9733284711e+00  7.0848951814e+00  6.0575904831e+00 -2.4648770940e+00  2.9074717324e+00  4.6580879879e+00 -4.5887538154e-01  2.7233221407e+00  9.6844266345e-01 -1.6818368899e+00  5.7717023942e+00  5.1645528424e+00 -1.5370013646e+00  3.4537228183e+00  3.3235662735e+00 -2.9306961160e+00  5.1541904810e+00  1.1307813163e+00 -3.7365924784e+00  4.0548398273e+00  1.9466914193e+00 -1.4575709910e+00  3.3111471951e+00  5.7241806473e+00 -2.4163174257e+00  5.8829850384e+00  3.9907311767e+00 -5.4432321745e-01  5.6434100241e+00  3.7795167377e+00 -4.0730455441e+00  4.4636479306e+00  1.7514120313e+00 -2.4553637500e+00  4.3617993650e+00  4.6671841229e+00 -1.7385722327e+00  5.1473484663e+00 -1.0801429473e+00 -1.7735071555e-01  8.6698211642e+00  6.2570509759e+00 -1.1137941661e+00 -2.0986315420e-01 -1.7487951471e+00  2.7001420668e-01  6.3151323927e+00  8.9229730695e-01 -1.6113292053e+00  9.1539816402e+00  7.1339020689e+00 -3.0154028890e+00  1.1283884437e+00  4.6872832445e+00  5.2027765442e-01  8.0978751677e-01 -4.2017156630e-01 -6.8725906304e-01  4.4438320879e+00  2.1951861732e+00 -2.6107567255e+00  7.2888876236e+00  6.4401030524e+00 -3.2792865772e+00  3.5132940127e+00  3.9663943258e+00  2.3635510526e-01  3.1840595183e+00
ENERGY -1.715072446409e+03

JOB 23
COORDS -6.0377234975e-01 -6.5541638536e-01  7.8655454877e+00  6.0212179948e+00 -1.2436590612e+00  8.2767572009e-01 -1.0961812860e+00 -5.8842614993e-01  6.5568537873e+00  6.4972669642e-01 -1.2187162832e+00  8.1174097095e+00  6.4211598096e+00 -2.3855866329e+00  1.5317436292e+00  5.2342463178e+00 -2.6487368281e-01  1.4447233459e+00 -3.3411195827e-01 -1.0789361945e+00  5.4967396402e+00  1.4254591336e+00 -1.7225279167e+00  7.0690270602e+00  6.0360881914e+00 -2.5570150635e+00  2.8617935539e+00  4.8285660494e+00 -4.2340426555e-01  2.7701558570e+00  9.2286064096e-01 -1.6315774193e+00  5.7707217578e+00  5.2396744703e+00 -1.5707195901e+00  3.4535196446e+00  3.3059222499e+00 -2.8661621333e+00  5.1347369982e+00  1.1300864372e+00 -3.4822733891e+00  3.8505493678e+00  2.0641918521e+00 -1.1711064940e+00  3.4117836675e+00  5.7479657640e+00 -2.5803163094e+00  5.8419868415e+00  4.1724252854e+00 -5.6608294431e-01  5.6949407533e+00  3.6724609954e+00 -4.0456038043e+00  4.4560733107e+00  1.7789385619e+00 -2.2708391930e+00  4.3317377311e+00  4.7438381634e+00 -1.7908793402e+00  5.1447110782e+00 -1.1997158702e+00 -2.7004403758e-01  8.6882701677e+00  6.3269236463e+00 -1.1154371308e+00 -2.0723958265e-01 -2.0725412677e+00 -1.5542698717e-01  6.3593015572e+00  1.0312257456e+00 -1.2733212698e+00  9.1328651447e+00  7.0358035156e+00 -3.1393565889e+00  1.0484498878e+00  4.9292852068e+00  6.1953788601e-01  8.9312831392e-01 -7.0715619106e-01 -1.0245121977e+00  4.4783245988e+00  2.3902720821e+00 -2.1712503254e+00  7.2639098850e+00  6.3477381041e+00 -3.4252870994e+00  3.4323497754e+00  4.2089566224e+00  3.1451821694e-01  3.2657343602e+00
ENERGY -1.715070659148e+03

