JOB 0
COORDS  8.0492533398e-01 -3.0195984431e-01  3.3252318702e-01  1.5795640550e+00 -4.5887595430e+00  1.1786498878e+00  2.1040731140e-01 -1.9609783911e+00  8.0437252149e-01  2.1240377050e+00 -2.8475260192e+00  1.1691493201e+00 -8.8161114193e-02  2.8854852574e-01  1.1164383401e-01  1.4370496241e+00 -3.5057896112e-01 -5.5727827213e-01  1.3471122385e+00  1.7014241928e-01  1.1552462410e+00  2.4766357994e+00 -5.1858152654e+00  1.3627096325e+00  1.1480528328e+00 -4.8697154863e+00  2.1503512411e-01  8.6143047100e-01 -4.7718096953e+00  1.9814557330e+00
ENERGY -8.761656246394e+02

JOB 1
COORDS  8.0834160954e-01 -3.2887141427e-01  3.1743425089e-01  1.5803481835e+00 -4.5687485730e+00  1.1549322782e+00  2.0067658104e-01 -1.9055321919e+00  1.0096750650e+00  2.0889064034e+00 -2.8292711675e+00  1.3783159267e+00 -8.2095181006e-02  2.6078645800e-01  8.2089705769e-02  1.3873530569e+00 -4.9736904433e-01 -5.9341006338e-01  1.4081672935e+00  2.1597264321e-01  1.0497363998e+00  2.4778625276e+00 -5.1700337994e+00  1.3248887956e+00  1.2095461092e+00 -4.7423054784e+00  1.4218013640e-01  8.2194767327e-01 -4.8530796933e+00  1.8876647139e+00
ENERGY -8.761668116739e+02

JOB 2
COORDS  8.1192540446e-01 -3.7313405746e-01  3.0628217431e-01  1.5807918854e+00 -4.5311024460e+00  1.1288752627e+00  2.0013164518e-01 -1.8425565419e+00  1.2061235157e+00  2.0463551354e+00 -2.8214464395e+00  1.5800245135e+00 -7.3398148718e-02  2.2232577952e-01  6.4170157937e-02  1.3246147655e+00 -6.5989211335e-01 -6.1452579439e-01  1.4757057669e+00  2.2172313087e-01  9.3665410340e-01  2.4744978145e+00 -5.1403335628e+00  1.2935433262e+00  1.2812530597e+00 -4.5945164161e+00  8.0436883858e-02  7.7917692864e-01 -4.8995195941e+00  1.7719230657e+00
ENERGY -8.761687272987e+02

JOB 3
COORDS  8.1379914827e-01 -4.3691588440e-01  2.9946153778e-01  1.5827286934e+00 -4.4735807418e+00  1.1004913081e+00  2.0671901565e-01 -1.7764493045e+00  1.3905485293e+00  1.9992100534e+00 -2.8209249206e+00  1.7702964250e+00 -5.7461435392e-02  1.8368567040e-01  6.8226584180e-02  1.2329216772e+00 -8.3848694334e-01 -6.2570334487e-01  1.5577226997e+00  1.7317008450e-01  8.1461303023e-01  2.4595034418e+00 -5.1032403547e+00  1.2807846626e+00  1.3797952109e+00 -4.4271737328e+00  2.8335796741e-02  7.2611575202e-01 -4.8985361336e+00  1.6264526799e+00
ENERGY -8.761710542262e+02

JOB 4
COORDS  8.1561567052e-01 -5.2202767997e-01  2.9897763617e-01  1.5841936262e+00 -4.3938598317e+00  1.0706587358e+00  2.1837991969e-01 -1.7092457996e+00  1.5616405924e+00  1.9498320429e+00 -2.8261653008e+00  1.9476636083e+00 -3.4758390917e-02  1.2462376027e-01  6.0698249694e-02  1.1434047692e+00 -1.0376065143e+00 -6.0640626571e-01  1.6285277373e+00  8.6400064175e-02  6.9865078360e-01  2.4410514221e+00 -5.0511622410e+00  1.2490388479e+00  1.4706444727e+00 -4.2302429275e+00 -3.2701868071e-03  6.8416298726e-01 -4.8591657904e+00  1.4758552075e+00
ENERGY -8.761731352432e+02

JOB 5
COORDS  8.1577187722e-01 -6.2605644931e-01  3.0357939330e-01  1.5869243209e+00 -4.2945737611e+00  1.0393856308e+00  2.3368648132e-01 -1.6402365196e+00  1.7160723847e+00  1.9002805174e+00 -2.8389154796e+00  2.1096136085e+00 -1.4491653562e-04  6.1705930959e-02  6.0164577998e-02  1.0310273144e+00 -1.2484788498e+00 -5.6786300674e-01  1.7017231868e+00 -5.2963704245e-02  5.8248123391e-01  2.4096473034e+00 -4.9935172080e+00  1.2199210573e+00  1.5802812675e+00 -4.0148678850e+00 -1.6491682114e-02  6.4185690473e-01 -4.7705483351e+00  1.3066440111e+00
ENERGY -8.761742355420e+02

JOB 6
COORDS  8.0890222924e-01 -7.3919087837e-01  3.1094675192e-01  1.5962851988e+00 -4.1855320956e+00  1.0090023725e+00  2.5606806359e-01 -1.5668882996e+00  1.8494712893e+00  1.8480168532e+00 -2.8631719968e+00  2.2522891162e+00  4.3885558896e-02  4.8557210154e-03  6.8469040365e-02  8.8406603551e-01 -1.4501048501e+00 -5.1489260921e-01  1.7672451773e+00 -2.3901945689e-01  4.6419139681e-01  2.3669799737e+00 -4.9389068703e+00  1.1990216163e+00  1.7203905915e+00 -3.8019849537e+00 -6.1569133253e-03  6.0921457525e-01 -4.6385085803e+00  1.1211651480e+00
ENERGY -8.761738511622e+02

JOB 7
COORDS  7.8895341418e-01 -8.4895475543e-01  3.1772626680e-01  1.6184291118e+00 -4.0793743558e+00  9.8194277728e-01  2.8926096217e-01 -1.4885893126e+00  1.9579285329e+00  1.7901769776e+00 -2.9009800152e+00  2.3715390781e+00  1.0142263523e-01 -2.9515294933e-02  8.7563006204e-02  6.8957025288e-01 -1.6161249219e+00 -4.5280004730e-01  1.8123991642e+00 -4.6723388071e-01  3.4107466907e-01  2.3080414581e+00 -4.9022334325e+00  1.1928752022e+00  1.9037602425e+00 -3.6176865736e+00  3.4541899666e-02  5.9904003823e-01 -4.4677597180e+00  9.2111582396e-01
ENERGY -8.761717765977e+02

JOB 8
COORDS  7.7058204845e-01 -9.3630151157e-01  3.2302062103e-01  1.6385120857e+00 -3.9948394942e+00  9.6083536361e-01  3.4657409253e-01 -1.3983810669e+00  2.0393782982e+00  1.7139228681e+00 -2.9600713565e+00  2.4650800399e+00  1.5386264137e-01 -6.2721739682e-02  9.2009930813e-02  5.2039787608e-01 -1.7351314205e+00 -3.7716893628e-01  1.8253739857e+00 -6.6475627122e-01  2.2891808709e-01  2.2570816897e+00 -4.8714587147e+00  1.1747530057e+00  2.0578315264e+00 -3.4738714498e+00  9.8425805364e-02  6.1691544291e-01 -4.3209192358e+00  7.4825499340e-01
ENERGY -8.761682303824e+02

JOB 9
COORDS  7.5232117515e-01 -9.8809417929e-01  3.2461525979e-01  1.6579428994e+00 -3.9449688474e+00  9.4843194144e-01  4.3376201759e-01 -1.3028466315e+00  2.0937024635e+00  1.6138966249e+00 -3.0345145522e+00  2.5293656861e+00  1.7994224960e-01 -8.5060088517e-02  9.2643582623e-02  3.8602084701e-01 -1.8020714611e+00 -3.0269146514e-01  1.8099667647e+00 -7.9728944927e-01  1.2362348812e-01  2.2322805473e+00 -4.8512205842e+00  1.1623083617e+00  2.1762072580e+00 -3.3806438859e+00  1.7178011085e-01  6.5871387335e-01 -4.2317425814e+00  6.0972777991e-01
ENERGY -8.761639324074e+02

JOB 10
COORDS  7.2554023117e-01 -1.0142686956e+00  3.2283736212e-01  1.6854570031e+00 -3.9199987959e+00  9.4343634675e-01  5.4111683578e-01 -1.2197570208e+00  2.1255302870e+00  1.4992833116e+00 -3.1056795878e+00  2.5645973338e+00  2.0789694036e-01 -7.5880959237e-02  1.0231212188e-01  2.3864012025e-01 -1.8164188876e+00 -2.3375965799e-01  1.7705563233e+00 -9.1662434521e-01  1.8520671139e-02  2.2026088862e+00 -4.8575790547e+00  1.1685023795e+00  2.3065049263e+00 -3.3382317313e+00  2.6067470151e-01  7.2344967899e-01 -4.1540131828e+00  4.8085566320e-01
ENERGY -8.761601836019e+02

JOB 11
COORDS  6.6080114225e-01 -1.0399558052e+00  3.1888070450e-01  1.7505108547e+00 -3.8948287904e+00  9.4448501405e-01  6.4026280040e-01 -1.1684279330e+00  2.1378617138e+00  1.3979116108e+00 -3.1533520775e+00  2.5728292395e+00  2.7655218424e-01 -3.5587270963e-02  1.1643658683e-01 -1.2527814517e-03 -1.7658573147e+00 -1.5703549654e-01  1.6694694537e+00 -1.1136072513e+00 -9.2142879777e-02  2.1310781294e+00 -4.8931489378e+00  1.1809432393e+00  2.5232254446e+00 -3.3507247864e+00  3.9803499724e-01  8.5249541823e-01 -4.0029620935e+00  3.3321408995e-01
ENERGY -8.761585736484e+02

JOB 12
COORDS  5.9888821385e-01 -1.0635193081e+00  3.1788832550e-01  1.8121086296e+00 -3.8707475350e+00  9.4838910992e-01  7.5086823553e-01 -1.1381738161e+00  2.1337253678e+00  1.2895322408e+00 -3.1872630237e+00  2.5563999071e+00  3.6104882397e-01 -1.6303755533e-02  1.0829500228e-01 -2.1434662686e-01 -1.6886357495e+00 -5.9046651602e-02  1.5357205520e+00 -1.3119100468e+00 -1.8307514091e-01  2.0494566342e+00 -4.9171565103e+00  1.1625191360e+00  2.7083531483e+00 -3.3820023857e+00  5.5842055853e-01  1.0094244054e+00 -3.8427401300e+00  2.0999159419e-01
ENERGY -8.761601836066e+02

JOB 13
COORDS  5.5943474733e-01 -1.0632757817e+00  3.1710826454e-01  1.8508288749e+00 -3.8697864999e+00  9.5594309599e-01  8.8651732026e-01 -1.1263929751e+00  2.1113325472e+00  1.1611411748e+00 -3.2109678500e+00  2.5117375563e+00  3.8494908510e-01 -5.1695594656e-03  1.0062181898e-01 -3.3223755751e-01 -1.6321949574e+00  4.0214462178e-02  1.4207340687e+00 -1.3988120325e+00 -2.6239923975e-01  2.0272747192e+00 -4.9311130410e+00  1.1543196109e+00  2.8009183060e+00 -3.3968372001e+00  6.9313569490e-01  1.1414935183e+00 -3.7839023634e+00  1.3149339763e-01
ENERGY -8.761639324076e+02

JOB 14
COORDS  5.1531423666e-01 -1.0352957346e+00  3.1299812137e-01  1.8937789728e+00 -3.8958437521e+00  9.7086637020e-01  1.0217599751e+00 -1.1363596011e+00  2.0658502501e+00  1.0387405558e+00 -3.2220987283e+00  2.4385750279e+00  3.9662847965e-01  3.1488881780e-02  1.0150150653e-01 -4.3752458866e-01 -1.5426440250e+00  1.4015710844e-01  1.2851595660e+00 -1.4383963400e+00 -3.4717952968e-01  2.0143227215e+00 -4.9656805264e+00  1.1651986322e+00  2.8797997853e+00 -3.4430080665e+00  8.3714676624e-01  1.2930745528e+00 -3.7706143685e+00  6.8392955510e-02
ENERGY -8.761682303927e+02

JOB 15
COORDS  4.4544348262e-01 -9.8201494178e-01  3.0421299206e-01  1.9619375305e+00 -3.9463116702e+00  9.9547011940e-01  1.1317288271e+00 -1.1622822446e+00  1.9910997749e+00  9.4770769302e-01 -3.2272847701e+00  2.3383808175e+00  4.1663278811e-01  9.2496824314e-02  9.9882329733e-02 -5.6702273911e-01 -1.3886955689e+00  2.4746758329e-01  1.0873167662e+00 -1.4621861063e+00 -4.3711922307e-01  1.9928525955e+00 -5.0242805811e+00  1.1803590262e+00  2.9784440438e+00 -3.5462685751e+00  1.0148883101e+00  1.5060132693e+00 -3.7716246270e+00  1.8865478731e-02
ENERGY -8.761717765795e+02

JOB 16
COORDS  3.5742245606e-01 -9.1367899394e-01  2.9291154338e-01  2.0478053557e+00 -4.0111102686e+00  1.0266643900e+00  1.2162970573e+00 -1.1953098551e+00  1.8873385155e+00  8.8778646713e-01 -3.2347482658e+00  2.2144342113e+00  4.3666906857e-01  1.5768071689e-01  8.4572558683e-02 -6.9539288748e-01 -1.1933549264e+00  3.6683815074e-01  8.3741454408e-01 -1.4674977593e+00 -5.1692697533e-01  1.9740379996e+00 -5.0914713389e+00  1.1843829760e+00  3.0719560438e+00 -3.6843428661e+00  1.2175632662e+00  1.7670581523e+00 -3.7846187034e+00 -4.2714275475e-03
ENERGY -8.761738511462e+02

JOB 17
COORDS  2.8008006262e-01 -8.3276233396e-01  2.8180719989e-01  2.1227293060e+00 -4.0880538253e+00  1.0601120975e+00  1.2932941907e+00 -1.2312918880e+00  1.7576318574e+00  8.4075872562e-01 -3.2480010256e+00  2.0672614723e+00  4.2663926097e-01  2.3394540314e-01  8.5295782486e-02 -7.7618348156e-01 -1.0219352210e+00  4.8088577506e-01  6.0599366667e-01 -1.4063949970e+00 -5.8870248911e-01  1.9808786027e+00 -5.1624967789e+00  1.2131234027e+00  3.1209441204e+00 -3.8035162195e+00  1.3973314565e+00  2.0059198029e+00 -3.8579453746e+00 -1.2393458350e-03
ENERGY -8.761742351266e+02

JOB 18
COORDS  7.9410290279e-01 -4.9041250564e-01  4.7996628381e-01  1.5665038705e+00 -4.3610716042e+00  1.2518525265e+00  4.2997012490e-01 -2.0586498458e+00 -3.9681888794e-01  2.1622417439e+00 -3.1733242928e+00 -1.1106681811e-02 -6.4614219967e-02  1.6492991709e-01  3.0343887913e-01  1.6922515615e+00 -2.2990117768e-02  7.3039200149e-02  9.1026302267e-01 -6.5428361034e-01  1.5535715996e+00  2.4183836935e+00 -5.0051812838e+00  1.4915485447e+00  7.5571278752e-01 -4.9720083975e+00  8.5170457620e-01  1.2362387697e+00 -3.8454605200e+00  2.1563111686e+00
ENERGY -8.761731349766e+02

JOB 19
COORDS  7.9487834397e-01 -4.1082306301e-01  4.5005248076e-01  1.5690160963e+00 -4.4460621483e+00  1.2513923676e+00  3.8047153210e-01 -2.0641876517e+00 -2.1943329186e-01  2.1740276536e+00 -3.1058306775e+00  1.5992584509e-01 -8.3776050332e-02  2.1683422438e-01  2.7202847202e-01  1.6492751092e+00  1.6268557164e-02 -7.7771902587e-02  1.0004776359e+00 -4.5735359444e-01  1.5216898509e+00  2.4417174180e+00 -5.0639392930e+00  1.4844158731e+00  8.2756706488e-01 -5.0587086588e+00  7.3572076515e-01  1.1473994533e+00 -4.0446499556e+00  2.1754867487e+00
ENERGY -8.761710543796e+02

JOB 20
COORDS  7.9776146770e-01 -3.5295056753e-01  4.2181794021e-01  1.5699207990e+00 -4.5101574305e+00  1.2446320579e+00  3.3343797274e-01 -2.0630382057e+00 -2.9145123187e-02  2.1804802334e+00 -3.0403117965e+00  3.4455724257e-01 -9.4928012054e-02  2.5660961216e-01  2.5297941189e-01  1.6019375166e+00  1.4356679970e-02 -2.1867208885e-01  1.0934803870e+00 -2.8839240534e-01  1.4712693273e+00  2.4551037324e+00 -5.1073857300e+00  1.4828212488e+00  9.0314694981e-01 -5.1031944081e+00  6.1569567088e-01  1.0607132103e+00 -4.2239880092e+00  2.1675515214e+00
ENERGY -8.761687273888e+02

JOB 21
COORDS  7.9930370555e-01 -3.1517454046e-01  3.9573904980e-01  1.5724304816e+00 -4.5545901147e+00  1.2332762485e+00  2.9134322911e-01 -2.0548746985e+00  1.7245056714e-01  2.1794996905e+00 -2.9777097184e+00  5.4092277025e-01 -9.8068348883e-02  2.8615964521e-01  2.2528291484e-01  1.5580946313e+00 -3.0877548969e-02 -3.3661023194e-01  1.1696163264e+00 -1.4150004656e-01  1.4086528497e+00  2.4628300110e+00 -5.1444695554e+00  1.4681498061e+00  9.7214488676e-01 -5.0992858792e+00  5.0123279802e-01  9.9385964364e-01 -4.3861298039e+00  2.1444104364e+00
ENERGY -8.761668116925e+02

JOB 22
COORDS  8.0053607517e-01 -2.9500447047e-01  3.7202384690e-01  1.5754022141e+00 -4.5816668672e+00  1.2181507557e+00  2.5628509185e-01 -2.0363168323e+00  3.8156286956e-01  2.1696974773e+00 -2.9225693538e+00  7.4626363413e-01 -9.6620572486e-02  3.0208044138e-01  1.8850796924e-01  1.5183329409e+00 -1.1180160244e-01 -4.3104925330e-01  1.2324616401e+00 -1.4179701175e-02  1.3354958497e+00  2.4684577551e+00 -5.1720141328e+00  1.4395563645e+00  1.0335943000e+00 -5.0539912555e+00  3.9530454344e-01  9.4290733496e-01 -4.5329884864e+00  2.1076906290e+00
ENERGY -8.761656246750e+02

JOB 23
COORDS  8.0219989793e-01 -2.9103570496e-01  3.5089750358e-01  1.5780127878e+00 -4.5926577348e+00  1.1997870164e+00  2.2909180467e-01 -2.0053811872e+00  5.9370995427e-01  2.1511209664e+00 -2.8783123034e+00  9.5697458398e-01 -9.2876849072e-02  3.0279905182e-01  1.4865005437e-01  1.4793547893e+00 -2.2094162072e-01 -5.0380282917e-01  1.2897343214e+00  9.1005474162e-02  1.2510774572e+00  2.4730414971e+00 -5.1864137410e+00  1.4024777012e+00  1.0908192557e+00 -4.9748278153e+00  2.9947980951e-01  9.0055578579e-01 -4.6626866793e+00  2.0542559575e+00
ENERGY -8.761652376977e+02

