JOB 0
COORDS -1.2996455214e-01  1.3196382725e+00 -9.2088021092e-01  6.6862279872e-01 -2.8161668433e-02  1.1355150748e+00 -8.4295290077e-01 -4.9258593660e-02  1.1048733176e+00 -2.7394531169e-02  1.1295420700e-02 -1.8696359593e-01 -1.2640981469e+00  2.4260457832e+00 -2.6828186020e+00  4.4775436524e-01  2.3500509454e+00 -6.3572423213e-01  5.0132622133e-02 -1.1398557097e+00 -9.8731079586e-01 -1.0579258989e+00  1.2257088939e+00 -1.9077590888e+00  1.1673300507e+00  8.8036856971e-01  1.4552716175e+00  1.1793209828e+00 -9.5753068800e-01  1.3654563891e+00 -1.3397339022e+00 -9.9544527484e-01  1.2975052905e+00 -1.3807499439e+00  8.3932830710e-01  1.4223430658e+00 -2.0123881573e+00  2.1653806284e+00 -3.4310188973e+00 -3.3150500142e-01  2.7339947442e+00 -3.1608426799e+00 -1.6241356175e+00  3.2330648778e+00 -2.0406785555e+00 -7.5057107732e-01 -1.1645717396e+00 -1.5377957989e+00
ENERGY -4.210666368864e+02

JOB 1
COORDS -6.4563865054e-02  1.3041433812e+00 -9.6699519309e-01  6.1441688303e-01  1.0884451923e-02  1.1744067027e+00 -8.9270251866e-01 -7.8829223777e-02  1.0327435922e+00  6.4178010503e-03  1.1556914080e-02 -1.8933675766e-01 -1.3061170984e+00  2.4566963037e+00 -2.6224095145e+00  6.8357601421e-01  2.2543897451e+00 -8.5804999754e-01  1.9116247009e-01 -1.1363444437e+00 -9.8212705674e-01 -1.1459516426e+00  1.2895166399e+00 -1.7877406979e+00  1.0520092234e+00  9.4083822694e-01  1.5218553055e+00  1.1469355480e+00 -8.9262543988e-01  1.4530258512e+00 -1.3581909766e+00 -1.0439423461e+00  1.2106970646e+00 -1.4936828637e+00  7.8495106722e-01  1.3025157504e+00 -2.1964293051e+00  2.2671449891e+00 -3.2217053682e+00 -4.3070532566e-01  2.5899095193e+00 -3.2622236702e+00 -1.4389986536e+00  3.3474575366e+00 -2.0042001762e+00 -6.1543460036e-01 -1.2556945527e+00 -1.5112835364e+00
ENERGY -4.210637579699e+02

JOB 2
COORDS  2.9793547480e-01  1.3982004147e+00 -6.0545678262e-01  6.4362116113e-01 -3.9378766557e-01  1.2442608941e+00 -8.0139154565e-01  7.8326232899e-02  1.3620017311e+00 -1.0943772609e-01  8.6175091169e-02  3.5095393168e-02 -4.8679158524e-01  3.3898589308e+00 -1.5994499864e+00  1.4459571789e+00  1.7120686558e+00 -8.6437950213e-01 -5.7086248485e-01 -8.5482769127e-01 -9.1014302705e-01 -7.7373241297e-01  2.1616777328e+00 -8.9748803746e-01  1.4332877251e+00  2.3974627668e-01  1.6361385894e+00  8.2578535308e-01 -1.4619601022e+00  1.3136154533e+00 -1.5700203772e+00 -6.7759738514e-01  1.4887664672e+00 -1.0007770567e+00  1.0309910487e+00  1.8426843180e+00 -1.4538343511e+00  3.8666972476e+00 -1.7572236419e+00 -1.0711930009e-03  3.1762273299e+00 -2.5545358638e+00  1.6636417628e-01  4.0277662885e+00 -9.9925712995e-01  2.0508061007e-01 -1.1895600545e+00 -1.3902809056e+00
ENERGY -4.210612852330e+02

JOB 3
COORDS  2.7982913623e-01  1.3450987952e+00 -6.8403376453e-01  6.1482946808e-01 -3.2310249744e-01  1.2829005183e+00 -8.6271256727e-01  6.2593622222e-02  1.3125359218e+00 -1.1191909646e-01  6.4572874798e-02  2.3162627654e-02 -4.6268789480e-01  3.4207825068e+00 -1.5269453587e+00  1.3780262867e+00  1.5283069252e+00 -1.1784886018e+00 -4.5522352720e-01 -9.4595887782e-01 -9.0100602110e-01 -7.4141632530e-01  2.2191956075e+00 -7.7544086626e-01  1.3420737250e+00  3.7034913964e-01  1.6947119221e+00  8.5820570273e-01 -1.3751103185e+00  1.3969455979e+00 -1.5879079778e+00 -7.3494583578e-01  1.4389906466e+00 -1.1413991327e+00  1.0193775335e+00  1.7422115105e+00 -1.3842729653e+00  4.0014542146e+00 -1.4975456369e+00 -1.9653646125e-01  3.1686226212e+00 -2.5559531921e+00  3.5943272500e-01  3.9748281390e+00 -1.0679430805e+00  3.6179185093e-01 -1.2060620992e+00 -1.3597542534e+00
ENERGY -4.210618034547e+02

JOB 4
COORDS  2.3327924850e-01  1.2814453151e+00 -7.6965069724e-01  5.9041140776e-01 -2.3058622870e-01  1.3075440776e+00 -9.1168254461e-01  4.0907471825e-02  1.2663130230e+00 -1.2267705167e-01  3.2017277896e-02  1.7884264797e-03 -4.2211326799e-01  3.4434601123e+00 -1.4511275811e+00  1.2380972318e+00  1.3621212457e+00 -1.4545181582e+00 -3.4523049477e-01 -1.0587823552e+00 -8.6355828019e-01 -6.9968131668e-01  2.2492723356e+00 -6.8599075024e-01  1.2443997442e+00  5.3733529305e-01  1.7107506526e+00  9.1086845298e-01 -1.2538404599e+00  1.4775665440e+00 -1.5784072988e+00 -8.0258495864e-01  1.4137228146e+00 -1.2755311147e+00  9.9533250680e-01  1.6317493484e+00 -1.2619633311e+00  4.1111072698e+00 -1.2609629629e+00 -3.5211306867e-01  3.2009850048e+00 -2.5137344159e+00  5.1583481944e-01  3.8967316214e+00 -1.1222310742e+00  4.8662153081e-01 -1.2149191011e+00 -1.3433129974e+00
ENERGY -4.210633572796e+02

JOB 5
COORDS  1.7176661520e-01  1.2178707266e+00 -8.4662793164e-01  5.6320377259e-01 -1.2784325593e-01  1.3226288694e+00 -9.5146093216e-01  1.3035506621e-02  1.2270106640e+00 -1.3434950874e-01 -2.1990761289e-03 -2.0240941168e-02 -3.6856793928e-01  3.4517145499e+00 -1.3791624209e+00  1.0555617577e+00  1.2227266812e+00 -1.6867103181e+00 -2.3279261657e-01 -1.1608416901e+00 -8.1260685021e-01 -6.4657091938e-01  2.2605410978e+00 -6.0859731518e-01  1.1362613849e+00  7.1461011390e-01  1.6996594867e+00  9.6623670429e-01 -1.1099745229e+00  1.5487012750e+00 -1.5503193040e+00 -8.7454258120e-01  1.4037352971e+00 -1.4017781902e+00  9.5286405464e-01  1.5268411229e+00 -1.1021440847e+00  4.1871602825e+00 -1.0502572301e+00 -4.7933196045e-01  3.2430250559e+00 -2.4453436454e+00  6.4714883543e-01  3.8030022979e+00 -1.1838103602e+00  5.7724933189e-01 -1.2011468897e+00 -1.3508717327e+00
ENERGY -4.210657699359e+02

JOB 6
COORDS  1.1187101483e-01  1.1612721076e+00 -9.0686224758e-01  5.2757953668e-01 -2.6523990607e-02  1.3360819929e+00 -9.8540243686e-01 -1.8778901543e-02  1.1897723338e+00 -1.3572482933e-01 -3.4362236809e-02 -3.8394087152e-02 -3.0747099472e-01  3.4473745264e+00 -1.3145588371e+00  8.6185082680e-01  1.1154481591e+00 -1.8684666733e+00 -1.1151986852e-01 -1.2372547634e+00 -7.6175795291e-01 -5.7506292747e-01  2.2588956242e+00 -5.3637198468e-01  1.0157274112e+00  8.8117552567e-01  1.6790257808e+00  1.0055068877e+00 -9.5899156813e-01  1.6184615400e+00 -1.5137344106e+00 -9.4426994992e-01  1.3949350950e+00 -1.5210681218e+00  8.9402951817e-01  1.4249403042e+00 -9.2094763967e-01  4.2295593384e+00 -8.6837215933e-01 -5.8624764475e-01  3.2837917723e+00 -2.3576229549e+00  7.5201416007e-01  3.7075518163e+00 -1.2601081390e+00  6.3274198297e-01 -1.1689146269e+00 -1.3863540414e+00
ENERGY -4.210685121214e+02

JOB 7
COORDS  6.4359005429e-02  1.1224942901e+00 -9.4463135690e-01  4.8784284844e-01  5.2552335797e-02  1.3587466762e+00 -1.0103876563e+00 -5.0412258057e-02  1.1554859839e+00 -1.1225004159e-01 -5.5816614888e-02 -4.3992405504e-02 -2.5055718924e-01  3.4386222070e+00 -1.2691418772e+00  6.6286185959e-01  1.0432171489e+00 -2.0062827589e+00  1.7916457867e-02 -1.2786047884e+00 -7.1664289546e-01 -4.7995846311e-01  2.2587893586e+00 -4.6704413927e-01  8.9955034152e-01  1.0055148709e+00  1.6768174881e+00  1.0162416652e+00 -8.3394241607e-01  1.6939986460e+00 -1.4803889356e+00 -1.0045465922e+00  1.3716621757e+00 -1.6182055314e+00  8.2969439746e-01  1.3326857388e+00 -7.3782239879e-01  4.2521965068e+00 -7.3254813483e-01 -6.8941294331e-01  3.3113612187e+00 -2.2609451529e+00  8.2062967274e-01  3.6277933561e+00 -1.3691688117e+00  6.5969425506e-01 -1.1289106698e+00 -1.4346512065e+00
ENERGY -4.210706634628e+02

JOB 8
COORDS  1.0540335889e-02  1.0981868868e+00 -9.6023305009e-01  5.2310536117e-01  1.1267246721e-01  1.3786886127e+00 -9.6261085364e-01 -7.3055712299e-02  1.1697186872e+00 -4.6060673126e-02 -6.2568543892e-02 -2.6548866999e-02 -2.6749611962e-01  3.4219831398e+00 -1.2602440762e+00  3.8676041708e-01  9.8372551344e-01 -2.1176810813e+00  1.5988267318e-01 -1.2901377229e+00 -6.7001208684e-01 -3.6247604041e-01  2.2651588004e+00 -4.0012924135e-01  8.8584925168e-01  1.0929781801e+00  1.6703056164e+00  1.0926825572e+00 -7.3769533666e-01  1.7393583289e+00 -1.3849727905e+00 -1.0457074942e+00  1.4014431007e+00 -1.6175015099e+00  7.7852259436e-01  1.3183491566e+00 -5.9252739953e-01  4.2634545144e+00 -6.4911667063e-01 -9.1764049694e-01  3.3010724038e+00 -2.1293613231e+00  7.6257120450e-01  3.5618141573e+00 -1.5954691583e+00  5.8000702953e-01 -1.0804014968e+00 -1.5247199782e+00
ENERGY -4.210716217549e+02

JOB 9
COORDS  4.7232566761e-02  1.1003728945e+00 -9.5196678060e-01  4.8707799552e-01  1.3111597170e-01  1.4327157823e+00 -9.7209051330e-01 -9.6080144007e-02  1.1135804366e+00  5.9213180472e-02 -5.0543353461e-02 -5.7835404808e-03 -2.4252105378e-01  3.4225483888e+00 -1.2540744419e+00  2.2467043371e-01  9.5594615045e-01 -2.1532561452e+00  4.0720162167e-01 -1.2594888455e+00 -6.2329364693e-01 -1.9280388407e-01  2.2870587122e+00 -3.6231155936e-01  8.0044829534e-01  1.1193086411e+00  1.7517785828e+00  1.0495177343e+00 -7.0321413884e-01  1.8396439178e+00 -1.3822046695e+00 -1.0830362847e+00  1.3020742726e+00 -1.6604828827e+00  7.3652468124e-01  1.2144976443e+00 -4.4690233139e-01  4.2817165553e+00 -6.1591654931e-01 -1.0369980092e+00  3.2904653281e+00 -1.9917969261e+00  7.1335435841e-01  3.5414539790e+00 -1.7687188171e+00  3.9540010443e-01 -1.0841461851e+00 -1.5828242598e+00
ENERGY -4.210716812047e+02

JOB 10
COORDS  4.9394925630e-02  1.1107248499e+00 -9.5286977672e-01  4.5015089585e-01  1.5005652791e-01  1.4586010581e+00 -9.7693718023e-01 -1.2951227565e-01  1.0525221611e+00  1.3415184638e-01 -3.3249429942e-02  8.9509692692e-04 -2.1165514203e-01  3.4374582015e+00 -1.2458791517e+00  4.0393600340e-02  9.4679310622e-01 -2.1636817586e+00  5.8344653029e-01 -1.2171811830e+00 -5.9561927189e-01 -3.8822938176e-02  2.3144525289e+00 -3.5343539194e-01  7.0685441507e-01  1.1462228386e+00  1.8012803157e+00  1.0143747217e+00 -6.6448729850e-01  1.9018219830e+00 -1.3617651420e+00 -1.1319221707e+00  1.2100414841e+00 -1.7005263778e+00  6.7707896680e-01  1.1167363113e+00 -2.7576818019e-01  4.3125814600e+00 -5.9989133772e-01 -1.1267581344e+00  3.3202891216e+00 -1.8307631217e+00  6.4199804990e-01  3.5171495192e+00 -1.9221816259e+00  3.2158105614e-01 -1.1664524121e+00 -1.5332290044e+00
ENERGY -4.210711410132e+02

JOB 11
COORDS  2.2238574610e-03  1.1243611163e+00 -9.4629620814e-01  4.1008375785e-01  1.7163224366e-01  1.4765216154e+00 -9.7970066881e-01 -1.9004124960e-01  1.0104990917e+00  1.7064220596e-01 -1.3554735437e-02  8.7498875425e-03 -1.6103459394e-01  3.4585031914e+00 -1.2518523350e+00 -1.9112251192e-01  9.4356659471e-01 -2.1383392899e+00  7.1237649831e-01 -1.1603244730e+00 -5.8320152530e-01  8.4688741993e-02  2.3397494605e+00 -3.7054335354e-01  5.9242559918e-01  1.1776199993e+00  1.8373480038e+00  1.0010689352e+00 -6.1071419383e-01  1.9423516154e+00 -1.3113170670e+00 -1.2144742581e+00  1.1467689978e+00 -1.7542664162e+00  5.6997959017e-01  1.0531509596e+00 -7.8443898570e-02  4.3450291891e+00 -6.2370630371e-01 -1.1590326728e+00  3.3860459279e+00 -1.6899951981e+00  5.8355175117e-01  3.4788470973e+00 -2.0503706432e+00  3.2796942866e-01 -1.2162231495e+00 -1.4767373449e+00
ENERGY -4.210693925456e+02

JOB 12
COORDS -7.8866120664e-02  1.1531079855e+00 -9.2404051785e-01  3.5806496272e-01  1.9171600718e-01  1.4943090712e+00 -9.8139616697e-01 -2.8639891928e-01  9.8154948901e-01  1.7173581558e-01  1.2869511634e-02  2.0449000691e-02 -8.7595226640e-02  3.4857580769e+00 -1.2777027758e+00 -4.5788860917e-01  9.6953688683e-01 -2.0690238147e+00  8.3019113327e-01 -1.0681601803e+00 -5.8184194898e-01  1.8940325243e-01  2.3670000256e+00 -4.0512025632e-01  4.3944826443e-01  1.2040480319e+00  1.8743186985e+00  1.0023594724e+00 -5.4051698017e-01  1.9707734502e+00 -1.2239826852e+00 -1.3378207196e+00  1.1006195442e+00 -1.8250010698e+00  3.9724860697e-01  1.0152279684e+00  1.6100101584e-01  4.3739168704e+00 -6.9750584689e-01 -1.1414963894e+00  3.4929935460e+00 -1.5649339902e+00  5.3067834459e-01  3.4233140736e+00 -2.1756658073e+00  3.6345695316e-01 -1.2486104723e+00 -1.4170642947e+00
ENERGY -4.210666290004e+02

JOB 13
COORDS -1.9190938971e-01  1.1975616112e+00 -8.8439531686e-01  2.9487506268e-01  2.0883901888e-01  1.5115607923e+00 -9.7596298164e-01 -4.1271555162e-01  9.6325343890e-01  1.3541710929e-01  4.5288661063e-02  3.4317672435e-02  4.4022758739e-03  3.5082054950e+00 -1.3220947536e+00 -7.7324697910e-01  1.0396137198e+00 -1.9440999218e+00  9.3347503623e-01 -9.2923278534e-01 -5.9002995785e-01  2.7861364168e-01  2.3847479997e+00 -4.5522176014e-01  2.5096998320e-01  1.2143582571e+00  1.9161763012e+00  1.0142132816e+00 -4.5283899861e-01  1.9836928058e+00 -1.0956952711e+00 -1.4871369489e+00  1.0648546026e+00 -1.8960244942e+00  1.6375598688e-01  9.9995728307e-01  4.3767324247e-01  4.3733261575e+00 -8.2095900897e-01 -1.0728616682e+00  3.6347574877e+00 -1.4520125385e+00  4.6917440739e-01  3.3518722396e+00 -2.2979332211e+00  4.3699969009e-01 -1.2503999991e+00 -1.3627184480e+00
ENERGY -4.210638681836e+02

JOB 14
COORDS -2.9914791957e-01  1.2469059512e+00 -8.2771450373e-01  2.2444118838e-01  2.1475493521e-01  1.5345572214e+00 -9.6538393616e-01 -5.2651975874e-01  9.4024820695e-01  9.3980330223e-02  7.9171792993e-02  5.2540311039e-02  9.0428496075e-02  3.5085316628e+00 -1.3792453226e+00 -1.0752450983e+00  1.1459160737e+00 -1.7614176143e+00  1.0163923635e+00 -7.7219723326e-01 -5.8883540120e-01  3.5958466679e-01  2.3807441242e+00 -5.1761224912e-01  6.3226199367e-02  1.1949530344e+00  1.9714205011e+00  1.0054565240e+00 -3.7903496147e-01  1.9988861196e+00 -9.6911227752e-01 -1.6096670043e+00  1.0175346349e+00 -1.9435928870e+00 -5.5756866588e-02  9.7278889608e-01  6.9704641591e-01  4.3243380505e+00 -9.8702418578e-01 -9.7095693452e-01  3.7656443769e+00 -1.3493112304e+00  3.7498847220e-01  3.2736534911e+00 -2.4073580880e+00  5.4800734319e-01 -1.2014353177e+00 -1.3251093265e+00
ENERGY -4.210620239244e+02

JOB 15
COORDS -3.7340813125e-01  1.2924511699e+00 -7.6592318184e-01  1.5049144615e-01  2.1073624709e-01  1.5574098144e+00 -9.5565889493e-01 -6.1100896116e-01  9.0418929983e-01  6.7785603230e-02  1.0579711583e-01  6.7702331503e-02  1.5670467229e-01  3.4919067275e+00 -1.4378359908e+00 -1.3203356463e+00  1.2787500557e+00 -1.5319196407e+00  1.0881523959e+00 -6.3837268643e-01 -5.6198460332e-01  4.4386909537e-01  2.3513886346e+00 -6.0063329817e-01 -1.0739361516e-01  1.1582885447e+00  2.0198522521e+00  9.6894231112e-01 -3.2797667026e-01  2.0245442034e+00 -8.7040684644e-01 -1.6921226039e+00  9.5857905973e-01 -1.9696787472e+00 -2.2321518719e-01  9.1348432733e-01  9.0757957969e-01  4.2380414037e+00 -1.1792405085e+00 -8.4906725527e-01  3.8683248372e+00 -1.2367650663e+00  2.3290333784e-01  3.2162290234e+00 -2.4922925953e+00  6.7963364149e-01 -1.1292152999e+00 -1.2948184339e+00
ENERGY -4.210613100844e+02

JOB 16
COORDS  4.3122396372e-02  1.2804250763e+00 -1.0132823237e+00  4.2882297437e-01  1.3141408572e-01  1.2828795927e+00 -9.9679056302e-01 -2.0942978414e-01  8.5237769822e-01  5.3697955994e-02  2.1864644102e-02 -1.7617537316e-01  1.4406196441e+00  2.8152700862e+00 -2.1522137780e+00 -9.3840995431e-01  1.8983691328e+00 -1.3716644471e+00  4.9343171623e-01 -1.1105597550e+00 -8.9548725325e-01  1.3154359036e+00  1.6588151188e+00 -1.2965223638e+00  6.2117827764e-01  1.1152243397e+00  1.7012787601e+00  1.0379509970e+00 -6.7370255948e-01  1.6830109021e+00 -1.3254787788e+00 -1.2365228432e+00  9.7131387719e-01 -1.7661435256e+00  5.4803184586e-01  9.5952390830e-01  2.5117052853e+00  2.9617279711e+00 -2.2902427594e+00  9.8949339353e-01  3.6884018339e+00 -1.6753560019e+00  9.4826053931e-01  2.6342400840e+00 -3.1105129021e+00  1.4434519923e+00 -9.9423074329e-01 -1.0650438375e+00
ENERGY -4.210629473365e+02

JOB 17
COORDS  6.6196206753e-02  1.3126038517e+00 -9.5364805036e-01  3.5808229493e-01  1.4550175028e-01  1.3208282573e+00 -1.0167973041e+00 -2.6217336018e-01  8.0457178828e-01  7.4872084222e-02  2.8470726782e-02 -1.6581611524e-01  1.4402931269e+00  2.7743637459e+00 -2.2138545369e+00 -8.7986824253e-01  2.0595687852e+00 -1.1035753520e+00  6.1267746798e-01 -1.0748716581e+00 -8.5729829956e-01  1.3132251294e+00  1.5737785997e+00 -1.4221543148e+00  4.7303399255e-01  1.1338412089e+00  1.7564899283e+00  9.8917036671e-01 -6.3152565475e-01  1.7414100576e+00 -1.2985627429e+00 -1.3057573704e+00  8.9649305598e-01 -1.8257214166e+00  4.5756447598e-01  8.6914197829e-01  2.4856100780e+00  2.8129486303e+00 -2.5196430016e+00  1.1799361948e+00  3.6504479008e+00 -1.6156080800e+00  7.8444077476e-01  2.7252028034e+00 -3.0860105431e+00  1.5437602432e+00 -8.7062590234e-01 -1.0474430733e+00
ENERGY -4.210655529598e+02

JOB 18
COORDS  1.1190647238e-01  1.3382583477e+00 -8.9407504226e-01  2.8617547975e-01  1.4892247375e-01  1.3627005603e+00 -1.0305513202e+00 -2.9810390821e-01  7.5217868847e-01  1.1217079206e-01  3.4893084915e-02 -1.4857574705e-01  1.4244323264e+00  2.7463401526e+00 -2.2742714944e+00 -7.6578499037e-01  2.1787455236e+00 -8.5918521617e-01  7.2352365302e-01 -1.0474216461e+00 -8.0490245800e-01  1.2905496382e+00  1.5070004097e+00 -1.5459046828e+00  3.3781286711e-01  1.1383251964e+00  1.8071976293e+00  9.1805658506e-01 -6.1006117355e-01  1.8133768664e+00 -1.2808487279e+00 -1.3519024260e+00  8.1388581702e-01 -1.8639469751e+00  3.9569291184e-01  7.6677827261e-01  2.4067638912e+00  2.7037005910e+00 -2.7441482711e+00  1.3590106546e+00  3.5955210743e+00 -1.5902663457e+00  6.3901493415e-01  2.8289470058e+00 -3.0286559335e+00  1.6320629739e+00 -7.7951908433e-01 -1.0222489444e+00
ENERGY -4.210680056845e+02

JOB 19
COORDS  1.7799748005e-01  1.3699516640e+00 -8.2562103003e-01  2.1506308521e-01  1.3365272596e-01  1.4096576869e+00 -1.0391752371e+00 -3.1833742570e-01  6.9497507701e-01  1.6467287976e-01  5.0292255523e-02 -1.1719250998e-01  1.3933737349e+00  2.7250164491e+00 -2.3390081698e+00 -6.1444029221e-01  2.2749406478e+00 -6.4199315968e-01  8.2743621575e-01 -1.0152791747e+00 -7.4616306556e-01  1.2538543405e+00  1.4656713330e+00 -1.6465600151e+00  2.1852911825e-01  1.1171310559e+00  1.8690471244e+00  8.2606227008e-01 -6.2480546715e-01  1.8887194906e+00 -1.2738898563e+00 -1.3774943113e+00  7.1021542095e-01 -1.8817108918e+00  3.6353085984e-01  6.6085745108e-01  2.2881247144e+00  2.6222556305e+00 -2.9525365889e+00  1.5068905615e+00  3.5409039644e+00 -1.6215759582e+00  5.1684380761e-01  2.9120511171e+00 -2.9628720686e+00  1.7207163236e+00 -7.1014279098e-01 -9.7606598623e-01
ENERGY -4.210696956752e+02

JOB 20
COORDS  2.6618496673e-01  1.4051205120e+00 -7.4938679738e-01  1.4605654280e-01  1.0418295567e-01  1.4520613927e+00 -1.0424960393e+00 -3.2204224072e-01  6.2772316077e-01  2.3002601975e-01  7.0223517491e-02 -7.4545321763e-02  1.3439953096e+00  2.7082371608e+00 -2.4022335287e+00 -4.2891010828e-01  2.3574745825e+00 -4.4480252351e-01  9.2612809020e-01 -9.8417114413e-01 -6.8431624164e-01  1.2134168243e+00  1.4431108466e+00 -1.7182597471e+00  1.1441726231e-01  1.0761372881e+00  1.9336683520e+00  7.1491703715e-01 -6.6984433807e-01  1.9571586532e+00 -1.2749369128e+00 -1.3810376934e+00  5.8408533277e-01 -1.8796873451e+00  3.6230222840e-01  5.4545878434e-01  2.1317326039e+00  2.5595106478e+00 -3.1403914953e+00  1.6173221700e+00  3.4954731126e+00 -1.6959822948e+00  4.0300361689e-01  2.9718495717e+00 -2.8896422216e+00  1.8191782158e+00 -6.6718847407e-01 -8.9671180524e-01
ENERGY -4.210702463969e+02

JOB 21
COORDS -4.5052525081e-01  1.3382893010e+00 -8.1233368824e-01  7.7490711217e-01 -4.3344659544e-02  9.6560280053e-01 -6.9142486201e-01 -7.2330875854e-02  1.3175157389e+00 -2.4820515539e-01  1.6447330986e-02 -1.4043683925e-01 -1.0635525164e+00  2.4197196054e+00 -2.8214771355e+00 -3.1891770566e-01  2.4193419616e+00 -2.6650292500e-01 -3.2256714190e-01 -1.1364072128e+00 -9.3687092763e-01 -8.2809958556e-01  1.1885237910e+00 -2.1044690144e+00  1.3324557574e+00  8.6388573931e-01  1.1705754190e+00  1.3276769835e+00 -9.7561918455e-01  1.0184311260e+00 -1.1222232607e+00 -1.0254886753e+00  1.6065921357e+00 -1.1281928874e+00  8.1509986778e-01  1.7637698858e+00 -1.3476303301e+00  2.1186239086e+00 -3.8295159301e+00 -1.5432819519e-01  3.0243098198e+00 -2.8407810517e+00 -1.8651189814e+00  2.9896781721e+00 -2.3461018078e+00 -1.1425128905e+00 -1.0906761207e+00 -1.4548254881e+00
ENERGY -4.210700798932e+02

JOB 22
COORDS -3.2766673498e-01  1.3365315511e+00 -8.4287365508e-01  7.4717200745e-01 -5.2729351010e-02  1.0338506579e+00 -7.4440884895e-01 -5.4932747731e-02  1.2569535639e+00 -1.6391360453e-01  1.5343518401e-02 -1.5907940433e-01 -1.1424910220e+00  2.4123626686e+00 -2.7865362376e+00 -5.1839324111e-02  2.4166407903e+00 -3.5382835822e-01 -2.0680852643e-01 -1.1356005553e+00 -9.5883057541e-01 -8.9705809967e-01  1.1860956538e+00 -2.0647547323e+00  1.3008204805e+00  8.4684719982e-01  1.2793391341e+00  1.2763548016e+00 -9.9309125348e-01  1.1482407073e+00 -1.2172237417e+00 -9.9882463574e-01  1.5091218279e+00 -1.2060655660e+00  8.4049705462e-01  1.6606039873e+00 -1.5862561922e+00  2.1082627351e+00 -3.7342596285e+00 -2.0450905086e-01  2.9461333918e+00 -2.9532077543e+00 -1.8271603513e+00  3.0522729037e+00 -2.2252735944e+00 -9.9720513651e-01 -1.0757561551e+00 -1.5202936400e+00
ENERGY -4.210701204279e+02

JOB 23
COORDS -2.1767909114e-01  1.3289382593e+00 -8.8180615685e-01  7.1209350696e-01 -4.7699722888e-02  1.0891725039e+00 -7.9461527232e-01 -4.2860645570e-02  1.1820879556e+00 -8.6288661234e-02  1.2571962930e-02 -1.7683814836e-01 -1.2098691167e+00  2.4139289406e+00 -2.7384179598e+00  2.0378634979e-01  2.3952288305e+00 -4.7573579509e-01 -8.1124662295e-02 -1.1393647454e+00 -9.7651278468e-01 -9.7074211112e-01  1.1946104532e+00 -2.0032807765e+00  1.2474501595e+00  8.5152010633e-01  1.3736208135e+00  1.2242469485e+00 -9.8790665136e-01  1.2654315588e+00 -1.2915553597e+00 -9.8272804383e-01  1.4018548777e+00 -1.2876045470e+00  8.5484850552e-01  1.5422217532e+00 -1.8043624874e+00  2.1209079714e+00 -3.6034684922e+00 -2.6308053840e-01  2.8578973797e+00 -3.0532484708e+00 -1.7552637279e+00  3.1287186592e+00 -2.1179661695e+00 -8.7365029948e-01 -1.1085584908e+00 -1.5379424108e+00
ENERGY -4.210689360501e+02

