JOB 0
COORDS  3.5235035137e+00 -2.0186550370e+00  6.3022839896e-01  3.5379150994e+00 -2.6662281081e+00 -5.6680847878e-01  1.5563062772e+00 -1.3389746572e+00 -4.5722176814e-01 -5.8049430852e-01  7.8690209688e-01  6.9175924118e-01  1.9944086875e-01  8.3989851721e-01 -6.3751002556e-01  1.8464256034e-01 -7.3922888709e-01 -5.5554101535e-01 -6.8478670699e-01 -1.4383272500e+00 -1.6008485413e+00  2.2216439066e+00 -1.4170295130e+00  7.1441905915e-01 -4.0152717376e-01 -6.1335747805e-01  8.0050354403e-01 -1.1572815349e+00  1.5746400133e+00  1.3859543538e+00  2.7390138299e+00 -1.5576630929e+00 -1.7034665066e+00  4.0723061611e+00 -2.2170949565e+00  1.5438898007e+00  4.4031554370e+00 -3.2023353973e+00 -9.4982515541e-01 -3.6964971320e-01  1.2457604514e+00 -1.4752417261e+00  1.1762827909e+00  1.3234553608e+00 -5.7701921236e-01 -1.6665923802e+00 -9.5967726030e-01 -1.6316515975e+00 -8.1973238334e-01 -2.4968994176e+00 -1.3603301222e+00 -2.3547676788e-01 -1.3664276036e+00 -2.5951490145e+00  1.7244565324e+00 -1.1957989364e+00  1.5815180311e+00 -1.0985116748e+00 -1.2484758660e+00  1.1901038996e+00
ENERGY -8.548183425424e+02

JOB 1
COORDS  3.4798920194e+00 -2.0394789540e+00  6.3482467346e-01  3.6482107752e+00 -2.5879633648e+00 -5.9998571498e-01  1.5488086828e+00 -1.3664962062e+00 -4.5440983157e-01 -5.4425192445e-01  8.0166571773e-01  7.0875857753e-01  2.2824177238e-01  8.4030984665e-01 -6.2434635084e-01  1.8528360033e-01 -7.3611199627e-01 -5.4747477770e-01 -7.0441384212e-01 -1.4161292502e+00 -1.5871593354e+00  2.1987693274e+00 -1.4766035319e+00  7.1190078418e-01 -3.8894863146e-01 -6.0363979475e-01  8.1391519118e-01 -1.1039538602e+00  1.5962834300e+00  1.4089800767e+00  2.6527375817e+00 -1.6907701854e+00 -1.7325482764e+00  4.0360311797e+00 -2.2362314438e+00  1.5435227581e+00  4.5490813764e+00 -3.0690443416e+00 -9.6512292244e-01 -3.3880539177e-01  1.2609673851e+00 -1.4562557262e+00  1.2143710404e+00  1.3058114972e+00 -5.7128855125e-01 -1.6776852628e+00 -9.1996284401e-01 -1.6112062538e+00 -8.5604162895e-01 -2.4729675052e+00 -1.3490532447e+00 -2.6351681522e-01 -1.3485343018e+00 -2.5860268937e+00  1.7133673593e+00 -1.2157829593e+00  1.5748362745e+00 -1.1011501841e+00 -1.2242260028e+00  1.1997982938e+00
ENERGY -8.548550633606e+02

JOB 2
COORDS  3.5237036326e+00 -2.0885369306e+00  5.8102574002e-01  3.7538950103e+00 -2.5051567623e+00 -6.9184333802e-01  1.5901228177e+00 -1.3640170639e+00 -4.4350908265e-01 -4.2261354150e-01  8.2006022979e-01  8.2960488273e-01  3.2246461117e-01  8.7640126705e-01 -5.1822166569e-01  2.3864302034e-01 -6.9952974284e-01 -4.8649195670e-01 -6.9211695439e-01 -1.3224497388e+00 -1.5251809521e+00  2.2631682095e+00 -1.5195014042e+00  6.9766165733e-01 -3.0060656547e-01 -5.9075434025e-01  8.9058670887e-01 -9.4624900757e-01  1.6076395518e+00  1.5649718822e+00  2.5758737716e+00 -1.8057986845e+00 -1.7706756055e+00  4.1131813064e+00 -2.2898965800e+00  1.4666896138e+00  4.6488916862e+00 -2.9713771413e+00 -1.0843764466e+00 -2.4848445702e-01  1.3373911579e+00 -1.3256709675e+00  1.3223462953e+00  1.3125249303e+00 -4.7257989841e-01 -1.6530059617e+00 -8.0257085418e-01 -1.5087997212e+00 -8.6429140113e-01 -2.3828602311e+00 -1.3191955477e+00 -2.7637023863e-01 -1.2295057203e+00 -2.5332055040e+00  1.8118272936e+00 -1.2517187486e+00  1.5768736650e+00 -1.0107377811e+00 -1.2088409692e+00  1.2841615610e+00
ENERGY -8.548752663693e+02

JOB 3
COORDS  3.5055755560e+00 -2.1188476191e+00  5.9454392642e-01  3.8132437903e+00 -2.4028634313e+00 -6.9709265424e-01  1.5876154015e+00 -1.3715685232e+00 -4.4214641959e-01 -4.0841494963e-01  8.3865751727e-01  8.0940463280e-01  3.4301665810e-01  8.7547805920e-01 -5.3555537854e-01  2.4090061733e-01 -6.9911015823e-01 -4.9186925443e-01 -6.9247294777e-01 -1.3183696238e+00 -1.5302332557e+00  2.2499626028e+00 -1.5443649066e+00  7.0135622444e-01 -3.0168750517e-01 -5.7290559510e-01  8.8202730453e-01 -9.2651666672e-01  1.6376766504e+00  1.5363316156e+00  2.5162698489e+00 -1.9381171813e+00 -1.7585959133e+00  4.1023959022e+00 -2.2967291257e+00  1.4798887170e+00  4.7161648897e+00 -2.8570279151e+00 -1.0839006475e+00 -2.1824000030e-01  1.3368867568e+00 -1.3495095542e+00  1.3477328364e+00  1.3003045510e+00 -4.8886556521e-01 -1.6464881442e+00 -7.8582404649e-01 -1.5231237334e+00 -8.8017430057e-01 -2.3745785019e+00 -1.3162833268e+00 -2.7211736838e-01 -1.2373390723e+00 -2.5376243772e+00  1.8017680687e+00 -1.2608088595e+00  1.5772509102e+00 -1.0183749830e+00 -1.1807144014e+00  1.2797109266e+00
ENERGY -8.548818288313e+02

JOB 4
COORDS  3.4865105182e+00 -2.1769271253e+00  5.8747757441e-01  3.8478904193e+00 -2.2874644234e+00 -7.1788985310e-01  1.5803276153e+00 -1.3826592467e+00 -4.3401196571e-01 -3.9243874567e-01  8.4108198500e-01  8.2102151195e-01  3.5748921031e-01  8.6794303081e-01 -5.2504862851e-01  2.3813238550e-01 -7.0593875621e-01 -4.7809290893e-01 -7.0203683630e-01 -1.3163583165e+00 -1.5157676357e+00  2.2320446836e+00 -1.5964225983e+00  7.1014805400e-01 -3.0090705346e-01 -5.7146768303e-01  8.9634529466e-01 -9.0091014133e-01  1.6470847756e+00  1.5470047442e+00  2.4581637569e+00 -2.0459760436e+00 -1.7437365802e+00  4.0938888600e+00 -2.3520536294e+00  1.4665092385e+00  4.7564975966e+00 -2.7202007545e+00 -1.1174095931e+00 -1.9955773225e-01  1.3332583263e+00 -1.3396672497e+00  1.3666121489e+00  1.2825422099e+00 -4.8063456824e-01 -1.6501819440e+00 -7.7343159993e-01 -1.5085859601e+00 -9.0182805741e-01 -2.3700382196e+00 -1.3000096458e+00 -2.8212815765e-01 -1.2395011158e+00 -2.5237202936e+00  1.7908926621e+00 -1.3150573184e+00  1.5901401324e+00 -1.0251268873e+00 -1.1696777650e+00  1.2949580726e+00
ENERGY -8.548758134703e+02

JOB 5
COORDS  3.4770408814e+00 -2.2181596187e+00  5.9510347841e-01  3.8634383495e+00 -2.1522201059e+00 -7.0861187902e-01  1.5717632208e+00 -1.3909941053e+00 -4.2651134971e-01 -3.7801193554e-01  8.6393681536e-01  7.9646664159e-01  3.8131036588e-01  8.6463888005e-01 -5.4505397188e-01  2.3777800081e-01 -7.0838019994e-01 -4.7924132931e-01 -7.0372886985e-01 -1.3159245711e+00 -1.5177862033e+00  2.2078972321e+00 -1.6383861554e+00  7.2634403055e-01 -3.0699978819e-01 -5.4779987243e-01  8.8961357315e-01 -8.7885425743e-01  1.6869946594e+00  1.5085374663e+00  2.4170477460e+00 -2.1686329339e+00 -1.7042498159e+00  4.0863699292e+00 -2.3860796182e+00  1.4748895640e+00  4.7822666905e+00 -2.5564162325e+00 -1.1192930883e+00 -1.6192878217e-01  1.3266065370e+00 -1.3707617396e+00  1.3959857122e+00  1.2652406975e+00 -4.9748944979e-01 -1.6425391857e+00 -7.5702376199e-01 -1.5242438428e+00 -9.2410398377e-01 -2.3629869227e+00 -1.2896587808e+00 -2.7474746908e-01 -1.2577950842e+00 -2.5229854781e+00  1.7730547069e+00 -1.3481729267e+00  1.6061874525e+00 -1.0388711065e+00 -1.1321111573e+00  1.2947142118e+00
ENERGY -8.548560680357e+02

JOB 6
COORDS  3.5157040343e+00 -2.0411425284e+00  8.8597409338e-01  3.9969992750e+00 -1.9127561465e+00 -3.8106458953e-01  1.7131043318e+00 -1.2267188614e+00 -3.7359702065e-01 -1.6994633551e-01  1.2621384067e+00  3.9691262148e-01  6.9856060241e-01  1.0503965702e+00 -8.5998563963e-01  4.3624274399e-01 -4.9260274696e-01 -6.1825338327e-01 -4.5347672281e-01 -1.1685641963e+00 -1.6609660094e+00  2.2199077503e+00 -1.4242702553e+00  8.6266193220e-01 -2.0687070201e-01 -1.2681470446e-01  6.6443350898e-01 -6.6788129431e-01  2.1981540054e+00  9.5479378545e-01  2.6090219084e+00 -2.2532546407e+00 -1.4397129799e+00  4.0371339056e+00 -2.1434045533e+00  1.8307977251e+00  4.9524126476e+00 -2.3234415468e+00 -7.0005497239e-01  2.6409621135e-01  1.4343723329e+00 -1.7840629582e+00  1.7312400921e+00  1.3923763585e+00 -7.6407220136e-01 -1.3435500822e+00 -5.5638712208e-01 -1.8246700964e+00 -7.7102915656e-01 -2.1606196934e+00 -1.3262697104e+00  6.5251238470e-02 -1.2684574176e+00 -2.6190844935e+00  1.7465926290e+00 -1.0038442266e+00  1.6664921593e+00 -1.0043181048e+00 -6.1283758790e-01  1.0753438255e+00
ENERGY -8.548196135615e+02

