JOB 0
COORDS  9.4180242265e-02  2.6715990465e+00  2.0506708626e+00  9.3928767143e-01  1.9630953723e+00  9.7572195450e-01  6.5839099077e-01  4.8572350742e-01  8.9743762876e-01  1.5510408781e+00 -4.8752432266e-01  1.1197890764e+00  1.2627017528e+00 -1.9627115110e+00  1.0493464568e+00  1.1149933904e-01  3.7588987901e+00  1.9183475730e+00  4.4852242459e-01  2.4302775873e+00  3.0577492574e+00 -9.5453511976e-01  2.3583082339e+00  1.9862551067e+00  7.1511909696e-01  2.4165888672e+00  5.5477109034e-05  2.0060009562e+00  2.1331017184e+00  1.1602033579e+00 -3.6987923720e-01  2.0947395880e-01  6.5094000319e-01  2.5758854573e+00 -2.0678079895e-01  1.3718406137e+00  1.8918167663e+00 -2.4538189616e+00  2.9616225317e-01  2.1577433668e-01 -2.1545506106e+00  7.9439375583e-01  1.4752976791e+00 -2.4536205064e+00  2.0075349109e+00
ENERGY -1.965742215958e+02

JOB 1
COORDS  1.2460803717e-01  2.6036522445e+00  2.0281152122e+00  1.0141550287e+00  1.8889088646e+00  9.8703352003e-01  7.1180954412e-01  4.1812070372e-01  8.7056667766e-01  1.5749510060e+00 -5.7563788701e-01  1.1175367239e+00  1.2643442454e+00 -2.0436574914e+00  1.0044540818e+00 -4.5692502898e-02  3.6521096177e+00  1.7619416074e+00  5.5656562694e-01  2.5523127835e+00  3.0319964337e+00 -8.6412621905e-01  2.1326047581e+00  2.0757374694e+00  8.4532980250e-01  2.3527035920e+00  5.4469842573e-03  2.0738228992e+00  2.0392223848e+00  1.2201649156e+00 -3.0807196944e-01  1.6625084034e-01  5.6957980332e-01  2.5909184186e+00 -3.1875841713e-01  1.4247869776e+00  1.9206111311e+00 -2.5323593571e+00  2.7318901843e-01  2.2787583559e-01 -2.2112061384e+00  6.9534055844e-01  1.4211509873e+00 -2.5561869581e+00  1.9620715089e+00
ENERGY -1.965726084192e+02

JOB 2
COORDS  1.1381151152e-01  2.6144810351e+00  2.0330564147e+00  1.0287315569e+00  1.8942602035e+00  1.0091543833e+00  7.1594652212e-01  4.2758759408e-01  8.6845460237e-01  1.5651435619e+00 -5.7633216431e-01  1.1224518121e+00  1.2446285311e+00 -2.0401480894e+00  9.8494504219e-01 -2.5276013745e-01  3.5722676856e+00  1.6504030115e+00  6.2834499772e-01  2.7900017499e+00  2.9823010078e+00 -7.7145015391e-01  2.0088386218e+00  2.2558486567e+00  9.0346669045e-01  2.3676775349e+00  2.6320261164e-02  2.0824996565e+00  2.0243449282e+00  1.2769684438e+00 -2.9878887978e-01  1.8777499997e-01  5.4139715667e-01  2.5759550862e+00 -3.3183962298e-01  1.4556582070e+00  1.9133123125e+00 -2.5261315343e+00  2.6318086510e-01  2.1418722178e-01 -2.1949230129e+00  6.5007987435e-01  1.3748521842e+00 -2.5651989653e+00  1.9397647524e+00
ENERGY -1.965707779961e+02

JOB 3
COORDS  1.0405563287e-01  2.6153544087e+00  2.0341617925e+00  1.0451346133e+00  1.8945183214e+00  1.0295826181e+00  7.2160290351e-01  4.3288359731e-01  8.6166700488e-01  1.5561352306e+00 -5.8059172020e-01  1.1258494946e+00  1.2269524007e+00 -2.0402545021e+00  9.6636013045e-01 -4.4465339242e-01  3.4376173242e+00  1.5644413872e+00  6.6374682293e-01  3.0304609475e+00  2.8778388561e+00 -6.3582510552e-01  1.9240320086e+00  2.4497365087e+00  9.7454147391e-01  2.3866522775e+00  5.1136142184e-02  2.0887376724e+00  1.9961794240e+00  1.3450955741e+00 -2.8651033751e-01  2.0400693682e-01  5.0715512822e-01  2.5605065201e+00 -3.4796611564e-01  1.4859864595e+00  1.9085110241e+00 -2.5247158831e+00  2.5570013187e-01  2.0352172454e-01 -2.1831087379e+00  6.0573032490e-01  1.3303286335e+00 -2.5757635717e+00  1.9186629027e+00
ENERGY -1.965698640537e+02

JOB 4
COORDS  6.5626866897e-02  2.6110799500e+00  2.0345201783e+00  1.0316502936e+00  1.9008391502e+00  1.0494084624e+00  7.0882375245e-01  4.4193123861e-01  8.5684685801e-01  1.5349113616e+00 -5.7459994473e-01  1.1352340226e+00  1.2076538503e+00 -2.0326407568e+00  9.5798738979e-01 -6.5109386090e-01  3.2533311195e+00  1.5127327860e+00  6.1822344930e-01  3.2568740143e+00  2.7250055043e+00 -4.9253398819e-01  1.8904919693e+00  2.6393858999e+00  1.0057907170e+00  2.4142058739e+00  7.9887491051e-02  2.0622922685e+00  1.9836859537e+00  1.4110764714e+00 -2.8982571561e-01  2.1582325199e-01  4.7445098963e-01  2.5301744118e+00 -3.4617226946e-01  1.5224434035e+00  1.9061383565e+00 -2.5134286463e+00  2.6140748035e-01  1.9338462337e-01 -2.1715216407e+00  5.7094915420e-01  1.2865096124e+00 -2.5746075252e+00  1.9089932989e+00
ENERGY -1.965704822979e+02

JOB 5
COORDS -1.7015676465e-03  2.6034599625e+00  2.0294122635e+00  9.8794753373e-01  1.9097036308e+00  1.0646817700e+00  6.7426587167e-01  4.5185512380e-01  8.5211334445e-01  1.4955118279e+00 -5.6403381179e-01  1.1468327273e+00  1.1771682862e+00 -2.0220014157e+00  9.5355818141e-01 -8.5791057526e-01  3.0282911889e+00  1.4947439902e+00  4.8579286110e-01  3.4405010495e+00  2.5419365904e+00 -3.6727883841e-01  1.9125980854e+00  2.7946375695e+00  9.8751604866e-01  2.4394656355e+00  1.0325133457e-01  2.0063754084e+00  1.9907265253e+00  1.4613272536e+00 -3.1383256425e-01  2.2403081534e-01  4.4391093107e-01  2.4805016234e+00 -3.3539745043e-01  1.5594634040e+00  1.8941616703e+00 -2.4966538651e+00  2.7173536794e-01  1.7312504284e-01 -2.1618673296e+00  5.4108383122e-01  1.2344953620e+00 -2.5691133041e+00  1.9031823597e+00
ENERGY -1.965722018324e+02

JOB 6
COORDS -4.9787387367e-02  2.5890121183e+00  2.0030326132e+00  9.6267036874e-01  1.9057629085e+00  1.0634372294e+00  6.5596689949e-01  4.4822493260e-01  8.3932108817e-01  1.4658639978e+00 -5.6874115362e-01  1.1604265554e+00  1.1530367167e+00 -2.0261126124e+00  9.5431637506e-01 -1.0028997113e+00  2.7750345759e+00  1.4953700977e+00  3.2757015517e-01  3.5637039796e+00  2.3330034727e+00 -2.3961446973e-01  1.9798214166e+00  2.8920740838e+00  9.7552744408e-01  2.4383051362e+00  1.0299056287e-01  1.9714657707e+00  1.9951102480e+00  1.4831546700e+00 -3.1729337630e-01  2.2298599879e-01  3.9557839008e-01  2.4357890308e+00 -3.4137931918e-01  1.6079950317e+00  1.8923179536e+00 -2.5005721135e+00  2.9657746251e-01  1.6342255143e-01 -2.1643111946e+00  5.0781764348e-01  1.1775663925e+00 -2.5744385998e+00  1.9046193067e+00
ENERGY -1.965739452562e+02

JOB 7
COORDS  2.5466061053e-02  2.6445607713e+00  2.0444575761e+00  1.0284116210e+00  1.9604763100e+00  1.0991257037e+00  6.9495074431e-01  5.1271373016e-01  8.5261946828e-01  1.4791405081e+00 -5.2645435507e-01  1.1664891894e+00  1.1376926380e+00 -1.9733080530e+00  9.3351865227e-01 -9.8935809448e-01  2.6148504024e+00  1.6315353614e+00  2.8882514030e-01  3.6960961987e+00  2.2039268400e+00  4.9174904056e-03  2.1450109191e+00  3.0186395929e+00  1.0385341885e+00  2.5009405499e+00  1.4246428769e-01  2.0404771991e+00  2.0377935390e+00  1.5130437811e+00 -2.7855931562e-01  3.1636294014e-01  3.9609827120e-01  2.4488431239e+00 -3.2706395474e-01  1.6276290986e+00  1.8753634406e+00 -2.4537648638e+00  2.7835453085e-01  1.5141304879e-01 -2.0829506739e+00  4.7193424267e-01  1.1373477805e+00 -2.5364228148e+00  1.8754541824e+00
ENERGY -1.965747547189e+02

JOB 8
COORDS  2.9497790040e-02  2.6479110706e+00  2.0495577070e+00  1.0509815833e+00  1.9616113998e+00  1.1235510479e+00  7.0853172655e-01  5.2073748829e-01  8.5139947533e-01  1.4687139905e+00 -5.3280781884e-01  1.1764550409e+00  1.1174239873e+00 -1.9717808731e+00  9.1147000377e-01 -9.9676720062e-01  2.4086694765e+00  1.7487738444e+00  1.4818201628e-01  3.7364767999e+00  2.0460616248e+00  1.4649978124e-01  2.2944494643e+00  3.0798506712e+00  1.0791282836e+00  2.5035290300e+00  1.6777595195e-01  2.0566959755e+00  2.0343586128e+00  1.5524376975e+00 -2.5190791196e-01  3.4428037801e-01  3.6068150192e-01  2.4247788188e+00 -3.5217216286e-01  1.6724059482e+00  1.8716877086e+00 -2.4532008053e+00  2.7621466839e-01  1.4683850188e-01 -2.0621564716e+00  4.1381842625e-01  1.0763709532e+00 -2.5473614063e+00  1.8449343812e+00
ENERGY -1.965742236003e+02

JOB 9
COORDS -3.6990583666e-02  2.7223291517e+00  2.0689619452e+00  9.8964761421e-01  2.0364688931e+00  1.1406870008e+00  6.5275989477e-01  5.9532730612e-01  8.6258497580e-01  1.4170292384e+00 -4.5747914919e-01  1.1805091150e+00  1.0716533062e+00 -1.8959113261e+00  9.0491123207e-01 -1.0343447971e+00  2.2866961124e+00  1.9448555176e+00 -9.6657513552e-02  3.8008151798e+00  1.8930063421e+00  2.3159148206e-01  2.5657338694e+00  3.1195283542e+00  1.0127387314e+00  2.5739410393e+00  1.8252011441e-01  1.9975817639e+00  2.1148189040e+00  1.5620132014e+00 -3.0700654398e-01  4.1916657979e-01  3.7069682080e-01  2.3720804596e+00 -2.7641241096e-01  1.6781738526e+00  1.8268566044e+00 -2.3690638102e+00  2.6456028906e-01  1.0063338616e-01 -1.9866840209e+00  4.0814973855e-01  1.0347185065e+00 -2.4789610236e+00  1.8338865051e+00
ENERGY -1.965726277663e+02

JOB 10
COORDS -4.9198420124e-02  2.7354291470e+00  2.0746152461e+00  9.9794764746e-01  2.0412441912e+00  1.1660882467e+00  6.5556655146e-01  6.0607120052e-01  8.6351321348e-01  1.4060297526e+00 -4.5638741960e-01  1.1821984119e+00  1.0557436076e+00 -1.8887450001e+00  8.8207288593e-01 -9.7773636506e-01  2.1573558491e+00  2.1233303236e+00 -2.8675605732e-01  3.7484042163e+00  1.7363924639e+00  3.1625344141e-01  2.8059087833e+00  3.1045824044e+00  1.0608869868e+00  2.5859605285e+00  2.1453766317e-01  1.9946188321e+00  2.0984538442e+00  1.6157449894e+00 -2.9546089990e-01  4.4310750721e-01  3.5060903162e-01  2.3524041872e+00 -2.8862721328e-01  1.7006191501e+00  1.8195977789e+00 -2.3594206105e+00  2.5020994156e-01  9.3809631678e-02 -1.9661799504e+00  3.6575817035e-01  9.9689838409e-01 -2.4831453258e+00  1.8026982430e+00
ENERGY -1.965708081847e+02

JOB 11
COORDS -5.3513634655e-02  2.7378103556e+00  2.0810710493e+00  1.0125785424e+00  2.0388531496e+00  1.1926605968e+00  6.6236155922e-01  6.1143426625e-01  8.6243613049e-01  1.3983242684e+00 -4.6069117947e-01  1.1822617700e+00  1.0412036328e+00 -1.8864008097e+00  8.5942010911e-01 -8.8197679265e-01  2.0613868056e+00  2.3134662812e+00 -4.7517856777e-01  3.6240580967e+00  1.5968965502e+00  3.7357681513e-01  3.0571209341e+00  3.0367499486e+00  1.1269374004e+00  2.5998800955e+00  2.5631388948e-01  1.9917964105e+00  2.0634531409e+00  1.6820259805e+00 -2.8024402713e-01  4.6135674884e-01  3.3016367120e-01  2.3364213487e+00 -3.0701729559e-01  1.7197889915e+00  1.8122715765e+00 -2.3564935147e+00  2.3593769473e-01  8.8128587819e-02 -1.9495620451e+00  3.2506916823e-01  9.6073582026e-01 -2.4907385235e+00  1.7719098368e+00
ENERGY -1.965698682691e+02

JOB 12
COORDS -1.8329307170e-01  2.5411076677e+00  2.0093094405e+00  4.5124083432e-01  1.7726828196e+00  8.1972329897e-01  4.5438450982e-01  2.7930816507e-01  1.0181450478e+00  1.5481412021e+00 -4.9261128889e-01  1.0500101164e+00  1.5531365611e+00 -1.9821842135e+00  1.2633644459e+00 -2.7699409528e-01  1.8985663777e+00  2.8902744006e+00 -1.1919956511e+00  2.8928980258e+00  1.7678087649e+00  4.1107844784e-01  3.4163801438e+00  2.2878315192e+00 -8.8063156759e-02  2.0198210284e+00 -1.0345318354e-01  1.4838964924e+00  2.1049967977e+00  6.6723818900e-01 -5.2243614306e-01 -1.8972595707e-01  1.1614439218e+00  2.5232443375e+00 -2.0741415149e-02  9.1163741970e-01  2.0073661417e+00 -2.5027695791e+00  4.1076972422e-01  5.3895756809e-01 -2.3712913730e+00  1.3970397894e+00  2.1415084335e+00 -2.2533360617e+00  2.1491690899e+00
ENERGY -1.965704576908e+02

JOB 13
COORDS -1.6582010954e-01  2.5376542817e+00  2.0066658180e+00  4.8591674869e-01  1.7843136073e+00  8.2391267813e-01  4.6281233755e-01  2.8870725188e-01  1.0013543936e+00  1.5450755079e+00 -4.9801836286e-01  1.0560454239e+00  1.5247049016e+00 -1.9897047022e+00  1.2529868103e+00 -4.9901356341e-02  1.9781026070e+00  2.9401882645e+00 -1.2442293675e+00  2.6577027308e+00  1.8501465398e+00  2.6116335108e-01  3.5369850061e+00  2.1342029778e+00 -2.3611198100e-02  2.0612700050e+00 -1.0807650145e-01  1.5283469613e+00  2.1039523927e+00  7.1137734927e-01 -5.2315700559e-01 -1.7008551565e-01  1.1123890955e+00  2.5299843044e+00 -3.8195036755e-02  9.5019612676e-01  1.9963602739e+00 -2.5070867792e+00  4.0794117063e-01  5.0228268364e-01 -2.3669038199e+00  1.3538194064e+00  2.0842970926e+00 -2.2778187433e+00  2.1520006456e+00
ENERGY -1.965721854172e+02

JOB 14
COORDS -1.2756958971e-01  2.5404896749e+00  1.9918425828e+00  5.4122688476e-01  1.7969866047e+00  8.1942606701e-01  4.8794823306e-01  3.0016420996e-01  9.7751258682e-01  1.5545344409e+00 -5.0501316231e-01  1.0629567651e+00  1.5028153650e+00 -1.9984982558e+00  1.2391753156e+00  1.7723104474e-01  2.1094790554e+00  2.9510476228e+00 -1.2192319073e+00  2.4536431657e+00  1.9379445706e+00  1.2163388846e-01  3.6066309676e+00  1.9848364105e+00  5.2796111162e-02  2.0927449152e+00 -1.1881032414e-01  1.5893898290e+00  2.1074923529e+00  7.3619322451e-01 -5.0933069034e-01 -1.4245565498e-01  1.0441510176e+00  2.5499344911e+00 -6.0006217751e-02  1.0007356846e+00  1.9965629479e+00 -2.5128758808e+00  4.0497351328e-01  4.7135006076e-01 -2.3596658962e+00  1.2977402519e+00  2.0243800460e+00 -2.3073554332e+00  2.1539988109e+00
ENERGY -1.965739529564e+02

JOB 15
COORDS -3.9899915479e-02  2.5604160168e+00  1.9821131508e+00  6.3823838366e-01  1.8196615012e+00  8.1635071128e-01  5.3991517048e-01  3.2274286226e-01  9.4799436019e-01  1.5793610561e+00 -5.1476566449e-01  1.0551935789e+00  1.4788741314e+00 -2.0089261221e+00  1.2022365535e+00  4.2213024032e-01  2.2887561613e+00  2.9370154137e+00 -1.1041868646e+00  2.3058650583e+00  2.0445315990e+00  3.7271751275e-02  3.6462860039e+00  1.8587942822e+00  1.6736996813e-01  2.1349169060e+00 -1.2511153217e-01  1.6923412588e+00  2.1136203140e+00  7.5276997587e-01 -4.7166538309e-01 -9.0458940704e-02  9.7350343706e-01  2.5886477024e+00 -9.8049477008e-02  1.0348712728e+00  1.9911731000e+00 -2.5232384560e+00  3.7928444379e-01  4.3614373076e-01 -2.3412122003e+00  1.2134173557e+00  1.9542802274e+00 -2.3478952919e+00  2.1314551880e+00
ENERGY -1.965747574758e+02

JOB 16
COORDS -8.5289817617e-02  2.6603080970e+00  1.9973908683e+00  5.9092778852e-01  1.9142799756e+00  8.3185552432e-01  4.9425524219e-01  4.1744817684e-01  9.6611633705e-01  1.5325933860e+00 -4.2179117467e-01  1.0711692697e+00  1.4302090336e+00 -1.9161363975e+00  1.2152484281e+00  5.2747673582e-01  2.6081829155e+00  2.9033664222e+00 -1.0705022076e+00  2.2384504728e+00  2.2236249114e+00 -2.2305664446e-01  3.7204637373e+00  1.7560602508e+00  1.0424020546e-01  2.2152899913e+00 -1.0641555358e-01  1.6406361323e+00  2.2174927157e+00  7.4974735352e-01 -5.1812369191e-01  6.6210079325e-03  9.9270301222e-01  2.5423835619e+00 -6.3674390682e-03  1.0505651994e+00  1.9410160915e+00 -2.4295985862e+00  3.9082992497e-01  3.8700230917e-01 -2.2469790832e+00  1.2266816446e+00  1.9058751707e+00 -2.2576351510e+00  2.1434007859e+00
ENERGY -1.965741791376e+02

JOB 17
COORDS -1.0820967089e-01  2.6614449847e+00  2.0384973628e+00  5.9859521504e-01  1.9220884805e+00  8.8057253953e-01  4.7897099527e-01  4.2412782970e-01  9.8184472464e-01  1.5019882434e+00 -4.3253815015e-01  1.0963892354e+00  1.3744403655e+00 -1.9281418819e+00  1.2026109227e+00  5.7309205765e-01  2.8184940004e+00  2.8808816365e+00 -9.8230537750e-01  2.1086211723e+00  2.3970421504e+00 -4.4944492857e-01  3.6531900574e+00  1.7208717995e+00  1.4288657762e-01  2.2382048083e+00 -6.7871083223e-02  1.6528011816e+00  2.2143758467e+00  8.2879749245e-01 -5.3953276442e-01  2.8230414441e-02  9.7075265717e-01  2.5176366792e+00 -3.1596729321e-02  1.1138818901e+00  1.8998843899e+00 -2.4301077430e+00  3.8029978669e-01  3.2667583025e-01 -2.2435813987e+00  1.1783717568e+00  1.8198563935e+00 -2.2980251514e+00  2.1348759695e+00
ENERGY -1.965725343102e+02

JOB 18
COORDS -3.5956404315e-03  2.4735256458e+00  1.9882319262e+00  7.8887253346e-01  1.7449445811e+00  8.7191163540e-01  6.2323625756e-01  2.4828223110e-01  9.1176728764e-01  1.6118020834e+00 -6.3918405153e-01  1.0809835776e+00  1.4395744936e+00 -2.1334419948e+00  1.1254496147e+00  6.6127386385e-01  2.8220334372e+00  2.7846374000e+00 -7.5832057699e-01  1.8218012103e+00  2.4389018312e+00 -5.2032919015e-01  3.3577917876e+00  1.6002546674e+00  4.3806244393e-01  2.1027292115e+00 -1.0511376811e-01  1.8519793918e+00  2.0012111336e+00  9.2661062904e-01 -4.0005209721e-01 -1.1932797433e-01  8.0250052150e-01  2.6318169455e+00 -2.6661035390e-01  1.1963090060e+00  2.0184888689e+00 -2.6228512723e+00  3.3197708234e-01  3.9000977685e-01 -2.4194885725e+00  1.0050856996e+00  1.7975886737e+00 -2.5450015102e+00  2.0776970815e+00
ENERGY -1.965707259157e+02

JOB 19
COORDS  1.5461737554e-02  2.4528110528e+00  1.9744821618e+00  8.4105495801e-01  1.7249927426e+00  8.7757611357e-01  6.5280609027e-01  2.3044743184e-01  8.9086900009e-01  1.6245295011e+00 -6.7103405994e-01  1.0817840561e+00  1.4319814445e+00 -2.1632877352e+00  1.1045477329e+00  6.6460276042e-01  3.0069527918e+00  2.6593545799e+00 -5.5728012652e-01  1.7420092528e+00  2.5782212186e+00 -6.9436315435e-01  3.1673927229e+00  1.5461462996e+00  5.5051568078e-01  2.1093563800e+00 -1.0849830954e-01  1.9063753237e+00  1.9521078107e+00  9.8940696854e-01 -3.7058083320e-01 -1.2395561282e-01  7.4444064927e-01  2.6448487786e+00 -3.1277021787e-01  1.2340110587e+00  2.0294872115e+00 -2.6517650111e+00  3.2439501830e-01  3.8324349731e-01 -2.4343987732e+00  9.4796457840e-01  1.7544656528e+00 -2.5895110567e+00  2.0630241633e+00
ENERGY -1.965698604746e+02

JOB 20
COORDS  2.4422316314e-02  2.4493659005e+00  1.9663678226e+00  8.7446759525e-01  1.7269583531e+00  8.8782799706e-01  6.6472975761e-01  2.3521073851e-01  8.7447286055e-01  1.6195525618e+00 -6.8008055768e-01  1.0836791480e+00  1.4080345042e+00 -2.1699236471e+00  1.0860060283e+00  6.1943809432e-01  3.1880909241e+00  2.5124463034e+00 -3.4371411311e-01  1.7366409651e+00  2.7116519707e+00 -8.4511774128e-01  2.9571615901e+00  1.5380770817e+00  6.3834125897e-01  2.1405348126e+00 -1.0090905844e-01  1.9384242524e+00  1.9270061410e+00  1.0549570209e+00 -3.5790385475e-01 -1.0601925322e-01  6.9439607562e-01  2.6394618027e+00 -3.3626661851e-01  1.2686983459e+00  2.0213099081e+00 -2.6581295769e+00  3.1801953129e-01  3.6090584598e-01 -2.4263155878e+00  8.9729334846e-01  1.6981792309e+00 -2.6095515584e+00  2.0487621766e+00
ENERGY -1.965705000250e+02

JOB 21
COORDS  3.6142806070e-02  2.4433730935e+00  1.9660587420e+00  9.0284131428e-01  1.7320328054e+00  9.0138121871e-01  6.7573932423e-01  2.4338709078e-01  8.6165908163e-01  1.6132171511e+00 -6.8509820861e-01  1.0901477181e+00  1.3851309636e+00 -2.1723392260e+00  1.0697215509e+00  5.3841263149e-01  3.3364226893e+00  2.3522779547e+00 -1.2871399973e-01  1.7845853384e+00  2.8255393797e+00 -9.4498861706e-01  2.7317643673e+00  1.5757835193e+00  7.0134931745e-01  2.1697186109e+00 -8.5083213392e-02  1.9631526788e+00  1.9157540335e+00  1.1088896179e+00 -3.4444250605e-01 -8.4491301180e-02  6.4584050788e-01  2.6308280353e+00 -3.5524186401e-01  1.3101261027e+00  2.0153996123e+00 -2.6591753270e+00  3.1472737490e-01  3.4124278924e-01 -2.4146875198e+00  8.4755256657e-01  1.6419240964e+00 -2.6255582831e+00  2.0356405543e+00
ENERGY -1.965722080627e+02

JOB 22
COORDS  1.4036954954e-01  2.4425884143e+00  1.9449789981e+00  1.0160690980e+00  1.7272362651e+00  8.9796006836e-01  7.4845648040e-01  2.4655491959e-01  8.3150441311e-01  1.6489810280e+00 -7.1206475137e-01  1.0831451396e+00  1.3784452986e+00 -2.1915119119e+00  1.0351307112e+00  5.2688420305e-01  3.4440677106e+00  2.1631911671e+00  1.4000711542e-01  1.8844415800e+00  2.8875537210e+00 -8.9872754903e-01  2.5344054543e+00  1.6111761306e+00  8.4566337661e-01  2.1832060550e+00 -8.6699446518e-02  2.0742962462e+00  1.8862314115e+00  1.1358463140e+00 -2.7216460139e-01 -4.7959562984e-02  5.7370170079e-01  2.6668892851e+00 -4.1529193743e-01  1.3449581978e+00  2.0223439268e+00 -2.6880289899e+00  2.9815925675e-01  3.3703620074e-01 -2.4001031328e+00  7.7102344229e-01  1.5851763140e+00 -2.6633063643e+00  2.0041551583e+00
ENERGY -1.965739428001e+02

JOB 23
COORDS  1.9021881028e-01  2.5043457498e+00  1.9706632364e+00  1.0592208471e+00  1.7898138386e+00  9.2092081173e-01  7.6901118568e-01  3.1439820365e-01  8.3842250384e-01  1.6494988000e+00 -6.6282425442e-01  1.0896357639e+00  1.3536256750e+00 -2.1366273956e+00  1.0217215032e+00  4.2022153169e-01  3.5747888509e+00  2.0108943332e+00  3.5877866827e-01  2.0817622881e+00  2.9667773943e+00 -8.7591623045e-01  2.3980425593e+00  1.7399980397e+00  8.8192086297e-01  2.2522910998e+00 -5.9959598728e-02  2.1199192870e+00  1.9421858651e+00  1.1516863477e+00 -2.5425436167e-01  4.1908437728e-02  5.6757017993e-01  2.6695884752e+00 -3.8701673495e-01  1.3654511236e+00  1.9982713550e+00 -2.6365345463e+00  2.8771627101e-01  3.1221000637e-01 -2.3237603053e+00  7.4196505937e-01  1.5392113268e+00 -2.6224368425e+00  1.9880980987e+00
ENERGY -1.965747542925e+02

