JOB 0
COORDS  8.9798093129e-01  7.4232987758e-01 -4.2298788172e+00  2.9149294828e-01  4.5836349276e-01 -3.2203050135e+00 -3.1859752065e+00 -1.9517258217e+00 -2.6196638463e+00 -5.6971498431e+00 -1.5147117412e+00 -2.1577747079e+00 -5.4805544666e+00 -1.3079354429e+00 -3.6326345315e+00 -4.5969329175e+00 -2.2852258014e+00 -2.8717148573e+00  1.6309822121e+00  1.0717507559e+00 -5.4551627473e+00 -4.3916429819e-01  1.1625458477e-01 -1.9957675964e+00 -2.1856273251e+00 -2.8795540437e+00 -2.6145940363e+00 -2.7234233200e+00 -7.2308092283e-01 -2.3667623804e+00 -1.0712595347e+00 -2.2281158429e+00 -2.3570186278e+00 -1.4169281384e+00 -9.5568516563e-01 -2.2026438696e+00 -5.3783047805e+00 -7.2462122634e-01 -1.4853688355e+00 -6.5667049537e+00 -2.0779583214e+00 -1.8327045949e+00 -6.2000453640e+00 -1.7282166009e+00 -4.3288603938e+00 -5.0158826970e+00 -3.7962669095e-01 -3.9494281772e+00 -4.7586124647e+00 -3.3438214312e+00 -3.0443842471e+00  2.6515366437e+00  1.3921272934e+00 -5.2221983919e+00  1.1355547654e+00  1.8785753423e+00 -6.0045614423e+00  1.6917830361e+00  1.9773900498e-01 -6.1115263214e+00  2.4714610295e-01 -2.1007552820e-01 -1.2102163596e+00 -1.0086338016e+00  9.7596653418e-01 -1.6369945145e+00
ENERGY -5.298235493838e+02

JOB 1
COORDS  7.7477646273e-01  7.3614509716e-01 -4.2234877378e+00  2.7143412540e-01  4.0238248395e-01 -3.1732102665e+00 -3.1480829797e+00 -1.9797638179e+00 -2.5219041548e+00 -5.6553434646e+00 -1.3622475766e+00 -2.3185403512e+00 -5.3146977365e+00 -1.3359600449e+00 -3.7841401816e+00 -4.5535426125e+00 -2.2658561161e+00 -2.8506935055e+00  1.3816373105e+00  1.1295941001e+00 -5.4979295520e+00 -3.3620576164e-01 -2.2906304168e-03 -1.9008960176e+00 -2.2069140931e+00 -2.9509470184e+00 -2.3412435238e+00 -2.6348116438e+00 -7.5587845425e-01 -2.3597134630e+00 -1.0787914817e+00 -2.3325900672e+00 -2.0632516896e+00 -1.3607396258e+00 -1.0344556072e+00 -2.0697561340e+00 -5.3406810129e+00 -5.1869357157e-01 -1.7124012668e+00 -6.5801280935e+00 -1.8384437516e+00 -2.0070061716e+00 -6.0034342691e+00 -1.7939919245e+00 -4.4876293761e+00 -4.7705675072e+00 -4.7548152451e-01 -4.1603878511e+00 -4.7664426251e+00 -3.3271968400e+00 -2.9198493486e+00  2.4333114553e+00  1.4003420955e+00 -5.3595873225e+00  8.6077785332e-01  1.9890278145e+00 -5.9318566686e+00  1.3360734416e+00  3.0394028581e-01 -6.2153128352e+00  4.1446265458e-01 -4.1378373754e-01 -1.2222738479e+00 -8.2351466052e-01  8.4842805045e-01 -1.4189761789e+00
ENERGY -5.298241284825e+02

JOB 2
COORDS  6.9665701056e-01  7.5817234769e-01 -4.2222866396e+00  2.5830652194e-01  3.6868710308e-01 -3.1621594694e+00 -3.1448571218e+00 -1.9901953673e+00 -2.4451918432e+00 -5.6181866427e+00 -1.2228150632e+00 -2.4505161226e+00 -5.2081156022e+00 -1.3909030394e+00 -3.8885691847e+00 -4.5473968890e+00 -2.2406572320e+00 -2.8130011781e+00  1.2211881660e+00  1.2189448528e+00 -5.5106255917e+00 -2.6301851221e-01 -9.7684660304e-02 -1.8737383644e+00 -2.2714535707e+00 -2.9794454731e+00 -2.0988190786e+00 -2.5696871523e+00 -7.8379538643e-01 -2.4040978953e+00 -1.1241813376e+00 -2.3906978967e+00 -1.8360615663e+00 -1.3285044448e+00 -1.0901105217e+00 -2.0196853189e+00 -5.2833744597e+00 -3.3023785290e-01 -1.9316610657e+00 -6.5828518667e+00 -1.6088857993e+00 -2.1352080382e+00 -5.8887152659e+00 -1.8933434310e+00 -4.5692949656e+00 -4.5971191106e+00 -6.1181635309e-01 -4.3332660604e+00 -4.8182750408e+00 -3.2900079349e+00 -2.7680523389e+00  2.2911640392e+00  1.4388181086e+00 -5.4381078538e+00  7.0646806881e-01  2.1265379352e+00 -5.8416104415e+00  1.0846903678e+00  4.4958976076e-01 -6.2773638094e+00  5.1978087229e-01 -5.8306017208e-01 -1.2864520084e+00 -6.6865431313e-01  7.3615152296e-01 -1.2943812007e+00
ENERGY -5.298243585304e+02

JOB 3
COORDS  6.3400906714e-01  7.7113179300e-01 -4.2151730150e+00  2.5713374707e-01  3.2351003323e-01 -3.1544787029e+00 -3.1493388794e+00 -2.0012003199e+00 -2.3659403670e+00 -5.5660664912e+00 -1.0960614448e+00 -2.5772296393e+00 -5.1172419714e+00 -1.4754212334e+00 -3.9625175479e+00 -4.5512117074e+00 -2.2145502404e+00 -2.7588258896e+00  1.0837383267e+00  1.3050146959e+00 -5.5035649098e+00 -1.8853960823e-01 -2.0979067853e-01 -1.8649024579e+00 -2.3513980887e+00 -2.9868122340e+00 -1.8635327759e+00 -2.5015743580e+00 -8.3451403182e-01 -2.4539230865e+00 -1.1784193873e+00 -2.4365035774e+00 -1.6315754454e+00 -1.2930580824e+00 -1.1620124485e+00 -1.9931263347e+00 -5.1926601675e+00 -1.6458810617e-01 -2.1638011130e+00 -6.5641898682e+00 -1.3793066620e+00 -2.2569721092e+00 -5.8043601614e+00 -2.0214823005e+00 -4.6018469187e+00 -4.4417608704e+00 -7.9907928507e-01 -4.4766491180e+00 -4.8904696891e+00 -3.2310975423e+00 -2.5912912069e+00  2.1634908845e+00  1.4853559801e+00 -5.4939655579e+00  5.8043933993e-01  2.2494502313e+00 -5.7335977505e+00  8.6580259448e-01  5.9669856094e-01 -6.3093209219e+00  6.1342886950e-01 -7.6104626076e-01 -1.3686299376e+00 -5.1371166112e-01  5.9655601096e-01 -1.2004387780e+00
ENERGY -5.298242303649e+02

JOB 4
COORDS  5.7743362510e-01  7.9784382342e-01 -4.2158970720e+00  2.4869221541e-01  2.8592659280e-01 -3.1685223617e+00 -3.1657599627e+00 -1.9849438334e+00 -2.2961624004e+00 -5.5094065438e+00 -9.6752319804e-01 -2.7167400041e+00 -5.0514640661e+00 -1.5667655403e+00 -4.0189007695e+00 -4.5682807633e+00 -2.1623248163e+00 -2.7044442620e+00  9.6087674248e-01  1.4075922411e+00 -5.4919028956e+00 -1.2005709723e-01 -3.1445351510e-01 -1.8863804283e+00 -2.4465004935e+00 -2.9421728826e+00 -1.6433286358e+00 -2.4403682295e+00 -8.8333841348e-01 -2.5179833309e+00 -1.2453942866e+00 -2.4396846679e+00 -1.4491056933e+00 -1.2649408667e+00 -1.2233117493e+00 -1.9864295795e+00 -5.0848128484e+00 -1.2343983872e-02 -2.4246039686e+00 -6.5324279078e+00 -1.1388546699e+00 -2.3956082376e+00 -5.7569911179e+00 -2.1532519819e+00 -4.5997075036e+00 -4.3184960057e+00 -1.0140984354e+00 -4.5980089255e+00 -4.9796386047e+00 -3.1215997982e+00 -2.4092530546e+00  2.0456812537e+00  1.5438870898e+00 -5.5477804006e+00  4.8558089875e-01  2.3856415709e+00 -5.6172328692e+00  6.5590088357e-01  7.7016249005e-01 -6.3280342906e+00  6.9494167555e-01 -9.2230232795e-01 -1.4861517064e+00 -3.5802640571e-01  4.5676774854e-01 -1.1460599090e+00
ENERGY -5.298237891601e+02

JOB 5
COORDS  3.8079542425e-01 -3.1552754512e-01  8.1966931542e-01  2.2658850752e-01 -5.0721650660e-01 -3.6617701183e-01 -3.3232029760e+00 -1.1287464362e+00 -2.4713689168e+00 -4.9792931678e+00 -2.8201677422e+00 -1.4227712769e+00 -5.3026683400e+00 -1.4712835005e+00 -8.3916704919e-01 -4.7091858770e+00 -1.5642456678e+00 -2.2372372569e+00  5.4389230415e-01 -8.3470169888e-02  2.2571084213e+00  8.9541012191e-02 -7.4214156329e-01 -1.8017429209e+00 -2.9145821821e+00 -5.0464206829e-01 -3.6127510816e+00 -2.3182234282e+00 -1.2853330202e+00 -1.6027883556e+00 -1.6294909311e+00 -2.6020095275e-01 -3.4646372343e+00 -1.3047632300e+00 -7.1742613702e-01 -2.2587402170e+00 -4.1108320706e+00 -3.3422767206e+00 -1.0339392873e+00 -5.7966431109e+00 -3.4564239501e+00 -1.7486370984e+00 -6.3438233635e+00 -1.1730517616e+00 -7.6081297784e-01 -4.6496707922e+00 -1.0892456833e+00 -6.0904531835e-02 -5.3674959373e+00 -1.3585469938e+00 -3.0744329557e+00  1.4478225081e+00  5.0062852066e-01  2.4577416816e+00  6.1982923509e-01 -1.0305401529e+00  2.8006860204e+00 -3.1274485706e-01  4.7024723870e-01  2.6546542846e+00  5.9813729085e-01  3.4044834672e-02 -2.3789978560e+00  5.2791958215e-01 -1.7047782866e+00 -2.0876165773e+00
ENERGY -5.298230518212e+02

JOB 6
COORDS  3.2666684940e-01 -3.6679689192e-01  8.0055628784e-01  1.9100145528e-01 -4.6806544615e-01 -3.9852853981e-01 -3.3061364816e+00 -1.1926200399e+00 -2.5001555505e+00 -4.9326434611e+00 -2.7529103104e+00 -1.2264821717e+00 -5.3077187225e+00 -1.3408005564e+00 -8.6534944759e-01 -4.6835078819e+00 -1.6304487418e+00 -2.2223328445e+00  4.6194265351e-01 -2.4799561727e-01  2.2544898395e+00  8.4108792866e-02 -5.8929562472e-01 -1.8488841925e+00 -2.8901935639e+00 -7.4541167610e-01 -3.7184584593e+00 -2.3168470116e+00 -1.1768951911e+00 -1.5994835411e+00 -1.6155600992e+00 -4.3927634958e-01 -3.5876611099e+00 -1.3058625051e+00 -6.8849733753e-01 -2.3194330377e+00 -4.0569030064e+00 -3.1795993891e+00 -7.4788100449e-01 -5.7240375650e+00 -3.4583329143e+00 -1.4613582246e+00 -6.3587052412e+00 -1.0681910149e+00 -8.5025001072e-01 -4.6824159057e+00 -8.2162853745e-01 -1.4595970504e-01 -5.3304872041e+00 -1.5788318835e+00 -3.0914290687e+00  1.2971263015e+00  4.0939580374e-01  2.5168172957e+00  6.3866982437e-01 -1.2263137907e+00  2.7126091260e+00 -4.5051031693e-01  1.7229360287e-01  2.6895587252e+00  5.0838763676e-01  2.8607053228e-01 -2.3480405760e+00  6.2979824255e-01 -1.4660578437e+00 -2.2144274514e+00
ENERGY -5.298221082466e+02

JOB 7
COORDS  3.0436781266e-01 -4.2023547680e-01  7.7825290121e-01  1.7467219620e-01 -4.1195698196e-01 -4.2563701856e-01 -3.2568918548e+00 -1.2831730199e+00 -2.5277492262e+00 -4.8918606778e+00 -2.6360296003e+00 -1.0444569397e+00 -5.3182789709e+00 -1.1946949223e+00 -9.6408276614e-01 -4.6322763373e+00 -1.7086205163e+00 -2.2213599198e+00  4.3298165189e-01 -4.3410177447e-01  2.2374118422e+00  7.7198996561e-02 -3.8907683155e-01 -1.8807706927e+00 -2.8070180928e+00 -1.0431372365e+00 -3.7909418480e+00 -2.3022390000e+00 -1.0814739041e+00 -1.6117006081e+00 -1.5440718153e+00 -6.8455495630e-01 -3.6744428495e+00 -1.2728558581e+00 -7.1252623663e-01 -2.3744753362e+00 -4.0250510965e+00 -2.9380488520e+00 -4.6526564948e-01 -5.6545206098e+00 -3.3984387334e+00 -1.1717417902e+00 -6.3758294139e+00 -9.5905611219e-01 -1.0361288493e+00 -4.7365316529e+00 -5.3157733728e-01 -3.3165203518e-01 -5.2449560415e+00 -1.8389453172e+00 -3.1069300586e+00  1.1257819777e+00  3.4326022018e-01  2.5754401297e+00  8.0521289957e-01 -1.4014490282e+00  2.5894429484e+00 -5.3862077675e-01 -2.5082520289e-01  2.7074681263e+00  3.3184196908e-01  6.0073733105e-01 -2.2713451441e+00  7.6998135048e-01 -1.1078099734e+00 -2.3292367168e+00
ENERGY -5.298214482703e+02

JOB 8
COORDS  3.3464210567e-01 -4.4499079010e-01  7.8850358052e-01  1.5538431158e-01 -3.5781102274e-01 -4.0591985878e-01 -3.2365586220e+00 -1.3970818616e+00 -2.5212893608e+00 -4.9423413059e+00 -2.5392558453e+00 -9.4403131974e-01 -5.3811946291e+00 -1.1079681187e+00 -1.0999303789e+00 -4.6246355557e+00 -1.7899831887e+00 -2.2294800043e+00  5.2188227014e-01 -5.6128817074e-01  2.2368136479e+00 -1.3423280633e-03 -2.1878387490e-01 -1.8510107471e+00 -2.7024035238e+00 -1.3926312477e+00 -3.7745474290e+00 -2.3472004542e+00 -1.0086703562e+00 -1.5998067369e+00 -1.4523908154e+00 -9.9543389935e-01 -3.6457568050e+00 -1.2645033603e+00 -7.8872922742e-01 -2.3468917717e+00 -4.1061924641e+00 -2.7406946873e+00 -2.8194633122e-01 -5.6917782078e+00 -3.3231611264e+00 -9.9837267886e-01 -6.4346999942e+00 -9.0075019958e-01 -1.2620581070e+00 -4.8395433500e+00 -3.5125837180e-01 -5.4129592945e-01 -5.1863587891e+00 -2.0600013028e+00 -3.1172546253e+00  1.0574609233e+00  3.0838009644e-01  2.6309987349e+00  1.0954161409e+00 -1.4590987845e+00  2.4883893634e+00 -4.4689100630e-01 -6.2119488267e-01  2.7431951264e+00  3.3105455782e-02  8.3578582827e-01 -2.1434413507e+00  8.0048833297e-01 -7.4613411448e-01 -2.3745278102e+00
ENERGY -5.298218603260e+02

JOB 9
COORDS  3.6071199939e-01 -4.7731494733e-01  8.1506142111e-01  1.2012810481e-01 -3.1702088994e-01 -3.6096445674e-01 -3.2755547720e+00 -1.4845462868e+00 -2.4602670246e+00 -5.0489167161e+00 -2.4480745745e+00 -8.3967665396e-01 -5.5093582681e+00 -1.0667016878e+00 -1.2199400403e+00 -4.6699529617e+00 -1.8747293584e+00 -2.1974916835e+00  6.3053187699e-01 -6.8067194940e-01  2.2406910572e+00 -1.3464276725e-01 -9.5186053776e-02 -1.7833721337e+00 -2.6607470368e+00 -1.6566070809e+00 -3.6650673412e+00 -2.4571188848e+00 -9.3091811708e-01 -1.5588130870e+00 -1.4318701891e+00 -1.2053796586e+00 -3.5245496435e+00 -1.3316148601e+00 -7.9793458041e-01 -2.2626924313e+00 -4.2502797861e+00 -2.5299423000e+00 -1.0923424718e-01 -5.7755642839e+00 -3.2548652930e+00 -8.2679688687e-01 -6.5552846654e+00 -9.1675340188e-01 -1.4701947968e+00 -5.0204497935e+00 -2.2339397765e-01 -7.4264421147e-01 -5.1696238685e+00 -2.2832022891e+00 -3.0693022435e+00  1.1047660527e+00  2.0462693230e-01  2.6764029582e+00  1.2947906192e+00 -1.5366106031e+00  2.3968897331e+00 -3.0166712910e-01 -8.6762460999e-01  2.7834430710e+00 -2.5443652705e-01  9.7340724386e-01 -1.9917955983e+00  6.9339587156e-01 -4.7631952832e-01 -2.3858284482e+00
ENERGY -5.298228041453e+02

JOB 10
COORDS  4.3025739409e-01 -4.9403180172e-01  8.2966685998e-01  1.2678276428e-01 -2.7291289650e-01 -3.2184862350e-01 -3.2623699022e+00 -1.5415984847e+00 -2.4208991024e+00 -5.1208310336e+00 -2.3352513099e+00 -8.0383994268e-01 -5.5907206230e+00 -1.0386956471e+00 -1.4060624754e+00 -4.6607974119e+00 -1.9428869090e+00 -2.2003900619e+00  7.7950550139e-01 -7.7141129280e-01  2.2253742069e+00 -2.1168863763e-01  1.8451674311e-02 -1.7156544115e+00 -2.5596989056e+00 -1.8537332398e+00 -3.5471175417e+00 -2.5249503961e+00 -8.3939086766e-01 -1.5536337799e+00 -1.3568538068e+00 -1.3420343032e+00 -3.3908354884e+00 -1.3586228057e+00 -7.5785033542e-01 -2.1961039888e+00 -4.3750787139e+00 -2.2845444477e+00 -1.6864840642e-02 -5.8237762182e+00 -3.1592107238e+00 -7.2619738404e-01 -6.6195022772e+00 -9.6453606625e-01 -1.7454157457e+00 -5.1613682382e+00 -1.1928962066e-01 -1.0209134979e+00 -5.0847057597e+00 -2.4871494933e+00 -3.0374344539e+00  1.1908025376e+00  1.2131924148e-01  2.7074061569e+00  1.5243870001e+00 -1.5707082023e+00  2.2925609291e+00 -1.0708408839e-01 -1.0819284582e+00  2.7875325729e+00 -4.3690649275e-01  1.0824469813e+00 -1.8435429887e+00  6.1517188700e-01 -2.4585768634e-01 -2.3787781290e+00
ENERGY -5.298236229280e+02

JOB 11
COORDS  4.8312672676e-01 -5.1407986290e-01  8.2208603079e-01  1.2320161200e-01 -2.3790342222e-01 -3.0109926782e-01 -3.2605738438e+00 -1.5981883818e+00 -2.3724484959e+00 -5.2019930283e+00 -2.2293908851e+00 -7.8164005795e-01 -5.6657079221e+00 -1.0464043370e+00 -1.5878148000e+00 -4.6591234668e+00 -2.0164251769e+00 -2.1872788033e+00  9.0579131818e-01 -8.5792794043e-01  2.1823449883e+00 -2.9490136452e-01  1.1301048110e-01 -1.6606864730e+00 -2.4764646583e+00 -2.0320114365e+00 -3.4006558233e+00 -2.6023332655e+00 -7.5845156274e-01 -1.5660637798e+00 -1.3019254051e+00 -1.4591833676e+00 -3.2426401385e+00 -1.4014094452e+00 -7.1440217190e-01 -2.1454937027e+00 -4.5132722914e+00 -2.0433378994e+00  3.6343099134e-02 -5.8854818513e+00 -3.0601737049e+00 -6.3433402720e-01 -6.6706645577e+00 -1.0577363516e+00 -1.9988856025e+00 -5.2892734739e+00 -6.7442251900e-02 -1.3086739615e+00 -5.0100005043e+00 -2.6857731193e+00 -2.9653507010e+00  1.2739198110e+00  2.7847590200e-02  2.7099420822e+00  1.7057540887e+00 -1.6049611202e+00  2.1677040665e+00  6.5967848572e-02 -1.2673921837e+00  2.7528735768e+00 -6.0591640012e-01  1.1610623250e+00 -1.7110284323e+00  5.1867742063e-01 -4.5456241457e-02 -2.3720774492e+00
ENERGY -5.298241410837e+02

JOB 12
COORDS  5.4893322209e-01 -5.3325099989e-01  8.1137650586e-01  1.2922745084e-01 -2.0581877224e-01 -2.7687196470e-01 -3.2506798625e+00 -1.6464391918e+00 -2.3121588980e+00 -5.2885103103e+00 -2.1180680389e+00 -7.8769824859e-01 -5.7191524334e+00 -1.0723122858e+00 -1.7803322445e+00 -4.6489068458e+00 -2.0815121027e+00 -2.1679062379e+00  1.0485281449e+00 -9.3840569014e-01  2.1279981473e+00 -3.7000293979e-01  1.9861634016e-01 -1.5946011996e+00 -2.3883781179e+00 -2.1802636986e+00 -3.2247003431e+00 -2.6691986120e+00 -6.9024934874e-01 -1.5802808132e+00 -1.2418346249e+00 -1.5536293882e+00 -3.0672798583e+00 -1.4354330202e+00 -6.7425681732e-01 -2.0892731330e+00 -4.6664150396e+00 -1.7994081384e+00  4.2660946547e-02 -5.9617053594e+00 -2.9429406070e+00 -5.7453016587e-01 -6.6906387214e+00 -1.1729017290e+00 -2.2548252466e+00 -5.3869855572e+00 -5.2436414170e-02 -1.6144158072e+00 -4.9264461009e+00 -2.8615150227e+00 -2.8686841786e+00  1.3728428987e+00 -6.6599869650e-02  2.7052729064e+00  1.8986757269e+00 -1.6211315548e+00  2.0315246129e+00  2.6365979782e-01 -1.4480287294e+00  2.6960856813e+00 -7.6495420778e-01  1.2178898036e+00 -1.5635947344e+00  4.2242691873e-01  1.5328815283e-01 -2.3450103671e+00
ENERGY -5.298243614931e+02

JOB 13
COORDS  1.6752716550e+00 -8.3433284974e-01 -3.2333189674e+00  6.5589436654e-01 -2.5700520649e-01 -2.9244711579e+00 -3.2728709376e+00 -1.7666333429e+00 -2.7403718857e+00 -3.6015152677e+00 -4.0094921070e+00 -1.4904496689e+00 -4.5044252015e+00 -3.0045698769e+00 -8.2754578431e-01 -4.1645237073e+00 -2.8521053586e+00 -2.3022885823e+00  2.9016756799e+00 -1.5402850255e+00 -3.6137824186e+00 -5.7566406914e-01  4.4519813615e-01 -2.5504742740e+00 -3.4031240958e+00 -1.1259537830e+00 -3.9380062364e+00 -2.2489190340e+00 -1.2843522341e+00 -2.0286649704e+00 -2.4448930345e+00 -2.2518685654e-01 -3.9868924972e+00 -1.7813566121e+00 -3.3236193916e-01 -2.8406761909e+00 -2.5423524637e+00 -3.9673918236e+00 -1.2570629757e+00 -3.9915161016e+00 -5.0004006237e+00 -1.7027006551e+00 -5.5198122511e+00 -3.2995781483e+00 -5.8056009928e-01 -4.0507498808e+00 -2.2895707223e+00 -1.4861359842e-01 -4.9439161857e+00 -3.0788433644e+00 -3.0217871667e+00  3.4978429969e+00 -1.7935697798e+00 -2.7313350488e+00  3.5160208592e+00 -9.2466772550e-01 -4.2785406541e+00  2.6597222615e+00 -2.4695776740e+00 -4.1395073944e+00 -5.8908871955e-01  6.6390129510e-01 -1.4798519662e+00 -6.7594017073e-01  1.3855806242e+00 -3.0974414187e+00
ENERGY -5.298242319789e+02

JOB 14
COORDS  1.7508451521e+00 -7.7899677228e-01 -3.3011027900e+00  7.1734565236e-01 -2.7923992077e-01 -2.9139470389e+00 -3.2352313703e+00 -1.8569649149e+00 -2.7430063086e+00 -3.7436864651e+00 -3.9809529862e+00 -1.3519124726e+00 -4.6926486352e+00 -2.9126011025e+00 -8.7971205858e-01 -4.1906810314e+00 -2.8912028384e+00 -2.3152823232e+00  2.9927610747e+00 -1.3913768655e+00 -3.7803627511e+00 -5.2902800274e-01  3.3256526859e-01 -2.4447468370e+00 -3.2205710987e+00 -1.3233764671e+00 -3.9986220963e+00 -2.2864561126e+00 -1.3235677770e+00 -1.9665219474e+00 -2.2459763705e+00 -4.3892294944e-01 -4.0186095883e+00 -1.7160944927e+00 -4.4865252461e-01 -2.8011080093e+00 -2.7157267667e+00 -3.9313745930e+00 -1.0071007319e+00 -4.1286689993e+00 -4.9819109897e+00 -1.5219434323e+00 -5.7347734329e+00 -3.1738824477e+00 -7.2238702071e-01 -4.3012013649e+00 -2.1471017619e+00 -2.1730020612e-01 -4.8914186332e+00 -3.1704026059e+00 -3.0947649844e+00  3.6109261518e+00 -1.7319050940e+00 -2.9435807337e+00  3.5764004401e+00 -6.7798312160e-01 -4.3709030068e+00  2.7715665184e+00 -2.2557464971e+00 -4.4147328065e+00 -5.3763523722e-01  4.1442619278e-01 -1.3556375229e+00 -6.6216522946e-01  1.3333838413e+00 -2.8634819497e+00
ENERGY -5.298237271400e+02

JOB 15
COORDS  1.8620579490e+00 -6.9571105007e-01 -3.3734920797e+00  8.0987039952e-01 -3.2087516604e-01 -2.9046701626e+00 -3.2022591146e+00 -1.9765141796e+00 -2.7262713446e+00 -3.9575317125e+00 -3.9298667411e+00 -1.2033774852e+00 -4.8949397413e+00 -2.7826187686e+00 -9.3843017393e-01 -4.2477216851e+00 -2.9239817573e+00 -2.3075325679e+00  3.1243278833e+00 -1.1599920559e+00 -3.9547543109e+00 -4.5308284737e-01  1.4770897584e-01 -2.3310379273e+00 -3.0302829851e+00 -1.5709932962e+00 -4.0170125487e+00 -2.3098017639e+00 -1.4113167533e+00 -1.9061888198e+00 -2.0117268697e+00 -7.3615320667e-01 -4.0153866819e+00 -1.6073798636e+00 -6.5271450909e-01 -2.7546534054e+00 -2.9692774446e+00 -3.8877947140e+00 -7.5655773937e-01 -4.3729638857e+00 -4.9265141893e+00 -1.3180997462e+00 -5.9595111932e+00 -2.9850233852e+00 -8.6941672584e-01 -4.5355820618e+00 -1.9715539960e+00 -3.1307843217e-01 -4.8778519506e+00 -3.2507723564e+00 -3.1277441931e+00  3.7841286411e+00 -1.5713248476e+00 -3.1841636316e+00  3.6487825398e+00 -3.3899317603e-01 -4.4539462748e+00  2.9363888421e+00 -1.9429368053e+00 -4.6964748362e+00 -4.3768631628e-01  7.8749177362e-02 -1.2414781469e+00 -6.4716169788e-01  1.1901956408e+00 -2.6002001555e+00
ENERGY -5.298230419337e+02

JOB 16
COORDS  1.9642460661e+00 -5.9936597857e-01 -3.4496227083e+00  9.0676468774e-01 -3.8505552260e-01 -2.8995053622e+00 -3.1609498131e+00 -2.1289987023e+00 -2.6929249433e+00 -4.2129451725e+00 -3.8444504176e+00 -1.0622383963e+00 -5.0806496034e+00 -2.6153605580e+00 -1.0227813980e+00 -4.3123250242e+00 -2.9530121509e+00 -2.2912552558e+00  3.2300081647e+00 -8.7314745387e-01 -4.1346129830e+00 -3.5454730722e-01 -9.9956970702e-02 -2.2167406955e+00 -2.8309767529e+00 -1.8837009069e+00 -3.9926995245e+00 -2.3108754104e+00 -1.5380326156e+00 -1.8459435064e+00 -1.7554240429e+00 -1.1229609700e+00 -3.9703640260e+00 -1.4661598574e+00 -9.3526921047e-01 -2.6896592823e+00 -3.2742544678e+00 -3.8173786465e+00 -5.1802670322e-01 -4.6905974603e+00 -4.8181372537e+00 -1.1153533489e+00 -6.1592247303e+00 -2.7381079008e+00 -1.0483110610e+00 -4.7242074500e+00 -1.7642566124e+00 -4.5127695100e-01 -4.8805929523e+00 -3.3282554333e+00 -3.1355671676e+00  3.9598245807e+00 -1.3172275632e+00 -3.4501256881e+00  3.6586219768e+00  4.6923879720e-02 -4.5445522114e+00  3.0698213441e+00 -1.5710656970e+00 -4.9626894046e+00 -2.7735978188e-01 -3.0200410529e-01 -1.1464599507e+00 -6.3675891734e-01  9.5109282827e-01 -2.3400467279e+00
ENERGY -5.298225421177e+02

JOB 17
COORDS  2.0095310252e+00 -5.2994536834e-01 -3.4996711922e+00  9.7131769317e-01 -4.5081672994e-01 -2.8814298224e+00 -3.1072008427e+00 -2.2680629301e+00 -2.6555452818e+00 -4.4020182537e+00 -3.7442942121e+00 -9.6647503312e-01 -5.1962569354e+00 -2.4776187845e+00 -1.1385678452e+00 -4.3362421706e+00 -2.9876775577e+00 -2.2848949607e+00  3.2492288839e+00 -6.4392431860e-01 -4.2716295840e+00 -2.5942915799e-01 -3.2211366517e-01 -2.1055951565e+00 -2.6471622311e+00 -2.1770897261e+00 -3.9353744610e+00 -2.3030909045e+00 -1.6347401927e+00 -1.7944874518e+00 -1.5339016279e+00 -1.4734546172e+00 -3.8863052870e+00 -1.3487007114e+00 -1.1709255445e+00 -2.6079789675e+00 -3.5170590929e+00 -3.7038616293e+00 -3.3938859293e-01 -4.9289500328e+00 -4.6937054086e+00 -9.6487389424e-01 -6.2733133480e+00 -2.5499199419e+00 -1.2558581890e+00 -4.8442145930e+00 -1.5878670654e+00 -6.2626268666e-01 -4.8458942214e+00 -3.4241522770e+00 -3.1371275450e+00  4.0433951998e+00 -1.1044076148e+00 -3.6753049086e+00  3.5949141804e+00  3.4047114998e-01 -4.6029912440e+00  3.0859916846e+00 -1.2631151471e+00 -5.1595581348e+00 -1.0374881503e-01 -6.2406246261e-01 -1.0671455107e+00 -6.0968439297e-01  7.1621151573e-01 -2.1001907665e+00
ENERGY -5.298222710630e+02

JOB 18
COORDS  2.0109946745e+00 -4.7885708843e-01 -3.5302912330e+00  1.0077815439e+00 -5.1320884594e-01 -2.8531935914e+00 -3.0592107679e+00 -2.3866395760e+00 -2.6118568559e+00 -4.5561882552e+00 -3.6296678254e+00 -9.0214923702e-01 -5.2738305383e+00 -2.3588370592e+00 -1.2692309047e+00 -4.3462685400e+00 -3.0177310461e+00 -2.2791028445e+00  3.2058832109e+00 -4.5781189359e-01 -4.3770730862e+00 -1.7520948325e-01 -5.1737318969e-01 -1.9982942378e+00 -2.4971445211e+00 -2.4377088184e+00 -3.8521708818e+00 -2.2972670876e+00 -1.7031661223e+00 -1.7506811951e+00 -1.3603643536e+00 -1.7743704481e+00 -3.7780753005e+00 -1.2633576328e+00 -1.3550884700e+00 -2.5229725024e+00 -3.7254368258e+00 -3.5574448430e+00 -2.0742278364e-01 -5.1249854646e+00 -4.5531989090e+00 -8.5109328940e-01 -6.3396457349e+00 -2.4022418453e+00 -1.4722009744e+00 -4.9243596705e+00 -1.4344730690e+00 -8.2038440748e-01 -4.8035443689e+00 -3.5206057360e+00 -3.1244317519e+00  4.0531400664e+00 -9.3458036617e-01 -3.8739025850e+00  3.4890966672e+00  5.6925610102e-01 -4.6286482612e+00  3.0158823650e+00 -9.9672186822e-01 -5.3108588436e+00  6.0806081298e-02 -9.0652465603e-01 -1.0040300188e+00 -5.6668890772e-01  4.9788223167e-01 -1.8709829891e+00
ENERGY -5.298220917052e+02

JOB 19
COORDS  2.0037713213e+00 -4.3810454111e-01 -3.5560803751e+00  1.0467645480e+00 -5.6471852332e-01 -2.8252789507e+00 -3.0025413581e+00 -2.4831930650e+00 -2.5686498050e+00 -4.6596999841e+00 -3.5029597643e+00 -8.5939867114e-01 -5.3010329285e+00 -2.2524317616e+00 -1.3975997613e+00 -4.3329169075e+00 -3.0368790817e+00 -2.2702885133e+00  3.1435064146e+00 -3.0469451288e-01 -4.4661717516e+00 -8.2796041301e-02 -6.8596712668e-01 -1.9094617298e+00 -2.3596869101e+00 -2.6715217516e+00 -3.7549332302e+00 -2.2761252440e+00 -1.7421459777e+00 -1.7244479594e+00 -1.2066618808e+00 -2.0381820158e+00 -3.6637859009e+00 -1.1822628070e+00 -1.4978014462e+00 -2.4523407243e+00 -3.8761362822e+00 -3.3888135214e+00 -1.1708674298e-01 -5.2658438798e+00 -4.3984212207e+00 -7.6051102815e-01 -6.3513940003e+00 -2.2818121603e+00 -1.6713135855e+00 -4.9475085027e+00 -1.2998263940e+00 -1.0160472287e+00 -4.7504820762e+00 -3.6058948613e+00 -3.0939515442e+00  4.0311848368e+00 -7.9952538315e-01 -4.0593855603e+00  3.3858832309e+00  7.4873046436e-01 -4.6391562697e+00  2.9098248929e+00 -7.6363877243e-01 -5.4322354920e+00  2.2559535689e-01 -1.1535691203e+00 -9.6924596845e-01 -4.9645860709e-01  2.9841467450e-01 -1.6681497642e+00
ENERGY -5.298220119995e+02

JOB 20
COORDS  1.9691488352e+00 -3.9386458383e-01 -3.5710554707e+00  1.0631657013e+00 -6.1889006761e-01 -2.7999803411e+00 -2.9638198940e+00 -2.5757215860e+00 -2.5261755793e+00 -4.7663382469e+00 -3.3599078160e+00 -8.3992345295e-01 -5.3226000940e+00 -2.1516835775e+00 -1.5438675089e+00 -4.3311819402e+00 -3.0527008166e+00 -2.2648763150e+00  3.0471326288e+00 -1.4210079490e-01 -4.5300762590e+00 -1.8372384457e-03 -8.6336996233e-01 -1.8323859451e+00 -2.2605165257e+00 -2.8940487998e+00 -3.6488601804e+00 -2.2608976634e+00 -1.7833747182e+00 -1.7091580968e+00 -1.0908924227e+00 -2.2948745309e+00 -3.5428854317e+00 -1.1188114369e+00 -1.6411566882e+00 -2.3886340389e+00 -4.0286662581e+00 -3.1948225698e+00 -6.1065900993e-02 -5.4119665544e+00 -4.2204643367e+00 -6.9278598328e-01 -6.3533796811e+00 -2.1755655965e+00 -1.8844090848e+00 -4.9577742939e+00 -1.1765573450e+00 -1.2372009158e+00 -4.7167576307e+00 -3.6893641908e+00 -3.0539034356e+00  3.9691120844e+00 -6.4728779383e-01 -4.2250732192e+00  3.2542797618e+00  9.2939992582e-01 -4.6158756371e+00  2.7657829161e+00 -5.1552221410e-01 -5.5199725870e+00  3.8096850836e-01 -1.4089072465e+00 -9.6323208239e-01 -4.2655411031e-01  7.8029797434e-02 -1.4724335748e+00
ENERGY -5.298220458079e+02

JOB 21
COORDS  1.9196803566e+00 -3.6339702235e-01 -3.5700583441e+00  1.0773270943e+00 -6.9088956026e-01 -2.7641774291e+00 -2.9133873942e+00 -2.6967877015e+00 -2.4708130376e+00 -4.8564649445e+00 -3.2169443385e+00 -8.3893545762e-01 -5.3070826771e+00 -2.0710234850e+00 -1.7042128286e+00 -4.3161849430e+00 -3.0857613424e+00 -2.2548777625e+00  2.9239130408e+00  1.3516557847e-02 -4.5676052011e+00  8.9355213340e-02 -1.0637657133e+00 -1.7552833976e+00 -2.1561787435e+00 -3.1607661960e+00 -3.5045381479e+00 -2.2270943010e+00 -1.8494127614e+00 -1.6960195049e+00 -9.6885419015e-01 -2.6013092956e+00 -3.3826588885e+00 -1.0392098371e+00 -1.8252571446e+00 -2.3091060005e+00 -4.1633986701e+00 -2.9982035314e+00 -3.2795719898e-02 -5.5512558135e+00 -4.0287929352e+00 -6.4603960250e-01 -6.3137913167e+00 -2.0894015246e+00 -2.1107171796e+00 -4.9158320582e+00 -1.0840802101e+00 -1.4786467774e+00 -4.6808455874e+00 -3.7882539834e+00 -2.9965660220e+00  3.8789937792e+00 -4.8266389240e-01 -4.3680041220e+00  3.0915705811e+00  1.0953356593e+00 -4.5671457713e+00  2.5910866175e+00 -2.7958152499e-01 -5.5684950759e+00  5.5139588114e-01 -1.6662247382e+00 -9.6524111050e-01 -3.4709032615e-01 -1.7745046462e-01 -1.2882812421e+00
ENERGY -5.298221952573e+02

JOB 22
COORDS  1.2156029641e+00  7.5538342401e-01 -4.2224325312e+00  3.3703760900e-01  5.7258708692e-01 -3.4092059777e+00 -3.3359207739e+00 -1.8772282139e+00 -2.8797082999e+00 -5.6730083539e+00 -1.8586469170e+00 -1.7629422347e+00 -5.8601619026e+00 -1.3774756801e+00 -3.1766381620e+00 -4.7311735265e+00 -2.3447476560e+00 -2.8542765990e+00  2.2747118867e+00  9.5178298818e-01 -5.2153584286e+00 -7.0920608157e-01  3.7893633479e-01 -2.4062386360e+00 -2.2920158754e+00 -2.6537381939e+00 -3.2862346237e+00 -2.9324751697e+00 -6.5388167583e-01 -2.5192102537e+00 -1.2080519976e+00 -1.9119633120e+00 -3.1795766055e+00 -1.6140443963e+00 -7.3241505227e-01 -2.7290499915e+00 -5.2610933368e+00 -1.1593003887e+00 -1.0423076180e+00 -6.3789732999e+00 -2.5783846685e+00 -1.3596645973e+00 -6.6957370833e+00 -1.7641053337e+00 -3.7522813921e+00 -5.5734689449e+00 -3.5569150709e-01 -3.4041900619e+00 -4.8411013957e+00 -3.3706089854e+00 -3.1891231293e+00  3.1872421665e+00  1.3266946688e+00 -4.7407999275e+00  1.9670655209e+00  1.6700926625e+00 -5.9819485057e+00  2.5136468829e+00  4.7242884472e-03 -5.7096832609e+00 -2.6994534338e-01  1.9116534358e-01 -1.4205497259e+00 -1.3474916706e+00  1.2618375479e+00 -2.3324392551e+00
ENERGY -5.298224425048e+02

JOB 23
COORDS  1.0660118049e+00  7.5315409808e-01 -4.2364791732e+00  3.2452319798e-01  5.1638269882e-01 -3.3083917249e+00 -3.2524962486e+00 -1.9249668432e+00 -2.7408611614e+00 -5.7099252421e+00 -1.6897783325e+00 -1.9556878502e+00 -5.6817244521e+00 -1.3345035007e+00 -3.4179280045e+00 -4.6647370270e+00 -2.3206490845e+00 -2.8631942761e+00  1.9632034889e+00  1.0195223261e+00 -5.3637862397e+00 -5.6613338204e-01  2.4149949380e-01 -2.1786753405e+00 -2.2125915555e+00 -2.7848908492e+00 -2.9382080853e+00 -2.8267681862e+00 -6.9630258656e-01 -2.4283835852e+00 -1.1096593121e+00 -2.0903887204e+00 -2.7492688894e+00 -1.4993326659e+00 -8.5954127824e-01 -2.4449948909e+00 -5.3542554510e+00 -9.4677511207e-01 -1.2489257105e+00 -6.5045411848e+00 -2.3338127847e+00 -1.5911918617e+00 -6.4567899091e+00 -1.7325821522e+00 -4.0658774257e+00 -5.3066356994e+00 -3.5356597824e-01 -3.6919582850e+00 -4.7914959551e+00 -3.3668212724e+00 -3.1201720132e+00  2.9342489928e+00  1.3803080796e+00 -5.0097444367e+00  1.5401607178e+00  1.7752335351e+00 -6.0332686551e+00  2.1314557886e+00  1.0540336231e-01 -5.9421231950e+00  9.3886397504e-03 -6.5027094261e-03 -1.2817856741e+00 -1.1943304444e+00  1.1077481203e+00 -1.9629130262e+00
ENERGY -5.298228753706e+02

