JOB 0
COORDS -1.5511714012e-01 -1.1645348794e+00 -9.7116581480e-01 -1.1130192391e+00 -2.2402689404e+00 -5.1583616035e-01 -3.1749708261e+00  2.8813103008e+00  8.4695809749e-01  6.1534272571e-01  1.1809641529e+00 -9.0152850255e-01 -1.9873112725e+00  2.3872343597e+00  1.9979290492e-02 -4.7832894930e-01  2.0205771772e-01 -7.2467791073e-01  8.7543512882e-01 -1.4297826703e+00 -1.5698925800e+00 -1.0563235867e+00  6.1427788930e-01  1.7877499338e+00 -2.8826904509e+00 -1.1639014736e-01  1.8467289634e-01 -1.6651353371e+00  6.5128873117e-01  4.5294700023e-01 -2.1045569114e+00 -2.0974934532e+00 -9.4744587363e-01 -6.9131450387e-01 -3.1951072414e+00 -8.2906831814e-01 -1.2324787268e+00 -2.2297890794e+00  5.7102091094e-01 -3.3710641725e+00  3.9263014761e+00  5.9033880985e-01 -4.0724871476e+00  2.2965820719e+00  6.3562625693e-01 -2.9599435300e+00  2.8248345363e+00  1.9167616134e+00  1.4110560608e+00  6.7171818462e-01 -1.4414024208e+00  2.7473593553e-01  2.0327295595e+00 -1.4930471108e+00  1.0003288105e+00  1.5180293821e+00  6.6017596890e-02 -1.0812505975e+00  2.9525582295e+00  2.3894376527e-01 -2.1936142206e+00  2.4071033326e+00 -1.0527395885e+00
ENERGY -8.757918772313e+02

JOB 1
COORDS -1.8283275514e-01 -1.1469238889e+00 -1.0001084423e+00 -1.1793402762e+00 -2.2197980354e+00 -6.2824902890e-01 -3.1976472169e+00  2.8712838710e+00  8.2212535670e-01  6.8887348656e-01  1.1619256206e+00 -7.9794236855e-01 -2.0526036252e+00  2.3354670076e+00 -3.7372535601e-02 -4.2336356318e-01  2.0334320705e-01 -6.1742996307e-01  8.2055208302e-01 -1.4020171377e+00 -1.6484423469e+00 -8.9382876398e-01  8.5608347731e-01  1.8567153076e+00 -2.7459750249e+00 -1.8672265154e-01  4.6995445225e-01 -1.5786059157e+00  6.8975617562e-01  5.7088088599e-01 -2.1761819997e+00 -1.9867928939e+00 -1.0043768907e+00 -8.1435703363e-01 -3.1510797259e+00 -1.0611407405e+00 -1.2662539169e+00 -2.3237310289e+00  4.5601467947e-01 -3.4822068161e+00  3.8612823569e+00  4.5423178849e-01 -4.0702600074e+00  2.2169424486e+00  7.6811013895e-01 -2.8926128000e+00  2.9675065232e+00  1.8669436897e+00  1.5182789124e+00  6.1417662302e-01 -1.2406887511e+00  3.9608075893e-01  1.9675055372e+00 -1.4757768854e+00  1.0002729380e+00  1.5705884373e+00  1.6670090744e-01 -1.1689881985e+00  2.9713314511e+00  2.6749567089e-02 -2.3417082158e+00  2.2034961385e+00 -1.0826869292e+00
ENERGY -8.757927805431e+02

JOB 2
COORDS -1.4947068244e-01 -1.1267130354e+00 -8.8367467156e-01 -1.2838520741e+00 -2.1184386335e+00 -7.7385150882e-01 -3.2566129491e+00  2.8648946681e+00  7.4869048099e-01  8.6059761524e-01  1.0814399988e+00 -6.3831181401e-01 -2.2450144877e+00  2.1951879924e+00 -1.8003525739e-01 -3.5051077995e-01  2.3558447696e-01 -5.2089419440e-01  9.3895364283e-01 -1.4371034916e+00 -1.3420812585e+00 -7.1192582391e-01  1.2966000606e+00  1.8077584546e+00 -2.4960961440e+00 -2.4429320124e-01  8.6120529462e-01 -1.4756939615e+00  7.8527432292e-01  6.6758004549e-01 -2.2267316492e+00 -1.7070043554e+00 -1.1359931814e+00 -9.9471884169e-01 -2.9925410220e+00 -1.3580948266e+00 -1.4423781140e+00 -2.4102669586e+00  2.6647992020e-01 -3.7194449376e+00  3.7060679550e+00  2.2454262760e-01 -4.0441182489e+00  2.1664192867e+00  1.0413003729e+00 -2.7700296869e+00  3.2448625647e+00  1.6500540689e+00  1.2230306688e+00  1.0187758161e+00 -1.6638800292e+00  6.1086800035e-01  2.1150174976e+00 -4.0342207951e-01  1.6428508653e+00  7.4239592834e-01  4.3578492508e-02 -1.4428719200e+00  2.8763634886e+00 -4.6893250735e-01 -2.7095384422e+00  1.7811001536e+00 -1.0778065375e+00
ENERGY -8.757940124254e+02

JOB 3
COORDS -1.7174876516e-01 -1.0894291872e+00 -9.0135656531e-01 -1.3607247380e+00 -2.0199444799e+00 -8.3074509412e-01 -3.2901281550e+00  2.8139065831e+00  6.9756988276e-01  9.5082676373e-01  1.0611186871e+00 -5.6039088256e-01 -2.2873880539e+00  2.0919315795e+00 -2.0040500538e-01 -2.7320845129e-01  2.4085321575e-01 -4.1810570605e-01  8.8192314327e-01 -1.4267816265e+00 -1.4199855713e+00 -6.4097944218e-01  1.4844031130e+00  1.8019484957e+00 -2.3434350510e+00 -2.5368324819e-01  1.0690657047e+00 -1.4046508843e+00  8.1915740039e-01  7.4517279380e-01 -2.2918672407e+00 -1.5284646589e+00 -1.1164572993e+00 -1.1470656152e+00 -2.8530224995e+00 -1.5010262351e+00 -1.4961843621e+00 -2.3934677469e+00  1.8618156408e-01 -3.8152738992e+00  3.5730318651e+00  1.1061661091e-01 -4.0300860580e+00  2.1176095359e+00  1.0995986248e+00 -2.7842615960e+00  3.3086890576e+00  1.5298871015e+00  1.2713758433e+00  1.0214248051e+00 -1.6011530421e+00  7.3412237202e-01  2.0905793001e+00 -2.7870302998e-01  1.7505544102e+00  6.8089297954e-01  7.8386568189e-02 -1.5273593894e+00  2.7690459423e+00 -5.9682355075e-01 -2.7671487816e+00  1.5657728954e+00 -1.0290634729e+00
ENERGY -8.757951114808e+02

JOB 4
COORDS -2.0358369392e-01 -1.0355605911e+00 -9.1410973309e-01 -1.4608339821e+00 -1.8748671483e+00 -8.6337055443e-01 -3.3558641196e+00  2.7087365301e+00  6.4459027173e-01  1.0721916039e+00  1.0200599993e+00 -5.0073696082e-01 -2.3140469123e+00  1.9937923967e+00 -2.1337326718e-01 -1.8552279033e-01  2.5744936563e-01 -3.3929373094e-01  8.0543352844e-01 -1.4212195453e+00 -1.4859224881e+00 -5.4865494945e-01  1.6887294224e+00  1.7527962924e+00 -2.1593424712e+00 -2.1858730186e-01  1.2755170471e+00 -1.3120100015e+00  8.7577171804e-01  8.0539791649e-01 -2.3610427971e+00 -1.2980754503e+00 -1.0843834669e+00 -1.3357419147e+00 -2.6727668001e+00 -1.5958031464e+00 -1.5936751295e+00 -2.3052607391e+00  1.3082419052e-01 -3.9459132254e+00  3.3768893258e+00  1.0504680501e-02 -4.0341032498e+00  1.9932652313e+00  1.1157859284e+00 -2.8773475789e+00  3.3058738436e+00  1.4243425490e+00  1.3482013457e+00  1.0101254843e+00 -1.5552168675e+00  9.2015913689e-01  2.0429872428e+00 -1.6110286307e-01  1.8752716189e+00  5.6690944328e-01  8.4235795497e-02 -1.6101043839e+00  2.6889298262e+00 -6.7770684755e-01 -2.7661779848e+00  1.3704412594e+00 -9.8876285416e-01
ENERGY -8.757959276369e+02

JOB 5
COORDS -2.4537168806e-01 -9.6950577857e-01 -9.4496534955e-01 -1.5134607319e+00 -1.7875865359e+00 -8.3574894337e-01 -3.3961583240e+00  2.6335812282e+00  5.6762699155e-01  1.1507075260e+00  9.8402535061e-01 -4.4364150977e-01 -2.3078357704e+00  1.9265507325e+00 -2.3757784131e-01 -1.1615465953e-01  2.4795601053e-01 -2.4098195788e-01  6.9047005565e-01 -1.3243954778e+00 -1.6476896285e+00 -5.2806012065e-01  1.8183869390e+00  1.7335659151e+00 -2.0748696401e+00 -1.6964277844e-01  1.4035795874e+00 -1.2658812409e+00  9.1464954727e-01  8.5095641280e-01 -2.4131209032e+00 -1.1947514913e+00 -1.0162833351e+00 -1.4399979672e+00 -2.5821688956e+00 -1.5782344749e+00 -1.6124143079e+00 -2.2152892622e+00  1.6324176206e-01 -4.0063526034e+00  3.2395060246e+00 -1.0857259128e-01 -4.0470710876e+00  1.9110298391e+00  1.0656528877e+00 -2.9595161397e+00  3.2923371529e+00  1.3219079837e+00  1.2551699456e+00  1.2503974006e+00 -1.4975628571e+00  1.1460598452e+00  1.8759839572e+00  1.7869741225e-01  1.9895027288e+00  3.4802302157e-01 -1.5639520732e-01 -1.6279976290e+00  2.6286553983e+00 -7.2693102536e-01 -2.7203552382e+00  1.2458811300e+00 -9.8643233956e-01
ENERGY -8.757966243507e+02

JOB 6
COORDS -2.9448247374e-01 -8.9549128448e-01 -9.8825378383e-01 -1.5431843395e+00 -1.7334624671e+00 -8.1462517784e-01 -3.3998307014e+00  2.5854305125e+00  5.0561137935e-01  1.1906672105e+00  9.6199943230e-01 -3.8150779193e-01 -2.2958683850e+00  1.8574890169e+00 -2.5918325280e-01 -6.1757958478e-02  2.1289716246e-01 -1.4399162285e-01  5.5254820476e-01 -1.1685752024e+00 -1.8271685680e+00 -5.1781841822e-01  1.8969464714e+00  1.7199435064e+00 -2.0316489699e+00 -1.3277383258e-01  1.5004038957e+00 -1.2365890054e+00  9.3086213290e-01  8.8950104882e-01 -2.4584450401e+00 -1.1555150883e+00 -9.6566131141e-01 -1.4942185696e+00 -2.5301444344e+00 -1.5566374955e+00 -1.5975331052e+00 -2.1495744674e+00  1.9224886407e-01 -4.0211887300e+00  3.1399448005e+00 -2.0368395128e-01 -4.0358558033e+00  1.8781432150e+00  1.0430436785e+00 -2.9777457103e+00  3.2941961587e+00  1.2218443188e+00  1.1664113650e+00  1.4571140005e+00 -1.3565098187e+00  1.3187258565e+00  1.6913049438e+00  4.1479294464e-01  2.0203934632e+00  2.5521091291e-01 -3.7071781509e-01 -1.6298175017e+00  2.5465027286e+00 -7.8496101164e-01 -2.6954693388e+00  1.1311188009e+00 -9.7027614398e-01
ENERGY -8.757966911335e+02

JOB 7
COORDS -3.5391497297e-01 -8.0528893168e-01 -1.0337830148e+00 -1.5573164406e+00 -1.6966437880e+00 -8.0281473238e-01 -3.3885905150e+00  2.5577219752e+00  4.5258688227e-01  1.2190661323e+00  9.3161947753e-01 -3.1437986173e-01 -2.2953673522e+00  1.7807900393e+00 -2.7924742994e-01 -2.2708752454e-02  1.6840164947e-01 -6.0562347146e-02  3.8848268232e-01 -9.5451946913e-01 -1.9931217305e+00 -4.9971489324e-01  1.9698188430e+00  1.6855908270e+00 -1.9951569942e+00 -8.5023277058e-02  1.5966242056e+00 -1.2114393509e+00  9.4742421530e-01  9.2003780595e-01 -2.5011621525e+00 -1.1606055418e+00 -9.3215593325e-01 -1.5070620551e+00 -2.4971580770e+00 -1.5408297911e+00 -1.5599150857e+00 -2.0995318447e+00  2.1054510941e-01 -4.0259386358e+00  3.0562317874e+00 -2.8361078510e-01 -4.0103394959e+00  1.8883695598e+00  1.0516621878e+00 -2.9573301588e+00  3.3185944836e+00  1.1071156667e+00  1.1181152332e+00  1.5865372108e+00 -1.1855917363e+00  1.4556000619e+00  1.5151988633e+00  5.7192602263e-01  2.0142053529e+00  2.1347460369e-01 -5.1145015933e-01 -1.6455302993e+00  2.4337331846e+00 -8.6802651123e-01 -2.7066902585e+00  1.0044785489e+00 -9.2630278323e-01
ENERGY -8.757954013116e+02

JOB 8
COORDS -3.7004925598e-01 -7.0277733921e-01 -1.0946430970e+00 -1.6230434712e+00 -1.5431591147e+00 -9.3650495618e-01 -3.4047864832e+00  2.4995730910e+00  5.1241936969e-01  1.3066444962e+00  8.6168090450e-01 -2.4557943022e-01 -2.3886340144e+00  1.6320195448e+00 -2.2941922805e-01  9.7774960076e-03  1.7373588816e-01 -5.5398690707e-02  3.6005125254e-01 -8.3160067821e-01 -2.0665533291e+00 -4.3244425876e-01  2.1384377027e+00  1.5207306533e+00 -1.8061214549e+00  1.9971019511e-02  1.8062879856e+00 -1.1481345896e+00  1.0011329505e+00  9.4288129148e-01 -2.3280234011e+00 -1.2869787386e+00 -1.7327727654e+00 -1.3233860067e+00 -2.5810008235e+00 -1.1037197285e+00 -2.1021905886e+00 -1.4642415778e+00  3.7632427236e-02 -4.1420920638e+00  2.8727766544e+00 -2.0441507937e-01 -3.9290826603e+00  1.9217815372e+00  1.2772313644e+00 -2.9192139209e+00  3.3550814947e+00  9.8687094738e-01  1.2627747057e+00  1.5880218821e+00 -1.0625466575e+00  1.5794258732e+00  1.3596625902e+00  6.8133998510e-01  2.0453182564e+00  1.0024791477e-01 -4.9320895629e-01 -1.8335554061e+00  2.1961349860e+00 -9.8374290691e-01 -2.8559424549e+00  7.6312362428e-01 -6.9267730749e-01
ENERGY -8.757930954151e+02

JOB 9
COORDS -3.8741925843e-01 -6.0680048235e-01 -1.1488634083e+00 -1.6142407249e+00 -1.4883911298e+00 -1.0028681470e+00 -3.3978589845e+00  2.5082099601e+00  4.8784827526e-01  1.3445444356e+00  7.9885231153e-01 -1.5197249274e-01 -2.4703719453e+00  1.5124887312e+00 -2.0935752442e-01  1.9455608884e-02  1.4814702418e-01 -2.6968004510e-02  3.0692502654e-01 -6.3714136723e-01 -2.1532689702e+00 -4.3262758835e-01  2.2496849363e+00  1.3638130062e+00 -1.7132834486e+00  1.2401195927e-01  1.9222228193e+00 -1.1341288620e+00  1.0387952209e+00  9.3672392275e-01 -2.3431313821e+00 -1.2391700173e+00 -1.7783649920e+00 -1.2811676217e+00 -2.5118726779e+00 -1.1971376193e+00 -2.0720800315e+00 -1.4552874025e+00 -1.4320571852e-02 -4.2007434162e+00  2.7829074838e+00 -2.0263418043e-01 -3.8476463661e+00  2.0669277708e+00  1.3804534313e+00 -2.8599789328e+00  3.4142116792e+00  7.7413972822e-01  1.3360315604e+00  1.6146865356e+00 -8.7974396715e-01  1.6435342125e+00  1.1773576351e+00  8.2270959597e-01  2.0451897865e+00  3.3660078525e-02 -4.8448793565e-01 -1.9908202549e+00  1.9446709552e+00 -1.0918364017e+00 -2.9928897636e+00  5.9767430794e-01 -4.8187467243e-01
ENERGY -8.757893706925e+02

JOB 10
COORDS -3.4918807577e-01 -5.5623342441e-01 -1.1919428913e+00 -1.6092652631e+00 -1.4011793130e+00 -1.1316247776e+00 -3.4266971488e+00  2.4956274637e+00  4.8302215296e-01  1.3905849555e+00  7.1602626102e-01 -4.1058730998e-02 -2.5841301892e+00  1.3797391679e+00 -1.3771836036e-01  1.7968398702e-02  1.5744436736e-01 -3.3560883433e-02  4.0188399780e-01 -5.9985828502e-01 -2.1544436170e+00 -4.3867962905e-01  2.4226482943e+00  1.0710011458e+00 -1.5204358238e+00  3.4937556715e-01  2.0662408449e+00 -1.1038674046e+00  1.1291810439e+00  8.9910915912e-01 -2.3522815889e+00 -1.0302991407e+00 -1.8422566582e+00 -1.3232667912e+00 -2.4027954886e+00 -1.4623194354e+00 -2.0382388368e+00 -1.4728205855e+00 -1.3136618717e-01 -4.3235030953e+00  2.6336709721e+00 -1.2826277038e-01 -3.7392408551e+00  2.2345497588e+00  1.4968989291e+00 -2.8755186399e+00  3.4371389741e+00  5.1412084644e-01  1.4846054728e+00  1.5712184459e+00 -7.1397982545e-01  1.6545432275e+00  1.0160553234e+00  9.7165822614e-01  2.0553136207e+00 -8.0743600389e-02 -3.7267947378e-01 -2.2403359466e+00  1.6392659167e+00 -1.1422415592e+00 -3.1229583353e+00  4.3561179409e-01 -1.5438424276e-01
ENERGY -8.757849430470e+02

JOB 11
COORDS -2.8426826881e-01 -5.8083340562e-01 -1.2101201613e+00 -1.6159534319e+00 -1.3052532529e+00 -1.2919512340e+00 -3.4977199150e+00  2.4353910100e+00  5.4939976123e-01  1.4193997455e+00  6.1170141852e-01  7.2599648159e-02 -2.6600397499e+00  1.3072864291e+00 -5.8248673262e-02  5.6394515895e-03  1.8709352557e-01 -6.7710868908e-02  5.8379223556e-01 -7.6711263220e-01 -2.0506984014e+00 -4.4609101213e-01  2.6178509368e+00  6.1529370215e-01 -1.2541647337e+00  7.5400710715e-01  2.1332093243e+00 -1.0495679369e+00  1.2926933791e+00  7.8700353550e-01 -2.3178355443e+00 -7.6844099759e-01 -1.9351402488e+00 -1.4147031817e+00 -2.2674038455e+00 -1.7661497237e+00 -2.0676330499e+00 -1.4765472591e+00 -3.1384891467e-01 -4.4750929461e+00  2.4409458496e+00  5.8085368757e-02 -3.6509075397e+00  2.2785432098e+00  1.6195062195e+00 -3.0233087891e+00  3.4063348515e+00  3.9674793852e-01  1.6704091007e+00  1.4218278728e+00 -6.1478250492e-01  1.5892064645e+00  9.3459829736e-01  1.0998808088e+00  2.0399289337e+00 -2.5714495984e-01 -1.4149232482e-01 -2.4709285091e+00  1.4716903978e+00 -1.1209350594e+00 -3.1228692738e+00  3.3639558029e-01  1.0356369954e-01
ENERGY -8.757817182375e+02

JOB 12
COORDS -2.6607172830e-02 -1.0033280135e+00 -6.7655157890e-01 -1.1868882431e+00 -1.9767310256e+00 -5.6832118793e-01 -1.7555593313e+00  9.4384652008e-02  3.4915776501e+00  7.8669343656e-01  1.2945087794e+00 -8.3509260759e-01 -1.2908078577e+00 -4.5382755612e-01  2.1411093559e+00 -2.8921980453e-01  3.5938511268e-01 -4.3028883908e-01  1.0636191570e+00 -1.3559044622e+00 -1.1001463154e+00 -2.5647874777e+00  1.2185074559e+00  5.1807809878e-01 -3.7076682470e-01  1.9855953172e+00  1.5466639161e+00 -1.1978633343e+00  9.3071717936e-01  9.5635088207e-01 -2.1532804538e+00 -1.4893588323e+00 -4.3318523280e-01 -1.2057595237e+00 -2.5373585383e+00 -1.5062733561e+00 -1.0060765171e+00 -2.6990856695e+00  2.3176434786e-01 -1.8279429339e+00 -7.3852773712e-01  4.1972769886e+00 -1.0492598144e+00  8.2723058458e-01  3.8855844294e+00 -2.7402914840e+00  5.6051847152e-01  3.4087749798e+00  1.0887824546e+00  1.0129470134e+00 -1.8431115897e+00  3.8886577960e-01  2.3079646271e+00 -8.4122039506e-01  1.6510117207e+00  1.2432105387e+00 -1.6923794919e-01 -2.0004513846e+00 -1.1711107134e+00  1.7362516726e+00 -2.9416910338e-01 -8.9833010677e-01  2.2029353083e+00
ENERGY -8.757849426101e+02

JOB 13
COORDS -9.8699228444e-02 -1.0133101415e+00 -6.9742416278e-01 -1.3107282548e+00 -1.9252334261e+00 -6.4274782502e-01 -1.7385817551e+00  1.1630565756e-01  3.4834435286e+00  8.6658043056e-01  1.2308380232e+00 -7.3468763638e-01 -1.1179731336e+00 -3.8985919460e-01  2.1809724605e+00 -2.9488300379e-01  3.6065274119e-01 -4.3688866433e-01  9.8969756360e-01 -1.4170780024e+00 -1.0771990771e+00 -2.6759905422e+00  9.1342796662e-01  4.7254744755e-01 -6.3445359206e-01  2.1222789417e+00  1.3897118744e+00 -1.2768444150e+00  9.0094300517e-01  9.0346582329e-01 -2.2434000127e+00 -1.4135997323e+00 -4.0548560039e-01 -1.4030817625e+00 -2.3723258543e+00 -1.6366149584e+00 -1.1263032367e+00 -2.7438538398e+00  5.7706306045e-02 -1.6460006037e+00 -6.6520460387e-01  4.2433899837e+00 -1.2275497147e+00  1.0122236281e+00  3.8416251963e+00 -2.7990817620e+00  3.4323701065e-01  3.3506861495e+00  1.1987822327e+00  9.8495002777e-01 -1.7427405752e+00  5.4747675218e-01  2.2696043895e+00 -6.9221627726e-01  1.6929139331e+00  1.0681296027e+00 -3.7544755210e-02 -1.6326382355e+00 -1.2720479162e+00  1.8054214899e+00 -5.0000371600e-02 -5.9867120598e-01  2.2875178501e+00
ENERGY -8.757893706901e+02

JOB 14
COORDS -1.6474091081e-01 -1.0090191899e+00 -7.8727764730e-01 -1.3837330468e+00 -1.9061513695e+00 -6.8502169622e-01 -1.7629942769e+00  1.2689263601e-01  3.4791771571e+00  9.3294356260e-01  1.1721323958e+00 -6.5533974679e-01 -1.0049201776e+00 -3.0870312028e-01  2.2257339817e+00 -2.7090401796e-01  3.4673554624e-01 -4.0882012973e-01  8.8243545309e-01 -1.4163998496e+00 -1.2686444881e+00 -2.6974534492e+00  7.3407390995e-01  4.5653363137e-01 -7.8670402281e-01  2.1862968236e+00  1.2911098647e+00 -1.3052100503e+00  8.8112630472e-01  8.8212792323e-01 -2.3005490959e+00 -1.3946557487e+00 -3.9766481374e-01 -1.5206766433e+00 -2.3567092097e+00 -1.6714873817e+00 -1.1678275766e+00 -2.7248540684e+00  7.6384166596e-03 -1.5716938726e+00 -5.9583213619e-01  4.2778167043e+00 -1.4319474188e+00  1.1114700447e+00  3.8165122312e+00 -2.8393149662e+00  1.5999026169e-01  3.2945008562e+00  1.2324897630e+00  1.0092591764e+00 -1.6899815378e+00  6.7992781421e-01  2.2177454209e+00 -4.9961122620e-01  1.7607678447e+00  8.8512125984e-01 -1.5836863381e-04 -1.3379959240e+00 -1.2820998058e+00  1.8658385852e+00  7.7342299957e-02 -3.2501220472e-01  2.3799562624e+00
ENERGY -8.757930954197e+02

JOB 15
COORDS -2.3874017254e-01 -1.0034893374e+00 -8.8195882545e-01 -1.4980133629e+00 -1.8458469159e+00 -8.5549842315e-01 -1.6884819282e+00  1.1786252103e-01  3.5190826258e+00  9.5528078720e-01  1.1100670125e+00 -5.4156151424e-01 -8.5255719896e-01 -2.3016607902e-01  2.2884532010e+00 -2.8940256813e-01  3.2425200894e-01 -3.9260512387e-01  7.9893219170e-01 -1.4048997116e+00 -1.3877857553e+00 -2.7144960131e+00  4.3739800785e-01  5.0580696420e-01 -1.0092623766e+00  2.1960061744e+00  1.1885363516e+00 -1.3506552125e+00  8.0798926482e-01  8.8068443389e-01 -2.3520882977e+00 -1.2890990334e+00 -1.2425538166e+00 -1.3021263622e+00 -2.7306335520e+00 -1.4611351348e+00 -1.7615363517e+00 -2.1658335995e+00  1.5597283434e-01 -1.3711088685e+00 -5.1142362244e-01  4.3557336728e+00 -1.5515569248e+00  1.1638514764e+00  3.8027706524e+00 -2.7502233068e+00 -6.1492284537e-02  3.3346039962e+00  1.2730436193e+00  1.0324414724e+00 -1.5807037275e+00  7.4330070516e-01  2.1471590961e+00 -2.9345627596e-01  1.7552898173e+00  7.2185093879e-01  9.6710901324e-02 -9.8883701101e-01 -1.2678129590e+00  1.9798359094e+00  2.1248012275e-01 -3.6773801397e-02  2.4420056315e+00
ENERGY -8.757954013071e+02

JOB 16
COORDS -2.7123858733e-01 -9.8176338852e-01 -9.9265651650e-01 -1.4971903574e+00 -1.8640932644e+00 -8.9189273194e-01 -1.7197895396e+00  1.6307370884e-01  3.5437532751e+00  9.9610969692e-01  1.0606004128e+00 -4.9561840441e-01 -8.3390827274e-01 -1.8017192752e-01  2.3475369769e+00 -2.3822899322e-01  2.6413564172e-01 -3.2775579521e-01  6.9684038113e-01 -1.2996729138e+00 -1.6690955590e+00 -2.6913155954e+00  3.2702361891e-01  4.9815794319e-01 -1.0732021744e+00  2.1788415798e+00  1.1401819346e+00 -1.3518481351e+00  7.6564803510e-01  8.8556484719e-01 -2.3834315454e+00 -1.3444425199e+00 -1.2586137907e+00 -1.2973888589e+00 -2.7515599498e+00 -1.4920314110e+00 -1.7123574481e+00 -2.1648259813e+00  1.3657718353e-01 -1.3873671402e+00 -4.1260820892e-01  4.4125221777e+00 -1.6528616758e+00  1.2257646836e+00  3.7881072843e+00 -2.7640626837e+00 -8.6957870502e-02  3.3422897578e+00  1.2001480708e+00  1.1561710472e+00 -1.5620693635e+00  8.3909895997e-01  2.0452034768e+00 -6.1699177509e-02  1.8460152352e+00  5.6198332343e-01 -2.0826661289e-02 -8.9792970017e-01 -1.2359599655e+00  2.0751903632e+00  2.1314965122e-01  8.5017538975e-02  2.5153162454e+00
ENERGY -8.757966911112e+02

JOB 17
COORDS -3.0062818849e-01 -9.5987030714e-01 -1.0838448094e+00 -1.4863612048e+00 -1.8903216183e+00 -9.5146933072e-01 -1.7396309430e+00  2.3390618029e-01  3.5748378382e+00  1.0228416367e+00  1.0053192179e+00 -4.4893913042e-01 -8.2804463715e-01 -1.3871080979e-01  2.4074194711e+00 -1.9105435721e-01  1.8165950580e-01 -2.5955297739e-01  5.9592618574e-01 -1.1709348632e+00 -1.8883310486e+00 -2.6678381807e+00  2.1663504669e-01  5.0203923425e-01 -1.1223729886e+00  2.1472084768e+00  1.0835707081e+00 -1.3509231307e+00  7.1483719400e-01  8.9330117077e-01 -2.3999526857e+00 -1.4035738248e+00 -1.2965763816e+00 -1.2710951714e+00 -2.7636035663e+00 -1.5671622201e+00 -1.6640244716e+00 -2.2004574939e+00  8.0870097878e-02 -1.4016625945e+00 -2.8817682746e-01  4.4748013443e+00 -1.7091632102e+00  1.3088159937e+00  3.7676956070e+00 -2.7730388361e+00 -5.8509867179e-02  3.3739416691e+00  1.0741753856e+00  1.3424284501e+00 -1.4854271860e+00  9.7063469318e-01  1.8702371450e+00  2.0840800910e-01  1.9095659961e+00  4.0717544306e-01 -2.2857471089e-01 -8.5671994143e-01 -1.2076646001e+00  2.1820709339e+00  2.0860793182e-01  1.6500820186e-01  2.5738602892e+00
ENERGY -8.757966244259e+02

JOB 18
COORDS -3.2350671458e-01 -9.4672423250e-01 -1.1635611689e+00 -1.4718623528e+00 -1.9245373504e+00 -1.0502080596e+00 -1.7360808499e+00  3.4486011276e-01  3.6032718472e+00  1.0286885093e+00  9.4082269020e-01 -3.6812797793e-01 -8.2008078403e-01 -9.2874514808e-02  2.4622366735e+00 -1.6287882879e-01  7.9339109851e-02 -2.0230524091e-01  5.1622123109e-01 -1.0392859703e+00 -2.0467969329e+00 -2.6530056493e+00  5.7806349459e-02  5.2495365896e-01 -1.2020596733e+00  2.0914181988e+00  9.9307712718e-01 -1.3644084297e+00  6.4052084536e-01  8.9450556882e-01 -2.4036936856e+00 -1.4599301700e+00 -1.3775344161e+00 -1.2327520112e+00 -2.7667157801e+00 -1.7000639692e+00 -1.6301269725e+00 -2.2709957720e+00 -2.7063014162e-02 -1.3883525403e+00 -1.0753596363e-01  4.5365850433e+00 -1.7234782333e+00  1.4310088557e+00  3.7202622315e+00 -2.7648777459e+00  2.1955418101e-02  3.4265166163e+00  9.3342528960e-01  1.5623871253e+00 -1.2609079068e+00  1.1321499583e+00  1.5852967482e+00  5.0295794885e-01  1.9051783847e+00  3.0076891942e-01 -4.6967413583e-01 -8.3051419201e-01 -1.1747020552e+00  2.3080961716e+00  2.1125657775e-01  2.3852451291e-01  2.6067185129e+00
ENERGY -8.757959276730e+02

JOB 19
COORDS -3.3457357258e-01 -9.4706210442e-01 -1.2262035642e+00 -1.4935428191e+00 -1.9172445568e+00 -1.2288259787e+00 -1.6881723504e+00  4.6573785730e-01  3.6412331966e+00  1.0121245566e+00  8.5512016834e-01 -2.5635523182e-01 -7.7172378564e-01 -2.4363406806e-02  2.5218610840e+00 -1.6993916352e-01 -3.0277545777e-02 -1.5568229224e-01  5.1757716805e-01 -9.5713483327e-01 -2.1018306431e+00 -2.6399512920e+00 -2.0308616605e-01  6.2637329457e-01 -1.3773554071e+00  1.9867764556e+00  8.8534624047e-01 -1.4038180270e+00  5.2349681401e-01  9.1137030979e-01 -2.4192781696e+00 -1.4096628592e+00 -1.5068054659e+00 -1.2595260721e+00 -2.6833023024e+00 -1.9686273381e+00 -1.6596161881e+00 -2.3694487935e+00 -2.4990809600e-01 -1.2948242648e+00  1.2277773902e-01  4.6025960534e+00 -1.7374096334e+00  1.5569668256e+00  3.6568146809e+00 -2.6996819858e+00  6.9701640593e-02  3.5228116666e+00  9.0807869235e-01  1.5495204936e+00 -1.0925148454e+00  1.1188701746e+00  1.4262432882e+00  6.6480614844e-01  1.8938890395e+00  2.3390038269e-01 -4.1140153559e-01 -7.2204602145e-01 -1.1143076327e+00  2.4652916950e+00  2.4016040917e-01  3.7705561302e-01  2.6125891992e+00
ENERGY -8.757951113668e+02

JOB 20
COORDS -3.4900414096e-01 -9.3945131961e-01 -1.2705404997e+00 -1.5261106264e+00 -1.8825138158e+00 -1.3568516729e+00 -1.6810889185e+00  5.4281521917e-01  3.6569883459e+00  1.0184788282e+00  7.6236641202e-01 -1.7958629489e-01 -7.1675187165e-01  5.8946471254e-02  2.5751837122e+00 -1.4963848570e-01 -1.4644259240e-01 -1.0466595468e-01  4.9389757815e-01 -8.7467359135e-01 -2.1517157477e+00 -2.5884903848e+00 -4.2651254402e-01  7.4239058085e-01 -1.5019217665e+00  1.8694368751e+00  7.8219542378e-01 -1.4085342263e+00  4.1584536920e-01  9.3438046012e-01 -2.4471313223e+00 -1.3329310416e+00 -1.5624077256e+00 -1.3193783542e+00 -2.5687126029e+00 -2.1786686271e+00 -1.6834575174e+00 -2.4304314901e+00 -4.2707282917e-01 -1.2582483572e+00  3.1443540739e-01  4.6396207710e+00 -1.8362798971e+00  1.6221715722e+00  3.5899077891e+00 -2.6485201968e+00  4.2003607651e-02  3.5738155702e+00  8.9255461155e-01  1.4972368123e+00 -9.7705344879e-01  1.1377032315e+00  1.2860573669e+00  7.6769939434e-01  1.9060611884e+00  1.6239354484e-01 -3.7784680007e-01 -5.6477044524e-01 -1.0224624900e+00  2.6016435482e+00  2.4987236085e-01  5.6182990689e-01  2.6355225827e+00
ENERGY -8.757940123979e+02

JOB 21
COORDS -2.9907156702e-01 -1.0507593234e+00 -1.2574540218e+00 -1.6030612983e+00 -1.7702329709e+00 -1.5110958586e+00 -1.6922297912e+00  6.2905970263e-01  3.6203493970e+00  1.0554255877e+00  5.9653243559e-01  8.3296713446e-04 -6.3781172708e-01  3.2430354431e-01  2.5562591826e+00 -1.4207266819e-01 -2.6851580343e-01 -7.8062934969e-02  6.4329284648e-01 -1.1421682699e+00 -2.0293251778e+00 -2.4521365968e+00 -8.1167037205e-01  9.6963638243e-01 -1.8287716157e+00  1.6116537444e+00  5.4547537863e-01 -1.4454872923e+00  2.4956901822e-01  9.2988733381e-01 -2.4319962630e+00 -1.0662391544e+00 -1.6171302467e+00 -1.4760500204e+00 -2.3341461066e+00 -2.4350892710e+00 -1.8582414645e+00 -2.4371691462e+00 -6.8675591204e-01 -1.2046640893e+00  6.7284621702e-01  4.5985004712e+00 -2.1727860970e+00  1.5922366204e+00  3.4324502182e+00 -2.4588425726e+00 -1.4811973574e-01  3.6491684774e+00  7.6295815743e-01  1.6479613684e+00  5.9755482109e-02  1.6707069777e+00  3.2393702809e-01  8.6180143008e-01  1.6312155072e+00  4.3417525182e-01 -9.0805279755e-01 -1.6210792188e-01 -6.4773552260e-01  2.7063445447e+00  1.2097319644e-01  1.1058885514e+00  2.5054435331e+00
ENERGY -8.757927805430e+02

JOB 22
COORDS -3.0907462905e-01 -1.0238390792e+00 -1.2904161707e+00 -1.6472276191e+00 -1.6639962201e+00 -1.5761559247e+00 -1.6910419479e+00  6.6324476553e-01  3.6124329509e+00  1.0886196514e+00  4.9258357263e-01  6.8550959768e-02 -6.1529855594e-01  4.2283186560e-01  2.5524693824e+00 -1.0354441647e-01 -3.7528010771e-01 -3.7444202154e-02  6.1208922072e-01 -1.0700330444e+00 -2.0905350846e+00 -2.3131510891e+00 -1.0569912910e+00  1.1296555542e+00 -1.9816895883e+00  1.3683901484e+00  4.6107170694e-01 -1.4344105623e+00  1.0201692587e-01  9.6159094187e-01 -2.4500152808e+00 -9.2159364785e-01 -1.5726712548e+00 -1.5763884960e+00 -2.1226664546e+00 -2.5621927461e+00 -1.8993521801e+00 -2.4104774124e+00 -8.2182487216e-01 -1.2019950264e+00  8.5824666823e-01  4.5711403354e+00 -2.3067942573e+00  1.5294128791e+00  3.3584527775e+00 -2.3374963945e+00 -2.0972412810e-01  3.7225590510e+00  8.0909926749e-01  1.5499429814e+00  2.5789337571e-02  1.6357263656e+00  2.8066827635e-01  9.8897415269e-01  1.7255701865e+00  2.5989137956e-01 -7.8239091389e-01 -7.4891995497e-03 -4.5796283489e-01  2.7725795078e+00  2.3105838748e-02  1.2967418347e+00  2.4213030889e+00
ENERGY -8.757918772147e+02

JOB 23
COORDS -1.0300580745e-01 -1.1736276477e+00 -8.9747363956e-01 -1.0547960233e+00 -2.2450400609e+00 -4.1917188646e-01 -3.1366125804e+00  2.8883939831e+00  8.9396396468e-01  5.4464888576e-01  1.1966385601e+00 -1.0153291272e+00 -1.9420215893e+00  2.4084644166e+00  6.7764411323e-02 -5.1694084182e-01  1.8905642560e-01 -8.1289958444e-01  9.8324788274e-01 -1.4380860268e+00 -1.3876115318e+00 -1.2674381212e+00  4.0166179118e-01  1.6846422343e+00 -3.0009003223e+00 -3.7859439136e-02 -1.1341590123e-01 -1.7641816978e+00  6.1667742268e-01  3.1910284445e-01 -2.0296592312e+00 -2.1544813622e+00 -9.0088320570e-01 -5.9969018048e-01 -3.2081739974e+00 -6.4871458789e-01 -1.2160240244e+00 -2.1670072440e+00  6.6004971858e-01 -3.2485372842e+00  3.9670492472e+00  7.5166463669e-01 -4.0585176275e+00  2.3979230365e+00  5.7510155422e-01 -2.9821756888e+00  2.6954901708e+00  1.9580725041e+00  1.3129082505e+00  7.2293706263e-01 -1.6228497676e+00  1.5161527504e-01  2.0608153656e+00 -1.5514185419e+00  9.9349886113e-01  1.5071527261e+00 -6.5450512832e-02 -1.0127788525e+00  2.8777301193e+00  3.9108468334e-01 -2.0953472331e+00  2.5679089636e+00 -1.0020163736e+00
ENERGY -8.757904268167e+02

