JOB 0
COORDS  6.7952311583e-01  1.6085102673e+00  1.6244359962e+00  6.3370941932e-01  1.0525002738e+00 -7.7301236455e-01 -9.8196539097e-01  2.7280989593e+00  2.3420414530e-01  1.2075823027e+00  4.2183854971e+00 -9.7769903781e-01  4.6005161040e-01  2.1819867254e+00  2.6942484284e-01  8.4487645908e-01  1.1291558704e+00  2.6708981980e+00  1.4351600489e+00  3.2785185459e+00  1.2103962122e-01  4.8515033981e-01  1.4566577592e+00 -1.7788635681e+00  1.6381431227e+00  6.2258492780e-01 -7.1318781399e-01 -9.1389048519e-02  2.4890336957e-01 -6.1387561904e-01 -1.2347779084e+00  3.0704671764e+00 -7.7251182420e-01 -1.0934501093e+00  3.5596385116e+00  9.3427596113e-01 -1.6855072436e+00  1.9398369776e+00  5.1159828172e-01  2.0775634168e+00  4.8776492047e+00 -1.0408528698e+00  1.0629085932e+00  3.7543891491e+00 -1.9677935477e+00  3.4032621989e-01  4.8481524202e+00 -7.6467047833e-01  2.3693155142e+00  2.8821082702e+00  5.6431446340e-02
ENERGY -3.060857789844e+02

JOB 1
COORDS  6.6311979128e-01  1.6610893280e+00  1.6358044086e+00  6.4161034503e-01  9.7100495126e-01 -7.3607567836e-01 -9.5150302276e-01  2.7209675771e+00  1.6223980054e-01  1.1788470175e+00  4.2924841605e+00 -9.0100149953e-01  4.8196674622e-01  2.1560677755e+00  2.4161220659e-01  7.9068215658e-01  1.2521497593e+00  2.7170861490e+00  1.4913423129e+00  3.2084619098e+00  2.7964577174e-02  5.0791644678e-01  1.3309487018e+00 -1.7612885640e+00  1.6387133865e+00  5.2872378545e-01 -6.4730497072e-01 -9.6240981620e-02  1.8696799715e-01 -5.4140091254e-01 -1.1814167159e+00  3.0408951383e+00 -8.5706455697e-01 -1.0758464423e+00  3.5679717277e+00  8.4103601440e-01 -1.6658979553e+00  1.9452674410e+00  4.4714712420e-01  2.0721446984e+00  4.9158244284e+00 -9.9801278352e-01  8.8135536096e-01  3.9707486175e+00 -1.9139632057e+00  3.8644064719e-01  4.9268245001e+00 -4.9718162080e-01  2.3839866705e+00  2.7811461065e+00 -1.9975511916e-01
ENERGY -3.060838762791e+02

JOB 2
COORDS  6.5999730049e-01  1.7253468796e+00  1.6316944555e+00  6.4239530942e-01  8.9364915402e-01 -6.8869248973e-01 -9.4240242132e-01  2.7028021114e+00  8.1483629086e-02  1.1798111210e+00  4.3660699958e+00 -8.1126113213e-01  4.8858668805e-01  2.1413661830e+00  2.0710249032e-01  7.7852535164e-01  1.3857079070e+00  2.7379165704e+00  1.5252222675e+00  3.1472392177e+00 -8.5610879890e-02  4.8843791856e-01  1.1820675594e+00 -1.7336288811e+00  1.6444359701e+00  4.6539258796e-01 -5.8542996527e-01 -8.4212761818e-02  1.1969709127e-01 -4.2493769041e-01 -1.1487905887e+00  2.9947674692e+00 -9.5123743015e-01 -1.0912494729e+00  3.5660048210e+00  7.3366068885e-01 -1.6605946532e+00  1.9325497512e+00  3.7226496237e-01  2.0964924991e+00  4.9502980057e+00 -9.3283475333e-01  7.4435754706e-01  4.2102945344e+00 -1.8127230255e+00  4.8702396881e-01  4.9777909000e+00 -2.2867181432e-01  2.3391844181e+00  2.6964997368e+00 -4.8925336544e-01
ENERGY -3.060818352816e+02

JOB 3
COORDS  6.5567572221e-01  1.7981651729e+00  1.6151084074e+00  6.5577949572e-01  8.3308970985e-01 -6.3658057123e-01 -9.4794948544e-01  2.6763539892e+00 -1.6259520948e-02  1.1980546555e+00  4.4240855479e+00 -6.9464489785e-01  4.8552686529e-01  2.1385801712e+00  1.6878515069e-01  7.7355651025e-01  1.5184082145e+00  2.7380753496e+00  1.5477275226e+00  3.0963766766e+00 -1.9517585077e-01  4.8394415791e-01  1.0397751771e+00 -1.6981004150e+00  1.6663051088e+00  4.3179869945e-01 -5.1120570070e-01 -5.3615730643e-02  6.9496379850e-02 -3.0660878044e-01 -1.1380257375e+00  2.8902898778e+00 -1.0713829484e+00 -1.1181241161e+00  3.5838415572e+00  5.6635877746e-01 -1.6654381135e+00  1.9230675726e+00  3.1857926160e-01  2.1303262947e+00  4.9498040615e+00 -9.2037301330e-01  5.7377605887e-01  4.4353829329e+00 -1.6022188595e+00  6.8728966338e-01  5.0025587558e+00  8.0025492133e-02  2.2124115901e+00  2.6464694090e+00 -8.1454051151e-01
ENERGY -3.060812813123e+02

JOB 4
COORDS  6.5821077350e-01  1.8914011686e+00  1.5847540840e+00  6.7024028199e-01  7.8194524926e-01 -5.8517073330e-01 -9.5690741053e-01  2.6503550240e+00 -1.1601557651e-01  1.2320781055e+00  4.4512110569e+00 -5.7071625383e-01  4.7889269178e-01  2.1403989917e+00  1.2262364920e-01  7.7923436384e-01  1.6805833014e+00  2.7222135388e+00  1.5607570188e+00  3.0490685111e+00 -3.1049200325e-01  4.8514477631e-01  9.0253152251e-01 -1.6581070569e+00  1.6896302667e+00  4.1409688782e-01 -4.3680255948e-01 -2.3718582692e-02  3.4377494267e-02 -1.9366813040e-01 -1.1284630054e+00  2.7917183163e+00 -1.1873489993e+00 -1.1442893967e+00  3.5948670809e+00  3.9863020363e-01 -1.6763589912e+00  1.9161285761e+00  2.5612709440e-01  2.1474499000e+00  4.9567589708e+00 -8.9153020666e-01  4.6130315603e-01  4.6147185157e+00 -1.3390177124e+00  9.0474542809e-01  4.9377127205e+00  3.5332680205e-01  2.0092710859e+00  2.6496705175e+00 -1.1289647707e+00
ENERGY -3.060829665340e+02

JOB 5
COORDS  6.7136485575e-01  1.9982705113e+00  1.5419913942e+00  6.8046842804e-01  7.3940174306e-01 -5.4556384682e-01 -9.7078263066e-01  2.6184499385e+00 -1.9417635787e-01  1.2741514096e+00  4.4534938667e+00 -4.6405958515e-01  4.7267100509e-01  2.1392255487e+00  7.0600978939e-02  8.0137954917e-01  1.8783752957e+00  2.6913903651e+00  1.5456594021e+00  3.0145378376e+00 -4.3698097781e-01  4.8613901849e-01  7.8368554961e-01 -1.6231115500e+00  1.7070215139e+00  4.0170622471e-01 -3.8171633911e-01 -2.2488082758e-03  1.1437266933e-02 -1.0178001155e-01 -1.1295195951e+00  2.7228031508e+00 -1.2725643679e+00 -1.1756036867e+00  3.5780778355e+00  2.8479649970e-01 -1.6869942021e+00  1.8888694798e+00  1.9365654759e-01  2.1714188967e+00  4.9638914492e+00 -8.2561258546e-01  4.2591313026e-01  4.7531780116e+00 -1.0975717950e+00  1.0860182480e+00  4.8102755297e+00  5.5370817605e-01  1.7901639277e+00  2.7018646661e+00 -1.3731651756e+00
ENERGY -3.060856711276e+02

JOB 6
COORDS  6.7093635278e-01  2.1051335461e+00  1.4930100449e+00  6.9554855421e-01  7.0933360530e-01 -5.1553717248e-01 -9.9500655821e-01  2.5751585120e+00 -2.5956042208e-01  1.3280706001e+00  4.4454434341e+00 -3.6953333028e-01  4.6155527267e-01  2.1368065390e+00  1.9361641705e-02  8.0222421991e-01  2.0759501798e+00  2.6478739767e+00  1.5037662807e+00  3.0029142741e+00 -5.5561781453e-01  5.1474864556e-01  6.9200167330e-01 -1.5962931082e+00  1.7247526728e+00  3.9784555851e-01 -3.2368679014e-01  1.4105953623e-02 -1.7168159458e-03 -4.3022618152e-02 -1.1566442969e+00  2.6207357809e+00 -1.3420687858e+00 -1.2116658362e+00  3.5563870455e+00  1.6787439276e-01 -1.7011781593e+00  1.8579640162e+00  1.6812182948e-01  2.2034226985e+00  4.9556837999e+00 -7.8135882180e-01  4.2790255942e-01  4.8669303141e+00 -8.4218211184e-01  1.2912699091e+00  4.6700996136e+00  7.0104613812e-01  1.5734115932e+00  2.7908728292e+00 -1.5485856791e+00
ENERGY -3.060876829368e+02

JOB 7
COORDS  6.4044686550e-01  2.2020222602e+00  1.4479307763e+00  7.1770316357e-01  6.9496464944e-01 -4.8826350073e-01 -1.0294137418e+00  2.5225806882e+00 -3.2103975955e-01  1.4008051135e+00  4.4316141971e+00 -2.8651881976e-01  4.4130713372e-01  2.1380018898e+00 -2.3265162098e-02  7.5805812310e-01  2.2425808244e+00  2.6037728928e+00  1.4423378035e+00  3.0137956629e+00 -6.5551942541e-01  5.6838248035e-01  6.3045625474e-01 -1.5718442520e+00  1.7478615951e+00  4.1536005554e-01 -2.5904742151e-01  3.6202483986e-02 -1.0176118288e-02 -6.1329839935e-03 -1.1984791116e+00  2.4782167204e+00 -1.4025673011e+00 -1.2591519199e+00  3.5318089366e+00  2.7787835710e-02 -1.7220779431e+00  1.8305782326e+00  1.6642344592e-01  2.2110491320e+00  4.9463377042e+00 -8.1043293498e-01  4.5646856573e-01  4.9460950405e+00 -5.2395062515e-01  1.5850969192e+00  4.5318272361e+00  7.8664955951e-01  1.3506237990e+00  2.9114796709e+00 -1.6641409546e+00
ENERGY -3.060880622333e+02

JOB 8
COORDS  5.8703276826e-01  2.2860649236e+00  1.4088953368e+00  7.4492617181e-01  6.9401362409e-01 -4.5842245144e-01 -1.0654986567e+00  2.4696704353e+00 -3.8218329112e-01  1.4847918666e+00  4.4065745255e+00 -2.1875649620e-01  4.1542606626e-01  2.1446946545e+00 -5.7808287618e-02  6.7794166386e-01  2.3750566267e+00  2.5644054504e+00  1.3684110640e+00  3.0413203460e+00 -7.3998199183e-01  6.3321433345e-01  5.8945784312e-01 -1.5429598353e+00  1.7757275916e+00  4.5427551218e-01 -1.9111328529e-01  6.8654449869e-02 -1.3833647025e-02  2.8418644126e-02 -1.2347875191e+00  2.3237272685e+00 -1.4547137147e+00 -1.3069179114e+00  3.5045790689e+00 -1.2684393292e-01 -1.7482929358e+00  1.8143524668e+00  1.6614751867e-01  2.1661425218e+00  4.9623654841e+00 -8.6887469768e-01  5.3540662391e-01  4.9636331036e+00 -1.6044453359e-01  1.9257986729e+00  4.3806449039e+00  7.8045028363e-01  1.1192436907e+00  3.0609467655e+00 -1.7263733467e+00
ENERGY -3.060870117743e+02

JOB 9
COORDS  5.2095434430e-01  2.3622754829e+00  1.3766593933e+00  7.7502237876e-01  7.0941349720e-01 -4.2568855018e-01 -1.1092509130e+00  2.4122177309e+00 -4.3197893423e-01  1.5799140885e+00  4.3712770130e+00 -1.8107372963e-01  3.8013748075e-01  2.1597355925e+00 -8.4833453794e-02  5.8700200104e-01  2.4882325459e+00  2.5305565808e+00  1.2790614049e+00  3.0829406024e+00 -8.1324092239e-01  6.8104609567e-01  5.6291403583e-01 -1.5064540647e+00  1.8135023981e+00  5.2707932355e-01 -1.4277383131e-01  1.2733994573e-01 -1.0022438398e-02  8.3728143775e-02 -1.2637033642e+00  2.2176837635e+00 -1.4991262903e+00 -1.3862510642e+00  3.4486170917e+00 -2.1950396810e-01 -1.7731413469e+00  1.7539056453e+00  1.3537746633e-01  2.1682435034e+00  4.9650598535e+00 -8.8636011240e-01  6.9494243951e-01  4.9604628324e+00  1.1127273208e-01  2.1905224136e+00  4.2127366515e+00  7.1050892795e-01  8.8187865595e-01  3.2330146816e+00 -1.7372280179e+00
ENERGY -3.060851074341e+02

JOB 10
COORDS  4.3976662235e-01  2.4307428360e+00  1.3549970352e+00  8.0740540896e-01  7.4893304148e-01 -3.8965604663e-01 -1.1637315552e+00  2.3460094335e+00 -4.8026343741e-01  1.6849497938e+00  4.3227983088e+00 -1.6776251872e-01  3.2806610529e-01  2.1876248116e+00 -1.0323629656e-01  4.9964680698e-01  2.5837936123e+00  2.5061948874e+00  1.1742487859e+00  3.1389575804e+00 -8.6748511701e-01  7.1973758218e-01  5.5840166811e-01 -1.4634451727e+00  1.8567859053e+00  6.4167607269e-01 -1.0730379533e-01  2.0972984028e-01  1.0971658177e-02  1.5420815175e-01 -1.2844352066e+00  2.1430321595e+00 -1.5501984615e+00 -1.5103111642e+00  3.3622960177e+00 -2.7154031603e-01 -1.7934607620e+00  1.6439153158e+00  7.2731609309e-02  2.2257186617e+00  4.9353621220e+00 -8.9502417100e-01  9.1124135896e-01  4.9475932268e+00  3.0653512155e-01  2.3957832782e+00  4.0216752024e+00  6.0525993482e-01  6.4607900005e-01  3.4337608381e+00 -1.6841700380e+00
ENERGY -3.060836284188e+02

JOB 11
COORDS  3.4983917544e-01  2.4952770742e+00  1.3436824702e+00  8.4273007173e-01  8.1165123241e-01 -3.5208012477e-01 -1.2167757439e+00  2.2793201144e+00 -5.3063608901e-01  1.7847479114e+00  4.2514344816e+00 -1.7401618653e-01  2.6683423329e-01  2.2261993353e+00 -1.1467149647e-01  4.0996186484e-01  2.6765220511e+00  2.4910597397e+00  1.0608607640e+00  3.2034095590e+00 -9.0451132718e-01  7.5909059373e-01  5.7558113764e-01 -1.4165659559e+00  1.9000060309e+00  7.8764442769e-01 -7.7922865778e-02  3.0648735452e-01  5.6228585470e-02  2.3085642607e-01 -1.2907622470e+00  2.0866460897e+00 -1.6064473356e+00 -1.6493054635e+00  3.2606283781e+00 -3.1413644621e-01 -1.8014177576e+00  1.5193146042e+00 -6.4241741979e-03  2.2902071379e+00  4.8847841396e+00 -9.0894448808e-01  1.1511045235e+00  4.8869605708e+00  4.6281050861e-01  2.5545045825e+00  3.8026311957e+00  4.5939988184e-01  4.2910743025e-01  3.6533109285e+00 -1.5616111674e+00
ENERGY -3.060840174057e+02

JOB 12
COORDS  2.5476885556e-01  2.5562383735e+00  1.3416113718e+00  8.8237258095e-01  8.9021908347e-01 -3.2024760203e-01 -1.2603792258e+00  2.2168397481e+00 -5.7453307069e-01  1.8656307364e+00  4.1631474996e+00 -1.9627590332e-01  2.0761870474e-01  2.2664179385e+00 -1.1840373779e-01  3.1138098165e-01  2.7723333935e+00  2.4833984607e+00  9.4639288214e-01  3.2728628249e+00 -9.1857757177e-01  8.1485566250e-01  6.2156898717e-01 -1.3777316350e+00  1.9389556059e+00  9.4352224223e-01 -4.5600994842e-02  4.0210879399e-01  1.1606305074e-01  2.8610453799e-01 -1.2883533325e+00  2.0283074086e+00 -1.6526870259e+00 -1.7707985246e+00  3.1617436504e+00 -3.6426394520e-01 -1.8002458866e+00  1.4132516904e+00 -6.8288167798e-02  2.3387115264e+00  4.8256031604e+00 -9.2696112384e-01  1.3873161300e+00  4.7745600006e+00  5.8209776260e-01  2.6580798831e+00  3.5762929453e+00  2.7743423384e-01  2.5880508823e-01  3.8585719081e+00 -1.3872342194e+00
ENERGY -3.060863781347e+02

JOB 13
COORDS  1.5799738921e-01  2.6084360777e+00  1.3477702281e+00  9.2044252123e-01  9.6656596467e-01 -2.9395426092e-01 -1.2861665884e+00  2.1629264202e+00 -6.0614399297e-01  1.9284565510e+00  4.0768827104e+00 -2.3387977214e-01  1.6297622124e-01  2.3004275454e+00 -1.1327543728e-01  1.8309635372e-01  2.8652958930e+00  2.4824709353e+00  8.4366053158e-01  3.3453887626e+00 -9.0329226056e-01  8.9156835574e-01  6.9075946494e-01 -1.3512422502e+00  1.9654089655e+00  1.0701448038e+00  9.1232524955e-03  4.6670834867e-01  1.7128409624e-01  3.0464229585e-01 -1.2738108102e+00  1.9646010113e+00 -1.6821500254e+00 -1.8554285383e+00  3.0790902471e+00 -4.1973387835e-01 -1.7920841083e+00  1.3368045834e+00 -1.0129711732e-01  2.3483049374e+00  4.7915935431e+00 -9.4732344344e-01  1.6159450635e+00  4.6166861281e+00  6.7102352860e-01  2.7279102662e+00  3.3841936072e+00  4.5466813101e-02  1.4223500218e-01  4.0264630463e+00 -1.1883632457e+00
ENERGY -3.060894729851e+02

JOB 14
COORDS  5.6363405028e-02  2.6500209358e+00  1.3613059764e+00  9.5221950479e-01  1.0325493876e+00 -2.5840218403e-01 -1.2963965662e+00  2.1199363848e+00 -6.3216009261e-01  1.9810251292e+00  3.9981572994e+00 -2.9144247762e-01  1.3068013749e-01  2.3270784162e+00 -9.7416895935e-02  2.7265796949e-02  2.9472995888e+00  2.4862454228e+00  7.5953210525e-01  3.4151054735e+00 -8.6215741436e-01  1.0083655276e+00  7.8656190281e-01 -1.3221451543e+00  1.9669140373e+00  1.1518965615e+00  1.2821148570e-01  4.8018665507e-01  2.0717219083e-01  2.8143092656e-01 -1.2420371041e+00  1.8955549180e+00 -1.7010882867e+00 -1.9046151063e+00  3.0189099452e+00 -4.8973840632e-01 -1.7878824548e+00  1.2913479088e+00 -1.1686469685e-01  2.2992035139e+00  4.8212089738e+00 -9.3705564093e-01  1.8588617737e+00  4.3790867053e+00  7.3311008423e-01  2.7847291748e+00  3.2567855246e+00 -2.8881664453e-01  7.2804932229e-02  4.1588717883e+00 -9.7317463229e-01
ENERGY -3.060916418237e+02

JOB 15
COORDS -4.5783254889e-02  2.6771236404e+00  1.3823502233e+00  9.8629692560e-01  1.1011953225e+00 -2.1395105588e-01 -1.2979415727e+00  2.0833106654e+00 -6.5105269651e-01  2.0177062307e+00  3.9248119263e+00 -3.7160714185e-01  1.0305368841e-01  2.3535088483e+00 -7.2571451718e-02 -1.4433469278e-01  2.9903798636e+00  2.4991915356e+00  6.8573755763e-01  3.4857531071e+00 -8.0308750802e-01  1.1491060966e+00  9.0670697293e-01 -1.2779128390e+00  1.9541185398e+00  1.2270420241e+00  2.7580952803e-01  4.9084800836e-01  2.3787591443e-01  2.3740613682e-01 -1.1975365874e+00  1.8207615185e+00 -1.7074327726e+00 -1.9331081773e+00  2.9709359067e+00 -5.6886927966e-01 -1.7877745967e+00  1.2640863790e+00 -1.1868676209e-01  2.2631141470e+00  4.8469043694e+00 -9.0514374326e-01  2.0961458988e+00  4.1174790846e+00  7.0988618973e-01  2.7676149795e+00  3.1793291592e+00 -6.4801144151e-01  3.9957271400e-02  4.2703392030e+00 -7.4647555210e-01
ENERGY -3.060921493990e+02

JOB 16
COORDS -1.5542916153e-01  2.6716314111e+00  1.4134934077e+00  1.0129425393e+00  1.1584509699e+00 -1.6415863057e-01 -1.2865736826e+00  2.0635666772e+00 -6.7200178688e-01  2.0437640469e+00  3.8711330347e+00 -4.6064902200e-01  8.3229201841e-02  2.3749064843e+00 -3.4912656784e-02 -3.4361873682e-01  2.9713676032e+00  2.5226849080e+00  6.3614319153e-01  3.5536353771e+00 -7.1427274265e-01  1.2307627829e+00  9.9013596890e-01 -1.2229994926e+00  1.9517800402e+00  1.2984644009e+00  3.7517248005e-01  5.1995767246e-01  2.7124855454e-01  2.4050340877e-01 -1.1338414113e+00  1.8078749664e+00 -1.7236227137e+00 -1.9466594050e+00  2.9345175155e+00 -6.1754316536e-01 -1.7765839606e+00  1.2305704199e+00 -1.6043570104e-01  2.2657191107e+00  4.8326080847e+00 -9.3150245135e-01  2.3048120748e+00  3.9440849167e+00  6.0780660532e-01  2.6893384760e+00  3.1233194938e+00 -9.2714584138e-01  5.1477683075e-02  4.3600280267e+00 -5.1057523614e-01
ENERGY -3.060906348489e+02

JOB 17
COORDS -2.6433163342e-01  2.6427910146e+00  1.4463657947e+00  1.0301619780e+00  1.2001348213e+00 -1.0083112181e-01 -1.2633622412e+00  2.0575977913e+00 -7.0177822190e-01  2.0553282690e+00  3.8384502225e+00 -5.5751676147e-01  6.7152804111e-02  2.3910755088e+00  9.9443146660e-03 -5.3752153679e-01  2.9059364858e+00  2.5472156093e+00  6.1011950398e-01  3.6150597803e+00 -6.0305494997e-01  1.2770976602e+00  1.0327276589e+00 -1.1531969737e+00  1.9520790088e+00  1.3606926568e+00  4.6138402297e-01  5.4610379360e-01  3.0164459751e-01  2.8895377873e-01 -1.0508935395e+00  1.8337589212e+00 -1.7503727885e+00 -1.9446372659e+00  2.9121789387e+00 -6.6183935481e-01 -1.7574439834e+00  1.1996831131e+00 -2.3602173880e-01  2.2571860636e+00  4.8174927831e+00 -1.0009868558e+00  2.4910197530e+00  3.8285994087e+00  4.5527994214e-01  2.5739229095e+00  3.0940331833e+00 -1.1656921759e+00  1.0523891824e-01  4.4256870195e+00 -2.5801115052e-01
ENERGY -3.060875205280e+02

JOB 18
COORDS -3.6349315445e-01  2.6113889837e+00  1.4712777064e+00  1.0387277857e+00  1.2303611222e+00 -1.9990906818e-02 -1.2296143208e+00  2.0622272879e+00 -7.4332118627e-01  2.0451587748e+00  3.8160081091e+00 -6.6107328641e-01  5.0799790063e-02  2.4063950956e+00  5.3088889665e-02 -7.0297201174e-01  2.8261389203e+00  2.5640071223e+00  6.0207131973e-01  3.6694259865e+00 -4.8271473403e-01  1.3169543252e+00  1.0472401800e+00 -1.0613726807e+00  1.9425203845e+00  1.4153152396e+00  5.6380070875e-01  5.5944381027e-01  3.2882875246e-01  3.6846359990e-01 -9.5236576858e-01  1.8896011095e+00 -1.7867414571e+00 -1.9345100097e+00  2.8968181276e+00 -7.0840155006e-01 -1.7219933872e+00  1.1703268021e+00 -3.4286373987e-01  2.2283052201e+00  4.8144834651e+00 -1.0684902303e+00  2.6437165733e+00  3.7122583830e+00  2.5884157486e-01  2.4146941151e+00  3.0969797161e+00 -1.3957557251e+00  2.0977701563e-01  4.4637466247e+00  1.1087264041e-02
ENERGY -3.060840806979e+02

JOB 19
COORDS -4.4913276363e-01  2.5961403276e+00  1.4866424228e+00  1.0447333515e+00  1.2591607202e+00  8.2724063397e-02 -1.1809630054e+00  2.0694775976e+00 -7.9436656107e-01  1.9979070935e+00  3.7956202400e+00 -7.7841239480e-01  3.3920235645e-02  2.4245271974e+00  9.1983515841e-02 -8.3092659134e-01  2.7625228063e+00  2.5733986035e+00  5.9567272266e-01  3.7217184028e+00 -3.7046087204e-01  1.3987343686e+00  1.0784895556e+00 -9.3535348201e-01  1.9030686467e+00  1.4580082549e+00  7.2766189008e-01  5.5490763733e-01  3.4903039781e-01  4.3692115787e-01 -8.3250358358e-01  1.9431201239e+00 -1.8234789388e+00 -1.9097089112e+00  2.8829251865e+00 -7.7703858895e-01 -1.6669282949e+00  1.1466668023e+00 -4.6150977775e-01  2.1975017613e+00  4.8270450934e+00 -1.0833061881e+00  2.7302797462e+00  3.5251521583e+00 -1.5832101180e-03  2.1761945132e+00  3.1647443514e+00 -1.6533660990e+00  3.8446353533e-01  4.4531946894e+00  2.9938582835e-01
ENERGY -3.060820214858e+02

JOB 20
COORDS  8.4424973515e-01  1.5609852345e+00  1.4657169556e+00  4.4341643586e-01  1.3213383925e+00 -9.1651828757e-01 -1.1659605635e+00  2.6407379618e+00  5.2409857390e-01  1.5686252040e+00  3.9294790410e+00 -1.1757451335e+00  3.1658725491e-01  2.2877959476e+00  2.8632141624e-01  1.2742993107e+00  9.9308119927e-01  2.3854609595e+00  1.0963526561e+00  3.5521780141e+00  1.5785377473e-01  4.3314215340e-02  1.7876518512e+00 -1.8203658378e+00  1.4827458982e+00  1.0356574281e+00 -1.0958433597e+00 -1.3132972671e-01  4.1257779077e-01 -7.2118924472e-01 -1.5334179921e+00  3.2002649454e+00 -3.4163762937e-01 -1.2638321826e+00  3.2738081600e+00  1.4081105118e+00 -1.7785792902e+00  1.7428278462e+00  6.5109950029e-01  2.1090783114e+00  4.8756635038e+00 -1.0799681564e+00  2.2360131733e+00  3.2018260254e+00 -1.6613857854e+00  7.1928058053e-01  4.1124382975e+00 -1.8413181942e+00  1.8863774416e+00  3.5292322664e+00  7.9515130596e-01
ENERGY -3.060824920992e+02

JOB 21
COORDS  7.9226876475e-01  1.5510710796e+00  1.5211607985e+00  5.0588819485e-01  1.2702905540e+00 -8.7318754602e-01 -1.1224993547e+00  2.6884208364e+00  4.5565165647e-01  1.4573400598e+00  3.9867571248e+00 -1.1533410916e+00  3.5301465439e-01  2.2701474109e+00  3.0171376713e-01  1.1518561296e+00  9.7081693781e-01  2.4627008275e+00  1.1948369861e+00  3.4917382584e+00  2.0067274517e-01  1.4317418755e-01  1.7191038487e+00 -1.8015222876e+00  1.5500962531e+00  9.7482941721e-01 -1.0088401309e+00 -8.2639286412e-02  3.6970881636e-01 -6.7946781792e-01 -1.4299586220e+00  3.2453839466e+00 -4.3473922303e-01 -1.2398157950e+00  3.3361809026e+00  1.3262912841e+00 -1.7738948257e+00  1.8160445212e+00  5.6064817448e-01  2.0440726650e+00  4.9058364984e+00 -1.0671453634e+00  2.0028755537e+00  3.2898858219e+00 -1.8069512986e+00  5.1626055828e-01  4.2508220458e+00 -1.6462104453e+00  2.0843443386e+00  3.3205058847e+00  6.6240732020e-01
ENERGY -3.060844786065e+02

JOB 22
COORDS  7.4144394936e-01  1.5576853791e+00  1.5661970722e+00  5.5300662518e-01  1.2062264740e+00 -8.4156755391e-01 -1.0748789729e+00  2.7169227938e+00  3.8738076384e-01  1.3685862460e+00  4.0578358011e+00 -1.1114113244e+00  3.9017431703e-01  2.2433524153e+00  2.9825982680e-01  1.0252022747e+00  9.9325842287e-01  2.5423450069e+00  1.2874302086e+00  3.4186262652e+00  2.0515126704e-01  2.2760444393e-01  1.6375649845e+00 -1.7919427463e+00  1.5965194475e+00  8.9133218174e-01 -9.3750303276e-01 -5.6553795707e-02  3.2001429487e-01 -6.4506400902e-01 -1.3596057747e+00  3.2160635637e+00 -5.4311870860e-01 -1.1916700297e+00  3.4209899765e+00  1.2134641534e+00 -1.7479621432e+00  1.8686802676e+00  5.3755145073e-01  2.0319392240e+00  4.9231530008e+00 -1.0260411767e+00  1.7481517764e+00  3.4130557958e+00 -1.9186771159e+00  3.8540566248e-01  4.4337990986e+00 -1.4084656637e+00  2.2224270029e+00  3.1389831898e+00  4.9328315963e-01
ENERGY -3.060859565765e+02

JOB 23
COORDS  7.0815617106e-01  1.5753820399e+00  1.5982435157e+00  5.9879946863e-01  1.1284973887e+00 -8.0703782205e-01 -1.0279042345e+00  2.7254917444e+00  3.0911916350e-01  1.2792852032e+00  4.1443705661e+00 -1.0486214229e+00  4.2624875028e-01  2.2127022962e+00  2.8617809996e-01  9.3126016713e-01  1.0449270260e+00  2.6085622314e+00  1.3649544189e+00  3.3480972950e+00  1.7825529595e-01  3.6320054744e-01  1.5466946097e+00 -1.7894290443e+00  1.6268880999e+00  7.5412771772e-01 -8.2250063482e-01 -7.1181599825e-02  2.8282532803e-01 -6.2772558037e-01 -1.3048945166e+00  3.1185194892e+00 -6.7266314804e-01 -1.1366970529e+00  3.5172466865e+00  1.0537533769e+00 -1.7141144870e+00  1.9107122026e+00  5.5224692471e-01  2.0746402591e+00  4.8941130564e+00 -1.0184214904e+00  1.3857052235e+00  3.5739006231e+00 -1.9849450492e+00  3.2945345757e-01  4.6842964685e+00 -1.0820355942e+00  2.3134205860e+00  2.9956393674e+00  2.8686254733e-01
ENERGY -3.060863350903e+02

