JOB 0
COORDS -9.1062476069e-02 -3.1654639538e+00  8.6499251860e-01  5.1480865260e-01 -2.1156170134e+00  2.3210720024e-01  9.4329865411e-01 -8.1049616135e-01  8.5282577142e-01  2.6824601375e-02 -4.2955409751e+00 -2.4112218912e-02  2.5248366617e-01 -3.9974052174e+00 -1.2479449849e+00  1.9396461647e+00  2.5012257800e-01 -1.0402518886e+00  2.1728876563e+00 -2.5272617221e-01  2.7986686701e-01 -1.0107742996e-01 -2.2279085605e+00 -1.4191650182e+00 -1.4916995978e-01 -3.3651086034e+00  1.9303572526e+00  1.6770203146e-01 -4.6706572370e-02  7.4832238999e-01  1.1184682915e+00 -9.7408884071e-01  1.9221227048e+00  2.5539605645e+00  1.0495285185e+00 -1.1780020189e+00  2.1393799331e+00 -4.4472527476e-01 -1.7610799611e+00  2.9097475546e+00 -9.5957338811e-01  2.9119022743e-01
ENERGY -7.350067539898e+02

JOB 1
COORDS  4.6933785189e-02 -3.2109708814e+00  8.4365789266e-01  4.8395929340e-01 -2.0743125890e+00  2.0359420605e-01  8.9446991179e-01 -7.7020079843e-01  8.4115575230e-01 -3.2579244790e-02 -4.2958335254e+00 -3.0022657390e-02  2.2228559712e-02 -3.9848419683e+00 -1.2717156569e+00  1.9717555213e+00  2.1985762624e-01 -1.0439480855e+00  2.1413989399e+00 -2.0958357131e-01  3.1214465542e-01 -9.4556707277e-02 -2.2202605898e+00 -1.4270107953e+00  9.9923987682e-02 -3.4065330135e+00  1.9098272829e+00  1.2021307058e-01 -9.3254783169e-03  7.1444971968e-01  1.0353613016e+00 -9.3500118191e-01  1.9148693627e+00  2.5585768737e+00  1.0394736911e+00 -1.1829639178e+00  2.2540750929e+00 -4.9664191428e-01 -1.7143431621e+00  2.8904325705e+00 -8.9806477134e-01  3.9739203486e-01
ENERGY -7.350467383771e+02

JOB 2
COORDS  1.8278099429e-01 -3.2417667620e+00  8.2127381835e-01  4.3245400450e-01 -2.0408968790e+00  1.9402024728e-01  8.4511765975e-01 -7.3773328412e-01  8.3319412241e-01 -5.9369650733e-02 -4.2923735426e+00 -3.3438744999e-02 -1.6737787867e-01 -3.9603604102e+00 -1.2663570603e+00  2.0011135268e+00  1.7867133528e-01 -1.0426748164e+00  2.1112520688e+00 -1.8958701757e-01  3.3779051455e-01 -9.3572739296e-02 -2.2202632516e+00 -1.4363186097e+00  3.3264264689e-01 -3.4452849200e+00  1.8763503736e+00  7.9646747769e-02  2.7083697121e-02  6.8209121587e-01  9.5464998155e-01 -8.9666155213e-01  1.9111751078e+00  2.5717492216e+00  1.0088864599e+00 -1.1863064022e+00  2.3419785028e+00 -5.5522341377e-01 -1.6652373267e+00  2.8582592523e+00 -8.6948230677e-01  4.8470714251e-01
ENERGY -7.350697005459e+02

JOB 3
COORDS  3.4128798433e-01 -3.2534983403e+00  8.0007236514e-01  3.8171387409e-01 -2.0119640568e+00  2.0423754266e-01  8.0274637697e-01 -7.0554171455e-01  8.3374457254e-01 -4.1633551537e-02 -4.2810582997e+00 -2.4489490512e-02 -3.0713146865e-01 -3.9313262082e+00 -1.2283721380e+00  2.0348797955e+00  1.4299777967e-01 -1.0268600908e+00  2.0899889505e+00 -1.7966080141e-01  3.6863519582e-01 -8.7005438438e-02 -2.2161745956e+00 -1.4341643610e+00  5.7240897816e-01 -3.4678453161e+00  1.8377841872e+00  5.0910721266e-02  6.5475805403e-02  6.5035714646e-01  8.7870656407e-01 -8.4895368651e-01  1.9166539229e+00  2.6083933464e+00  9.7064749018e-01 -1.1739638729e+00  2.4062771217e+00 -6.0870688351e-01 -1.6094866554e+00  2.8254040098e+00 -8.5997782368e-01  5.6396418831e-01
ENERGY -7.350769850176e+02

JOB 4
COORDS  5.0998596434e-01 -3.2674330685e+00  7.9292421821e-01  3.2924046606e-01 -2.0192275009e+00  2.3934369860e-01  7.5610340641e-01 -6.9744725589e-01  8.3686916818e-01 -1.2572514975e-02 -4.2906107263e+00  2.8157201886e-02 -4.3889059859e-01 -3.9380783930e+00 -1.1303691007e+00  2.0507713681e+00  7.0735927423e-02 -1.0179834395e+00  2.0601540293e+00 -1.9671092819e-01  3.9018788511e-01 -9.4332934110e-02 -2.2522574327e+00 -1.4092144228e+00  8.1806164388e-01 -3.4835476232e+00  1.8100406961e+00  1.5805703065e-02  7.3634077545e-02  6.1211703375e-01  8.0296957333e-01 -8.0820226280e-01  1.9252963605e+00  2.6341537036e+00  8.8880882161e-01 -1.1792338429e+00  2.4368153036e+00 -7.0514387912e-01 -1.5580082487e+00  2.7843631685e+00 -8.7363325219e-01  6.3364138030e-01
ENERGY -7.350692753915e+02

JOB 5
COORDS  6.2917911464e-01 -3.2600453525e+00  7.0343357838e-01  2.8578200458e-01 -2.0093070528e+00  2.3842895229e-01  7.0918996808e-01 -6.8165921147e-01  8.2605698236e-01 -4.0088285288e-02 -4.2689795706e+00  1.1068672718e-02 -6.0119797001e-01 -3.8814095093e+00 -1.0772277599e+00  2.0720558810e+00  2.1064126426e-02 -1.0082536803e+00  2.0272640411e+00 -1.8869215774e-01  4.0914860621e-01 -7.1719249808e-02 -2.2345632020e+00 -1.4442551195e+00  1.0276773574e+00 -3.4894427791e+00  1.6870707551e+00 -2.5303412689e-02  8.5698635315e-02  5.7106802194e-01  7.2640489122e-01 -7.7599242604e-01  1.9171725642e+00  2.6365021762e+00  8.5055480742e-01 -1.1785569036e+00  2.5057481708e+00 -7.6300142185e-01 -1.4973911051e+00  2.7444131414e+00 -8.5127948386e-01  7.0624860005e-01
ENERGY -7.350457978266e+02

JOB 6
COORDS  7.7804881398e-01 -3.2342068728e+00  6.3804913542e-01  2.7310536870e-01 -2.0189598748e+00  2.5886180205e-01  6.6604611303e-01 -6.6966529356e-01  8.2307866719e-01 -7.2936098096e-02 -4.2316085679e+00  3.5160449514e-02 -7.6909646380e-01 -3.8092647322e+00 -9.5911253297e-01  2.0943806240e+00 -4.3050079554e-02 -9.9023720190e-01  1.9908031439e+00 -1.6965054662e-01  4.3423752750e-01 -5.3866340034e-02 -2.2375644518e+00 -1.4609405162e+00  1.2684804686e+00 -3.4975133083e+00  1.5707676638e+00 -7.2423494715e-02  7.8801567095e-02  5.2594561035e-01  6.5170309811e-01 -7.3543440073e-01  1.9166142981e+00  2.6523205636e+00  7.8515892894e-01 -1.1861445639e+00  2.5606499571e+00 -8.4721604318e-01 -1.4124249621e+00  2.7083242769e+00 -7.9681697807e-01  7.9983358980e-01
ENERGY -7.350051698470e+02

