JOB 0
COORDS  7.2453455300e+00 -2.5817556346e+00 -2.6448110839e-01  7.1885764096e+00 -1.5520494540e+00  6.8127001750e-01  6.1238941608e+00 -2.8521287131e+00 -1.0536504968e+00  6.0166355864e+00 -8.0743256397e-01  8.3614090392e-01  4.9526971279e+00 -2.1031719561e+00 -8.9677768007e-01  4.8809720254e+00 -1.0777060620e+00  5.6978690508e-02  2.3778257714e+00 -8.0302072360e-01 -4.0009904618e-01  7.4855265087e-01 -2.6563157140e+00 -2.3347953137e-01  3.6424113898e+00 -2.0834784727e-01  2.1465457069e-01  1.8665467837e+00 -1.8769647113e+00  2.7926343036e-01  1.8575587934e+00 -3.4742134929e-01 -1.4169723883e+00  8.1549705744e+00 -3.1639987362e+00 -3.8653120708e-01  8.0558756169e+00 -1.3287199067e+00  1.2975425317e+00  6.1602889161e+00 -3.6436559564e+00 -1.7980037772e+00  5.9814137682e+00 -7.9042353309e-03  1.5737527683e+00  4.0955450100e+00 -2.3135826896e+00 -1.5308392588e+00  1.6735437261e-01 -3.0610807591e+00  5.9958989572e-01  1.0838665526e+00 -3.4838411684e+00 -8.7191796659e-01  1.1553819210e-01 -1.9972091515e+00 -8.2824600327e-01  3.4722652264e+00  1.2181447724e-03  1.2770275272e+00  3.8019328443e+00  7.5154997938e-01 -2.8423248904e-01  2.4348113730e+00 -2.2801032562e+00  1.0131063782e+00
ENERGY -4.796606989472e+02

JOB 1
COORDS  7.1867987181e+00 -2.6336535306e+00 -1.8606798383e-01  7.0850193240e+00 -1.6569409922e+00  8.0931922360e-01  6.1366238625e+00 -2.8017049354e+00 -1.0949416918e+00  5.9391150780e+00 -8.6007848906e-01  8.9595931809e-01  4.9937821238e+00 -2.0023074512e+00 -1.0059703865e+00  4.8756638647e+00 -1.0264139892e+00 -3.1009784559e-03  2.3462609276e+00 -7.2924658872e-01 -3.8741682748e-01  8.3921061329e-01 -2.6699235854e+00 -1.1471686144e-01  3.6704216233e+00 -1.0603643427e-01  5.9688437668e-02  2.0158736234e+00 -1.8943060232e+00  2.5103734018e-01  1.6191543050e+00 -1.9534417987e-01 -1.2234000895e+00  8.0754366684e+00 -3.2556849481e+00 -2.5451454247e-01  7.8964316181e+00 -1.5147930288e+00  1.5186446716e+00  6.2091399262e+00 -3.5528600375e+00 -1.8774680382e+00  5.8686386061e+00 -1.0236138321e-01  1.6737785115e+00  4.1894366474e+00 -2.1343876964e+00 -1.7257139368e+00  4.4923222415e-01 -3.1865144116e+00  7.6666458230e-01  1.0618571251e+00 -3.4100813901e+00 -8.9403301779e-01  8.1148367481e-02 -1.9854352338e+00 -4.9641664354e-01  3.5462607108e+00  2.7706859908e-01  1.0788905193e+00  3.8258376364e+00  7.5908651064e-01 -5.9073062253e-01  2.7361721747e+00 -2.3462133810e+00  7.9989068802e-01
ENERGY -4.796618171716e+02

JOB 2
COORDS  7.1918418616e+00 -2.7120370900e+00 -8.3898601990e-02  7.0122575686e+00 -1.7751370510e+00  9.3739747095e-01  6.2431035462e+00 -2.8043371052e+00 -1.1092661591e+00  5.8891977441e+00 -9.4011879650e-01  9.3432309423e-01  5.1245957252e+00 -1.9681712771e+00 -1.1087312297e+00  4.9275204320e+00 -1.0289074933e+00 -8.1650069811e-02  2.3740613635e+00 -7.2383245497e-01 -3.9722656115e-01  9.4231454855e-01 -2.7080037754e+00 -3.4511847590e-02  3.7406101593e+00 -8.9096651523e-02 -1.1304510596e-01  2.1717717592e+00 -1.9543435432e+00  1.6240653394e-01  1.5091860735e+00 -1.2526996739e-01 -1.0353546763e+00  8.0625865471e+00 -3.3624663845e+00 -8.3798338784e-02  7.7448273585e+00 -1.6920275792e+00  1.7361981439e+00  6.3777025903e+00 -3.5252156348e+00 -1.9117674053e+00  5.7573602906e+00 -2.1346101678e-01  1.7332455467e+00  4.3962861717e+00 -2.0422567481e+00 -1.9133691030e+00  6.7779358782e-01 -3.2368289988e+00  8.8589019763e-01  1.0372243864e+00 -3.4363509428e+00 -8.4968198782e-01  1.4799629764e-01 -2.0054874569e+00 -2.8818131522e-01  3.6571761220e+00  4.4686255802e-01  8.3880917946e-01  3.8756903895e+00  6.7029175471e-01 -8.8832979453e-01  2.9710477020e+00 -2.4269229230e+00  5.6437081337e-01
ENERGY -4.796629705561e+02

JOB 3
COORDS  7.1638512976e+00 -2.7425350967e+00 -1.7031065815e-02  6.9029916770e+00 -1.8505698654e+00  1.0266911246e+00  6.3260327485e+00 -2.7558389452e+00 -1.1390098078e+00  5.8089282711e+00 -9.8083335244e-01  9.4994869183e-01  5.2363277573e+00 -1.8855915117e+00 -1.2112169378e+00  4.9581625972e+00 -9.8957107363e-01 -1.6406664223e-01  2.3895070196e+00 -6.7768833976e-01 -3.7940035895e-01  1.0135429124e+00 -2.6849256852e+00  5.5990446775e-02  3.7829707262e+00 -4.3447184716e-02 -2.5903788577e-01  2.2667723826e+00 -1.9467867285e+00  1.0793262439e-01  1.4445980052e+00 -3.8787911669e-02 -8.4093556696e-01  8.0129144391e+00 -3.4186355979e+00  3.9679241887e-02  7.5502748383e+00 -1.8286069896e+00  1.8997058691e+00  6.5251357534e+00 -3.4416971355e+00 -1.9585854383e+00  5.6123402920e+00 -2.8975185497e-01  1.7667906828e+00  4.5916192230e+00 -1.8990552299e+00 -2.0876432508e+00  8.9256450341e-01 -3.2770727405e+00  9.6782474781e-01  9.7213364734e-01 -3.3545302028e+00 -8.1205522324e-01  1.9606990408e-01 -1.9673641919e+00 -2.0564233882e-02  3.7491761360e+00  6.1439141094e-01  6.1567549649e-01  3.8802562734e+00  6.0912903463e-01 -1.1313404689e+00  3.1095645996e+00 -2.4336283814e+00  3.8367901071e-01
ENERGY -4.796639002116e+02

JOB 4
COORDS  7.1254923529e+00 -2.7699488999e+00  2.2932587657e-02  6.7581632405e+00 -1.9422771544e+00  1.0881111994e+00  6.4151930812e+00 -2.7005265491e+00 -1.1815167875e+00  5.6857416003e+00 -1.0542069743e+00  9.4877669131e-01  5.3455275970e+00 -1.8120980947e+00 -1.3162611013e+00  4.9637506186e+00 -9.7861048006e-01 -2.5118508646e-01  2.3888949415e+00 -6.7424512124e-01 -3.7047582233e-01  1.0620481052e+00 -2.6909715930e+00  1.5385927951e-01  3.7892969445e+00 -4.0862979558e-02 -3.9883280449e-01  2.3156135289e+00 -1.9536220312e+00  9.7609620567e-02  1.4028536334e+00 -2.3903135704e-02 -7.1539286693e-01  7.9591686404e+00 -3.4593604411e+00  1.2754578394e-01  7.3065334919e+00 -1.9849828296e+00  2.0257161449e+00  6.6976627328e+00 -3.3364598541e+00 -2.0166665160e+00  5.4043771724e+00 -4.1401373977e-01  1.7821366314e+00  4.7983021623e+00 -1.7624642992e+00 -2.2555213396e+00  1.0339118164e+00 -3.3078481525e+00  1.0568225543e+00  9.3095767004e-01 -3.3362945550e+00 -7.2353550188e-01  2.4257190184e-01 -1.9721016455e+00  1.8069016222e-01  3.7952384774e+00  7.1425183386e-01  3.9370233618e-01  3.8421932181e+00  5.0675547505e-01 -1.3439883097e+00  3.1818026441e+00 -2.4469196884e+00  2.7026278218e-01
ENERGY -4.796645419975e+02

JOB 5
COORDS  6.9186550790e+00 -2.6713591796e+00  1.0694945546e-01  6.3874068166e+00 -1.8351838051e+00  1.0946638791e+00  6.4177482292e+00 -2.6033091546e+00 -1.1978192292e+00  5.3607661862e+00 -9.4011321898e-01  7.7784567343e-01  5.3913038917e+00 -1.7067405895e+00 -1.5091270861e+00  4.8479376565e+00 -8.6350147714e-01 -5.2672015645e-01  2.2837726344e+00 -5.0151407532e-01 -7.0994068533e-01  9.0111295378e-01 -2.4587476034e+00 -1.2334955683e-01  3.7057718781e+00  6.7285475045e-02 -8.5350308121e-01  2.1858709927e+00 -1.8093205600e+00 -3.3934974050e-01  1.3047634352e+00  2.0793914255e-01 -9.3984058688e-01  7.7181516252e+00 -3.3661942210e+00  3.5031626614e-01  6.7736866698e+00 -1.8777306371e+00  2.1098706411e+00  6.8278546462e+00 -3.2460893778e+00 -1.9726350244e+00  4.9516061603e+00 -2.9264373435e-01  1.5506436313e+00  5.0045911610e+00 -1.6599723945e+00 -2.5249662731e+00  9.8083380224e-01 -3.5197360894e+00 -3.7503177882e-01  1.5882264424e-01 -1.9871295692e+00 -7.6865118235e-01  5.6578176915e-01 -2.3618959339e+00  9.1657901504e-01  3.7325496738e+00  9.5775556914e-01 -2.1861919810e-01  3.7762940920e+00  4.2602503056e-01 -1.8849003004e+00  3.0348802852e+00 -2.3046778542e+00 -1.0110533347e-01
ENERGY -4.796647932038e+02

JOB 6
COORDS  6.9265333846e+00 -2.6621718324e+00  1.3676645871e-01  6.2582450260e+00 -1.9104314710e+00  1.1104276925e+00  6.5628627601e+00 -2.5296270913e+00 -1.2068132785e+00  5.2340234075e+00 -1.0352481264e+00  7.4012075706e-01  5.5360797068e+00 -1.6522588746e+00 -1.5724039909e+00  4.8601519608e+00 -8.9182943393e-01 -6.0684680974e-01  2.2977646461e+00 -4.9111207593e-01 -6.9636482920e-01  8.9981610978e-01 -2.4153717994e+00 -4.3083343633e-02  3.7183696666e+00  1.8516058779e-02 -9.9044369214e-01  2.1813998422e+00 -1.8122681617e+00 -3.7940058121e-01  1.3317522932e+00  2.6542576909e-01 -7.9016445322e-01  7.7244697471e+00 -3.3422301453e+00  4.2319180519e-01  6.5365194401e+00 -2.0051784228e+00  2.1569878920e+00  7.0776272687e+00 -3.1074496317e+00 -1.9702158326e+00  4.7176333405e+00 -4.5441430841e-01  1.5017590502e+00  5.2554108876e+00 -1.5568750210e+00 -2.6191183397e+00  9.0573740168e-01 -3.4698460664e+00 -3.3179960939e-01  1.1384749737e-01 -1.8937108893e+00 -5.9065755903e-01  6.8212225740e-01 -2.3391759009e+00  1.0294510060e+00  3.7943710660e+00  9.8092125406e-01 -4.7627525400e-01  3.7425534144e+00  2.4100621993e-01 -2.0618719185e+00  3.0287944774e+00 -2.3428074748e+00 -2.2586941803e-01
ENERGY -4.796645939123e+02

JOB 7
COORDS  6.9734297147e+00 -2.6271643151e+00  1.5287397800e-01  6.1728158425e+00 -1.9846575126e+00  1.1054565753e+00  6.7195424112e+00 -2.4297030666e+00 -1.2070644260e+00  5.1281655229e+00 -1.1531176352e+00  6.9682327129e-01  5.6705446416e+00 -1.5956324944e+00 -1.6114740810e+00  4.8654426481e+00 -9.4216916769e-01 -6.6825300426e-01  2.3110181751e+00 -4.9356603470e-01 -6.4316519424e-01  8.7649031170e-01 -2.3722579540e+00  6.5727455625e-02  3.7133372972e+00 -6.2715008517e-02 -1.0976875500e+00  2.1455228973e+00 -1.8245147670e+00 -3.9111151630e-01  1.3920099403e+00  3.2155406124e-01 -5.7243759077e-01  7.7867280863e+00 -3.2748308072e+00  4.6955069226e-01  6.3634611774e+00 -2.1322652936e+00  2.1654689464e+00  7.3349633682e+00 -2.9244266817e+00 -1.9541407307e+00  4.5086864382e+00 -6.5841785949e-01  1.4421247367e+00  5.4757976488e+00 -1.4510672760e+00 -2.6719691940e+00  7.8198292903e-01 -3.4067521670e+00 -2.7513000600e-01  6.6211949112e-02 -1.7763449297e+00 -3.5622570976e-01  7.9033280566e-01 -2.3468818853e+00  1.1592002415e+00  3.8388838761e+00  9.5583847123e-01 -7.1931980105e-01  3.6771593669e+00  1.5653135983e-02 -2.1892714379e+00  2.9696565057e+00 -2.4103295343e+00 -3.6319882075e-01
ENERGY -4.796639018822e+02

JOB 8
COORDS  7.0414002625e+00 -2.5780328676e+00  1.7879304604e-01  6.1154823704e+00 -2.0506629186e+00  1.0867554103e+00  6.8903936980e+00 -2.3196669469e+00 -1.1863694536e+00  5.0494831212e+00 -1.2725349344e+00  6.3000663667e-01  5.8198777573e+00 -1.5403910504e+00 -1.6393448181e+00  4.8905646800e+00 -9.9978609883e-01 -7.3961845147e-01  2.3591978551e+00 -4.7779330467e-01 -6.3255532345e-01  8.4621526853e-01 -2.2736780764e+00  1.2798520211e-01  3.7332759589e+00 -1.5563882838e-01 -1.2318539283e+00  2.0853815157e+00 -1.8082419222e+00 -4.7848675965e-01  1.5453345657e+00  4.0731887546e-01 -3.7266794951e-01  7.8701712995e+00 -3.1853608687e+00  5.3310209711e-01  6.2238306846e+00 -2.2468851728e+00  2.1505033545e+00  7.6016338679e+00 -2.7270249921e+00 -1.9004083995e+00  4.3356389866e+00 -8.6611180249e-01  1.3431585492e+00  5.7066151224e+00 -1.3494229014e+00 -2.7044052222e+00  5.9542469956e-01 -3.2619160627e+00 -2.6667836330e-01  5.0214165303e-02 -1.5717928176e+00 -1.2314924738e-01  9.2187769820e-01 -2.3334503781e+00  1.2211599130e+00  3.9060491644e+00  9.0119831007e-01 -1.0093384883e+00  3.6442984993e+00 -2.3699225203e-01 -2.3206551695e+00  2.8535003352e+00 -2.4605633057e+00 -5.6962760687e-01
ENERGY -4.796628625785e+02

JOB 9
COORDS  7.0639108208e+00 -2.4995827429e+00  2.3910134072e-01  6.0204790481e+00 -2.1304072889e+00  1.0944262838e+00  6.9847903239e+00 -2.1808297754e+00 -1.1202007595e+00  4.9075022508e+00 -1.4488597921e+00  5.9388847166e-01  5.8688572939e+00 -1.5004879718e+00 -1.6171368963e+00  4.8198691976e+00 -1.1186140057e+00 -7.6780912911e-01  2.3057209049e+00 -6.1709566524e-01 -5.8834005918e-01  7.5440634567e-01 -2.3569441000e+00  2.2488491558e-01  3.6235805447e+00 -3.6638528249e-01 -1.3234833701e+00  1.9156141797e+00 -1.9291914752e+00 -5.4333981873e-01  1.6330172715e+00  2.9539395298e-01 -1.1190995734e-01  7.9281883627e+00 -3.0319999048e+00  6.2745901882e-01  6.0722793798e+00 -2.3734360771e+00  2.1527787371e+00  7.7879737747e+00 -2.4660923714e+00 -1.7949498850e+00  4.1063813845e+00 -1.1611422901e+00  1.2705004385e+00  5.8126371472e+00 -1.2621578010e+00 -2.6773798775e+00  3.5140659874e-01 -3.2778144829e+00 -2.0476869900e-01 -2.9956298568e-03 -1.5740908755e+00  1.7438444953e-01  1.0008955771e+00 -2.5311880847e+00  1.2802580853e+00  3.7959154115e+00  7.1207613234e-01 -1.2663716815e+00  3.4889755579e+00 -6.1544557957e-01 -2.3819497923e+00  2.6065624885e+00 -2.6267690251e+00 -7.8956077315e-01
ENERGY -4.796616585370e+02

JOB 10
COORDS  7.0695260472e+00 -2.3776268748e+00  2.6113662904e-01  5.9564878706e+00 -2.1469031026e+00  1.0741771273e+00  7.0277689222e+00 -1.9978789311e+00 -1.0851039276e+00  4.8094338019e+00 -1.5431072006e+00  5.4747725425e-01  5.8803851496e+00 -1.3966764155e+00 -1.6082004003e+00  4.7588194674e+00 -1.1563494739e+00 -7.9922126827e-01  2.2729620097e+00 -6.2145725494e-01 -5.4818934686e-01  5.9060101115e-01 -2.2117964585e+00  3.1608576620e-01  3.5295635347e+00 -4.9469636251e-01 -1.4049986797e+00  1.6945868337e+00 -1.8635962027e+00 -5.6797490706e-01  1.8152522449e+00  3.1663105685e-01  1.0174997715e-01  7.9596901657e+00 -2.8482487700e+00  6.7033979871e-01  5.9790635547e+00 -2.4350607795e+00  2.1222037510e+00  7.8865143133e+00 -2.1734763236e+00 -1.7282175377e+00  3.9581522595e+00 -1.3571721619e+00  1.1968162003e+00  5.8547817887e+00 -1.1090879904e+00 -2.6575874221e+00 -1.9463656411e-02 -2.9918122930e+00 -1.4720025107e-01 -2.0002787445e-02 -1.3218920178e+00  4.7177260153e-01  9.4358924120e-01 -2.5649450875e+00  1.2935305324e+00  3.7091718682e+00  5.7694970493e-01 -1.5292782601e+00  3.3436910025e+00 -9.1125850861e-01 -2.4015609357e+00  2.2243762391e+00 -2.6167905262e+00 -9.8777151127e-01
ENERGY -4.796606044695e+02

JOB 11
COORDS  7.1561852555e+00 -2.2939147443e+00  2.7557507578e-01  5.9884800567e+00 -2.2292789231e+00  1.0395255399e+00  7.1412445508e+00 -1.8248328554e+00 -1.0432724638e+00  4.8121757918e+00 -1.7034676497e+00  4.9216491632e-01  5.9660380216e+00 -1.3014828540e+00 -1.5861575447e+00  4.7870932788e+00 -1.2321869130e+00 -8.2674750041e-01  2.3118125230e+00 -6.6807966697e-01 -5.5341869193e-01  4.7592799204e-01 -2.0558899564e+00  3.5248233663e-01  3.5281878062e+00 -6.6878679060e-01 -1.4726861759e+00  1.5833009403e+00 -1.8282558435e+00 -5.6568650138e-01  2.0136120681e+00  2.9678440314e-01  1.4793470141e-01  8.0690109542e+00 -2.7018387710e+00  7.0184251184e-01  5.9903062420e+00 -2.5843141905e+00  2.0670767309e+00  8.0438268815e+00 -1.8669905623e+00 -1.6478432506e+00  3.9192580467e+00 -1.6438655472e+00  1.1078492183e+00  5.9627793748e+00 -9.3957717304e-01 -2.6127008912e+00 -2.5841764774e-01 -2.7185693435e+00 -1.1319425985e-01  8.2925931942e-03 -1.0954240051e+00  5.7135505824e-01  8.1155566408e-01 -2.5004718242e+00  1.2981136092e+00  3.7004695860e+00  3.7214859383e-01 -1.7604021486e+00  3.3110698415e+00 -1.2271521200e+00 -2.3911733140e+00  1.9655046631e+00 -2.6211385425e+00 -1.0640437013e+00
ENERGY -4.796597636575e+02

JOB 12
COORDS  7.0056120501e+00 -2.1568946827e+00 -7.5563090937e-01  6.0757971964e+00 -1.2595437714e+00 -1.2881925472e+00  6.6776889442e+00 -2.8862663636e+00  3.9263065178e-01  4.8264210994e+00 -1.0914350832e+00 -6.8127032443e-01  5.4286648400e+00 -2.7171878788e+00  9.9524069414e-01  4.4894193817e+00 -1.8154331283e+00  4.7111355365e-01  2.0907260256e+00 -9.4753319895e-01  3.1174384601e-01  6.5698649864e-01 -1.1484063705e+00 -1.6886301186e+00  3.1418936282e+00 -1.6573083894e+00  1.1606025876e+00  1.5581489834e+00 -1.7114680894e+00 -6.9257803178e-01  1.7463204202e+00  2.1516484569e-01  5.1607776243e-01  7.9750618376e+00 -2.2876377501e+00 -1.2293390083e+00  6.3219207981e+00 -6.8587264742e-01 -2.1782549155e+00  7.3914023879e+00 -3.5887384323e+00  8.1577735520e-01  4.1206770593e+00 -3.7880474883e-01 -1.0995971178e+00  5.1795575414e+00 -3.2918323237e+00  1.8853458729e+00  3.3822049220e-02 -1.9430378043e+00 -2.1068094303e+00  1.2015634384e+00 -6.5296778931e-01 -2.5027335434e+00  1.9888982594e-02 -4.0826382720e-01 -1.2031209763e+00  2.7706313110e+00 -2.6419469546e+00  1.4667438281e+00  3.2586352592e+00 -1.0574173125e+00  2.0676100410e+00  2.0058426142e+00 -2.5955996936e+00 -8.9677856379e-01
ENERGY -4.796605983701e+02

JOB 13
COORDS  6.9522963031e+00 -2.2338674610e+00 -8.1223707499e-01  6.1087736205e+00 -1.2123245639e+00 -1.2614100154e+00  6.5726237988e+00 -3.0042925724e+00  2.9120387491e-01  4.8957956920e+00 -9.6439757923e-01 -6.1280608069e-01  5.3576316738e+00 -2.7541560664e+00  9.3659408998e-01  4.5072160505e+00 -1.7278853573e+00  4.9969349404e-01  2.0770776457e+00 -9.0261121851e-01  3.4548079825e-01  7.8033578029e-01 -1.2458490674e+00 -1.7264899805e+00  3.1986744170e+00 -1.4617174330e+00  1.2231490743e+00  1.7460582235e+00 -1.6844874495e+00 -7.2859816143e-01  1.4939969889e+00  1.4724362244e-01  6.1047320295e-01  7.8942284840e+00 -2.4286052408e+00 -1.3183114408e+00  6.3948567957e+00 -6.0761578889e-01 -2.1183454459e+00  7.2182684794e+00 -3.8033917753e+00  6.4665319703e-01  4.2522967298e+00 -1.6302658146e-01 -9.6775447837e-01  5.0673283791e+00 -3.3626520887e+00  1.7907565048e+00  3.3792023176e-01 -2.1186948404e+00 -2.2135887606e+00  1.2396528097e+00 -6.0375096959e-01 -2.4891189198e+00 -3.5868848463e-03 -6.7616238848e-01 -1.2262630070e+00  2.8455904853e+00 -2.3826434166e+00  1.7002670748e+00  3.3499130205e+00 -7.2541581668e-01  2.0175046639e+00  2.3824430384e+00 -2.4319669555e+00 -9.7484452165e-01
ENERGY -4.796616579401e+02

JOB 14
COORDS  6.9219016764e+00 -2.3303359532e+00 -8.6855728913e-01  6.1715675875e+00 -1.2004424347e+00 -1.2153186274e+00  6.4932910913e+00 -3.1447347330e+00  1.8320844248e-01  5.0038129212e+00 -8.9039215687e-01 -5.1485028826e-01  5.3218721163e+00 -2.8310723127e+00  8.8167364482e-01  4.5663326858e+00 -1.6980662056e+00  5.4910523619e-01  2.0852593922e+00 -9.6736108274e-01  4.5942745284e-01  8.2687155543e-01 -1.4086811127e+00 -1.6168872887e+00  3.3003450599e+00 -1.3591655407e+00  1.3083436419e+00  1.9083371410e+00 -1.6938746352e+00 -6.8455786960e-01  1.2957266866e+00 -9.8394908964e-02  8.2674949541e-01  7.8297180037e+00 -2.5730968825e+00 -1.4146192907e+00  6.4964721501e+00 -5.6131567224e-01 -2.0324798498e+00  7.0664148662e+00 -4.0263540525e+00  4.5874752363e-01  4.4282225456e+00 -9.5833887059e-03 -7.9087815453e-01  4.9922011010e+00 -3.4740222059e+00  1.6950653421e+00  5.8423992536e-01 -2.3141213497e+00 -2.1791912629e+00  1.0921753650e+00 -6.1007422450e-01 -2.3211801979e+00 -4.9273192971e-02 -1.0889989471e+00 -1.0512983094e+00  3.0013083992e+00 -2.2041173352e+00  1.9381511439e+00  3.4701002302e+00 -5.1262141502e-01  1.9798317339e+00  2.6708851480e+00 -2.2831879042e+00 -9.9251516691e-01
ENERGY -4.796628616453e+02

JOB 15
COORDS  6.8278595040e+00 -2.3747025305e+00 -8.6535510024e-01  6.2306288867e+00 -1.1351970648e+00 -1.1265535478e+00  6.2895565369e+00 -3.2032400892e+00  1.2284680144e-01  5.1054837864e+00 -7.3282278948e-01 -4.0413841987e-01  5.1609355255e+00 -2.7958495896e+00  8.4396500065e-01  4.5574075194e+00 -1.5552636235e+00  5.9597191642e-01  2.0554338533e+00 -8.7548481679e-01  5.1719095549e-01  8.4051334175e-01 -1.3967776788e+00 -1.5645563457e+00  3.3216743306e+00 -1.1212801699e+00  1.3507759070e+00  1.9777526972e+00 -1.5466972076e+00 -6.6796497310e-01  1.1502850184e+00 -1.5658919361e-01  9.3928605678e-01  7.7034781815e+00 -2.6892810941e+00 -1.4271175145e+00  6.6423524110e+00 -4.8368180346e-01 -1.8932072714e+00  6.7450441807e+00 -4.1675847930e+00  3.3300005318e-01  4.6456800515e+00  2.3082343220e-01 -6.1367715400e-01  4.7452554331e+00 -3.4493052274e+00  1.6079429608e+00  7.4616870753e-01 -2.2936624591e+00 -2.1821369119e+00  9.4774243033e-01 -5.2209888890e-01 -2.2179689879e+00 -6.4963625364e-02 -1.2698314897e+00 -9.6936939493e-01  3.0554965583e+00 -1.8648770656e+00  2.1092681464e+00  3.5008023617e+00 -1.8486815388e-01  1.8868935152e+00  2.8020271567e+00 -2.0311228066e+00 -9.9784667494e-01
ENERGY -4.796638989493e+02

JOB 16
COORDS  6.7348722517e+00 -2.3741197635e+00 -8.9190829192e-01  6.2623512560e+00 -1.0700142278e+00 -1.0808706581e+00  6.0859465507e+00 -3.2180113672e+00  1.4638851440e-02  5.1488647446e+00 -6.1764423151e-01 -3.6835055669e-01  4.9709449732e+00 -2.7604073744e+00  7.2529094144e-01  4.4889382379e+00 -1.4553296291e+00  5.4677390895e-01  1.9538479370e+00 -9.1042882224e-01  4.5835947798e-01  8.0195808284e-01 -1.5275981331e+00 -1.6297357590e+00  3.2562535543e+00 -9.7321489926e-01  1.2730649371e+00  1.9603676330e+00 -1.5457854088e+00 -7.4771621220e-01  9.5935270004e-01 -3.4495913006e-01  9.1189062137e-01  7.6017845300e+00 -2.7271753631e+00 -1.4442120657e+00  6.7623636904e+00 -4.0610145566e-01 -1.7815246115e+00  6.4469766657e+00 -4.2315430505e+00  1.6970425281e-01  4.7857145341e+00  3.9680619865e-01 -5.2043693379e-01  4.4683864291e+00 -3.4237267537e+00  1.4259483450e+00  8.4541062812e-01 -2.3901451068e+00 -2.2994434608e+00  7.5975483500e-01 -6.0985370048e-01 -2.2290295430e+00 -1.0520484287e-01 -1.5826415961e+00 -1.0259344964e+00  3.0407488763e+00 -1.6097204300e+00  2.1370414884e+00  3.4025904951e+00  3.6961080810e-02  1.6662275020e+00  2.8408783315e+00 -1.8985819444e+00 -1.0986208281e+00
ENERGY -4.796645919611e+02

JOB 17
COORDS  6.7262219717e+00 -2.4001976588e+00 -8.5546817019e-01  6.3772260821e+00 -1.0507396993e+00 -9.7490475789e-01  5.9452593387e+00 -3.2473295204e+00 -6.1539589512e-02  5.2534084864e+00 -5.5512557949e-01 -3.0644364940e-01  4.8226949245e+00 -2.7468163309e+00  6.0465891068e-01  4.4603928052e+00 -1.3950547413e+00  4.9128211644e-01  1.9029624839e+00 -9.6665890163e-01  3.8175916108e-01  7.9873142480e-01 -1.6805840479e+00 -1.7018726302e+00  3.2196796936e+00 -8.6838176105e-01  1.1705191039e+00  1.9676678549e+00 -1.5615116929e+00 -8.4216715812e-01  8.5532299572e-01 -5.3488465700e-01  8.6223460044e-01  7.6005147851e+00 -2.7870525371e+00 -1.3723629822e+00  6.9809046920e+00 -3.8411307890e-01 -1.5855150389e+00  6.2117358897e+00 -4.2962311492e+00  4.0852004422e-02  4.9869992785e+00  4.9528124621e-01 -4.0394344453e-01  4.2183945208e+00 -3.4110615163e+00  1.2188914362e+00  9.3405878609e-01 -2.5268140329e+00 -2.3801281579e+00  6.3329626680e-01 -7.7108425978e-01 -2.2920902260e+00 -8.2946596312e-02 -1.8496481921e+00 -1.0815343945e+00  3.0379788347e+00 -1.3927127882e+00  2.1136741499e+00  3.3325014180e+00  1.8920823253e-01  1.4263385868e+00  2.8744289234e+00 -1.8319770071e+00 -1.1989011902e+00
ENERGY -4.796647932735e+02

JOB 18
COORDS  6.6690087763e+00 -2.3335270082e+00 -8.1912910015e-01  6.3818549539e+00 -9.6528790402e-01 -8.2526518509e-01  5.7082870314e+00 -3.2386215972e+00 -3.5233365900e-01  5.1405177573e+00 -5.0661324280e-01 -3.7035279392e-01  4.4707174336e+00 -2.7755692011e+00  1.0105180190e-01  4.1679614878e+00 -1.4032802772e+00  9.5435220824e-02  1.6309846278e+00 -1.1597281698e+00 -3.8669907797e-01  9.1829193521e-01 -1.7633275196e+00 -2.6685685742e+00  2.8162032850e+00 -9.1784217163e-01  5.6195996667e-01  1.9438438153e+00 -1.4751282017e+00 -1.6761368585e+00  4.7367644884e-01 -1.0249987894e+00  9.2518591833e-03  7.6330491292e+00 -2.6920307518e+00 -1.1703141906e+00  7.1234119985e+00 -2.5451548440e-01 -1.1809870282e+00  5.9252787767e+00 -4.3037203984e+00 -3.3865846572e-01  4.9233910347e+00  5.5934686843e-01 -3.7901471047e-01  3.7284979967e+00 -3.4838073275e+00  4.6385209400e-01  6.1191489335e-01 -2.8164459181e+00 -2.6452920214e+00  1.2999824250e+00 -1.5244728283e+00 -3.6646481200e+00  4.2715898853e-02 -1.1474942383e+00 -2.4585101510e+00  2.5348035240e+00 -1.3910546061e+00  1.5068677799e+00  2.8365064229e+00  1.5999908985e-01  7.5217031266e-01  2.9105949790e+00 -1.6740299395e+00 -1.8975147844e+00
ENERGY -4.796645393057e+02

JOB 19
COORDS  6.6903734966e+00 -2.3522687717e+00 -7.6453517321e-01  6.4865695512e+00 -9.7272317192e-01 -6.7276594922e-01  5.6429061815e+00 -3.2270460574e+00 -4.5077343161e-01  5.2419537683e+00 -4.7172607627e-01 -2.7384957178e-01  4.4032961822e+00 -2.7222561793e+00 -5.2461850799e-02  4.1829321387e+00 -1.3364412743e+00  3.5466599698e-02  1.6288887262e+00 -1.1625583207e+00 -3.9297522552e-01  8.4672111432e-01 -1.8384951474e+00 -2.6325291402e+00  2.8402887223e+00 -8.0233742353e-01  4.7946813466e-01  1.8966662752e+00 -1.4610884583e+00 -1.6971838767e+00  4.8692837444e-01 -1.1220995849e+00  6.3633236813e-02  7.6559717472e+00 -2.7438061010e+00 -1.0736472728e+00  7.2948545720e+00 -2.8538625940e-01 -9.0910224906e-01  5.7942802543e+00 -4.3017498325e+00 -5.1286082008e-01  5.0911619227e+00  6.0345743499e-01 -2.0531066642e-01  3.5950443249e+00 -3.4079216803e+00  1.9368466956e-01  6.2726388473e-01 -2.9125262747e+00 -2.5890791032e+00  1.1553301145e+00 -1.5784706477e+00 -3.6484234145e+00 -6.3302098882e-02 -1.2927542664e+00 -2.3794253577e+00  2.5922882349e+00 -1.1619069565e+00  1.4822108789e+00  2.8639479391e+00  2.9065961085e-01  5.4094807003e-01  2.8630577836e+00 -1.5808433302e+00 -1.9707469731e+00
ENERGY -4.796638937376e+02

JOB 20
COORDS  6.7311566921e+00 -2.3714580656e+00 -6.9273048245e-01  6.5926854202e+00 -9.9115735640e-01 -5.2365877632e-01  5.6172944543e+00 -3.2014133007e+00 -5.1787199068e-01  5.3485915595e+00 -4.4588365955e-01 -1.8663966985e-01  4.3779938596e+00 -2.6532294308e+00 -1.8040236919e-01  4.2241771048e+00 -1.2654924483e+00 -1.7629893330e-02  1.6614662617e+00 -1.1765402304e+00 -3.7325366401e-01  7.8800638918e-01 -1.8908247621e+00 -2.5673726932e+00  2.8903898077e+00 -6.8075154026e-01  3.9760189596e-01  1.8479912536e+00 -1.3748658423e+00 -1.7126881710e+00  5.7087708951e-01 -1.3205253595e+00  1.7749310634e-01  7.6958498115e+00 -2.7977043981e+00 -9.5532338601e-01  7.4514369657e+00 -3.3731543513e-01 -6.5276012430e-01  5.7161706394e+00 -4.2770439138e+00 -6.4040778409e-01  5.2503478365e+00  6.2987608865e-01 -5.7232954866e-02  3.5200740008e+00 -3.3071256933e+00 -3.9426231679e-02  7.4230070788e-01 -2.9870457292e+00 -2.5480277895e+00  9.5625707157e-01 -1.5587264745e+00 -3.5951549918e+00 -1.6789141869e-01 -1.5021278867e+00 -2.2140517906e+00  2.6859840767e+00 -9.0492934808e-01  1.4482674840e+00  2.9117511465e+00  4.1090678161e-01  3.0807110216e-01  2.7979241442e+00 -1.3821826221e+00 -2.0609656919e+00
ENERGY -4.796629673858e+02

JOB 21
COORDS  6.6363454982e+00 -2.4393745104e+00 -5.6725986164e-01  6.5498135993e+00 -1.0618390008e+00 -3.4390013004e-01  5.4696905257e+00 -3.2115263693e+00 -5.6616008323e-01  5.3046992045e+00 -4.6325670614e-01 -1.2681328626e-01  4.2276039982e+00 -2.6097065049e+00 -3.4733681852e-01  4.1274056269e+00 -1.2252978089e+00 -1.3371062966e-01  1.5806258754e+00 -1.2054514092e+00 -5.1374139742e-01  6.6192067395e-01 -1.9818187256e+00 -2.6696258914e+00  2.7921711730e+00 -5.7243611966e-01  1.7397283433e-01  1.6835086463e+00 -1.3152213792e+00 -1.8742040150e+00  5.7560619808e-01 -1.5459306679e+00  1.0809345722e-01  7.6024518595e+00 -2.9070242552e+00 -7.3818524908e-01  7.4501022484e+00 -4.5257919063e-01 -3.3869570921e-01  5.5270991039e+00 -4.2845512715e+00 -7.3098034260e-01  5.2467431925e+00  6.0948126027e-01  4.6327379856e-02  3.3291928222e+00 -3.2222487749e+00 -3.3664391454e-01  8.0815477444e-01 -3.0692295378e+00 -2.6991066343e+00  6.8228749299e-01 -1.5909306438e+00 -3.6902668641e+00 -3.1330111400e-01 -1.7794721977e+00 -2.2253615618e+00  2.5869940074e+00 -6.2734610299e-01  1.2466081192e+00  2.8262288860e+00  4.9003607874e-01 -9.2323198440e-02  2.5965846458e+00 -1.1737561232e+00 -2.2870681014e+00
ENERGY -4.796618187382e+02

JOB 22
COORDS  6.6587830088e+00 -2.4726423470e+00 -4.9282046634e-01  6.5895400650e+00 -1.1110398817e+00 -1.7700062228e-01  5.4783658939e+00 -3.2023137486e+00 -6.5789309033e-01  5.3465158513e+00 -4.8977528963e-01 -3.5061032991e-02  4.2352554033e+00 -2.5766909006e+00 -5.1307667676e-01  4.1543825837e+00 -1.2103045569e+00 -2.0935698821e-01  1.6210614385e+00 -1.2708659148e+00 -5.5080531323e-01  5.4987794605e-01 -2.0829265091e+00 -2.6206211501e+00  2.8207604692e+00 -5.1083462171e-01  8.2484862737e-03  1.5311887275e+00 -1.2665599786e+00 -1.9182689083e+00  7.9608511540e-01 -1.8320810327e+00  1.6783133062e-01  7.6239079580e+00 -2.9595861681e+00 -6.0546592180e-01  7.5012199256e+00 -5.3456368986e-01 -4.1247405634e-02  5.5221695430e+00 -4.2625637732e+00 -8.9419000880e-01  5.3000651362e+00  5.6950626124e-01  2.1048671277e-01  3.3264052489e+00 -3.1620400449e+00 -6.2517172441e-01  8.8178178218e-01 -3.1236190489e+00 -2.7287230476e+00  3.6806436178e-01 -1.6600215921e+00 -3.6118782828e+00 -3.7987931195e-01 -2.0778737188e+00 -2.0507139683e+00  2.6378291357e+00 -3.9500862071e-01  1.0800929264e+00  2.8570103147e+00  4.9449633353e-01 -4.2686239000e-01  2.3403012915e+00 -9.4652109991e-01 -2.4353551237e+00
ENERGY -4.796607006953e+02

JOB 23
COORDS  7.3208695164e+00 -2.5200528256e+00 -3.2762124730e-01  7.2852846826e+00 -1.4220932785e+00  5.3999747726e-01  6.1499468725e+00 -2.9153925631e+00 -9.7877799640e-01  6.0879447504e+00 -7.3602263941e-01  7.5338051448e-01  4.9511894386e+00 -2.2252146939e+00 -7.6336576036e-01  4.9036852797e+00 -1.1324503917e+00  1.1176797910e-01  2.4120718715e+00 -8.6954533178e-01 -3.8549100873e-01  6.3004065218e-01 -2.5896105294e+00 -3.6378657258e-01  3.6278949424e+00 -3.4098197702e-01  3.6771667648e-01  1.7314688818e+00 -1.8690767059e+00  2.5900397609e-01  2.0772443948e+00 -4.3563605820e-01 -1.4860770423e+00  8.2513564251e+00 -3.0556925497e+00 -4.9697457095e-01  8.1905525930e+00 -1.0988927617e+00  1.0478710773e+00  6.1673108384e+00 -3.7594831798e+00 -1.6636897744e+00  6.0706771476e+00  1.1847932729e-01  1.4274133880e+00  4.0564335329e+00 -2.5342989905e+00 -1.2960444363e+00 -1.3918558704e-01 -2.8145353979e+00  3.8063372286e-01  9.6513561211e-01 -3.5265138811e+00 -8.2658891659e-01  2.0558642596e-01 -1.9522360632e+00 -1.1398531364e+00  3.4254814101e+00 -3.1453029212e-01  1.4453131141e+00  3.7703146912e+00  6.9247368862e-01  4.0144303988e-02  2.1410053379e+00 -2.2517642343e+00  1.1010399088e+00
ENERGY -4.796597756706e+02

