JOB 0
COORDS -1.3919118785e+00  8.8870280096e-01  4.3691020579e-01 -3.0578034164e-01  1.4604073490e+00 -2.3932598703e-01 -1.3609259757e+00 -4.5752426700e-01  8.1238065135e-01  8.1617642361e-01  6.8779065022e-01 -5.4106533041e-01 -2.4109983667e-01 -1.2421951093e+00  5.1676134826e-01  8.3244726286e-01 -6.5450702823e-01 -1.5227617180e-01  5.2321155755e+00 -2.4350715323e+00  7.7352361327e-01  4.3290695902e+00 -2.3298808185e+00  2.0326708775e+00  4.8461790736e+00 -1.2183016311e+00 -9.4617530906e-02  3.4202227486e+00 -1.1047123722e+00  1.7716678287e+00  3.4667082572e+00 -8.4248923125e-01  3.1146839869e-01  2.0062629609e+00 -3.0156811221e+00 -3.9046986248e-02  2.5947956935e+00 -1.4878260259e+00 -1.9833212131e+00  2.2563593287e+00 -1.6634236777e+00 -5.6721019836e-01 -2.2635583878e+00  1.4951109069e+00  6.6864301315e-01 -3.3553017114e-01  2.5060406840e+00 -5.3300093430e-01 -2.2063741437e+00 -8.9933736315e-01  1.3324713657e+00  1.6665473049e+00  1.1110048396e+00 -1.0661412803e+00 -1.9189361637e-01 -2.2911533283e+00  7.9141596262e-01  6.2974777905e+00 -2.4238894199e+00  1.0197680790e+00  5.0225288344e+00 -3.3613597321e+00  2.3360497812e-01  3.7260385874e+00 -3.2324005846e+00  2.1442222803e+00  4.9105791570e+00 -2.1940447063e+00  2.9487329446e+00  4.8862736455e+00 -1.3956983637e+00 -1.1693616187e+00  5.4766852853e+00 -3.5186769730e-01  1.3086463524e-01  2.3921918426e+00 -1.2410860703e+00  2.1110798322e+00  3.8131448553e+00 -2.0620706087e-01  2.2582573180e+00
ENERGY -9.923062924474e+02

JOB 1
COORDS -1.3786869992e+00  9.9049179964e-01  2.9495500577e-01 -2.6957389929e-01  1.4669562239e+00 -4.1741657149e-01 -1.3876622627e+00 -3.1366628861e-01  7.9724471730e-01  8.3522332122e-01  6.4149357106e-01 -6.2668917182e-01 -2.8564603779e-01 -1.1514845044e+00  5.9264083584e-01  8.1112313580e-01 -6.5816176947e-01 -1.1334251943e-01  5.3779404050e+00 -2.3242666081e+00  7.1580987974e-01  4.5228334882e+00 -2.4771354161e+00  2.0047395020e+00  4.8007484057e+00 -1.0840576173e+00 -2.5458556863e-03  3.4807170702e+00 -1.3364611766e+00  1.9306460722e+00  3.4160189701e+00 -9.3219464823e-01  5.0678541061e-01  1.8939422720e+00 -3.0484009058e+00  1.7326417079e-01  2.6213926746e+00 -1.6194758013e+00 -1.8073909470e+00  2.2184478827e+00 -1.7330408186e+00 -4.0119045830e-01 -2.2367775176e+00  1.6380562451e+00  4.5471325120e-01 -2.6828306144e-01  2.4798124442e+00 -8.1068444789e-01 -2.2509751305e+00 -6.8287741445e-01  1.3439597447e+00  1.7015561081e+00  9.9174688098e-01 -1.1789405306e+00 -2.7101924100e-01 -2.1719904946e+00  9.6200558711e-01  6.4421279578e+00 -2.1974722082e+00  9.3315519483e-01  5.2714017392e+00 -3.2073417841e+00  8.0721850649e-02  4.0168170779e+00 -3.4441931321e+00  2.0143955626e+00  5.1251451646e+00 -2.3998875927e+00  2.9141484939e+00  4.7975629759e+00 -1.1538182870e+00 -1.0894102607e+00  5.3357268170e+00 -1.7277871420e-01  2.8505629624e-01  2.4954287495e+00 -1.6225998361e+00  2.3006024118e+00  3.8100808504e+00 -4.5573473255e-01  2.4915686928e+00
ENERGY -9.923057676199e+02

JOB 2
COORDS -1.3529535824e+00  1.0716007223e+00  1.6796977925e-01 -2.8528075205e-01  1.4180438875e+00 -6.7047864952e-01 -1.3451708091e+00 -1.4781180530e-01  8.5161552197e-01  7.9723544082e-01  5.5042335842e-01 -8.2189032038e-01 -2.6651015374e-01 -1.0265557769e+00  7.0605931866e-01  7.9254436952e-01 -6.6025923743e-01 -1.2460415133e-01  5.4808703097e+00 -2.1571185723e+00  6.7313082220e-01  4.6899616958e+00 -2.6128661586e+00  1.9313212071e+00  4.7215133419e+00 -9.1749266066e-01  1.4898575319e-01  3.5102153606e+00 -1.6196851280e+00  2.0444844307e+00  3.3492635295e+00 -1.0335795407e+00  6.9473659325e-01  1.7911663473e+00 -3.0724079666e+00  2.5335071245e-01  2.6788673893e+00 -1.6619828075e+00 -1.6844290548e+00  2.1897398285e+00 -1.7724786075e+00 -3.0524617958e-01 -2.1938738402e+00  1.7506742733e+00  2.8132360720e-01 -2.9913266406e-01  2.3615195302e+00 -1.2092558230e+00 -2.1794968151e+00 -4.2046445231e-01  1.4920528341e+00  1.6267978465e+00  7.9657154039e-01 -1.4772697766e+00 -2.4791365473e-01 -1.9874670097e+00  1.2103219457e+00  6.5236468287e+00 -1.9177628508e+00  8.9952355416e-01  5.4779355882e+00 -2.9432889018e+00 -8.6215144024e-02  4.3081233328e+00 -3.6271695198e+00  1.7972441010e+00  5.3040627101e+00 -2.6005408487e+00  2.8360932519e+00  4.6938515558e+00 -8.4041695741e-01 -9.3649434007e-01  5.1418404886e+00  8.3502946773e-03  5.5618533623e-01  2.5843672511e+00 -2.0861000325e+00  2.3797927495e+00  3.7459022277e+00 -7.9299722879e-01  2.7229097026e+00
ENERGY -9.923046070419e+02

JOB 3
COORDS -1.3163809653e+00  1.1470495972e+00  4.4565272662e-02 -2.9016628011e-01  1.3313911298e+00 -8.8915887234e-01 -1.2979960419e+00  4.1389235710e-02  9.0194762500e-01  7.6325978204e-01  4.1686297805e-01 -9.6468995493e-01 -2.5002162157e-01 -8.8069705357e-01  8.3577554939e-01  7.7046077261e-01 -6.7453395145e-01 -9.4009760296e-02  5.4983603468e+00 -1.9920057361e+00  6.2797155870e-01  4.8308394434e+00 -2.7429182369e+00  1.8135072989e+00  4.5778993460e+00 -7.8241619816e-01  3.5164345846e-01  3.5584804022e+00 -1.9277217225e+00  2.1384645094e+00  3.2570083198e+00 -1.1496319396e+00  9.1400617132e-01  1.6570728685e+00 -3.1086340203e+00  3.9665652088e-01  2.6986545476e+00 -1.7712178217e+00 -1.5206406064e+00  2.1348394656e+00 -1.8392043454e+00 -1.6659129908e-01 -2.1349781047e+00  1.8599438692e+00  9.7473579690e-02 -3.1311435149e-01  2.1829108283e+00 -1.5637051113e+00 -2.1024731564e+00 -1.0811143866e-01  1.6168535854e+00  1.5572506628e+00  5.3202381917e-01 -1.6957085941e+00 -2.2918908955e-01 -1.7561251531e+00  1.4770337953e+00  6.5177938112e+00 -1.6702659919e+00  8.5864459874e-01  5.5427442969e+00 -2.6323782453e+00 -2.5638709953e-01  4.5553590109e+00 -3.7584369700e+00  1.5193645802e+00  5.4880747347e+00 -2.8136781202e+00  2.6847198723e+00  4.4904498326e+00 -5.3432248559e-01 -7.0461942217e-01  4.9139578635e+00  1.0718391801e-01  8.9503399882e-01  2.7084934390e+00 -2.5462367469e+00  2.4214604965e+00  3.7433349986e+00 -1.2001463442e+00  2.9358912107e+00
ENERGY -9.923039624397e+02

JOB 4
COORDS -1.2364946166e+00  1.2385048444e+00 -1.0541640262e-01 -2.5411796119e-01  1.2374008485e+00 -1.1003672929e+00 -1.2182946142e+00  2.6856310202e-01  9.0506951125e-01  7.5667898187e-01  2.7081404725e-01 -1.0879067042e+00 -2.1389098914e-01 -7.0032790083e-01  9.2955438733e-01  7.6432703723e-01 -6.8035285815e-01 -6.7525583913e-02  5.4169691558e+00 -1.7760339852e+00  5.6475965278e-01  4.9237175635e+00 -2.8096822502e+00  1.6147829361e+00  4.3634089419e+00 -6.4751887803e-01  5.9703305431e-01  3.6086737550e+00 -2.2175023806e+00  2.1692118591e+00  3.1260619267e+00 -1.2595078244e+00  1.1418422764e+00  1.5008416844e+00 -3.1467241007e+00  5.2890978062e-01  2.7149376479e+00 -1.9110361618e+00 -1.3503358644e+00  2.0674925319e+00 -1.9136225207e+00 -3.0889190364e-02 -2.0218203846e+00  1.9896200412e+00 -1.2029701925e-01 -2.7669737598e-01  1.9826245302e+00 -1.8907458300e+00 -1.9896308735e+00  2.6413177735e-01  1.6703177772e+00  1.5168497343e+00  2.3781206924e-01 -1.8618990308e+00 -1.9284279095e-01 -1.4687618877e+00  1.6959019184e+00  6.4155891809e+00 -1.3925452719e+00  7.9176361088e-01  5.4452614196e+00 -2.2239486533e+00 -4.3074498965e-01  4.7287797176e+00 -3.7754353856e+00  1.1417827652e+00  5.6515851164e+00 -2.9719866952e+00  2.4146458847e+00  4.1797355908e+00 -1.9677325997e-01 -3.7755856825e-01  4.6484067059e+00  1.4608264997e-01  1.2957345290e+00  2.8448595381e+00 -2.9623452452e+00  2.3847804617e+00  3.7889358393e+00 -1.6286269687e+00  3.0746754539e+00
ENERGY -9.923043926804e+02

JOB 5
COORDS -1.1069158503e+00  1.2956779970e+00 -2.1826557543e-01 -2.1680413615e-01  1.0756822343e+00 -1.2730278524e+00 -1.0499897758e+00  4.9927921179e-01  9.3372681735e-01  7.3947727758e-01  5.8085760984e-02 -1.1825177368e+00 -1.0030544507e-01 -5.1733188067e-01  1.0358843562e+00  7.8499703246e-01 -7.2015067806e-01 -2.6249316953e-02  5.3067739284e+00 -1.5608294406e+00  6.1947612659e-01  4.9675501268e+00 -2.8365758880e+00  1.4379654197e+00  4.1159529885e+00 -6.0425620682e-01  8.6239616353e-01  3.6422351103e+00 -2.5052721441e+00  2.1558408051e+00  2.9901927302e+00 -1.4442103458e+00  1.3443693649e+00  1.3322625047e+00 -3.2387996759e+00  6.1907125311e-01  2.7136991880e+00 -2.0972223373e+00 -1.1927702648e+00  1.9934286037e+00 -2.0407952082e+00  8.9185193454e-02 -1.8492739209e+00  2.0859938954e+00 -2.9231727963e-01 -2.6700002896e-01  1.6899453092e+00 -2.1678369085e+00 -1.7472019765e+00  6.6987318083e-01  1.7493974693e+00  1.4343788471e+00 -1.4221714274e-01 -1.9919078437e+00 -4.4005958809e-02 -1.1469985792e+00  1.9181957813e+00  6.2467447776e+00 -1.1020868119e+00  9.3853795367e-01  5.3879693292e+00 -1.7973401784e+00 -4.4276264116e-01  4.8275808495e+00 -3.6919922411e+00  7.7219036716e-01  5.7528594744e+00 -3.0961799881e+00  2.1532837468e+00  3.8265895601e+00 -3.6295947390e-02 -2.2631745120e-02  4.3333450775e+00  1.0899617533e-01  1.6639418956e+00  2.9707408533e+00 -3.3543207968e+00  2.2754886510e+00  3.8229884351e+00 -2.0644796138e+00  3.1418943691e+00
ENERGY -9.923056903961e+02

JOB 6
COORDS -9.3138401754e-01  1.3580251585e+00 -2.7627397600e-01 -8.5307531022e-02  1.0012017908e+00 -1.3303731621e+00 -9.0375291834e-01  6.4074361582e-01  9.2725575795e-01  7.9740930729e-01 -7.4512855681e-02 -1.1864807872e+00 -2.8267969260e-02 -4.3459774901e-01  1.0823709231e+00  8.1526495820e-01 -7.7302809702e-01  2.0797601032e-02  5.1800488772e+00 -1.3373020233e+00  6.0607335374e-01  5.0592265172e+00 -2.7307709317e+00  1.2818415846e+00  3.8999140637e+00 -5.7730015783e-01  1.0264671768e+00  3.7440558332e+00 -2.6701029659e+00  2.0895888820e+00  2.9208249058e+00 -1.6040855659e+00  1.4610464469e+00  1.1891681872e+00 -3.3183215061e+00  7.5433267362e-01  2.6565609400e+00 -2.3215477538e+00 -1.0662694153e+00  1.9209282513e+00 -2.1739790526e+00  2.0146295542e-01 -1.6161495574e+00  2.1941368731e+00 -3.9125692891e-01 -1.1242237551e-01  1.5552113620e+00 -2.2646296171e+00 -1.5664868742e+00  9.1822320568e-01  1.7422727543e+00  1.4599454461e+00 -3.7850716603e-01 -1.9907080084e+00  5.6865383084e-03 -1.0046370822e+00  2.0053607455e+00  6.0761739124e+00 -7.9804675416e-01  9.2527958270e-01  5.2164682128e+00 -1.4439345016e+00 -4.7926983609e-01  4.9991896852e+00 -3.5156274412e+00  5.2437414453e-01  5.9102630982e+00 -2.9556436339e+00  1.9306279796e+00  3.4829827319e+00  5.1154121616e-02  2.3791022103e-01  4.0829017652e+00  6.1175071082e-02  1.8968046127e+00  3.1862702915e+00 -3.6061021336e+00  2.1203907740e+00  3.9243176000e+00 -2.3483364611e+00  3.1205527950e+00
ENERGY -9.923062778248e+02

JOB 7
COORDS -6.5937026734e-01  1.3467261879e+00 -4.3112714556e-01  1.6824831168e-01  8.7776169699e-01 -1.4563001718e+00 -6.8390658475e-01  7.0017369330e-01  8.1146358196e-01  9.8329528062e-01 -2.3876720236e-01 -1.2443222271e+00  1.2149782818e-01 -4.1787443149e-01  1.0339809111e+00  9.5115016752e-01 -8.6486506627e-01  1.9600194715e-03  5.1399768641e+00 -1.1261788797e+00  5.7887873049e-01  5.2369094447e+00 -2.5829675615e+00  1.1095761987e+00  3.8163951358e+00 -5.7747718877e-01  1.1618182558e+00  3.9635687798e+00 -2.7857806332e+00  1.9636071554e+00  2.9918179287e+00 -1.7582269021e+00  1.5104299574e+00  1.1697309050e+00 -3.3973388876e+00  8.6414228428e-01  2.7030352618e+00 -2.5727513562e+00 -9.8022305765e-01  1.9661656478e+00 -2.3192366041e+00  2.7175427344e-01 -1.2900951510e+00  2.2154863900e+00 -6.0023888394e-01  1.7953921766e-01  1.3776484995e+00 -2.4208935890e+00 -1.3334064959e+00  1.0636956244e+00  1.6029471893e+00  1.6334743589e+00 -6.2693977956e-01 -2.0218892517e+00  1.1224857784e-01 -9.3841155969e-01  1.9864451526e+00  5.9902969655e+00 -5.1152103863e-01  8.8694361482e-01  5.1001286612e+00 -1.1259796286e+00 -5.1207491784e-01  5.2467409435e+00 -3.2878286060e+00  2.7595710998e-01  6.1383783019e+00 -2.7510933951e+00  1.7053028944e+00  3.2821963348e+00  9.4549669220e-02  4.8985786773e-01  3.9892751663e+00 -3.8339862616e-02  2.0991658571e+00  3.5241394471e+00 -3.7815262523e+00  1.8911493276e+00  4.1560899316e+00 -2.5823358297e+00  3.0219426750e+00
ENERGY -9.923048705371e+02

JOB 8
COORDS -5.0575476390e-01  1.4126690187e+00 -4.9283670150e-01  3.5491486902e-01  8.8491070648e-01 -1.4612805655e+00 -6.4721540019e-01  7.8113265238e-01  7.4928752984e-01  1.0884971495e+00 -2.7413360235e-01 -1.1909396450e+00  7.5855484100e-02 -3.7986647941e-01  1.0297111495e+00  9.4304208783e-01 -8.8302672978e-01  5.6189554992e-02  4.9336745778e+00 -9.3897001628e-01  4.4941442516e-01  5.2539273076e+00 -2.4054016986e+00  8.4658452310e-01  3.6916871917e+00 -5.7358328060e-01  1.2893571392e+00  4.0830393143e+00 -2.8436622746e+00  1.7634693761e+00  2.9954124337e+00 -1.8511174950e+00  1.5623047126e+00  9.9851434841e-01 -3.3524944316e+00  1.0908473948e+00  2.5265607898e+00 -2.7876221593e+00 -8.4819924386e-01  1.8575441617e+00 -2.3856591023e+00  4.0390768803e-01 -1.0733884152e+00  2.3141117398e+00 -7.0800581765e-01  4.5315240068e-01  1.3715015135e+00 -2.4277207370e+00 -1.3250247046e+00  1.1882529223e+00  1.4944082337e+00  1.7577246548e+00 -7.1062265717e-01 -1.9253986345e+00 -2.9123378929e-02 -8.9402814407e-01  1.9800720122e+00  5.7660841950e+00 -2.5712779946e-01  6.4440079657e-01  4.6933909705e+00 -8.8238998142e-01 -6.1502161337e-01  5.3013716271e+00 -3.0395046749e+00 -4.0248192058e-02  6.2082074736e+00 -2.4885841968e+00  1.3742210504e+00  3.0311434368e+00  1.5285429790e-01  8.1875413047e-01  3.9813997023e+00 -1.7332407365e-01  2.2671362713e+00  3.7213496381e+00 -3.8538877010e+00  1.5659614171e+00  4.3602596549e+00 -2.7915419389e+00  2.8207937280e+00
ENERGY -9.923018326441e+02

JOB 9
COORDS -3.3245069844e-01  1.4271747979e+00 -5.8271051326e-01  5.7412736473e-01  8.2683462415e-01 -1.4635828515e+00 -6.1573159456e-01  8.3491843048e-01  6.5412814793e-01  1.2124057503e+00 -3.6418602200e-01 -1.1070001006e+00  1.2666327511e-02 -3.5746358226e-01  1.0203169363e+00  9.2932316864e-01 -9.3233780654e-01  1.3638376304e-01  4.7178580821e+00 -8.1159594505e-01  4.6573684331e-01  5.1620533859e+00 -2.2876035970e+00  6.5230974158e-01  3.5734101212e+00 -6.2509079205e-01  1.4826582665e+00  4.1350134859e+00 -2.8962211078e+00  1.6415063482e+00  2.9765621254e+00 -1.9662108184e+00  1.6705919545e+00  8.0464235012e-01 -3.2855374962e+00  1.3805396962e+00  2.3251387398e+00 -3.0367137731e+00 -6.2990589191e-01  1.7320515218e+00 -2.4689543576e+00  5.9559451252e-01 -8.2676394195e-01  2.3531629859e+00 -8.6425905253e-01  7.7948549306e-01  1.2806937410e+00 -2.4291405830e+00 -1.3310702737e+00  1.2968672222e+00  1.3288367384e+00  1.9071917793e+00 -8.5957216172e-01 -1.7775071934e+00 -2.0454397331e-01 -8.4385621240e-01  1.9662508453e+00  5.5302691082e+00 -1.0007160696e-01  6.3782083250e-01  4.3448458816e+00 -6.5118798643e-01 -5.4967501188e-01  5.1344774322e+00 -2.8217840461e+00 -2.9867341762e-01  6.1764281384e+00 -2.3613847011e+00  1.0541731387e+00  2.8296993254e+00  1.1426382225e-01  1.1923422821e+00  3.9654391355e+00 -3.3209153529e-01  2.4628780802e+00  3.8167652318e+00 -3.9038453636e+00  1.3724498255e+00  4.5303600498e+00 -2.9296040616e+00  2.6614701117e+00
ENERGY -9.922987855732e+02

JOB 10
COORDS -3.8972726810e-02  1.5747627295e+00 -6.6484624075e-01  8.6546295714e-01  9.0197087175e-01 -1.4944265114e+00 -3.9866089598e-01  1.0347396030e+00  5.7568184925e-01  1.4268038076e+00 -3.0900692560e-01 -1.0816320542e+00  1.5345127329e-01 -1.7701783642e-01  9.9798944695e-01  1.0707325806e+00 -8.2426947466e-01  1.6644884986e-01  4.7302045220e+00 -5.7151309702e-01  4.8067478571e-01  5.1898191554e+00 -2.0505136112e+00  3.6829525238e-01  3.6654092198e+00 -5.7970899895e-01  1.5995605980e+00  4.3217661457e+00 -2.8165082763e+00  1.3946044592e+00  3.1384156374e+00 -1.9614031482e+00  1.6604632063e+00  8.0892012873e-01 -3.0404425409e+00  1.5847116738e+00  2.2419009320e+00 -3.0997821185e+00 -5.0687612216e-01  1.7730451341e+00 -2.3896576499e+00  6.9636157476e-01 -4.7363711510e-01  2.5159476117e+00 -9.9081777809e-01  1.1267080516e+00  1.3142733741e+00 -2.4651247127e+00 -1.1139924260e+00  1.5514732330e+00  1.2094469882e+00  2.1103248921e+00 -8.6229338144e-01 -1.7177184290e+00 -1.2431246885e-01 -6.2618739011e-01  1.9464217603e+00  5.5528687482e+00  1.0755781875e-01  7.2134199884e-01  4.2880517576e+00 -2.3036189971e-01 -4.5933375143e-01  5.0066116496e+00 -2.4381395907e+00 -6.3559922486e-01  6.2544208264e+00 -2.1695684452e+00  5.8746688503e-01  2.8717895992e+00  1.5285729304e-01  1.4656581205e+00  4.1254828826e+00 -3.8978541938e-01  2.5753546647e+00  4.0193373003e+00 -3.8056573470e+00  1.0526618826e+00  4.8389667216e+00 -2.9294581886e+00  2.3530121598e+00
ENERGY -9.922968801900e+02

JOB 11
COORDS  6.2533162060e-02  1.4762069665e+00 -7.9555452529e-01  9.7352092244e-01  7.3005316592e-01 -1.5521997139e+00 -3.7240497490e-01  1.0084442953e+00  4.4993869689e-01  1.4648297729e+00 -4.8149260792e-01 -1.0600794125e+00  1.0945287114e-01 -2.0379300735e-01  9.5058727114e-01  1.0337977946e+00 -9.2563305191e-01  1.9186724747e-01  4.5769804509e+00 -5.0903869480e-01  6.2316270313e-01  4.9794667002e+00 -1.9422132510e+00  1.8735645625e-01  3.5533107907e+00 -7.1694031339e-01  1.7673586064e+00  4.2915205406e+00 -2.8661723513e+00  1.2109496345e+00  3.0976057555e+00 -2.1253050575e+00  1.6876082298e+00  6.7330331810e-01 -2.9690160161e+00  1.8004614667e+00  2.0096925848e+00 -3.3410996428e+00 -3.2800927707e-01  1.6514941712e+00 -2.4941781767e+00  8.2062568210e-01 -3.1807566301e-01  2.4177299877e+00 -1.1824194156e+00  1.2940420456e+00  1.0857024377e+00 -2.5275532511e+00 -1.0920786897e+00  1.5819620267e+00  1.0274998767e+00  2.1512442343e+00 -1.0885654292e+00 -1.6422312893e+00 -2.2682497978e-01 -5.9813851609e-01  1.9043422659e+00  5.4346010918e+00  7.1279625256e-02  9.7465966417e-01  4.1266054739e+00  4.3393425604e-02 -2.0522564352e-01  4.6004746120e+00 -2.1663819358e+00 -8.1295724813e-01  6.0629368937e+00 -2.0882405649e+00  1.7518633821e-01  2.7163108998e+00 -2.1114123089e-02  1.7408261161e+00  4.0356433034e+00 -6.0763351104e-01  2.7441217076e+00  4.0126084469e+00 -3.8374922300e+00  8.0652191349e-01  4.9215883555e+00 -3.0256736971e+00  2.0928773479e+00
ENERGY -9.922970137405e+02

JOB 12
COORDS  2.1190062136e-01  1.4691594956e+00 -9.3702333737e-01  1.0683683173e+00  6.2573919818e-01 -1.6541088146e+00 -2.3659267032e-01  1.1014182970e+00  3.3662853136e-01  1.4914394860e+00 -5.8152591303e-01 -1.0935253861e+00  1.7631081862e-01 -1.0668732753e-01  9.0482662949e-01  1.0492650042e+00 -9.2636835952e-01  1.8584657609e-01  4.4288964898e+00 -3.7404514379e-01  7.9368288900e-01  4.8653657322e+00 -1.7046907581e+00  1.2812627017e-01  3.4843329434e+00 -7.9726558276e-01  1.9461843185e+00  4.2726495045e+00 -2.8048151639e+00  1.0297448687e+00  3.0887997123e+00 -2.2031900368e+00  1.6899263117e+00  6.1682567903e-01 -2.7941843218e+00  1.9595244368e+00  1.8319959410e+00 -3.4438517969e+00 -1.8491594388e-01  1.5852937793e+00 -2.4902783047e+00  9.0487219165e-01 -1.1582596925e-01  2.4076745359e+00 -1.3760929407e+00  1.3995026081e+00  9.0289306359e-01 -2.6511491135e+00 -9.1522609941e-01  1.7493315497e+00  8.8447679175e-01  2.1349994676e+00 -1.2600376790e+00 -1.6448633268e+00 -1.7615989728e-01 -4.2473751595e-01  1.8808859250e+00  5.2814171747e+00  1.8823364157e-01  1.1842917399e+00  3.9095929530e+00  2.7092485166e-01  8.1356529921e-02  4.4498623850e+00 -1.7915355648e+00 -8.7963878381e-01  5.9516917100e+00 -1.7947876763e+00  4.4128383957e-02  2.6137113340e+00 -1.5199998363e-01  2.0591339874e+00  4.0137038437e+00 -7.9485428096e-01  2.9043302617e+00  3.9946222480e+00 -3.7121133156e+00  4.9715706300e-01  4.9650947287e+00 -3.0736635665e+00  1.8349831094e+00
ENERGY -9.922992167686e+02

JOB 13
COORDS  4.0621976910e-01  1.3446045736e+00 -1.0394704314e+00  1.1014961231e+00  3.5862472936e-01 -1.7493321265e+00  3.4187869426e-02  1.1252240959e+00  2.9165811533e-01  1.4447964149e+00 -8.4168782411e-01 -1.1235833978e+00  3.6714460945e-01 -7.5050764316e-02  9.2510048796e-01  1.0875274958e+00 -1.0369000219e+00  2.1312051241e-01  4.2511497541e+00 -3.0869619274e-01  1.0197088535e+00  4.7643930264e+00 -1.4955521402e+00  1.6268367463e-01  3.4455789255e+00 -9.6569529109e-01  2.1641367163e+00  4.2667644295e+00 -2.7600902385e+00  8.9634478136e-01  3.1091595462e+00 -2.3411548596e+00  1.7240139074e+00  6.3785711289e-01 -2.7243548962e+00  2.1498857200e+00  1.7097872480e+00 -3.6158396293e+00  5.1952290187e-03  1.5642281130e+00 -2.5734187704e+00  1.0268406118e+00  1.4149641396e-01  2.2783756143e+00 -1.5283414313e+00  1.3684851769e+00  5.2060948789e-01 -2.7900453517e+00 -5.2471668094e-01  1.8828097858e+00  8.3412687662e-01  1.9634656322e+00 -1.6276927645e+00 -1.6635791764e+00  6.1502562983e-02 -2.7879636268e-01  1.9464511032e+00  5.0695029270e+00  2.9435888765e-01  1.4219958728e+00  3.6147450580e+00  3.5322829129e-01  4.2825699420e-01  4.3453277822e+00 -1.4522444836e+00 -8.4590617612e-01  5.8530740333e+00 -1.4977520251e+00  6.2749002861e-02  2.5513896787e+00 -4.1299946581e-01  2.4521013334e+00  4.0604714884e+00 -1.0710991310e+00  3.0636961486e+00  3.9828388103e+00 -3.5798524304e+00  2.3889875581e-01  5.0225965691e+00 -3.1300737831e+00  1.5973411600e+00
ENERGY -9.923026995430e+02

JOB 14
COORDS  5.2459347790e-01  1.2853610152e+00 -1.1182882442e+00  1.1202359498e+00  2.2047228674e-01 -1.8050114541e+00  2.0125957674e-01  1.1568714225e+00  2.3706130966e-01  1.4128995335e+00 -9.6857893647e-01 -1.1341237717e+00  4.8732376507e-01 -2.9684539611e-02  9.1779926594e-01  1.1081948292e+00 -1.0724756374e+00  2.2618393979e-01  4.1877434126e+00 -2.3286754322e-01  1.1546676535e+00  4.7147900185e+00 -1.2684479824e+00  1.2628356929e-01  3.5071664426e+00 -1.0753796667e+00  2.2555049509e+00  4.2422751348e+00 -2.6446592736e+00  6.5568831052e-01  3.1667094676e+00 -2.3777332500e+00  1.6392926306e+00  7.4584342759e-01 -2.5991579341e+00  2.3205605791e+00  1.5817437993e+00 -3.6823744189e+00  1.5277731849e-01  1.5672932397e+00 -2.5732220223e+00  1.1098686062e+00  2.9914080280e-01  2.2097123258e+00 -1.6433987283e+00  1.3485807794e+00  3.1324951922e-01 -2.8632869226e+00 -2.8142500814e-01  1.9761275887e+00  7.6284244644e-01  1.8538713226e+00 -1.8128690477e+00 -1.6549736490e+00  2.2229821799e-01 -1.5949038650e-01  1.9621666768e+00  4.9895393979e+00  3.8118714697e-01  1.5732379318e+00  3.4664840712e+00  4.4112645697e-01  6.8709819009e-01  4.3003393212e+00 -1.0691435778e+00 -8.6463513877e-01  5.8038803862e+00 -1.2404774954e+00  3.4864062650e-02  2.6241756228e+00 -6.1056599418e-01  2.6953473277e+00  4.2023913341e+00 -1.2859958585e+00  3.0747538251e+00  3.8852105997e+00 -3.3295805980e+00 -1.1244759610e-01  5.0451530969e+00 -3.1483695984e+00  1.2037595133e+00
ENERGY -9.923059783371e+02

JOB 15
COORDS -1.2958365861e+00 -5.6339084068e-01  8.4942383930e-01 -4.3803544292e-01  5.4242408286e-01  8.7106545682e-01 -9.2464129444e-01 -1.7298815196e+00  1.7160752332e-01  8.0002335275e-01  4.8221576033e-01  2.2639333522e-01  3.1127991635e-01 -1.8019111000e+00 -4.7693005788e-01  1.1663015509e+00 -6.9645732937e-01 -4.3228887475e-01  4.0471982423e+00 -2.3793415836e+00  2.1455341846e+00  4.9672799607e+00 -1.1499428365e+00  2.0612096638e+00  3.5705699795e+00 -2.5979446365e+00  6.9620329256e-01  4.2729031815e+00 -2.8135686599e-01  1.0114439575e+00  3.8282426198e+00 -1.2932342566e+00  2.5638064357e-02  2.7367486339e+00 -1.9012571151e+00 -2.1594247954e+00  3.2110793839e+00  5.4977303137e-01 -1.5623846607e+00  2.7933460469e+00 -8.0378822635e-01 -1.1925256156e+00 -2.2597086130e+00 -5.1076650072e-01  1.3486886151e+00 -7.3738103202e-01  1.4552561105e+00  1.3788776511e+00 -1.6005345804e+00 -2.5800454661e+00  1.3804634788e-01  1.4621215339e+00  1.3419429286e+00  2.0280930395e-01  6.0507456351e-01 -2.6857187790e+00 -1.0342669049e+00  4.5473946029e+00 -3.2630003203e+00  2.5495892856e+00  3.1901147005e+00 -2.1558298618e+00  2.7892192320e+00  5.0786463207e+00 -6.3141470843e-01  3.0171409580e+00  5.9621936021e+00 -1.4358562146e+00  1.7053344651e+00  2.5117249469e+00 -2.8719223856e+00  6.6261402310e-01  4.1369733308e+00 -3.3750901344e+00  1.7730552361e-01  3.4224825311e+00  2.5245296331e-01  1.4607619718e+00  4.9256152671e+00  4.4424083419e-01  5.2623846760e-01
ENERGY -9.923080364187e+02

JOB 16
COORDS -1.3052606660e+00 -3.2450022361e-01  9.1347222093e-01 -4.5367058159e-01  7.8007921402e-01  7.9789671654e-01 -9.4606003839e-01 -1.5529965066e+00  3.4755501416e-01  7.6638839942e-01  6.5883894697e-01  1.2740054067e-01  2.7154502619e-01 -1.6863253032e+00 -3.2511096290e-01  1.1204980671e+00 -5.7879376580e-01 -4.1940283286e-01  4.1605780581e+00 -2.3592636901e+00  2.0760706638e+00  4.9103559024e+00 -1.0156004434e+00  2.0717607271e+00  3.7202979037e+00 -2.5540076189e+00  6.1236201634e-01  4.1037773405e+00 -1.7820480207e-01  1.0756175318e+00  3.7596681961e+00 -1.1805708621e+00  4.8277154457e-02  2.6653599293e+00 -1.9335341362e+00 -2.0784471616e+00  3.1515523400e+00  5.5329581169e-01 -1.6587206470e+00  2.7324546519e+00 -7.6985217648e-01 -1.1932081748e+00 -2.2549258670e+00 -2.2426449763e-01  1.4323022922e+00 -7.4310667123e-01  1.7385211683e+00  1.2202966504e+00 -1.6179347791e+00 -2.4040012364e+00  4.1955752194e-01  1.4259501178e+00  1.5116095940e+00  1.8935812726e-03  5.5265439070e-01 -2.6216524529e+00 -7.9864624844e-01  4.7729333275e+00 -3.1905802653e+00  2.4343253396e+00  3.2794854658e+00 -2.2880186518e+00  2.7223421759e+00  4.9590004170e+00 -5.4903983518e-01  3.0591646613e+00  5.9320511655e+00 -1.1466727119e+00  1.7012753055e+00  2.7195979899e+00 -2.9921385148e+00  5.4655616311e-01  4.4042062771e+00 -3.1901157006e+00  4.5063667634e-02  3.2039278185e+00  2.3273740796e-01  1.5577019874e+00  4.6659846605e+00  6.3970015774e-01  6.2341993088e-01
ENERGY -9.923084528298e+02

JOB 17
COORDS -1.3445567148e+00 -2.0993493969e-01  8.5943222081e-01 -4.8265207752e-01  8.7758859784e-01  6.7995395907e-01 -9.8878263662e-01 -1.4766428815e+00  3.8142526613e-01  7.4291282303e-01  7.0315836390e-01  3.0721557608e-02  2.3437961418e-01 -1.6636134777e+00 -2.6729800865e-01  1.0910860326e+00 -5.7014785157e-01 -4.2914881656e-01  4.2990452289e+00 -2.4396555299e+00  2.0208224992e+00  4.8987509668e+00 -1.0242398434e+00  2.0922882520e+00  3.8996370977e+00 -2.6027888835e+00  5.4386872077e-01  4.0005886099e+00 -2.1774670659e-01  1.1469431585e+00  3.6981125248e+00 -1.2052213071e+00  9.6973613061e-02  2.6390877678e+00 -2.0290747956e+00 -2.0107371489e+00  3.1434777043e+00  4.6898922995e-01 -1.6920722365e+00  2.7075097567e+00 -8.2932826063e-01 -1.1740077523e+00 -2.2984110361e+00 -6.8403790536e-02  1.3606795114e+00 -7.6745409353e-01  1.8638297551e+00  1.0363869528e+00 -1.6676184178e+00 -2.3162112028e+00  5.0447992838e-01  1.4128784776e+00  1.5394929943e+00 -1.4161393893e-01  5.1572155208e-01 -2.6323882944e+00 -6.6831563767e-01  4.9947474912e+00 -3.2170200172e+00  2.3470031621e+00  3.4073654992e+00 -2.4962811428e+00  2.6543057296e+00  4.9071142475e+00 -6.1233362598e-01  3.1048042484e+00  5.9257739384e+00 -1.0259113766e+00  1.7130570181e+00  2.9916509045e+00 -3.2000411548e+00  4.2225180125e-01  4.6895493292e+00 -3.0654498525e+00 -5.4729137017e-02  3.0851063623e+00  1.1037576678e-01  1.6614287748e+00  4.4920101804e+00  6.5531929938e-01  7.1364112102e-01
ENERGY -9.923073721855e+02

JOB 18
COORDS -1.4780134029e+00 -8.8296784294e-02  7.3188024549e-01 -5.9340208901e-01  9.8085767342e-01  5.5479200205e-01 -1.1214724993e+00 -1.3750058361e+00  3.1012143631e-01  6.5499906250e-01  7.6892371919e-01 -3.8069521854e-02  1.2446721085e-01 -1.5994741516e+00 -2.7997659190e-01  1.0015690503e+00 -5.2281165357e-01 -4.4199385250e-01  4.4748865245e+00 -2.4479706079e+00  1.9643094952e+00  4.9710446755e+00 -9.9322216883e-01  2.0429322163e+00  3.9807836395e+00 -2.5909436855e+00  5.1635172276e-01  3.9437287673e+00 -2.1845913258e-01  1.2043995267e+00  3.5485386229e+00 -1.2157019422e+00  1.9696584873e-01  2.5790144490e+00 -2.0357792010e+00 -1.9467507180e+00  3.1161208300e+00  4.5610305047e-01 -1.6440863835e+00  2.6389452286e+00 -8.2704599340e-01 -1.1209211231e+00 -2.4493899670e+00  8.2078322345e-02  1.1885467744e+00 -8.7749715601e-01  1.9816596549e+00  8.6868043396e-01 -1.8166681803e+00 -2.2011230653e+00  4.3298054112e-01  1.3450831297e+00  1.5893470598e+00 -2.0757175598e-01  4.1035229386e-01 -2.5856272485e+00 -6.3284403196e-01  5.2504950060e+00 -3.1788029079e+00  2.2076626373e+00  3.6390012131e+00 -2.5953016451e+00  2.6566771315e+00  5.0363053968e+00 -6.1698021465e-01  3.0671617037e+00  5.9608779723e+00 -9.0718824155e-01  1.5829235258e+00  3.1544426530e+00 -3.2996616699e+00  4.1842337347e-01  4.7802335758e+00 -2.9050100639e+00 -1.6294055842e-01  3.0786036475e+00  8.5353066721e-02  1.8109457743e+00  4.3624336948e+00  6.6812967422e-01  7.2323830538e-01
ENERGY -9.923060405636e+02

JOB 19
COORDS -1.6901207738e+00 -2.2896698858e-02  6.0128900966e-01 -7.6766545220e-01  1.0243620040e+00  5.0490029088e-01 -1.3368613881e+00 -1.3136327046e+00  1.8927659164e-01  5.1503428318e-01  7.8601890541e-01  2.4819469546e-03 -5.6984580250e-02 -1.5650981385e+00 -3.1018521804e-01  8.5524663016e-01 -5.0987485300e-01 -3.9132482764e-01  4.6922859797e+00 -2.4973356660e+00  1.8718403391e+00  5.1398709175e+00 -1.0261130355e+00  1.8976914397e+00  3.9522937068e+00 -2.6205411120e+00  5.3460758511e-01  3.9462114869e+00 -2.7278963511e-01  1.2881537903e+00  3.3228156282e+00 -1.2864600528e+00  4.0952317371e-01  2.4771923608e+00 -2.0383053765e+00 -1.8226732568e+00  3.0625076590e+00  4.3130179521e-01 -1.4628363147e+00  2.5216078711e+00 -8.4274333685e-01 -9.7514507314e-01 -2.6877280701e+00  1.6792706407e-01  9.8798392300e-01 -1.0482632294e+00  2.0285020353e+00  8.1108318292e-01 -2.0599677325e+00 -2.1224260901e+00  2.5056214963e-01  1.2366027011e+00  1.5898086029e+00 -1.0453833888e-01  2.3070598661e-01 -2.5547786196e+00 -6.5117628103e-01  5.5254254169e+00 -3.2015417373e+00  1.9435630074e+00  4.0028068573e+00 -2.6972579220e+00  2.6991152387e+00  5.3856746474e+00 -6.6864843193e-01  2.9010708476e+00  6.0224081266e+00 -8.9305525706e-01  1.2632537747e+00  3.1935766995e+00 -3.4062221748e+00  5.3204130847e-01  4.6451897265e+00 -2.8103478704e+00 -2.9262486389e-01  3.2297777601e+00  4.2483648267e-02  2.0570059806e+00  4.2499889245e+00  6.0423945837e-01  7.1273865162e-01
ENERGY -9.923056768269e+02

JOB 20
COORDS -1.6738173584e+00  9.4523284445e-02  6.0349678461e-01 -7.3956086112e-01  1.1155974205e+00  4.0408098298e-01 -1.3335755680e+00 -1.2365647379e+00  3.2973097100e-01  5.4254397325e-01  8.1281459783e-01 -6.5980412916e-02 -5.5646830845e-02 -1.5517583801e+00 -1.3510663618e-01  8.6760081190e-01 -5.1976627576e-01 -3.2283882942e-01  4.8095192111e+00 -2.5540794812e+00  1.8683380644e+00  5.0787043344e+00 -1.0472371124e+00  2.0135352528e+00  4.0880557502e+00 -2.6512367928e+00  5.2076953225e-01  3.8030072170e+00 -3.9398302235e-01  1.4550595053e+00  3.2598386188e+00 -1.4194765660e+00  5.2940189955e-01  2.4487659295e+00 -2.1258702241e+00 -1.7323388333e+00  3.1273842400e+00  3.1355584403e-01 -1.3818050171e+00  2.5223972447e+00 -9.3035234952e-01 -8.8637351105e-01 -2.6702507703e+00  3.3493196276e-01  9.6478043895e-01 -1.0090614006e+00  2.1487081578e+00  6.0581986727e-01 -2.0651906587e+00 -2.0269387823e+00  4.7367840151e-01  1.2765071608e+00  1.5911369541e+00 -2.4916461908e-01  2.2283965624e-01 -2.5753205751e+00 -3.6600998472e-01  5.7209944706e+00 -3.1574793258e+00  1.8872912871e+00  4.1504800552e+00 -2.9023015920e+00  2.6709132102e+00  5.2828018621e+00 -7.4213896486e-01  3.0432434124e+00  5.9389940869e+00 -7.6280781708e-01  1.3987160179e+00  3.4521447976e+00 -3.5328350775e+00  4.2523416464e-01  4.8029360190e+00 -2.6505558952e+00 -3.1051042389e-01  3.0676754978e+00 -1.9396692739e-01  2.2427085728e+00  4.0120746447e+00  5.3888472871e-01  9.2618006239e-01
ENERGY -9.923059047793e+02

JOB 21
COORDS -1.6560926735e+00  2.0351029442e-01  6.0679527317e-01 -7.4990261368e-01  1.1956645149e+00  2.2136754345e-01 -1.2998491146e+00 -1.1496105238e+00  5.2758477909e-01  5.2160915127e-01  8.4201044229e-01 -2.4311895465e-01 -3.4123262181e-02 -1.5140130798e+00  6.7091917896e-02  8.6158933233e-01 -5.0904825174e-01 -3.0897014249e-01  4.8837367700e+00 -2.5879848070e+00  1.7495982550e+00  4.9387962353e+00 -1.0862706152e+00  2.0744723317e+00  4.2132322807e+00 -2.6163716295e+00  3.7448873187e-01  3.6061602849e+00 -5.4085008758e-01  1.5284709738e+00  3.1887665845e+00 -1.5479828542e+00  5.1460813677e-01  2.3763876688e+00 -2.1451947492e+00 -1.7813275829e+00  3.1494379807e+00  2.4706344158e-01 -1.3750506257e+00  2.4898551111e+00 -9.7865051232e-01 -8.9986237574e-01 -2.6434225388e+00  4.8216837780e-01  9.6562567783e-01 -1.0312602946e+00  2.2436803433e+00  2.7665882542e-01 -2.0094042467e+00 -1.9183300547e+00  8.2121721226e-01  1.2398565059e+00  1.5916129702e+00 -5.5965355838e-01  2.5799091395e-01 -2.5568235296e+00 -8.6110255809e-03  5.8693823912e+00 -3.0607292796e+00  1.7343651111e+00  4.2603795413e+00 -3.1158643961e+00  2.4792683707e+00  5.0634537171e+00 -8.7970693654e-01  3.1405990597e+00  5.7746268667e+00 -6.2286768684e-01  1.5404313631e+00  3.7296813798e+00 -3.5638855770e+00  1.3426849356e-01  4.9380410677e+00 -2.3848500221e+00 -4.1620031588e-01  2.8354992505e+00 -4.8112898909e-01  2.3038578518e+00  3.7255921259e+00  4.4816894309e-01  1.0784351623e+00
ENERGY -9.923062941360e+02

JOB 22
COORDS -1.5487452768e+00  2.8634122318e-01  6.3936116682e-01 -6.4630465975e-01  1.2315455344e+00  1.4241503914e-01 -1.2034602741e+00 -1.0711992884e+00  6.7754740400e-01  6.1122980994e-01  8.2611583216e-01 -3.1690682697e-01  4.7305537472e-02 -1.4875465409e+00  2.1942542604e-01  9.3976511562e-01 -5.2847318296e-01 -2.6773755911e-01  5.0331223800e+00 -2.5227099408e+00  1.7556666105e+00  4.8399948071e+00 -1.0659179093e+00  2.2062640748e+00  4.4098754901e+00 -2.5287512025e+00  3.5995931957e-01  3.4599196756e+00 -6.7987216415e-01  1.6404847981e+00  3.2034473732e+00 -1.6772926027e+00  5.5676972250e-01  2.3983196406e+00 -2.2093564700e+00 -1.7681898908e+00  3.2608981427e+00  1.3809666205e-01 -1.3282181832e+00  2.5443626446e+00 -1.0626080541e+00 -8.6661940514e-01 -2.5245193935e+00  6.0551083836e-01  9.9603916434e-01 -9.1907749349e-01  2.2827549208e+00  1.0955941038e-01 -1.9095578153e+00 -1.8030929486e+00  1.0600922556e+00  1.3299788563e+00  1.5374524764e+00 -7.1116143365e-01  3.3246912440e-01 -2.5348369891e+00  2.3566995460e-01  6.0816681795e+00 -2.8315374859e+00  1.7376351934e+00  4.4842715723e+00 -3.2061843360e+00  2.4122295398e+00  4.8893484879e+00 -9.4048478605e-01  3.2909831530e+00  5.6140156723e+00 -4.3501325366e-01  1.7580697206e+00  4.1076115310e+00 -3.5159481861e+00  8.8711003047e-03  5.1010688927e+00 -2.0906464162e+00 -3.7194082827e-01  2.6647206886e+00 -7.6927862776e-01  2.3863803920e+00  3.4582751939e+00  3.4261764261e-01  1.2534049930e+00
ENERGY -9.923062172302e+02

JOB 23
COORDS -9.7020062120e-01  1.7819084766e-02  6.6887838059e-01 -1.7820074328e-02  8.5655313694e-01  8.0852224039e-02 -7.2065646564e-01 -1.3542622006e+00  8.0151092281e-01  1.1955346865e+00  3.2992109908e-01 -3.7284368926e-01  4.8514576163e-01 -1.8927057278e+00  3.4866419605e-01  1.4293620778e+00 -1.0374832281e+00 -2.2569731372e-01  5.5864626532e+00 -2.7436928836e+00  1.9592592343e+00  4.8834968569e+00 -1.5451323776e+00  2.6555579534e+00  5.0554779052e+00 -2.7309818935e+00  5.1772262512e-01  3.9241074796e+00 -9.6822940963e-01  1.5964140627e+00  3.7098066692e+00 -2.1198524896e+00  6.8413927984e-01  2.7472829858e+00 -2.9989789452e+00 -1.4907915350e+00  3.7170338222e+00 -6.5065500444e-01 -1.4862192216e+00  2.9801139523e+00 -1.7266507921e+00 -8.0265833246e-01 -1.9115364142e+00  4.3178682846e-01  1.0206128681e+00 -2.1845011540e-01  1.9188303917e+00 -2.7655060339e-02 -1.4665869164e+00 -2.0033665253e+00  1.2517437258e+00  1.9512029346e+00  9.5611862823e-01 -8.3631983990e-01  6.9517153988e-01 -2.9544526465e+00  4.3203734624e-01  6.6759310863e+00 -2.6594814743e+00  1.9762287886e+00  5.3172202570e+00 -3.6818225558e+00  2.4504141630e+00  4.3264973127e+00 -1.8828537340e+00  3.5326525061e+00  5.5922188154e+00 -7.8265253400e-01  2.9880874093e+00  4.9590834343e+00 -3.7219932076e+00  7.2970129482e-02  5.6896204799e+00 -2.1087791813e+00 -1.2873044238e-01  2.9709671718e+00 -6.3751252327e-01  2.0126024245e+00  4.3879795818e+00 -1.2753131624e-01  1.0624375849e+00
ENERGY -9.923051669715e+02

