JOB 0
COORDS -3.8065576362e+00 -5.1555342719e-01 -1.2721516037e+00 -3.9008863581e+00 -1.6076263224e+00 -4.5049046997e-01 -1.6611658108e+00 -6.9849589462e-01 -7.5914047084e-01 -5.8129820279e-02  2.5626252592e-01  1.1588590545e+00 -1.2744499685e-01  1.0283310447e+00 -1.6227378984e-01 -1.7096608646e-01 -4.1114337145e-01 -7.9719971078e-01  5.1166163573e-01 -7.1776614205e-01 -2.1118342272e+00 -2.5364811798e+00 -1.2130366248e-02 -1.4438649201e+00  4.5353057188e-01 -9.9126457299e-01  4.6264709929e-01 -2.5914854201e-01  4.6701291711e-01  2.3198139100e+00 -2.3343692097e+00 -2.0400222020e+00  1.4474366758e-01 -4.6412270941e+00 -3.3338487085e-02 -1.7692633321e+00 -4.7889903209e+00 -2.1490165729e+00 -1.5139376880e-01 -9.5313207905e-01  1.7169218003e+00 -3.3990107436e-01  8.3358783025e-01  1.5254947330e+00 -3.4348969490e-01  1.5532320116e+00 -3.7926012699e-01 -2.0908338772e+00 -6.7544337953e-03 -2.1294500550e-01 -2.9305979887e+00  4.9970713623e-01 -1.7950599221e+00 -2.3029710990e+00  1.3969781259e+00 -5.7794470096e-01  5.5480453826e-01
ENERGY -8.544775927753e+02

JOB 1
COORDS -3.7981617741e+00 -4.6699388790e-01 -1.2157722540e+00 -3.8928901941e+00 -1.5887467665e+00 -4.3465192088e-01 -1.6460135993e+00 -6.9408631384e-01 -7.4713156134e-01 -1.5715376749e-01  2.1921962903e-01  1.1359400243e+00 -1.3537235193e-01  1.0089923165e+00 -1.8113586172e-01 -1.4544661071e-01 -4.3710519701e-01 -8.1894997367e-01  5.1850035687e-01 -7.4251809917e-01 -2.1412752977e+00 -2.5251085476e+00  2.5237350206e-02 -1.3926186635e+00  5.0289939247e-01 -9.9717828179e-01  4.3888616937e-01 -4.7162798269e-01  3.9157279479e-01  2.2755689642e+00 -2.3225851793e+00 -2.0644869694e+00  1.1241708374e-01 -4.6350791291e+00  4.6458949186e-02 -1.6763936153e+00 -4.7835409969e+00 -2.1256407040e+00 -1.3501670251e-01 -9.4642320741e-01  1.7011926427e+00 -4.0288896369e-01  8.3809184271e-01  1.5009726875e+00 -3.0054623927e-01  1.5578588514e+00 -3.9833297015e-01 -2.1334523069e+00 -1.4270649936e-02 -2.4520584436e-01 -2.9554564427e+00  5.1141315528e-01 -1.8209537642e+00 -2.3262703006e+00  1.3396891206e+00 -4.1901092422e-01  6.4358901227e-01
ENERGY -8.544598504164e+02

JOB 2
COORDS -3.9373808686e+00 -9.2618882556e-01 -1.7672328950e+00 -3.9475919938e+00 -2.0383977656e+00 -9.7019214378e-01 -2.0082085285e+00 -5.7905989960e-01 -7.4156369102e-01  9.7129423999e-01  6.0786240664e-01  6.1542960900e-01 -1.6531564333e-01  1.4222379555e+00 -5.1923005520e-02 -6.7318139037e-01  1.8477915686e-02 -4.1766332683e-01  1.4826892445e-01 -3.9278011259e-01 -1.6926414512e+00 -2.8399843078e+00 -1.0242519140e-01 -1.6274230535e+00  7.2874644746e-02 -6.4026759975e-01  7.2726996367e-01  2.0876366996e+00  8.0504215938e-01  9.9299059559e-01 -2.5189107818e+00 -2.0764578734e+00  1.2881046456e-02 -4.7123755734e+00 -6.6180293203e-01 -2.4783918098e+00 -4.6916574389e+00 -2.8221995402e+00 -9.1491148769e-01 -7.6321778654e-01  1.9257647405e+00  7.1531672362e-01  8.8404545941e-02  2.1158147299e+00 -8.5493067432e-01  1.1989863613e+00 -9.3379541988e-02 -1.6137052350e+00 -2.9210182513e-01  8.7733258190e-02 -2.5688189663e+00  1.1637260931e-01 -1.4766074478e+00 -1.8247555850e+00 -1.9383551152e-01 -1.6744250179e-01  1.6153108327e+00
ENERGY -8.544571264775e+02

JOB 3
COORDS -3.9573536094e+00 -8.3873921694e-01 -1.6740905461e+00 -3.9378026070e+00 -1.9940334003e+00 -9.4105988525e-01 -1.9669963819e+00 -5.7231617635e-01 -7.4449398337e-01  9.2740936222e-01  6.6185767541e-01  6.9546011079e-01 -1.7457791672e-01  1.4202109687e+00 -7.4910024345e-02 -6.1163399550e-01 -2.1332773821e-03 -4.6778434107e-01  2.1941025982e-01 -4.0092038742e-01 -1.7238428509e+00 -2.8406218817e+00 -3.8220469654e-02 -1.5539344573e+00  1.2455409646e-01 -6.2665323539e-01  7.0518589050e-01  1.9926037805e+00  9.1855395731e-01  1.1768340507e+00 -2.4552211876e+00 -2.1056469020e+00 -4.7981810072e-02 -4.7695338031e+00 -5.2440198455e-01 -2.3204797049e+00 -4.6918005707e+00 -2.7679206007e+00 -8.8085451554e-01 -8.5485970107e-01  1.9073420339e+00  6.3163203093e-01  1.1733660614e-01  2.1178063995e+00 -8.6166294617e-01  1.2652759407e+00 -9.0610945030e-02 -1.6245153676e+00 -2.0997045806e-01  7.9138822315e-02 -2.6064386346e+00  1.9923053669e-01 -1.4846376644e+00 -1.8601857455e+00 -3.0437681022e-01 -2.7573071209e-01  1.5820270149e+00
ENERGY -8.544736604303e+02

JOB 4
COORDS -3.9407181511e+00 -7.8971426100e-01 -1.5594521828e+00 -3.8754702941e+00 -1.9898853760e+00 -9.0583758022e-01 -1.8908552215e+00 -5.7926853301e-01 -7.5063660893e-01  8.9332012613e-01  7.5496006083e-01  7.4238488410e-01 -1.6403231450e-01  1.4304530454e+00 -1.4795114824e-01 -5.2271302552e-01 -1.8550915682e-02 -5.2862671844e-01  3.1087819147e-01 -4.2288607306e-01 -1.7702648000e+00 -2.8158606111e+00  2.9706685677e-03 -1.4638846624e+00  2.1868361485e-01 -5.8011109426e-01  6.7331052549e-01  1.8726473238e+00  1.0952803547e+00  1.3443717409e+00 -2.3356910573e+00 -2.1575460311e+00 -1.2564940861e-01 -4.7947042600e+00 -4.3455645202e-01 -2.1258421724e+00 -4.6280768287e+00 -2.7646430834e+00 -8.3967093926e-01 -9.2145394368e-01  1.9139753708e+00  4.7748785829e-01  1.6520171676e-01  2.1130398358e+00 -9.3348874581e-01  1.3496309475e+00 -9.1661049579e-02 -1.6661961905e+00 -1.1989784501e-01  3.6048588794e-02 -2.6639882173e+00  3.1045649544e-01 -1.5089706984e+00 -1.8892796440e+00 -3.2393597253e-01 -3.8521809087e-01  1.5304253523e+00
ENERGY -8.544862024291e+02

JOB 5
COORDS -4.0120682046e+00 -1.2880724716e+00 -4.4951815447e-01 -4.0089290407e+00 -1.7287922771e+00 -1.7453984294e+00 -1.9351063164e+00 -6.9455016412e-01 -9.6363917304e-01  4.9384417024e-01  1.0024589888e+00  6.3552818811e-01 -3.3628422750e-01  1.4327111346e+00 -5.8135493058e-01 -5.7906811772e-01 -8.9134731115e-02 -7.5809078963e-01  4.3231218501e-01 -6.6491334571e-01 -1.7617067874e+00 -2.8429958130e+00 -7.0218134401e-01 -2.1229457262e-02 -3.6684956141e-02 -3.7087957925e-01  6.3371095652e-01  1.2598783967e+00  1.5386235032e+00  1.3912352408e+00 -2.4707086541e+00 -1.4078201732e+00 -2.4723647936e+00 -4.8486002340e+00 -1.3741848177e+00  2.3528258630e-01 -4.7999595559e+00 -2.2223316571e+00 -2.2946248790e+00 -1.2290564912e+00  1.9657041100e+00 -2.3981531720e-01  1.4963492133e-01  1.9836326128e+00 -1.3901645301e+00  1.4330563909e+00 -2.7691939228e-01 -1.5518332746e+00  1.7207581869e-01 -3.8130455552e-01 -2.7871705224e+00  4.7245626145e-01 -1.7542778378e+00 -1.6877725340e+00 -7.7825530951e-01 -2.0760321556e-01  1.3298621145e+00
ENERGY -8.544965030847e+02

JOB 6
COORDS -3.9589723995e+00 -1.3715408684e+00 -3.8954551160e-01 -4.0488971340e+00 -1.6165879331e+00 -1.7324136854e+00 -1.9168242121e+00 -7.0575431150e-01 -9.5290382375e-01  3.6965294118e-01  1.0425332139e+00  6.9224208363e-01 -3.2729266529e-01  1.4100581906e+00 -6.2328131291e-01 -5.4682939318e-01 -1.2257649772e-01 -7.6943358673e-01  4.4930950519e-01 -7.3021623717e-01 -1.7665734026e+00 -2.7568344757e+00 -8.5318433660e-01  3.8754271873e-02 -2.1315967153e-02 -3.5218347851e-01  6.3096530469e-01  9.6536489930e-01  1.6475766988e+00  1.5472611305e+00 -2.5594432214e+00 -1.1923053932e+00 -2.5095754555e+00 -4.7465770850e+00 -1.5583043710e+00  3.3213216551e-01 -4.8802975414e+00 -2.0248476169e+00 -2.2919380664e+00 -1.2481927245e+00  1.9599342792e+00 -4.0857088228e-01  2.4597820496e-01  1.9232551017e+00 -1.3990087376e+00  1.4550140701e+00 -3.5244153178e-01 -1.5627918043e+00  1.8939624919e-01 -4.6145224360e-01 -2.7963597958e+00  4.6978862621e-01 -1.8190941350e+00 -1.6760079245e+00 -7.7364831917e-01 -3.9517970899e-01  1.3279897797e+00
ENERGY -8.545053065755e+02

JOB 7
COORDS -3.9280575282e+00 -1.4324308929e+00 -3.1950860081e-01 -4.0977858321e+00 -1.5426024660e+00 -1.6717374697e+00 -1.9326896064e+00 -6.7479794738e-01 -9.3284248285e-01  1.9069010864e-01  1.1782993530e+00  6.9737459457e-01 -3.7865492289e-01  1.4549859761e+00 -6.9987817958e-01 -5.5644436847e-01 -9.1448415592e-02 -7.8544374270e-01  4.2867557867e-01 -7.3920854022e-01 -1.7661587394e+00 -2.7070343492e+00 -9.3786501489e-01  8.6931956890e-02 -4.1756796909e-02 -2.3115091352e-01  6.2325202825e-01  6.1255700226e-01  1.8575015894e+00  1.6019071338e+00 -2.6630735292e+00 -1.0153233609e+00 -2.4903078381e+00 -4.6672549927e+00 -1.7041464041e+00  4.2592793184e-01 -4.9578018941e+00 -1.9057755159e+00 -2.2189828015e+00 -1.3188728184e+00  2.0075862849e+00 -6.2650571666e-01  2.7484887531e-01  1.9239025765e+00 -1.4392343073e+00  1.4352867512e+00 -3.5335993999e-01 -1.5840667603e+00  1.5808197606e-01 -5.1435326915e-01 -2.8036791527e+00  4.4723214067e-01 -1.8242087968e+00 -1.6336821033e+00 -7.4834355178e-01 -4.6597021046e-01  1.3257798246e+00
ENERGY -8.545122146241e+02

JOB 8
COORDS -3.8698322390e+00 -1.5081454359e+00 -3.0647837401e-01 -4.1192192078e+00 -1.4195486769e+00 -1.6473662768e+00 -1.9104427372e+00 -6.6114831865e-01 -9.1714183734e-01  1.0067609138e-01  1.1990244303e+00  7.3159280172e-01 -3.3574295330e-01  1.4325314207e+00 -7.2271452577e-01 -5.1410844531e-01 -1.1786315863e-01 -7.7817302774e-01  4.5102370597e-01 -8.1678170180e-01 -1.7424119279e+00 -2.6233944673e+00 -1.0745828052e+00  9.6160881533e-02 -2.8224608479e-02 -2.0581389278e-01  6.3582879251e-01  3.8496980622e-01  1.9088356895e+00  1.6681919559e+00 -2.7319009050e+00 -7.7209588786e-01 -2.4634193862e+00 -4.5660922488e+00 -1.8860485515e+00  4.3397112910e-01 -5.0132597611e+00 -1.6976206278e+00 -2.1899330575e+00 -1.2665462888e+00  2.0014816119e+00 -7.7732654000e-01  4.0435075752e-01  1.8598707052e+00 -1.4032233060e+00  1.4684493874e+00 -4.5760364358e-01 -1.5660457679e+00  1.8523374654e-01 -6.0896201572e-01 -2.7844930180e+00  4.3345966345e-01 -1.8992452362e+00 -1.5877637034e+00 -6.5089533556e-01 -6.0366361302e-01  1.3408981370e+00
ENERGY -8.545173123600e+02

JOB 9
COORDS -3.8359148585e+00 -1.5685509510e+00 -2.7268304295e-01 -4.1527544747e+00 -1.3662536525e+00 -1.5865805425e+00 -1.9177686506e+00 -6.4458801946e-01 -8.9947751574e-01 -1.8969574232e-03  1.2644584519e+00  7.0980394594e-01 -3.5909836942e-01  1.4407739590e+00 -7.7669462833e-01 -5.1001922842e-01 -1.1695507996e-01 -7.8995368194e-01  4.3959353643e-01 -8.5128282826e-01 -1.7405553255e+00 -2.5740033736e+00 -1.1570368010e+00  1.0595015722e-01 -3.1137512062e-02 -1.3335230260e-01  6.2068270884e-01  1.8752853939e-01  2.0075825754e+00  1.6461524024e+00 -2.8137647147e+00 -6.2987414657e-01 -2.4087013090e+00 -4.4923424243e+00 -2.0164542789e+00  4.6512688720e-01 -5.0717233017e+00 -1.6037603495e+00 -2.1063201848e+00 -1.2848340764e+00  1.9999471779e+00 -9.2527020038e-01  4.2953203082e-01  1.8436159212e+00 -1.4163099748e+00  1.4599883571e+00 -4.8825918104e-01 -1.5910108617e+00  1.5742048338e-01 -6.8292650622e-01 -2.7850963012e+00  4.2076733218e-01 -1.9279465646e+00 -1.5475679739e+00 -5.1822862437e-01 -6.6755942227e-01  1.3393569084e+00
ENERGY -8.545204382904e+02

JOB 10
COORDS -3.8073795542e+00 -1.6269599123e+00 -2.6595450179e-01 -4.1844199892e+00 -1.2940132319e+00 -1.5367857131e+00 -1.9292355927e+00 -6.1393258255e-01 -8.7330330491e-01 -4.7515298027e-02  1.3321226590e+00  6.9645554605e-01 -3.7335621327e-01  1.4601498090e+00 -8.0561401473e-01 -5.1245196718e-01 -1.0119820936e-01 -7.7871529151e-01  4.2821436898e-01 -8.7082718419e-01 -1.7084214945e+00 -2.5335456591e+00 -1.2401450557e+00  9.8999176422e-02 -4.5607503054e-02 -5.5301145832e-02  6.2643786027e-01  1.1799532593e-01  2.1030777731e+00  1.6161575745e+00 -2.8914255398e+00 -4.5432127376e-01 -2.3331647018e+00 -4.4274628641e+00 -2.1560731827e+00  4.4925414267e-01 -5.1247352533e+00 -1.4857099044e+00 -2.0368854671e+00 -1.2942594105e+00  2.0109390565e+00 -1.0043133633e+00  4.3751812457e-01  1.8432627536e+00 -1.4290434867e+00  1.4510649899e+00 -5.0591811032e-01 -1.5806292304e+00  1.3577258453e-01 -7.4114659355e-01 -2.7553276965e+00  4.0642384629e-01 -1.9401006644e+00 -1.4769077189e+00 -3.5891250651e-01 -6.8323112708e-01  1.3631033918e+00
ENERGY -8.545216285294e+02

JOB 11
COORDS -3.8028904170e+00 -1.0878282378e+00 -1.6029642182e+00 -4.0382058599e+00 -1.4840712543e+00 -3.1464602847e-01 -1.7866463378e+00 -6.6053221350e-01 -7.9111707804e-01  4.8671381954e-01  5.1855535955e-01  1.1027082300e+00 -2.0856724414e-01  1.2552290404e+00 -5.9672493559e-02 -3.6556752907e-01 -1.6288482018e-01 -7.2351596995e-01  3.5175772898e-01 -3.4141929436e-01 -2.0592142477e+00 -2.5298835412e+00 -6.2679180045e-01 -1.8623322365e+00  3.8626225805e-01 -6.9293353833e-01  4.3961125328e-01  9.3978271076e-01  8.2474987761e-01  2.1840087969e+00 -2.6065236575e+00 -1.2762069691e+00  6.3947786627e-01 -4.5307883393e+00 -1.1191290010e+00 -2.4065330159e+00 -4.9474304177e+00 -1.8867033236e+00  1.1227257603e-01 -1.1437176329e+00  1.7398709512e+00  2.2464458446e-01  4.2489233204e-01  1.9519717444e+00 -6.1224765585e-01  1.3747497884e+00  3.6128346383e-02 -1.9772935513e+00 -1.7640046653e-01  1.9873283494e-01 -2.8476931180e+00  3.8755053468e-01 -1.3980711414e+00 -2.3404751632e+00  4.4263274932e-01 -1.6362398973e+00  8.1491726231e-01
ENERGY -8.545224821155e+02

JOB 12
COORDS -3.8040789437e+00 -1.0659816487e+00 -1.6150031797e+00 -4.0413034145e+00 -1.5136691147e+00 -3.4385139811e-01 -1.7840434633e+00 -6.9287275174e-01 -7.8767544704e-01  5.3129867176e-01  4.6571396169e-01  1.1157296777e+00 -1.9504743317e-01  1.2034444835e+00 -2.8775386704e-02 -3.5834886928e-01 -2.1242660763e-01 -6.9770497577e-01  3.7947536453e-01 -3.9382565034e-01 -2.0222479068e+00 -2.5265985995e+00 -6.0710681037e-01 -1.8565707085e+00  3.5849373683e-01 -7.4758171123e-01  4.7967378880e-01  1.0548416535e+00  7.7717423222e-01  2.1635447892e+00 -2.6063850183e+00 -1.3598160953e+00  6.1618277105e-01 -4.5331325679e+00 -1.0563013994e+00 -2.4181088839e+00 -4.9542727107e+00 -1.9248317482e+00  6.6710095372e-02 -1.1266968225e+00  1.6847075714e+00  2.7225947363e-01  4.2806720480e-01  1.9030468189e+00 -5.8930175410e-01  1.4019249168e+00 -1.7037998036e-02 -1.9283830776e+00 -1.3758833442e-01  1.4514237615e-01 -2.8188168119e+00  4.1724122862e-01 -1.4512177899e+00 -2.3013028308e+00  5.7248880454e-01 -1.6978919687e+00  7.6941110199e-01
ENERGY -8.545231532827e+02

JOB 13
COORDS -3.8019880587e+00 -1.0312132137e+00 -1.6227371152e+00 -4.0443319804e+00 -1.5192097006e+00 -3.6739611151e-01 -1.7781924514e+00 -7.1244604838e-01 -7.8306705438e-01  6.1730870140e-01  4.0852781254e-01  1.1023049123e+00 -1.5876297422e-01  1.1558294567e+00 -2.3854885326e-03 -3.4693734264e-01 -2.5517400840e-01 -6.7506463682e-01  4.0418036246e-01 -4.4184425940e-01 -1.9915484530e+00 -2.5188722260e+00 -5.7945149603e-01 -1.8485618866e+00  3.4122872177e-01 -8.0958731536e-01  5.1089665715e-01  1.2420649106e+00  7.1627484658e-01  2.0941148288e+00 -2.6070813626e+00 -1.4167991568e+00  5.9665256532e-01 -4.5307125929e+00 -9.8503452206e-01 -2.4249005717e+00 -4.9625563714e+00 -1.9328646265e+00  2.8789050059e-02 -1.0787726557e+00  1.6328174384e+00  3.3909811673e-01  4.4094700769e-01  1.8614019535e+00 -5.8033423241e-01  1.4287169579e+00 -7.1950833631e-02 -1.8900061355e+00 -1.0159009684e-01  1.0026169799e-01 -2.7932198646e+00  4.3680067140e-01 -1.4997240886e+00 -2.2701748227e+00  7.0333318817e-01 -1.7405091125e+00  6.9901812902e-01
ENERGY -8.545235654772e+02

JOB 14
COORDS -3.8142460413e+00 -9.9174247823e-01 -1.6293580746e+00 -4.0598085987e+00 -1.5287106012e+00 -3.9467534490e-01 -1.7893817501e+00 -7.2393456500e-01 -7.7630465647e-01  6.3829643052e-01  3.8108686789e-01  1.1011639850e+00 -1.6710366433e-01  1.1281782065e+00  2.0914824368e-02 -3.5551250588e-01 -2.8209043261e-01 -6.5115791329e-01  4.1472750458e-01 -4.7355262667e-01 -1.9552245650e+00 -2.5275409742e+00 -5.4081104488e-01 -1.8362606437e+00  3.0608233779e-01 -8.4930186395e-01  5.4992699548e-01  1.3277880574e+00  6.8939922723e-01  2.0480607584e+00 -2.6221544252e+00 -1.4770675198e+00  5.7319491216e-01 -4.5424482141e+00 -9.0688910296e-01 -2.4288479585e+00 -4.9815302585e+00 -1.9508276104e+00 -1.5865526549e-02 -1.0836828963e+00  1.5990868786e+00  3.7992540858e-01  4.1845994491e-01  1.8402826286e+00 -5.6347407496e-01  1.4384735410e+00 -1.0353657996e-01 -1.8432280343e+00 -7.9787201984e-02  6.6151511783e-02 -2.7654921112e+00  4.4983315779e-01 -1.5326166381e+00 -2.2296926497e+00  8.1936946832e-01 -1.7235974820e+00  6.3230885917e-01
ENERGY -8.545235910412e+02

JOB 15
COORDS -3.7885424489e+00 -9.1242174066e-01 -1.6237977451e+00 -4.0273524776e+00 -1.5236008343e+00 -4.2271771004e-01 -1.7509854771e+00 -7.2910302824e-01 -7.8031722205e-01  6.5668981014e-01  3.4209771542e-01  1.1138816533e+00 -1.3569023398e-01  1.0942745052e+00  3.3446359859e-02 -3.0991642247e-01 -3.1215437111e-01 -6.4855216533e-01  4.6864005766e-01 -5.0231871044e-01 -1.9454798884e+00 -2.4974134815e+00 -4.6797227835e-01 -1.8179429682e+00  3.2927344968e-01 -9.0118058263e-01  5.6326957972e-01  1.3554215167e+00  6.4524261167e-01  2.0545452960e+00 -2.5776156113e+00 -1.5539369551e+00  5.2849206929e-01 -4.5246980071e+00 -7.6565797083e-01 -2.4068857443e+00 -4.9511441674e+00 -1.9548210356e+00 -5.9471115171e-02 -1.0569414393e+00  1.5690304703e+00  3.7519086537e-01  4.6467575833e-01  1.8075428262e+00 -5.3476847615e-01  1.4923462841e+00 -1.3227650650e-01 -1.8296669422e+00 -2.1091733601e-02  3.9130421619e-02 -2.7575339051e+00  5.0448788191e-01 -1.5612666415e+00 -2.2208725568e+00  9.9044924850e-01 -1.6754395458e+00  5.5950855853e-01
ENERGY -8.545225678584e+02

JOB 16
COORDS -3.7889521803e+00 -8.5419174714e-01 -1.6310609775e+00 -4.0185405869e+00 -1.5443922968e+00 -4.7162549027e-01 -1.7454969993e+00 -7.2979509148e-01 -7.9229143869e-01  5.4939360602e-01  3.6275588884e-01  1.1520983446e+00 -1.7687087861e-01  1.0936073927e+00  1.8330672127e-02 -3.0143683393e-01 -3.2224303938e-01 -6.5267925015e-01  4.9603769445e-01 -5.2564552982e-01 -1.9331271460e+00 -2.4987471933e+00 -3.9859615644e-01 -1.8047887075e+00  3.0901573111e-01 -9.0677895472e-01  5.8545760975e-01  1.1799392573e+00  6.8458309019e-01  2.1325667447e+00 -2.5612999984e+00 -1.6392739877e+00  4.6407396742e-01 -4.5314144565e+00 -6.5324726367e-01 -2.3959753167e+00 -4.9408017852e+00 -1.9953762616e+00 -1.2908187955e-01 -1.1152523334e+00  1.5838852578e+00  2.8279128020e-01  4.6989694879e-01  1.7935348969e+00 -5.1582155070e-01  1.5158896004e+00 -1.4614510875e-01 -1.8107759508e+00  1.3978305986e-02  2.0544088106e-03 -2.7588330510e+00  5.4248187430e-01 -1.5883177625e+00 -2.1922462763e+00  1.1131220882e+00 -1.5321314196e+00  5.5241095331e-01
ENERGY -8.545198049588e+02

JOB 17
COORDS -3.8239687677e+00 -7.6003596039e-01 -1.5827523581e+00 -4.0260470874e+00 -1.5580749251e+00 -4.8909815447e-01 -1.7519860031e+00 -7.4913785736e-01 -8.0743797745e-01  4.4618771949e-01  2.7380499918e-01  1.1658866495e+00 -1.7148398161e-01  1.0257193859e+00 -1.2838008473e-02 -2.9264913195e-01 -3.8399213015e-01 -6.9396224824e-01  4.8233722238e-01 -6.0055694061e-01 -1.9833392528e+00 -2.5325120279e+00 -3.0798099916e-01 -1.7555042113e+00  3.0449383776e-01 -1.0006349520e+00  5.4279512604e-01  9.7056620856e-01  5.7584619582e-01  2.2111486133e+00 -2.5403487772e+00 -1.7650366932e+00  3.8125697190e-01 -4.5884972627e+00 -4.7195333143e-01 -2.2963530977e+00 -4.9451386094e+00 -2.0232218839e+00 -1.5719049238e-01 -1.0998246269e+00  1.5696528673e+00  1.6871314623e-01  5.5625715616e-01  1.6881115355e+00 -4.8998231963e-01  1.5110926725e+00 -2.3990312358e-01 -1.8764551931e+00 -3.9245898669e-04 -6.1053259780e-02 -2.8011725514e+00  5.0520891232e-01 -1.6636900337e+00 -2.2434513577e+00  1.2130315394e+00 -1.4617823578e+00  4.8745998057e-01
ENERGY -8.545150778120e+02

JOB 18
COORDS -3.8195161436e+00 -6.9912387451e-01 -1.5375585658e+00 -3.9862217873e+00 -1.5792987519e+00 -5.0228007521e-01 -1.7239345784e+00 -7.4159826746e-01 -8.3006244109e-01  3.3562703703e-01  2.8298988569e-01  1.1438904198e+00 -1.5257455366e-01  1.0264245198e+00 -9.6995050030e-02 -2.5598147462e-01 -3.9391006469e-01 -7.5581013640e-01  4.9363325079e-01 -6.4486668418e-01 -2.0515837134e+00 -2.5349267217e+00 -2.3103795535e-01 -1.7160008838e+00  3.3940430396e-01 -1.0048901189e+00  4.9016388562e-01  7.0325984421e-01  5.8541676256e-01  2.2515083983e+00 -2.4732494297e+00 -1.8478536940e+00  3.0083323853e-01 -4.6070024680e+00 -3.5742921749e-01 -2.2007316964e+00 -4.8951206153e+00 -2.0665025313e+00 -1.7394067093e-01 -1.0628923757e+00  1.6232237254e+00 -2.2737808109e-02  6.5536430590e-01  1.6370082626e+00 -5.1324115562e-01  1.5272116803e+00 -2.9005651288e-01 -1.9718935254e+00  2.0399199385e-03 -1.1844740732e-01 -2.8727954963e+00  5.0459915729e-01 -1.7138163556e+00 -2.2869144548e+00  1.3273630170e+00 -1.2633058298e+00  4.4457433226e-01
ENERGY -8.545085886327e+02

JOB 19
COORDS -3.8366895687e+00 -6.2437367755e-01 -1.4399270797e+00 -3.9628690647e+00 -1.5867409097e+00 -4.7400919547e-01 -1.7177567785e+00 -7.0648337482e-01 -8.0867795078e-01  1.8815455603e-01  3.2282830938e-01  1.1458209747e+00 -1.5358383219e-01  1.0592330676e+00 -1.4706382389e-01 -2.4306052820e-01 -3.7233292213e-01 -7.8059707213e-01  4.7520018287e-01 -6.5969309719e-01 -2.0846470442e+00 -2.5618576189e+00 -1.3356156573e-01 -1.6231706701e+00  3.5973716040e-01 -9.6962939556e-01  4.7301280770e-01  3.6245404616e-01  6.1588770713e-01  2.2990468213e+00 -2.4228137349e+00 -1.9056951021e+00  2.5379795186e-01 -4.6487590003e+00 -2.3437524847e-01 -2.0441138584e+00 -4.8585360865e+00 -2.1011316922e+00 -1.5079821689e-01 -1.0337787389e+00  1.7026104461e+00 -1.7887480921e-01  7.2685854956e-01  1.6147790255e+00 -4.9007186699e-01  1.5141894493e+00 -3.1472527804e-01 -2.0358660601e+00 -2.7456158500e-02 -1.4536091575e-01 -2.9070315420e+00  4.7108696250e-01 -1.7337290559e+00 -2.2948012855e+00  1.3843310181e+00 -1.0008741083e+00  4.4788834158e-01
ENERGY -8.545005546373e+02

JOB 20
COORDS -3.8301820966e+00 -5.4841151133e-01 -1.3512294489e+00 -3.9412113390e+00 -1.5934259313e+00 -4.7289836255e-01 -1.6998387270e+00 -6.8945025579e-01 -7.7049712179e-01  3.4673119637e-02  2.9597715918e-01  1.1871954781e+00 -1.4728243758e-01  1.0533941845e+00 -1.2805875245e-01 -2.1720977694e-01 -3.7868652535e-01 -7.6522977121e-01  4.8762230039e-01 -6.7947502724e-01 -2.0717650452e+00 -2.5580372293e+00 -4.5541551698e-02 -1.5146657035e+00  3.8291651397e-01 -9.7761545757e-01  4.9294788693e-01 -1.8496119382e-03  5.4590676213e-01  2.3598241417e+00 -2.3892891680e+00 -1.9795609540e+00  1.9193629980e-01 -4.6527861924e+00 -1.0244691941e-01 -1.8997696879e+00 -4.8333846270e+00 -2.1282744349e+00 -1.7414358394e-01 -9.9334266249e-01  1.7306742905e+00 -2.4754236813e-01  7.8850114870e-01  1.5688488725e+00 -3.7652156613e-01  1.5303013714e+00 -3.4498305945e-01 -2.0325408904e+00 -1.5542458570e-02 -1.6561643294e-01 -2.8943056873e+00  4.7274892290e-01 -1.7549479244e+00 -2.2730152714e+00  1.3930838420e+00 -7.8049468163e-01  5.2186414589e-01
ENERGY -8.544906393007e+02

